InternalEnergy
part
         1
hexa8
 2.50000e+00
 2.50000e+00
 2.50000e+00
 2.50000e+00
 2.50000e+00
 2.50000e+00
 2.50000e+00
 2.50000e+00
 2.50000e+00
 2.50000e+00
 2.50000e+00
 2.50000e+00
 2.50000e+00
 2.50000e+00
 2.50000e+00
 2.50000e+00
 2.50000e+00
 2.50000e+00
 2.50000e+00
 2.50000e+00
 2.50000e+00
 2.50000e+00
 2.50000e+00
 2.50000e+00
 2.50000e+00
 2.50000e+00
 2.50000e+00
 2.50000e+00
 2.50000e+00
 2.50000e+00
 2.49999e+00
 2.49994e+00
 2.49967e+00
 2.49843e+00
 2.49374e+00
 2.47985e+00
 2.44854e+00
 2.39555e+00
 2.32509e+00
 2.24389e+00
 2.15443e+00
 2.06323e+00
 1.98011e+00
 1.93029e+00
 1.93038e+00
 1.92317e+00
 1.91130e+00
 1.90476e+00
 1.90093e+00
 1.90088e+00
 1.89927e+00
 1.89770e+00
 1.89801e+00
 1.89857e+00
 1.89898e+00
 1.90097e+00
 1.91158e+00
 1.94623e+00
 2.03157e+00
 2.20857e+00
 2.53415e+00
 2.86128e+00
 3.04090e+00
 3.08896e+00
 3.07119e+00
 2.98450e+00
 2.82357e+00
 2.60724e+00
 2.40657e+00
 2.24587e+00
 2.13570e+00
 2.06244e+00
 2.02547e+00
 2.00948e+00
 2.00330e+00
 2.00110e+00
 2.00035e+00
 2.00011e+00
 2.00003e+00
 2.00001e+00
 2.00000e+00
 2.00000e+00
 2.00000e+00
 2.00000e+00
 2.00000e+00
 2.00000e+00
 2.00000e+00
 2.00000e+00
 2.00000e+00
 2.00000e+00
 2.00000e+00
 2.00000e+00
 2.00000e+00
 2.00000e+00
 2.00000e+00
 2.00000e+00
 2.00000e+00
 2.00000e+00
 2.00000e+00
 2.00000e+00
 2.50000e+00
 2.50000e+00
 2.50000e+00
 2.50000e+00
 2.50000e+00
 2.50000e+00
 2.50000e+00
 2.50000e+00
 2.50000e+00
 2.50000e+00
 2.50000e+00
 2.50000e+00
 2.50000e+00
 2.50000e+00
 2.50000e+00
 2.50000e+00
 2.50000e+00
 2.50000e+00
 2.50000e+00
 2.50000e+00
 2.50000e+00
 2.50000e+00
 2.50000e+00
 2.50000e+00
 2.50000e+00
 2.50000e+00
 2.50000e+00
 2.50000e+00
 2.50000e+00
 2.50000e+00
 2.49999e+00
 2.49994e+00
 2.49967e+00
 2.49843e+00
 2.49374e+00
 2.47985e+00
 2.44854e+00
 2.39555e+00
 2.32509e+00
 2.24389e+00
 2.15443e+00
 2.06323e+00
 1.98011e+00
 1.93029e+00
 1.93038e+00
 1.92317e+00
 1.91130e+00
 1.90476e+00
 1.90093e+00
 1.90088e+00
 1.89927e+00
 1.89770e+00
 1.89800e+00
 1.89857e+00
 1.89898e+00
 1.90097e+00
 1.91157e+00
 1.94620e+00
 2.03151e+00
 2.20845e+00
 2.53390e+00
 2.86084e+00
 3.04037e+00
 3.08838e+00
 3.07058e+00
 2.98391e+00
 2.82309e+00
 2.60702e+00
 2.40657e+00
 2.24593e+00
 2.13571e+00
 2.06244e+00
 2.02547e+00
 2.00948e+00
 2.00330e+00
 2.00110e+00
 2.00035e+00
 2.00011e+00
 2.00003e+00
 2.00001e+00
 2.00000e+00
 2.00000e+00
 2.00000e+00
 2.00000e+00
 2.00000e+00
 2.00000e+00
 2.00000e+00
 2.00000e+00
 2.00000e+00
 2.00000e+00
 2.00000e+00
 2.00000e+00
 2.00000e+00
 2.00000e+00
 2.00000e+00
 2.00000e+00
 2.00000e+00
 2.00000e+00
 2.00000e+00
 2.00000e+00
 2.50000e+00
 2.50000e+00
 2.50000e+00
 2.50000e+00
 2.50000e+00
 2.50000e+00
 2.50000e+00
 2.50000e+00
 2.50000e+00
 2.50000e+00
 2.50000e+00
 2.50000e+00
 2.50000e+00
 2.50000e+00
 2.50000e+00
 2.50000e+00
 2.50000e+00
 2.50000e+00
 2.50000e+00
 2.50000e+00
 2.50000e+00
 2.50000e+00
 2.50000e+00
 2.50000e+00
 2.50000e+00
 2.50000e+00
 2.50000e+00
 2.50000e+00
 2.50000e+00
 2.50000e+00
 2.49999e+00
 2.49994e+00
 2.49967e+00
 2.49843e+00
 2.49374e+00
 2.47985e+00
 2.44854e+00
 2.39555e+00
 2.32509e+00
 2.24389e+00
 2.15443e+00
 2.06323e+00
 1.98011e+00
 1.93029e+00
 1.93038e+00
 1.92318e+00
 1.91130e+00
 1.90476e+00
 1.90094e+00
 1.90089e+00
 1.89927e+00
 1.89770e+00
 1.89800e+00
 1.89856e+00
 1.89896e+00
 1.90093e+00
 1.91153e+00
 1.94615e+00
 2.03143e+00
 2.20831e+00
 2.53368e+00
 2.86057e+00
 3.04013e+00
 3.08815e+00
 3.07034e+00
 2.98370e+00
 2.82297e+00
 2.60707e+00
 2.40668e+00
 2.24600e+00
 2.13573e+00
 2.06245e+00
 2.02547e+00
 2.00948e+00
 2.00330e+00
 2.00110e+00
 2.00035e+00
 2.00011e+00
 2.00003e+00
 2.00001e+00
 2.00000e+00
 2.00000e+00
 2.00000e+00
 2.00000e+00
 2.00000e+00
 2.00000e+00
 2.00000e+00
 2.00000e+00
 2.00000e+00
 2.00000e+00
 2.00000e+00
 2.00000e+00
 2.00000e+00
 2.00000e+00
 2.00000e+00
 2.00000e+00
 2.00000e+00
 2.00000e+00
 2.00000e+00
 2.00000e+00
 2.50000e+00
 2.50000e+00
 2.50000e+00
 2.50000e+00
 2.50000e+00
 2.50000e+00
 2.50000e+00
 2.50000e+00
 2.50000e+00
 2.50000e+00
 2.50000e+00
 2.50000e+00
 2.50000e+00
 2.50000e+00
 2.50000e+00
 2.50000e+00
 2.50000e+00
 2.50000e+00
 2.50000e+00
 2.50000e+00
 2.50000e+00
 2.50000e+00
 2.50000e+00
 2.50000e+00
 2.50000e+00
 2.50000e+00
 2.50000e+00
 2.50000e+00
 2.50000e+00
 2.50000e+00
 2.49999e+00
 2.49994e+00
 2.49967e+00
 2.49843e+00
 2.49374e+00
 2.47985e+00
 2.44854e+00
 2.39555e+00
 2.32509e+00
 2.24389e+00
 2.15443e+00
 2.06323e+00
 1.98011e+00
 1.93029e+00
 1.93038e+00
 1.92318e+00
 1.91130e+00
 1.90477e+00
 1.90094e+00
 1.90089e+00
 1.89928e+00
 1.89771e+00
 1.89802e+00
 1.89858e+00
 1.89898e+00
 1.90096e+00
 1.91155e+00
 1.94616e+00
 2.03145e+00
 2.20834e+00
 2.53373e+00
 2.86070e+00
 3.04024e+00
 3.08824e+00
 3.07043e+00
 2.98380e+00
 2.82313e+00
 2.60727e+00
 2.40682e+00
 2.24608e+00
 2.13574e+00
 2.06245e+00
 2.02548e+00
 2.00948e+00
 2.00330e+00
 2.00110e+00
 2.00035e+00
 2.00011e+00
 2.00003e+00
 2.00001e+00
 2.00000e+00
 2.00000e+00
 2.00000e+00
 2.00000e+00
 2.00000e+00
 2.00000e+00
 2.00000e+00
 2.00000e+00
 2.00000e+00
 2.00000e+00
 2.00000e+00
 2.00000e+00
 2.00000e+00
 2.00000e+00
 2.00000e+00
 2.00000e+00
 2.00000e+00
 2.00000e+00
 2.00000e+00
 2.00000e+00
 2.50000e+00
 2.50000e+00
 2.50000e+00
 2.50000e+00
 2.50000e+00
 2.50000e+00
 2.50000e+00
 2.50000e+00
 2.50000e+00
 2.50000e+00
 2.50000e+00
 2.50000e+00
 2.50000e+00
 2.50000e+00
 2.50000e+00
 2.50000e+00
 2.50000e+00
 2.50000e+00
 2.50000e+00
 2.50000e+00
 2.50000e+00
 2.50000e+00
 2.50000e+00
 2.50000e+00
 2.50000e+00
 2.50000e+00
 2.50000e+00
 2.50000e+00
 2.50000e+00
 2.50000e+00
 2.49999e+00
 2.49994e+00
 2.49967e+00
 2.49843e+00
 2.49374e+00
 2.47985e+00
 2.44854e+00
 2.39555e+00
 2.32509e+00
 2.24389e+00
 2.15443e+00
 2.06323e+00
 1.98011e+00
 1.93029e+00
 1.93038e+00
 1.92318e+00
 1.91130e+00
 1.90477e+00
 1.90094e+00
 1.90089e+00
 1.89928e+00
 1.89772e+00
 1.89803e+00
 1.89859e+00
 1.89899e+00
 1.90096e+00
 1.91155e+00
 1.94617e+00
 2.03147e+00
 2.20838e+00
 2.53381e+00
 2.86087e+00
 3.04045e+00
 3.08848e+00
 3.07070e+00
 2.98409e+00
 2.82343e+00
 2.60750e+00
 2.40697e+00
 2.24616e+00
 2.13576e+00
 2.06245e+00
 2.02548e+00
 2.00948e+00
 2.00330e+00
 2.00110e+00
 2.00035e+00
 2.00011e+00
 2.00003e+00
 2.00001e+00
 2.00000e+00
 2.00000e+00
 2.00000e+00
 2.00000e+00
 2.00000e+00
 2.00000e+00
 2.00000e+00
 2.00000e+00
 2.00000e+00
 2.00000e+00
 2.00000e+00
 2.00000e+00
 2.00000e+00
 2.00000e+00
 2.00000e+00
 2.00000e+00
 2.00000e+00
 2.00000e+00
 2.00000e+00
 2.00000e+00
 2.50000e+00
 2.50000e+00
 2.50000e+00
 2.50000e+00
 2.50000e+00
 2.50000e+00
 2.50000e+00
 2.50000e+00
 2.50000e+00
 2.50000e+00
 2.50000e+00
 2.50000e+00
 2.50000e+00
 2.50000e+00
 2.50000e+00
 2.50000e+00
 2.50000e+00
 2.50000e+00
 2.50000e+00
 2.50000e+00
 2.50000e+00
 2.50000e+00
 2.50000e+00
 2.50000e+00
 2.50000e+00
 2.50000e+00
 2.50000e+00
 2.50000e+00
 2.50000e+00
 2.50000e+00
 2.49999e+00
 2.49994e+00
 2.49967e+00
 2.49843e+00
 2.49374e+00
 2.47985e+00
 2.44854e+00
 2.39555e+00
 2.32509e+00
 2.24389e+00
 2.15443e+00
 2.06323e+00
 1.98011e+00
 1.93028e+00
 1.93038e+00
 1.92318e+00
 1.91130e+00
 1.90477e+00
 1.90094e+00
 1.90090e+00
 1.89929e+00
 1.89772e+00
 1.89803e+00
 1.89859e+00
 1.89898e+00
 1.90095e+00
 1.91152e+00
 1.94614e+00
 2.03144e+00
 2.20837e+00
 2.53388e+00
 2.86102e+00
 3.04068e+00
 3.08880e+00
 3.07107e+00
 2.98453e+00
 2.82386e+00
 2.60782e+00
 2.40716e+00
 2.24625e+00
 2.13577e+00
 2.06245e+00
 2.02548e+00
 2.00948e+00
 2.00330e+00
 2.00110e+00
 2.00035e+00
 2.00011e+00
 2.00003e+00
 2.00001e+00
 2.00000e+00
 2.00000e+00
 2.00000e+00
 2.00000e+00
 2.00000e+00
 2.00000e+00
 2.00000e+00
 2.00000e+00
 2.00000e+00
 2.00000e+00
 2.00000e+00
 2.00000e+00
 2.00000e+00
 2.00000e+00
 2.00000e+00
 2.00000e+00
 2.00000e+00
 2.00000e+00
 2.00000e+00
 2.00000e+00
 2.50000e+00
 2.50000e+00
 2.50000e+00
 2.50000e+00
 2.50000e+00
 2.50000e+00
 2.50000e+00
 2.50000e+00
 2.50000e+00
 2.50000e+00
 2.50000e+00
 2.50000e+00
 2.50000e+00
 2.50000e+00
 2.50000e+00
 2.50000e+00
 2.50000e+00
 2.50000e+00
 2.50000e+00
 2.50000e+00
 2.50000e+00
 2.50000e+00
 2.50000e+00
 2.50000e+00
 2.50000e+00
 2.50000e+00
 2.50000e+00
 2.50000e+00
 2.50000e+00
 2.50000e+00
 2.49999e+00
 2.49994e+00
 2.49967e+00
 2.49843e+00
 2.49374e+00
 2.47985e+00
 2.44854e+00
 2.39555e+00
 2.32509e+00
 2.24389e+00
 2.15443e+00
 2.06323e+00
 1.98011e+00
 1.93029e+00
 1.93038e+00
 1.92318e+00
 1.91131e+00
 1.90477e+00
 1.90095e+00
 1.90090e+00
 1.89929e+00
 1.89771e+00
 1.89801e+00
 1.89856e+00
 1.89895e+00
 1.90091e+00
 1.91149e+00
 1.94610e+00
 2.03139e+00
 2.20831e+00
 2.53380e+00
 2.86096e+00
 3.04077e+00
 3.08901e+00
 3.07135e+00
 2.98489e+00
 2.82424e+00
 2.60809e+00
 2.40732e+00
 2.24633e+00
 2.13578e+00
 2.06245e+00
 2.02548e+00
 2.00948e+00
 2.00330e+00
 2.00110e+00
 2.00035e+00
 2.00011e+00
 2.00003e+00
 2.00001e+00
 2.00000e+00
 2.00000e+00
 2.00000e+00
 2.00000e+00
 2.00000e+00
 2.00000e+00
 2.00000e+00
 2.00000e+00
 2.00000e+00
 2.00000e+00
 2.00000e+00
 2.00000e+00
 2.00000e+00
 2.00000e+00
 2.00000e+00
 2.00000e+00
 2.00000e+00
 2.00000e+00
 2.00000e+00
 2.00000e+00
 2.50000e+00
 2.50000e+00
 2.50000e+00
 2.50000e+00
 2.50000e+00
 2.50000e+00
 2.50000e+00
 2.50000e+00
 2.50000e+00
 2.50000e+00
 2.50000e+00
 2.50000e+00
 2.50000e+00
 2.50000e+00
 2.50000e+00
 2.50000e+00
 2.50000e+00
 2.50000e+00
 2.50000e+00
 2.50000e+00
 2.50000e+00
 2.50000e+00
 2.50000e+00
 2.50000e+00
 2.50000e+00
 2.50000e+00
 2.50000e+00
 2.50000e+00
 2.50000e+00
 2.50000e+00
 2.49999e+00
 2.49994e+00
 2.49967e+00
 2.49843e+00
 2.49374e+00
 2.47985e+00
 2.44854e+00
 2.39555e+00
 2.32509e+00
 2.24389e+00
 2.15443e+00
 2.06323e+00
 1.98011e+00
 1.93029e+00
 1.93038e+00
 1.92318e+00
 1.91131e+00
 1.90477e+00
 1.90095e+00
 1.90090e+00
 1.89929e+00
 1.89770e+00
 1.89800e+00
 1.89855e+00
 1.89894e+00
 1.90090e+00
 1.91147e+00
 1.94609e+00
 2.03140e+00
 2.20836e+00
 2.53388e+00
 2.86111e+00
 3.04088e+00
 3.08916e+00
 3.07153e+00
 2.98516e+00
 2.82459e+00
 2.60838e+00
 2.40749e+00
 2.24642e+00
 2.13579e+00
 2.06246e+00
 2.02548e+00
 2.00948e+00
 2.00330e+00
 2.00110e+00
 2.00035e+00
 2.00011e+00
 2.00003e+00
 2.00001e+00
 2.00000e+00
 2.00000e+00
 2.00000e+00
 2.00000e+00
 2.00000e+00
 2.00000e+00
 2.00000e+00
 2.00000e+00
 2.00000e+00
 2.00000e+00
 2.00000e+00
 2.00000e+00
 2.00000e+00
 2.00000e+00
 2.00000e+00
 2.00000e+00
 2.00000e+00
 2.00000e+00
 2.00000e+00
 2.00000e+00
 2.50000e+00
 2.50000e+00
 2.50000e+00
 2.50000e+00
 2.50000e+00
 2.50000e+00
 2.50000e+00
 2.50000e+00
 2.50000e+00
 2.50000e+00
 2.50000e+00
 2.50000e+00
 2.50000e+00
 2.50000e+00
 2.50000e+00
 2.50000e+00
 2.50000e+00
 2.50000e+00
 2.50000e+00
 2.50000e+00
 2.50000e+00
 2.50000e+00
 2.50000e+00
 2.50000e+00
 2.50000e+00
 2.50000e+00
 2.50000e+00
 2.50000e+00
 2.50000e+00
 2.50000e+00
 2.49999e+00
 2.49994e+00
 2.49967e+00
 2.49843e+00
 2.49374e+00
 2.47985e+00
 2.44854e+00
 2.39555e+00
 2.32509e+00
 2.24389e+00
 2.15443e+00
 2.06323e+00
 1.98011e+00
 1.93029e+00
 1.93039e+00
 1.92318e+00
 1.91131e+00
 1.90477e+00
 1.90095e+00
 1.90090e+00
 1.89928e+00
 1.89769e+00
 1.89797e+00
 1.89852e+00
 1.89889e+00
 1.90084e+00
 1.91143e+00
 1.94605e+00
 2.03135e+00
 2.20826e+00
 2.53372e+00
 2.86091e+00
 3.04082e+00
 3.08919e+00
 3.07164e+00
 2.98539e+00
 2.82495e+00
 2.60874e+00
 2.40768e+00
 2.24652e+00
 2.13580e+00
 2.06246e+00
 2.02548e+00
 2.00948e+00
 2.00330e+00
 2.00110e+00
 2.00035e+00
 2.00011e+00
 2.00003e+00
 2.00001e+00
 2.00000e+00
 2.00000e+00
 2.00000e+00
 2.00000e+00
 2.00000e+00
 2.00000e+00
 2.00000e+00
 2.00000e+00
 2.00000e+00
 2.00000e+00
 2.00000e+00
 2.00000e+00
 2.00000e+00
 2.00000e+00
 2.00000e+00
 2.00000e+00
 2.00000e+00
 2.00000e+00
 2.00000e+00
 2.00000e+00
 2.50000e+00
 2.50000e+00
 2.50000e+00
 2.50000e+00
 2.50000e+00
 2.50000e+00
 2.50000e+00
 2.50000e+00
 2.50000e+00
 2.50000e+00
 2.50000e+00
 2.50000e+00
 2.50000e+00
 2.50000e+00
 2.50000e+00
 2.50000e+00
 2.50000e+00
 2.50000e+00
 2.50000e+00
 2.50000e+00
 2.50000e+00
 2.50000e+00
 2.50000e+00
 2.50000e+00
 2.50000e+00
 2.50000e+00
 2.50000e+00
 2.50000e+00
 2.50000e+00
 2.50000e+00
 2.49999e+00
 2.49994e+00
 2.49967e+00
 2.49843e+00
 2.49374e+00
 2.47985e+00
 2.44854e+00
 2.39555e+00
 2.32509e+00
 2.24389e+00
 2.15443e+00
 2.06323e+00
 1.98011e+00
 1.93029e+00
 1.93039e+00
 1.92318e+00
 1.91131e+00
 1.90477e+00
 1.90096e+00
 1.90090e+00
 1.89927e+00
 1.89769e+00
 1.89798e+00
 1.89851e+00
 1.89889e+00
 1.90085e+00
 1.91143e+00
 1.94604e+00
 2.03134e+00
 2.20827e+00
 2.53376e+00
 2.86097e+00
 3.04082e+00
 3.08919e+00
 3.07166e+00
 2.98549e+00
 2.82521e+00
 2.60913e+00
 2.40796e+00
 2.24664e+00
 2.13581e+00
 2.06246e+00
 2.02548e+00
 2.00948e+00
 2.00330e+00
 2.00110e+00
 2.00035e+00
 2.00011e+00
 2.00003e+00
 2.00001e+00
 2.00000e+00
 2.00000e+00
 2.00000e+00
 2.00000e+00
 2.00000e+00
 2.00000e+00
 2.00000e+00
 2.00000e+00
 2.00000e+00
 2.00000e+00
 2.00000e+00
 2.00000e+00
 2.00000e+00
 2.00000e+00
 2.00000e+00
 2.00000e+00
 2.00000e+00
 2.00000e+00
 2.00000e+00
 2.00000e+00
 2.50000e+00
 2.50000e+00
 2.50000e+00
 2.50000e+00
 2.50000e+00
 2.50000e+00
 2.50000e+00
 2.50000e+00
 2.50000e+00
 2.50000e+00
 2.50000e+00
 2.50000e+00
 2.50000e+00
 2.50000e+00
 2.50000e+00
 2.50000e+00
 2.50000e+00
 2.50000e+00
 2.50000e+00
 2.50000e+00
 2.50000e+00
 2.50000e+00
 2.50000e+00
 2.50000e+00
 2.50000e+00
 2.50000e+00
 2.50000e+00
 2.50000e+00
 2.50000e+00
 2.50000e+00
 2.49999e+00
 2.49994e+00
 2.49967e+00
 2.49843e+00
 2.49374e+00
 2.47985e+00
 2.44854e+00
 2.39555e+00
 2.32509e+00
 2.24389e+00
 2.15443e+00
 2.06323e+00
 1.98011e+00
 1.93028e+00
 1.93038e+00
 1.92318e+00
 1.91131e+00
 1.90478e+00
 1.90097e+00
 1.90092e+00
 1.89931e+00
 1.89773e+00
 1.89801e+00
 1.89855e+00
 1.89894e+00
 1.90089e+00
 1.91146e+00
 1.94607e+00
 2.03137e+00
 2.20829e+00
 2.53376e+00
 2.86087e+00
 3.04077e+00
 3.08916e+00
 3.07166e+00
 2.98558e+00
 2.82547e+00
 2.60949e+00
 2.40834e+00
 2.24688e+00
 2.13585e+00
 2.06247e+00
 2.02548e+00
 2.00948e+00
 2.00330e+00
 2.00110e+00
 2.00035e+00
 2.00011e+00
 2.00003e+00
 2.00001e+00
 2.00000e+00
 2.00000e+00
 2.00000e+00
 2.00000e+00
 2.00000e+00
 2.00000e+00
 2.00000e+00
 2.00000e+00
 2.00000e+00
 2.00000e+00
 2.00000e+00
 2.00000e+00
 2.00000e+00
 2.00000e+00
 2.00000e+00
 2.00000e+00
 2.00000e+00
 2.00000e+00
 2.00000e+00
 2.00000e+00
 2.50000e+00
 2.50000e+00
 2.50000e+00
 2.50000e+00
 2.50000e+00
 2.50000e+00
 2.50000e+00
 2.50000e+00
 2.50000e+00
 2.50000e+00
 2.50000e+00
 2.50000e+00
 2.50000e+00
 2.50000e+00
 2.50000e+00
 2.50000e+00
 2.50000e+00
 2.50000e+00
 2.50000e+00
 2.50000e+00
 2.50000e+00
 2.50000e+00
 2.50000e+00
 2.50000e+00
 2.50000e+00
 2.50000e+00
 2.50000e+00
 2.50000e+00
 2.50000e+00
 2.50000e+00
 2.49999e+00
 2.49994e+00
 2.49967e+00
 2.49843e+00
 2.49374e+00
 2.47985e+00
 2.44854e+00
 2.39555e+00
 2.32509e+00
 2.24389e+00
 2.15443e+00
 2.06323e+00
 1.98011e+00
 1.93028e+00
 1.93038e+00
 1.92318e+00
 1.91132e+00
 1.90478e+00
 1.90096e+00
 1.90092e+00
 1.89930e+00
 1.89771e+00
 1.89798e+00
 1.89851e+00
 1.89889e+00
 1.90082e+00
 1.91139e+00
 1.94601e+00
 2.03134e+00
 2.20831e+00
 2.53383e+00
 2.86098e+00
 3.04076e+00
 3.08910e+00
 3.07157e+00
 2.98550e+00
 2.82549e+00
 2.60971e+00
 2.40860e+00
 2.24711e+00
 2.13587e+00
 2.06247e+00
 2.02548e+00
 2.00948e+00
 2.00330e+00
 2.00110e+00
 2.00035e+00
 2.00011e+00
 2.00003e+00
 2.00001e+00
 2.00000e+00
 2.00000e+00
 2.00000e+00
 2.00000e+00
 2.00000e+00
 2.00000e+00
 2.00000e+00
 2.00000e+00
 2.00000e+00
 2.00000e+00
 2.00000e+00
 2.00000e+00
 2.00000e+00
 2.00000e+00
 2.00000e+00
 2.00000e+00
 2.00000e+00
 2.00000e+00
 2.00000e+00
 2.00000e+00
 2.50000e+00
 2.50000e+00
 2.50000e+00
 2.50000e+00
 2.50000e+00
 2.50000e+00
 2.50000e+00
 2.50000e+00
 2.50000e+00
 2.50000e+00
 2.50000e+00
 2.50000e+00
 2.50000e+00
 2.50000e+00
 2.50000e+00
 2.50000e+00
 2.50000e+00
 2.50000e+00
 2.50000e+00
 2.50000e+00
 2.50000e+00
 2.50000e+00
 2.50000e+00
 2.50000e+00
 2.50000e+00
 2.50000e+00
 2.50000e+00
 2.50000e+00
 2.50000e+00
 2.50000e+00
 2.49999e+00
 2.49994e+00
 2.49967e+00
 2.49843e+00
 2.49374e+00
 2.47985e+00
 2.44854e+00
 2.39555e+00
 2.32509e+00
 2.24389e+00
 2.15443e+00
 2.06323e+00
 1.98011e+00
 1.93029e+00
 1.93039e+00
 1.92319e+00
 1.91132e+00
 1.90478e+00
 1.90096e+00
 1.90090e+00
 1.89928e+00
 1.89769e+00
 1.89793e+00
 1.89846e+00
 1.89885e+00
 1.90082e+00
 1.91139e+00
 1.94599e+00
 2.03127e+00
 2.20818e+00
 2.53363e+00
 2.86066e+00
 3.04056e+00
 3.08893e+00
 3.07143e+00
 2.98540e+00
 2.82545e+00
 2.60977e+00
 2.40875e+00
 2.24716e+00
 2.13587e+00
 2.06247e+00
 2.02548e+00
 2.00948e+00
 2.00330e+00
 2.00110e+00
 2.00035e+00
 2.00011e+00
 2.00003e+00
 2.00001e+00
 2.00000e+00
 2.00000e+00
 2.00000e+00
 2.00000e+00
 2.00000e+00
 2.00000e+00
 2.00000e+00
 2.00000e+00
 2.00000e+00
 2.00000e+00
 2.00000e+00
 2.00000e+00
 2.00000e+00
 2.00000e+00
 2.00000e+00
 2.00000e+00
 2.00000e+00
 2.00000e+00
 2.00000e+00
 2.00000e+00
 2.50000e+00
 2.50000e+00
 2.50000e+00
 2.50000e+00
 2.50000e+00
 2.50000e+00
 2.50000e+00
 2.50000e+00
 2.50000e+00
 2.50000e+00
 2.50000e+00
 2.50000e+00
 2.50000e+00
 2.50000e+00
 2.50000e+00
 2.50000e+00
 2.50000e+00
 2.50000e+00
 2.50000e+00
 2.50000e+00
 2.50000e+00
 2.50000e+00
 2.50000e+00
 2.50000e+00
 2.50000e+00
 2.50000e+00
 2.50000e+00
 2.50000e+00
 2.50000e+00
 2.50000e+00
 2.49999e+00
 2.49994e+00
 2.49967e+00
 2.49843e+00
 2.49374e+00
 2.47985e+00
 2.44854e+00
 2.39555e+00
 2.32509e+00
 2.24389e+00
 2.15443e+00
 2.06323e+00
 1.98011e+00
 1.93029e+00
 1.93039e+00
 1.92319e+00
 1.91133e+00
 1.90478e+00
 1.90095e+00
 1.90089e+00
 1.89926e+00
 1.89766e+00
 1.89791e+00
 1.89844e+00
 1.89881e+00
 1.90073e+00
 1.91126e+00
 1.94587e+00
 2.03120e+00
 2.20817e+00
 2.53368e+00
 2.86083e+00
 3.04061e+00
 3.08890e+00
 3.07135e+00
 2.98525e+00
 2.82529e+00
 2.60968e+00
 2.40867e+00
 2.24710e+00
 2.13586e+00
 2.06247e+00
 2.02548e+00
 2.00948e+00
 2.00330e+00
 2.00110e+00
 2.00035e+00
 2.00011e+00
 2.00003e+00
 2.00001e+00
 2.00000e+00
 2.00000e+00
 2.00000e+00
 2.00000e+00
 2.00000e+00
 2.00000e+00
 2.00000e+00
 2.00000e+00
 2.00000e+00
 2.00000e+00
 2.00000e+00
 2.00000e+00
 2.00000e+00
 2.00000e+00
 2.00000e+00
 2.00000e+00
 2.00000e+00
 2.00000e+00
 2.00000e+00
 2.00000e+00
 2.50000e+00
 2.50000e+00
 2.50000e+00
 2.50000e+00
 2.50000e+00
 2.50000e+00
 2.50000e+00
 2.50000e+00
 2.50000e+00
 2.50000e+00
 2.50000e+00
 2.50000e+00
 2.50000e+00
 2.50000e+00
 2.50000e+00
 2.50000e+00
 2.50000e+00
 2.50000e+00
 2.50000e+00
 2.50000e+00
 2.50000e+00
 2.50000e+00
 2.50000e+00
 2.50000e+00
 2.50000e+00
 2.50000e+00
 2.50000e+00
 2.50000e+00
 2.50000e+00
 2.50000e+00
 2.49999e+00
 2.49994e+00
 2.49967e+00
 2.49843e+00
 2.49374e+00
 2.47985e+00
 2.44854e+00
 2.39555e+00
 2.32509e+00
 2.24389e+00
 2.15443e+00
 2.06323e+00
 1.98011e+00
 1.93029e+00
 1.93039e+00
 1.92319e+00
 1.91133e+00
 1.90477e+00
 1.90096e+00
 1.90089e+00
 1.89926e+00
 1.89762e+00
 1.89790e+00
 1.89844e+00
 1.89881e+00
 1.90076e+00
 1.91134e+00
 1.94596e+00
 2.03126e+00
 2.20819e+00
 2.53365e+00
 2.86070e+00
 3.04053e+00
 3.08884e+00
 3.07128e+00
 2.98515e+00
 2.82511e+00
 2.60936e+00
 2.40836e+00
 2.24693e+00
 2.13584e+00
 2.06246e+00
 2.02548e+00
 2.00948e+00
 2.00330e+00
 2.00110e+00
 2.00035e+00
 2.00011e+00
 2.00003e+00
 2.00001e+00
 2.00000e+00
 2.00000e+00
 2.00000e+00
 2.00000e+00
 2.00000e+00
 2.00000e+00
 2.00000e+00
 2.00000e+00
 2.00000e+00
 2.00000e+00
 2.00000e+00
 2.00000e+00
 2.00000e+00
 2.00000e+00
 2.00000e+00
 2.00000e+00
 2.00000e+00
 2.00000e+00
 2.00000e+00
 2.00000e+00
 2.50000e+00
 2.50000e+00
 2.50000e+00
 2.50000e+00
 2.50000e+00
 2.50000e+00
 2.50000e+00
 2.50000e+00
 2.50000e+00
 2.50000e+00
 2.50000e+00
 2.50000e+00
 2.50000e+00
 2.50000e+00
 2.50000e+00
 2.50000e+00
 2.50000e+00
 2.50000e+00
 2.50000e+00
 2.50000e+00
 2.50000e+00
 2.50000e+00
 2.50000e+00
 2.50000e+00
 2.50000e+00
 2.50000e+00
 2.50000e+00
 2.50000e+00
 2.50000e+00
 2.50000e+00
 2.49999e+00
 2.49994e+00
 2.49967e+00
 2.49843e+00
 2.49374e+00
 2.47985e+00
 2.44854e+00
 2.39555e+00
 2.32509e+00
 2.24389e+00
 2.15443e+00
 2.06323e+00
 1.98010e+00
 1.93028e+00
 1.93038e+00
 1.92319e+00
 1.91133e+00
 1.90480e+00
 1.90099e+00
 1.90093e+00
 1.89931e+00
 1.89771e+00
 1.89797e+00
 1.89848e+00
 1.89885e+00
 1.90080e+00
 1.91136e+00
 1.94594e+00
 2.03123e+00
 2.20817e+00
 2.53366e+00
 2.86069e+00
 3.04056e+00
 3.08884e+00
 3.07126e+00
 2.98507e+00
 2.82488e+00
 2.60899e+00
 2.40799e+00
 2.24672e+00
 2.13584e+00
 2.06247e+00
 2.02548e+00
 2.00948e+00
 2.00330e+00
 2.00110e+00
 2.00035e+00
 2.00011e+00
 2.00003e+00
 2.00001e+00
 2.00000e+00
 2.00000e+00
 2.00000e+00
 2.00000e+00
 2.00000e+00
 2.00000e+00
 2.00000e+00
 2.00000e+00
 2.00000e+00
 2.00000e+00
 2.00000e+00
 2.00000e+00
 2.00000e+00
 2.00000e+00
 2.00000e+00
 2.00000e+00
 2.00000e+00
 2.00000e+00
 2.00000e+00
 2.00000e+00
 2.50000e+00
 2.50000e+00
 2.50000e+00
 2.50000e+00
 2.50000e+00
 2.50000e+00
 2.50000e+00
 2.50000e+00
 2.50000e+00
 2.50000e+00
 2.50000e+00
 2.50000e+00
 2.50000e+00
 2.50000e+00
 2.50000e+00
 2.50000e+00
 2.50000e+00
 2.50000e+00
 2.50000e+00
 2.50000e+00
 2.50000e+00
 2.50000e+00
 2.50000e+00
 2.50000e+00
 2.50000e+00
 2.50000e+00
 2.50000e+00
 2.50000e+00
 2.50000e+00
 2.50000e+00
 2.49999e+00
 2.49994e+00
 2.49967e+00
 2.49843e+00
 2.49374e+00
 2.47985e+00
 2.44854e+00
 2.39555e+00
 2.32509e+00
 2.24389e+00
 2.15443e+00
 2.06323e+00
 1.98010e+00
 1.93028e+00
 1.93039e+00
 1.92319e+00
 1.91134e+00
 1.90481e+00
 1.90097e+00
 1.90090e+00
 1.89927e+00
 1.89768e+00
 1.89792e+00
 1.89844e+00
 1.89881e+00
 1.90076e+00
 1.91134e+00
 1.94596e+00
 2.03128e+00
 2.20821e+00
 2.53366e+00
 2.86065e+00
 3.04046e+00
 3.08874e+00
 3.07117e+00
 2.98491e+00
 2.82455e+00
 2.60848e+00
 2.40751e+00
 2.24639e+00
 2.13581e+00
 2.06247e+00
 2.02548e+00
 2.00948e+00
 2.00330e+00
 2.00110e+00
 2.00035e+00
 2.00011e+00
 2.00003e+00
 2.00001e+00
 2.00000e+00
 2.00000e+00
 2.00000e+00
 2.00000e+00
 2.00000e+00
 2.00000e+00
 2.00000e+00
 2.00000e+00
 2.00000e+00
 2.00000e+00
 2.00000e+00
 2.00000e+00
 2.00000e+00
 2.00000e+00
 2.00000e+00
 2.00000e+00
 2.00000e+00
 2.00000e+00
 2.00000e+00
 2.00000e+00
 2.50000e+00
 2.50000e+00
 2.50000e+00
 2.50000e+00
 2.50000e+00
 2.50000e+00
 2.50000e+00
 2.50000e+00
 2.50000e+00
 2.50000e+00
 2.50000e+00
 2.50000e+00
 2.50000e+00
 2.50000e+00
 2.50000e+00
 2.50000e+00
 2.50000e+00
 2.50000e+00
 2.50000e+00
 2.50000e+00
 2.50000e+00
 2.50000e+00
 2.50000e+00
 2.50000e+00
 2.50000e+00
 2.50000e+00
 2.50000e+00
 2.50000e+00
 2.50000e+00
 2.50000e+00
 2.49999e+00
 2.49994e+00
 2.49967e+00
 2.49843e+00
 2.49374e+00
 2.47985e+00
 2.44854e+00
 2.39555e+00
 2.32509e+00
 2.24389e+00
 2.15443e+00
 2.06323e+00
 1.98010e+00
 1.93029e+00
 1.93039e+00
 1.92319e+00
 1.91134e+00
 1.90481e+00
 1.90095e+00
 1.90087e+00
 1.89923e+00
 1.89765e+00
 1.89789e+00
 1.89838e+00
 1.89874e+00
 1.90072e+00
 1.91135e+00
 1.94599e+00
 2.03127e+00
 2.20813e+00
 2.53359e+00
 2.86074e+00
 3.04055e+00
 3.08883e+00
 3.07119e+00
 2.98476e+00
 2.82418e+00
 2.60806e+00
 2.40713e+00
 2.24615e+00
 2.13579e+00
 2.06247e+00
 2.02548e+00
 2.00948e+00
 2.00330e+00
 2.00110e+00
 2.00035e+00
 2.00011e+00
 2.00003e+00
 2.00001e+00
 2.00000e+00
 2.00000e+00
 2.00000e+00
 2.00000e+00
 2.00000e+00
 2.00000e+00
 2.00000e+00
 2.00000e+00
 2.00000e+00
 2.00000e+00
 2.00000e+00
 2.00000e+00
 2.00000e+00
 2.00000e+00
 2.00000e+00
 2.00000e+00
 2.00000e+00
 2.00000e+00
 2.00000e+00
 2.00000e+00
 2.50000e+00
 2.50000e+00
 2.50000e+00
 2.50000e+00
 2.50000e+00
 2.50000e+00
 2.50000e+00
 2.50000e+00
 2.50000e+00
 2.50000e+00
 2.50000e+00
 2.50000e+00
 2.50000e+00
 2.50000e+00
 2.50000e+00
 2.50000e+00
 2.50000e+00
 2.50000e+00
 2.50000e+00
 2.50000e+00
 2.50000e+00
 2.50000e+00
 2.50000e+00
 2.50000e+00
 2.50000e+00
 2.50000e+00
 2.50000e+00
 2.50000e+00
 2.50000e+00
 2.50000e+00
 2.49999e+00
 2.49994e+00
 2.49967e+00
 2.49843e+00
 2.49374e+00
 2.47985e+00
 2.44854e+00
 2.39555e+00
 2.32509e+00
 2.24389e+00
 2.15443e+00
 2.06323e+00
 1.98010e+00
 1.93029e+00
 1.93039e+00
 1.92320e+00
 1.91134e+00
 1.90481e+00
 1.90092e+00
 1.90084e+00
 1.89921e+00
 1.89762e+00
 1.89789e+00
 1.89842e+00
 1.89884e+00
 1.90087e+00
 1.91145e+00
 1.94602e+00
 2.03128e+00
 2.20820e+00
 2.53370e+00
 2.86081e+00
 3.04052e+00
 3.08877e+00
 3.07113e+00
 2.98469e+00
 2.82399e+00
 2.60768e+00
 2.40685e+00
 2.24602e+00
 2.13578e+00
 2.06247e+00
 2.02548e+00
 2.00948e+00
 2.00330e+00
 2.00110e+00
 2.00035e+00
 2.00011e+00
 2.00003e+00
 2.00001e+00
 2.00000e+00
 2.00000e+00
 2.00000e+00
 2.00000e+00
 2.00000e+00
 2.00000e+00
 2.00000e+00
 2.00000e+00
 2.00000e+00
 2.00000e+00
 2.00000e+00
 2.00000e+00
 2.00000e+00
 2.00000e+00
 2.00000e+00
 2.00000e+00
 2.00000e+00
 2.00000e+00
 2.00000e+00
 2.00000e+00
 2.50000e+00
 2.50000e+00
 2.50000e+00
 2.50000e+00
 2.50000e+00
 2.50000e+00
 2.50000e+00
 2.50000e+00
 2.50000e+00
 2.50000e+00
 2.50000e+00
 2.50000e+00
 2.50000e+00
 2.50000e+00
 2.50000e+00
 2.50000e+00
 2.50000e+00
 2.50000e+00
 2.50000e+00
 2.50000e+00
 2.50000e+00
 2.50000e+00
 2.50000e+00
 2.50000e+00
 2.50000e+00
 2.50000e+00
 2.50000e+00
 2.50000e+00
 2.50000e+00
 2.50000e+00
 2.49999e+00
 2.49994e+00
 2.49967e+00
 2.49843e+00
 2.49374e+00
 2.47985e+00
 2.44854e+00
 2.39555e+00
 2.32509e+00
 2.24389e+00
 2.15443e+00
 2.06323e+00
 1.98010e+00
 1.93029e+00
 1.93040e+00
 1.92320e+00
 1.91134e+00
 1.90479e+00
 1.90091e+00
 1.90085e+00
 1.89923e+00
 1.89762e+00
 1.89788e+00
 1.89843e+00
 1.89885e+00
 1.90082e+00
 1.91142e+00
 1.94607e+00
 2.03139e+00
 2.20831e+00
 2.53381e+00
 2.86081e+00
 3.04060e+00
 3.08887e+00
 3.07121e+00
 2.98469e+00
 2.82386e+00
 2.60754e+00
 2.40678e+00
 2.24603e+00
 2.13579e+00
 2.06247e+00
 2.02548e+00
 2.00948e+00
 2.00330e+00
 2.00110e+00
 2.00035e+00
 2.00011e+00
 2.00003e+00
 2.00001e+00
 2.00000e+00
 2.00000e+00
 2.00000e+00
 2.00000e+00
 2.00000e+00
 2.00000e+00
 2.00000e+00
 2.00000e+00
 2.00000e+00
 2.00000e+00
 2.00000e+00
 2.00000e+00
 2.00000e+00
 2.00000e+00
 2.00000e+00
 2.00000e+00
 2.00000e+00
 2.00000e+00
 2.00000e+00
 2.00000e+00
 2.50000e+00
 2.50000e+00
 2.50000e+00
 2.50000e+00
 2.50000e+00
 2.50000e+00
 2.50000e+00
 2.50000e+00
 2.50000e+00
 2.50000e+00
 2.50000e+00
 2.50000e+00
 2.50000e+00
 2.50000e+00
 2.50000e+00
 2.50000e+00
 2.50000e+00
 2.50000e+00
 2.50000e+00
 2.50000e+00
 2.50000e+00
 2.50000e+00
 2.50000e+00
 2.50000e+00
 2.50000e+00
 2.50000e+00
 2.50000e+00
 2.50000e+00
 2.50000e+00
 2.50000e+00
 2.49999e+00
 2.49994e+00
 2.49967e+00
 2.49843e+00
 2.49374e+00
 2.47985e+00
 2.44854e+00
 2.39555e+00
 2.32509e+00
 2.24389e+00
 2.15443e+00
 2.06323e+00
 1.98010e+00
 1.93028e+00
 1.93038e+00
 1.92319e+00
 1.91134e+00
 1.90482e+00
 1.90099e+00
 1.90092e+00
 1.89929e+00
 1.89768e+00
 1.89796e+00
 1.89849e+00
 1.89884e+00
 1.90075e+00
 1.91129e+00
 1.94586e+00
 2.03111e+00
 2.20796e+00
 2.53332e+00
 2.86034e+00
 3.04036e+00
 3.08870e+00
 3.07107e+00
 2.98458e+00
 2.82377e+00
 2.60744e+00
 2.40678e+00
 2.24603e+00
 2.13577e+00
 2.06247e+00
 2.02549e+00
 2.00948e+00
 2.00330e+00
 2.00110e+00
 2.00035e+00
 2.00011e+00
 2.00003e+00
 2.00001e+00
 2.00000e+00
 2.00000e+00
 2.00000e+00
 2.00000e+00
 2.00000e+00
 2.00000e+00
 2.00000e+00
 2.00000e+00
 2.00000e+00
 2.00000e+00
 2.00000e+00
 2.00000e+00
 2.00000e+00
 2.00000e+00
 2.00000e+00
 2.00000e+00
 2.00000e+00
 2.00000e+00
 2.00000e+00
 2.00000e+00
 2.50000e+00
 2.50000e+00
 2.50000e+00
 2.50000e+00
 2.50000e+00
 2.50000e+00
 2.50000e+00
 2.50000e+00
 2.50000e+00
 2.50000e+00
 2.50000e+00
 2.50000e+00
 2.50000e+00
 2.50000e+00
 2.50000e+00
 2.50000e+00
 2.50000e+00
 2.50000e+00
 2.50000e+00
 2.50000e+00
 2.50000e+00
 2.50000e+00
 2.50000e+00
 2.50000e+00
 2.50000e+00
 2.50000e+00
 2.50000e+00
 2.50000e+00
 2.50000e+00
 2.50000e+00
 2.49999e+00
 2.49994e+00
 2.49967e+00
 2.49843e+00
 2.49374e+00
 2.47985e+00
 2.44854e+00
 2.39555e+00
 2.32509e+00
 2.24389e+00
 2.15443e+00
 2.06323e+00
 1.98010e+00
 1.93028e+00
 1.93039e+00
 1.92319e+00
 1.91135e+00
 1.90484e+00
 1.90097e+00
 1.90087e+00
 1.89923e+00
 1.89764e+00
 1.89790e+00
 1.89841e+00
 1.89878e+00
 1.90074e+00
 1.91129e+00
 1.94586e+00
 2.03111e+00
 2.20801e+00
 2.53370e+00
 2.86156e+00
 3.04137e+00
 3.08936e+00
 3.07151e+00
 2.98465e+00
 2.82368e+00
 2.60749e+00
 2.40690e+00
 2.24607e+00
 2.13576e+00
 2.06247e+00
 2.02548e+00
 2.00948e+00
 2.00330e+00
 2.00110e+00
 2.00035e+00
 2.00011e+00
 2.00003e+00
 2.00001e+00
 2.00000e+00
 2.00000e+00
 2.00000e+00
 2.00000e+00
 2.00000e+00
 2.00000e+00
 2.00000e+00
 2.00000e+00
 2.00000e+00
 2.00000e+00
 2.00000e+00
 2.00000e+00
 2.00000e+00
 2.00000e+00
 2.00000e+00
 2.00000e+00
 2.00000e+00
 2.00000e+00
 2.00000e+00
 2.00000e+00
 2.50000e+00
 2.50000e+00
 2.50000e+00
 2.50000e+00
 2.50000e+00
 2.50000e+00
 2.50000e+00
 2.50000e+00
 2.50000e+00
 2.50000e+00
 2.50000e+00
 2.50000e+00
 2.50000e+00
 2.50000e+00
 2.50000e+00
 2.50000e+00
 2.50000e+00
 2.50000e+00
 2.50000e+00
 2.50000e+00
 2.50000e+00
 2.50000e+00
 2.50000e+00
 2.50000e+00
 2.50000e+00
 2.50000e+00
 2.50000e+00
 2.50000e+00
 2.50000e+00
 2.50000e+00
 2.49999e+00
 2.49994e+00
 2.49967e+00
 2.49843e+00
 2.49374e+00
 2.47985e+00
 2.44854e+00
 2.39555e+00
 2.32509e+00
 2.24389e+00
 2.15443e+00
 2.06323e+00
 1.98010e+00
 1.93029e+00
 1.93039e+00
 1.92320e+00
 1.91135e+00
 1.90484e+00
 1.90094e+00
 1.90082e+00
 1.89917e+00
 1.89759e+00
 1.89787e+00
 1.89840e+00
 1.89878e+00
 1.90074e+00
 1.91140e+00
 1.94610e+00
 2.03146e+00
 2.20849e+00
 2.53459e+00
 2.86590e+00
 3.04875e+00
 3.09685e+00
 3.07807e+00
 2.98832e+00
 2.82427e+00
 2.60720e+00
 2.40701e+00
 2.24619e+00
 2.13577e+00
 2.06247e+00
 2.02548e+00
 2.00948e+00
 2.00330e+00
 2.00110e+00
 2.00035e+00
 2.00011e+00
 2.00003e+00
 2.00001e+00
 2.00000e+00
 2.00000e+00
 2.00000e+00
 2.00000e+00
 2.00000e+00
 2.00000e+00
 2.00000e+00
 2.00000e+00
 2.00000e+00
 2.00000e+00
 2.00000e+00
 2.00000e+00
 2.00000e+00
 2.00000e+00
 2.00000e+00
 2.00000e+00
 2.00000e+00
 2.00000e+00
 2.00000e+00
 2.00000e+00
 2.50000e+00
 2.50000e+00
 2.50000e+00
 2.50000e+00
 2.50000e+00
 2.50000e+00
 2.50000e+00
 2.50000e+00
 2.50000e+00
 2.50000e+00
 2.50000e+00
 2.50000e+00
 2.50000e+00
 2.50000e+00
 2.50000e+00
 2.50000e+00
 2.50000e+00
 2.50000e+00
 2.50000e+00
 2.50000e+00
 2.50000e+00
 2.50000e+00
 2.50000e+00
 2.50000e+00
 2.50000e+00
 2.50000e+00
 2.50000e+00
 2.50000e+00
 2.50000e+00
 2.50000e+00
 2.49999e+00
 2.49994e+00
 2.49967e+00
 2.49843e+00
 2.49374e+00
 2.47985e+00
 2.44854e+00
 2.39555e+00
 2.32509e+00
 2.24389e+00
 2.15443e+00
 2.06323e+00
 1.98010e+00
 1.93029e+00
 1.93040e+00
 1.92320e+00
 1.91135e+00
 1.90483e+00
 1.90089e+00
 1.90080e+00
 1.89916e+00
 1.89762e+00
 1.89790e+00
 1.89843e+00
 1.89881e+00
 1.90087e+00
 1.91157e+00
 1.94625e+00
 2.03168e+00
 2.20907e+00
 2.53604e+00
 2.86456e+00
 3.04231e+00
 3.08874e+00
 3.07040e+00
 2.98341e+00
 2.82406e+00
 2.60972e+00
 2.41004e+00
 2.24619e+00
 2.13578e+00
 2.06247e+00
 2.02548e+00
 2.00948e+00
 2.00330e+00
 2.00110e+00
 2.00035e+00
 2.00011e+00
 2.00003e+00
 2.00001e+00
 2.00000e+00
 2.00000e+00
 2.00000e+00
 2.00000e+00
 2.00000e+00
 2.00000e+00
 2.00000e+00
 2.00000e+00
 2.00000e+00
 2.00000e+00
 2.00000e+00
 2.00000e+00
 2.00000e+00
 2.00000e+00
 2.00000e+00
 2.00000e+00
 2.00000e+00
 2.00000e+00
 2.00000e+00
 2.00000e+00
 2.50000e+00
 2.50000e+00
 2.50000e+00
 2.50000e+00
 2.50000e+00
 2.50000e+00
 2.50000e+00
 2.50000e+00
 2.50000e+00
 2.50000e+00
 2.50000e+00
 2.50000e+00
 2.50000e+00
 2.50000e+00
 2.50000e+00
 2.50000e+00
 2.50000e+00
 2.50000e+00
 2.50000e+00
 2.50000e+00
 2.50000e+00
 2.50000e+00
 2.50000e+00
 2.50000e+00
 2.50000e+00
 2.50000e+00
 2.50000e+00
 2.50000e+00
 2.50000e+00
 2.50000e+00
 2.49999e+00
 2.49994e+00
 2.49967e+00
 2.49843e+00
 2.49374e+00
 2.47985e+00
 2.44854e+00
 2.39555e+00
 2.32509e+00
 2.24389e+00
 2.15443e+00
 2.06323e+00
 1.98010e+00
 1.93030e+00
 1.93040e+00
 1.92320e+00
 1.91135e+00
 1.90481e+00
 1.90085e+00
 1.90081e+00
 1.89919e+00
 1.89769e+00
 1.89795e+00
 1.89846e+00
 1.89883e+00
 1.90075e+00
 1.91130e+00
 1.94595e+00
 2.03146e+00
 2.20890e+00
 2.53529e+00
 2.86188e+00
 3.03957e+00
 3.08663e+00
 3.06875e+00
 2.98281e+00
 2.82450e+00
 2.61057e+00
 2.41086e+00
 2.24641e+00
 2.13582e+00
 2.06248e+00
 2.02548e+00
 2.00948e+00
 2.00330e+00
 2.00110e+00
 2.00035e+00
 2.00011e+00
 2.00003e+00
 2.00001e+00
 2.00000e+00
 2.00000e+00
 2.00000e+00
 2.00000e+00
 2.00000e+00
 2.00000e+00
 2.00000e+00
 2.00000e+00
 2.00000e+00
 2.00000e+00
 2.00000e+00
 2.00000e+00
 2.00000e+00
 2.00000e+00
 2.00000e+00
 2.00000e+00
 2.00000e+00
 2.00000e+00
 2.00000e+00
 2.00000e+00
