NodeMass
part
         1
coordinates
 0.00000e+00
 0.00000e+00
 0.00000e+00
 0.00000e+00
 0.00000e+00
 0.00000e+00
 3.79815e-51
 1.05478e-47
 1.02349e-46
 2.16122e-46
 1.71942e-46
 5.29677e-47
 1.68260e-43
 5.51597e-42
 0.00000e+00
 0.00000e+00
 0.00000e+00
 0.00000e+00
 0.00000e+00
 0.00000e+00
 5.90796e-49
 3.56809e-46
 2.24045e-45
 3.83303e-45
 2.58075e-45
 6.97593e-46
 1.78740e-42
 5.99810e-41
 0.00000e+00
 0.00000e+00
 0.00000e+00
 0.00000e+00
 0.00000e+00
 0.00000e+00
 1.06714e-46
 1.32719e-44
 5.15419e-44
 6.66644e-44
 3.52406e-44
 7.60902e-45
 1.46280e-41
 5.18315e-40
 0.00000e+00
 0.00000e+00
 0.00000e+00
 0.00000e+00
 0.00000e+00
 0.00000e+00
 2.44694e-44
 6.34546e-43
 1.52355e-42
 1.35964e-42
 5.25292e-43
 8.57461e-44
 1.16330e-40
 4.48414e-39
 0.00000e+00
 0.00000e+00
 0.00000e+00
 0.00000e+00
 0.00000e+00
 0.00000e+00
 7.95267e-42
 4.57595e-41
 6.54077e-41
 3.54370e-41
 8.88976e-42
 1.12648e-42
 9.64174e-40
 4.21863e-38
 0.00000e+00
 0.00000e+00
 0.00000e+00
 0.00000e+00
 0.00000e+00
 0.00000e+00
 4.55668e-39
 8.25800e-39
 4.87980e-39
 1.35807e-39
 1.97439e-40
 1.88257e-41
 9.27645e-39
 4.79714e-37
 2.37954e-34
 1.43220e-33
 3.82317e-33
 4.36213e-33
 2.25061e-33
 6.01876e-34
 9.51663e-35
 1.19670e-35
 1.41705e-36
 1.49578e-37
 1.30239e-38
 8.40835e-40
 2.04891e-37
 1.34408e-35
 1.02512e-32
 7.11148e-32
 2.02113e-31
 2.34409e-31
 1.20097e-31
 3.11754e-32
 4.76397e-33
 5.86987e-34
 6.66339e-35
 6.60692e-36
 5.32967e-37
 3.15571e-38
 4.91718e-36
 3.55044e-34
 1.89344e-31
 1.52190e-30
 4.58614e-30
 5.39826e-30
 2.72530e-30
 6.63442e-31
 9.23327e-32
 1.04947e-32
 1.07922e-33
 9.55111e-35
 6.80823e-36
 3.54368e-37
 3.38227e-35
 2.75038e-33
 2.27434e-30
 2.11186e-29
 6.72933e-29
 8.07639e-29
 4.02554e-29
 8.88546e-30
 1.03760e-30
 1.00769e-31
 8.75841e-33
 6.51416e-34
 3.90343e-35
 1.71773e-36
 1.06126e-34
 9.49649e-33
 2.09567e-29
 2.22041e-28
 7.47676e-28
 9.26811e-28
 4.63053e-28
 9.00044e-29
 7.70319e-30
 5.68725e-31
 3.81002e-32
 2.27780e-33
 1.12365e-34
 4.15429e-36
 1.58755e-34
 1.64051e-32
 1.63464e-28
 1.93330e-27
 6.89224e-27
 9.01999e-27
 4.66410e-27
 8.03136e-28
 3.82642e-29
 1.71462e-30
 7.59411e-32
 3.26070e-33
 1.30182e-34
 4.21682e-36
 1.20909e-34
 1.39220e-32
 1.16044e-27
 1.48538e-26
 5.63008e-26
 8.00416e-26
 4.51327e-26
 7.82559e-27
 1.28281e-28
 1.26514e-30
 4.99336e-32
 1.77084e-33
 5.74668e-35
 1.63001e-36
 4.49263e-35
 5.28443e-33
 7.92899e-27
 1.05943e-25
 4.31006e-25
 6.86060e-25
 4.54135e-25
 1.04047e-25
 2.97959e-27
 2.87950e-32
 4.53537e-33
 2.41441e-34
 7.54588e-36
 1.94929e-37
 6.54032e-36
 7.71192e-34
 5.00038e-26
 6.96654e-25
 3.26632e-24
 6.14495e-24
 5.07814e-24
 1.65634e-24
 1.03478e-25
 4.03764e-34
 1.94314e-34
 1.68095e-35
 6.93900e-37
 2.48029e-38
 8.92518e-37
 1.02858e-34
 2.99958e-25
 4.41312e-24
 2.53973e-23
 6.01877e-23
 6.78581e-23
 3.34657e-23
 4.51120e-24
 8.94617e-36
 7.42504e-36
 9.93503e-37
 5.50212e-38
 3.69032e-39
 1.10808e-37
 1.21723e-35
 1.79846e-24
 2.96700e-23
 2.05468e-22
 6.82349e-22
 1.16197e-21
 9.25208e-22
 2.67989e-22
 2.41574e-37
 2.39530e-37
 4.73516e-38
 3.55514e-39
 4.73955e-40
 1.15918e-38
 1.19493e-36
 1.12274e-23
 2.15766e-22
 1.82871e-21
 9.36456e-21
 2.71131e-20
 4.42063e-20
 2.48336e-20
 5.59398e-39
 6.07127e-39
 1.68831e-39
 1.73173e-40
 4.78754e-41
 9.27972e-40
 8.86516e-38
 8.20721e-23
 1.95371e-21
 2.22078e-20
 1.70900e-19
 1.02376e-18
 5.27827e-18
 2.50629e-17
 1.12395e-16
 4.55494e-16
 1.71852e-15
 6.41637e-15
 2.49859e-14
 1.28331e-13
 7.84334e-13
 2.22181e-21
 5.80759e-20
 7.27827e-19
 6.13689e-18
 3.98850e-17
 2.16976e-16
 1.04942e-15
 4.65917e-15
 1.87744e-14
 7.12136e-14
 2.81829e-13
 1.21254e-12
 7.40520e-12
 4.96786e-11
 1.01138e-20
 2.71334e-19
 3.48081e-18
 2.99098e-17
 1.97044e-16
 1.08023e-15
 5.23701e-15
 2.36671e-14
 1.04472e-13
 4.67545e-13
 2.16303e-12
 1.07087e-11
 8.24320e-11
 5.96813e-10
 1.48774e-20
 4.03033e-19
 5.21711e-18
 4.52925e-17
 3.02852e-16
 1.69936e-15
 8.53180e-15
 4.08002e-14
 2.00479e-13
 1.05859e-12
 6.37754e-12
 4.62141e-11
 4.97766e-10
 3.77149e-09
 1.09666e-20
 2.93412e-19
 3.69813e-18
 3.09457e-17
 1.99284e-16
 1.09592e-15
 5.64480e-15
 2.96518e-14
 1.71299e-13
 1.16028e-12
 9.77422e-12
 1.08208e-10
 2.05881e-09
 1.57784e-08
 5.20762e-21
 1.33008e-19
 1.54090e-18
 1.13527e-17
 6.18763e-17
 2.88005e-16
 1.41501e-15
 8.72627e-15
 6.55998e-14
 6.28698e-13
 7.97074e-12
 1.57728e-10
 6.65756e-09
 4.89207e-08
 1.39582e-21
 3.31360e-20
 3.38120e-19
 2.03396e-18
 8.10944e-18
 2.43604e-17
 9.03567e-17
 7.58859e-16
 8.77585e-15
 1.35447e-13
 3.09260e-12
 1.29204e-10
 1.81036e-08
 1.21197e-07
 2.85383e-22
 6.47180e-21
 5.98359e-20
 3.05144e-19
 9.06883e-19
 1.49913e-18
 1.01309e-18
 4.62001e-18
 1.49855e-16
 6.49539e-15
 4.06154e-13
 4.29903e-11
 4.35972e-08
 2.55636e-07
 5.09230e-23
 1.08680e-21
 9.15648e-21
 3.98718e-20
 9.40140e-20
 1.03985e-19
 4.37902e-20
 2.13011e-21
 6.39809e-23
 1.98133e-24
 6.64429e-26
 2.07798e-27
 9.17565e-08
 4.76356e-07
 0.00000e+00
 0.00000e+00
 0.00000e+00
 0.00000e+00
 0.00000e+00
 0.00000e+00
 3.79815e-51
 1.05478e-47
 1.02349e-46
 2.16122e-46
 1.71942e-46
 5.29677e-47
 1.68260e-43
 5.51597e-42
 0.00000e+00
 0.00000e+00
 0.00000e+00
 0.00000e+00
 0.00000e+00
 0.00000e+00
 5.90796e-49
 3.56809e-46
 2.24045e-45
 3.83303e-45
 2.58075e-45
 6.97593e-46
 1.78740e-42
 5.99810e-41
 0.00000e+00
 0.00000e+00
 0.00000e+00
 0.00000e+00
 0.00000e+00
 0.00000e+00
 1.06714e-46
 1.32719e-44
 5.15419e-44
 6.66644e-44
 3.52406e-44
 7.60902e-45
 1.46280e-41
 5.18315e-40
 0.00000e+00
 0.00000e+00
 0.00000e+00
 0.00000e+00
 0.00000e+00
 0.00000e+00
 2.44694e-44
 6.34546e-43
 1.52355e-42
 1.35964e-42
 5.25292e-43
 8.57461e-44
 1.16330e-40
 4.48414e-39
 0.00000e+00
 0.00000e+00
 0.00000e+00
 0.00000e+00
 0.00000e+00
 0.00000e+00
 7.95267e-42
 4.57595e-41
 6.54077e-41
 3.54370e-41
 8.88976e-42
 1.12648e-42
 9.64174e-40
 4.21863e-38
 0.00000e+00
 0.00000e+00
 0.00000e+00
 0.00000e+00
 0.00000e+00
 0.00000e+00
 4.55668e-39
 8.25800e-39
 4.87980e-39
 1.35807e-39
 1.97439e-40
 1.88257e-41
 9.27645e-39
 4.79714e-37
 2.37954e-34
 1.43220e-33
 3.82317e-33
 4.36213e-33
 2.25061e-33
 6.01876e-34
 9.51663e-35
 1.19670e-35
 1.41705e-36
 1.49578e-37
 1.30239e-38
 8.40835e-40
 2.04891e-37
 1.34408e-35
 1.02512e-32
 7.11148e-32
 2.02113e-31
 2.34409e-31
 1.20097e-31
 3.11754e-32
 4.76397e-33
 5.86987e-34
 6.66339e-35
 6.60692e-36
 5.32967e-37
 3.15571e-38
 4.91718e-36
 3.55044e-34
 1.89344e-31
 1.52190e-30
 4.58614e-30
 5.39826e-30
 2.72530e-30
 6.63442e-31
 9.23327e-32
 1.04947e-32
 1.07922e-33
 9.55111e-35
 6.80823e-36
 3.54368e-37
 3.38227e-35
 2.75038e-33
 2.27434e-30
 2.11186e-29
 6.72933e-29
 8.07639e-29
 4.02554e-29
 8.88546e-30
 1.03760e-30
 1.00769e-31
 8.75841e-33
 6.51416e-34
 3.90343e-35
 1.71773e-36
 1.06126e-34
 9.49649e-33
 2.09567e-29
 2.22041e-28
 7.47676e-28
 9.26811e-28
 4.63053e-28
 9.00044e-29
 7.70319e-30
 5.68725e-31
 3.81002e-32
 2.27780e-33
 1.12365e-34
 4.15429e-36
 1.58755e-34
 1.64051e-32
 1.63464e-28
 1.93330e-27
 6.89224e-27
 9.01999e-27
 4.66410e-27
 8.03136e-28
 3.82642e-29
 1.71462e-30
 7.59411e-32
 3.26070e-33
 1.30182e-34
 4.21682e-36
 1.20909e-34
 1.39220e-32
 1.16044e-27
 1.48538e-26
 5.63008e-26
 8.00416e-26
 4.51327e-26
 7.82559e-27
 1.28281e-28
 1.26514e-30
 4.99336e-32
 1.77084e-33
 5.74668e-35
 1.63001e-36
 4.49263e-35
 5.28443e-33
 7.92899e-27
 1.05943e-25
 4.31006e-25
 6.86060e-25
 4.54135e-25
 1.04047e-25
 2.97959e-27
 2.87950e-32
 4.53537e-33
 2.41441e-34
 7.54588e-36
 1.94929e-37
 6.54032e-36
 7.71192e-34
 5.00038e-26
 6.96654e-25
 3.26632e-24
 6.14495e-24
 5.07814e-24
 1.65634e-24
 1.03478e-25
 4.03764e-34
 1.94314e-34
 1.68095e-35
 6.93900e-37
 2.48029e-38
 8.92518e-37
 1.02858e-34
 2.99958e-25
 4.41312e-24
 2.53973e-23
 6.01877e-23
 6.78581e-23
 3.34657e-23
 4.51120e-24
 8.94617e-36
 7.42504e-36
 9.93503e-37
 5.50212e-38
 3.69032e-39
 1.10808e-37
 1.21723e-35
 1.79846e-24
 2.96700e-23
 2.05468e-22
 6.82349e-22
 1.16197e-21
 9.25208e-22
 2.67989e-22
 2.41574e-37
 2.39530e-37
 4.73516e-38
 3.55514e-39
 4.73955e-40
 1.15918e-38
 1.19493e-36
 1.12274e-23
 2.15766e-22
 1.82871e-21
 9.36456e-21
 2.71131e-20
 4.42063e-20
 2.48336e-20
 5.59398e-39
 6.07127e-39
 1.68831e-39
 1.73173e-40
 4.78754e-41
 9.27972e-40
 8.86516e-38
 8.20721e-23
 1.95371e-21
 2.22078e-20
 1.70900e-19
 1.02376e-18
 5.27827e-18
 2.50629e-17
 1.12395e-16
 4.55494e-16
 1.71852e-15
 6.41637e-15
 2.49859e-14
 1.28331e-13
 7.84334e-13
 2.22181e-21
 5.80759e-20
 7.27827e-19
 6.13689e-18
 3.98850e-17
 2.16976e-16
 1.04942e-15
 4.65917e-15
 1.87744e-14
 7.12136e-14
 2.81829e-13
 1.21254e-12
 7.40520e-12
 4.96786e-11
 1.01138e-20
 2.71334e-19
 3.48081e-18
 2.99098e-17
 1.97044e-16
 1.08023e-15
 5.23701e-15
 2.36671e-14
 1.04472e-13
 4.67545e-13
 2.16303e-12
 1.07087e-11
 8.24320e-11
 5.96813e-10
 1.48774e-20
 4.03033e-19
 5.21711e-18
 4.52925e-17
 3.02852e-16
 1.69936e-15
 8.53180e-15
 4.08002e-14
 2.00479e-13
 1.05859e-12
 6.37754e-12
 4.62141e-11
 4.97766e-10
 3.77149e-09
 1.09666e-20
 2.93412e-19
 3.69813e-18
 3.09457e-17
 1.99284e-16
 1.09592e-15
 5.64480e-15
 2.96518e-14
 1.71299e-13
 1.16028e-12
 9.77422e-12
 1.08208e-10
 2.05881e-09
 1.57784e-08
 5.20762e-21
 1.33008e-19
 1.54090e-18
 1.13527e-17
 6.18763e-17
 2.88005e-16
 1.41501e-15
 8.72627e-15
 6.55998e-14
 6.28698e-13
 7.97074e-12
 1.57728e-10
 6.65756e-09
 4.89207e-08
 1.39582e-21
 3.31360e-20
 3.38120e-19
 2.03396e-18
 8.10944e-18
 2.43604e-17
 9.03567e-17
 7.58859e-16
 8.77585e-15
 1.35447e-13
 3.09260e-12
 1.29204e-10
 1.81036e-08
 1.21197e-07
 2.85383e-22
 6.47180e-21
 5.98359e-20
 3.05144e-19
 9.06883e-19
 1.49913e-18
 1.01309e-18
 4.62001e-18
 1.49855e-16
 6.49539e-15
 4.06154e-13
 4.29903e-11
 4.35972e-08
 2.55636e-07
 5.09230e-23
 1.08680e-21
 9.15648e-21
 3.98718e-20
 9.40140e-20
 1.03985e-19
 4.37902e-20
 2.13011e-21
 6.39809e-23
 1.98133e-24
 6.64429e-26
 2.07798e-27
 9.17565e-08
 4.76356e-07
part
         2
coordinates
 5.29677e-47
 1.68260e-43
 5.51597e-42
 4.60354e-41
 1.27477e-40
 1.38908e-40
 5.69988e-41
 4.88154e-42
 1.55897e-45
 0.00000e+00
 0.00000e+00
 0.00000e+00
 0.00000e+00
 0.00000e+00
 0.00000e+00
 6.97593e-46
 1.78740e-42
 5.99810e-41
 5.35746e-40
 1.67124e-39
 2.12985e-39
 1.07874e-39
 1.42785e-40
 2.07976e-43
 0.00000e+00
 0.00000e+00
 0.00000e+00
 0.00000e+00
 0.00000e+00
 0.00000e+00
 7.60902e-45
 1.46280e-41
 5.18315e-40
 5.10284e-39
 1.95607e-38
 3.15671e-38
 2.11559e-38
 4.58280e-39
 3.24582e-41
 0.00000e+00
 0.00000e+00
 0.00000e+00
 0.00000e+00
 0.00000e+00
 0.00000e+00
 8.57461e-44
 1.16330e-40
 4.48414e-39
 4.89721e-38
 2.52678e-37
 5.51987e-37
 5.27750e-37
 1.90319e-37
 6.48276e-39
 0.00000e+00
 0.00000e+00
 0.00000e+00
 0.00000e+00
 0.00000e+00
 0.00000e+00
 1.12648e-42
 9.64174e-40
 4.21863e-38
 5.46345e-37
 3.75555e-36
 1.22414e-35
 1.91997e-35
 1.20555e-35
 1.84678e-36
 0.00000e+00
 0.00000e+00
 0.00000e+00
 0.00000e+00
 0.00000e+00
 0.00000e+00
 1.88257e-41
 9.27645e-39
 4.79714e-37
 7.71894e-36
 6.95258e-35
 4.09351e-34
 1.22129e-33
 1.80523e-33
 9.31015e-34
 0.00000e+00
 0.00000e+00
 0.00000e+00
 0.00000e+00
 0.00000e+00
 0.00000e+00
 8.40835e-40
 2.04891e-37
 1.34408e-35
 2.92853e-34
 3.88325e-33
 3.80748e-32
 3.06727e-31
 2.19466e-30
 1.47406e-29
 8.07111e-29
 2.79448e-28
 5.29780e-28
 4.92166e-28
 2.12931e-28
 7.79782e-29
 3.15571e-38
 4.91718e-36
 3.55044e-34
 8.51519e-33
 1.23627e-31
 1.31265e-30
 1.12811e-29
 8.41442e-29
 5.74620e-28
 3.24841e-27
 1.19183e-26
 2.32456e-26
 2.15858e-26
 8.96604e-27
 2.91060e-27
 3.54368e-37
 3.38227e-35
 2.75038e-33
 7.45936e-32
 1.22480e-30
 1.46375e-29
 1.40163e-28
 1.14667e-27
 8.41783e-27
 5.18628e-26
 2.11369e-25
 4.31862e-25
 4.03655e-25
 1.61889e-25
 4.63842e-26
 1.71773e-36
 1.06126e-34
 9.49649e-33
 2.89775e-31
 5.49049e-30
 7.66434e-29
 8.59178e-28
 8.19227e-27
 6.93387e-26
 5.00707e-25
 2.37794e-24
 5.14033e-24
 4.84592e-24
 1.88353e-24
 4.77566e-25
 4.15429e-36
 1.58755e-34
 1.64051e-32
 5.81277e-31
 1.28108e-29
 2.11030e-28
 2.85924e-27
 3.39685e-26
 3.70378e-25
 3.53363e-24
 2.03710e-23
 4.62937e-23
 4.37329e-23
 1.64854e-23
 3.73954e-24
 4.21682e-36
 1.20909e-34
 1.39220e-32
 5.41099e-31
 1.31450e-29
 2.50301e-28
 4.34041e-27
 7.43233e-26
 1.27214e-24
 2.15323e-23
 1.51577e-22
 3.50157e-22
 3.25141e-22
 1.18493e-22
 2.45253e-23
 1.63001e-36
 4.49263e-35
 5.28443e-33
 2.08889e-31
 5.35273e-30
 1.17236e-28
 2.46480e-27
 4.88576e-26
 2.40938e-24
 1.45855e-22
 1.09937e-21
 2.41137e-21
 2.12733e-21
 7.44118e-22
 1.44544e-22
 1.94929e-37
 6.54032e-36
 7.71192e-34
 2.88605e-32
 7.02762e-31
 1.59398e-29
 2.67080e-28
 1.40054e-27
 3.54999e-23
 1.48653e-21
 8.54357e-21
 1.61588e-20
 1.29556e-20
 4.29384e-21
 8.09113e-22
 2.48029e-38
 8.92518e-37
 1.02858e-34
 3.55429e-33
 7.63786e-32
 1.34701e-30
 1.40608e-29
 2.60672e-29
 9.83951e-22
 1.87342e-20
 7.48311e-20
 1.14252e-19
 7.82117e-20
 2.31174e-20
 4.15460e-21
 3.69032e-39
 1.10808e-37
 1.21723e-35
 3.80625e-34
 7.08242e-33
 9.57045e-32
 6.50226e-31
 7.60458e-31
 3.49186e-20
 3.03841e-19
 7.82583e-19
 8.97572e-19
 4.92215e-19
 1.18329e-19
 2.00509e-20
 4.73955e-40
 1.15918e-38
 1.19493e-36
 3.33136e-35
 5.29705e-34
 5.45295e-33
 2.52798e-32
 2.55497e-32
 1.71493e-18
 6.96799e-18
 1.06217e-17
 8.11354e-18
 3.30211e-18
 6.04710e-19
 9.49663e-20
 4.78754e-41
 9.27972e-40
 8.86516e-38
 2.18335e-36
 2.94405e-35
 2.31615e-34
 7.71812e-34
 7.17530e-34
 1.32774e-16
 2.60699e-16
 2.00107e-16
 9.21059e-17
 2.31422e-17
 3.45343e-18
 4.71460e-19
 2.49859e-14
 1.28331e-13
 7.84334e-13
 1.72739e-12
 1.92759e-12
 1.43590e-12
 7.87998e-13
 2.98021e-13
 8.92944e-14
 2.45347e-14
 6.16927e-15
 1.33114e-15
 2.21499e-16
 2.48053e-17
 2.73782e-18
 1.21254e-12
 7.40520e-12
 4.96786e-11
 1.05100e-10
 1.12523e-10
 8.19410e-11
 4.38022e-11
 1.65325e-11
 5.11666e-12
 1.40982e-12
 3.40418e-13
 6.79669e-14
 1.03491e-14
 1.05201e-15
 1.05552e-16
 1.07087e-11
 8.24320e-11
 5.96813e-10
 1.20588e-09
 1.22120e-09
 8.45050e-10
 4.25477e-10
 1.56505e-10
 4.76505e-11
 1.25903e-11
 2.83762e-12
 5.18866e-13
 7.16045e-14
 6.58001e-15
 5.99124e-16
 4.62141e-11
 4.97766e-10
 3.77149e-09
 7.24484e-09
 6.82393e-09
 4.35461e-09
 1.97312e-09
 6.66048e-10
 1.94065e-10
 4.88478e-11
 1.03284e-11
 1.75722e-12
 2.25167e-13
 1.92733e-14
 1.64560e-15
 1.08208e-10
 2.05881e-09
 1.57784e-08
 2.86833e-08
 2.46165e-08
 1.32464e-08
 4.51935e-09
 1.31141e-09
 3.57878e-10
 8.68087e-11
 1.78078e-11
 2.93720e-12
 3.62736e-13
 2.96691e-14
 2.39908e-15
 1.57728e-10
 6.65756e-09
 4.89207e-08
 8.36812e-08
 6.15111e-08
 2.50866e-08
 5.93583e-09
 1.35619e-09
 3.26376e-10
 7.64200e-11
 1.58521e-11
 2.66673e-12
 3.32398e-13
 2.69553e-14
 2.11750e-15
 1.29204e-10
 1.81036e-08
 1.21197e-07
 1.93081e-07
 1.18663e-07
 3.31353e-08
 4.95062e-09
 7.29264e-10
 1.37902e-10
 3.19127e-11
 7.23309e-12
 1.33857e-12
 1.79047e-13
 1.51000e-14
 1.19684e-15
 4.29903e-11
 4.35972e-08
 2.55636e-07
 3.72519e-07
 1.94351e-07
 3.71451e-08
 3.41224e-09
 1.95364e-10
 1.83509e-11
 5.17149e-12
 1.58881e-12
 3.65087e-13
 5.60162e-14
 5.08057e-15
 4.10497e-16
 2.07798e-27
 9.17565e-08
 4.76356e-07
 6.38281e-07
 2.98953e-07
 4.92441e-08
 4.09753e-09
 1.25743e-10
 5.05932e-13
 5.62980e-13
 2.56646e-13
 7.14004e-14
 1.23427e-14
 1.20186e-15
 1.00654e-16
 5.29677e-47
 1.68260e-43
 5.51597e-42
 4.60354e-41
 1.27477e-40
 1.38908e-40
 5.69988e-41
 4.88154e-42
 1.55897e-45
 0.00000e+00
 0.00000e+00
 0.00000e+00
 0.00000e+00
 0.00000e+00
 0.00000e+00
 6.97593e-46
 1.78740e-42
 5.99810e-41
 5.35746e-40
 1.67124e-39
 2.12985e-39
 1.07874e-39
 1.42785e-40
 2.07976e-43
 0.00000e+00
 0.00000e+00
 0.00000e+00
 0.00000e+00
 0.00000e+00
 0.00000e+00
 7.60902e-45
 1.46280e-41
 5.18315e-40
 5.10284e-39
 1.95607e-38
 3.15671e-38
 2.11559e-38
 4.58280e-39
 3.24582e-41
 0.00000e+00
 0.00000e+00
 0.00000e+00
 0.00000e+00
 0.00000e+00
 0.00000e+00
 8.57461e-44
 1.16330e-40
 4.48414e-39
 4.89721e-38
 2.52678e-37
 5.51987e-37
 5.27750e-37
 1.90319e-37
 6.48276e-39
 0.00000e+00
 0.00000e+00
 0.00000e+00
 0.00000e+00
 0.00000e+00
 0.00000e+00
 1.12648e-42
 9.64174e-40
 4.21863e-38
 5.46345e-37
 3.75555e-36
 1.22414e-35
 1.91997e-35
 1.20555e-35
 1.84678e-36
 0.00000e+00
 0.00000e+00
 0.00000e+00
 0.00000e+00
 0.00000e+00
 0.00000e+00
 1.88257e-41
 9.27645e-39
 4.79714e-37
 7.71894e-36
 6.95258e-35
 4.09351e-34
 1.22129e-33
 1.80523e-33
 9.31015e-34
 0.00000e+00
 0.00000e+00
 0.00000e+00
 0.00000e+00
 0.00000e+00
 0.00000e+00
 8.40835e-40
 2.04891e-37
 1.34408e-35
 2.92853e-34
 3.88325e-33
 3.80748e-32
 3.06727e-31
 2.19466e-30
 1.47406e-29
 8.07111e-29
 2.79448e-28
 5.29780e-28
 4.92166e-28
 2.12931e-28
 7.79782e-29
 3.15571e-38
 4.91718e-36
 3.55044e-34
 8.51519e-33
 1.23627e-31
 1.31265e-30
 1.12811e-29
 8.41442e-29
 5.74620e-28
 3.24841e-27
 1.19183e-26
 2.32456e-26
 2.15858e-26
 8.96604e-27
 2.91060e-27
 3.54368e-37
 3.38227e-35
 2.75038e-33
 7.45936e-32
 1.22480e-30
 1.46375e-29
 1.40163e-28
 1.14667e-27
 8.41783e-27
 5.18628e-26
 2.11369e-25
 4.31862e-25
 4.03655e-25
 1.61889e-25
 4.63842e-26
 1.71773e-36
 1.06126e-34
 9.49649e-33
 2.89775e-31
 5.49049e-30
 7.66434e-29
 8.59178e-28
 8.19227e-27
 6.93387e-26
 5.00707e-25
 2.37794e-24
 5.14033e-24
 4.84592e-24
 1.88353e-24
 4.77566e-25
 4.15429e-36
 1.58755e-34
 1.64051e-32
 5.81277e-31
 1.28108e-29
 2.11030e-28
 2.85924e-27
 3.39685e-26
 3.70378e-25
 3.53363e-24
 2.03710e-23
 4.62937e-23
 4.37329e-23
 1.64854e-23
 3.73954e-24
 4.21682e-36
 1.20909e-34
 1.39220e-32
 5.41099e-31
 1.31450e-29
 2.50301e-28
 4.34041e-27
 7.43233e-26
 1.27214e-24
 2.15323e-23
 1.51577e-22
 3.50157e-22
 3.25141e-22
 1.18493e-22
 2.45253e-23
 1.63001e-36
 4.49263e-35
 5.28443e-33
 2.08889e-31
 5.35273e-30
 1.17236e-28
 2.46480e-27
 4.88576e-26
 2.40938e-24
 1.45855e-22
 1.09937e-21
 2.41137e-21
 2.12733e-21
 7.44118e-22
 1.44544e-22
 1.94929e-37
 6.54032e-36
 7.71192e-34
 2.88605e-32
 7.02762e-31
 1.59398e-29
 2.67080e-28
 1.40054e-27
 3.54999e-23
 1.48653e-21
 8.54357e-21
 1.61588e-20
 1.29556e-20
 4.29384e-21
 8.09113e-22
 2.48029e-38
 8.92518e-37
 1.02858e-34
 3.55429e-33
 7.63786e-32
 1.34701e-30
 1.40608e-29
 2.60672e-29
 9.83951e-22
 1.87342e-20
 7.48311e-20
 1.14252e-19
 7.82117e-20
 2.31174e-20
 4.15460e-21
 3.69032e-39
 1.10808e-37
 1.21723e-35
 3.80625e-34
 7.08242e-33
 9.57045e-32
 6.50226e-31
 7.60458e-31
 3.49186e-20
 3.03841e-19
 7.82583e-19
 8.97572e-19
 4.92215e-19
 1.18329e-19
 2.00509e-20
 4.73955e-40
 1.15918e-38
 1.19493e-36
 3.33136e-35
 5.29705e-34
 5.45295e-33
 2.52798e-32
 2.55497e-32
 1.71493e-18
 6.96799e-18
 1.06217e-17
 8.11354e-18
 3.30211e-18
 6.04710e-19
 9.49663e-20
 4.78754e-41
 9.27972e-40
 8.86516e-38
 2.18335e-36
 2.94405e-35
 2.31615e-34
 7.71812e-34
 7.17530e-34
 1.32774e-16
 2.60699e-16
 2.00107e-16
 9.21059e-17
 2.31422e-17
 3.45343e-18
 4.71460e-19
 2.49859e-14
 1.28331e-13
 7.84334e-13
 1.72739e-12
 1.92759e-12
 1.43590e-12
 7.87998e-13
 2.98021e-13
 8.92944e-14
 2.45347e-14
 6.16927e-15
 1.33114e-15
 2.21499e-16
 2.48053e-17
 2.73782e-18
 1.21254e-12
 7.40520e-12
 4.96786e-11
 1.05100e-10
 1.12523e-10
 8.19410e-11
 4.38022e-11
 1.65325e-11
 5.11666e-12
 1.40982e-12
 3.40418e-13
 6.79669e-14
 1.03491e-14
 1.05201e-15
 1.05552e-16
 1.07087e-11
 8.24320e-11
 5.96813e-10
 1.20588e-09
 1.22120e-09
 8.45050e-10
 4.25477e-10
 1.56505e-10
 4.76505e-11
 1.25903e-11
 2.83762e-12
 5.18866e-13
 7.16045e-14
 6.58001e-15
 5.99124e-16
 4.62141e-11
 4.97766e-10
 3.77149e-09
 7.24484e-09
 6.82393e-09
 4.35461e-09
 1.97312e-09
 6.66048e-10
 1.94065e-10
 4.88478e-11
 1.03284e-11
 1.75722e-12
 2.25167e-13
 1.92733e-14
 1.64560e-15
 1.08208e-10
 2.05881e-09
 1.57784e-08
 2.86833e-08
 2.46165e-08
 1.32464e-08
 4.51935e-09
 1.31141e-09
 3.57878e-10
 8.68087e-11
 1.78078e-11
 2.93720e-12
 3.62736e-13
 2.96691e-14
 2.39908e-15
 1.57728e-10
 6.65756e-09
 4.89207e-08
 8.36812e-08
 6.15111e-08
 2.50866e-08
 5.93583e-09
 1.35619e-09
 3.26376e-10
 7.64200e-11
 1.58521e-11
 2.66673e-12
 3.32398e-13
 2.69553e-14
 2.11750e-15
 1.29204e-10
 1.81036e-08
 1.21197e-07
 1.93081e-07
 1.18663e-07
 3.31353e-08
 4.95062e-09
 7.29264e-10
 1.37902e-10
 3.19127e-11
 7.23309e-12
 1.33857e-12
 1.79047e-13
 1.51000e-14
 1.19684e-15
 4.29903e-11
 4.35972e-08
 2.55636e-07
 3.72519e-07
 1.94351e-07
 3.71451e-08
 3.41224e-09
 1.95364e-10
 1.83509e-11
 5.17149e-12
 1.58881e-12
 3.65087e-13
 5.60162e-14
 5.08057e-15
 4.10497e-16
 2.07798e-27
 9.17565e-08
 4.76356e-07
 6.38281e-07
 2.98953e-07
 4.92441e-08
 4.09753e-09
 1.25743e-10
 5.05932e-13
 5.62980e-13
 2.56646e-13
 7.14004e-14
 1.23427e-14
 1.20186e-15
 1.00654e-16
part
         3
coordinates
 0.00000e+00
 0.00000e+00
 0.00000e+00
 0.00000e+00
 0.00000e+00
 0.00000e+00
 0.00000e+00
 0.00000e+00
 1.55897e-45
 4.88153e-42
 5.69987e-41
 1.38908e-40
 1.27477e-40
 4.60351e-41
 5.51597e-42
 1.68478e-43
 0.00000e+00
 0.00000e+00
 0.00000e+00
 0.00000e+00
 0.00000e+00
 0.00000e+00
 0.00000e+00
 0.00000e+00
 2.07976e-43
 1.42784e-40
 1.07874e-39
 2.12985e-39
 1.67124e-39
 5.35743e-40
 5.99810e-41
 1.78978e-42
 0.00000e+00
 0.00000e+00
 0.00000e+00
 0.00000e+00
 0.00000e+00
 0.00000e+00
 0.00000e+00
 0.00000e+00
 3.24581e-41
 4.58279e-39
 2.11559e-38
 3.15670e-38
 1.95606e-38
 5.10281e-39
 5.18314e-40
 1.46492e-41
 0.00000e+00
 0.00000e+00
 0.00000e+00
 0.00000e+00
 0.00000e+00
 0.00000e+00
 0.00000e+00
 0.00000e+00
 6.48274e-39
 1.90319e-37
 5.27748e-37
 5.51986e-37
 2.52678e-37
 4.89718e-38
 4.48413e-39
 1.16515e-40
 0.00000e+00
 0.00000e+00
 0.00000e+00
 0.00000e+00
 0.00000e+00
 0.00000e+00
 0.00000e+00
 0.00000e+00
 1.84678e-36
 1.20555e-35
 1.91997e-35
 1.22414e-35
 3.75554e-36
 5.46342e-37
 4.21862e-38
 9.65827e-40
 0.00000e+00
 0.00000e+00
 0.00000e+00
 0.00000e+00
 0.00000e+00
 0.00000e+00
 0.00000e+00
 0.00000e+00
 9.31013e-34
 1.80523e-33
 1.22129e-33
 4.09350e-34
 6.95256e-35
 7.71891e-36
 4.79713e-37
 9.29320e-39
 4.92166e-28
 2.12931e-28
 7.79782e-29
 2.12930e-28
 4.92166e-28
 5.29780e-28
 2.79448e-28
 8.07110e-29
 1.47406e-29
 2.19465e-30
 3.06726e-31
 3.80747e-32
 3.88324e-33
 2.92851e-34
 1.34407e-35
 2.05267e-37
 2.15858e-26
 8.96604e-27
 2.91060e-27
 8.96603e-27
 2.15858e-26
 2.32456e-26
 1.19183e-26
 3.24841e-27
 5.74620e-28
 8.41441e-29
 1.12811e-29
 1.31264e-30
 1.23627e-31
 8.51516e-33
 3.55043e-34
 4.92581e-36
 4.03655e-25
 1.61889e-25
 4.63842e-26
 1.61889e-25
 4.03656e-25
 4.31863e-25
 2.11369e-25
 5.18629e-26
 8.41785e-27
 1.14667e-27
 1.40162e-28
 1.46375e-29
 1.22479e-30
 7.45933e-32
 2.75037e-33
 3.38765e-35
 4.84592e-24
 1.88353e-24
 4.77566e-25
 1.88354e-24
 4.84593e-24
 5.14035e-24
 2.37795e-24
 5.00710e-25
 6.93390e-26
 8.19229e-27
 8.59178e-28
 7.66434e-29
 5.49049e-30
 2.89775e-31
 9.49647e-33
 1.06275e-34
 4.37329e-23
 1.64854e-23
 3.73954e-24
 1.64854e-23
 4.37331e-23
 4.62940e-23
 2.03712e-23
 3.53366e-24
 3.70381e-25
 3.39686e-26
 2.85925e-27
 2.11030e-28
 1.28108e-29
 5.81276e-31
 1.64050e-32
 1.58935e-34
 3.25141e-22
 1.18493e-22
 2.45253e-23
 1.18493e-22
 3.25144e-22
 3.50160e-22
 1.51578e-22
 2.15326e-23
 1.27215e-24
 7.43239e-26
 4.34043e-27
 2.50302e-28
 1.31451e-29
 5.41099e-31
 1.39219e-32
 1.21014e-34
 2.12733e-21
 7.44118e-22
 1.44544e-22
 7.44122e-22
 2.12735e-21
 2.41139e-21
 1.09939e-21
 1.45858e-22
 2.40942e-24
 4.88580e-26
 2.46482e-27
 1.17236e-28
 5.35273e-30
 2.08889e-31
 5.28442e-33
 4.49590e-35
 1.29556e-20
 4.29384e-21
 8.09113e-22
 4.29388e-21
 1.29557e-20
 1.61590e-20
 8.54372e-21
 1.48656e-21
 3.55007e-23
 1.40055e-27
 2.67081e-28
 1.59399e-29
 7.02763e-31
 2.88605e-32
 7.71191e-34
 6.54516e-36
 7.82117e-20
 2.31174e-20
 4.15460e-21
 2.31176e-20
 7.82128e-20
 1.14254e-19
 7.48326e-20
 1.87346e-20
 9.83977e-22
 2.60673e-29
 1.40608e-29
 1.34701e-30
 7.63786e-32
 3.55428e-33
 1.02857e-34
 8.93202e-37
 4.92215e-19
 1.18329e-19
 2.00509e-20
 1.18330e-19
 4.92223e-19
 8.97591e-19
 7.82602e-19
 3.03850e-19
 3.49196e-20
 7.60459e-31
 6.50227e-31
 9.57046e-32
 7.08241e-33
 3.80624e-34
 1.21719e-35
 1.10898e-37
 3.30211e-18
 6.04710e-19
 9.49663e-20
 6.04720e-19
 3.30218e-18
 8.11373e-18
 1.06220e-17
 6.96820e-18
 1.71499e-18
 2.55498e-32
 2.52798e-32
 5.45295e-33
 5.29705e-34
 3.33135e-35
 1.19484e-36
 1.16019e-38
 2.31422e-17
 3.45343e-18
 4.71460e-19
 3.45349e-18
 2.31427e-17
 9.21083e-17
 2.00113e-16
 2.60708e-16
 1.32778e-16
 7.17530e-34
 7.71812e-34
 2.31615e-34
 2.94405e-35
 2.18334e-36
 8.86396e-38
 9.28847e-40
 2.21499e-16
 2.48053e-17
 2.73782e-18
 2.48058e-17
 2.21505e-16
 1.33118e-15
 6.16947e-15
 2.45356e-14
 8.92979e-14
 2.98034e-13
 7.88016e-13
 1.43590e-12
 1.92754e-12
 1.72713e-12
 7.84374e-13
 1.28591e-13
 1.03491e-14
 1.05201e-15
 1.05552e-16
 1.05202e-15
 1.03493e-14
 6.79682e-14
 3.40425e-13
 1.40986e-12
 5.11678e-12
 1.65329e-11
 4.38029e-11
 8.19408e-11
 1.12520e-10
 1.05089e-10
 4.96822e-11
 7.41823e-12
 7.16045e-14
 6.58001e-15
 5.99124e-16
 6.58006e-15
 7.16052e-14
 5.18872e-13
 2.83766e-12
 1.25905e-11
 4.76512e-11
 1.56507e-10
 4.25480e-10
 8.45045e-10
 1.22118e-09
 1.20579e-09
 5.96855e-10
 8.25520e-11
 2.25167e-13
 1.92733e-14
 1.64560e-15
 1.92733e-14
 2.25168e-13
 1.75723e-12
 1.03284e-11
 4.88481e-11
 1.94066e-10
 6.66052e-10
 1.97313e-09
 4.35458e-09
 6.82383e-09
 7.24440e-09
 3.77168e-09
 4.98332e-10
 3.62736e-13
 2.96691e-14
 2.39908e-15
 2.96691e-14
 3.62736e-13
 2.93720e-12
 1.78078e-11
 8.68089e-11
 3.57879e-10
 1.31142e-09
 4.51936e-09
 1.32463e-08
 2.46162e-08
 2.86819e-08
 1.57788e-08
 2.06055e-09
 3.32398e-13
 2.69553e-14
 2.11750e-15
 2.69553e-14
 3.32397e-13
 2.66673e-12
 1.58520e-11
 7.64200e-11
 3.26376e-10
 1.35619e-09
 5.93583e-09
 2.50866e-08
 6.15108e-08
 8.36777e-08
 4.89215e-08
 6.66152e-09
 1.79047e-13
 1.51000e-14
 1.19684e-15
 1.50999e-14
 1.79047e-13
 1.33857e-12
 7.23308e-12
 3.19127e-11
 1.37902e-10
 7.29264e-10
 4.95062e-09
 3.31354e-08
 1.18662e-07
 1.93074e-07
 1.21198e-07
 1.81109e-08
 5.60162e-14
 5.08057e-15
 4.10497e-16
 5.08055e-15
 5.60161e-14
 3.65086e-13
 1.58881e-12
 5.17149e-12
 1.83509e-11
 1.95364e-10
 3.41225e-09
 3.71452e-08
 1.94352e-07
 3.72507e-07
 2.55636e-07
 4.36092e-08
 1.23427e-14
 1.20186e-15
 1.00654e-16
 1.20185e-15
 1.23427e-14
 7.14003e-14
 2.56645e-13
 5.62979e-13
 5.05932e-13
 1.25743e-10
 4.09753e-09
 4.92441e-08
 2.98956e-07
 6.38264e-07
 4.76355e-07
 9.17745e-08
 0.00000e+00
 0.00000e+00
 0.00000e+00
 0.00000e+00
 0.00000e+00
 0.00000e+00
 0.00000e+00
 0.00000e+00
 1.55897e-45
 4.88153e-42
 5.69987e-41
 1.38908e-40
 1.27477e-40
 4.60351e-41
 5.51597e-42
 1.68478e-43
 0.00000e+00
 0.00000e+00
 0.00000e+00
 0.00000e+00
 0.00000e+00
 0.00000e+00
 0.00000e+00
 0.00000e+00
 2.07976e-43
 1.42784e-40
 1.07874e-39
 2.12985e-39
 1.67124e-39
 5.35743e-40
 5.99810e-41
 1.78978e-42
 0.00000e+00
 0.00000e+00
 0.00000e+00
 0.00000e+00
 0.00000e+00
 0.00000e+00
 0.00000e+00
 0.00000e+00
 3.24581e-41
 4.58279e-39
 2.11559e-38
 3.15670e-38
 1.95606e-38
 5.10281e-39
 5.18314e-40
 1.46492e-41
 0.00000e+00
 0.00000e+00
 0.00000e+00
 0.00000e+00
 0.00000e+00
 0.00000e+00
 0.00000e+00
 0.00000e+00
 6.48274e-39
 1.90319e-37
 5.27748e-37
 5.51986e-37
 2.52678e-37
 4.89718e-38
 4.48413e-39
 1.16515e-40
 0.00000e+00
 0.00000e+00
 0.00000e+00
 0.00000e+00
 0.00000e+00
 0.00000e+00
 0.00000e+00
 0.00000e+00
 1.84678e-36
 1.20555e-35
 1.91997e-35
 1.22414e-35
 3.75554e-36
 5.46342e-37
 4.21862e-38
 9.65827e-40
 0.00000e+00
 0.00000e+00
 0.00000e+00
 0.00000e+00
 0.00000e+00
 0.00000e+00
 0.00000e+00
 0.00000e+00
 9.31013e-34
 1.80523e-33
 1.22129e-33
 4.09350e-34
 6.95256e-35
 7.71891e-36
 4.79713e-37
 9.29320e-39
 4.92166e-28
 2.12931e-28
 7.79782e-29
 2.12930e-28
 4.92166e-28
 5.29780e-28
 2.79448e-28
 8.07110e-29
 1.47406e-29
 2.19465e-30
 3.06726e-31
 3.80747e-32
 3.88324e-33
 2.92851e-34
 1.34407e-35
 2.05267e-37
 2.15858e-26
 8.96604e-27
 2.91060e-27
 8.96603e-27
 2.15858e-26
 2.32456e-26
 1.19183e-26
 3.24841e-27
 5.74620e-28
 8.41441e-29
 1.12811e-29
 1.31264e-30
 1.23627e-31
 8.51516e-33
 3.55043e-34
 4.92581e-36
 4.03655e-25
 1.61889e-25
 4.63842e-26
 1.61889e-25
 4.03656e-25
 4.31863e-25
 2.11369e-25
 5.18629e-26
 8.41785e-27
 1.14667e-27
 1.40162e-28
 1.46375e-29
 1.22479e-30
 7.45933e-32
 2.75037e-33
 3.38765e-35
 4.84592e-24
 1.88353e-24
 4.77566e-25
 1.88354e-24
 4.84593e-24
 5.14035e-24
 2.37795e-24
 5.00710e-25
 6.93390e-26
 8.19229e-27
 8.59178e-28
 7.66434e-29
 5.49049e-30
 2.89775e-31
 9.49647e-33
 1.06275e-34
 4.37329e-23
 1.64854e-23
 3.73954e-24
 1.64854e-23
 4.37331e-23
 4.62940e-23
 2.03712e-23
 3.53366e-24
 3.70381e-25
 3.39686e-26
 2.85925e-27
 2.11030e-28
 1.28108e-29
 5.81276e-31
 1.64050e-32
 1.58935e-34
 3.25141e-22
 1.18493e-22
 2.45253e-23
 1.18493e-22
 3.25144e-22
 3.50160e-22
 1.51578e-22
 2.15326e-23
 1.27215e-24
 7.43239e-26
 4.34043e-27
 2.50302e-28
 1.31451e-29
 5.41099e-31
 1.39219e-32
 1.21014e-34
 2.12733e-21
 7.44118e-22
 1.44544e-22
 7.44122e-22
 2.12735e-21
 2.41139e-21
 1.09939e-21
 1.45858e-22
 2.40942e-24
 4.88580e-26
 2.46482e-27
 1.17236e-28
 5.35273e-30
 2.08889e-31
 5.28442e-33
 4.49590e-35
 1.29556e-20
 4.29384e-21
 8.09113e-22
 4.29388e-21
 1.29557e-20
 1.61590e-20
 8.54372e-21
 1.48656e-21
 3.55007e-23
 1.40055e-27
 2.67081e-28
 1.59399e-29
 7.02763e-31
 2.88605e-32
 7.71191e-34
 6.54516e-36
 7.82117e-20
 2.31174e-20
 4.15460e-21
 2.31176e-20
 7.82128e-20
 1.14254e-19
 7.48326e-20
 1.87346e-20
 9.83977e-22
 2.60673e-29
 1.40608e-29
 1.34701e-30
 7.63786e-32
 3.55428e-33
 1.02857e-34
 8.93202e-37
 4.92215e-19
 1.18329e-19
 2.00509e-20
 1.18330e-19
 4.92223e-19
 8.97591e-19
 7.82602e-19
 3.03850e-19
 3.49196e-20
 7.60459e-31
 6.50227e-31
 9.57046e-32
 7.08241e-33
 3.80624e-34
 1.21719e-35
 1.10898e-37
 3.30211e-18
 6.04710e-19
 9.49663e-20
 6.04720e-19
 3.30218e-18
 8.11373e-18
 1.06220e-17
 6.96820e-18
 1.71499e-18
 2.55498e-32
 2.52798e-32
 5.45295e-33
 5.29705e-34
 3.33135e-35
 1.19484e-36
 1.16019e-38
 2.31422e-17
 3.45343e-18
 4.71460e-19
 3.45349e-18
 2.31427e-17
 9.21083e-17
 2.00113e-16
 2.60708e-16
 1.32778e-16
 7.17530e-34
 7.71812e-34
 2.31615e-34
 2.94405e-35
 2.18334e-36
 8.86396e-38
 9.28847e-40
 2.21499e-16
 2.48053e-17
 2.73782e-18
 2.48058e-17
 2.21505e-16
 1.33118e-15
 6.16947e-15
 2.45356e-14
 8.92979e-14
 2.98034e-13
 7.88016e-13
 1.43590e-12
 1.92754e-12
 1.72713e-12
 7.84374e-13
 1.28591e-13
 1.03491e-14
 1.05201e-15
 1.05552e-16
 1.05202e-15
 1.03493e-14
 6.79682e-14
 3.40425e-13
 1.40986e-12
 5.11678e-12
 1.65329e-11
 4.38029e-11
 8.19408e-11
 1.12520e-10
 1.05089e-10
 4.96822e-11
 7.41823e-12
 7.16045e-14
 6.58001e-15
 5.99124e-16
 6.58006e-15
 7.16052e-14
 5.18872e-13
 2.83766e-12
 1.25905e-11
 4.76512e-11
 1.56507e-10
 4.25480e-10
 8.45045e-10
 1.22118e-09
 1.20579e-09
 5.96855e-10
 8.25520e-11
 2.25167e-13
 1.92733e-14
 1.64560e-15
 1.92733e-14
 2.25168e-13
 1.75723e-12
 1.03284e-11
 4.88481e-11
 1.94066e-10
 6.66052e-10
 1.97313e-09
 4.35458e-09
 6.82383e-09
 7.24440e-09
 3.77168e-09
 4.98332e-10
 3.62736e-13
 2.96691e-14
 2.39908e-15
 2.96691e-14
 3.62736e-13
 2.93720e-12
 1.78078e-11
 8.68089e-11
 3.57879e-10
 1.31142e-09
 4.51936e-09
 1.32463e-08
 2.46162e-08
 2.86819e-08
 1.57788e-08
 2.06055e-09
 3.32398e-13
 2.69553e-14
 2.11750e-15
 2.69553e-14
 3.32397e-13
 2.66673e-12
 1.58520e-11
 7.64200e-11
 3.26376e-10
 1.35619e-09
 5.93583e-09
 2.50866e-08
 6.15108e-08
 8.36777e-08
 4.89215e-08
 6.66152e-09
 1.79047e-13
 1.51000e-14
 1.19684e-15
 1.50999e-14
 1.79047e-13
 1.33857e-12
 7.23308e-12
 3.19127e-11
 1.37902e-10
 7.29264e-10
 4.95062e-09
 3.31354e-08
 1.18662e-07
 1.93074e-07
 1.21198e-07
 1.81109e-08
 5.60162e-14
 5.08057e-15
 4.10497e-16
 5.08055e-15
 5.60161e-14
 3.65086e-13
 1.58881e-12
 5.17149e-12
 1.83509e-11
 1.95364e-10
 3.41225e-09
 3.71452e-08
 1.94352e-07
 3.72507e-07
 2.55636e-07
 4.36092e-08
 1.23427e-14
 1.20186e-15
 1.00654e-16
 1.20185e-15
 1.23427e-14
 7.14003e-14
 2.56645e-13
 5.62979e-13
 5.05932e-13
 1.25743e-10
 4.09753e-09
 4.92441e-08
 2.98956e-07
 6.38264e-07
 4.76355e-07
 9.17745e-08
part
         4
coordinates
 4.60351e-41
 5.51597e-42
 1.68478e-43
 5.29749e-47
 1.71965e-46
 2.16152e-46
 1.02363e-46
 1.05493e-47
 3.79867e-51
 0.00000e+00
 0.00000e+00
 0.00000e+00
 0.00000e+00
 0.00000e+00
 0.00000e+00
 5.35743e-40
 5.99810e-41
 1.78978e-42
 6.97688e-46
 2.58111e-45
 3.83355e-45
 2.24076e-45
 3.56858e-46
 5.90878e-49
 0.00000e+00
 0.00000e+00
 0.00000e+00
 0.00000e+00
 0.00000e+00
 0.00000e+00
 5.10281e-39
 5.18314e-40
 1.46492e-41
 7.61006e-45
 3.52454e-44
 6.66735e-44
 5.15490e-44
 1.32737e-44
 1.06729e-46
 0.00000e+00
 0.00000e+00
 0.00000e+00
 0.00000e+00
 0.00000e+00
 0.00000e+00
 4.89718e-38
 4.48413e-39
 1.16515e-40
 8.57578e-44
 5.25364e-43
 1.35982e-42
 1.52376e-42
 6.34635e-43
 2.44729e-44
 0.00000e+00
 0.00000e+00
 0.00000e+00
 0.00000e+00
 0.00000e+00
 0.00000e+00
 5.46342e-37
 4.21862e-38
 9.65827e-40
 1.12663e-42
 8.89098e-42
 3.54419e-41
 6.54168e-41
 4.57660e-41
 7.95381e-42
 0.00000e+00
 0.00000e+00
 0.00000e+00
 0.00000e+00
 0.00000e+00
 0.00000e+00
 7.71891e-36
 4.79713e-37
 9.29320e-39
 1.88283e-41
 1.97466e-40
 1.35826e-39
 4.88050e-39
 8.25920e-39
 4.55734e-39
 0.00000e+00
 0.00000e+00
 0.00000e+00
 0.00000e+00
 0.00000e+00
 0.00000e+00
 2.92851e-34
 1.34407e-35
 2.05267e-37
 8.40951e-40
 1.30257e-38
 1.49599e-37
 1.41726e-36
 1.19688e-35
 9.51809e-35
 6.01970e-34
 2.25096e-33
 4.36283e-33
 3.82377e-33
 1.43242e-33
 2.37989e-34
 8.51516e-33
 3.55043e-34
 4.92581e-36
 3.15615e-38
 5.33044e-37
 6.60789e-36
 6.66439e-35
 5.87079e-34
 4.76473e-33
 3.11806e-32
 1.20117e-31
 2.34448e-31
 2.02146e-31
 7.11260e-32
 1.02528e-32
 7.45933e-32
 2.75037e-33
 3.38765e-35
 3.54419e-37
 6.80924e-36
 9.55258e-35
 1.07939e-33
 1.04965e-32
 9.23486e-32
 6.63561e-31
 2.72579e-30
 5.39921e-30
 4.58692e-30
 1.52215e-30
 1.89373e-31
 2.89775e-31
 9.49647e-33
 1.06275e-34
 1.71799e-36
 3.90404e-35
 6.51521e-34
 8.75988e-33
 1.00787e-31
 1.03780e-30
 8.88720e-30
 4.02631e-29
 8.07790e-29
 6.73054e-29
 2.11222e-29
 2.27471e-30
 5.81276e-31
 1.64050e-32
 1.58935e-34
 4.15494e-36
 1.12383e-34
 2.27818e-33
 3.81070e-32
 5.68834e-31
 7.70476e-30
 9.00237e-29
 4.63149e-28
 9.26996e-28
 7.47818e-28
 2.22080e-28
 2.09603e-29
 5.41099e-31
 1.39219e-32
 1.21014e-34
 4.21749e-36
 1.30204e-34
 3.26128e-33
 7.59559e-32
 1.71498e-30
 3.82728e-29
 8.03327e-28
 4.66516e-27
 9.02192e-27
 6.89363e-27
 1.93366e-27
 1.63493e-28
 2.08889e-31
 5.28442e-33
 4.49590e-35
 1.63027e-36
 5.74767e-35
 1.77117e-33
 4.99437e-32
 1.26542e-30
 1.28315e-28
 7.82763e-27
 4.51437e-26
 8.00600e-26
 5.63129e-26
 1.48567e-26
 1.16066e-27
 2.88605e-32
 7.71191e-34
 6.54516e-36
 1.94960e-37
 7.54718e-36
 2.41486e-34
 4.53624e-33
 2.88008e-32
 2.98045e-27
 1.04075e-25
 4.54253e-25
 6.86228e-25
 4.31105e-25
 1.05965e-25
 7.93059e-27
 3.55428e-33
 1.02857e-34
 8.93202e-37
 2.48071e-38
 6.94015e-37
 1.68124e-35
 1.94349e-34
 4.03840e-34
 1.03509e-25
 1.65682e-24
 5.07954e-24
 6.14655e-24
 3.26712e-24
 6.96811e-25
 5.00146e-26
 3.80624e-34
 1.21719e-35
 1.10898e-37
 3.69074e-39
 5.50300e-38
 9.93669e-37
 7.42632e-36
 8.94772e-36
 4.51259e-24
 3.34758e-23
 6.78778e-23
 6.02043e-23
 2.54039e-23
 4.41419e-24
 3.00027e-25
 3.33135e-35
 1.19484e-36
 1.16019e-38
 4.73939e-40
 3.55568e-39
 4.73592e-38
 2.39569e-37
 2.41614e-37
 2.68074e-22
 9.25496e-22
 1.16232e-21
 6.82546e-22
 2.05523e-22
 2.96776e-23
 1.79890e-24
 2.18334e-36
 8.86396e-38
 9.28847e-40
 4.78661e-41
 1.73198e-40
 1.68857e-39
 6.07223e-39
 5.59486e-39
 2.48416e-20
 4.42205e-20
 2.71216e-20
 9.36735e-21
 1.82923e-21
 2.15825e-22
 1.12303e-23
 1.72713e-12
 7.84374e-13
 1.28591e-13
 2.49960e-14
 6.41870e-15
 1.71914e-15
 4.55658e-16
 1.12435e-16
 2.50715e-17
 5.28002e-18
 1.02409e-18
 1.70953e-19
 2.22144e-20
 1.95427e-21
 8.20945e-23
 1.05089e-10
 4.96822e-11
 7.41823e-12
 1.21290e-12
 2.81921e-13
 7.12394e-14
 1.87815e-14
 4.66093e-15
 1.04981e-15
 2.17053e-16
 3.98988e-17
 6.13897e-18
 7.28068e-19
 5.80948e-20
 2.22251e-21
 1.20579e-09
 5.96855e-10
 8.25520e-11
 1.07107e-11
 2.16365e-12
 4.67712e-13
 1.04515e-13
 2.36776e-14
 5.23940e-15
 1.08073e-15
 1.97133e-16
 2.99230e-17
 3.48231e-18
 2.71447e-19
 1.01179e-20
 7.24440e-09
 3.77168e-09
 4.98332e-10
 4.62188e-11
 6.37906e-12
 1.05895e-12
 2.00564e-13
 4.08199e-14
 8.53622e-15
 1.70027e-15
 3.03013e-16
 4.53159e-17
 5.21970e-18
 4.03223e-19
 1.48841e-20
 2.86819e-08
 1.57788e-08
 2.06055e-09
 1.08213e-10
 9.77619e-12
 1.16066e-12
 1.71373e-13
 2.96672e-14
 5.64805e-15
 1.09658e-15
 1.99406e-16
 3.09643e-17
 3.70028e-18
 2.93574e-19
 1.09723e-20
 8.36777e-08
 4.89215e-08
 6.66152e-09
 1.57736e-10
 7.97219e-12
 6.28893e-13
 6.56285e-14
 8.73109e-15
 1.41592e-15
 2.88205e-16
 6.19198e-17
 1.13605e-17
 1.54192e-18
 1.33091e-19
 5.21070e-21
 1.93074e-07
 1.21198e-07
 1.81109e-08
 1.29221e-10
 3.09322e-12
 1.35489e-13
 8.77968e-15
 7.59296e-16
 9.04212e-17
 2.43791e-17
 8.11547e-18
 2.03541e-18
 3.38350e-19
 3.31578e-20
 1.39674e-21
 3.72507e-07
 2.55636e-07
 4.36092e-08
 4.30022e-11
 4.06300e-13
 6.49841e-15
 1.49944e-16
 4.62351e-18
 1.01394e-18
 1.50034e-18
 9.07579e-19
 3.05364e-19
 5.98771e-20
 6.47615e-21
 2.85577e-22
 6.38264e-07
 4.76355e-07
 9.17745e-08
 2.08025e-27
 6.65134e-26
 1.98336e-24
 6.40447e-23
 2.13218e-21
 4.38286e-20
 1.04071e-19
 9.40872e-20
 3.99006e-20
 9.16280e-21
 1.08754e-21
 5.09579e-23
 4.60351e-41
 5.51597e-42
 1.68478e-43
 5.29749e-47
 1.71965e-46
 2.16152e-46
 1.02363e-46
 1.05493e-47
 3.79867e-51
 0.00000e+00
 0.00000e+00
 0.00000e+00
 0.00000e+00
 0.00000e+00
 0.00000e+00
 5.35743e-40
 5.99810e-41
 1.78978e-42
 6.97688e-46
 2.58111e-45
 3.83355e-45
 2.24076e-45
 3.56858e-46
 5.90878e-49
 0.00000e+00
 0.00000e+00
 0.00000e+00
 0.00000e+00
 0.00000e+00
 0.00000e+00
 5.10281e-39
 5.18314e-40
 1.46492e-41
 7.61006e-45
 3.52454e-44
 6.66735e-44
 5.15490e-44
 1.32737e-44
 1.06729e-46
 0.00000e+00
 0.00000e+00
 0.00000e+00
 0.00000e+00
 0.00000e+00
 0.00000e+00
 4.89718e-38
 4.48413e-39
 1.16515e-40
 8.57578e-44
 5.25364e-43
 1.35982e-42
 1.52376e-42
 6.34635e-43
 2.44729e-44
 0.00000e+00
 0.00000e+00
 0.00000e+00
 0.00000e+00
 0.00000e+00
 0.00000e+00
 5.46342e-37
 4.21862e-38
 9.65827e-40
 1.12663e-42
 8.89098e-42
 3.54419e-41
 6.54168e-41
 4.57660e-41
 7.95381e-42
 0.00000e+00
 0.00000e+00
 0.00000e+00
 0.00000e+00
 0.00000e+00
 0.00000e+00
 7.71891e-36
 4.79713e-37
 9.29320e-39
 1.88283e-41
 1.97466e-40
 1.35826e-39
 4.88050e-39
 8.25920e-39
 4.55734e-39
 0.00000e+00
 0.00000e+00
 0.00000e+00
 0.00000e+00
 0.00000e+00
 0.00000e+00
 2.92851e-34
 1.34407e-35
 2.05267e-37
 8.40951e-40
 1.30257e-38
 1.49599e-37
 1.41726e-36
 1.19688e-35
 9.51809e-35
 6.01970e-34
 2.25096e-33
 4.36283e-33
 3.82377e-33
 1.43242e-33
 2.37989e-34
 8.51516e-33
 3.55043e-34
 4.92581e-36
 3.15615e-38
 5.33044e-37
 6.60789e-36
 6.66439e-35
 5.87079e-34
 4.76473e-33
 3.11806e-32
 1.20117e-31
 2.34448e-31
 2.02146e-31
 7.11260e-32
 1.02528e-32
 7.45933e-32
 2.75037e-33
 3.38765e-35
 3.54419e-37
 6.80924e-36
 9.55258e-35
 1.07939e-33
 1.04965e-32
 9.23486e-32
 6.63561e-31
 2.72579e-30
 5.39921e-30
 4.58692e-30
 1.52215e-30
 1.89373e-31
 2.89775e-31
 9.49647e-33
 1.06275e-34
 1.71799e-36
 3.90404e-35
 6.51521e-34
 8.75988e-33
 1.00787e-31
 1.03780e-30
 8.88720e-30
 4.02631e-29
 8.07790e-29
 6.73054e-29
 2.11222e-29
 2.27471e-30
 5.81276e-31
 1.64050e-32
 1.58935e-34
 4.15494e-36
 1.12383e-34
 2.27818e-33
 3.81070e-32
 5.68834e-31
 7.70476e-30
 9.00237e-29
 4.63149e-28
 9.26996e-28
 7.47818e-28
 2.22080e-28
 2.09603e-29
 5.41099e-31
 1.39219e-32
 1.21014e-34
 4.21749e-36
 1.30204e-34
 3.26128e-33
 7.59559e-32
 1.71498e-30
 3.82728e-29
 8.03327e-28
 4.66516e-27
 9.02192e-27
 6.89363e-27
 1.93366e-27
 1.63493e-28
 2.08889e-31
 5.28442e-33
 4.49590e-35
 1.63027e-36
 5.74767e-35
 1.77117e-33
 4.99437e-32
 1.26542e-30
 1.28315e-28
 7.82763e-27
 4.51437e-26
 8.00600e-26
 5.63129e-26
 1.48567e-26
 1.16066e-27
 2.88605e-32
 7.71191e-34
 6.54516e-36
 1.94960e-37
 7.54718e-36
 2.41486e-34
 4.53624e-33
 2.88008e-32
 2.98045e-27
 1.04075e-25
 4.54253e-25
 6.86228e-25
 4.31105e-25
 1.05965e-25
 7.93059e-27
 3.55428e-33
 1.02857e-34
 8.93202e-37
 2.48071e-38
 6.94015e-37
 1.68124e-35
 1.94349e-34
 4.03840e-34
 1.03509e-25
 1.65682e-24
 5.07954e-24
 6.14655e-24
 3.26712e-24
 6.96811e-25
 5.00146e-26
 3.80624e-34
 1.21719e-35
 1.10898e-37
 3.69074e-39
 5.50300e-38
 9.93669e-37
 7.42632e-36
 8.94772e-36
 4.51259e-24
 3.34758e-23
 6.78778e-23
 6.02043e-23
 2.54039e-23
 4.41419e-24
 3.00027e-25
 3.33135e-35
 1.19484e-36
 1.16019e-38
 4.73939e-40
 3.55568e-39
 4.73592e-38
 2.39569e-37
 2.41614e-37
 2.68074e-22
 9.25496e-22
 1.16232e-21
 6.82546e-22
 2.05523e-22
 2.96776e-23
 1.79890e-24
 2.18334e-36
 8.86396e-38
 9.28847e-40
 4.78661e-41
 1.73198e-40
 1.68857e-39
 6.07223e-39
 5.59486e-39
 2.48416e-20
 4.42205e-20
 2.71216e-20
 9.36735e-21
 1.82923e-21
 2.15825e-22
 1.12303e-23
 1.72713e-12
 7.84374e-13
 1.28591e-13
 2.49960e-14
 6.41870e-15
 1.71914e-15
 4.55658e-16
 1.12435e-16
 2.50715e-17
 5.28002e-18
 1.02409e-18
 1.70953e-19
 2.22144e-20
 1.95427e-21
 8.20945e-23
 1.05089e-10
 4.96822e-11
 7.41823e-12
 1.21290e-12
 2.81921e-13
 7.12394e-14
 1.87815e-14
 4.66093e-15
 1.04981e-15
 2.17053e-16
 3.98988e-17
 6.13897e-18
 7.28068e-19
 5.80948e-20
 2.22251e-21
 1.20579e-09
 5.96855e-10
 8.25520e-11
 1.07107e-11
 2.16365e-12
 4.67712e-13
 1.04515e-13
 2.36776e-14
 5.23940e-15
 1.08073e-15
 1.97133e-16
 2.99230e-17
 3.48231e-18
 2.71447e-19
 1.01179e-20
 7.24440e-09
 3.77168e-09
 4.98332e-10
 4.62188e-11
 6.37906e-12
 1.05895e-12
 2.00564e-13
 4.08199e-14
 8.53622e-15
 1.70027e-15
 3.03013e-16
 4.53159e-17
 5.21970e-18
 4.03223e-19
 1.48841e-20
 2.86819e-08
 1.57788e-08
 2.06055e-09
 1.08213e-10
 9.77619e-12
 1.16066e-12
 1.71373e-13
 2.96672e-14
 5.64805e-15
 1.09658e-15
 1.99406e-16
 3.09643e-17
 3.70028e-18
 2.93574e-19
 1.09723e-20
 8.36777e-08
 4.89215e-08
 6.66152e-09
 1.57736e-10
 7.97219e-12
 6.28893e-13
 6.56285e-14
 8.73109e-15
 1.41592e-15
 2.88205e-16
 6.19198e-17
 1.13605e-17
 1.54192e-18
 1.33091e-19
 5.21070e-21
 1.93074e-07
 1.21198e-07
 1.81109e-08
 1.29221e-10
 3.09322e-12
 1.35489e-13
 8.77968e-15
 7.59296e-16
 9.04212e-17
 2.43791e-17
 8.11547e-18
 2.03541e-18
 3.38350e-19
 3.31578e-20
 1.39674e-21
 3.72507e-07
 2.55636e-07
 4.36092e-08
 4.30022e-11
 4.06300e-13
 6.49841e-15
 1.49944e-16
 4.62351e-18
 1.01394e-18
 1.50034e-18
 9.07579e-19
 3.05364e-19
 5.98771e-20
 6.47615e-21
 2.85577e-22
 6.38264e-07
 4.76355e-07
 9.17745e-08
 2.08025e-27
 6.65134e-26
 1.98336e-24
 6.40447e-23
 2.13218e-21
 4.38286e-20
 1.04071e-19
 9.40872e-20
 3.99006e-20
 9.16280e-21
 1.08754e-21
 5.09579e-23
part
         5
coordinates
 1.39582e-21
 3.31360e-20
 3.38120e-19
 2.03396e-18
 8.10944e-18
 2.43604e-17
 9.03567e-17
 7.58859e-16
 8.77585e-15
 1.35447e-13
 3.09260e-12
 1.29204e-10
 1.81036e-08
 1.21197e-07
 2.85383e-22
 6.47180e-21
 5.98359e-20
 3.05144e-19
 9.06883e-19
 1.49913e-18
 1.01309e-18
 4.62001e-18
 1.49855e-16
 6.49539e-15
 4.06154e-13
 4.29903e-11
 4.35972e-08
 2.55636e-07
 5.09230e-23
 1.08680e-21
 9.15648e-21
 3.98718e-20
 9.40140e-20
 1.03985e-19
 4.37902e-20
 2.13011e-21
 6.39809e-23
 1.98133e-24
 6.64429e-26
 2.07798e-27
 9.17565e-08
 4.76356e-07
 8.47189e-24
 1.63807e-22
 1.23559e-21
 4.61135e-21
 8.93929e-21
 7.85598e-21
 2.65122e-21
 2.17883e-22
 1.53426e-23
 9.28082e-25
 4.82660e-26
 1.87371e-27
 1.71725e-07
 8.28684e-07
 1.23077e-24
 2.08449e-23
 1.39133e-22
 4.55791e-22
 7.42304e-22
 5.69661e-22
 1.83157e-22
 2.15256e-23
 2.16787e-24
 1.81945e-25
 1.21073e-26
 5.88225e-28
 2.97893e-07
 1.39793e-06
 1.43764e-25
 2.08520e-24
 1.22428e-23
 3.61025e-23
 5.05911e-23
 3.49354e-23
 1.16228e-23
 1.66539e-24
 2.08367e-25
 2.20181e-26
 1.86759e-27
 1.17827e-28
 4.95336e-07
 2.34928e-06
 1.19351e-26
 1.46603e-25
 7.56271e-25
 2.02340e-24
 2.55000e-24
 1.59979e-24
 5.27445e-25
 8.93460e-26
 1.61558e-26
 3.13552e-27
 5.30773e-28
 6.77451e-29
 8.09440e-07
 4.07105e-06
 2.32171e-24
 1.59060e-23
 5.20718e-23
 1.01807e-22
 1.07144e-22
 5.94896e-23
 1.88550e-23
 3.80048e-24
 7.15213e-25
 1.19034e-25
 1.62450e-26
 1.63303e-27
 1.22455e-06
 6.95430e-06
 6.76710e-23
 5.49454e-22
 2.01150e-21
 4.22922e-21
 4.60143e-21
 2.60090e-21
 8.41617e-22
 1.69087e-22
 3.06868e-23
 4.78677e-24
 5.99783e-25
 5.45823e-26
 1.48018e-06
 8.97698e-06
 8.38332e-22
 8.12906e-21
 3.33650e-20
 7.53008e-20
 8.46831e-20
 4.85679e-20
 1.56571e-20
 2.98001e-21
 4.96648e-22
 6.94588e-23
 7.67717e-24
 6.10973e-25
 1.48942e-06
 9.21658e-06
 6.69343e-21
 7.71792e-20
 3.54991e-19
 8.61123e-19
 1.01236e-18
 5.95329e-19
 1.87005e-19
 3.14371e-20
 4.50043e-21
 5.31692e-22
 4.93128e-23
 3.29953e-24
 1.40899e-06
 9.07118e-06
 4.06685e-20
 5.47479e-19
 2.80985e-18
 7.36735e-18
 9.30749e-18
 5.75749e-18
 1.71804e-18
 2.26670e-19
 2.50766e-20
 2.30422e-21
 1.73312e-22
 9.89006e-24
 1.26468e-06
 8.69636e-06
 2.07565e-19
 3.15737e-18
 1.79149e-17
 5.13365e-17
 7.27956e-17
 4.95562e-17
 1.42098e-17
 1.15662e-18
 8.40312e-20
 5.45276e-21
 3.05675e-22
 1.37363e-23
 1.05595e-06
 8.03237e-06
 9.56139e-19
 1.56906e-17
 9.69024e-17
 3.08759e-16
 5.14128e-16
 4.24085e-16
 1.37481e-16
 1.00160e-18
 7.31337e-20
 4.47871e-21
 2.24918e-22
 1.04248e-20
 7.87266e-07
 6.99284e-06
 4.19089e-18
 7.02123e-17
 4.62075e-16
 1.66392e-15
 3.38904e-15
 4.04402e-15
 2.88890e-15
 9.83524e-15
 1.08609e-13
 1.66889e-12
 3.86695e-11
 1.58313e-09
 5.16953e-07
 5.55621e-06
 1.51234e-17
 2.65372e-16
 1.91515e-15
 7.86431e-15
 2.17316e-14
 4.50861e-14
 1.01961e-13
 4.34544e-13
 2.64733e-12
 2.18271e-11
 2.63253e-10
 5.43484e-09
 3.09985e-07
 3.79944e-06
 3.73814e-17
 7.17703e-16
 6.08918e-15
 3.20048e-14
 1.20425e-13
 3.69248e-13
 1.11817e-12
 4.07829e-12
 1.81026e-11
 1.01227e-10
 7.39853e-10
 7.82709e-09
 1.65484e-07
 2.02701e-06
 6.05006e-17
 1.22983e-15
 1.14958e-14
 6.96989e-14
 3.14996e-13
 1.18161e-12
 4.03728e-12
 1.37275e-11
 5.02233e-11
 2.09782e-10
 1.05662e-09
 6.79030e-09
 7.22109e-08
 7.80512e-07
 6.38703e-17
 1.33411e-15
 1.29977e-14
 8.35039e-14
 4.06189e-13
 1.62810e-12
 5.72604e-12
 1.87790e-11
 6.18829e-11
 2.14811e-10
 8.22962e-10
 3.75696e-09
 2.32139e-08
 2.12626e-07
 3.42808e-17
 7.18148e-16
 7.03578e-15
 4.55081e-14
 2.22740e-13
 8.96183e-13
 3.15077e-12
 1.01825e-11
 3.16381e-11
 9.82553e-11
 3.14127e-10
 1.03535e-09
 4.52011e-09
 3.53095e-08
 5.60010e-18
 1.09829e-16
 1.01620e-15
 6.31373e-15
 3.02454e-14
 1.22309e-13
 4.43248e-13
 1.47746e-12
 4.41450e-12
 1.21572e-11
 3.25176e-11
 9.33048e-11
 3.49183e-10
 2.39831e-09
 4.11586e-19
 6.24975e-18
 4.11104e-17
 1.60911e-16
 3.43184e-16
 4.41522e-16
 2.23977e-16
 0.00000e+00
 0.00000e+00
 0.00000e+00
 0.00000e+00
 0.00000e+00
 0.00000e+00
 0.00000e+00
 6.82913e-20
 8.87556e-19
 4.61875e-18
 1.07445e-17
 1.34846e-17
 8.61105e-18
 2.07151e-18
 0.00000e+00
 0.00000e+00
 0.00000e+00
 0.00000e+00
 0.00000e+00
 0.00000e+00
 0.00000e+00
 1.35070e-20
 1.61557e-19
 6.11018e-19
 1.03362e-18
 8.45303e-19
 3.09173e-19
 3.45252e-20
 0.00000e+00
 0.00000e+00
 0.00000e+00
 0.00000e+00
 0.00000e+00
 0.00000e+00
 0.00000e+00
 2.76834e-21
 3.05937e-20
 9.21443e-20
 1.21901e-19
 7.34640e-20
 1.67266e-20
 8.44636e-22
 0.00000e+00
 0.00000e+00
 0.00000e+00
 0.00000e+00
 0.00000e+00
 0.00000e+00
 0.00000e+00
 5.56865e-22
 5.65237e-21
 1.49268e-20
 1.64892e-20
 7.83684e-21
 1.20635e-21
 2.74549e-23
 0.00000e+00
 0.00000e+00
 0.00000e+00
 0.00000e+00
 0.00000e+00
 0.00000e+00
 0.00000e+00
 9.08713e-23
 7.80133e-22
 1.91034e-21
 1.91401e-21
 7.82907e-22
 9.09970e-23
 1.02429e-24
 0.00000e+00
 0.00000e+00
 0.00000e+00
 0.00000e+00
 0.00000e+00
 0.00000e+00
 0.00000e+00
 1.39582e-21
 3.31360e-20
 3.38120e-19
 2.03396e-18
 8.10944e-18
 2.43604e-17
 9.03567e-17
 7.58859e-16
 8.77585e-15
 1.35447e-13
 3.09260e-12
 1.29204e-10
 1.81036e-08
 1.21197e-07
 2.85383e-22
 6.47180e-21
 5.98359e-20
 3.05144e-19
 9.06883e-19
 1.49913e-18
 1.01309e-18
 4.62001e-18
 1.49855e-16
 6.49539e-15
 4.06154e-13
 4.29903e-11
 4.35972e-08
 2.55636e-07
 5.09230e-23
 1.08680e-21
 9.15648e-21
 3.98718e-20
 9.40140e-20
 1.03985e-19
 4.37902e-20
 2.13011e-21
 6.39809e-23
 1.98133e-24
 6.64429e-26
 2.07798e-27
 9.17565e-08
 4.76356e-07
 8.47189e-24
 1.63807e-22
 1.23559e-21
 4.61135e-21
 8.93929e-21
 7.85598e-21
 2.65122e-21
 2.17883e-22
 1.53426e-23
 9.28082e-25
 4.82660e-26
 1.87371e-27
 1.71725e-07
 8.28684e-07
 1.23077e-24
 2.08449e-23
 1.39133e-22
 4.55791e-22
 7.42304e-22
 5.69661e-22
 1.83157e-22
 2.15256e-23
 2.16787e-24
 1.81945e-25
 1.21073e-26
 5.88225e-28
 2.97893e-07
 1.39793e-06
 1.43764e-25
 2.08520e-24
 1.22428e-23
 3.61025e-23
 5.05911e-23
 3.49354e-23
 1.16228e-23
 1.66539e-24
 2.08367e-25
 2.20181e-26
 1.86759e-27
 1.17827e-28
 4.95336e-07
 2.34928e-06
 1.19351e-26
 1.46603e-25
 7.56271e-25
 2.02340e-24
 2.55000e-24
 1.59979e-24
 5.27445e-25
 8.93460e-26
 1.61558e-26
 3.13552e-27
 5.30773e-28
 6.77451e-29
 8.09440e-07
 4.07105e-06
 2.32171e-24
 1.59060e-23
 5.20718e-23
 1.01807e-22
 1.07144e-22
 5.94896e-23
 1.88550e-23
 3.80048e-24
 7.15213e-25
 1.19034e-25
 1.62450e-26
 1.63303e-27
 1.22455e-06
 6.95430e-06
 6.76710e-23
 5.49454e-22
 2.01150e-21
 4.22922e-21
 4.60143e-21
 2.60090e-21
 8.41617e-22
 1.69087e-22
 3.06868e-23
 4.78677e-24
 5.99783e-25
 5.45823e-26
 1.48018e-06
 8.97698e-06
 8.38332e-22
 8.12906e-21
 3.33650e-20
 7.53008e-20
 8.46831e-20
 4.85679e-20
 1.56571e-20
 2.98001e-21
 4.96648e-22
 6.94588e-23
 7.67717e-24
 6.10973e-25
 1.48942e-06
 9.21658e-06
 6.69343e-21
 7.71792e-20
 3.54991e-19
 8.61123e-19
 1.01236e-18
 5.95329e-19
 1.87005e-19
 3.14371e-20
 4.50043e-21
 5.31692e-22
 4.93128e-23
 3.29953e-24
 1.40899e-06
 9.07118e-06
 4.06685e-20
 5.47479e-19
 2.80985e-18
 7.36735e-18
 9.30749e-18
 5.75749e-18
 1.71804e-18
 2.26670e-19
 2.50766e-20
 2.30422e-21
 1.73312e-22
 9.89006e-24
 1.26468e-06
 8.69636e-06
 2.07565e-19
 3.15737e-18
 1.79149e-17
 5.13365e-17
 7.27956e-17
 4.95562e-17
 1.42098e-17
 1.15662e-18
 8.40312e-20
 5.45276e-21
 3.05675e-22
 1.37363e-23
 1.05595e-06
 8.03237e-06
 9.56139e-19
 1.56906e-17
 9.69024e-17
 3.08759e-16
 5.14128e-16
 4.24085e-16
 1.37481e-16
 1.00160e-18
 7.31337e-20
 4.47871e-21
 2.24918e-22
 1.04248e-20
 7.87266e-07
 6.99284e-06
 4.19089e-18
 7.02123e-17
 4.62075e-16
 1.66392e-15
 3.38904e-15
 4.04402e-15
 2.88890e-15
 9.83524e-15
 1.08609e-13
 1.66889e-12
 3.86695e-11
 1.58313e-09
 5.16953e-07
 5.55621e-06
 1.51234e-17
 2.65372e-16
 1.91515e-15
 7.86431e-15
 2.17316e-14
 4.50861e-14
 1.01961e-13
 4.34544e-13
 2.64733e-12
 2.18271e-11
 2.63253e-10
 5.43484e-09
 3.09985e-07
 3.79944e-06
 3.73814e-17
 7.17703e-16
 6.08918e-15
 3.20048e-14
 1.20425e-13
 3.69248e-13
 1.11817e-12
 4.07829e-12
 1.81026e-11
 1.01227e-10
 7.39853e-10
 7.82709e-09
 1.65484e-07
 2.02701e-06
 6.05006e-17
 1.22983e-15
 1.14958e-14
 6.96989e-14
 3.14996e-13
 1.18161e-12
 4.03728e-12
 1.37275e-11
 5.02233e-11
 2.09782e-10
 1.05662e-09
 6.79030e-09
 7.22109e-08
 7.80512e-07
 6.38703e-17
 1.33411e-15
 1.29977e-14
 8.35039e-14
 4.06189e-13
 1.62810e-12
 5.72604e-12
 1.87790e-11
 6.18829e-11
 2.14811e-10
 8.22962e-10
 3.75696e-09
 2.32139e-08
 2.12626e-07
 3.42808e-17
 7.18148e-16
 7.03578e-15
 4.55081e-14
 2.22740e-13
 8.96183e-13
 3.15077e-12
 1.01825e-11
 3.16381e-11
 9.82553e-11
 3.14127e-10
 1.03535e-09
 4.52011e-09
 3.53095e-08
 5.60010e-18
 1.09829e-16
 1.01620e-15
 6.31373e-15
 3.02454e-14
 1.22309e-13
 4.43248e-13
 1.47746e-12
 4.41450e-12
 1.21572e-11
 3.25176e-11
 9.33048e-11
 3.49183e-10
 2.39831e-09
 4.11586e-19
 6.24975e-18
 4.11104e-17
 1.60911e-16
 3.43184e-16
 4.41522e-16
 2.23977e-16
 0.00000e+00
 0.00000e+00
 0.00000e+00
 0.00000e+00
 0.00000e+00
 0.00000e+00
 0.00000e+00
 6.82913e-20
 8.87556e-19
 4.61875e-18
 1.07445e-17
 1.34846e-17
 8.61105e-18
 2.07151e-18
 0.00000e+00
 0.00000e+00
 0.00000e+00
 0.00000e+00
 0.00000e+00
 0.00000e+00
 0.00000e+00
 1.35070e-20
 1.61557e-19
 6.11018e-19
 1.03362e-18
 8.45303e-19
 3.09173e-19
 3.45252e-20
 0.00000e+00
 0.00000e+00
 0.00000e+00
 0.00000e+00
 0.00000e+00
 0.00000e+00
 0.00000e+00
 2.76834e-21
 3.05937e-20
 9.21443e-20
 1.21901e-19
 7.34640e-20
 1.67266e-20
 8.44636e-22
 0.00000e+00
 0.00000e+00
 0.00000e+00
 0.00000e+00
 0.00000e+00
 0.00000e+00
 0.00000e+00
 5.56865e-22
 5.65237e-21
 1.49268e-20
 1.64892e-20
 7.83684e-21
 1.20635e-21
 2.74549e-23
 0.00000e+00
 0.00000e+00
 0.00000e+00
 0.00000e+00
 0.00000e+00
 0.00000e+00
 0.00000e+00
 9.08713e-23
 7.80133e-22
 1.91034e-21
 1.91401e-21
 7.82907e-22
 9.09970e-23
 1.02429e-24
 0.00000e+00
 0.00000e+00
 0.00000e+00
 0.00000e+00
 0.00000e+00
 0.00000e+00
 0.00000e+00
part
         6
coordinates
 1.29204e-10
 1.81036e-08
 1.21197e-07
 1.93081e-07
 1.18663e-07
 3.31353e-08
 4.95062e-09
 7.29264e-10
 1.37902e-10
 3.19127e-11
 7.23309e-12
 1.33857e-12
 1.79047e-13
 1.51000e-14
 1.19684e-15
 4.29903e-11
 4.35972e-08
 2.55636e-07
 3.72519e-07
 1.94351e-07
 3.71451e-08
 3.41224e-09
 1.95364e-10
 1.83509e-11
 5.17149e-12
 1.58881e-12
 3.65087e-13
 5.60162e-14
 5.08057e-15
 4.10497e-16
 2.07798e-27
 9.17565e-08
 4.76356e-07
 6.38281e-07
 2.98953e-07
 4.92441e-08
 4.09753e-09
 1.25743e-10
 5.05932e-13
 5.62980e-13
 2.56646e-13
 7.14004e-14
 1.23427e-14
 1.20186e-15
 1.00654e-16
 1.87371e-27
 1.71725e-07
 8.28684e-07
 1.06012e-06
 4.78178e-07
 8.31086e-08
 8.48179e-09
 3.93700e-10
 1.31699e-12
 5.43597e-14
 3.51716e-14
 1.16675e-14
 2.31777e-15
 2.49340e-16
 2.26969e-17
 5.88225e-28
 2.97893e-07
 1.39793e-06
 1.79252e-06
 8.44785e-07
 1.75642e-07
 2.54334e-08
 2.13420e-09
 3.47271e-11
 4.90334e-15
 4.01973e-15
 1.54324e-15
 3.55005e-16
 4.30116e-17
 4.41404e-18
 1.17827e-28
 4.95336e-07
 2.34928e-06
 3.18024e-06
 1.72558e-06
 5.01494e-07
 1.22425e-07
 2.20202e-08
 1.80444e-09
 3.81224e-16
 3.57654e-16
 1.56815e-16
 4.16840e-17
 5.74443e-18
 6.80033e-19
 6.77451e-29
 8.09440e-07
 4.07105e-06
 6.15954e-06
 4.29514e-06
 2.08293e-06
 1.03656e-06
 5.46130e-07
 3.27384e-07
 2.33625e-07
 1.84852e-07
 1.55629e-07
 1.38327e-07
 1.29162e-07
 1.26298e-07
 1.63303e-27
 1.22455e-06
 6.95430e-06
 1.21047e-05
 1.18401e-05
 1.03087e-05
 9.33854e-06
 8.79045e-06
 8.47479e-06
 8.28846e-06
 8.17464e-06
 8.10672e-06
 8.07282e-06
 8.06034e-06
 8.05734e-06
 5.45823e-26
 1.48018e-06
 8.97698e-06
 1.65948e-05
 1.83230e-05
 1.83740e-05
 1.82450e-05
 1.81416e-05
 1.80240e-05
 1.78868e-05
 1.77712e-05
 1.77069e-05
 1.77346e-05
 1.78136e-05
 1.78460e-05
 6.10973e-25
 1.48942e-06
 9.21658e-06
 1.72901e-05
 1.93520e-05
 1.96335e-05
 1.97016e-05
 1.96510e-05
 1.94113e-05
 1.89934e-05
 1.85694e-05
 1.83216e-05
 1.85892e-05
 1.91832e-05
 1.94443e-05
 3.29953e-24
 1.40899e-06
 9.07118e-06
 1.73184e-05
 1.95332e-05
 1.97697e-05
 1.97233e-05
 1.93863e-05
 1.84192e-05
 1.67781e-05
 1.51229e-05
 1.41604e-05
 1.49568e-05
 1.71666e-05
 1.83238e-05
 9.89006e-24
 1.26468e-06
 8.69636e-06
 1.70690e-05
 1.95566e-05
 1.98559e-05
 1.97597e-05
 1.91063e-05
 1.70735e-05
 1.35505e-05
 1.01821e-05
 8.40929e-06
 9.38037e-06
 1.34690e-05
 1.61519e-05
 1.37363e-23
 1.05595e-06
 8.03237e-06
 1.65077e-05
 1.94660e-05
 1.99320e-05
 1.99053e-05
 1.91769e-05
 1.63995e-05
 1.12043e-05
 6.41302e-06
 4.18921e-06
 4.70980e-06
 9.44076e-06
 1.31620e-05
 1.04248e-20
 7.87266e-07
 6.99284e-06
 1.54492e-05
 1.91157e-05
 1.98864e-05
 2.00191e-05
 1.98173e-05
 1.70988e-05
 1.05349e-05
 4.55962e-06
 2.12222e-06
 2.17327e-06
 6.55560e-06
 1.03867e-05
 1.58313e-09
 5.16953e-07
 5.55621e-06
 1.35897e-05
 1.81080e-05
 1.93895e-05
 1.96379e-05
 1.94260e-05
 1.66180e-05
 9.80480e-06
 3.65441e-06
 1.22315e-06
 1.01769e-06
 4.74925e-06
 8.21128e-06
 5.43484e-09
 3.09985e-07
 3.79944e-06
 1.05709e-05
 1.56723e-05
 1.76595e-05
 1.79335e-05
 1.68300e-05
 1.33863e-05
 7.52593e-06
 2.66105e-06
 7.47662e-07
 5.19360e-07
 3.63864e-06
 6.61081e-06
 7.82709e-09
 1.65484e-07
 2.02701e-06
 6.44565e-06
 1.09857e-05
 1.34314e-05
 1.36431e-05
 1.19761e-05
 8.54518e-06
 4.33253e-06
 1.45011e-06
 3.94953e-07
 2.71347e-07
 2.94648e-06
 5.52582e-06
 6.79030e-09
 7.22109e-08
 7.80512e-07
 2.67710e-06
 5.17155e-06
 6.88616e-06
 6.98846e-06
 5.73829e-06
 3.69339e-06
 1.72352e-06
 5.83577e-07
 1.61677e-07
 1.45114e-07
 2.50591e-06
 4.79271e-06
 3.75696e-09
 2.32139e-08
 2.12626e-07
 6.98172e-07
 1.37271e-06
 1.89598e-06
 1.91738e-06
 1.50604e-06
 9.31624e-07
 4.35055e-07
 1.55986e-07
 4.64216e-08
 8.41759e-08
 2.22226e-06
 4.29906e-06
 1.03535e-09
 4.52011e-09
 3.53095e-08
 1.09777e-07
 2.10093e-07
 2.83261e-07
 2.81030e-07
 2.17735e-07
 1.31961e-07
 6.18777e-08
 2.34138e-08
 8.28582e-09
 5.71936e-08
 2.03836e-06
 3.96803e-06
 9.33048e-11
 3.49183e-10
 2.39831e-09
 7.05889e-09
 1.30993e-08
 1.70017e-08
 1.62611e-08
 1.22274e-08
 7.14826e-09
 3.32925e-09
 1.32372e-09
 1.06802e-09
 4.50266e-08
 1.91306e-06
 3.73754e-06
 0.00000e+00
 0.00000e+00
 0.00000e+00
 0.00000e+00
 0.00000e+00
 0.00000e+00
 0.00000e+00
 0.00000e+00
 6.77639e-12
 1.82582e-11
 2.60464e-11
 4.66000e-10
 4.10553e-08
 1.86455e-06
 3.64790e-06
 0.00000e+00
 0.00000e+00
 0.00000e+00
 0.00000e+00
 0.00000e+00
 0.00000e+00
 0.00000e+00
 0.00000e+00
 8.68855e-14
 5.17912e-13
 4.98885e-12
 4.78343e-10
 4.31179e-08
 1.89889e-06
 3.71249e-06
 0.00000e+00
 0.00000e+00
 0.00000e+00
 0.00000e+00
 0.00000e+00
 0.00000e+00
 0.00000e+00
 0.00000e+00
 2.07826e-15
 4.83285e-14
 5.32326e-12
 6.07945e-10
 4.95215e-08
 1.99276e-06
 3.88768e-06
 0.00000e+00
 0.00000e+00
 0.00000e+00
 0.00000e+00
 0.00000e+00
 0.00000e+00
 0.00000e+00
 0.00000e+00
 1.32364e-16
 4.17119e-14
 9.59093e-12
 9.26570e-10
 6.25969e-08
 2.16028e-06
 4.19721e-06
 0.00000e+00
 0.00000e+00
 0.00000e+00
 0.00000e+00
 0.00000e+00
 0.00000e+00
 0.00000e+00
 0.00000e+00
 1.27412e-16
 1.25478e-13
 3.54138e-11
 2.11751e-09
 9.60640e-08
 2.48244e-06
 4.77693e-06
 0.00000e+00
 0.00000e+00
 0.00000e+00
 0.00000e+00
 0.00000e+00
 0.00000e+00
 0.00000e+00
 0.00000e+00
 8.41593e-17
 9.93479e-14
 2.89502e-11
 1.54269e-09
 6.04818e-08
 1.35041e-06
 2.58288e-06
 1.29204e-10
 1.81036e-08
 1.21197e-07
 1.93081e-07
 1.18663e-07
 3.31353e-08
 4.95062e-09
 7.29264e-10
 1.37902e-10
 3.19127e-11
 7.23309e-12
 1.33857e-12
 1.79047e-13
 1.51000e-14
 1.19684e-15
 4.29903e-11
 4.35972e-08
 2.55636e-07
 3.72519e-07
 1.94351e-07
 3.71451e-08
 3.41224e-09
 1.95364e-10
 1.83509e-11
 5.17149e-12
 1.58881e-12
 3.65087e-13
 5.60162e-14
 5.08057e-15
 4.10497e-16
 2.07798e-27
 9.17565e-08
 4.76356e-07
 6.38281e-07
 2.98953e-07
 4.92441e-08
 4.09753e-09
 1.25743e-10
 5.05932e-13
 5.62980e-13
 2.56646e-13
 7.14004e-14
 1.23427e-14
 1.20186e-15
 1.00654e-16
 1.87371e-27
 1.71725e-07
 8.28684e-07
 1.06012e-06
 4.78178e-07
 8.31086e-08
 8.48179e-09
 3.93700e-10
 1.31699e-12
 5.43597e-14
 3.51716e-14
 1.16675e-14
 2.31777e-15
 2.49340e-16
 2.26969e-17
 5.88225e-28
 2.97893e-07
 1.39793e-06
 1.79252e-06
 8.44785e-07
 1.75642e-07
 2.54334e-08
 2.13420e-09
 3.47271e-11
 4.90334e-15
 4.01973e-15
 1.54324e-15
 3.55005e-16
 4.30116e-17
 4.41404e-18
 1.17827e-28
 4.95336e-07
 2.34928e-06
 3.18024e-06
 1.72558e-06
 5.01494e-07
 1.22425e-07
 2.20202e-08
 1.80444e-09
 3.81224e-16
 3.57654e-16
 1.56815e-16
 4.16840e-17
 5.74443e-18
 6.80033e-19
 6.77451e-29
 8.09440e-07
 4.07105e-06
 6.15954e-06
 4.29514e-06
 2.08293e-06
 1.03656e-06
 5.46130e-07
 3.27384e-07
 2.33625e-07
 1.84852e-07
 1.55629e-07
 1.38327e-07
 1.29162e-07
 1.26298e-07
 1.63303e-27
 1.22455e-06
 6.95430e-06
 1.21047e-05
 1.18401e-05
 1.03087e-05
 9.33854e-06
 8.79045e-06
 8.47479e-06
 8.28846e-06
 8.17464e-06
 8.10672e-06
 8.07282e-06
 8.06034e-06
 8.05734e-06
 5.45823e-26
 1.48018e-06
 8.97698e-06
 1.65948e-05
 1.83230e-05
 1.83740e-05
 1.82450e-05
 1.81416e-05
 1.80240e-05
 1.78868e-05
 1.77712e-05
 1.77069e-05
 1.77346e-05
 1.78136e-05
 1.78460e-05
 6.10973e-25
 1.48942e-06
 9.21658e-06
 1.72901e-05
 1.93520e-05
 1.96335e-05
 1.97016e-05
 1.96510e-05
 1.94113e-05
 1.89934e-05
 1.85694e-05
 1.83216e-05
 1.85892e-05
 1.91832e-05
 1.94443e-05
 3.29953e-24
 1.40899e-06
 9.07118e-06
 1.73184e-05
 1.95332e-05
 1.97697e-05
 1.97233e-05
 1.93863e-05
 1.84192e-05
 1.67781e-05
 1.51229e-05
 1.41604e-05
 1.49568e-05
 1.71666e-05
 1.83238e-05
 9.89006e-24
 1.26468e-06
 8.69636e-06
 1.70690e-05
 1.95566e-05
 1.98559e-05
 1.97597e-05
 1.91063e-05
 1.70735e-05
 1.35505e-05
 1.01821e-05
 8.40929e-06
 9.38037e-06
 1.34690e-05
 1.61519e-05
 1.37363e-23
 1.05595e-06
 8.03237e-06
 1.65077e-05
 1.94660e-05
 1.99320e-05
 1.99053e-05
 1.91769e-05
 1.63995e-05
 1.12043e-05
 6.41302e-06
 4.18921e-06
 4.70980e-06
 9.44076e-06
 1.31620e-05
 1.04248e-20
 7.87266e-07
 6.99284e-06
 1.54492e-05
 1.91157e-05
 1.98864e-05
 2.00191e-05
 1.98173e-05
 1.70988e-05
 1.05349e-05
 4.55962e-06
 2.12222e-06
 2.17327e-06
 6.55560e-06
 1.03867e-05
 1.58313e-09
 5.16953e-07
 5.55621e-06
 1.35897e-05
 1.81080e-05
 1.93895e-05
 1.96379e-05
 1.94260e-05
 1.66180e-05
 9.80480e-06
 3.65441e-06
 1.22315e-06
 1.01769e-06
 4.74925e-06
 8.21128e-06
 5.43484e-09
 3.09985e-07
 3.79944e-06
 1.05709e-05
 1.56723e-05
 1.76595e-05
 1.79335e-05
 1.68300e-05
 1.33863e-05
 7.52593e-06
 2.66105e-06
 7.47662e-07
 5.19360e-07
 3.63864e-06
 6.61081e-06
 7.82709e-09
 1.65484e-07
 2.02701e-06
 6.44565e-06
 1.09857e-05
 1.34314e-05
 1.36431e-05
 1.19761e-05
 8.54518e-06
 4.33253e-06
 1.45011e-06
 3.94953e-07
 2.71347e-07
 2.94648e-06
 5.52582e-06
 6.79030e-09
 7.22109e-08
 7.80512e-07
 2.67710e-06
 5.17155e-06
 6.88616e-06
 6.98846e-06
 5.73829e-06
 3.69339e-06
 1.72352e-06
 5.83577e-07
 1.61677e-07
 1.45114e-07
 2.50591e-06
 4.79271e-06
 3.75696e-09
 2.32139e-08
 2.12626e-07
 6.98172e-07
 1.37271e-06
 1.89598e-06
 1.91738e-06
 1.50604e-06
 9.31624e-07
 4.35055e-07
 1.55986e-07
 4.64216e-08
 8.41759e-08
 2.22226e-06
 4.29906e-06
 1.03535e-09
 4.52011e-09
 3.53095e-08
 1.09777e-07
 2.10093e-07
 2.83261e-07
 2.81030e-07
 2.17735e-07
 1.31961e-07
 6.18777e-08
 2.34138e-08
 8.28582e-09
 5.71936e-08
 2.03836e-06
 3.96803e-06
 9.33048e-11
 3.49183e-10
 2.39831e-09
 7.05889e-09
 1.30993e-08
 1.70017e-08
 1.62611e-08
 1.22274e-08
 7.14826e-09
 3.32925e-09
 1.32372e-09
 1.06802e-09
 4.50266e-08
 1.91306e-06
 3.73754e-06
 0.00000e+00
 0.00000e+00
 0.00000e+00
 0.00000e+00
 0.00000e+00
 0.00000e+00
 0.00000e+00
 0.00000e+00
 6.77639e-12
 1.82582e-11
 2.60464e-11
 4.66000e-10
 4.10553e-08
 1.86455e-06
 3.64790e-06
 0.00000e+00
 0.00000e+00
 0.00000e+00
 0.00000e+00
 0.00000e+00
 0.00000e+00
 0.00000e+00
 0.00000e+00
 8.68855e-14
 5.17912e-13
 4.98885e-12
 4.78343e-10
 4.31179e-08
 1.89889e-06
 3.71249e-06
 0.00000e+00
 0.00000e+00
 0.00000e+00
 0.00000e+00
 0.00000e+00
 0.00000e+00
 0.00000e+00
 0.00000e+00
 2.07826e-15
 4.83285e-14
 5.32326e-12
 6.07945e-10
 4.95215e-08
 1.99276e-06
 3.88768e-06
 0.00000e+00
 0.00000e+00
 0.00000e+00
 0.00000e+00
 0.00000e+00
 0.00000e+00
 0.00000e+00
 0.00000e+00
 1.32364e-16
 4.17119e-14
 9.59093e-12
 9.26570e-10
 6.25969e-08
 2.16028e-06
 4.19721e-06
 0.00000e+00
 0.00000e+00
 0.00000e+00
 0.00000e+00
 0.00000e+00
 0.00000e+00
 0.00000e+00
 0.00000e+00
 1.27412e-16
 1.25478e-13
 3.54138e-11
 2.11751e-09
 9.60640e-08
 2.48244e-06
 4.77693e-06
 0.00000e+00
 0.00000e+00
 0.00000e+00
 0.00000e+00
 0.00000e+00
 0.00000e+00
 0.00000e+00
 0.00000e+00
 8.41593e-17
 9.93479e-14
 2.89502e-11
 1.54269e-09
 6.04818e-08
 1.35041e-06
 2.58288e-06
part
         7
coordinates
 1.79047e-13
 1.51000e-14
 1.19684e-15
 1.50999e-14
 1.79047e-13
 1.33857e-12
 7.23308e-12
 3.19127e-11
 1.37902e-10
 7.29264e-10
 4.95062e-09
 3.31354e-08
 1.18662e-07
 1.93074e-07
 1.21198e-07
 1.81109e-08
 5.60162e-14
 5.08057e-15
 4.10497e-16
 5.08055e-15
 5.60161e-14
 3.65086e-13
 1.58881e-12
 5.17149e-12
 1.83509e-11
 1.95364e-10
 3.41225e-09
 3.71452e-08
 1.94352e-07
 3.72507e-07
 2.55636e-07
 4.36092e-08
 1.23427e-14
 1.20186e-15
 1.00654e-16
 1.20185e-15
 1.23427e-14
 7.14003e-14
 2.56645e-13
 5.62979e-13
 5.05932e-13
 1.25743e-10
 4.09753e-09
 4.92441e-08
 2.98956e-07
 6.38264e-07
 4.76355e-07
 9.17745e-08
 2.31777e-15
 2.49340e-16
 2.26969e-17
 2.49340e-16
 2.31777e-15
 1.16675e-14
 3.51716e-14
 5.43596e-14
 1.31699e-12
 3.93700e-10
 8.48179e-09
 8.31086e-08
 4.78184e-07
 1.06009e-06
 8.28680e-07
 1.71751e-07
 3.55005e-16
 4.30116e-17
 4.41404e-18
 4.30116e-17
 3.55004e-16
 1.54324e-15
 4.01972e-15
 4.90334e-15
 3.47271e-11
 2.13420e-09
 2.54334e-08
 1.75642e-07
 8.44794e-07
 1.79248e-06
 1.39793e-06
 2.97932e-07
 4.16840e-17
 5.74443e-18
 6.80033e-19
 5.74442e-18
 4.16840e-17
 1.56815e-16
 3.57654e-16
 3.81224e-16
 1.80444e-09
 2.20202e-08
 1.22425e-07
 5.01494e-07
 1.72560e-06
 3.18018e-06
 2.34926e-06
 4.95397e-07
 1.38327e-07
 1.29162e-07
 1.26298e-07
 1.29162e-07
 1.38327e-07
 1.55629e-07
 1.84852e-07
 2.33625e-07
 3.27384e-07
 5.46130e-07
 1.03656e-06
 2.08293e-06
 4.29515e-06
 6.15944e-06
 4.07103e-06
 8.09538e-07
 8.07282e-06
 8.06034e-06
 8.05734e-06
 8.06034e-06
 8.07282e-06
 8.10672e-06
 8.17464e-06
 8.28846e-06
 8.47479e-06
 8.79045e-06
 9.33854e-06
 1.03087e-05
 1.18401e-05
 1.21045e-05
 6.95429e-06
 1.22472e-06
 1.77346e-05
 1.78136e-05
 1.78460e-05
 1.78136e-05
 1.77346e-05
 1.77069e-05
 1.77712e-05
 1.78868e-05
 1.80240e-05
 1.81416e-05
 1.82450e-05
 1.83740e-05
 1.83230e-05
 1.65945e-05
 8.97696e-06
 1.48040e-06
 1.85892e-05
 1.91832e-05
 1.94443e-05
 1.91832e-05
 1.85892e-05
 1.83216e-05
 1.85694e-05
 1.89934e-05
 1.94113e-05
 1.96510e-05
 1.97016e-05
 1.96335e-05
 1.93520e-05
 1.72899e-05
 9.21657e-06
 1.48964e-06
 1.49568e-05
 1.71666e-05
 1.83238e-05
 1.71666e-05
 1.49568e-05
 1.41604e-05
 1.51229e-05
 1.67781e-05
 1.84192e-05
 1.93863e-05
 1.97233e-05
 1.97697e-05
 1.95332e-05
 1.73181e-05
 9.07117e-06
 1.40923e-06
 9.38037e-06
 1.34690e-05
 1.61519e-05
 1.34690e-05
 9.38037e-06
 8.40929e-06
 1.01821e-05
 1.35505e-05
 1.70735e-05
 1.91063e-05
 1.97597e-05
 1.98559e-05
 1.95566e-05
 1.70687e-05
 8.69635e-06
 1.26496e-06
 4.70980e-06
 9.44076e-06
 1.31620e-05
 9.44076e-06
 4.70980e-06
 4.18921e-06
 6.41302e-06
 1.12043e-05
 1.63995e-05
 1.91769e-05
 1.99053e-05
 1.99320e-05
 1.94660e-05
 1.65073e-05
 8.03236e-06
 1.05627e-06
 2.17327e-06
 6.55560e-06
 1.03867e-05
 6.55560e-06
 2.17327e-06
 2.12222e-06
 4.55962e-06
 1.05349e-05
 1.70988e-05
 1.98173e-05
 2.00191e-05
 1.98864e-05
 1.91157e-05
 1.54488e-05
 6.99286e-06
 7.87670e-07
 1.01769e-06
 4.74925e-06
 8.21128e-06
 4.74925e-06
 1.01769e-06
 1.22315e-06
 3.65441e-06
 9.80480e-06
 1.66180e-05
 1.94260e-05
 1.96379e-05
 1.93895e-05
 1.81080e-05
 1.35893e-05
 5.55624e-06
 5.17407e-07
 5.19360e-07
 3.63864e-06
 6.61081e-06
 3.63864e-06
 5.19360e-07
 7.47662e-07
 2.66105e-06
 7.52593e-06
 1.33863e-05
 1.68300e-05
 1.79335e-05
 1.76595e-05
 1.56724e-05
 1.05705e-05
 3.79940e-06
 3.10360e-07
 2.71347e-07
 2.94648e-06
 5.52582e-06
 2.94648e-06
 2.71347e-07
 3.94953e-07
 1.45011e-06
 4.33253e-06
 8.54518e-06
 1.19762e-05
 1.36431e-05
 1.34314e-05
 1.09858e-05
 6.44535e-06
 2.02690e-06
 1.65716e-07
 1.45114e-07
 2.50591e-06
 4.79271e-06
 2.50591e-06
 1.45114e-07
 1.61677e-07
 5.83577e-07
 1.72352e-06
 3.69340e-06
 5.73831e-06
 6.98849e-06
 6.88624e-06
 5.17162e-06
 2.67690e-06
 7.80406e-07
 7.23238e-08
 8.41759e-08
 2.22226e-06
 4.29906e-06
 2.22226e-06
 8.41759e-08
 4.64217e-08
 1.55986e-07
 4.35057e-07
 9.31628e-07
 1.50605e-06
 1.91740e-06
 1.89602e-06
 1.37273e-06
 6.98069e-07
 2.12575e-07
 2.32535e-08
 5.71936e-08
 2.03836e-06
 3.96803e-06
 2.03836e-06
 5.71936e-08
 8.28586e-09
 2.34139e-08
 6.18781e-08
 1.31962e-07
 2.17738e-07
 2.81034e-07
 2.83268e-07
 2.10091e-07
 1.09750e-07
 3.52972e-08
 4.52852e-09
 4.50266e-08
 1.91306e-06
 3.73754e-06
 1.91306e-06
 4.50266e-08
 1.06802e-09
 1.32373e-09
 3.32929e-09
 7.14836e-09
 1.22276e-08
 1.62614e-08
 1.70020e-08
 1.30986e-08
 7.05631e-09
 2.39726e-09
 3.49904e-10
 4.10553e-08
 1.86455e-06
 3.64790e-06
 1.86455e-06
 4.10553e-08
 4.66000e-10
 2.60466e-11
 1.82584e-11
 6.77647e-12
 0.00000e+00
 0.00000e+00
 0.00000e+00
 0.00000e+00
 0.00000e+00
 0.00000e+00
 0.00000e+00
 4.31179e-08
 1.89889e-06
 3.71249e-06
 1.89889e-06
 4.31179e-08
 4.78343e-10
 4.98886e-12
 5.17917e-13
 8.68865e-14
 0.00000e+00
 0.00000e+00
 0.00000e+00
 0.00000e+00
 0.00000e+00
 0.00000e+00
 0.00000e+00
 4.95215e-08
 1.99276e-06
 3.88768e-06
 1.99276e-06
 4.95215e-08
 6.07945e-10
 5.32326e-12
 4.83287e-14
 2.07828e-15
 0.00000e+00
 0.00000e+00
 0.00000e+00
 0.00000e+00
 0.00000e+00
 0.00000e+00
 0.00000e+00
 6.25969e-08
 2.16028e-06
 4.19721e-06
 2.16028e-06
 6.25969e-08
 9.26570e-10
 9.59093e-12
 4.17119e-14
 1.32365e-16
 0.00000e+00
 0.00000e+00
 0.00000e+00
 0.00000e+00
 0.00000e+00
 0.00000e+00
 0.00000e+00
 9.60640e-08
 2.48244e-06
 4.77693e-06
 2.48244e-06
 9.60640e-08
 2.11751e-09
 3.54138e-11
 1.25478e-13
 1.27412e-16
 0.00000e+00
 0.00000e+00
 0.00000e+00
 0.00000e+00
 0.00000e+00
 0.00000e+00
 0.00000e+00
 6.04818e-08
 1.35041e-06
 2.58288e-06
 1.35041e-06
 6.04818e-08
 1.54269e-09
 2.89502e-11
 9.93479e-14
 8.41593e-17
 0.00000e+00
 0.00000e+00
 0.00000e+00
 0.00000e+00
 0.00000e+00
 0.00000e+00
 0.00000e+00
 1.79047e-13
 1.51000e-14
 1.19684e-15
 1.50999e-14
 1.79047e-13
 1.33857e-12
 7.23308e-12
 3.19127e-11
 1.37902e-10
 7.29264e-10
 4.95062e-09
 3.31354e-08
 1.18662e-07
 1.93074e-07
 1.21198e-07
 1.81109e-08
 5.60162e-14
 5.08057e-15
 4.10497e-16
 5.08055e-15
 5.60161e-14
 3.65086e-13
 1.58881e-12
 5.17149e-12
 1.83509e-11
 1.95364e-10
 3.41225e-09
 3.71452e-08
 1.94352e-07
 3.72507e-07
 2.55636e-07
 4.36092e-08
 1.23427e-14
 1.20186e-15
 1.00654e-16
 1.20185e-15
 1.23427e-14
 7.14003e-14
 2.56645e-13
 5.62979e-13
 5.05932e-13
 1.25743e-10
 4.09753e-09
 4.92441e-08
 2.98956e-07
 6.38264e-07
 4.76355e-07
 9.17745e-08
 2.31777e-15
 2.49340e-16
 2.26969e-17
 2.49340e-16
 2.31777e-15
 1.16675e-14
 3.51716e-14
 5.43596e-14
 1.31699e-12
 3.93700e-10
 8.48179e-09
 8.31086e-08
 4.78184e-07
 1.06009e-06
 8.28680e-07
 1.71751e-07
 3.55005e-16
 4.30116e-17
 4.41404e-18
 4.30116e-17
 3.55004e-16
 1.54324e-15
 4.01972e-15
 4.90334e-15
 3.47271e-11
 2.13420e-09
 2.54334e-08
 1.75642e-07
 8.44794e-07
 1.79248e-06
 1.39793e-06
 2.97932e-07
 4.16840e-17
 5.74443e-18
 6.80033e-19
 5.74442e-18
 4.16840e-17
 1.56815e-16
 3.57654e-16
 3.81224e-16
 1.80444e-09
 2.20202e-08
 1.22425e-07
 5.01494e-07
 1.72560e-06
 3.18018e-06
 2.34926e-06
 4.95397e-07
 1.38327e-07
 1.29162e-07
 1.26298e-07
 1.29162e-07
 1.38327e-07
 1.55629e-07
 1.84852e-07
 2.33625e-07
 3.27384e-07
 5.46130e-07
 1.03656e-06
 2.08293e-06
 4.29515e-06
 6.15944e-06
 4.07103e-06
 8.09538e-07
 8.07282e-06
 8.06034e-06
 8.05734e-06
 8.06034e-06
 8.07282e-06
 8.10672e-06
 8.17464e-06
 8.28846e-06
 8.47479e-06
 8.79045e-06
 9.33854e-06
 1.03087e-05
 1.18401e-05
 1.21045e-05
 6.95429e-06
 1.22472e-06
 1.77346e-05
 1.78136e-05
 1.78460e-05
 1.78136e-05
 1.77346e-05
 1.77069e-05
 1.77712e-05
 1.78868e-05
 1.80240e-05
 1.81416e-05
 1.82450e-05
 1.83740e-05
 1.83230e-05
 1.65945e-05
 8.97696e-06
 1.48040e-06
 1.85892e-05
 1.91832e-05
 1.94443e-05
 1.91832e-05
 1.85892e-05
 1.83216e-05
 1.85694e-05
 1.89934e-05
 1.94113e-05
 1.96510e-05
 1.97016e-05
 1.96335e-05
 1.93520e-05
 1.72899e-05
 9.21657e-06
 1.48964e-06
 1.49568e-05
 1.71666e-05
 1.83238e-05
 1.71666e-05
 1.49568e-05
 1.41604e-05
 1.51229e-05
 1.67781e-05
 1.84192e-05
 1.93863e-05
 1.97233e-05
 1.97697e-05
 1.95332e-05
 1.73181e-05
 9.07117e-06
 1.40923e-06
 9.38037e-06
 1.34690e-05
 1.61519e-05
 1.34690e-05
 9.38037e-06
 8.40929e-06
 1.01821e-05
 1.35505e-05
 1.70735e-05
 1.91063e-05
 1.97597e-05
 1.98559e-05
 1.95566e-05
 1.70687e-05
 8.69635e-06
 1.26496e-06
 4.70980e-06
 9.44076e-06
 1.31620e-05
 9.44076e-06
 4.70980e-06
 4.18921e-06
 6.41302e-06
 1.12043e-05
 1.63995e-05
 1.91769e-05
 1.99053e-05
 1.99320e-05
 1.94660e-05
 1.65073e-05
 8.03236e-06
 1.05627e-06
 2.17327e-06
 6.55560e-06
 1.03867e-05
 6.55560e-06
 2.17327e-06
 2.12222e-06
 4.55962e-06
 1.05349e-05
 1.70988e-05
 1.98173e-05
 2.00191e-05
 1.98864e-05
 1.91157e-05
 1.54488e-05
 6.99286e-06
 7.87670e-07
 1.01769e-06
 4.74925e-06
 8.21128e-06
 4.74925e-06
 1.01769e-06
 1.22315e-06
 3.65441e-06
 9.80480e-06
 1.66180e-05
 1.94260e-05
 1.96379e-05
 1.93895e-05
 1.81080e-05
 1.35893e-05
 5.55624e-06
 5.17407e-07
 5.19360e-07
 3.63864e-06
 6.61081e-06
 3.63864e-06
 5.19360e-07
 7.47662e-07
 2.66105e-06
 7.52593e-06
 1.33863e-05
 1.68300e-05
 1.79335e-05
 1.76595e-05
 1.56724e-05
 1.05705e-05
 3.79940e-06
 3.10360e-07
 2.71347e-07
 2.94648e-06
 5.52582e-06
 2.94648e-06
 2.71347e-07
 3.94953e-07
 1.45011e-06
 4.33253e-06
 8.54518e-06
 1.19762e-05
 1.36431e-05
 1.34314e-05
 1.09858e-05
 6.44535e-06
 2.02690e-06
 1.65716e-07
 1.45114e-07
 2.50591e-06
 4.79271e-06
 2.50591e-06
 1.45114e-07
 1.61677e-07
 5.83577e-07
 1.72352e-06
 3.69340e-06
 5.73831e-06
 6.98849e-06
 6.88624e-06
 5.17162e-06
 2.67690e-06
 7.80406e-07
 7.23238e-08
 8.41759e-08
 2.22226e-06
 4.29906e-06
 2.22226e-06
 8.41759e-08
 4.64217e-08
 1.55986e-07
 4.35057e-07
 9.31628e-07
 1.50605e-06
 1.91740e-06
 1.89602e-06
 1.37273e-06
 6.98069e-07
 2.12575e-07
 2.32535e-08
 5.71936e-08
 2.03836e-06
 3.96803e-06
 2.03836e-06
 5.71936e-08
 8.28586e-09
 2.34139e-08
 6.18781e-08
 1.31962e-07
 2.17738e-07
 2.81034e-07
 2.83268e-07
 2.10091e-07
 1.09750e-07
 3.52972e-08
 4.52852e-09
 4.50266e-08
 1.91306e-06
 3.73754e-06
 1.91306e-06
 4.50266e-08
 1.06802e-09
 1.32373e-09
 3.32929e-09
 7.14836e-09
 1.22276e-08
 1.62614e-08
 1.70020e-08
 1.30986e-08
 7.05631e-09
 2.39726e-09
 3.49904e-10
 4.10553e-08
 1.86455e-06
 3.64790e-06
 1.86455e-06
 4.10553e-08
 4.66000e-10
 2.60466e-11
 1.82584e-11
 6.77647e-12
 0.00000e+00
 0.00000e+00
 0.00000e+00
 0.00000e+00
 0.00000e+00
 0.00000e+00
 0.00000e+00
 4.31179e-08
 1.89889e-06
 3.71249e-06
 1.89889e-06
 4.31179e-08
 4.78343e-10
 4.98886e-12
 5.17917e-13
 8.68865e-14
 0.00000e+00
 0.00000e+00
 0.00000e+00
 0.00000e+00
 0.00000e+00
 0.00000e+00
 0.00000e+00
 4.95215e-08
 1.99276e-06
 3.88768e-06
 1.99276e-06
 4.95215e-08
 6.07945e-10
 5.32326e-12
 4.83287e-14
 2.07828e-15
 0.00000e+00
 0.00000e+00
 0.00000e+00
 0.00000e+00
 0.00000e+00
 0.00000e+00
 0.00000e+00
 6.25969e-08
 2.16028e-06
 4.19721e-06
 2.16028e-06
 6.25969e-08
 9.26570e-10
 9.59093e-12
 4.17119e-14
 1.32365e-16
 0.00000e+00
 0.00000e+00
 0.00000e+00
 0.00000e+00
 0.00000e+00
 0.00000e+00
 0.00000e+00
 9.60640e-08
 2.48244e-06
 4.77693e-06
 2.48244e-06
 9.60640e-08
 2.11751e-09
 3.54138e-11
 1.25478e-13
 1.27412e-16
 0.00000e+00
 0.00000e+00
 0.00000e+00
 0.00000e+00
 0.00000e+00
 0.00000e+00
 0.00000e+00
 6.04818e-08
 1.35041e-06
 2.58288e-06
 1.35041e-06
 6.04818e-08
 1.54269e-09
 2.89502e-11
 9.93479e-14
 8.41593e-17
 0.00000e+00
 0.00000e+00
 0.00000e+00
 0.00000e+00
 0.00000e+00
 0.00000e+00
 0.00000e+00
part
         8
coordinates
 1.93074e-07
 1.21198e-07
 1.81109e-08
 1.29221e-10
 3.09322e-12
 1.35489e-13
 8.77968e-15
 7.59296e-16
 9.04212e-17
 2.43791e-17
 8.11547e-18
 2.03541e-18
 3.38350e-19
 3.31578e-20
 1.39674e-21
 3.72507e-07
 2.55636e-07
 4.36092e-08
 4.30022e-11
 4.06300e-13
 6.49841e-15
 1.49944e-16
 4.62351e-18
 1.01394e-18
 1.50034e-18
 9.07579e-19
 3.05364e-19
 5.98771e-20
 6.47615e-21
 2.85577e-22
 6.38264e-07
 4.76355e-07
 9.17745e-08
 2.08025e-27
 6.65134e-26
 1.98336e-24
 6.40447e-23
 2.13218e-21
 4.38286e-20
 1.04071e-19
 9.40872e-20
 3.99006e-20
 9.16280e-21
 1.08754e-21
 5.09579e-23
 1.06009e-06
 8.28680e-07
 1.71751e-07
 1.87569e-27
 4.83160e-26
 9.29012e-25
 1.53573e-23
 2.18084e-22
 2.65356e-21
 7.86256e-21
 8.94629e-21
 4.61468e-21
 1.23644e-21
 1.63919e-22
 8.47768e-24
 1.79248e-06
 1.39793e-06
 2.97932e-07
 5.88790e-28
 1.21187e-26
 1.82114e-25
 2.16985e-24
 2.15448e-23
 1.83317e-22
 5.70138e-22
 7.42884e-22
 4.56119e-22
 1.39229e-22
 2.08591e-23
 1.23160e-24
 3.18018e-06
 2.34926e-06
 4.95397e-07
 1.17933e-28
 1.86930e-27
 2.20381e-26
 2.08554e-25
 1.66686e-24
 1.16329e-23
 3.49644e-23
 5.06300e-23
 3.61284e-23
 1.22513e-23
 2.08662e-24
 1.43860e-25
 6.15944e-06
 4.07103e-06
 8.09538e-07
 6.77569e-29
 5.30920e-28
 3.13686e-27
 1.61670e-26
 8.94214e-26
 5.27902e-25
 1.60109e-24
 2.55193e-24
 2.02486e-24
 7.56795e-25
 1.46702e-25
 1.19430e-26
 1.21045e-05
 6.95429e-06
 1.22472e-06
 1.63309e-27
 1.62457e-26
 1.19039e-25
 7.15247e-25
 3.80067e-24
 1.88559e-23
 5.94912e-23
 1.07145e-22
 1.01805e-22
 5.20676e-23
 1.59038e-23
 2.32127e-24
 1.65945e-05
 8.97696e-06
 1.48040e-06
 5.45866e-26
 5.99833e-25
 4.78719e-24
 3.06895e-23
 1.69102e-22
 8.41691e-22
 2.60104e-21
 4.60155e-21
 4.22919e-21
 2.01137e-21
 5.49384e-22
 6.76583e-23
 1.72899e-05
 9.21657e-06
 1.48964e-06
 6.11047e-25
 7.67815e-24
 6.94681e-23
 4.96716e-22
 2.98043e-21
 1.56592e-20
 4.85722e-20
 8.46873e-20
 7.53015e-20
 3.33632e-20
 8.12808e-21
 8.38181e-22
 1.73181e-05
 9.07117e-06
 1.40923e-06
 3.30004e-24
 4.93210e-23
 5.31786e-22
 4.50126e-21
 3.14431e-20
 1.87041e-19
 5.95408e-19
 1.01244e-18
 8.61146e-19
 3.54976e-19
 7.71707e-20
 6.69229e-21
 1.70687e-05
 8.69635e-06
 1.26496e-06
 9.89177e-24
 1.73345e-22
 2.30472e-21
 2.50823e-20
 2.26724e-19
 1.71846e-18
 5.75853e-18
 9.30850e-18
 7.36767e-18
 2.80978e-18
 5.47425e-19
 4.06620e-20
 1.65073e-05
 8.03236e-06
 1.05627e-06
 1.37391e-23
 3.05749e-22
 5.45420e-21
 8.40548e-20
 1.15696e-18
 1.42141e-17
 4.95674e-17
 7.28059e-17
 5.13397e-17
 1.79147e-17
 3.15710e-18
 2.07535e-19
 1.54488e-05
 6.99286e-06
 7.87670e-07
 1.04348e-20
 2.24980e-22
 4.47999e-21
 7.31554e-20
 1.00190e-18
 1.37532e-16
 4.24198e-16
 5.14214e-16
 3.08785e-16
 9.69028e-17
 1.56895e-17
 9.56017e-19
 1.35893e-05
 5.55624e-06
 5.17407e-07
 1.58439e-09
 3.87040e-11
 1.67044e-12
 1.08706e-13
 9.84339e-15
 2.89039e-15
 4.04524e-15
 3.38967e-15
 1.66409e-15
 4.62084e-16
 7.02086e-17
 4.19043e-18
 1.05705e-05
 3.79940e-06
 3.10360e-07
 5.43852e-09
 2.63428e-10
 2.18405e-11
 2.64882e-12
 4.34768e-13
 1.02007e-13
 4.50999e-14
 2.17355e-14
 7.86510e-15
 1.91520e-15
 2.65360e-16
 1.51219e-17
 6.44535e-06
 2.02690e-06
 1.65716e-07
 7.83142e-09
 7.40219e-10
 1.01272e-10
 1.81099e-11
 4.07976e-12
 1.11853e-12
 3.69335e-13
 1.20442e-13
 3.20069e-14
 6.08915e-15
 7.17657e-16
 3.73771e-17
 2.67690e-06
 7.80406e-07
 7.23238e-08
 6.79318e-09
 1.05701e-09
 2.09846e-10
 5.02363e-11
 1.37305e-11
 4.03800e-12
 1.18177e-12
 3.15022e-13
 6.97006e-14
 1.14954e-14
 1.22972e-15
 6.04928e-17
 6.98069e-07
 2.12575e-07
 2.32535e-08
 3.75814e-09
 8.23170e-10
 2.14855e-10
 6.18931e-11
 1.87814e-11
 5.72651e-12
 1.62815e-12
 4.06182e-13
 8.34980e-14
 1.29961e-14
 1.33387e-15
 6.38555e-17
 1.09750e-07
 3.52972e-08
 4.52852e-09
 1.03558e-09
 3.14178e-10
 9.82679e-11
 3.16409e-11
 1.01830e-11
 3.15076e-12
 8.96133e-13
 2.22715e-13
 4.55002e-14
 7.03413e-15
 7.17937e-16
 3.42688e-17
 7.05631e-09
 2.39726e-09
 3.49904e-10
 9.33324e-11
 3.25222e-11
 1.21576e-11
 4.41441e-12
 1.47735e-12
 4.43189e-13
 1.22285e-13
 3.02381e-14
 6.31192e-15
 1.01587e-15
 1.09790e-16
 5.59796e-18
 0.00000e+00
 0.00000e+00
 0.00000e+00
 0.00000e+00
 0.00000e+00
 0.00000e+00
 0.00000e+00
 0.00000e+00
 2.23928e-16
 4.41417e-16
 3.43089e-16
 1.60860e-16
 4.10957e-17
 6.24733e-18
 4.11416e-19
 0.00000e+00
 0.00000e+00
 0.00000e+00
 0.00000e+00
 0.00000e+00
 0.00000e+00
 0.00000e+00
 0.00000e+00
 2.07098e-18
 8.60863e-18
 1.34803e-17
 1.07407e-17
 4.61698e-18
 8.87189e-19
 6.82614e-20
 0.00000e+00
 0.00000e+00
 0.00000e+00
 0.00000e+00
 0.00000e+00
 0.00000e+00
 0.00000e+00
 0.00000e+00
 3.45154e-20
 3.09076e-19
 8.45011e-19
 1.03324e-18
 6.10769e-19
 1.61485e-19
 1.35007e-20
 0.00000e+00
 0.00000e+00
 0.00000e+00
 0.00000e+00
 0.00000e+00
 0.00000e+00
 0.00000e+00
 0.00000e+00
 8.44369e-22
 1.67209e-20
 7.34366e-20
 1.21852e-19
 9.21044e-20
 3.05795e-20
 2.76700e-21
 0.00000e+00
 0.00000e+00
 0.00000e+00
 0.00000e+00
 0.00000e+00
 0.00000e+00
 0.00000e+00
 0.00000e+00
 2.74453e-23
 1.20591e-21
 7.83371e-21
 1.64822e-20
 1.49200e-20
 5.64962e-21
 5.56581e-22
 0.00000e+00
 0.00000e+00
 0.00000e+00
 0.00000e+00
 0.00000e+00
 0.00000e+00
 0.00000e+00
 0.00000e+00
 1.02391e-24
 9.09613e-23
 7.82576e-22
 1.91315e-21
 1.90943e-21
 7.79738e-22
 9.08230e-23
 1.93074e-07
 1.21198e-07
 1.81109e-08
 1.29221e-10
 3.09322e-12
 1.35489e-13
 8.77968e-15
 7.59296e-16
 9.04212e-17
 2.43791e-17
 8.11547e-18
 2.03541e-18
 3.38350e-19
 3.31578e-20
 1.39674e-21
 3.72507e-07
 2.55636e-07
 4.36092e-08
 4.30022e-11
 4.06300e-13
 6.49841e-15
 1.49944e-16
 4.62351e-18
 1.01394e-18
 1.50034e-18
 9.07579e-19
 3.05364e-19
 5.98771e-20
 6.47615e-21
 2.85577e-22
 6.38264e-07
 4.76355e-07
 9.17745e-08
 2.08025e-27
 6.65134e-26
 1.98336e-24
 6.40447e-23
 2.13218e-21
 4.38286e-20
 1.04071e-19
 9.40872e-20
 3.99006e-20
 9.16280e-21
 1.08754e-21
 5.09579e-23
 1.06009e-06
 8.28680e-07
 1.71751e-07
 1.87569e-27
 4.83160e-26
 9.29012e-25
 1.53573e-23
 2.18084e-22
 2.65356e-21
 7.86256e-21
 8.94629e-21
 4.61468e-21
 1.23644e-21
 1.63919e-22
 8.47768e-24
 1.79248e-06
 1.39793e-06
 2.97932e-07
 5.88790e-28
 1.21187e-26
 1.82114e-25
 2.16985e-24
 2.15448e-23
 1.83317e-22
 5.70138e-22
 7.42884e-22
 4.56119e-22
 1.39229e-22
 2.08591e-23
 1.23160e-24
 3.18018e-06
 2.34926e-06
 4.95397e-07
 1.17933e-28
 1.86930e-27
 2.20381e-26
 2.08554e-25
 1.66686e-24
 1.16329e-23
 3.49644e-23
 5.06300e-23
 3.61284e-23
 1.22513e-23
 2.08662e-24
 1.43860e-25
 6.15944e-06
 4.07103e-06
 8.09538e-07
 6.77569e-29
 5.30920e-28
 3.13686e-27
 1.61670e-26
 8.94214e-26
 5.27902e-25
 1.60109e-24
 2.55193e-24
 2.02486e-24
 7.56795e-25
 1.46702e-25
 1.19430e-26
 1.21045e-05
 6.95429e-06
 1.22472e-06
 1.63309e-27
 1.62457e-26
 1.19039e-25
 7.15247e-25
 3.80067e-24
 1.88559e-23
 5.94912e-23
 1.07145e-22
 1.01805e-22
 5.20676e-23
 1.59038e-23
 2.32127e-24
 1.65945e-05
 8.97696e-06
 1.48040e-06
 5.45866e-26
 5.99833e-25
 4.78719e-24
 3.06895e-23
 1.69102e-22
 8.41691e-22
 2.60104e-21
 4.60155e-21
 4.22919e-21
 2.01137e-21
 5.49384e-22
 6.76583e-23
 1.72899e-05
 9.21657e-06
 1.48964e-06
 6.11047e-25
 7.67815e-24
 6.94681e-23
 4.96716e-22
 2.98043e-21
 1.56592e-20
 4.85722e-20
 8.46873e-20
 7.53015e-20
 3.33632e-20
 8.12808e-21
 8.38181e-22
 1.73181e-05
 9.07117e-06
 1.40923e-06
 3.30004e-24
 4.93210e-23
 5.31786e-22
 4.50126e-21
 3.14431e-20
 1.87041e-19
 5.95408e-19
 1.01244e-18
 8.61146e-19
 3.54976e-19
 7.71707e-20
 6.69229e-21
 1.70687e-05
 8.69635e-06
 1.26496e-06
 9.89177e-24
 1.73345e-22
 2.30472e-21
 2.50823e-20
 2.26724e-19
 1.71846e-18
 5.75853e-18
 9.30850e-18
 7.36767e-18
 2.80978e-18
 5.47425e-19
 4.06620e-20
 1.65073e-05
 8.03236e-06
 1.05627e-06
 1.37391e-23
 3.05749e-22
 5.45420e-21
 8.40548e-20
 1.15696e-18
 1.42141e-17
 4.95674e-17
 7.28059e-17
 5.13397e-17
 1.79147e-17
 3.15710e-18
 2.07535e-19
 1.54488e-05
 6.99286e-06
 7.87670e-07
 1.04348e-20
 2.24980e-22
 4.47999e-21
 7.31554e-20
 1.00190e-18
 1.37532e-16
 4.24198e-16
 5.14214e-16
 3.08785e-16
 9.69028e-17
 1.56895e-17
 9.56017e-19
 1.35893e-05
 5.55624e-06
 5.17407e-07
 1.58439e-09
 3.87040e-11
 1.67044e-12
 1.08706e-13
 9.84339e-15
 2.89039e-15
 4.04524e-15
 3.38967e-15
 1.66409e-15
 4.62084e-16
 7.02086e-17
 4.19043e-18
 1.05705e-05
 3.79940e-06
 3.10360e-07
 5.43852e-09
 2.63428e-10
 2.18405e-11
 2.64882e-12
 4.34768e-13
 1.02007e-13
 4.50999e-14
 2.17355e-14
 7.86510e-15
 1.91520e-15
 2.65360e-16
 1.51219e-17
 6.44535e-06
 2.02690e-06
 1.65716e-07
 7.83142e-09
 7.40219e-10
 1.01272e-10
 1.81099e-11
 4.07976e-12
 1.11853e-12
 3.69335e-13
 1.20442e-13
 3.20069e-14
 6.08915e-15
 7.17657e-16
 3.73771e-17
 2.67690e-06
 7.80406e-07
 7.23238e-08
 6.79318e-09
 1.05701e-09
 2.09846e-10
 5.02363e-11
 1.37305e-11
 4.03800e-12
 1.18177e-12
 3.15022e-13
 6.97006e-14
 1.14954e-14
 1.22972e-15
 6.04928e-17
 6.98069e-07
 2.12575e-07
 2.32535e-08
 3.75814e-09
 8.23170e-10
 2.14855e-10
 6.18931e-11
 1.87814e-11
 5.72651e-12
 1.62815e-12
 4.06182e-13
 8.34980e-14
 1.29961e-14
 1.33387e-15
 6.38555e-17
 1.09750e-07
 3.52972e-08
 4.52852e-09
 1.03558e-09
 3.14178e-10
 9.82679e-11
 3.16409e-11
 1.01830e-11
 3.15076e-12
 8.96133e-13
 2.22715e-13
 4.55002e-14
 7.03413e-15
 7.17937e-16
 3.42688e-17
 7.05631e-09
 2.39726e-09
 3.49904e-10
 9.33324e-11
 3.25222e-11
 1.21576e-11
 4.41441e-12
 1.47735e-12
 4.43189e-13
 1.22285e-13
 3.02381e-14
 6.31192e-15
 1.01587e-15
 1.09790e-16
 5.59796e-18
 0.00000e+00
 0.00000e+00
 0.00000e+00
 0.00000e+00
 0.00000e+00
 0.00000e+00
 0.00000e+00
 0.00000e+00
 2.23928e-16
 4.41417e-16
 3.43089e-16
 1.60860e-16
 4.10957e-17
 6.24733e-18
 4.11416e-19
 0.00000e+00
 0.00000e+00
 0.00000e+00
 0.00000e+00
 0.00000e+00
 0.00000e+00
 0.00000e+00
 0.00000e+00
 2.07098e-18
 8.60863e-18
 1.34803e-17
 1.07407e-17
 4.61698e-18
 8.87189e-19
 6.82614e-20
 0.00000e+00
 0.00000e+00
 0.00000e+00
 0.00000e+00
 0.00000e+00
 0.00000e+00
 0.00000e+00
 0.00000e+00
 3.45154e-20
 3.09076e-19
 8.45011e-19
 1.03324e-18
 6.10769e-19
 1.61485e-19
 1.35007e-20
 0.00000e+00
 0.00000e+00
 0.00000e+00
 0.00000e+00
 0.00000e+00
 0.00000e+00
 0.00000e+00
 0.00000e+00
 8.44369e-22
 1.67209e-20
 7.34366e-20
 1.21852e-19
 9.21044e-20
 3.05795e-20
 2.76700e-21
 0.00000e+00
 0.00000e+00
 0.00000e+00
 0.00000e+00
 0.00000e+00
 0.00000e+00
 0.00000e+00
 0.00000e+00
 2.74453e-23
 1.20591e-21
 7.83371e-21
 1.64822e-20
 1.49200e-20
 5.64962e-21
 5.56581e-22
 0.00000e+00
 0.00000e+00
 0.00000e+00
 0.00000e+00
 0.00000e+00
 0.00000e+00
 0.00000e+00
 0.00000e+00
 1.02391e-24
 9.09613e-23
 7.82576e-22
 1.91315e-21
 1.90943e-21
 7.79738e-22
 9.08230e-23
