Velocity
part
         1
coordinates
 0.00000e+00
 0.00000e+00
 0.00000e+00
 0.00000e+00
 0.00000e+00
 0.00000e+00
 0.00000e+00
 0.00000e+00
 0.00000e+00
 0.00000e+00
 0.00000e+00
 0.00000e+00
 0.00000e+00
 0.00000e+00
 0.00000e+00
 0.00000e+00
 0.00000e+00
 0.00000e+00
 0.00000e+00
 8.50015e-16
 1.84887e-13
 2.56427e-12
 3.02362e-11
 3.26028e-10
 3.21485e-09
 2.88422e-08
 0.00000e+00
 0.00000e+00
 0.00000e+00
 0.00000e+00
 0.00000e+00
 0.00000e+00
 0.00000e+00
 0.00000e+00
 0.00000e+00
 0.00000e+00
 0.00000e+00
 0.00000e+00
 0.00000e+00
 0.00000e+00
 0.00000e+00
 0.00000e+00
 0.00000e+00
 0.00000e+00
 0.00000e+00
 0.00000e+00
 8.28330e-16
 1.85136e-13
 2.56318e-12
 3.02361e-11
 3.26025e-10
 3.21486e-09
 2.88423e-08
 0.00000e+00
 0.00000e+00
 0.00000e+00
 0.00000e+00
 0.00000e+00
 0.00000e+00
 0.00000e+00
 0.00000e+00
 0.00000e+00
 0.00000e+00
 0.00000e+00
 0.00000e+00
 0.00000e+00
 0.00000e+00
 0.00000e+00
 0.00000e+00
 0.00000e+00
 0.00000e+00
 0.00000e+00
 0.00000e+00
 8.43509e-16
 1.85381e-13
 2.56313e-12
 3.02331e-11
 3.26022e-10
 3.21486e-09
 2.88423e-08
 0.00000e+00
 0.00000e+00
 0.00000e+00
 0.00000e+00
 0.00000e+00
 0.00000e+00
 0.00000e+00
 0.00000e+00
 0.00000e+00
 0.00000e+00
 0.00000e+00
 0.00000e+00
 0.00000e+00
 0.00000e+00
 0.00000e+00
 0.00000e+00
 0.00000e+00
 0.00000e+00
 0.00000e+00
 0.00000e+00
 8.50015e-16
 1.84963e-13
 2.56471e-12
 3.02303e-11
 3.26015e-10
 3.21487e-09
 2.88423e-08
 0.00000e+00
 0.00000e+00
 2.86295e-15
 2.86295e-15
 2.86295e-15
 2.86295e-15
 2.86295e-15
 2.86295e-15
 2.86295e-15
 2.86295e-15
 2.86295e-15
 2.86295e-15
 2.86295e-15
 2.86295e-15
 2.86295e-15
 2.86295e-15
 2.86295e-15
 2.86295e-15
 2.86295e-15
 2.86295e-15
 3.63382e-15
 1.86481e-13
 2.56644e-12
 3.02315e-11
 3.26018e-10
 3.21488e-09
 2.88423e-08
 0.00000e+00
 0.00000e+00
-5.72590e-15
-5.72590e-15
-5.72590e-15
-5.72590e-15
-5.72590e-15
-5.72590e-15
-5.72590e-15
-5.72590e-15
-5.72590e-15
-5.72590e-15
-5.72590e-15
-5.72590e-15
-5.72590e-15
-5.72590e-15
-5.72590e-15
-5.72590e-15
-5.72590e-15
-5.72590e-15
-5.00382e-15
 1.76962e-13
 2.55619e-12
 3.02212e-11
 3.26014e-10
 3.21487e-09
 2.88422e-08
 0.00000e+00
 0.00000e+00
 0.00000e+00
 0.00000e+00
 0.00000e+00
 0.00000e+00
 0.00000e+00
 0.00000e+00
 0.00000e+00
 0.00000e+00
 0.00000e+00
 0.00000e+00
 0.00000e+00
 0.00000e+00
 0.00000e+00
 0.00000e+00
 0.00000e+00
 0.00000e+00
 0.00000e+00
 0.00000e+00
 8.50015e-16
 1.84887e-13
 2.56427e-12
 3.02362e-11
 3.26028e-10
 3.21485e-09
 2.88422e-08
 0.00000e+00
 0.00000e+00
 0.00000e+00
 0.00000e+00
 0.00000e+00
 0.00000e+00
 0.00000e+00
 0.00000e+00
 0.00000e+00
 0.00000e+00
 0.00000e+00
 0.00000e+00
 0.00000e+00
 0.00000e+00
 0.00000e+00
 0.00000e+00
 0.00000e+00
 0.00000e+00
 0.00000e+00
 0.00000e+00
 8.28330e-16
 1.85136e-13
 2.56318e-12
 3.02361e-11
 3.26025e-10
 3.21486e-09
 2.88423e-08
 0.00000e+00
 0.00000e+00
 0.00000e+00
 0.00000e+00
 0.00000e+00
 0.00000e+00
 0.00000e+00
 0.00000e+00
 0.00000e+00
 0.00000e+00
 0.00000e+00
 0.00000e+00
 0.00000e+00
 0.00000e+00
 0.00000e+00
 0.00000e+00
 0.00000e+00
 0.00000e+00
 0.00000e+00
 0.00000e+00
 8.43509e-16
 1.85381e-13
 2.56313e-12
 3.02331e-11
 3.26022e-10
 3.21486e-09
 2.88423e-08
 0.00000e+00
 0.00000e+00
 0.00000e+00
 0.00000e+00
 0.00000e+00
 0.00000e+00
 0.00000e+00
 0.00000e+00
 0.00000e+00
 0.00000e+00
 0.00000e+00
 0.00000e+00
 0.00000e+00
 0.00000e+00
 0.00000e+00
 0.00000e+00
 0.00000e+00
 0.00000e+00
 0.00000e+00
 0.00000e+00
 8.50015e-16
 1.84963e-13
 2.56471e-12
 3.02303e-11
 3.26015e-10
 3.21487e-09
 2.88423e-08
 0.00000e+00
 0.00000e+00
 2.86295e-15
 2.86295e-15
 2.86295e-15
 2.86295e-15
 2.86295e-15
 2.86295e-15
 2.86295e-15
 2.86295e-15
 2.86295e-15
 2.86295e-15
 2.86295e-15
 2.86295e-15
 2.86295e-15
 2.86295e-15
 2.86295e-15
 2.86295e-15
 2.86295e-15
 2.86295e-15
 3.63382e-15
 1.86481e-13
 2.56644e-12
 3.02315e-11
 3.26018e-10
 3.21488e-09
 2.88423e-08
 0.00000e+00
 0.00000e+00
-5.72590e-15
-5.72590e-15
-5.72590e-15
-5.72590e-15
-5.72590e-15
-5.72590e-15
-5.72590e-15
-5.72590e-15
-5.72590e-15
-5.72590e-15
-5.72590e-15
-5.72590e-15
-5.72590e-15
-5.72590e-15
-5.72590e-15
-5.72590e-15
-5.72590e-15
-5.72590e-15
-5.00382e-15
 1.76962e-13
 2.55619e-12
 3.02212e-11
 3.26014e-10
 3.21487e-09
 2.88422e-08
 0.00000e+00
 0.00000e+00
 0.00000e+00
 0.00000e+00
 0.00000e+00
 0.00000e+00
 0.00000e+00
 0.00000e+00
 0.00000e+00
 0.00000e+00
 0.00000e+00
 0.00000e+00
 0.00000e+00
 0.00000e+00
 0.00000e+00
 0.00000e+00
 0.00000e+00
 0.00000e+00
 0.00000e+00
 0.00000e+00
 0.00000e+00
 0.00000e+00
 0.00000e+00
 0.00000e+00
 0.00000e+00
 0.00000e+00
 0.00000e+00
 0.00000e+00
 0.00000e+00
 0.00000e+00
 0.00000e+00
-7.15737e-16
-1.43147e-15
 3.57869e-15
-2.86295e-15
 0.00000e+00
-3.57869e-15
 3.57869e-15
 0.00000e+00
 0.00000e+00
 0.00000e+00
 0.00000e+00
 0.00000e+00
 0.00000e+00
 0.00000e+00
-5.72590e-15
 5.72590e-15
-1.08420e-18
 1.91904e-16
-4.03323e-16
-9.89877e-16
-2.41560e-15
-9.90961e-16
 2.64437e-15
 1.56830e-15
 0.00000e+00
 0.00000e+00
 0.00000e+00
-7.15737e-16
-1.43147e-15
 3.57869e-15
-2.86295e-15
 0.00000e+00
-3.57869e-15
 3.57869e-15
 0.00000e+00
 0.00000e+00
 0.00000e+00
 0.00000e+00
 0.00000e+00
 0.00000e+00
 0.00000e+00
-5.72590e-15
 5.72590e-15
 2.71051e-17
 1.23599e-16
 4.66749e-16
-2.52619e-16
-2.34947e-15
-2.40693e-15
-1.13841e-17
-1.84098e-15
 0.00000e+00
 0.00000e+00
 0.00000e+00
-7.15737e-16
-1.43147e-15
 3.57869e-15
-2.86295e-15
 0.00000e+00
-3.57869e-15
 3.57869e-15
 0.00000e+00
 0.00000e+00
 0.00000e+00
 0.00000e+00
 0.00000e+00
 0.00000e+00
 0.00000e+00
-5.72590e-15
 5.72590e-15
-4.33681e-18
-1.53957e-16
-2.93819e-16
 1.27936e-16
-2.53812e-15
-3.80772e-15
-5.16568e-15
-1.95590e-15
 0.00000e+00
 0.00000e+00
 0.00000e+00
-7.15737e-16
-1.43147e-15
 3.57869e-15
-2.86295e-15
 0.00000e+00
-3.57869e-15
 3.57869e-15
 0.00000e+00
 0.00000e+00
 0.00000e+00
 0.00000e+00
 0.00000e+00
 0.00000e+00
 0.00000e+00
-5.72590e-15
 5.72590e-15
-1.57209e-17
-4.32055e-16
-1.92825e-15
-3.54426e-15
-2.21177e-15
 1.71900e-15
 2.41560e-15
-1.42247e-15
 0.00000e+00
 0.00000e+00
 0.00000e+00
 0.00000e+00
 0.00000e+00
 0.00000e+00
 0.00000e+00
 0.00000e+00
 0.00000e+00
 0.00000e+00
 0.00000e+00
 0.00000e+00
 0.00000e+00
 0.00000e+00
 0.00000e+00
 0.00000e+00
 0.00000e+00
 0.00000e+00
 0.00000e+00
 0.00000e+00
 0.00000e+00
 0.00000e+00
 0.00000e+00
 0.00000e+00
 0.00000e+00
 0.00000e+00
 0.00000e+00
 0.00000e+00
 0.00000e+00
 0.00000e+00
 0.00000e+00
 0.00000e+00
 0.00000e+00
 0.00000e+00
 0.00000e+00
 0.00000e+00
 0.00000e+00
 0.00000e+00
 0.00000e+00
 0.00000e+00
 0.00000e+00
 0.00000e+00
 0.00000e+00
 0.00000e+00
 0.00000e+00
 0.00000e+00
 0.00000e+00
 0.00000e+00
 0.00000e+00
 0.00000e+00
 0.00000e+00
 0.00000e+00
 0.00000e+00
 0.00000e+00
 0.00000e+00
 0.00000e+00
 0.00000e+00
-7.15737e-16
-1.43147e-15
 3.57869e-15
-2.86295e-15
 0.00000e+00
-3.57869e-15
 3.57869e-15
 0.00000e+00
 0.00000e+00
 0.00000e+00
 0.00000e+00
 0.00000e+00
 0.00000e+00
 0.00000e+00
-5.72590e-15
 5.72590e-15
-1.08420e-18
 1.91904e-16
-4.03323e-16
-9.89877e-16
-2.41560e-15
-9.90961e-16
 2.64437e-15
 1.56830e-15
 0.00000e+00
 0.00000e+00
 0.00000e+00
-7.15737e-16
-1.43147e-15
 3.57869e-15
-2.86295e-15
 0.00000e+00
-3.57869e-15
 3.57869e-15
 0.00000e+00
 0.00000e+00
 0.00000e+00
 0.00000e+00
 0.00000e+00
 0.00000e+00
 0.00000e+00
-5.72590e-15
 5.72590e-15
 2.71051e-17
 1.23599e-16
 4.66749e-16
-2.52619e-16
-2.34947e-15
-2.40693e-15
-1.13841e-17
-1.84098e-15
 0.00000e+00
 0.00000e+00
 0.00000e+00
-7.15737e-16
-1.43147e-15
 3.57869e-15
-2.86295e-15
 0.00000e+00
-3.57869e-15
 3.57869e-15
 0.00000e+00
 0.00000e+00
 0.00000e+00
 0.00000e+00
 0.00000e+00
 0.00000e+00
 0.00000e+00
-5.72590e-15
 5.72590e-15
-4.33681e-18
-1.53957e-16
-2.93819e-16
 1.27936e-16
-2.53812e-15
-3.80772e-15
-5.16568e-15
-1.95590e-15
 0.00000e+00
 0.00000e+00
 0.00000e+00
-7.15737e-16
-1.43147e-15
 3.57869e-15
-2.86295e-15
 0.00000e+00
-3.57869e-15
 3.57869e-15
 0.00000e+00
 0.00000e+00
 0.00000e+00
 0.00000e+00
 0.00000e+00
 0.00000e+00
 0.00000e+00
-5.72590e-15
 5.72590e-15
-1.57209e-17
-4.32055e-16
-1.92825e-15
-3.54426e-15
-2.21177e-15
 1.71900e-15
 2.41560e-15
-1.42247e-15
 0.00000e+00
 0.00000e+00
 0.00000e+00
 0.00000e+00
 0.00000e+00
 0.00000e+00
 0.00000e+00
 0.00000e+00
 0.00000e+00
 0.00000e+00
 0.00000e+00
 0.00000e+00
 0.00000e+00
 0.00000e+00
 0.00000e+00
 0.00000e+00
 0.00000e+00
 0.00000e+00
 0.00000e+00
 0.00000e+00
 0.00000e+00
 0.00000e+00
 0.00000e+00
 0.00000e+00
 0.00000e+00
 0.00000e+00
 0.00000e+00
 0.00000e+00
 0.00000e+00
 0.00000e+00
 0.00000e+00
 0.00000e+00
 0.00000e+00
 0.00000e+00
 0.00000e+00
 0.00000e+00
 0.00000e+00
 0.00000e+00
 0.00000e+00
 0.00000e+00
 0.00000e+00
 0.00000e+00
 0.00000e+00
 0.00000e+00
 0.00000e+00
 0.00000e+00
 0.00000e+00
 0.00000e+00
 0.00000e+00
 0.00000e+00
 0.00000e+00
 0.00000e+00
 0.00000e+00
 0.00000e+00
 0.00000e+00
 0.00000e+00
 0.00000e+00
 0.00000e+00
 0.00000e+00
 0.00000e+00
 0.00000e+00
 0.00000e+00
 0.00000e+00
 0.00000e+00
 0.00000e+00
 0.00000e+00
 0.00000e+00
 0.00000e+00
 0.00000e+00
 0.00000e+00
 0.00000e+00
 0.00000e+00
 0.00000e+00
 0.00000e+00
 0.00000e+00
 0.00000e+00
 0.00000e+00
 0.00000e+00
 0.00000e+00
 0.00000e+00
 0.00000e+00
 0.00000e+00
 0.00000e+00
 0.00000e+00
 0.00000e+00
 0.00000e+00
 0.00000e+00
 0.00000e+00
 0.00000e+00
 0.00000e+00
 0.00000e+00
 0.00000e+00
 0.00000e+00
 0.00000e+00
 0.00000e+00
 0.00000e+00
 0.00000e+00
 0.00000e+00
 0.00000e+00
 0.00000e+00
 0.00000e+00
 0.00000e+00
 0.00000e+00
 0.00000e+00
 0.00000e+00
 0.00000e+00
 0.00000e+00
 0.00000e+00
 0.00000e+00
 0.00000e+00
 0.00000e+00
 0.00000e+00
 0.00000e+00
 0.00000e+00
 0.00000e+00
 0.00000e+00
 0.00000e+00
 0.00000e+00
 0.00000e+00
 0.00000e+00
 0.00000e+00
 0.00000e+00
 0.00000e+00
 0.00000e+00
 0.00000e+00
 0.00000e+00
 0.00000e+00
 0.00000e+00
 0.00000e+00
 0.00000e+00
 0.00000e+00
 0.00000e+00
 0.00000e+00
 0.00000e+00
 0.00000e+00
 0.00000e+00
 0.00000e+00
 0.00000e+00
 0.00000e+00
 0.00000e+00
 0.00000e+00
 0.00000e+00
 0.00000e+00
 0.00000e+00
 0.00000e+00
 0.00000e+00
 0.00000e+00
 0.00000e+00
 0.00000e+00
 0.00000e+00
 0.00000e+00
 0.00000e+00
 0.00000e+00
 0.00000e+00
 0.00000e+00
 0.00000e+00
 0.00000e+00
 0.00000e+00
 0.00000e+00
 0.00000e+00
 0.00000e+00
 0.00000e+00
 0.00000e+00
 0.00000e+00
 0.00000e+00
 0.00000e+00
 0.00000e+00
 0.00000e+00
 0.00000e+00
 0.00000e+00
 0.00000e+00
 0.00000e+00
 0.00000e+00
 0.00000e+00
 0.00000e+00
 0.00000e+00
 0.00000e+00
 0.00000e+00
 0.00000e+00
 0.00000e+00
 0.00000e+00
 0.00000e+00
 0.00000e+00
 0.00000e+00
 0.00000e+00
 0.00000e+00
 0.00000e+00
 0.00000e+00
 0.00000e+00
 0.00000e+00
 0.00000e+00
 0.00000e+00
 0.00000e+00
 0.00000e+00
 0.00000e+00
 0.00000e+00
 0.00000e+00
 0.00000e+00
 0.00000e+00
 0.00000e+00
 0.00000e+00
 0.00000e+00
 0.00000e+00
 0.00000e+00
 0.00000e+00
 0.00000e+00
 0.00000e+00
 0.00000e+00
 0.00000e+00
 0.00000e+00
 0.00000e+00
 0.00000e+00
 0.00000e+00
 0.00000e+00
 0.00000e+00
 0.00000e+00
 0.00000e+00
 0.00000e+00
 0.00000e+00
 0.00000e+00
 0.00000e+00
 0.00000e+00
 0.00000e+00
 0.00000e+00
 0.00000e+00
 0.00000e+00
 0.00000e+00
 0.00000e+00
 0.00000e+00
 0.00000e+00
 0.00000e+00
 0.00000e+00
 0.00000e+00
 0.00000e+00
 0.00000e+00
 0.00000e+00
 0.00000e+00
 0.00000e+00
 0.00000e+00
 0.00000e+00
 0.00000e+00
 0.00000e+00
 0.00000e+00
 0.00000e+00
 0.00000e+00
 0.00000e+00
 0.00000e+00
 0.00000e+00
 0.00000e+00
 0.00000e+00
 0.00000e+00
 0.00000e+00
 0.00000e+00
 0.00000e+00
 0.00000e+00
 0.00000e+00
 0.00000e+00
 0.00000e+00
 0.00000e+00
 0.00000e+00
 0.00000e+00
 0.00000e+00
 0.00000e+00
 0.00000e+00
 0.00000e+00
 0.00000e+00
 0.00000e+00
 0.00000e+00
 0.00000e+00
 0.00000e+00
 0.00000e+00
 0.00000e+00
 0.00000e+00
 0.00000e+00
 0.00000e+00
 0.00000e+00
 0.00000e+00
 0.00000e+00
 0.00000e+00
 0.00000e+00
 0.00000e+00
 0.00000e+00
 0.00000e+00
 0.00000e+00
 0.00000e+00
 0.00000e+00
 0.00000e+00
 0.00000e+00
 0.00000e+00
 0.00000e+00
 0.00000e+00
 0.00000e+00
 0.00000e+00
 0.00000e+00
 0.00000e+00
 0.00000e+00
 0.00000e+00
 0.00000e+00
 0.00000e+00
 0.00000e+00
 0.00000e+00
 0.00000e+00
 0.00000e+00
 0.00000e+00
 0.00000e+00
 0.00000e+00
 0.00000e+00
 0.00000e+00
 0.00000e+00
 0.00000e+00
 0.00000e+00
 0.00000e+00
 0.00000e+00
 0.00000e+00
 0.00000e+00
 0.00000e+00
 0.00000e+00
 0.00000e+00
 0.00000e+00
 0.00000e+00
 0.00000e+00
 0.00000e+00
 0.00000e+00
 0.00000e+00
 0.00000e+00
 0.00000e+00
 0.00000e+00
 0.00000e+00
 0.00000e+00
 0.00000e+00
 0.00000e+00
 0.00000e+00
 0.00000e+00
 0.00000e+00
 0.00000e+00
 0.00000e+00
 0.00000e+00
 0.00000e+00
 0.00000e+00
 0.00000e+00
 0.00000e+00
 0.00000e+00
 0.00000e+00
 0.00000e+00
 0.00000e+00
 0.00000e+00
 0.00000e+00
 0.00000e+00
 0.00000e+00
 0.00000e+00
 0.00000e+00
part
         2
coordinates
 3.21485e-09
 2.88422e-08
 2.33998e-07
 1.70463e-06
 1.10563e-05
 6.31972e-05
 3.14331e-04
 1.33934e-03
 4.80086e-03
 1.42259e-02
 3.45320e-02
 6.92504e-02
 1.18028e-01
 1.77812e-01
 2.45764e-01
 3.20499e-01
 4.01756e-01
 4.89854e-01
 5.85304e-01
 6.88348e-01
 7.97611e-01
 9.04990e-01
 9.75784e-01
 9.59533e-01
 9.43340e-01
 9.33244e-01
 9.29641e-01
 0.00000e+00
 3.21486e-09
 2.88423e-08
 2.33998e-07
 1.70463e-06
 1.10563e-05
 6.31972e-05
 3.14331e-04
 1.33934e-03
 4.80086e-03
 1.42259e-02
 3.45320e-02
 6.92504e-02
 1.18028e-01
 1.77812e-01
 2.45764e-01
 3.20499e-01
 4.01756e-01
 4.89854e-01
 5.85304e-01
 6.88348e-01
 7.97611e-01
 9.04990e-01
 9.75784e-01
 9.59533e-01
 9.43340e-01
 9.33244e-01
 9.29641e-01
 0.00000e+00
 3.21486e-09
 2.88423e-08
 2.33998e-07
 1.70463e-06
 1.10563e-05
 6.31972e-05
 3.14331e-04
 1.33934e-03
 4.80086e-03
 1.42259e-02
 3.45320e-02
 6.92504e-02
 1.18028e-01
 1.77812e-01
 2.45764e-01
 3.20499e-01
 4.01756e-01
 4.89854e-01
 5.85304e-01
 6.88348e-01
 7.97611e-01
 9.04990e-01
 9.75784e-01
 9.59533e-01
 9.43340e-01
 9.33244e-01
 9.29641e-01
 0.00000e+00
 3.21487e-09
 2.88423e-08
 2.33998e-07
 1.70463e-06
 1.10563e-05
 6.31972e-05
 3.14331e-04
 1.33934e-03
 4.80086e-03
 1.42259e-02
 3.45320e-02
 6.92504e-02
 1.18028e-01
 1.77812e-01
 2.45764e-01
 3.20499e-01
 4.01756e-01
 4.89854e-01
 5.85304e-01
 6.88348e-01
 7.97611e-01
 9.04990e-01
 9.75784e-01
 9.59533e-01
 9.43340e-01
 9.33244e-01
 9.29641e-01
 0.00000e+00
 3.21488e-09
 2.88423e-08
 2.33998e-07
 1.70463e-06
 1.10563e-05
 6.31972e-05
 3.14331e-04
 1.33934e-03
 4.80086e-03
 1.42259e-02
 3.45320e-02
 6.92504e-02
 1.18028e-01
 1.77812e-01
 2.45764e-01
 3.20499e-01
 4.01756e-01
 4.89854e-01
 5.85304e-01
 6.88348e-01
 7.97611e-01
 9.04990e-01
 9.75784e-01
 9.59533e-01
 9.43340e-01
 9.33244e-01
 9.29641e-01
 0.00000e+00
 3.21487e-09
 2.88422e-08
 2.33998e-07
 1.70463e-06
 1.10563e-05
 6.31972e-05
 3.14331e-04
 1.33934e-03
 4.80086e-03
 1.42259e-02
 3.45320e-02
 6.92504e-02
 1.18028e-01
 1.77812e-01
 2.45764e-01
 3.20499e-01
 4.01756e-01
 4.89854e-01
 5.85304e-01
 6.88348e-01
 7.97611e-01
 9.04990e-01
 9.75784e-01
 9.59533e-01
 9.43340e-01
 9.33244e-01
 9.29641e-01
 0.00000e+00
 3.21485e-09
 2.88422e-08
 2.33998e-07
 1.70463e-06
 1.10563e-05
 6.31972e-05
 3.14331e-04
 1.33934e-03
 4.80086e-03
 1.42259e-02
 3.45320e-02
 6.92504e-02
 1.18028e-01
 1.77812e-01
 2.45764e-01
 3.20499e-01
 4.01756e-01
 4.89854e-01
 5.85304e-01
 6.88348e-01
 7.97611e-01
 9.04990e-01
 9.75784e-01
 9.59533e-01
 9.43340e-01
 9.33244e-01
 9.29641e-01
 0.00000e+00
 3.21486e-09
 2.88423e-08
 2.33998e-07
 1.70463e-06
 1.10563e-05
 6.31972e-05
 3.14331e-04
 1.33934e-03
 4.80086e-03
 1.42259e-02
 3.45320e-02
 6.92504e-02
 1.18028e-01
 1.77812e-01
 2.45764e-01
 3.20499e-01
 4.01756e-01
 4.89854e-01
 5.85304e-01
 6.88348e-01
 7.97611e-01
 9.04990e-01
 9.75784e-01
 9.59533e-01
 9.43340e-01
 9.33244e-01
 9.29641e-01
 0.00000e+00
 3.21486e-09
 2.88423e-08
 2.33998e-07
 1.70463e-06
 1.10563e-05
 6.31972e-05
 3.14331e-04
 1.33934e-03
 4.80086e-03
 1.42259e-02
 3.45320e-02
 6.92504e-02
 1.18028e-01
 1.77812e-01
 2.45764e-01
 3.20499e-01
 4.01756e-01
 4.89854e-01
 5.85304e-01
 6.88348e-01
 7.97611e-01
 9.04990e-01
 9.75784e-01
 9.59533e-01
 9.43340e-01
 9.33244e-01
 9.29641e-01
 0.00000e+00
 3.21487e-09
 2.88423e-08
 2.33998e-07
 1.70463e-06
 1.10563e-05
 6.31972e-05
 3.14331e-04
 1.33934e-03
 4.80086e-03
 1.42259e-02
 3.45320e-02
 6.92504e-02
 1.18028e-01
 1.77812e-01
 2.45764e-01
 3.20499e-01
 4.01756e-01
 4.89854e-01
 5.85304e-01
 6.88348e-01
 7.97611e-01
 9.04990e-01
 9.75784e-01
 9.59533e-01
 9.43340e-01
 9.33244e-01
 9.29641e-01
 0.00000e+00
 3.21488e-09
 2.88423e-08
 2.33998e-07
 1.70463e-06
 1.10563e-05
 6.31972e-05
 3.14331e-04
 1.33934e-03
 4.80086e-03
 1.42259e-02
 3.45320e-02
 6.92504e-02
 1.18028e-01
 1.77812e-01
 2.45764e-01
 3.20499e-01
 4.01756e-01
 4.89854e-01
 5.85304e-01
 6.88348e-01
 7.97611e-01
 9.04990e-01
 9.75784e-01
 9.59533e-01
 9.43340e-01
 9.33244e-01
 9.29641e-01
 0.00000e+00
 3.21487e-09
 2.88422e-08
 2.33998e-07
 1.70463e-06
 1.10563e-05
 6.31972e-05
 3.14331e-04
 1.33934e-03
 4.80086e-03
 1.42259e-02
 3.45320e-02
 6.92504e-02
 1.18028e-01
 1.77812e-01
 2.45764e-01
 3.20499e-01
 4.01756e-01
 4.89854e-01
 5.85304e-01
 6.88348e-01
 7.97611e-01
 9.04990e-01
 9.75784e-01
 9.59533e-01
 9.43340e-01
 9.33244e-01
 9.29641e-01
 0.00000e+00
 0.00000e+00
 0.00000e+00
 0.00000e+00
 0.00000e+00
 0.00000e+00
 0.00000e+00
 0.00000e+00
 0.00000e+00
 0.00000e+00
 0.00000e+00
 0.00000e+00
 0.00000e+00
 0.00000e+00
 0.00000e+00
 0.00000e+00
 0.00000e+00
 0.00000e+00
 0.00000e+00
 0.00000e+00
 0.00000e+00
 0.00000e+00
 0.00000e+00
 0.00000e+00
 0.00000e+00
 0.00000e+00
 0.00000e+00
 0.00000e+00
 0.00000e+00
-9.90961e-16
 2.64437e-15
 1.56830e-15
 3.48842e-15
 6.59087e-15
 9.15446e-15
 9.67379e-15
 8.58525e-15
 1.61546e-15
 2.07028e-15
 8.16955e-15
 1.64372e-14
 1.01433e-14
 6.35830e-15
 4.66722e-15
 6.77952e-15
 1.31067e-14
 9.64416e-15
 9.24824e-16
 3.69740e-15
 5.05103e-15
 2.44365e-15
 8.68544e-15
 1.28338e-14
 6.30464e-15
 8.34788e-15
 4.90113e-15
 5.86992e-15
-2.40693e-15
-1.13841e-17
-1.84098e-15
-3.43313e-15
-4.62466e-15
-9.63368e-15
-1.12123e-14
-4.23110e-15
 3.68900e-15
 2.97071e-16
-1.23517e-14
-3.37060e-15
-1.14448e-14
-1.32733e-15
 3.48137e-15
-1.00478e-15
-1.55497e-16
 1.89510e-15
 4.43981e-16
-2.49909e-15
 3.72884e-15
 4.17830e-15
-1.21774e-15
-8.23461e-15
-6.70773e-15
-1.71490e-15
 1.13055e-14
 1.56092e-14
-3.80772e-15
-5.16568e-15
-1.95590e-15
 4.39102e-17
 4.60949e-15
 8.67091e-15
 2.00090e-15
-2.27086e-15
-5.71754e-15
-9.03574e-15
-8.01921e-15
 3.58212e-15
-1.06523e-15
-1.21764e-14
-7.74256e-15
 3.44776e-16
-2.65675e-15
 1.58800e-15
-5.41017e-15
-1.00568e-14
-1.08613e-14
 5.71073e-16
-2.30786e-15
 2.33131e-16
 4.84154e-16
-9.43042e-16
 3.54963e-15
 1.59399e-14
 1.71900e-15
 2.41560e-15
-1.42247e-15
-1.38832e-15
 5.31259e-16
-9.03683e-16
 3.63208e-16
-7.34005e-16
-3.61690e-15
-5.98480e-16
-4.69288e-15
 8.42091e-15
 8.75683e-15
 1.24797e-14
 1.18360e-14
 3.04986e-15
 2.94176e-16
 2.85597e-15
-4.81115e-16
 3.64970e-15
 9.08805e-15
 1.65029e-15
-1.00237e-15
 1.17979e-15
 4.41730e-16
 2.93804e-16
-6.38760e-15
-3.72456e-14
 0.00000e+00
 0.00000e+00
 0.00000e+00
 0.00000e+00
 0.00000e+00
 0.00000e+00
 0.00000e+00
 0.00000e+00
 0.00000e+00
 0.00000e+00
 0.00000e+00
 0.00000e+00
 0.00000e+00
 0.00000e+00
 0.00000e+00
 0.00000e+00
 0.00000e+00
 0.00000e+00
 0.00000e+00
 0.00000e+00
 0.00000e+00
 0.00000e+00
 0.00000e+00
 0.00000e+00
 0.00000e+00
 0.00000e+00
 0.00000e+00
 0.00000e+00
 0.00000e+00
 0.00000e+00
 0.00000e+00
 0.00000e+00
 0.00000e+00
 0.00000e+00
 0.00000e+00
 0.00000e+00
 0.00000e+00
 0.00000e+00
 0.00000e+00
 0.00000e+00
 0.00000e+00
 0.00000e+00
 0.00000e+00
 0.00000e+00
 0.00000e+00
 0.00000e+00
 0.00000e+00
 0.00000e+00
 0.00000e+00
 0.00000e+00
 0.00000e+00
 0.00000e+00
 0.00000e+00
 0.00000e+00
 0.00000e+00
 0.00000e+00
-9.90961e-16
 2.64437e-15
 1.56830e-15
 3.48842e-15
 6.59087e-15
 9.15446e-15
 9.67379e-15
 8.58525e-15
 1.61546e-15
 2.07028e-15
 8.16955e-15
 1.64372e-14
 1.01433e-14
 6.35830e-15
 4.66722e-15
 6.77952e-15
 1.31067e-14
 9.64416e-15
 9.24824e-16
 3.69740e-15
 5.05103e-15
 2.44365e-15
 8.68544e-15
 1.28338e-14
 6.30464e-15
 8.34788e-15
 4.90113e-15
 5.86992e-15
-2.40693e-15
-1.13841e-17
-1.84098e-15
-3.43313e-15
-4.62466e-15
-9.63368e-15
-1.12123e-14
-4.23110e-15
 3.68900e-15
 2.97071e-16
-1.23517e-14
-3.37060e-15
-1.14448e-14
-1.32733e-15
 3.48137e-15
-1.00478e-15
-1.55497e-16
 1.89510e-15
 4.43981e-16
-2.49909e-15
 3.72884e-15
 4.17830e-15
-1.21774e-15
-8.23461e-15
-6.70773e-15
-1.71490e-15
 1.13055e-14
 1.56092e-14
-3.80772e-15
-5.16568e-15
-1.95590e-15
 4.39102e-17
 4.60949e-15
 8.67091e-15
 2.00090e-15
-2.27086e-15
-5.71754e-15
-9.03574e-15
-8.01921e-15
 3.58212e-15
-1.06523e-15
-1.21764e-14
-7.74256e-15
 3.44776e-16
-2.65675e-15
 1.58800e-15
-5.41017e-15
-1.00568e-14
-1.08613e-14
 5.71073e-16
-2.30786e-15
 2.33131e-16
 4.84154e-16
-9.43042e-16
 3.54963e-15
 1.59399e-14
 1.71900e-15
 2.41560e-15
-1.42247e-15
-1.38832e-15
 5.31259e-16
-9.03683e-16
 3.63208e-16
-7.34005e-16
-3.61690e-15
-5.98480e-16
-4.69288e-15
 8.42091e-15
 8.75683e-15
 1.24797e-14
 1.18360e-14
 3.04986e-15
 2.94176e-16
 2.85597e-15
-4.81115e-16
 3.64970e-15
 9.08805e-15
 1.65029e-15
-1.00237e-15
 1.17979e-15
 4.41730e-16
 2.93804e-16
-6.38760e-15
-3.72456e-14
 0.00000e+00
 0.00000e+00
 0.00000e+00
 0.00000e+00
 0.00000e+00
 0.00000e+00
 0.00000e+00
 0.00000e+00
 0.00000e+00
 0.00000e+00
 0.00000e+00
 0.00000e+00
 0.00000e+00
 0.00000e+00
 0.00000e+00
 0.00000e+00
 0.00000e+00
 0.00000e+00
 0.00000e+00
 0.00000e+00
 0.00000e+00
 0.00000e+00
 0.00000e+00
 0.00000e+00
 0.00000e+00
 0.00000e+00
 0.00000e+00
 0.00000e+00
 0.00000e+00
 0.00000e+00
 0.00000e+00
 0.00000e+00
 0.00000e+00
 0.00000e+00
 0.00000e+00
 0.00000e+00
 0.00000e+00
 0.00000e+00
 0.00000e+00
 0.00000e+00
 0.00000e+00
 0.00000e+00
 0.00000e+00
 0.00000e+00
 0.00000e+00
 0.00000e+00
 0.00000e+00
 0.00000e+00
 0.00000e+00
 0.00000e+00
 0.00000e+00
 0.00000e+00
 0.00000e+00
 0.00000e+00
 0.00000e+00
 0.00000e+00
 0.00000e+00
 0.00000e+00
 0.00000e+00
 0.00000e+00
 0.00000e+00
 0.00000e+00
 0.00000e+00
 0.00000e+00
 0.00000e+00
 0.00000e+00
 0.00000e+00
 0.00000e+00
 0.00000e+00
 0.00000e+00
 0.00000e+00
 0.00000e+00
 0.00000e+00
 0.00000e+00
 0.00000e+00
 0.00000e+00
 0.00000e+00
 0.00000e+00
 0.00000e+00
 0.00000e+00
 0.00000e+00
 0.00000e+00
 0.00000e+00
 0.00000e+00
 0.00000e+00
 0.00000e+00
 0.00000e+00
 0.00000e+00
 0.00000e+00
 0.00000e+00
 0.00000e+00
 0.00000e+00
 0.00000e+00
 0.00000e+00
 0.00000e+00
 0.00000e+00
 0.00000e+00
 0.00000e+00
 0.00000e+00
 0.00000e+00
 0.00000e+00
 0.00000e+00
 0.00000e+00
 0.00000e+00
 0.00000e+00
 0.00000e+00
 0.00000e+00
 0.00000e+00
 0.00000e+00
 0.00000e+00
 0.00000e+00
 0.00000e+00
 0.00000e+00
 0.00000e+00
 0.00000e+00
 0.00000e+00
 0.00000e+00
 0.00000e+00
 0.00000e+00
 0.00000e+00
 0.00000e+00
 0.00000e+00
 0.00000e+00
 0.00000e+00
 0.00000e+00
 0.00000e+00
 0.00000e+00
 0.00000e+00
 0.00000e+00
 0.00000e+00
 0.00000e+00
 0.00000e+00
 0.00000e+00
 0.00000e+00
 0.00000e+00
 0.00000e+00
 0.00000e+00
 0.00000e+00
 0.00000e+00
 0.00000e+00
 0.00000e+00
 0.00000e+00
 0.00000e+00
 0.00000e+00
 0.00000e+00
 0.00000e+00
 0.00000e+00
 0.00000e+00
 0.00000e+00
 0.00000e+00
 0.00000e+00
 0.00000e+00
 0.00000e+00
 0.00000e+00
 0.00000e+00
 0.00000e+00
 0.00000e+00
 0.00000e+00
 0.00000e+00
 0.00000e+00
 0.00000e+00
 0.00000e+00
 0.00000e+00
 0.00000e+00
 0.00000e+00
 0.00000e+00
 0.00000e+00
 0.00000e+00
 0.00000e+00
 0.00000e+00
 0.00000e+00
 0.00000e+00
 0.00000e+00
 0.00000e+00
 0.00000e+00
 0.00000e+00
 0.00000e+00
 0.00000e+00
 0.00000e+00
 0.00000e+00
 0.00000e+00
 0.00000e+00
 0.00000e+00
 0.00000e+00
 0.00000e+00
 0.00000e+00
 0.00000e+00
 0.00000e+00
 0.00000e+00
 0.00000e+00
 0.00000e+00
 0.00000e+00
 0.00000e+00
 0.00000e+00
 0.00000e+00
 0.00000e+00
 0.00000e+00
 0.00000e+00
 0.00000e+00
 0.00000e+00
 0.00000e+00
 0.00000e+00
 0.00000e+00
 0.00000e+00
 0.00000e+00
 0.00000e+00
 0.00000e+00
 0.00000e+00
 0.00000e+00
 0.00000e+00
 0.00000e+00
 0.00000e+00
 0.00000e+00
 0.00000e+00
 0.00000e+00
 0.00000e+00
 0.00000e+00
 0.00000e+00
 0.00000e+00
 0.00000e+00
 0.00000e+00
 0.00000e+00
 0.00000e+00
 0.00000e+00
 0.00000e+00
 0.00000e+00
 0.00000e+00
 0.00000e+00
 0.00000e+00
 0.00000e+00
 0.00000e+00
 0.00000e+00
 0.00000e+00
 0.00000e+00
 0.00000e+00
 0.00000e+00
 0.00000e+00
 0.00000e+00
 0.00000e+00
 0.00000e+00
 0.00000e+00
 0.00000e+00
 0.00000e+00
 0.00000e+00
 0.00000e+00
 0.00000e+00
 0.00000e+00
 0.00000e+00
 0.00000e+00
 0.00000e+00
 0.00000e+00
 0.00000e+00
 0.00000e+00
 0.00000e+00
 0.00000e+00
 0.00000e+00
 0.00000e+00
 0.00000e+00
 0.00000e+00
 0.00000e+00
 0.00000e+00
 0.00000e+00
 0.00000e+00
 0.00000e+00
 0.00000e+00
 0.00000e+00
 0.00000e+00
 0.00000e+00
 0.00000e+00
 0.00000e+00
 0.00000e+00
 0.00000e+00
 0.00000e+00
 0.00000e+00
 0.00000e+00
 0.00000e+00
 0.00000e+00
 0.00000e+00
 0.00000e+00
 0.00000e+00
 0.00000e+00
 0.00000e+00
 0.00000e+00
 0.00000e+00
 0.00000e+00
 0.00000e+00
 0.00000e+00
 0.00000e+00
 0.00000e+00
 0.00000e+00
 0.00000e+00
 0.00000e+00
 0.00000e+00
 0.00000e+00
 0.00000e+00
 0.00000e+00
 0.00000e+00
 0.00000e+00
 0.00000e+00
 0.00000e+00
 0.00000e+00
 0.00000e+00
 0.00000e+00
 0.00000e+00
 0.00000e+00
 0.00000e+00
 0.00000e+00
 0.00000e+00
 0.00000e+00
 0.00000e+00
 0.00000e+00
 0.00000e+00
 0.00000e+00
 0.00000e+00
 0.00000e+00
 0.00000e+00
 0.00000e+00
 0.00000e+00
 0.00000e+00
 0.00000e+00
 0.00000e+00
 0.00000e+00
 0.00000e+00
 0.00000e+00
 0.00000e+00
 0.00000e+00
 0.00000e+00
 0.00000e+00
 0.00000e+00
 0.00000e+00
 0.00000e+00
 0.00000e+00
 0.00000e+00
 0.00000e+00
 0.00000e+00
 0.00000e+00
 0.00000e+00
 0.00000e+00
 0.00000e+00
 0.00000e+00
 0.00000e+00
 0.00000e+00
 0.00000e+00
 0.00000e+00
 0.00000e+00
 0.00000e+00
 0.00000e+00
 0.00000e+00
 0.00000e+00
 0.00000e+00
 0.00000e+00
 0.00000e+00
 0.00000e+00
 0.00000e+00
 0.00000e+00
 0.00000e+00
 0.00000e+00
 0.00000e+00
 0.00000e+00
 0.00000e+00
 0.00000e+00
 0.00000e+00
 0.00000e+00
 0.00000e+00
part
         3
coordinates
 9.33244e-01
 9.29641e-01
 9.29278e-01
 9.28932e-01
 9.28589e-01
 9.28239e-01
 9.27870e-01
 9.27468e-01
 9.27007e-01
 9.26445e-01
 9.25702e-01
 9.24647e-01
 9.23059e-01
 9.20596e-01
 9.16745e-01
 9.10775e-01
 9.01712e-01
 8.88333e-01
 8.69216e-01
 8.42824e-01
 8.07632e-01
 7.62280e-01
 7.05783e-01
 6.37803e-01
 5.59004e-01
 4.71459e-01
 3.78960e-01
 0.00000e+00
 9.33244e-01
 9.29641e-01
 9.29278e-01
 9.28932e-01
 9.28589e-01
 9.28239e-01
 9.27870e-01
 9.27468e-01
 9.27007e-01
 9.26445e-01
 9.25702e-01
 9.24647e-01
 9.23059e-01
 9.20596e-01
 9.16745e-01
 9.10775e-01
 9.01712e-01
 8.88333e-01
 8.69216e-01
 8.42824e-01
 8.07632e-01
 7.62280e-01
 7.05783e-01
 6.37803e-01
 5.59004e-01
 4.71459e-01
 3.78960e-01
 0.00000e+00
 9.33244e-01
 9.29641e-01
 9.29278e-01
 9.28932e-01
 9.28589e-01
 9.28239e-01
 9.27870e-01
 9.27468e-01
 9.27007e-01
 9.26445e-01
 9.25702e-01
 9.24647e-01
 9.23059e-01
 9.20596e-01
 9.16745e-01
 9.10775e-01
 9.01712e-01
 8.88333e-01
 8.69216e-01
 8.42824e-01
 8.07632e-01
 7.62280e-01
 7.05783e-01
 6.37803e-01
 5.59004e-01
 4.71459e-01
 3.78960e-01
 0.00000e+00
 9.33244e-01
 9.29641e-01
 9.29278e-01
 9.28932e-01
 9.28589e-01
 9.28239e-01
 9.27870e-01
 9.27468e-01
 9.27007e-01
 9.26445e-01
 9.25702e-01
 9.24647e-01
 9.23059e-01
 9.20596e-01
 9.16745e-01
 9.10775e-01
 9.01712e-01
 8.88333e-01
 8.69216e-01
 8.42824e-01
 8.07632e-01
 7.62280e-01
 7.05783e-01
 6.37803e-01
 5.59004e-01
 4.71459e-01
 3.78960e-01
 0.00000e+00
 9.33244e-01
 9.29641e-01
 9.29278e-01
 9.28932e-01
 9.28589e-01
 9.28239e-01
 9.27870e-01
 9.27468e-01
 9.27007e-01
 9.26445e-01
 9.25702e-01
 9.24647e-01
 9.23059e-01
 9.20596e-01
 9.16745e-01
 9.10775e-01
 9.01712e-01
 8.88333e-01
 8.69216e-01
 8.42824e-01
 8.07632e-01
 7.62280e-01
 7.05783e-01
 6.37803e-01
 5.59004e-01
 4.71459e-01
 3.78960e-01
 0.00000e+00
 9.33244e-01
 9.29641e-01
 9.29278e-01
 9.28932e-01
 9.28589e-01
 9.28239e-01
 9.27870e-01
 9.27468e-01
 9.27007e-01
 9.26445e-01
 9.25702e-01
 9.24647e-01
 9.23059e-01
 9.20596e-01
 9.16745e-01
 9.10775e-01
 9.01712e-01
 8.88333e-01
 8.69216e-01
 8.42824e-01
 8.07632e-01
 7.62280e-01
 7.05783e-01
 6.37803e-01
 5.59004e-01
 4.71459e-01
 3.78960e-01
 0.00000e+00
 9.33244e-01
 9.29641e-01
 9.29278e-01
 9.28932e-01
 9.28589e-01
 9.28239e-01
 9.27870e-01
 9.27468e-01
 9.27007e-01
 9.26445e-01
 9.25702e-01
 9.24647e-01
 9.23059e-01
 9.20596e-01
 9.16745e-01
 9.10775e-01
 9.01712e-01
 8.88333e-01
 8.69216e-01
 8.42824e-01
 8.07632e-01
 7.62280e-01
 7.05783e-01
 6.37803e-01
 5.59004e-01
 4.71459e-01
 3.78960e-01
 0.00000e+00
 9.33244e-01
 9.29641e-01
 9.29278e-01
 9.28932e-01
 9.28589e-01
 9.28239e-01
 9.27870e-01
 9.27468e-01
 9.27007e-01
 9.26445e-01
 9.25702e-01
 9.24647e-01
 9.23059e-01
 9.20596e-01
 9.16745e-01
 9.10775e-01
 9.01712e-01
 8.88333e-01
 8.69216e-01
 8.42824e-01
 8.07632e-01
 7.62280e-01
 7.05783e-01
 6.37803e-01
 5.59004e-01
 4.71459e-01
 3.78960e-01
 0.00000e+00
 9.33244e-01
 9.29641e-01
 9.29278e-01
 9.28932e-01
 9.28589e-01
 9.28239e-01
 9.27870e-01
 9.27468e-01
 9.27007e-01
 9.26445e-01
 9.25702e-01
 9.24647e-01
 9.23059e-01
 9.20596e-01
 9.16745e-01
 9.10775e-01
 9.01712e-01
 8.88333e-01
 8.69216e-01
 8.42824e-01
 8.07632e-01
 7.62280e-01
 7.05783e-01
 6.37803e-01
 5.59004e-01
 4.71459e-01
 3.78960e-01
 0.00000e+00
 9.33244e-01
 9.29641e-01
 9.29278e-01
 9.28932e-01
 9.28589e-01
 9.28239e-01
 9.27870e-01
 9.27468e-01
 9.27007e-01
 9.26445e-01
 9.25702e-01
 9.24647e-01
 9.23059e-01
 9.20596e-01
 9.16745e-01
 9.10775e-01
 9.01712e-01
 8.88333e-01
 8.69216e-01
 8.42824e-01
 8.07632e-01
 7.62280e-01
 7.05783e-01
 6.37803e-01
 5.59004e-01
 4.71459e-01
 3.78960e-01
 0.00000e+00
 9.33244e-01
 9.29641e-01
 9.29278e-01
 9.28932e-01
 9.28589e-01
 9.28239e-01
 9.27870e-01
 9.27468e-01
 9.27007e-01
 9.26445e-01
 9.25702e-01
 9.24647e-01
 9.23059e-01
 9.20596e-01
 9.16745e-01
 9.10775e-01
 9.01712e-01
 8.88333e-01
 8.69216e-01
 8.42824e-01
 8.07632e-01
 7.62280e-01
 7.05783e-01
 6.37803e-01
 5.59004e-01
 4.71459e-01
 3.78960e-01
 0.00000e+00
 9.33244e-01
 9.29641e-01
 9.29278e-01
 9.28932e-01
 9.28589e-01
 9.28239e-01
 9.27870e-01
 9.27468e-01
 9.27007e-01
 9.26445e-01
 9.25702e-01
 9.24647e-01
 9.23059e-01
 9.20596e-01
 9.16745e-01
 9.10775e-01
 9.01712e-01
 8.88333e-01
 8.69216e-01
 8.42824e-01
 8.07632e-01
 7.62280e-01
 7.05783e-01
 6.37803e-01
 5.59004e-01
 4.71459e-01
 3.78960e-01
 0.00000e+00
 0.00000e+00
 0.00000e+00
 0.00000e+00
 0.00000e+00
 0.00000e+00
 0.00000e+00
 0.00000e+00
 0.00000e+00
 0.00000e+00
 0.00000e+00
 0.00000e+00
 0.00000e+00
 0.00000e+00
 0.00000e+00
 0.00000e+00
 0.00000e+00
 0.00000e+00
 0.00000e+00
 0.00000e+00
 0.00000e+00
 0.00000e+00
 0.00000e+00
 0.00000e+00
 0.00000e+00
 0.00000e+00
 0.00000e+00
 0.00000e+00
 0.00000e+00
 8.34788e-15
 4.90113e-15
 5.86992e-15
-8.14560e-16
 7.41806e-15
 1.41440e-15
 1.29106e-15
 2.73927e-16
-3.41282e-15
 2.79756e-15
-8.15405e-15
 6.01461e-16
-1.45364e-15
 9.98550e-16
 1.38165e-14
-6.80608e-16
-2.27032e-15
 8.42073e-15
 8.51072e-15
-3.43890e-15
 1.02026e-14
-6.21066e-15
-6.13965e-15
 2.75495e-15
-6.17453e-15
-1.22049e-14
 9.69404e-15
 1.30505e-14
-1.71490e-15
 1.13055e-14
 1.56092e-14
 9.34355e-15
 6.20717e-15
 1.43908e-14
 2.33481e-14
 1.13516e-14
 4.81348e-15
 3.98113e-15
 1.83556e-14
 1.40000e-14
 9.32875e-15
 7.19721e-15
-3.59765e-15
 1.71927e-15
 8.72295e-15
 8.98587e-15
-7.39507e-15
-3.44351e-15
-7.12970e-15
-1.32994e-14
 1.17654e-14
 3.26751e-14
 8.31881e-15
-1.22537e-14
-6.11796e-15
-9.18924e-17
-9.43042e-16
 3.54963e-15
 1.59399e-14
 7.20851e-15
 1.72156e-14
 1.17478e-14
 1.34765e-15
 1.51832e-15
 7.67186e-15
 6.90888e-15
 1.83611e-15
-4.40538e-15
-4.32705e-15
 7.13947e-16
-3.47297e-15
-3.30248e-15
-5.49419e-15
-9.41602e-15
-3.73264e-15
-3.40746e-15
 1.44093e-14
 1.44540e-14
 4.94686e-15
 5.09412e-15
 1.61058e-14
 1.29616e-14
 2.33501e-14
 2.90319e-14
 2.93804e-16
-6.38760e-15
-3.72456e-14
-2.66494e-14
-2.57090e-14
-1.42175e-14
-1.67553e-14
-1.49840e-14
-2.12486e-14
-1.09512e-14
-4.46525e-15
-7.36417e-15
-5.59828e-15
-6.97901e-15
-5.29118e-15
-3.23933e-15
-7.92281e-15
-1.38800e-14
-1.30535e-14
-1.55483e-15
 4.20021e-15
-5.92985e-15
-1.85752e-16
-2.15550e-14
-3.74822e-14
-4.48115e-14
-3.53882e-14
-1.43340e-14
 0.00000e+00
 0.00000e+00
 0.00000e+00
 0.00000e+00
 0.00000e+00
 0.00000e+00
 0.00000e+00
 0.00000e+00
 0.00000e+00
 0.00000e+00
 0.00000e+00
 0.00000e+00
 0.00000e+00
 0.00000e+00
 0.00000e+00
 0.00000e+00
 0.00000e+00
 0.00000e+00
 0.00000e+00
 0.00000e+00
 0.00000e+00
 0.00000e+00
 0.00000e+00
 0.00000e+00
 0.00000e+00
 0.00000e+00
 0.00000e+00
 0.00000e+00
 0.00000e+00
 0.00000e+00
 0.00000e+00
 0.00000e+00
 0.00000e+00
 0.00000e+00
 0.00000e+00
 0.00000e+00
 0.00000e+00
 0.00000e+00
 0.00000e+00
 0.00000e+00
 0.00000e+00
 0.00000e+00
 0.00000e+00
 0.00000e+00
 0.00000e+00
 0.00000e+00
 0.00000e+00
 0.00000e+00
 0.00000e+00
 0.00000e+00
 0.00000e+00
 0.00000e+00
 0.00000e+00
 0.00000e+00
 0.00000e+00
 0.00000e+00
 8.34788e-15
 4.90113e-15
 5.86992e-15
-8.14560e-16
 7.41806e-15
 1.41440e-15
 1.29106e-15
 2.73927e-16
-3.41282e-15
 2.79756e-15
-8.15405e-15
 6.01461e-16
-1.45364e-15
 9.98550e-16
 1.38165e-14
-6.80608e-16
-2.27032e-15
 8.42073e-15
 8.51072e-15
-3.43890e-15
 1.02026e-14
-6.21066e-15
-6.13965e-15
 2.75495e-15
-6.17453e-15
-1.22049e-14
 9.69404e-15
 1.30505e-14
-1.71490e-15
 1.13055e-14
 1.56092e-14
 9.34355e-15
 6.20717e-15
 1.43908e-14
 2.33481e-14
 1.13516e-14
 4.81348e-15
 3.98113e-15
 1.83556e-14
 1.40000e-14
 9.32875e-15
 7.19721e-15
-3.59765e-15
 1.71927e-15
 8.72295e-15
 8.98587e-15
-7.39507e-15
-3.44351e-15
-7.12970e-15
-1.32994e-14
 1.17654e-14
 3.26751e-14
 8.31881e-15
-1.22537e-14
-6.11796e-15
-9.18924e-17
-9.43042e-16
 3.54963e-15
 1.59399e-14
 7.20851e-15
 1.72156e-14
 1.17478e-14
 1.34765e-15
 1.51832e-15
 7.67186e-15
 6.90888e-15
 1.83611e-15
-4.40538e-15
-4.32705e-15
 7.13947e-16
-3.47297e-15
-3.30248e-15
-5.49419e-15
-9.41602e-15
-3.73264e-15
-3.40746e-15
 1.44093e-14
 1.44540e-14
 4.94686e-15
 5.09412e-15
 1.61058e-14
 1.29616e-14
 2.33501e-14
 2.90319e-14
 2.93804e-16
-6.38760e-15
-3.72456e-14
-2.66494e-14
-2.57090e-14
-1.42175e-14
-1.67553e-14
-1.49840e-14
-2.12486e-14
-1.09512e-14
-4.46525e-15
-7.36417e-15
-5.59828e-15
-6.97901e-15
-5.29118e-15
-3.23933e-15
-7.92281e-15
-1.38800e-14
-1.30535e-14
-1.55483e-15
 4.20021e-15
-5.92985e-15
-1.85752e-16
-2.15550e-14
-3.74822e-14
-4.48115e-14
-3.53882e-14
-1.43340e-14
 0.00000e+00
 0.00000e+00
 0.00000e+00
 0.00000e+00
 0.00000e+00
 0.00000e+00
 0.00000e+00
 0.00000e+00
 0.00000e+00
 0.00000e+00
 0.00000e+00
 0.00000e+00
 0.00000e+00
 0.00000e+00
 0.00000e+00
 0.00000e+00
 0.00000e+00
 0.00000e+00
 0.00000e+00
 0.00000e+00
 0.00000e+00
 0.00000e+00
 0.00000e+00
 0.00000e+00
 0.00000e+00
 0.00000e+00
 0.00000e+00
 0.00000e+00
 0.00000e+00
 0.00000e+00
 0.00000e+00
 0.00000e+00
 0.00000e+00
 0.00000e+00
 0.00000e+00
 0.00000e+00
 0.00000e+00
 0.00000e+00
 0.00000e+00
 0.00000e+00
 0.00000e+00
 0.00000e+00
 0.00000e+00
 0.00000e+00
 0.00000e+00
 0.00000e+00
 0.00000e+00
 0.00000e+00
 0.00000e+00
 0.00000e+00
 0.00000e+00
 0.00000e+00
 0.00000e+00
 0.00000e+00
 0.00000e+00
 0.00000e+00
 0.00000e+00
 0.00000e+00
 0.00000e+00
 0.00000e+00
 0.00000e+00
 0.00000e+00
 0.00000e+00
 0.00000e+00
 0.00000e+00
 0.00000e+00
 0.00000e+00
 0.00000e+00
 0.00000e+00
 0.00000e+00
 0.00000e+00
 0.00000e+00
 0.00000e+00
 0.00000e+00
 0.00000e+00
 0.00000e+00
 0.00000e+00
 0.00000e+00
 0.00000e+00
 0.00000e+00
 0.00000e+00
 0.00000e+00
 0.00000e+00
 0.00000e+00
 0.00000e+00
 0.00000e+00
 0.00000e+00
 0.00000e+00
 0.00000e+00
 0.00000e+00
 0.00000e+00
 0.00000e+00
 0.00000e+00
 0.00000e+00
 0.00000e+00
 0.00000e+00
 0.00000e+00
 0.00000e+00
 0.00000e+00
 0.00000e+00
 0.00000e+00
 0.00000e+00
 0.00000e+00
 0.00000e+00
 0.00000e+00
 0.00000e+00
 0.00000e+00
 0.00000e+00
 0.00000e+00
 0.00000e+00
 0.00000e+00
 0.00000e+00
 0.00000e+00
 0.00000e+00
 0.00000e+00
 0.00000e+00
 0.00000e+00
 0.00000e+00
 0.00000e+00
 0.00000e+00
 0.00000e+00
 0.00000e+00
 0.00000e+00
 0.00000e+00
 0.00000e+00
 0.00000e+00
 0.00000e+00
 0.00000e+00
 0.00000e+00
 0.00000e+00
 0.00000e+00
 0.00000e+00
 0.00000e+00
 0.00000e+00
 0.00000e+00
 0.00000e+00
 0.00000e+00
 0.00000e+00
 0.00000e+00
 0.00000e+00
 0.00000e+00
 0.00000e+00
 0.00000e+00
 0.00000e+00
 0.00000e+00
 0.00000e+00
 0.00000e+00
 0.00000e+00
 0.00000e+00
 0.00000e+00
 0.00000e+00
 0.00000e+00
 0.00000e+00
 0.00000e+00
 0.00000e+00
 0.00000e+00
 0.00000e+00
 0.00000e+00
 0.00000e+00
 0.00000e+00
 0.00000e+00
 0.00000e+00
 0.00000e+00
 0.00000e+00
 0.00000e+00
 0.00000e+00
 0.00000e+00
 0.00000e+00
 0.00000e+00
 0.00000e+00
 0.00000e+00
 0.00000e+00
 0.00000e+00
 0.00000e+00
 0.00000e+00
 0.00000e+00
 0.00000e+00
 0.00000e+00
 0.00000e+00
 0.00000e+00
 0.00000e+00
 0.00000e+00
 0.00000e+00
 0.00000e+00
 0.00000e+00
 0.00000e+00
 0.00000e+00
 0.00000e+00
 0.00000e+00
 0.00000e+00
 0.00000e+00
 0.00000e+00
 0.00000e+00
 0.00000e+00
 0.00000e+00
 0.00000e+00
 0.00000e+00
 0.00000e+00
 0.00000e+00
 0.00000e+00
 0.00000e+00
 0.00000e+00
 0.00000e+00
 0.00000e+00
 0.00000e+00
 0.00000e+00
 0.00000e+00
 0.00000e+00
 0.00000e+00
 0.00000e+00
 0.00000e+00
 0.00000e+00
 0.00000e+00
 0.00000e+00
 0.00000e+00
 0.00000e+00
 0.00000e+00
 0.00000e+00
 0.00000e+00
 0.00000e+00
 0.00000e+00
 0.00000e+00
 0.00000e+00
 0.00000e+00
 0.00000e+00
 0.00000e+00
 0.00000e+00
 0.00000e+00
 0.00000e+00
 0.00000e+00
 0.00000e+00
 0.00000e+00
 0.00000e+00
 0.00000e+00
 0.00000e+00
 0.00000e+00
 0.00000e+00
 0.00000e+00
 0.00000e+00
 0.00000e+00
 0.00000e+00
 0.00000e+00
 0.00000e+00
 0.00000e+00
 0.00000e+00
 0.00000e+00
 0.00000e+00
 0.00000e+00
 0.00000e+00
 0.00000e+00
 0.00000e+00
 0.00000e+00
 0.00000e+00
 0.00000e+00
 0.00000e+00
 0.00000e+00
 0.00000e+00
 0.00000e+00
 0.00000e+00
 0.00000e+00
 0.00000e+00
 0.00000e+00
 0.00000e+00
 0.00000e+00
 0.00000e+00
 0.00000e+00
 0.00000e+00
 0.00000e+00
 0.00000e+00
 0.00000e+00
 0.00000e+00
 0.00000e+00
 0.00000e+00
 0.00000e+00
 0.00000e+00
 0.00000e+00
 0.00000e+00
 0.00000e+00
 0.00000e+00
 0.00000e+00
 0.00000e+00
 0.00000e+00
 0.00000e+00
 0.00000e+00
 0.00000e+00
 0.00000e+00
 0.00000e+00
 0.00000e+00
 0.00000e+00
 0.00000e+00
 0.00000e+00
 0.00000e+00
 0.00000e+00
 0.00000e+00
 0.00000e+00
 0.00000e+00
 0.00000e+00
 0.00000e+00
 0.00000e+00
 0.00000e+00
 0.00000e+00
 0.00000e+00
 0.00000e+00
 0.00000e+00
 0.00000e+00
 0.00000e+00
 0.00000e+00
 0.00000e+00
 0.00000e+00
 0.00000e+00
 0.00000e+00
 0.00000e+00
 0.00000e+00
 0.00000e+00
 0.00000e+00
 0.00000e+00
 0.00000e+00
 0.00000e+00
 0.00000e+00
 0.00000e+00
 0.00000e+00
 0.00000e+00
 0.00000e+00
 0.00000e+00
 0.00000e+00
 0.00000e+00
 0.00000e+00
 0.00000e+00
 0.00000e+00
 0.00000e+00
 0.00000e+00
 0.00000e+00
 0.00000e+00
 0.00000e+00
 0.00000e+00
 0.00000e+00
 0.00000e+00
 0.00000e+00
 0.00000e+00
 0.00000e+00
 0.00000e+00
 0.00000e+00
 0.00000e+00
 0.00000e+00
 0.00000e+00
 0.00000e+00
 0.00000e+00
 0.00000e+00
 0.00000e+00
 0.00000e+00
 0.00000e+00
 0.00000e+00
 0.00000e+00
 0.00000e+00
 0.00000e+00
 0.00000e+00
 0.00000e+00
 0.00000e+00
 0.00000e+00
 0.00000e+00
 0.00000e+00
 0.00000e+00
 0.00000e+00
 0.00000e+00
part
         4
coordinates
 4.71459e-01
 3.78960e-01
 2.87019e-01
 2.02246e-01
 1.30950e-01
 7.72414e-02
 4.15273e-02
 2.06071e-02
 9.62931e-03
 4.31678e-03
 1.87982e-03
 8.00535e-04
 3.34429e-04
 1.37227e-04
 5.53315e-05
 2.19252e-05
 8.53763e-06
 3.26689e-06
 1.22835e-06
 4.53838e-07
 1.64774e-07
 5.87903e-08
 2.06137e-08
 7.09778e-09
 2.38101e-09
 7.17539e-10
 0.00000e+00
 4.71459e-01
 3.78960e-01
 2.87019e-01
 2.02246e-01
 1.30950e-01
 7.72414e-02
 4.15273e-02
 2.06071e-02
 9.62931e-03
 4.31678e-03
 1.87982e-03
 8.00535e-04
 3.34429e-04
 1.37227e-04
 5.53315e-05
 2.19252e-05
 8.53763e-06
 3.26689e-06
 1.22835e-06
 4.53838e-07
 1.64774e-07
 5.87903e-08
 2.06137e-08
 7.09779e-09
 2.38099e-09
 7.17550e-10
 0.00000e+00
 4.71459e-01
 3.78960e-01
 2.87019e-01
 2.02246e-01
 1.30950e-01
 7.72414e-02
 4.15273e-02
 2.06071e-02
 9.62931e-03
 4.31678e-03
 1.87982e-03
 8.00535e-04
 3.34429e-04
 1.37227e-04
 5.53315e-05
 2.19252e-05
 8.53763e-06
 3.26689e-06
 1.22835e-06
 4.53838e-07
 1.64774e-07
 5.87903e-08
 2.06137e-08
 7.09778e-09
 2.38099e-09
 7.17551e-10
 0.00000e+00
 4.71459e-01
 3.78960e-01
 2.87019e-01
 2.02246e-01
 1.30950e-01
 7.72414e-02
 4.15273e-02
 2.06071e-02
 9.62931e-03
 4.31678e-03
 1.87982e-03
 8.00535e-04
 3.34429e-04
 1.37227e-04
 5.53315e-05
 2.19252e-05
 8.53763e-06
 3.26689e-06
 1.22835e-06
 4.53838e-07
 1.64774e-07
 5.87903e-08
 2.06137e-08
 7.09773e-09
 2.38101e-09
 7.17510e-10
 0.00000e+00
 4.71459e-01
 3.78960e-01
 2.87019e-01
 2.02246e-01
 1.30950e-01
 7.72414e-02
 4.15273e-02
 2.06071e-02
 9.62931e-03
 4.31678e-03
 1.87982e-03
 8.00535e-04
 3.34429e-04
 1.37227e-04
 5.53315e-05
 2.19252e-05
 8.53763e-06
 3.26689e-06
 1.22835e-06
 4.53838e-07
 1.64774e-07
 5.87903e-08
 2.06137e-08
 7.09770e-09
 2.38102e-09
 7.17486e-10
 0.00000e+00
 4.71459e-01
 3.78960e-01
 2.87019e-01
 2.02246e-01
 1.30950e-01
 7.72414e-02
 4.15273e-02
 2.06071e-02
 9.62931e-03
 4.31678e-03
 1.87982e-03
 8.00535e-04
 3.34429e-04
 1.37227e-04
 5.53315e-05
 2.19252e-05
 8.53763e-06
 3.26689e-06
 1.22835e-06
 4.53838e-07
 1.64774e-07
 5.87902e-08
 2.06136e-08
 7.09770e-09
 2.38103e-09
 7.17485e-10
 0.00000e+00
 4.71459e-01
 3.78960e-01
 2.87019e-01
 2.02246e-01
 1.30950e-01
 7.72414e-02
 4.15273e-02
 2.06071e-02
 9.62931e-03
 4.31678e-03
 1.87982e-03
 8.00535e-04
 3.34429e-04
 1.37227e-04
 5.53315e-05
 2.19252e-05
 8.53763e-06
 3.26689e-06
 1.22835e-06
 4.53838e-07
 1.64774e-07
 5.87903e-08
 2.06137e-08
 7.09778e-09
 2.38101e-09
 7.17539e-10
 0.00000e+00
 4.71459e-01
 3.78960e-01
 2.87019e-01
 2.02246e-01
 1.30950e-01
 7.72414e-02
 4.15273e-02
 2.06071e-02
 9.62931e-03
 4.31678e-03
 1.87982e-03
 8.00535e-04
 3.34429e-04
 1.37227e-04
 5.53315e-05
 2.19252e-05
 8.53763e-06
 3.26689e-06
 1.22835e-06
 4.53838e-07
 1.64774e-07
 5.87903e-08
 2.06137e-08
 7.09779e-09
 2.38099e-09
 7.17550e-10
 0.00000e+00
 4.71459e-01
 3.78960e-01
 2.87019e-01
 2.02246e-01
 1.30950e-01
 7.72414e-02
 4.15273e-02
 2.06071e-02
 9.62931e-03
 4.31678e-03
 1.87982e-03
 8.00535e-04
 3.34429e-04
 1.37227e-04
 5.53315e-05
 2.19252e-05
 8.53763e-06
 3.26689e-06
 1.22835e-06
 4.53838e-07
 1.64774e-07
 5.87903e-08
 2.06137e-08
 7.09778e-09
 2.38099e-09
 7.17551e-10
 0.00000e+00
 4.71459e-01
 3.78960e-01
 2.87019e-01
 2.02246e-01
 1.30950e-01
 7.72414e-02
 4.15273e-02
 2.06071e-02
 9.62931e-03
 4.31678e-03
 1.87982e-03
 8.00535e-04
 3.34429e-04
 1.37227e-04
 5.53315e-05
 2.19252e-05
 8.53763e-06
 3.26689e-06
 1.22835e-06
 4.53838e-07
 1.64774e-07
 5.87903e-08
 2.06137e-08
 7.09773e-09
 2.38101e-09
 7.17510e-10
 0.00000e+00
 4.71459e-01
 3.78960e-01
 2.87019e-01
 2.02246e-01
 1.30950e-01
 7.72414e-02
 4.15273e-02
 2.06071e-02
 9.62931e-03
 4.31678e-03
 1.87982e-03
 8.00535e-04
 3.34429e-04
 1.37227e-04
 5.53315e-05
 2.19252e-05
 8.53763e-06
 3.26689e-06
 1.22835e-06
 4.53838e-07
 1.64774e-07
 5.87903e-08
 2.06137e-08
 7.09770e-09
 2.38102e-09
 7.17486e-10
 0.00000e+00
 4.71459e-01
 3.78960e-01
 2.87019e-01
 2.02246e-01
 1.30950e-01
 7.72414e-02
 4.15273e-02
 2.06071e-02
 9.62931e-03
 4.31678e-03
 1.87982e-03
 8.00535e-04
 3.34429e-04
 1.37227e-04
 5.53315e-05
 2.19252e-05
 8.53763e-06
 3.26689e-06
 1.22835e-06
 4.53838e-07
 1.64774e-07
 5.87902e-08
 2.06136e-08
 7.09770e-09
 2.38103e-09
 7.17485e-10
 0.00000e+00
 0.00000e+00
 0.00000e+00
 0.00000e+00
 0.00000e+00
 0.00000e+00
 0.00000e+00
 0.00000e+00
 0.00000e+00
 0.00000e+00
 0.00000e+00
 0.00000e+00
 0.00000e+00
 0.00000e+00
 0.00000e+00
 0.00000e+00
 0.00000e+00
 0.00000e+00
 0.00000e+00
 0.00000e+00
 0.00000e+00
 0.00000e+00
 0.00000e+00
 0.00000e+00
 0.00000e+00
 0.00000e+00
 0.00000e+00
 0.00000e+00
-1.22049e-14
 9.69404e-15
 1.30505e-14
-1.81929e-15
-9.20170e-15
-6.18220e-15
 7.46717e-15
-7.60542e-15
 3.98517e-15
 5.41098e-15
 4.13217e-15
 4.91198e-15
 7.29912e-15
 5.31476e-15
-3.93132e-15
-6.07966e-16
 6.82776e-15
 7.18663e-15
 6.02085e-15
-2.59477e-16
 6.81856e-15
-2.79421e-14
 1.22091e-14
 2.97800e-14
 5.67526e-15
-2.79695e-14
 4.05007e-14
-1.22537e-14
-6.11796e-15
-9.18924e-17
-5.36490e-15
-1.65922e-14
 1.70138e-16
 1.53949e-14
-8.07596e-15
-5.65257e-15
-4.94206e-15
-1.54317e-14
-1.80422e-14
-1.40201e-14
-6.95407e-15
 1.17175e-14
 1.36067e-14
 4.56341e-15
 1.21989e-14
 1.03032e-14
 1.04389e-14
 3.39683e-14
-1.11365e-14
 1.24160e-15
 2.71799e-14
-8.87691e-15
-3.99128e-14
 1.84616e-14
 1.29616e-14
 2.33501e-14
 2.90319e-14
 1.26662e-14
 1.28344e-14
 1.10837e-14
 2.63515e-14
 1.02254e-14
 1.50709e-14
 1.22200e-14
 2.13303e-14
 2.16957e-14
 2.22064e-14
 1.94275e-14
 2.04434e-14
 1.75023e-14
 2.10609e-14
 1.95037e-14
 2.12745e-14
 2.00029e-14
 2.93117e-14
-6.34185e-15
 2.36732e-14
 3.26494e-14
-4.93881e-15
-4.93817e-14
-2.20167e-15
-4.48115e-14
-3.53882e-14
-1.43340e-14
-2.35752e-14
-4.22842e-14
-2.42808e-14
-5.89373e-15
-2.07191e-14
-1.16105e-14
-8.70398e-15
-9.79143e-15
-1.19262e-14
-1.46126e-14
-9.35558e-15
-8.37655e-15
-1.17582e-14
-4.49049e-15
 2.00767e-15
 1.60191e-15
-7.83147e-16
 3.77656e-15
-5.98104e-14
-5.95315e-14
-3.69317e-14
-6.09175e-14
-8.56439e-14
-2.10890e-14
 0.00000e+00
 0.00000e+00
 0.00000e+00
 0.00000e+00
 0.00000e+00
 0.00000e+00
 0.00000e+00
 0.00000e+00
 0.00000e+00
 0.00000e+00
 0.00000e+00
 0.00000e+00
 0.00000e+00
 0.00000e+00
 0.00000e+00
 0.00000e+00
 0.00000e+00
 0.00000e+00
 0.00000e+00
 0.00000e+00
 0.00000e+00
 0.00000e+00
 0.00000e+00
 0.00000e+00
 0.00000e+00
 0.00000e+00
 0.00000e+00
 0.00000e+00
 0.00000e+00
 0.00000e+00
 0.00000e+00
 0.00000e+00
 0.00000e+00
 0.00000e+00
 0.00000e+00
 0.00000e+00
 0.00000e+00
 0.00000e+00
 0.00000e+00
 0.00000e+00
 0.00000e+00
 0.00000e+00
 0.00000e+00
 0.00000e+00
 0.00000e+00
 0.00000e+00
 0.00000e+00
 0.00000e+00
 0.00000e+00
 0.00000e+00
 0.00000e+00
 0.00000e+00
 0.00000e+00
 0.00000e+00
-1.22049e-14
 9.69404e-15
 1.30505e-14
-1.81929e-15
-9.20170e-15
-6.18220e-15
 7.46717e-15
-7.60542e-15
 3.98517e-15
 5.41098e-15
 4.13217e-15
 4.91198e-15
 7.29912e-15
 5.31476e-15
-3.93132e-15
-6.07966e-16
 6.82776e-15
 7.18663e-15
 6.02085e-15
-2.59477e-16
 6.81856e-15
-2.79421e-14
 1.22091e-14
 2.97800e-14
 5.67526e-15
-2.79695e-14
 4.05007e-14
-1.22537e-14
-6.11796e-15
-9.18924e-17
-5.36490e-15
-1.65922e-14
 1.70138e-16
 1.53949e-14
-8.07596e-15
-5.65257e-15
-4.94206e-15
-1.54317e-14
-1.80422e-14
-1.40201e-14
-6.95407e-15
 1.17175e-14
 1.36067e-14
 4.56341e-15
 1.21989e-14
 1.03032e-14
 1.04389e-14
 3.39683e-14
-1.11365e-14
 1.24160e-15
 2.71799e-14
-8.87691e-15
-3.99128e-14
 1.84616e-14
 1.29616e-14
 2.33501e-14
 2.90319e-14
 1.26662e-14
 1.28344e-14
 1.10837e-14
 2.63515e-14
 1.02254e-14
 1.50709e-14
 1.22200e-14
 2.13303e-14
 2.16957e-14
 2.22064e-14
 1.94275e-14
 2.04434e-14
 1.75023e-14
 2.10609e-14
 1.95037e-14
 2.12745e-14
 2.00029e-14
 2.93117e-14
-6.34185e-15
 2.36732e-14
 3.26494e-14
-4.93881e-15
-4.93817e-14
-2.20167e-15
-4.48115e-14
-3.53882e-14
-1.43340e-14
-2.35752e-14
-4.22842e-14
-2.42808e-14
-5.89373e-15
-2.07191e-14
-1.16105e-14
-8.70398e-15
-9.79143e-15
-1.19262e-14
-1.46126e-14
-9.35558e-15
-8.37655e-15
-1.17582e-14
-4.49049e-15
 2.00767e-15
 1.60191e-15
-7.83147e-16
 3.77656e-15
-5.98104e-14
-5.95315e-14
-3.69317e-14
-6.09175e-14
-8.56439e-14
-2.10890e-14
 0.00000e+00
 0.00000e+00
 0.00000e+00
 0.00000e+00
 0.00000e+00
 0.00000e+00
 0.00000e+00
 0.00000e+00
 0.00000e+00
 0.00000e+00
 0.00000e+00
 0.00000e+00
 0.00000e+00
 0.00000e+00
 0.00000e+00
 0.00000e+00
 0.00000e+00
 0.00000e+00
 0.00000e+00
 0.00000e+00
 0.00000e+00
 0.00000e+00
 0.00000e+00
 0.00000e+00
 0.00000e+00
 0.00000e+00
 0.00000e+00
 0.00000e+00
 0.00000e+00
 0.00000e+00
 0.00000e+00
 0.00000e+00
 0.00000e+00
 0.00000e+00
 0.00000e+00
 0.00000e+00
 0.00000e+00
 0.00000e+00
 0.00000e+00
 0.00000e+00
 0.00000e+00
 0.00000e+00
 0.00000e+00
 0.00000e+00
 0.00000e+00
 0.00000e+00
 0.00000e+00
 0.00000e+00
 0.00000e+00
 0.00000e+00
 0.00000e+00
 0.00000e+00
 0.00000e+00
 0.00000e+00
 0.00000e+00
 0.00000e+00
 0.00000e+00
 0.00000e+00
 0.00000e+00
 0.00000e+00
 0.00000e+00
 0.00000e+00
 0.00000e+00
 0.00000e+00
 0.00000e+00
 0.00000e+00
 0.00000e+00
 0.00000e+00
 0.00000e+00
 0.00000e+00
 0.00000e+00
 0.00000e+00
 0.00000e+00
 0.00000e+00
 0.00000e+00
 0.00000e+00
 0.00000e+00
 0.00000e+00
 0.00000e+00
 0.00000e+00
 0.00000e+00
 0.00000e+00
 0.00000e+00
 0.00000e+00
 0.00000e+00
 0.00000e+00
 0.00000e+00
 0.00000e+00
 0.00000e+00
 0.00000e+00
 0.00000e+00
 0.00000e+00
 0.00000e+00
 0.00000e+00
 0.00000e+00
 0.00000e+00
 0.00000e+00
 0.00000e+00
 0.00000e+00
 0.00000e+00
 0.00000e+00
 0.00000e+00
 0.00000e+00
 0.00000e+00
 0.00000e+00
 0.00000e+00
 0.00000e+00
 0.00000e+00
 0.00000e+00
 0.00000e+00
 0.00000e+00
 0.00000e+00
 0.00000e+00
 0.00000e+00
 0.00000e+00
 0.00000e+00
 0.00000e+00
 0.00000e+00
 0.00000e+00
 0.00000e+00
 0.00000e+00
 0.00000e+00
 0.00000e+00
 0.00000e+00
 0.00000e+00
 0.00000e+00
 0.00000e+00
 0.00000e+00
 0.00000e+00
 0.00000e+00
 0.00000e+00
 0.00000e+00
 0.00000e+00
 0.00000e+00
 0.00000e+00
 0.00000e+00
 0.00000e+00
 0.00000e+00
 0.00000e+00
 0.00000e+00
 0.00000e+00
 0.00000e+00
 0.00000e+00
 0.00000e+00
 0.00000e+00
 0.00000e+00
 0.00000e+00
 0.00000e+00
 0.00000e+00
 0.00000e+00
 0.00000e+00
 0.00000e+00
 0.00000e+00
 0.00000e+00
 0.00000e+00
 0.00000e+00
 0.00000e+00
 0.00000e+00
 0.00000e+00
 0.00000e+00
 0.00000e+00
 0.00000e+00
 0.00000e+00
 0.00000e+00
 0.00000e+00
 0.00000e+00
 0.00000e+00
 0.00000e+00
 0.00000e+00
 0.00000e+00
 0.00000e+00
 0.00000e+00
 0.00000e+00
 0.00000e+00
 0.00000e+00
 0.00000e+00
 0.00000e+00
 0.00000e+00
 0.00000e+00
 0.00000e+00
 0.00000e+00
 0.00000e+00
 0.00000e+00
 0.00000e+00
 0.00000e+00
 0.00000e+00
 0.00000e+00
 0.00000e+00
 0.00000e+00
 0.00000e+00
 0.00000e+00
 0.00000e+00
 0.00000e+00
 0.00000e+00
 0.00000e+00
 0.00000e+00
 0.00000e+00
 0.00000e+00
 0.00000e+00
 0.00000e+00
 0.00000e+00
 0.00000e+00
 0.00000e+00
 0.00000e+00
 0.00000e+00
 0.00000e+00
 0.00000e+00
 0.00000e+00
 0.00000e+00
 0.00000e+00
 0.00000e+00
 0.00000e+00
 0.00000e+00
 0.00000e+00
 0.00000e+00
 0.00000e+00
 0.00000e+00
 0.00000e+00
 0.00000e+00
 0.00000e+00
 0.00000e+00
 0.00000e+00
 0.00000e+00
 0.00000e+00
 0.00000e+00
 0.00000e+00
 0.00000e+00
 0.00000e+00
 0.00000e+00
 0.00000e+00
 0.00000e+00
 0.00000e+00
 0.00000e+00
 0.00000e+00
 0.00000e+00
 0.00000e+00
 0.00000e+00
 0.00000e+00
 0.00000e+00
 0.00000e+00
 0.00000e+00
 0.00000e+00
 0.00000e+00
 0.00000e+00
 0.00000e+00
 0.00000e+00
 0.00000e+00
 0.00000e+00
 0.00000e+00
 0.00000e+00
 0.00000e+00
 0.00000e+00
 0.00000e+00
 0.00000e+00
 0.00000e+00
 0.00000e+00
 0.00000e+00
 0.00000e+00
 0.00000e+00
 0.00000e+00
 0.00000e+00
 0.00000e+00
 0.00000e+00
 0.00000e+00
 0.00000e+00
 0.00000e+00
 0.00000e+00
 0.00000e+00
 0.00000e+00
 0.00000e+00
 0.00000e+00
 0.00000e+00
 0.00000e+00
 0.00000e+00
 0.00000e+00
 0.00000e+00
 0.00000e+00
 0.00000e+00
 0.00000e+00
 0.00000e+00
 0.00000e+00
 0.00000e+00
 0.00000e+00
 0.00000e+00
 0.00000e+00
 0.00000e+00
 0.00000e+00
 0.00000e+00
 0.00000e+00
 0.00000e+00
 0.00000e+00
 0.00000e+00
 0.00000e+00
 0.00000e+00
 0.00000e+00
 0.00000e+00
 0.00000e+00
 0.00000e+00
 0.00000e+00
 0.00000e+00
 0.00000e+00
 0.00000e+00
 0.00000e+00
 0.00000e+00
 0.00000e+00
 0.00000e+00
 0.00000e+00
 0.00000e+00
 0.00000e+00
 0.00000e+00
 0.00000e+00
 0.00000e+00
 0.00000e+00
 0.00000e+00
 0.00000e+00
 0.00000e+00
 0.00000e+00
 0.00000e+00
 0.00000e+00
 0.00000e+00
 0.00000e+00
 0.00000e+00
 0.00000e+00
 0.00000e+00
 0.00000e+00
 0.00000e+00
 0.00000e+00
 0.00000e+00
 0.00000e+00
 0.00000e+00
 0.00000e+00
 0.00000e+00
 0.00000e+00
 0.00000e+00
 0.00000e+00
 0.00000e+00
 0.00000e+00
 0.00000e+00
 0.00000e+00
 0.00000e+00
 0.00000e+00
 0.00000e+00
 0.00000e+00
 0.00000e+00
 0.00000e+00
 0.00000e+00
 0.00000e+00
 0.00000e+00
 0.00000e+00
 0.00000e+00
 0.00000e+00
