Materiau
part
         1
hexa8
 0.00000e+00
 0.00000e+00
 0.00000e+00
 0.00000e+00
 0.00000e+00
 0.00000e+00
 0.00000e+00
 0.00000e+00
 0.00000e+00
 0.00000e+00
 0.00000e+00
 0.00000e+00
 0.00000e+00
 0.00000e+00
 0.00000e+00
 0.00000e+00
 0.00000e+00
 0.00000e+00
 0.00000e+00
 0.00000e+00
 0.00000e+00
 0.00000e+00
 0.00000e+00
 0.00000e+00
 0.00000e+00
 0.00000e+00
 0.00000e+00
 0.00000e+00
 0.00000e+00
 0.00000e+00
 0.00000e+00
 0.00000e+00
 0.00000e+00
 0.00000e+00
 0.00000e+00
 0.00000e+00
 0.00000e+00
 0.00000e+00
 0.00000e+00
 0.00000e+00
 0.00000e+00
 0.00000e+00
 0.00000e+00
 0.00000e+00
 0.00000e+00
 0.00000e+00
 0.00000e+00
 0.00000e+00
 0.00000e+00
 0.00000e+00
 0.00000e+00
 0.00000e+00
 0.00000e+00
 0.00000e+00
 0.00000e+00
 0.00000e+00
 0.00000e+00
 0.00000e+00
 0.00000e+00
 0.00000e+00
 0.00000e+00
 0.00000e+00
 0.00000e+00
 0.00000e+00
 0.00000e+00
 0.00000e+00
 0.00000e+00
 0.00000e+00
 0.00000e+00
 0.00000e+00
 0.00000e+00
 0.00000e+00
 0.00000e+00
 0.00000e+00
 0.00000e+00
 0.00000e+00
 0.00000e+00
 0.00000e+00
 0.00000e+00
 0.00000e+00
 0.00000e+00
 0.00000e+00
 0.00000e+00
 0.00000e+00
 0.00000e+00
 0.00000e+00
 0.00000e+00
 0.00000e+00
 0.00000e+00
 0.00000e+00
 0.00000e+00
 0.00000e+00
 0.00000e+00
 0.00000e+00
 0.00000e+00
 0.00000e+00
 0.00000e+00
 0.00000e+00
 0.00000e+00
 0.00000e+00
 0.00000e+00
 0.00000e+00
 0.00000e+00
 0.00000e+00
 0.00000e+00
 0.00000e+00
 0.00000e+00
 0.00000e+00
 0.00000e+00
 0.00000e+00
 0.00000e+00
 0.00000e+00
 0.00000e+00
 0.00000e+00
 0.00000e+00
 0.00000e+00
 0.00000e+00
 0.00000e+00
 0.00000e+00
 0.00000e+00
 0.00000e+00
 0.00000e+00
 0.00000e+00
 0.00000e+00
 0.00000e+00
 0.00000e+00
 0.00000e+00
 0.00000e+00
 0.00000e+00
 0.00000e+00
 0.00000e+00
 0.00000e+00
 0.00000e+00
 0.00000e+00
 0.00000e+00
 0.00000e+00
 0.00000e+00
 0.00000e+00
 0.00000e+00
 0.00000e+00
 0.00000e+00
 0.00000e+00
 0.00000e+00
 0.00000e+00
 0.00000e+00
 0.00000e+00
 0.00000e+00
 0.00000e+00
 0.00000e+00
 0.00000e+00
 0.00000e+00
 0.00000e+00
 0.00000e+00
 0.00000e+00
 0.00000e+00
 0.00000e+00
 0.00000e+00
 0.00000e+00
 0.00000e+00
 0.00000e+00
 0.00000e+00
 0.00000e+00
 0.00000e+00
 0.00000e+00
 0.00000e+00
 0.00000e+00
 0.00000e+00
 0.00000e+00
 0.00000e+00
 0.00000e+00
 0.00000e+00
 0.00000e+00
 0.00000e+00
 0.00000e+00
 0.00000e+00
 0.00000e+00
 0.00000e+00
 0.00000e+00
 0.00000e+00
 0.00000e+00
 0.00000e+00
 0.00000e+00
 0.00000e+00
 0.00000e+00
 0.00000e+00
 0.00000e+00
 0.00000e+00
 0.00000e+00
 0.00000e+00
 0.00000e+00
 0.00000e+00
 0.00000e+00
 0.00000e+00
 0.00000e+00
 0.00000e+00
 0.00000e+00
 0.00000e+00
 0.00000e+00
 0.00000e+00
 0.00000e+00
 0.00000e+00
 0.00000e+00
 0.00000e+00
 0.00000e+00
 0.00000e+00
 0.00000e+00
 0.00000e+00
 0.00000e+00
 0.00000e+00
 0.00000e+00
 0.00000e+00
 0.00000e+00
 0.00000e+00
 0.00000e+00
 0.00000e+00
 0.00000e+00
 0.00000e+00
 0.00000e+00
 0.00000e+00
 0.00000e+00
 0.00000e+00
 0.00000e+00
 0.00000e+00
 0.00000e+00
 0.00000e+00
 0.00000e+00
 0.00000e+00
 0.00000e+00
 0.00000e+00
 0.00000e+00
 0.00000e+00
 0.00000e+00
 0.00000e+00
 0.00000e+00
 0.00000e+00
 0.00000e+00
 0.00000e+00
 0.00000e+00
 0.00000e+00
 0.00000e+00
 0.00000e+00
 0.00000e+00
 0.00000e+00
 0.00000e+00
 0.00000e+00
 0.00000e+00
 0.00000e+00
 0.00000e+00
 0.00000e+00
 0.00000e+00
 0.00000e+00
 0.00000e+00
 0.00000e+00
 0.00000e+00
 0.00000e+00
 0.00000e+00
 0.00000e+00
 0.00000e+00
 0.00000e+00
 0.00000e+00
 0.00000e+00
 0.00000e+00
 0.00000e+00
 0.00000e+00
 0.00000e+00
 0.00000e+00
 0.00000e+00
 0.00000e+00
 0.00000e+00
 0.00000e+00
 0.00000e+00
 0.00000e+00
 0.00000e+00
 0.00000e+00
 0.00000e+00
 0.00000e+00
 0.00000e+00
 0.00000e+00
 0.00000e+00
 0.00000e+00
 0.00000e+00
 0.00000e+00
 0.00000e+00
 0.00000e+00
 0.00000e+00
 0.00000e+00
 0.00000e+00
 0.00000e+00
 0.00000e+00
 0.00000e+00
 0.00000e+00
 0.00000e+00
 0.00000e+00
 0.00000e+00
 0.00000e+00
 0.00000e+00
 0.00000e+00
 0.00000e+00
 0.00000e+00
 0.00000e+00
 0.00000e+00
 0.00000e+00
 0.00000e+00
 0.00000e+00
 0.00000e+00
 0.00000e+00
 0.00000e+00
 0.00000e+00
 0.00000e+00
 0.00000e+00
 0.00000e+00
 0.00000e+00
 0.00000e+00
 0.00000e+00
 0.00000e+00
 0.00000e+00
 0.00000e+00
 0.00000e+00
 0.00000e+00
 0.00000e+00
 0.00000e+00
 0.00000e+00
 0.00000e+00
 1.73218e-10
 4.02208e-10
 7.27575e-10
 1.11006e-09
 1.29615e-09
 1.33976e-09
 1.32109e-09
 1.22853e-09
 1.02357e-09
 7.12345e-10
 3.86687e-10
 1.87729e-10
 1.04163e-10
 0.00000e+00
 0.00000e+00
 0.00000e+00
 0.00000e+00
 0.00000e+00
 0.00000e+00
 0.00000e+00
 0.00000e+00
 0.00000e+00
 0.00000e+00
 0.00000e+00
 0.00000e+00
 0.00000e+00
 0.00000e+00
 0.00000e+00
 0.00000e+00
 0.00000e+00
 0.00000e+00
 0.00000e+00
 0.00000e+00
 0.00000e+00
 0.00000e+00
 0.00000e+00
 0.00000e+00
 0.00000e+00
 0.00000e+00
 0.00000e+00
 0.00000e+00
 0.00000e+00
 0.00000e+00
 0.00000e+00
 0.00000e+00
 0.00000e+00
 0.00000e+00
 1.32549e-10
 4.36668e-10
 1.06047e-09
 2.27937e-09
 4.31610e-09
 7.48105e-09
 1.12164e-08
 1.30407e-08
 1.34398e-08
 1.32981e-08
 1.25537e-08
 1.08446e-08
 8.03131e-09
 4.67433e-09
 2.45506e-09
 1.25669e-09
 6.35462e-10
 0.00000e+00
 0.00000e+00
 0.00000e+00
 0.00000e+00
 0.00000e+00
 0.00000e+00
 0.00000e+00
 0.00000e+00
 0.00000e+00
 0.00000e+00
 0.00000e+00
 0.00000e+00
 0.00000e+00
 0.00000e+00
 0.00000e+00
 0.00000e+00
 0.00000e+00
 0.00000e+00
 0.00000e+00
 0.00000e+00
 0.00000e+00
 0.00000e+00
 0.00000e+00
 0.00000e+00
 0.00000e+00
 0.00000e+00
 0.00000e+00
 0.00000e+00
 0.00000e+00
 0.00000e+00
 0.00000e+00
 1.42992e-10
 5.66179e-10
 1.63729e-09
 3.97441e-09
 8.65951e-09
 1.73064e-08
 3.20141e-08
 5.50205e-08
 8.36627e-08
 9.89899e-08
 1.02777e-07
 1.02047e-07
 9.71122e-08
 8.51688e-08
 6.49376e-08
 3.91557e-08
 2.10136e-08
 1.07654e-08
 5.54381e-09
 2.15163e-09
 9.22100e-10
 0.00000e+00
 0.00000e+00
 0.00000e+00
 0.00000e+00
 0.00000e+00
 0.00000e+00
 0.00000e+00
 0.00000e+00
 0.00000e+00
 0.00000e+00
 0.00000e+00
 0.00000e+00
 0.00000e+00
 0.00000e+00
 0.00000e+00
 0.00000e+00
 0.00000e+00
 0.00000e+00
 0.00000e+00
 0.00000e+00
 0.00000e+00
 0.00000e+00
 0.00000e+00
 0.00000e+00
 0.00000e+00
 0.00000e+00
 0.00000e+00
 0.00000e+00
 4.37044e-10
 1.53985e-09
 4.37861e-09
 1.09930e-08
 2.52380e-08
 5.35979e-08
 1.05804e-07
 1.94608e-07
 3.33894e-07
 5.14546e-07
 6.19504e-07
 6.48001e-07
 6.45325e-07
 6.18269e-07
 5.49019e-07
 4.28297e-07
 2.66592e-07
 1.44177e-07
 7.47176e-08
 3.77163e-08
 1.74650e-08
 7.88738e-09
 2.76546e-09
 1.03830e-09
 0.00000e+00
 0.00000e+00
 0.00000e+00
 0.00000e+00
 0.00000e+00
 0.00000e+00
 0.00000e+00
 0.00000e+00
 0.00000e+00
 0.00000e+00
 0.00000e+00
 0.00000e+00
 0.00000e+00
 0.00000e+00
 0.00000e+00
 0.00000e+00
 0.00000e+00
 0.00000e+00
 0.00000e+00
 0.00000e+00
 0.00000e+00
 0.00000e+00
 0.00000e+00
 0.00000e+00
 1.81744e-10
 9.25835e-10
 3.18379e-09
 9.31459e-09
 2.45848e-08
 5.97057e-08
 1.34516e-07
 2.82241e-07
 5.52748e-07
 1.01179e-06
 1.73226e-06
 2.69466e-06
 3.29512e-06
 3.47117e-06
 3.46581e-06
 3.33969e-06
 2.99789e-06
 2.38529e-06
 1.53188e-06
 8.34801e-07
 4.36548e-07
 2.19776e-07
 1.05068e-07
 4.81561e-08
 2.02645e-08
 8.13241e-09
 2.86561e-09
 0.00000e+00
 0.00000e+00
 0.00000e+00
 0.00000e+00
 0.00000e+00
 0.00000e+00
 0.00000e+00
 0.00000e+00
 0.00000e+00
 0.00000e+00
 0.00000e+00
 0.00000e+00
 0.00000e+00
 0.00000e+00
 0.00000e+00
 0.00000e+00
 0.00000e+00
 0.00000e+00
 0.00000e+00
 0.00000e+00
 0.00000e+00
 0.00000e+00
 2.93732e-10
 1.49977e-09
 5.34991e-09
 1.64699e-08
 4.59649e-08
 1.18192e-07
 2.81953e-07
 6.26484e-07
 1.30008e-06
 2.52472e-06
 4.59428e-06
 7.83925e-06
 1.22643e-05
 1.51986e-05
 1.61160e-05
 1.61277e-05
 1.56183e-05
 1.41535e-05
 1.14583e-05
 7.58476e-06
 4.17371e-06
 2.19942e-06
 1.11222e-06
 5.37293e-07
 2.48074e-07
 1.08511e-07
 4.49638e-08
 1.78970e-08
 5.39198e-09
 1.66956e-09
 0.00000e+00
 0.00000e+00
 0.00000e+00
 0.00000e+00
 0.00000e+00
 0.00000e+00
 0.00000e+00
 0.00000e+00
 0.00000e+00
 0.00000e+00
 0.00000e+00
 0.00000e+00
 0.00000e+00
 0.00000e+00
 0.00000e+00
 0.00000e+00
 0.00000e+00
 0.00000e+00
 0.00000e+00
 3.74627e-10
 1.99195e-09
 7.51718e-09
 2.46063e-08
 7.30146e-08
 1.99224e-07
 5.03282e-07
 1.18237e-06
 2.59213e-06
 5.31767e-06
 1.02303e-05
 1.84852e-05
 3.13956e-05
 4.92506e-05
 6.17064e-05
 6.58156e-05
 6.60006e-05
 6.41850e-05
 5.86574e-05
 4.82267e-05
 3.28621e-05
 1.82976e-05
 9.71755e-06
 4.94686e-06
 2.40783e-06
 1.11923e-06
 4.95830e-07
 2.08921e-07
 8.43958e-08
 3.12187e-08
 1.08692e-08
 3.18093e-09
 0.00000e+00
 0.00000e+00
 0.00000e+00
 0.00000e+00
 0.00000e+00
 0.00000e+00
 0.00000e+00
 0.00000e+00
 0.00000e+00
 0.00000e+00
 0.00000e+00
 0.00000e+00
 0.00000e+00
 0.00000e+00
 0.00000e+00
 0.00000e+00
 0.00000e+00
 3.74762e-10
 2.19000e-09
 8.90200e-09
 3.12728e-08
 9.92352e-08
 2.88461e-07
 7.73612e-07
 1.92367e-06
 4.45334e-06
 9.63216e-06
 1.95239e-05
 3.71791e-05
 6.66364e-05
 1.12524e-04
 1.76549e-04
 2.23082e-04
 2.39133e-04
 2.40284e-04
 2.34489e-04
 2.15917e-04
 1.80013e-04
 1.26105e-04
 7.11781e-05
 3.81250e-05
 1.95557e-05
 9.59055e-06
 4.48999e-06
 2.00503e-06
 8.53421e-07
 3.47025e-07
 1.33917e-07
 4.88971e-08
 1.67303e-08
 4.58506e-09
 4.43270e-10
 0.00000e+00
 0.00000e+00
 0.00000e+00
 0.00000e+00
 0.00000e+00
 0.00000e+00
 0.00000e+00
 0.00000e+00
 0.00000e+00
 0.00000e+00
 0.00000e+00
 0.00000e+00
 0.00000e+00
 0.00000e+00
 2.94041e-10
 1.99330e-09
 8.90486e-09
 3.38774e-08
 1.15675e-07
 3.60030e-07
 1.02928e-06
 2.71756e-06
 6.65677e-06
 1.51904e-05
 3.24131e-05
 6.48895e-05
 1.22229e-04
 2.17106e-04
 3.64117e-04
 5.70169e-04
 7.24733e-04
 7.80063e-04
 7.85253e-04
 7.68571e-04
 7.12504e-04
 6.01619e-04
 4.32424e-04
 2.48367e-04
 1.34131e-04
 6.93728e-05
 3.42945e-05
 1.61787e-05
 7.27866e-06
 3.12263e-06
 1.27845e-06
 4.99659e-07
 1.86083e-07
 6.58731e-08
 2.17428e-08
 5.61659e-09
 1.03438e-09
 0.00000e+00
 0.00000e+00
 0.00000e+00
 0.00000e+00
 0.00000e+00
 0.00000e+00
 0.00000e+00
 0.00000e+00
 0.00000e+00
 0.00000e+00
 0.00000e+00
 0.00000e+00
 1.82045e-10
 1.50171e-09
 7.52421e-09
 3.12912e-08
 1.15706e-07
 3.87687e-07
 1.18724e-06
 3.34271e-06
 8.69575e-06
 2.09943e-05
 4.72373e-05
 9.94398e-05
 1.96566e-04
 3.66043e-04
 6.43822e-04
 1.07140e-03
 1.67121e-03
 2.13139e-03
 2.30126e-03
 2.32033e-03
 2.27672e-03
 2.12356e-03
 1.81417e-03
 1.33496e-03
 7.83792e-04
 4.26605e-04
 2.22610e-04
 1.10991e-04
 5.27880e-05
 2.39321e-05
 1.03438e-05
 4.26487e-06
 1.67936e-06
 6.31727e-07
 2.26881e-07
 7.75904e-08
 2.45018e-08
 6.47636e-09
 1.13476e-09
 0.00000e+00
 0.00000e+00
 0.00000e+00
 0.00000e+00
 0.00000e+00
 0.00000e+00
 0.00000e+00
 0.00000e+00
 0.00000e+00
 0.00000e+00
 0.00000e+00
 9.27489e-10
 5.35772e-09
 2.46339e-08
 9.93139e-08
 3.60208e-07
 1.18751e-06
 3.58208e-06
 9.93940e-06
 2.54898e-05
 6.06814e-05
 1.34659e-04
 2.79680e-04
 5.45775e-04
 1.00427e-03
 1.74782e-03
 2.88336e-03
 4.47248e-03
 5.70839e-03
 6.17614e-03
 6.23594e-03
 6.13186e-03
 5.75105e-03
 4.96685e-03
 3.73517e-03
 2.24960e-03
 1.23480e-03
 6.50504e-04
 3.27328e-04
 1.57030e-04
 7.17693e-05
 3.12556e-05
 1.29798e-05
 5.14584e-06
 1.94976e-06
 7.06529e-07
 2.44807e-07
 8.07500e-08
 2.45311e-08
 6.27648e-09
 7.75184e-10
 0.00000e+00
 0.00000e+00
 0.00000e+00
 0.00000e+00
 0.00000e+00
 0.00000e+00
 0.00000e+00
 0.00000e+00
 0.00000e+00
 4.37951e-10
 3.18963e-09
 1.64952e-08
 7.31044e-08
 2.88732e-07
 1.02996e-06
 3.34410e-06
 9.94134e-06
 2.71970e-05
 6.87849e-05
 1.61517e-04
 3.53583e-04
 7.24580e-04
 1.39560e-03
 2.53635e-03
 4.36466e-03
 7.13113e-03
 1.09817e-02
 1.39909e-02
 1.51526e-02
 1.53163e-02
 1.50884e-02
 1.42228e-02
 1.24089e-02
 9.52370e-03
 5.90003e-03
 3.27085e-03
 1.74099e-03
 8.84790e-04
 4.28403e-04
 1.97477e-04
 8.66822e-05
 3.62626e-05
 1.44753e-05
 5.52115e-06
 2.01471e-06
 7.03915e-07
 2.35392e-07
 7.47213e-08
 2.20952e-08
 4.27443e-09
 0.00000e+00
 0.00000e+00
 0.00000e+00
 0.00000e+00
 0.00000e+00
 0.00000e+00
 0.00000e+00
 0.00000e+00
 1.43297e-10
 1.54293e-09
 9.33123e-09
 4.60354e-08
 1.99477e-07
 7.74403e-07
 2.71969e-06
 8.70063e-06
 2.54989e-05
 6.87965e-05
 1.71638e-04
 3.97618e-04
 8.58791e-04
 1.73639e-03
 3.30023e-03
 5.92088e-03
 1.00666e-02
 1.62727e-02
 2.48379e-02
 3.15055e-02
 3.41193e-02
 3.45156e-02
 3.40560e-02
 3.22502e-02
 2.84079e-02
 2.22269e-02
 1.41959e-02
 7.96644e-03
 4.28900e-03
 2.20344e-03
 1.07753e-03
 5.01211e-04
 2.21829e-04
 9.35064e-05
 3.75890e-05
 1.44319e-05
 5.30007e-06
 1.86423e-06
 6.28523e-07
 2.02570e-07
 6.30585e-08
 1.43759e-08
 0.00000e+00
 0.00000e+00
 0.00000e+00
 0.00000e+00
 0.00000e+00
 0.00000e+00
 0.00000e+00
 0.00000e+00
 5.67287e-10
 4.38665e-09
 2.46256e-08
 1.18365e-07
 5.03915e-07
 1.92570e-06
 6.66246e-06
 2.10082e-05
 6.07107e-05
 1.61567e-04
 3.97678e-04
 9.08976e-04
 1.93700e-03
 3.86370e-03
 7.24416e-03
 1.28224e-02
 2.15193e-02
 3.43774e-02
 5.19119e-02
 6.53933e-02
 7.07400e-02
 7.15969e-02
 7.07397e-02
 6.72700e-02
 5.97934e-02
 4.76516e-02
 3.14398e-02
 1.79144e-02
 9.77033e-03
 5.07960e-03
 2.51083e-03
 1.17919e-03
 5.26416e-04
 2.23640e-04
 9.05495e-05
 3.49976e-05
 1.29336e-05
 4.57712e-06
 1.55330e-06
 5.04771e-07
 1.60347e-07
 3.85935e-08
 0.00000e+00
 0.00000e+00
 0.00000e+00
 0.00000e+00
 0.00000e+00
 0.00000e+00
 0.00000e+00
 1.32775e-10
 1.64009e-09
 1.10108e-08
 5.97943e-08
 2.82331e-07
 1.18378e-06
 4.45797e-06
 1.52038e-05
 4.72718e-05
 1.34738e-04
 3.53736e-04
 8.59035e-04
 1.93727e-03
 4.07264e-03
 8.01240e-03
 1.48130e-02
 2.58489e-02
 4.27739e-02
 6.74303e-02
 1.00512e-01
 1.25433e-01
 1.35405e-01
 1.37071e-01
 1.35585e-01
 1.29425e-01
 1.16024e-01
 9.41112e-02
 6.42708e-02
 3.73338e-02
 2.06701e-02
 1.08898e-02
 5.44570e-03
 2.58363e-03
 1.16379e-03
 4.98402e-04
 2.03273e-04
 7.90933e-05
 2.94122e-05
 1.04704e-05
 3.57413e-06
 1.16873e-06
 3.75274e-07
 9.22082e-08
 0.00000e+00
 0.00000e+00
 0.00000e+00
 0.00000e+00
 0.00000e+00
 0.00000e+00
 0.00000e+00
 4.37303e-10
 3.98007e-09
 2.52722e-08
 1.34688e-07
 6.27226e-07
 2.59495e-06
 9.64166e-06
 3.24415e-05
 9.95158e-05
 2.79861e-04
 7.24961e-04
 1.73708e-03
 3.86475e-03
 8.01349e-03
 1.55439e-02
 2.83193e-02
 4.86752e-02
 7.93095e-02
 1.23135e-01
 1.80634e-01
 2.22778e-01
 2.39798e-01
 2.42731e-01
 2.40326e-01
 2.30175e-01
 2.07980e-01
 1.71597e-01
 1.21560e-01
 7.23723e-02
 4.07950e-02
 2.18132e-02
 1.10451e-02
 5.29610e-03
 2.40762e-03
 1.03949e-03
 4.27058e-04
 1.67278e-04
 6.25892e-05
 2.24095e-05
 7.69184e-06
 2.52880e-06
 8.17909e-07
 2.03085e-07
 0.00000e+00
 0.00000e+00
 0.00000e+00
 0.00000e+00
 0.00000e+00
 0.00000e+00
 0.00000e+00
 1.06169e-09
 8.66930e-09
 5.36566e-08
 2.82539e-07
 1.30139e-06
 5.32279e-06
 1.95416e-05
 6.49442e-05
 1.96717e-04
 5.46151e-04
 1.39643e-03
 3.30187e-03
 7.24698e-03
 1.48170e-02
 2.83232e-02
 5.08152e-02
 8.59388e-02
 1.37663e-01
 2.09974e-01
 3.01728e-01
 3.66823e-01
 3.93600e-01
 3.98356e-01
 3.94699e-01
 3.79059e-01
 3.44913e-01
 2.89266e-01
 2.12998e-01
 1.31193e-01
 7.54927e-02
 4.10327e-02
 2.10502e-02
 1.02029e-02
 4.68101e-03
 2.03730e-03
 8.43017e-04
 3.32366e-04
 1.25105e-04
 4.50415e-05
 1.55409e-05
 5.13439e-06
 1.67011e-06
 4.17303e-07
 0.00000e+00
 0.00000e+00
 0.00000e+00
 0.00000e+00
 0.00000e+00
 0.00000e+00
 1.73356e-10
 2.28132e-09
 1.73211e-08
 1.05894e-07
 5.53215e-07
 2.52684e-06
 1.02388e-05
 3.72093e-05
 1.22325e-04
 3.66319e-04
 1.00498e-03
 2.53800e-03
 5.92431e-03
 1.28287e-02
 2.58589e-02
 4.86884e-02
 8.59507e-02
 1.42860e-01
 2.24636e-01
 3.35831e-01
 4.68948e-01
 5.59620e-01
 5.97443e-01
 6.04355e-01
 5.99534e-01
 5.78040e-01
 5.29483e-01
 4.51091e-01
 3.45492e-01
 2.24299e-01
 1.31864e-01
 7.28888e-02
 3.78801e-02
 1.85529e-02
 8.58744e-03
 3.76643e-03
 1.56929e-03
 6.22570e-04
 2.35677e-04
 8.52963e-05
 2.95736e-05
 9.81455e-06
 3.20776e-06
 8.04839e-07
 0.00000e+00
 0.00000e+00
 0.00000e+00
 0.00000e+00
 0.00000e+00
 0.00000e+00
 4.02418e-10
 4.31867e-09
 3.20339e-08
 1.94732e-07
 1.01246e-06
 4.59740e-06
 1.84981e-05
 6.66841e-05
 2.17263e-04
 6.44287e-04
 1.74906e-03
 4.36764e-03
 1.00731e-02
 2.15317e-02
 4.27951e-02
 7.93410e-02
 1.37700e-01
 2.24669e-01
 3.46269e-01
 5.06734e-01
 6.61458e-01
 7.43523e-01
 7.75505e-01
 7.81427e-01
 7.77632e-01
 7.59945e-01
 7.17884e-01
 6.39049e-01
 5.17117e-01
 3.62991e-01
 2.19052e-01
 1.22983e-01
 6.46509e-02
 3.19646e-02
 1.49165e-02
 6.58978e-03
 2.76345e-03
 1.10272e-03
 4.19648e-04
 1.52611e-04
 5.31469e-05
 1.77089e-05
 5.81174e-06
 1.46245e-06
 0.00000e+00
 0.00000e+00
 0.00000e+00
 0.00000e+00
 0.00000e+00
 0.00000e+00
 7.27680e-10
 7.48400e-09
 5.50445e-08
 3.34047e-07
 1.73313e-06
 7.84349e-06
 3.14141e-05
 1.12594e-04
 3.64357e-04
 1.07213e-03
 2.88535e-03
 7.13606e-03
 1.62837e-02
 3.43993e-02
 6.74694e-02
 1.23198e-01
 2.10053e-01
 3.35920e-01
 5.06778e-01
 6.87031e-01
 7.99886e-01
 8.58431e-01
 8.81603e-01
 8.85965e-01
 8.83281e-01
 8.70425e-01
 8.38940e-01
 7.79306e-01
 6.81326e-01
 5.33511e-01
 3.49177e-01
 1.97965e-01
 1.04964e-01
 5.23200e-02
 2.45987e-02
 1.09401e-02
 4.61507e-03
 1.85133e-03
 7.07865e-04
 2.58520e-04
 9.03772e-05
 3.02191e-05
 9.95167e-06
 2.50937e-06
 0.00000e+00
 0.00000e+00
 0.00000e+00
 0.00000e+00
 0.00000e+00
 0.00000e+00
 1.10981e-09
 1.12177e-08
 8.36776e-08
 5.14675e-07
 2.69549e-06
 1.22689e-05
 4.92717e-05
 1.76635e-04
 5.70473e-04
 1.67217e-03
 4.47515e-03
 1.09884e-02
 2.48531e-02
 5.19426e-02
 1.00568e-01
 1.80725e-01
 3.01857e-01
 4.69116e-01
 6.61596e-01
 7.99904e-01
 8.81566e-01
 9.23449e-01
 9.40036e-01
 9.43220e-01
 9.41367e-01
 9.32206e-01
 9.09123e-01
 8.63977e-01
 7.86986e-01
 6.67899e-01
 5.00757e-01
 3.03185e-01
 1.62006e-01
 8.14667e-02
 3.85879e-02
 1.72665e-02
 7.32205e-03
 2.95056e-03
 1.13265e-03
 4.15135e-04
 1.45592e-04
 4.88184e-05
 1.61217e-05
 4.07052e-06
 0.00000e+00
 0.00000e+00
 0.00000e+00
 0.00000e+00
 0.00000e+00
 0.00000e+00
 1.29669e-09
 1.30399e-08
 9.89891e-08
 6.19539e-07
 3.29549e-06
 1.52012e-05
 6.17196e-05
 2.23140e-04
 7.24947e-04
 2.13209e-03
 5.71037e-03
 1.39959e-02
 3.15168e-02
 6.54164e-02
 1.25475e-01
 2.22847e-01
 3.66930e-01
 5.59759e-01
 7.43559e-01
 8.58452e-01
 9.23456e-01
 9.56061e-01
 9.68923e-01
 9.71451e-01
 9.70093e-01
 9.63131e-01
 9.45083e-01
 9.08660e-01
 8.44462e-01
 7.41920e-01
 5.92491e-01
 3.95167e-01
 2.16418e-01
 1.10245e-01
 5.27512e-02
 2.38086e-02
 1.01697e-02
 4.12374e-03
 1.59162e-03
 5.86079e-04
 2.06391e-04
 6.94542e-05
 2.30208e-05
 5.80320e-06
 0.00000e+00
 0.00000e+00
 0.00000e+00
 0.00000e+00
 0.00000e+00
 0.00000e+00
 1.33937e-09
 1.34382e-08
 1.02769e-07
 6.47989e-07
 3.47129e-06
 1.61173e-05
 6.58236e-05
 2.39170e-04
 7.80207e-04
 2.30173e-03
 6.17751e-03
 1.51561e-02
 3.41272e-02
 7.07560e-02
 1.35434e-01
 2.39846e-01
 3.93670e-01
 5.97520e-01
 7.75544e-01
 8.81621e-01
 9.40044e-01
 9.68926e-01
 9.80295e-01
 9.82570e-01
 9.81430e-01
 9.75410e-01
 9.59528e-01
 9.26884e-01
 8.68263e-01
 7.72815e-01
 6.30481e-01
 4.35942e-01
 2.41342e-01
 1.23510e-01
 5.93105e-02
 2.68556e-02
 1.15054e-02
 4.67778e-03
 1.80974e-03
 6.67820e-04
 2.35622e-04
 7.94214e-05
 2.63714e-05
 6.63648e-06
 0.00000e+00
 0.00000e+00
 0.00000e+00
 0.00000e+00
 0.00000e+00
 0.00000e+00
 1.32080e-09
 1.32961e-08
 1.02037e-07
 6.45298e-07
 3.46585e-06
 1.61286e-05
 6.60065e-05
 2.40313e-04
 7.85368e-04
 2.32072e-03
 6.23706e-03
 1.53191e-02
 3.45220e-02
 7.16098e-02
 1.37094e-01
 2.42769e-01
 3.98410e-01
 6.04414e-01
 7.81458e-01
 8.85981e-01
 9.43228e-01
 9.71454e-01
 9.82570e-01
 9.84810e-01
 9.83717e-01
 9.77892e-01
 9.62454e-01
 9.30603e-01
 8.73200e-01
 7.79365e-01
 6.38698e-01
 4.45074e-01
 2.47013e-01
 1.26552e-01
 6.08264e-02
 2.75651e-02
 1.18182e-02
 4.80811e-03
 1.86123e-03
 6.87170e-04
 2.42558e-04
 8.17904e-05
 2.71702e-05
 6.83158e-06
 0.00000e+00
 0.00000e+00
 0.00000e+00
 0.00000e+00
 0.00000e+00
 0.00000e+00
 1.22803e-09
 1.25511e-08
 9.70985e-08
 6.18216e-07
 3.33958e-06
 1.56184e-05
 6.41882e-05
 2.34508e-04
 7.68652e-04
 2.27701e-03
 6.13271e-03
 1.50906e-02
 3.40612e-02
 7.07502e-02
 1.35604e-01
 2.40357e-01
 3.94743e-01
 5.99581e-01
 7.77657e-01
 8.83293e-01
 9.41373e-01
 9.70097e-01
 9.81431e-01
 9.83717e-01
 9.82607e-01
 9.76692e-01
 9.61044e-01
 9.28849e-01
 8.71010e-01
 7.76749e-01
 6.35794e-01
 4.42119e-01
 2.45235e-01
 1.25638e-01
 6.03898e-02
 2.73677e-02
 1.17335e-02
 4.77356e-03
 1.84781e-03
 6.82192e-04
 2.40793e-04
 8.11926e-05
 2.69719e-05
 6.77813e-06
 0.00000e+00
 0.00000e+00
 0.00000e+00
 0.00000e+00
 0.00000e+00
 0.00000e+00
 1.02364e-09
 1.08414e-08
 8.51493e-08
 5.48926e-07
 2.99754e-06
 1.41524e-05
 5.86552e-05
 2.15916e-04
 7.12518e-04
 2.12364e-03
 5.75138e-03
 1.42238e-02
 3.22526e-02
 6.72754e-02
 1.29435e-01
 2.30192e-01
 3.79085e-01
 5.78065e-01
 7.59955e-01
 8.70430e-01
 9.32209e-01
 9.63133e-01
 9.75412e-01
 9.77893e-01
 9.76692e-01
 9.70327e-01
 9.53641e-01
 9.19709e-01
 8.59537e-01
 7.62752e-01
 6.19793e-01
 4.25613e-01
 2.35295e-01
 1.20455e-01
 5.78700e-02
 2.62113e-02
 1.12313e-02
 4.56674e-03
 1.76684e-03
 6.51995e-04
 2.30037e-04
 7.75360e-05
 2.57501e-05
 6.46209e-06
 0.00000e+00
 0.00000e+00
 0.00000e+00
 0.00000e+00
 0.00000e+00
 0.00000e+00
 7.11770e-10
 8.02758e-09
 6.49123e-08
 4.28157e-07
 2.38462e-06
 1.14556e-05
 4.82172e-05
 1.79984e-04
 6.01540e-04
 1.81398e-03
 4.96642e-03
 1.24081e-02
 2.84065e-02
 5.97914e-02
 1.16021e-01
 2.07978e-01
 3.44917e-01
 5.29478e-01
 7.17868e-01
 8.38930e-01
 9.09120e-01
 9.45084e-01
 9.59529e-01
 9.62455e-01
 9.61044e-01
 9.53641e-01
 9.34549e-01
 8.96564e-01
 8.30895e-01
 7.28080e-01
 5.80301e-01
 3.86072e-01
 2.11860e-01
 1.08185e-01
 5.18625e-02
 2.34397e-02
 1.00233e-02
 4.06801e-03
 1.57126e-03
 5.78957e-04
 2.03996e-04
 6.86769e-05
 2.27863e-05
 5.70209e-06
 0.00000e+00
 0.00000e+00
 0.00000e+00
 0.00000e+00
 0.00000e+00
 0.00000e+00
 3.86344e-10
 4.67108e-09
 3.91306e-08
 2.66431e-07
 1.53101e-06
 7.58069e-06
 3.28454e-05
 1.26044e-04
 4.32243e-04
 1.33444e-03
 3.73389e-03
 9.52076e-03
 2.22211e-02
 4.76413e-02
 9.40948e-02
 1.71574e-01
 2.89241e-01
 4.51072e-01
 6.39000e-01
 7.79271e-01
 8.63964e-01
 9.08655e-01
 9.26881e-01
 9.30602e-01
 9.28848e-01
 9.19707e-01
 8.96562e-01
 8.51728e-01
 7.76735e-01
 6.63636e-01
 5.07709e-01
 3.18103e-01
 1.72408e-01
 8.73681e-02
 4.15957e-02
 1.86837e-02
 7.94592e-03
 3.20935e-03
 1.23433e-03
 4.53097e-04
 1.59116e-04
 5.34095e-05
 1.76767e-05
 4.39841e-06
 0.00000e+00
 0.00000e+00
 0.00000e+00
 0.00000e+00
 0.00000e+00
 0.00000e+00
 1.87573e-10
 2.45324e-09
 2.09991e-08
 1.44080e-07
 8.34255e-07
 4.17101e-06
 1.82859e-05
 7.11328e-05
 2.48197e-04
 7.83267e-04
 2.24813e-03
 5.89641e-03
 1.41877e-02
 3.14232e-02
 6.42412e-02
 1.21513e-01
 2.12938e-01
 3.45442e-01
 5.17055e-01
 6.81289e-01
 7.86963e-01
 8.44446e-01
 8.68252e-01
 8.73190e-01
 8.71001e-01
 8.59528e-01
 8.30888e-01
 7.76730e-01
 6.88990e-01
 5.61691e-01
 3.94179e-01
 2.24657e-01
 1.18260e-01
 5.85822e-02
 2.73893e-02
 1.21205e-02
 5.09051e-03
 2.03417e-03
 7.75163e-04
 2.82274e-04
 9.84340e-05
 3.28372e-05
 1.08103e-05
 2.66435e-06
 0.00000e+00
 0.00000e+00
 0.00000e+00
 0.00000e+00
 0.00000e+00
 0.00000e+00
 1.04073e-10
 1.25598e-09
 1.07578e-08
 7.46650e-08
 4.36245e-07
 2.19789e-06
 9.71078e-06
 3.80983e-05
 1.34037e-04
 4.26305e-04
 1.23394e-03
 3.26867e-03
 7.96131e-03
 1.79034e-02
 3.73124e-02
 7.23351e-02
 1.31129e-01
 2.24199e-01
 3.62929e-01
 5.33527e-01
 6.67859e-01
 7.41880e-01
 7.72783e-01
 7.79337e-01
 7.76723e-01
 7.62727e-01
 7.28058e-01
 6.63617e-01
 5.61699e-01
 4.18212e-01
 2.49122e-01
 1.32986e-01
 6.80207e-02
 3.30140e-02
 1.51964e-02
 6.64216e-03
 2.76163e-03
 1.09429e-03
 4.14021e-04
 1.49836e-04
 5.19693e-05
 1.72549e-05
 5.65563e-06
 1.38731e-06
 0.00000e+00
 0.00000e+00
 0.00000e+00
 0.00000e+00
 0.00000e+00
 0.00000e+00
 0.00000e+00
 6.35101e-10
 5.53976e-09
 3.76892e-08
 2.19619e-07
 1.11142e-06
 4.94325e-06
 1.95413e-05
 6.93210e-05
 2.22443e-04
 6.50022e-04
 1.73973e-03
 4.28599e-03
 9.76370e-03
 2.06568e-02
 4.07706e-02
 7.54522e-02
 1.31801e-01
 2.18996e-01
 3.49219e-01
 5.00611e-01
 5.92391e-01
 6.30410e-01
 6.38637e-01
 6.35737e-01
 6.19740e-01
 5.80258e-01
 5.07678e-01
 3.94230e-01
 2.49042e-01
 1.38727e-01
 7.34945e-02
 3.70090e-02
 1.77033e-02
 8.04726e-03
 3.47979e-03
 1.43351e-03
 5.63497e-04
 2.11710e-04
 7.61459e-05
 2.62648e-05
 8.67756e-06
 2.83076e-06
 6.90678e-07
 0.00000e+00
 0.00000e+00
 0.00000e+00
 0.00000e+00
 0.00000e+00
 0.00000e+00
 0.00000e+00
 0.00000e+00
 2.15005e-09
 1.74526e-08
 1.04993e-07
 5.36900e-07
 2.40602e-06
 9.58317e-06
 3.42677e-05
 1.10904e-04
 3.27070e-04
 8.84098e-04
 2.20175e-03
 5.07580e-03
 1.08820e-02
 2.17983e-02
 4.10066e-02
 7.28471e-02
 1.22923e-01
 1.97868e-01
 3.02895e-01
 3.94973e-01
 4.35812e-01
 4.44967e-01
 4.42018e-01
 4.25518e-01
 3.85978e-01
 3.18008e-01
 2.24536e-01
 1.32993e-01
 7.34887e-02
 3.84780e-02
 1.91340e-02
 9.04363e-03
 4.06628e-03
 1.74128e-03
 7.11134e-04
 2.77388e-04
 1.03500e-04
 3.69951e-05
 1.26887e-05
 4.17078e-06
 1.35350e-06
 3.28075e-07
 0.00000e+00
 0.00000e+00
 0.00000e+00
 0.00000e+00
 0.00000e+00
 0.00000e+00
 0.00000e+00
 0.00000e+00
 9.21477e-10
 7.88200e-09
 4.81222e-08
 2.47893e-07
 1.11838e-06
 4.48643e-06
 1.61656e-05
 5.27441e-05
 1.56898e-04
 4.28042e-04
 1.07663e-03
 2.50876e-03
 5.44131e-03
 1.10365e-02
 2.10345e-02
 3.78532e-02
 6.46059e-02
 1.04883e-01
 1.61848e-01
 2.16285e-01
 2.41243e-01
 2.46928e-01
 2.45154e-01
 2.35218e-01
 2.11785e-01
 1.72338e-01
 1.18215e-01
 6.80018e-02
 3.70011e-02
 1.91317e-02
 9.40478e-03
 4.39808e-03
 1.95833e-03
 8.31213e-04
 3.36753e-04
 1.30404e-04
 4.83364e-05
 1.71736e-05
 5.85758e-06
 1.91549e-06
 6.17965e-07
 1.48432e-07
 0.00000e+00
 0.00000e+00
 0.00000e+00
 0.00000e+00
 0.00000e+00
 0.00000e+00
 0.00000e+00
 0.00000e+00
 0.00000e+00
 2.76364e-09
 2.02506e-08
 1.08432e-07
 4.95450e-07
 2.00341e-06
 7.27253e-06
 2.39113e-05
 7.17055e-05
 1.97299e-04
 5.00758e-04
 1.17812e-03
 2.58132e-03
 5.29144e-03
 1.01941e-02
 1.85372e-02
 3.19371e-02
 5.22718e-02
 8.13858e-02
 1.10171e-01
 1.23451e-01
 1.26499e-01
 1.25588e-01
 1.20407e-01
 1.08140e-01
 8.73277e-02
 5.85529e-02
 3.29995e-02
 1.76970e-02
 9.04130e-03
 4.39748e-03
 2.03667e-03
 8.98900e-04
 3.78474e-04
 1.52206e-04
 5.85433e-05
 2.15656e-05
 7.61821e-06
 2.58422e-06
 8.40657e-07
 2.69167e-07
 6.36893e-08
 0.00000e+00
 0.00000e+00
 0.00000e+00
 0.00000e+00
 0.00000e+00
 0.00000e+00
 0.00000e+00
 0.00000e+00
 0.00000e+00
 1.03764e-09
 8.12699e-09
 4.49317e-08
 2.08760e-07
 8.52718e-07
 3.11991e-06
 1.03344e-05
 3.12263e-05
 8.65990e-05
 2.21613e-04
 5.25899e-04
 1.16264e-03
 2.40527e-03
 4.67645e-03
 8.57909e-03
 1.49018e-02
 2.45737e-02
 3.85480e-02
 5.27139e-02
 5.92791e-02
 6.07977e-02
 6.03620e-02
 5.78436e-02
 5.18378e-02
 4.15737e-02
 2.73727e-02
 1.51878e-02
 8.04328e-03
 4.06466e-03
 1.95778e-03
 8.98767e-04
 3.93497e-04
 1.64460e-04
 6.56914e-05
 2.51091e-05
 9.19569e-06
 3.23063e-06
 1.08991e-06
 3.52396e-07
 1.11484e-07
 2.56640e-08
 0.00000e+00
 0.00000e+00
 0.00000e+00
 0.00000e+00
 0.00000e+00
 0.00000e+00
 0.00000e+00
 0.00000e+00
 0.00000e+00
 0.00000e+00
 2.86372e-09
 1.78843e-08
 8.43309e-08
 3.46736e-07
 1.27731e-06
 4.26084e-06
 1.29670e-05
 3.62257e-05
 9.34089e-05
 2.23403e-04
 4.97869e-04
 1.03837e-03
 2.03510e-03
 3.76236e-03
 6.58261e-03
 1.09281e-02
 1.72478e-02
 2.37907e-02
 2.68401e-02
 2.75506e-02
 2.73536e-02
 2.61979e-02
 2.34272e-02
 1.86725e-02
 1.21119e-02
 6.63761e-03
 3.47762e-03
 1.74034e-03
 8.30856e-04
 3.78360e-04
 1.64435e-04
 6.82597e-05
 2.70949e-05
 1.02962e-05
 3.75011e-06
 1.31038e-06
 4.39421e-07
 1.40881e-07
 4.34904e-08
 9.35623e-09
 0.00000e+00
 0.00000e+00
 0.00000e+00
 0.00000e+00
 0.00000e+00
 0.00000e+00
 0.00000e+00
 0.00000e+00
 0.00000e+00
 0.00000e+00
 0.00000e+00
 5.38811e-09
 3.11939e-08
 1.33800e-07
 4.99190e-07
 1.67769e-06
 5.14049e-06
 1.44597e-05
 3.75472e-05
 9.04466e-05
 2.03038e-04
 4.26560e-04
 8.42027e-04
 1.56744e-03
 2.76019e-03
 4.60970e-03
 7.31381e-03
 1.01615e-02
 1.14982e-02
 1.18114e-02
 1.17268e-02
 1.12250e-02
 1.00174e-02
 7.94065e-03
 5.08646e-03
 2.75944e-03
 1.43244e-03
 7.10653e-04
 3.36558e-04
 1.52137e-04
 6.56705e-05
 2.70904e-05
 1.06907e-05
 4.04029e-06
 1.46375e-06
 5.08520e-07
 1.69117e-07
 5.32988e-08
 1.55659e-08
 2.82585e-09
 0.00000e+00
 0.00000e+00
 0.00000e+00
 0.00000e+00
 0.00000e+00
 0.00000e+00
 0.00000e+00
 0.00000e+00
 0.00000e+00
 0.00000e+00
 0.00000e+00
 1.66833e-09
 1.08608e-08
 4.88562e-08
 1.85911e-07
 6.31090e-07
 1.94765e-06
 5.51489e-06
 1.44149e-05
 3.49553e-05
 7.89956e-05
 1.67069e-04
 3.31946e-04
 6.21782e-04
 1.10134e-03
 1.84905e-03
 2.94707e-03
 4.12020e-03
 4.67461e-03
 4.80511e-03
 4.77062e-03
 4.56393e-03
 4.06540e-03
 3.20702e-03
 2.03239e-03
 1.09331e-03
 5.63007e-04
 2.77163e-04
 1.30310e-04
 5.85074e-05
 2.50970e-05
 1.02928e-05
 4.03960e-06
 1.51858e-06
 5.46993e-07
 1.88584e-07
 6.17328e-08
 1.86168e-08
 4.67053e-09
 3.89572e-10
 0.00000e+00
 0.00000e+00
 0.00000e+00
 0.00000e+00
 0.00000e+00
 0.00000e+00
 0.00000e+00
 0.00000e+00
 0.00000e+00
 0.00000e+00
 0.00000e+00
 0.00000e+00
 3.17823e-09
 1.67157e-08
 6.58112e-08
 2.26648e-07
 7.05741e-07
 2.01232e-06
 5.29350e-06
 1.29171e-05
 2.93736e-05
 6.25057e-05
 1.24936e-04
 2.35359e-04
 4.19090e-04
 7.06948e-04
 1.13126e-03
 1.59016e-03
 1.80843e-03
 1.85998e-03
 1.84658e-03
 1.76567e-03
 1.57017e-03
 1.23336e-03
 7.74419e-04
 4.13610e-04
 2.11502e-04
 1.03402e-04
 4.82943e-05
 2.15489e-05
 9.18974e-06
 3.74822e-06
 1.46325e-06
 5.46896e-07
 1.95496e-07
 6.63385e-08
 2.08823e-08
 5.55198e-09
 8.04695e-10
 0.00000e+00
 0.00000e+00
 0.00000e+00
 0.00000e+00
 0.00000e+00
 0.00000e+00
 0.00000e+00
 0.00000e+00
 0.00000e+00
 0.00000e+00
 0.00000e+00
 0.00000e+00
 0.00000e+00
 0.00000e+00
 4.57957e-09
 2.17163e-08
 7.74968e-08
 2.44510e-07
 7.03033e-07
 1.86180e-06
 4.57096e-06
 1.04559e-05
 2.23779e-05
 4.49774e-05
 8.51750e-05
 1.52397e-04
 2.58169e-04
 4.14601e-04
 5.85514e-04
 6.67304e-04
 6.86679e-04
 6.81710e-04
 6.51533e-04
 5.78526e-04
 4.52713e-04
 2.81981e-04
 1.49673e-04
 7.60626e-05
 3.69555e-05
 1.71562e-05
 7.61116e-06
 3.22801e-06
 1.30949e-06
 5.08253e-07
 1.88517e-07
 6.63265e-08
 2.16447e-08
 5.99943e-09
 9.18123e-10
 0.00000e+00
 0.00000e+00
 0.00000e+00
 0.00000e+00
 0.00000e+00
 0.00000e+00
 0.00000e+00
 0.00000e+00
 0.00000e+00
 0.00000e+00
 0.00000e+00
 0.00000e+00
 0.00000e+00
 0.00000e+00
 0.00000e+00
 4.42697e-10
 5.60763e-09
 2.44631e-08
 8.06353e-08
 2.35075e-07
 6.27667e-07
 1.55112e-06
 3.56896e-06
 7.68048e-06
 1.55177e-05
 2.95296e-05
 5.30690e-05
 9.02491e-05
 1.45396e-04
 2.06182e-04
 2.35430e-04
 2.42374e-04
 2.40613e-04
 2.29864e-04
 2.03835e-04
 1.58973e-04
 9.83245e-05
 5.19080e-05
 2.62332e-05
 1.26736e-05
 5.85085e-06
 2.58145e-06
 1.08885e-06
 4.39049e-07
 1.68998e-07
 6.16998e-08
 2.08749e-08
 5.99836e-09
 1.05763e-09
 0.00000e+00
 0.00000e+00
 0.00000e+00
 0.00000e+00
 0.00000e+00
 0.00000e+00
 0.00000e+00
 0.00000e+00
 0.00000e+00
 0.00000e+00
 0.00000e+00
 0.00000e+00
 0.00000e+00
 0.00000e+00
 0.00000e+00
 0.00000e+00
 0.00000e+00
 1.03247e-09
 6.47679e-09
 2.45096e-08
 7.46192e-08
 2.02274e-07
 5.04013e-07
 1.16693e-06
 2.52480e-06
 5.12619e-06
 9.79890e-06
 1.76812e-05
 3.01734e-05
 4.87486e-05
 6.93795e-05
 7.93528e-05
 8.17251e-05
 8.11286e-05
 7.74748e-05
 6.86203e-05
 5.33596e-05
 3.27997e-05
 1.72339e-05
 8.66669e-06
 4.16556e-06
 1.91315e-06
 8.39680e-07
 3.52016e-07
 1.40744e-07
 5.32537e-08
 1.86039e-08
 5.54908e-09
 9.17806e-10
 0.00000e+00
 0.00000e+00
 0.00000e+00
 0.00000e+00
 0.00000e+00
 0.00000e+00
 0.00000e+00
 0.00000e+00
 0.00000e+00
 0.00000e+00
 0.00000e+00
 0.00000e+00
 0.00000e+00
 0.00000e+00
 0.00000e+00
 0.00000e+00
 0.00000e+00
 0.00000e+00
 0.00000e+00
 1.09791e-09
 6.21838e-09
 2.20502e-08
 6.29956e-08
 1.60180e-07
 3.74855e-07
 8.16950e-07
 1.66808e-06
 3.20377e-06
 5.80449e-06
 9.93950e-06
 1.61028e-05
 2.29985e-05
 2.63488e-05
 2.71476e-05
 2.69492e-05
 2.57274e-05
 2.27637e-05
 1.76548e-05
 1.07926e-05
 5.64569e-06
 2.82554e-06
 1.35094e-06
 6.16782e-07
 2.68661e-07
 1.11284e-07
 4.34201e-08
 1.55449e-08
 4.66609e-09
 8.04127e-10
 0.00000e+00
 0.00000e+00
 0.00000e+00
 0.00000e+00
 0.00000e+00
 0.00000e+00
 0.00000e+00
 0.00000e+00
 0.00000e+00
 0.00000e+00
 0.00000e+00
 0.00000e+00
 0.00000e+00
 0.00000e+00
 0.00000e+00
 0.00000e+00
 0.00000e+00
 0.00000e+00
 0.00000e+00
 0.00000e+00
 0.00000e+00
 7.60820e-10
 4.21942e-09
 1.42197e-08
 3.82127e-08
 9.13535e-08
 2.01305e-07
 4.13852e-07
 7.98587e-07
 1.45185e-06
 2.49258e-06
 4.04579e-06
 5.78319e-06
 6.62538e-06
 6.82474e-06
 6.77324e-06
 6.46126e-06
 5.70715e-06
 4.41003e-06
 2.67796e-06
 1.39499e-06
 6.94782e-07
 3.30175e-07
 1.49463e-07
 6.41734e-08
 2.58819e-08
 9.44587e-09
 2.85823e-09
 3.94343e-10
 0.00000e+00
 0.00000e+00
 0.00000e+00
 0.00000e+00
 0.00000e+00
 0.00000e+00
