Density
part
         1
hexa8
 1.00000e+00
 1.00000e+00
 1.00000e+00
 1.00000e+00
 1.00000e+00
 1.00000e+00
 1.00000e+00
 1.00000e+00
 1.00000e+00
 1.00000e+00
 1.00000e+00
 1.00000e+00
 1.00000e+00
 1.00000e+00
 1.00000e+00
 1.00000e+00
 1.00000e+00
 1.00000e+00
 9.99997e-01
 9.99987e-01
 9.99940e-01
 9.99749e-01
 9.99069e-01
 9.96968e-01
 9.91456e-01
 9.79441e-01
 9.58023e-01
 9.26686e-01
 8.87807e-01
 8.44677e-01
 7.99722e-01
 7.54370e-01
 7.09668e-01
 6.66353e-01
 6.24759e-01
 5.85532e-01
 5.49996e-01
 5.25832e-01
 5.18162e-01
 5.12495e-01
 5.07438e-01
 5.03053e-01
 5.02172e-01
 5.01121e-01
 5.00801e-01
 5.00786e-01
 5.00477e-01
 5.00107e-01
 5.00146e-01
 5.00223e-01
 5.00271e-01
 5.00260e-01
 5.00252e-01
 5.00279e-01
 5.00349e-01
 5.00429e-01
 5.00475e-01
 5.00517e-01
 5.00585e-01
 5.00665e-01
 5.00642e-01
 5.00411e-01
 4.99543e-01
 4.97167e-01
 4.91768e-01
 4.81107e-01
 4.62472e-01
 4.33414e-01
 3.92906e-01
 3.50415e-01
 3.24692e-01
 3.11577e-01
 3.06128e-01
 3.04885e-01
 3.05062e-01
 3.05552e-01
 3.05043e-01
 3.00995e-01
 2.89224e-01
 2.66094e-01
 2.32143e-01
 1.96485e-01
 1.68881e-01
 1.49650e-01
 1.37611e-01
 1.30869e-01
 1.27515e-01
 1.26017e-01
 1.25396e-01
 1.25151e-01
 1.25056e-01
 1.25021e-01
 1.25007e-01
 1.25003e-01
 1.25001e-01
 1.25000e-01
 1.25000e-01
 1.25000e-01
 1.25000e-01
 1.25000e-01
 1.00000e+00
 1.00000e+00
 1.00000e+00
 1.00000e+00
 1.00000e+00
 1.00000e+00
 1.00000e+00
 1.00000e+00
 1.00000e+00
 1.00000e+00
 1.00000e+00
 1.00000e+00
 1.00000e+00
 1.00000e+00
 1.00000e+00
 1.00000e+00
 1.00000e+00
 1.00000e+00
 9.99997e-01
 9.99987e-01
 9.99940e-01
 9.99749e-01
 9.99069e-01
 9.96968e-01
 9.91456e-01
 9.79441e-01
 9.58023e-01
 9.26686e-01
 8.87807e-01
 8.44677e-01
 7.99722e-01
 7.54370e-01
 7.09668e-01
 6.66353e-01
 6.24759e-01
 5.85532e-01
 5.49996e-01
 5.25832e-01
 5.18162e-01
 5.12495e-01
 5.07438e-01
 5.03053e-01
 5.02172e-01
 5.01121e-01
 5.00801e-01
 5.00786e-01
 5.00477e-01
 5.00107e-01
 5.00146e-01
 5.00223e-01
 5.00271e-01
 5.00260e-01
 5.00252e-01
 5.00279e-01
 5.00349e-01
 5.00429e-01
 5.00475e-01
 5.00517e-01
 5.00585e-01
 5.00665e-01
 5.00642e-01
 5.00411e-01
 4.99543e-01
 4.97167e-01
 4.91768e-01
 4.81107e-01
 4.62472e-01
 4.33414e-01
 3.92906e-01
 3.50415e-01
 3.24692e-01
 3.11577e-01
 3.06128e-01
 3.04885e-01
 3.05062e-01
 3.05552e-01
 3.05043e-01
 3.00995e-01
 2.89224e-01
 2.66094e-01
 2.32143e-01
 1.96485e-01
 1.68881e-01
 1.49650e-01
 1.37611e-01
 1.30869e-01
 1.27515e-01
 1.26017e-01
 1.25396e-01
 1.25151e-01
 1.25056e-01
 1.25021e-01
 1.25007e-01
 1.25003e-01
 1.25001e-01
 1.25000e-01
 1.25000e-01
 1.25000e-01
 1.25000e-01
 1.25000e-01
 1.00000e+00
 1.00000e+00
 1.00000e+00
 1.00000e+00
 1.00000e+00
 1.00000e+00
 1.00000e+00
 1.00000e+00
 1.00000e+00
 1.00000e+00
 1.00000e+00
 1.00000e+00
 1.00000e+00
 1.00000e+00
 1.00000e+00
 1.00000e+00
 1.00000e+00
 1.00000e+00
 9.99997e-01
 9.99987e-01
 9.99940e-01
 9.99749e-01
 9.99069e-01
 9.96968e-01
 9.91456e-01
 9.79441e-01
 9.58023e-01
 9.26686e-01
 8.87807e-01
 8.44677e-01
 7.99722e-01
 7.54370e-01
 7.09668e-01
 6.66353e-01
 6.24759e-01
 5.85532e-01
 5.49996e-01
 5.25832e-01
 5.18162e-01
 5.12495e-01
 5.07438e-01
 5.03053e-01
 5.02172e-01
 5.01121e-01
 5.00801e-01
 5.00786e-01
 5.00477e-01
 5.00107e-01
 5.00146e-01
 5.00223e-01
 5.00271e-01
 5.00260e-01
 5.00252e-01
 5.00279e-01
 5.00349e-01
 5.00429e-01
 5.00475e-01
 5.00517e-01
 5.00585e-01
 5.00665e-01
 5.00642e-01
 5.00411e-01
 4.99543e-01
 4.97167e-01
 4.91768e-01
 4.81107e-01
 4.62472e-01
 4.33414e-01
 3.92906e-01
 3.50415e-01
 3.24692e-01
 3.11577e-01
 3.06128e-01
 3.04885e-01
 3.05062e-01
 3.05552e-01
 3.05043e-01
 3.00995e-01
 2.89224e-01
 2.66094e-01
 2.32143e-01
 1.96485e-01
 1.68881e-01
 1.49650e-01
 1.37611e-01
 1.30869e-01
 1.27515e-01
 1.26017e-01
 1.25396e-01
 1.25151e-01
 1.25056e-01
 1.25021e-01
 1.25007e-01
 1.25003e-01
 1.25001e-01
 1.25000e-01
 1.25000e-01
 1.25000e-01
 1.25000e-01
 1.25000e-01
 1.00000e+00
 1.00000e+00
 1.00000e+00
 1.00000e+00
 1.00000e+00
 1.00000e+00
 1.00000e+00
 1.00000e+00
 1.00000e+00
 1.00000e+00
 1.00000e+00
 1.00000e+00
 1.00000e+00
 1.00000e+00
 1.00000e+00
 1.00000e+00
 1.00000e+00
 1.00000e+00
 9.99997e-01
 9.99987e-01
 9.99940e-01
 9.99749e-01
 9.99069e-01
 9.96968e-01
 9.91456e-01
 9.79441e-01
 9.58023e-01
 9.26686e-01
 8.87807e-01
 8.44677e-01
 7.99722e-01
 7.54370e-01
 7.09668e-01
 6.66353e-01
 6.24759e-01
 5.85532e-01
 5.49996e-01
 5.25832e-01
 5.18162e-01
 5.12495e-01
 5.07438e-01
 5.03053e-01
 5.02172e-01
 5.01121e-01
 5.00801e-01
 5.00786e-01
 5.00477e-01
 5.00107e-01
 5.00146e-01
 5.00223e-01
 5.00271e-01
 5.00260e-01
 5.00252e-01
 5.00279e-01
 5.00349e-01
 5.00429e-01
 5.00475e-01
 5.00517e-01
 5.00585e-01
 5.00665e-01
 5.00642e-01
 5.00411e-01
 4.99543e-01
 4.97167e-01
 4.91768e-01
 4.81107e-01
 4.62472e-01
 4.33414e-01
 3.92906e-01
 3.50415e-01
 3.24692e-01
 3.11577e-01
 3.06128e-01
 3.04885e-01
 3.05062e-01
 3.05552e-01
 3.05043e-01
 3.00995e-01
 2.89224e-01
 2.66094e-01
 2.32143e-01
 1.96485e-01
 1.68881e-01
 1.49650e-01
 1.37611e-01
 1.30869e-01
 1.27515e-01
 1.26017e-01
 1.25396e-01
 1.25151e-01
 1.25056e-01
 1.25021e-01
 1.25007e-01
 1.25003e-01
 1.25001e-01
 1.25000e-01
 1.25000e-01
 1.25000e-01
 1.25000e-01
 1.25000e-01
 1.00000e+00
 1.00000e+00
 1.00000e+00
 1.00000e+00
 1.00000e+00
 1.00000e+00
 1.00000e+00
 1.00000e+00
 1.00000e+00
 1.00000e+00
 1.00000e+00
 1.00000e+00
 1.00000e+00
 1.00000e+00
 1.00000e+00
 1.00000e+00
 1.00000e+00
 1.00000e+00
 9.99997e-01
 9.99987e-01
 9.99940e-01
 9.99749e-01
 9.99069e-01
 9.96968e-01
 9.91456e-01
 9.79441e-01
 9.58023e-01
 9.26686e-01
 8.87807e-01
 8.44677e-01
 7.99722e-01
 7.54370e-01
 7.09668e-01
 6.66353e-01
 6.24759e-01
 5.85532e-01
 5.49996e-01
 5.25832e-01
 5.18162e-01
 5.12495e-01
 5.07438e-01
 5.03053e-01
 5.02172e-01
 5.01121e-01
 5.00801e-01
 5.00786e-01
 5.00477e-01
 5.00107e-01
 5.00146e-01
 5.00223e-01
 5.00271e-01
 5.00260e-01
 5.00252e-01
 5.00279e-01
 5.00349e-01
 5.00429e-01
 5.00475e-01
 5.00517e-01
 5.00585e-01
 5.00665e-01
 5.00642e-01
 5.00411e-01
 4.99543e-01
 4.97167e-01
 4.91768e-01
 4.81107e-01
 4.62472e-01
 4.33414e-01
 3.92906e-01
 3.50415e-01
 3.24692e-01
 3.11577e-01
 3.06128e-01
 3.04885e-01
 3.05062e-01
 3.05552e-01
 3.05043e-01
 3.00995e-01
 2.89224e-01
 2.66094e-01
 2.32143e-01
 1.96485e-01
 1.68881e-01
 1.49650e-01
 1.37611e-01
 1.30869e-01
 1.27515e-01
 1.26017e-01
 1.25396e-01
 1.25151e-01
 1.25056e-01
 1.25021e-01
 1.25007e-01
 1.25003e-01
 1.25001e-01
 1.25000e-01
 1.25000e-01
 1.25000e-01
 1.25000e-01
 1.25000e-01
 1.00000e+00
 1.00000e+00
 1.00000e+00
 1.00000e+00
 1.00000e+00
 1.00000e+00
 1.00000e+00
 1.00000e+00
 1.00000e+00
 1.00000e+00
 1.00000e+00
 1.00000e+00
 1.00000e+00
 1.00000e+00
 1.00000e+00
 1.00000e+00
 1.00000e+00
 1.00000e+00
 9.99997e-01
 9.99987e-01
 9.99940e-01
 9.99749e-01
 9.99069e-01
 9.96968e-01
 9.91456e-01
 9.79441e-01
 9.58023e-01
 9.26686e-01
 8.87807e-01
 8.44677e-01
 7.99722e-01
 7.54370e-01
 7.09668e-01
 6.66353e-01
 6.24759e-01
 5.85532e-01
 5.49996e-01
 5.25832e-01
 5.18162e-01
 5.12495e-01
 5.07438e-01
 5.03053e-01
 5.02172e-01
 5.01121e-01
 5.00801e-01
 5.00786e-01
 5.00477e-01
 5.00107e-01
 5.00146e-01
 5.00223e-01
 5.00271e-01
 5.00260e-01
 5.00252e-01
 5.00279e-01
 5.00349e-01
 5.00429e-01
 5.00475e-01
 5.00517e-01
 5.00585e-01
 5.00665e-01
 5.00642e-01
 5.00411e-01
 4.99543e-01
 4.97167e-01
 4.91768e-01
 4.81107e-01
 4.62472e-01
 4.33414e-01
 3.92906e-01
 3.50415e-01
 3.24692e-01
 3.11577e-01
 3.06128e-01
 3.04885e-01
 3.05062e-01
 3.05552e-01
 3.05043e-01
 3.00995e-01
 2.89224e-01
 2.66094e-01
 2.32143e-01
 1.96485e-01
 1.68881e-01
 1.49650e-01
 1.37611e-01
 1.30869e-01
 1.27515e-01
 1.26017e-01
 1.25396e-01
 1.25151e-01
 1.25056e-01
 1.25021e-01
 1.25007e-01
 1.25003e-01
 1.25001e-01
 1.25000e-01
 1.25000e-01
 1.25000e-01
 1.25000e-01
 1.25000e-01
 1.00000e+00
 1.00000e+00
 1.00000e+00
 1.00000e+00
 1.00000e+00
 1.00000e+00
 1.00000e+00
 1.00000e+00
 1.00000e+00
 1.00000e+00
 1.00000e+00
 1.00000e+00
 1.00000e+00
 1.00000e+00
 1.00000e+00
 1.00000e+00
 1.00000e+00
 1.00000e+00
 9.99997e-01
 9.99987e-01
 9.99940e-01
 9.99749e-01
 9.99069e-01
 9.96968e-01
 9.91456e-01
 9.79441e-01
 9.58023e-01
 9.26686e-01
 8.87807e-01
 8.44677e-01
 7.99722e-01
 7.54370e-01
 7.09668e-01
 6.66353e-01
 6.24759e-01
 5.85532e-01
 5.49996e-01
 5.25832e-01
 5.18162e-01
 5.12495e-01
 5.07438e-01
 5.03053e-01
 5.02172e-01
 5.01121e-01
 5.00801e-01
 5.00786e-01
 5.00477e-01
 5.00107e-01
 5.00146e-01
 5.00223e-01
 5.00271e-01
 5.00260e-01
 5.00252e-01
 5.00279e-01
 5.00349e-01
 5.00429e-01
 5.00475e-01
 5.00517e-01
 5.00585e-01
 5.00665e-01
 5.00642e-01
 5.00411e-01
 4.99543e-01
 4.97167e-01
 4.91768e-01
 4.81107e-01
 4.62472e-01
 4.33414e-01
 3.92906e-01
 3.50415e-01
 3.24692e-01
 3.11577e-01
 3.06128e-01
 3.04885e-01
 3.05062e-01
 3.05552e-01
 3.05043e-01
 3.00995e-01
 2.89224e-01
 2.66094e-01
 2.32143e-01
 1.96485e-01
 1.68881e-01
 1.49650e-01
 1.37611e-01
 1.30869e-01
 1.27515e-01
 1.26017e-01
 1.25396e-01
 1.25151e-01
 1.25056e-01
 1.25021e-01
 1.25007e-01
 1.25003e-01
 1.25001e-01
 1.25000e-01
 1.25000e-01
 1.25000e-01
 1.25000e-01
 1.25000e-01
 1.00000e+00
 1.00000e+00
 1.00000e+00
 1.00000e+00
 1.00000e+00
 1.00000e+00
 1.00000e+00
 1.00000e+00
 1.00000e+00
 1.00000e+00
 1.00000e+00
 1.00000e+00
 1.00000e+00
 1.00000e+00
 1.00000e+00
 1.00000e+00
 1.00000e+00
 1.00000e+00
 9.99997e-01
 9.99987e-01
 9.99940e-01
 9.99749e-01
 9.99069e-01
 9.96968e-01
 9.91456e-01
 9.79441e-01
 9.58023e-01
 9.26686e-01
 8.87807e-01
 8.44677e-01
 7.99722e-01
 7.54370e-01
 7.09668e-01
 6.66353e-01
 6.24759e-01
 5.85532e-01
 5.49996e-01
 5.25832e-01
 5.18162e-01
 5.12495e-01
 5.07438e-01
 5.03053e-01
 5.02172e-01
 5.01121e-01
 5.00801e-01
 5.00786e-01
 5.00477e-01
 5.00107e-01
 5.00146e-01
 5.00223e-01
 5.00271e-01
 5.00260e-01
 5.00252e-01
 5.00279e-01
 5.00349e-01
 5.00429e-01
 5.00475e-01
 5.00517e-01
 5.00585e-01
 5.00665e-01
 5.00642e-01
 5.00411e-01
 4.99543e-01
 4.97167e-01
 4.91768e-01
 4.81107e-01
 4.62472e-01
 4.33414e-01
 3.92906e-01
 3.50415e-01
 3.24692e-01
 3.11577e-01
 3.06128e-01
 3.04885e-01
 3.05062e-01
 3.05552e-01
 3.05043e-01
 3.00995e-01
 2.89224e-01
 2.66094e-01
 2.32143e-01
 1.96485e-01
 1.68881e-01
 1.49650e-01
 1.37611e-01
 1.30869e-01
 1.27515e-01
 1.26017e-01
 1.25396e-01
 1.25151e-01
 1.25056e-01
 1.25021e-01
 1.25007e-01
 1.25003e-01
 1.25001e-01
 1.25000e-01
 1.25000e-01
 1.25000e-01
 1.25000e-01
 1.25000e-01
 1.00000e+00
 1.00000e+00
 1.00000e+00
 1.00000e+00
 1.00000e+00
 1.00000e+00
 1.00000e+00
 1.00000e+00
 1.00000e+00
 1.00000e+00
 1.00000e+00
 1.00000e+00
 1.00000e+00
 1.00000e+00
 1.00000e+00
 1.00000e+00
 1.00000e+00
 1.00000e+00
 9.99997e-01
 9.99987e-01
 9.99940e-01
 9.99749e-01
 9.99069e-01
 9.96968e-01
 9.91456e-01
 9.79441e-01
 9.58023e-01
 9.26686e-01
 8.87807e-01
 8.44677e-01
 7.99722e-01
 7.54370e-01
 7.09668e-01
 6.66353e-01
 6.24759e-01
 5.85532e-01
 5.49996e-01
 5.25832e-01
 5.18162e-01
 5.12495e-01
 5.07438e-01
 5.03053e-01
 5.02172e-01
 5.01121e-01
 5.00801e-01
 5.00786e-01
 5.00477e-01
 5.00107e-01
 5.00146e-01
 5.00223e-01
 5.00271e-01
 5.00260e-01
 5.00252e-01
 5.00279e-01
 5.00349e-01
 5.00429e-01
 5.00475e-01
 5.00517e-01
 5.00585e-01
 5.00665e-01
 5.00642e-01
 5.00411e-01
 4.99543e-01
 4.97167e-01
 4.91768e-01
 4.81107e-01
 4.62472e-01
 4.33414e-01
 3.92906e-01
 3.50415e-01
 3.24692e-01
 3.11577e-01
 3.06128e-01
 3.04885e-01
 3.05062e-01
 3.05552e-01
 3.05043e-01
 3.00995e-01
 2.89224e-01
 2.66094e-01
 2.32143e-01
 1.96485e-01
 1.68881e-01
 1.49650e-01
 1.37611e-01
 1.30869e-01
 1.27515e-01
 1.26017e-01
 1.25396e-01
 1.25151e-01
 1.25056e-01
 1.25021e-01
 1.25007e-01
 1.25003e-01
 1.25001e-01
 1.25000e-01
 1.25000e-01
 1.25000e-01
 1.25000e-01
 1.25000e-01
 1.00000e+00
 1.00000e+00
 1.00000e+00
 1.00000e+00
 1.00000e+00
 1.00000e+00
 1.00000e+00
 1.00000e+00
 1.00000e+00
 1.00000e+00
 1.00000e+00
 1.00000e+00
 1.00000e+00
 1.00000e+00
 1.00000e+00
 1.00000e+00
 1.00000e+00
 1.00000e+00
 9.99997e-01
 9.99987e-01
 9.99940e-01
 9.99749e-01
 9.99069e-01
 9.96968e-01
 9.91456e-01
 9.79441e-01
 9.58023e-01
 9.26686e-01
 8.87807e-01
 8.44677e-01
 7.99722e-01
 7.54370e-01
 7.09668e-01
 6.66353e-01
 6.24759e-01
 5.85532e-01
 5.49996e-01
 5.25832e-01
 5.18162e-01
 5.12495e-01
 5.07438e-01
 5.03053e-01
 5.02172e-01
 5.01121e-01
 5.00801e-01
 5.00786e-01
 5.00477e-01
 5.00107e-01
 5.00146e-01
 5.00223e-01
 5.00271e-01
 5.00260e-01
 5.00252e-01
 5.00279e-01
 5.00349e-01
 5.00429e-01
 5.00475e-01
 5.00517e-01
 5.00585e-01
 5.00665e-01
 5.00642e-01
 5.00411e-01
 4.99543e-01
 4.97167e-01
 4.91768e-01
 4.81107e-01
 4.62472e-01
 4.33414e-01
 3.92906e-01
 3.50415e-01
 3.24692e-01
 3.11577e-01
 3.06128e-01
 3.04885e-01
 3.05062e-01
 3.05552e-01
 3.05043e-01
 3.00995e-01
 2.89224e-01
 2.66094e-01
 2.32143e-01
 1.96485e-01
 1.68881e-01
 1.49650e-01
 1.37611e-01
 1.30869e-01
 1.27515e-01
 1.26017e-01
 1.25396e-01
 1.25151e-01
 1.25056e-01
 1.25021e-01
 1.25007e-01
 1.25003e-01
 1.25001e-01
 1.25000e-01
 1.25000e-01
 1.25000e-01
 1.25000e-01
 1.25000e-01
 1.00000e+00
 1.00000e+00
 1.00000e+00
 1.00000e+00
 1.00000e+00
 1.00000e+00
 1.00000e+00
 1.00000e+00
 1.00000e+00
 1.00000e+00
 1.00000e+00
 1.00000e+00
 1.00000e+00
 1.00000e+00
 1.00000e+00
 1.00000e+00
 1.00000e+00
 1.00000e+00
 9.99997e-01
 9.99987e-01
 9.99940e-01
 9.99749e-01
 9.99069e-01
 9.96968e-01
 9.91456e-01
 9.79441e-01
 9.58023e-01
 9.26686e-01
 8.87807e-01
 8.44677e-01
 7.99722e-01
 7.54370e-01
 7.09668e-01
 6.66353e-01
 6.24759e-01
 5.85532e-01
 5.49996e-01
 5.25832e-01
 5.18162e-01
 5.12495e-01
 5.07438e-01
 5.03053e-01
 5.02172e-01
 5.01121e-01
 5.00801e-01
 5.00786e-01
 5.00477e-01
 5.00107e-01
 5.00146e-01
 5.00223e-01
 5.00271e-01
 5.00260e-01
 5.00252e-01
 5.00279e-01
 5.00349e-01
 5.00429e-01
 5.00475e-01
 5.00517e-01
 5.00585e-01
 5.00665e-01
 5.00642e-01
 5.00411e-01
 4.99543e-01
 4.97167e-01
 4.91768e-01
 4.81107e-01
 4.62472e-01
 4.33414e-01
 3.92906e-01
 3.50415e-01
 3.24692e-01
 3.11577e-01
 3.06128e-01
 3.04885e-01
 3.05062e-01
 3.05552e-01
 3.05043e-01
 3.00995e-01
 2.89224e-01
 2.66094e-01
 2.32143e-01
 1.96485e-01
 1.68881e-01
 1.49650e-01
 1.37611e-01
 1.30869e-01
 1.27515e-01
 1.26017e-01
 1.25396e-01
 1.25151e-01
 1.25056e-01
 1.25021e-01
 1.25007e-01
 1.25003e-01
 1.25001e-01
 1.25000e-01
 1.25000e-01
 1.25000e-01
 1.25000e-01
 1.25000e-01
 1.00000e+00
 1.00000e+00
 1.00000e+00
 1.00000e+00
 1.00000e+00
 1.00000e+00
 1.00000e+00
 1.00000e+00
 1.00000e+00
 1.00000e+00
 1.00000e+00
 1.00000e+00
 1.00000e+00
 1.00000e+00
 1.00000e+00
 1.00000e+00
 1.00000e+00
 1.00000e+00
 9.99997e-01
 9.99987e-01
 9.99940e-01
 9.99749e-01
 9.99069e-01
 9.96968e-01
 9.91456e-01
 9.79441e-01
 9.58023e-01
 9.26686e-01
 8.87807e-01
 8.44677e-01
 7.99722e-01
 7.54370e-01
 7.09668e-01
 6.66353e-01
 6.24759e-01
 5.85532e-01
 5.49996e-01
 5.25832e-01
 5.18162e-01
 5.12495e-01
 5.07438e-01
 5.03053e-01
 5.02172e-01
 5.01121e-01
 5.00801e-01
 5.00786e-01
 5.00477e-01
 5.00107e-01
 5.00146e-01
 5.00223e-01
 5.00271e-01
 5.00260e-01
 5.00252e-01
 5.00279e-01
 5.00349e-01
 5.00429e-01
 5.00475e-01
 5.00517e-01
 5.00585e-01
 5.00665e-01
 5.00642e-01
 5.00411e-01
 4.99543e-01
 4.97167e-01
 4.91768e-01
 4.81107e-01
 4.62472e-01
 4.33414e-01
 3.92906e-01
 3.50415e-01
 3.24692e-01
 3.11577e-01
 3.06128e-01
 3.04885e-01
 3.05062e-01
 3.05552e-01
 3.05043e-01
 3.00995e-01
 2.89224e-01
 2.66094e-01
 2.32143e-01
 1.96485e-01
 1.68881e-01
 1.49650e-01
 1.37611e-01
 1.30869e-01
 1.27515e-01
 1.26017e-01
 1.25396e-01
 1.25151e-01
 1.25056e-01
 1.25021e-01
 1.25007e-01
 1.25003e-01
 1.25001e-01
 1.25000e-01
 1.25000e-01
 1.25000e-01
 1.25000e-01
 1.25000e-01
 1.00000e+00
 1.00000e+00
 1.00000e+00
 1.00000e+00
 1.00000e+00
 1.00000e+00
 1.00000e+00
 1.00000e+00
 1.00000e+00
 1.00000e+00
 1.00000e+00
 1.00000e+00
 1.00000e+00
 1.00000e+00
 1.00000e+00
 1.00000e+00
 1.00000e+00
 1.00000e+00
 9.99997e-01
 9.99987e-01
 9.99940e-01
 9.99749e-01
 9.99069e-01
 9.96968e-01
 9.91456e-01
 9.79441e-01
 9.58023e-01
 9.26686e-01
 8.87807e-01
 8.44677e-01
 7.99722e-01
 7.54370e-01
 7.09668e-01
 6.66353e-01
 6.24759e-01
 5.85532e-01
 5.49996e-01
 5.25832e-01
 5.18162e-01
 5.12495e-01
 5.07438e-01
 5.03053e-01
 5.02172e-01
 5.01121e-01
 5.00801e-01
 5.00786e-01
 5.00477e-01
 5.00107e-01
 5.00146e-01
 5.00223e-01
 5.00271e-01
 5.00260e-01
 5.00252e-01
 5.00279e-01
 5.00349e-01
 5.00429e-01
 5.00475e-01
 5.00517e-01
 5.00585e-01
 5.00665e-01
 5.00642e-01
 5.00411e-01
 4.99543e-01
 4.97167e-01
 4.91768e-01
 4.81107e-01
 4.62472e-01
 4.33414e-01
 3.92906e-01
 3.50415e-01
 3.24692e-01
 3.11577e-01
 3.06128e-01
 3.04885e-01
 3.05062e-01
 3.05552e-01
 3.05043e-01
 3.00995e-01
 2.89224e-01
 2.66094e-01
 2.32143e-01
 1.96485e-01
 1.68881e-01
 1.49650e-01
 1.37611e-01
 1.30869e-01
 1.27515e-01
 1.26017e-01
 1.25396e-01
 1.25151e-01
 1.25056e-01
 1.25021e-01
 1.25007e-01
 1.25003e-01
 1.25001e-01
 1.25000e-01
 1.25000e-01
 1.25000e-01
 1.25000e-01
 1.25000e-01
 1.00000e+00
 1.00000e+00
 1.00000e+00
 1.00000e+00
 1.00000e+00
 1.00000e+00
 1.00000e+00
 1.00000e+00
 1.00000e+00
 1.00000e+00
 1.00000e+00
 1.00000e+00
 1.00000e+00
 1.00000e+00
 1.00000e+00
 1.00000e+00
 1.00000e+00
 1.00000e+00
 9.99997e-01
 9.99987e-01
 9.99940e-01
 9.99749e-01
 9.99069e-01
 9.96968e-01
 9.91456e-01
 9.79441e-01
 9.58023e-01
 9.26686e-01
 8.87807e-01
 8.44677e-01
 7.99722e-01
 7.54370e-01
 7.09668e-01
 6.66353e-01
 6.24759e-01
 5.85532e-01
 5.49996e-01
 5.25832e-01
 5.18162e-01
 5.12495e-01
 5.07438e-01
 5.03053e-01
 5.02172e-01
 5.01121e-01
 5.00801e-01
 5.00786e-01
 5.00477e-01
 5.00107e-01
 5.00146e-01
 5.00223e-01
 5.00271e-01
 5.00260e-01
 5.00252e-01
 5.00279e-01
 5.00349e-01
 5.00429e-01
 5.00475e-01
 5.00517e-01
 5.00585e-01
 5.00665e-01
 5.00642e-01
 5.00411e-01
 4.99543e-01
 4.97167e-01
 4.91768e-01
 4.81107e-01
 4.62472e-01
 4.33414e-01
 3.92906e-01
 3.50415e-01
 3.24692e-01
 3.11577e-01
 3.06128e-01
 3.04885e-01
 3.05062e-01
 3.05552e-01
 3.05043e-01
 3.00995e-01
 2.89224e-01
 2.66094e-01
 2.32143e-01
 1.96485e-01
 1.68881e-01
 1.49650e-01
 1.37611e-01
 1.30869e-01
 1.27515e-01
 1.26017e-01
 1.25396e-01
 1.25151e-01
 1.25056e-01
 1.25021e-01
 1.25007e-01
 1.25003e-01
 1.25001e-01
 1.25000e-01
 1.25000e-01
 1.25000e-01
 1.25000e-01
 1.25000e-01
 1.00000e+00
 1.00000e+00
 1.00000e+00
 1.00000e+00
 1.00000e+00
 1.00000e+00
 1.00000e+00
 1.00000e+00
 1.00000e+00
 1.00000e+00
 1.00000e+00
 1.00000e+00
 1.00000e+00
 1.00000e+00
 1.00000e+00
 1.00000e+00
 1.00000e+00
 1.00000e+00
 9.99997e-01
 9.99987e-01
 9.99940e-01
 9.99749e-01
 9.99069e-01
 9.96968e-01
 9.91456e-01
 9.79441e-01
 9.58023e-01
 9.26686e-01
 8.87807e-01
 8.44677e-01
 7.99722e-01
 7.54370e-01
 7.09668e-01
 6.66353e-01
 6.24759e-01
 5.85532e-01
 5.49996e-01
 5.25832e-01
 5.18162e-01
 5.12495e-01
 5.07438e-01
 5.03053e-01
 5.02172e-01
 5.01121e-01
 5.00801e-01
 5.00786e-01
 5.00477e-01
 5.00107e-01
 5.00146e-01
 5.00223e-01
 5.00271e-01
 5.00260e-01
 5.00252e-01
 5.00279e-01
 5.00349e-01
 5.00429e-01
 5.00475e-01
 5.00517e-01
 5.00585e-01
 5.00665e-01
 5.00642e-01
 5.00411e-01
 4.99543e-01
 4.97167e-01
 4.91768e-01
 4.81107e-01
 4.62472e-01
 4.33414e-01
 3.92906e-01
 3.50415e-01
 3.24692e-01
 3.11577e-01
 3.06128e-01
 3.04885e-01
 3.05062e-01
 3.05552e-01
 3.05043e-01
 3.00995e-01
 2.89224e-01
 2.66094e-01
 2.32143e-01
 1.96485e-01
 1.68881e-01
 1.49650e-01
 1.37611e-01
 1.30869e-01
 1.27515e-01
 1.26017e-01
 1.25396e-01
 1.25151e-01
 1.25056e-01
 1.25021e-01
 1.25007e-01
 1.25003e-01
 1.25001e-01
 1.25000e-01
 1.25000e-01
 1.25000e-01
 1.25000e-01
 1.25000e-01
 1.00000e+00
 1.00000e+00
 1.00000e+00
 1.00000e+00
 1.00000e+00
 1.00000e+00
 1.00000e+00
 1.00000e+00
 1.00000e+00
 1.00000e+00
 1.00000e+00
 1.00000e+00
 1.00000e+00
 1.00000e+00
 1.00000e+00
 1.00000e+00
 1.00000e+00
 1.00000e+00
 9.99997e-01
 9.99987e-01
 9.99940e-01
 9.99749e-01
 9.99069e-01
 9.96968e-01
 9.91456e-01
 9.79441e-01
 9.58023e-01
 9.26686e-01
 8.87807e-01
 8.44677e-01
 7.99722e-01
 7.54370e-01
 7.09668e-01
 6.66353e-01
 6.24759e-01
 5.85532e-01
 5.49996e-01
 5.25832e-01
 5.18162e-01
 5.12495e-01
 5.07438e-01
 5.03053e-01
 5.02172e-01
 5.01121e-01
 5.00801e-01
 5.00786e-01
 5.00477e-01
 5.00107e-01
 5.00146e-01
 5.00223e-01
 5.00271e-01
 5.00260e-01
 5.00252e-01
 5.00279e-01
 5.00349e-01
 5.00429e-01
 5.00475e-01
 5.00517e-01
 5.00585e-01
 5.00665e-01
 5.00642e-01
 5.00411e-01
 4.99543e-01
 4.97167e-01
 4.91768e-01
 4.81107e-01
 4.62472e-01
 4.33414e-01
 3.92906e-01
 3.50415e-01
 3.24692e-01
 3.11577e-01
 3.06128e-01
 3.04885e-01
 3.05062e-01
 3.05552e-01
 3.05043e-01
 3.00995e-01
 2.89224e-01
 2.66094e-01
 2.32143e-01
 1.96485e-01
 1.68881e-01
 1.49650e-01
 1.37611e-01
 1.30869e-01
 1.27515e-01
 1.26017e-01
 1.25396e-01
 1.25151e-01
 1.25056e-01
 1.25021e-01
 1.25007e-01
 1.25003e-01
 1.25001e-01
 1.25000e-01
 1.25000e-01
 1.25000e-01
 1.25000e-01
 1.25000e-01
 1.00000e+00
 1.00000e+00
 1.00000e+00
 1.00000e+00
 1.00000e+00
 1.00000e+00
 1.00000e+00
 1.00000e+00
 1.00000e+00
 1.00000e+00
 1.00000e+00
 1.00000e+00
 1.00000e+00
 1.00000e+00
 1.00000e+00
 1.00000e+00
 1.00000e+00
 1.00000e+00
 9.99997e-01
 9.99987e-01
 9.99940e-01
 9.99749e-01
 9.99069e-01
 9.96968e-01
 9.91456e-01
 9.79441e-01
 9.58023e-01
 9.26686e-01
 8.87807e-01
 8.44677e-01
 7.99722e-01
 7.54370e-01
 7.09668e-01
 6.66353e-01
 6.24759e-01
 5.85532e-01
 5.49996e-01
 5.25832e-01
 5.18162e-01
 5.12495e-01
 5.07438e-01
 5.03053e-01
 5.02172e-01
 5.01121e-01
 5.00801e-01
 5.00786e-01
 5.00477e-01
 5.00107e-01
 5.00146e-01
 5.00223e-01
 5.00271e-01
 5.00260e-01
 5.00252e-01
 5.00279e-01
 5.00349e-01
 5.00429e-01
 5.00475e-01
 5.00517e-01
 5.00585e-01
 5.00665e-01
 5.00642e-01
 5.00411e-01
 4.99543e-01
 4.97167e-01
 4.91768e-01
 4.81107e-01
 4.62472e-01
 4.33414e-01
 3.92906e-01
 3.50415e-01
 3.24692e-01
 3.11577e-01
 3.06128e-01
 3.04885e-01
 3.05062e-01
 3.05552e-01
 3.05043e-01
 3.00995e-01
 2.89224e-01
 2.66094e-01
 2.32143e-01
 1.96485e-01
 1.68881e-01
 1.49650e-01
 1.37611e-01
 1.30869e-01
 1.27515e-01
 1.26017e-01
 1.25396e-01
 1.25151e-01
 1.25056e-01
 1.25021e-01
 1.25007e-01
 1.25003e-01
 1.25001e-01
 1.25000e-01
 1.25000e-01
 1.25000e-01
 1.25000e-01
 1.25000e-01
 1.00000e+00
 1.00000e+00
 1.00000e+00
 1.00000e+00
 1.00000e+00
 1.00000e+00
 1.00000e+00
 1.00000e+00
 1.00000e+00
 1.00000e+00
 1.00000e+00
 1.00000e+00
 1.00000e+00
 1.00000e+00
 1.00000e+00
 1.00000e+00
 1.00000e+00
 1.00000e+00
 9.99997e-01
 9.99987e-01
 9.99940e-01
 9.99749e-01
 9.99069e-01
 9.96968e-01
 9.91456e-01
 9.79441e-01
 9.58023e-01
 9.26686e-01
 8.87807e-01
 8.44677e-01
 7.99722e-01
 7.54370e-01
 7.09668e-01
 6.66353e-01
 6.24759e-01
 5.85532e-01
 5.49996e-01
 5.25832e-01
 5.18162e-01
 5.12495e-01
 5.07438e-01
 5.03053e-01
 5.02172e-01
 5.01121e-01
 5.00801e-01
 5.00786e-01
 5.00477e-01
 5.00107e-01
 5.00146e-01
 5.00223e-01
 5.00271e-01
 5.00260e-01
 5.00252e-01
 5.00279e-01
 5.00349e-01
 5.00429e-01
 5.00475e-01
 5.00517e-01
 5.00585e-01
 5.00665e-01
 5.00642e-01
 5.00411e-01
 4.99543e-01
 4.97167e-01
 4.91768e-01
 4.81107e-01
 4.62472e-01
 4.33414e-01
 3.92906e-01
 3.50415e-01
 3.24692e-01
 3.11577e-01
 3.06128e-01
 3.04885e-01
 3.05062e-01
 3.05552e-01
 3.05043e-01
 3.00995e-01
 2.89224e-01
 2.66094e-01
 2.32143e-01
 1.96485e-01
 1.68881e-01
 1.49650e-01
 1.37611e-01
 1.30869e-01
 1.27515e-01
 1.26017e-01
 1.25396e-01
 1.25151e-01
 1.25056e-01
 1.25021e-01
 1.25007e-01
 1.25003e-01
 1.25001e-01
 1.25000e-01
 1.25000e-01
 1.25000e-01
 1.25000e-01
 1.25000e-01
 1.00000e+00
 1.00000e+00
 1.00000e+00
 1.00000e+00
 1.00000e+00
 1.00000e+00
 1.00000e+00
 1.00000e+00
 1.00000e+00
 1.00000e+00
 1.00000e+00
 1.00000e+00
 1.00000e+00
 1.00000e+00
 1.00000e+00
 1.00000e+00
 1.00000e+00
 1.00000e+00
 9.99997e-01
 9.99987e-01
 9.99940e-01
 9.99749e-01
 9.99069e-01
 9.96968e-01
 9.91456e-01
 9.79441e-01
 9.58023e-01
 9.26686e-01
 8.87807e-01
 8.44677e-01
 7.99722e-01
 7.54370e-01
 7.09668e-01
 6.66353e-01
 6.24759e-01
 5.85532e-01
 5.49996e-01
 5.25832e-01
 5.18162e-01
 5.12495e-01
 5.07438e-01
 5.03053e-01
 5.02172e-01
 5.01121e-01
 5.00801e-01
 5.00786e-01
 5.00477e-01
 5.00107e-01
 5.00146e-01
 5.00223e-01
 5.00271e-01
 5.00260e-01
 5.00252e-01
 5.00279e-01
 5.00349e-01
 5.00429e-01
 5.00475e-01
 5.00517e-01
 5.00585e-01
 5.00665e-01
 5.00642e-01
 5.00411e-01
 4.99543e-01
 4.97167e-01
 4.91768e-01
 4.81107e-01
 4.62472e-01
 4.33414e-01
 3.92906e-01
 3.50415e-01
 3.24692e-01
 3.11577e-01
 3.06128e-01
 3.04885e-01
 3.05062e-01
 3.05552e-01
 3.05043e-01
 3.00995e-01
 2.89224e-01
 2.66094e-01
 2.32143e-01
 1.96485e-01
 1.68881e-01
 1.49650e-01
 1.37611e-01
 1.30869e-01
 1.27515e-01
 1.26017e-01
 1.25396e-01
 1.25151e-01
 1.25056e-01
 1.25021e-01
 1.25007e-01
 1.25003e-01
 1.25001e-01
 1.25000e-01
 1.25000e-01
 1.25000e-01
 1.25000e-01
 1.25000e-01
 1.00000e+00
 1.00000e+00
 1.00000e+00
 1.00000e+00
 1.00000e+00
 1.00000e+00
 1.00000e+00
 1.00000e+00
 1.00000e+00
 1.00000e+00
 1.00000e+00
 1.00000e+00
 1.00000e+00
 1.00000e+00
 1.00000e+00
 1.00000e+00
 1.00000e+00
 1.00000e+00
 9.99997e-01
 9.99987e-01
 9.99940e-01
 9.99749e-01
 9.99069e-01
 9.96968e-01
 9.91456e-01
 9.79441e-01
 9.58023e-01
 9.26686e-01
 8.87807e-01
 8.44677e-01
 7.99722e-01
 7.54370e-01
 7.09668e-01
 6.66353e-01
 6.24759e-01
 5.85532e-01
 5.49996e-01
 5.25832e-01
 5.18162e-01
 5.12495e-01
 5.07438e-01
 5.03053e-01
 5.02172e-01
 5.01121e-01
 5.00801e-01
 5.00786e-01
 5.00477e-01
 5.00107e-01
 5.00146e-01
 5.00223e-01
 5.00271e-01
 5.00260e-01
 5.00252e-01
 5.00279e-01
 5.00349e-01
 5.00429e-01
 5.00475e-01
 5.00517e-01
 5.00585e-01
 5.00665e-01
 5.00642e-01
 5.00411e-01
 4.99543e-01
 4.97167e-01
 4.91768e-01
 4.81107e-01
 4.62472e-01
 4.33414e-01
 3.92906e-01
 3.50415e-01
 3.24692e-01
 3.11577e-01
 3.06128e-01
 3.04885e-01
 3.05062e-01
 3.05552e-01
 3.05043e-01
 3.00995e-01
 2.89224e-01
 2.66094e-01
 2.32143e-01
 1.96485e-01
 1.68881e-01
 1.49650e-01
 1.37611e-01
 1.30869e-01
 1.27515e-01
 1.26017e-01
 1.25396e-01
 1.25151e-01
 1.25056e-01
 1.25021e-01
 1.25007e-01
 1.25003e-01
 1.25001e-01
 1.25000e-01
 1.25000e-01
 1.25000e-01
 1.25000e-01
 1.25000e-01
 1.00000e+00
 1.00000e+00
 1.00000e+00
 1.00000e+00
 1.00000e+00
 1.00000e+00
 1.00000e+00
 1.00000e+00
 1.00000e+00
 1.00000e+00
 1.00000e+00
 1.00000e+00
 1.00000e+00
 1.00000e+00
 1.00000e+00
 1.00000e+00
 1.00000e+00
 1.00000e+00
 9.99997e-01
 9.99987e-01
 9.99940e-01
 9.99749e-01
 9.99069e-01
 9.96968e-01
 9.91456e-01
 9.79441e-01
 9.58023e-01
 9.26686e-01
 8.87807e-01
 8.44677e-01
 7.99722e-01
 7.54370e-01
 7.09668e-01
 6.66353e-01
 6.24759e-01
 5.85532e-01
 5.49996e-01
 5.25832e-01
 5.18162e-01
 5.12495e-01
 5.07438e-01
 5.03053e-01
 5.02172e-01
 5.01121e-01
 5.00801e-01
 5.00786e-01
 5.00477e-01
 5.00107e-01
 5.00146e-01
 5.00223e-01
 5.00271e-01
 5.00260e-01
 5.00252e-01
 5.00279e-01
 5.00349e-01
 5.00429e-01
 5.00475e-01
 5.00517e-01
 5.00585e-01
 5.00665e-01
 5.00642e-01
 5.00411e-01
 4.99543e-01
 4.97167e-01
 4.91768e-01
 4.81107e-01
 4.62472e-01
 4.33414e-01
 3.92906e-01
 3.50415e-01
 3.24692e-01
 3.11577e-01
 3.06128e-01
 3.04885e-01
 3.05062e-01
 3.05552e-01
 3.05043e-01
 3.00995e-01
 2.89224e-01
 2.66094e-01
 2.32143e-01
 1.96485e-01
 1.68881e-01
 1.49650e-01
 1.37611e-01
 1.30869e-01
 1.27515e-01
 1.26017e-01
 1.25396e-01
 1.25151e-01
 1.25056e-01
 1.25021e-01
 1.25007e-01
 1.25003e-01
 1.25001e-01
 1.25000e-01
 1.25000e-01
 1.25000e-01
 1.25000e-01
 1.25000e-01
 1.00000e+00
 1.00000e+00
 1.00000e+00
 1.00000e+00
 1.00000e+00
 1.00000e+00
 1.00000e+00
 1.00000e+00
 1.00000e+00
 1.00000e+00
 1.00000e+00
 1.00000e+00
 1.00000e+00
 1.00000e+00
 1.00000e+00
 1.00000e+00
 1.00000e+00
 1.00000e+00
 9.99997e-01
 9.99987e-01
 9.99940e-01
 9.99749e-01
 9.99069e-01
 9.96968e-01
 9.91456e-01
 9.79441e-01
 9.58023e-01
 9.26686e-01
 8.87807e-01
 8.44677e-01
 7.99722e-01
 7.54370e-01
 7.09668e-01
 6.66353e-01
 6.24759e-01
 5.85532e-01
 5.49996e-01
 5.25832e-01
 5.18162e-01
 5.12495e-01
 5.07438e-01
 5.03053e-01
 5.02172e-01
 5.01121e-01
 5.00801e-01
 5.00786e-01
 5.00477e-01
 5.00107e-01
 5.00146e-01
 5.00223e-01
 5.00271e-01
 5.00260e-01
 5.00252e-01
 5.00279e-01
 5.00349e-01
 5.00429e-01
 5.00475e-01
 5.00517e-01
 5.00585e-01
 5.00665e-01
 5.00642e-01
 5.00411e-01
 4.99543e-01
 4.97167e-01
 4.91768e-01
 4.81107e-01
 4.62472e-01
 4.33414e-01
 3.92906e-01
 3.50415e-01
 3.24692e-01
 3.11577e-01
 3.06128e-01
 3.04885e-01
 3.05062e-01
 3.05552e-01
 3.05043e-01
 3.00995e-01
 2.89224e-01
 2.66094e-01
 2.32143e-01
 1.96485e-01
 1.68881e-01
 1.49650e-01
 1.37611e-01
 1.30869e-01
 1.27515e-01
 1.26017e-01
 1.25396e-01
 1.25151e-01
 1.25056e-01
 1.25021e-01
 1.25007e-01
 1.25003e-01
 1.25001e-01
 1.25000e-01
 1.25000e-01
 1.25000e-01
 1.25000e-01
 1.25000e-01
 1.00000e+00
 1.00000e+00
 1.00000e+00
 1.00000e+00
 1.00000e+00
 1.00000e+00
 1.00000e+00
 1.00000e+00
 1.00000e+00
 1.00000e+00
 1.00000e+00
 1.00000e+00
 1.00000e+00
 1.00000e+00
 1.00000e+00
 1.00000e+00
 1.00000e+00
 1.00000e+00
 9.99997e-01
 9.99987e-01
 9.99940e-01
 9.99749e-01
 9.99069e-01
 9.96968e-01
 9.91456e-01
 9.79441e-01
 9.58023e-01
 9.26686e-01
 8.87807e-01
 8.44677e-01
 7.99722e-01
 7.54370e-01
 7.09668e-01
 6.66353e-01
 6.24759e-01
 5.85532e-01
 5.49996e-01
 5.25832e-01
 5.18162e-01
 5.12495e-01
 5.07438e-01
 5.03053e-01
 5.02172e-01
 5.01121e-01
 5.00801e-01
 5.00786e-01
 5.00477e-01
 5.00107e-01
 5.00146e-01
 5.00223e-01
 5.00271e-01
 5.00260e-01
 5.00252e-01
 5.00279e-01
 5.00349e-01
 5.00429e-01
 5.00475e-01
 5.00517e-01
 5.00585e-01
 5.00665e-01
 5.00642e-01
 5.00411e-01
 4.99543e-01
 4.97167e-01
 4.91768e-01
 4.81107e-01
 4.62472e-01
 4.33414e-01
 3.92906e-01
 3.50415e-01
 3.24692e-01
 3.11577e-01
 3.06128e-01
 3.04885e-01
 3.05062e-01
 3.05552e-01
 3.05043e-01
 3.00995e-01
 2.89224e-01
 2.66094e-01
 2.32143e-01
 1.96485e-01
 1.68881e-01
 1.49650e-01
 1.37611e-01
 1.30869e-01
 1.27515e-01
 1.26017e-01
 1.25396e-01
 1.25151e-01
 1.25056e-01
 1.25021e-01
 1.25007e-01
 1.25003e-01
 1.25001e-01
 1.25000e-01
 1.25000e-01
 1.25000e-01
 1.25000e-01
 1.25000e-01
 1.00000e+00
 1.00000e+00
 1.00000e+00
 1.00000e+00
 1.00000e+00
 1.00000e+00
 1.00000e+00
 1.00000e+00
 1.00000e+00
 1.00000e+00
 1.00000e+00
 1.00000e+00
 1.00000e+00
 1.00000e+00
 1.00000e+00
 1.00000e+00
 1.00000e+00
 1.00000e+00
 9.99997e-01
 9.99987e-01
 9.99940e-01
 9.99749e-01
 9.99069e-01
 9.96968e-01
 9.91456e-01
 9.79441e-01
 9.58023e-01
 9.26686e-01
 8.87807e-01
 8.44677e-01
 7.99722e-01
 7.54370e-01
 7.09668e-01
 6.66353e-01
 6.24759e-01
 5.85532e-01
 5.49996e-01
 5.25832e-01
 5.18162e-01
 5.12495e-01
 5.07438e-01
 5.03053e-01
 5.02172e-01
 5.01121e-01
 5.00801e-01
 5.00786e-01
 5.00477e-01
 5.00107e-01
 5.00146e-01
 5.00223e-01
 5.00271e-01
 5.00260e-01
 5.00252e-01
 5.00279e-01
 5.00349e-01
 5.00429e-01
 5.00475e-01
 5.00517e-01
 5.00585e-01
 5.00665e-01
 5.00642e-01
 5.00411e-01
 4.99543e-01
 4.97167e-01
 4.91768e-01
 4.81107e-01
 4.62472e-01
 4.33414e-01
 3.92906e-01
 3.50415e-01
 3.24692e-01
 3.11577e-01
 3.06128e-01
 3.04885e-01
 3.05062e-01
 3.05552e-01
 3.05043e-01
 3.00995e-01
 2.89224e-01
 2.66094e-01
 2.32143e-01
 1.96485e-01
 1.68881e-01
 1.49650e-01
 1.37611e-01
 1.30869e-01
 1.27515e-01
 1.26017e-01
 1.25396e-01
 1.25151e-01
 1.25056e-01
 1.25021e-01
 1.25007e-01
 1.25003e-01
 1.25001e-01
 1.25000e-01
 1.25000e-01
 1.25000e-01
 1.25000e-01
 1.25000e-01
 1.00000e+00
 1.00000e+00
 1.00000e+00
 1.00000e+00
 1.00000e+00
 1.00000e+00
 1.00000e+00
 1.00000e+00
 1.00000e+00
 1.00000e+00
 1.00000e+00
 1.00000e+00
 1.00000e+00
 1.00000e+00
 1.00000e+00
 1.00000e+00
 1.00000e+00
 1.00000e+00
 9.99997e-01
 9.99987e-01
 9.99940e-01
 9.99749e-01
 9.99069e-01
 9.96968e-01
 9.91456e-01
 9.79441e-01
 9.58023e-01
 9.26686e-01
 8.87807e-01
 8.44677e-01
 7.99722e-01
 7.54370e-01
 7.09668e-01
 6.66353e-01
 6.24759e-01
 5.85532e-01
 5.49996e-01
 5.25832e-01
 5.18162e-01
 5.12495e-01
 5.07438e-01
 5.03053e-01
 5.02172e-01
 5.01121e-01
 5.00801e-01
 5.00786e-01
 5.00477e-01
 5.00107e-01
 5.00146e-01
 5.00223e-01
 5.00271e-01
 5.00260e-01
 5.00252e-01
 5.00279e-01
 5.00349e-01
 5.00429e-01
 5.00475e-01
 5.00517e-01
 5.00585e-01
 5.00665e-01
 5.00642e-01
 5.00411e-01
 4.99543e-01
 4.97167e-01
 4.91768e-01
 4.81107e-01
 4.62472e-01
 4.33414e-01
 3.92906e-01
 3.50415e-01
 3.24692e-01
 3.11577e-01
 3.06128e-01
 3.04885e-01
 3.05062e-01
 3.05552e-01
 3.05043e-01
 3.00995e-01
 2.89224e-01
 2.66094e-01
 2.32143e-01
 1.96485e-01
 1.68881e-01
 1.49650e-01
 1.37611e-01
 1.30869e-01
 1.27515e-01
 1.26017e-01
 1.25396e-01
 1.25151e-01
 1.25056e-01
 1.25021e-01
 1.25007e-01
 1.25003e-01
 1.25001e-01
 1.25000e-01
 1.25000e-01
 1.25000e-01
 1.25000e-01
 1.25000e-01
