1.0000000000000001E-05 1.9057000000000001E-02
2.0500000000000004E-05 1.9935999999999999E-02
3.1525000000000007E-05 2.0403999999999999E-02
4.3101250000000010E-05 2.1097000000000001E-02
5.5256312500000013E-05 1.8830000000000000E-02
6.8019128125000017E-05 2.0400999999999999E-02
8.1420084531250018E-05 2.1784000000000001E-02
9.5491088757812526E-05 1.9316000000000000E-02
1.1026564319570316E-04 2.0627000000000000E-02
1.2577892535548833E-04 2.2114999999999999E-02
1.4206787162326275E-04 1.9504000000000001E-02
1.5917126520442591E-04 2.0168999999999999E-02
1.7712982846464722E-04 2.2374000000000002E-02
1.9598631988787958E-04 1.9562000000000000E-02
2.1578563588227356E-04 2.0929000000000000E-02
2.3657491767638725E-04 1.8759999999999999E-02
2.5840366356020660E-04 1.9893000000000001E-02
2.8132384673821697E-04 2.1073999999999999E-02
3.0539003907512785E-04 1.9019000000000001E-02
3.3065954102888426E-04 2.0066000000000001E-02
3.5719251808032847E-04 2.0584000000000002E-02
3.8505214398434494E-04 2.1489999999999999E-02
4.1430475118356224E-04 1.8622000000000000E-02
4.4501998874274035E-04 2.0323000000000001E-02
4.7727098817987741E-04 2.1583999999999999E-02
5.1113453758887132E-04 1.8724000000000001E-02
5.4669126446831495E-04 2.0322000000000000E-02
5.8402582769173075E-04 2.1628999999999999E-02
6.2322711907631734E-04 1.9244000000000001E-02
6.6438847503013320E-04 1.9982000000000000E-02
7.0760789878163990E-04 2.1097999999999999E-02
7.5298829372072191E-04 1.9192000000000001E-02
8.0063770840675804E-04 2.0549999999999999E-02
8.5066959382709597E-04 2.1902999999999999E-02
9.0320307351845076E-04 1.8946000000000001E-02
9.5836322719437339E-04 2.0341000000000001E-02
1.0162813885540921E-03 2.1590000000000002E-02
1.0770954579817967E-03 1.9302000000000000E-02
1.1409502308808866E-03 2.0244000000000002E-02
1.2079977424249309E-03 2.1543000000000000E-02
1.2783976295461775E-03 1.8935000000000000E-02
1.3523175110234863E-03 2.0493000000000001E-02
1.4299333865746607E-03 2.2495999999999999E-02
1.5114300559033939E-03 1.9515000000000001E-02
1.5970015586985638E-03 2.0833000000000001E-02
1.6868516366334921E-03 1.8423999999999999E-02
1.7811942184651668E-03 1.9892000000000000E-02
1.8802539293884253E-03 2.0586000000000000E-02
1.9802539293884251E-03 2.1859000000000000E-02
2.0802539293884250E-03 3.5866000000000002E-02
2.1802539293884248E-03 2.2780000000000002E-02
2.2802539293884246E-03 1.9857000000000000E-02
2.3802539293884244E-03 2.1003000000000001E-02
2.4802539293884243E-03 2.2300000000000000E-02
2.5802539293884241E-03 1.9382000000000000E-02
2.6802539293884239E-03 2.0254999999999999E-02
2.7802539293884238E-03 2.1333999999999999E-02
2.8802539293884236E-03 1.9161999999999998E-02
2.9802539293884234E-03 2.0178000000000001E-02
3.0802539293884232E-03 2.2026000000000000E-02
3.1802539293884231E-03 1.8973000000000000E-02
3.2802539293884229E-03 2.0591000000000002E-02
3.3802539293884227E-03 2.2134999999999998E-02
3.4802539293884226E-03 1.9713000000000001E-02
3.5802539293884224E-03 2.0372000000000001E-02
3.6802539293884222E-03 1.8149999999999999E-02
3.7802539293884220E-03 1.9945000000000001E-02
3.8802539293884219E-03 2.1104000000000001E-02
3.9802539293884217E-03 2.2384999999999999E-02
4.0802539293884220E-03 1.9599999999999999E-02
4.1802539293884222E-03 2.1277000000000001E-02
4.2802539293884225E-03 1.8685000000000000E-02
4.3802539293884227E-03 2.0473999999999999E-02
4.4802539293884230E-03 2.1382999999999999E-02
4.5802539293884233E-03 1.9050999999999998E-02
4.6802539293884235E-03 2.0805000000000001E-02
4.7802539293884238E-03 2.1663999999999999E-02
4.8802539293884241E-03 1.9876999999999999E-02
4.9802539293884243E-03 2.0013000000000000E-02
5.0802539293884246E-03 2.1002000000000000E-02
5.1802539293884248E-03 1.8731000000000001E-02
5.2802539293884251E-03 2.0310999999999999E-02
5.3802539293884254E-03 2.1117000000000000E-02
5.4802539293884256E-03 1.8737000000000000E-02
5.5802539293884259E-03 2.0029999999999999E-02
5.6802539293884262E-03 2.1448999999999999E-02
5.7802539293884264E-03 2.1663000000000002E-02
5.8802539293884267E-03 1.8595000000000000E-02
5.9802539293884269E-03 2.0375000000000001E-02
6.0802539293884272E-03 2.1701999999999999E-02
6.1802539293884275E-03 1.8800000000000001E-02
6.2802539293884277E-03 2.0175999999999999E-02
6.3802539293884280E-03 2.1503999999999999E-02
6.4802539293884283E-03 1.9047000000000001E-02
6.5802539293884285E-03 2.0743000000000001E-02
6.6802539293884288E-03 2.1030000000000000E-02
6.7802539293884290E-03 1.9063000000000000E-02
6.8802539293884293E-03 2.0126999999999999E-02
6.9802539293884296E-03 2.0889000000000001E-02
7.0802539293884298E-03 3.4618000000000003E-02
7.1802539293884301E-03 2.2386000000000000E-02
7.2802539293884303E-03 1.9708000000000000E-02
7.3802539293884306E-03 2.1333999999999999E-02
7.4802539293884309E-03 2.2994000000000001E-02
7.5802539293884311E-03 1.9132000000000000E-02
7.6802539293884314E-03 2.1537000000000001E-02
7.7802539293884317E-03 1.8758000000000000E-02
7.8802539293884311E-03 2.0095999999999999E-02
7.9802539293884305E-03 2.1534999999999999E-02
8.0802539293884298E-03 1.9224999999999999E-02
8.1802539293884292E-03 2.0521000000000001E-02
8.2802539293884286E-03 2.2304000000000001E-02
8.3802539293884280E-03 1.8720000000000001E-02
8.4802539293884274E-03 2.0500000000000001E-02
8.5802539293884268E-03 2.1721000000000001E-02
8.6802539293884262E-03 1.8929999999999999E-02
8.7802539293884256E-03 2.0844999999999999E-02
8.8802539293884250E-03 2.1509000000000000E-02
8.9802539293884244E-03 1.8853000000000002E-02
9.0802539293884238E-03 2.0590000000000001E-02
9.1802539293884232E-03 2.2051999999999999E-02
9.2802539293884226E-03 2.2759999999999999E-02
9.3802539293884220E-03 1.9730999999999999E-02
9.4802539293884214E-03 2.1189000000000000E-02
9.5802539293884208E-03 1.9418999999999999E-02
9.6802539293884202E-03 2.0459000000000001E-02
9.7802539293884196E-03 2.1307000000000000E-02
9.8802539293884190E-03 1.9139000000000000E-02
9.9802539293884183E-03 2.0853000000000000E-02
1.0080253929388418E-02 2.2325000000000001E-02
1.0180253929388417E-02 1.9587000000000000E-02
1.0280253929388417E-02 2.1356000000000000E-02
1.0380253929388416E-02 1.8783999999999999E-02
1.0480253929388415E-02 2.0278999999999998E-02
1.0580253929388415E-02 2.2064000000000000E-02
1.0680253929388414E-02 1.9491999999999999E-02
1.0780253929388414E-02 2.1128999999999998E-02
1.0880253929388413E-02 1.8723000000000000E-02
1.0980253929388412E-02 2.0369000000000002E-02
1.1080253929388412E-02 2.1621999999999999E-02
1.1180253929388411E-02 1.9248000000000001E-02
1.1280253929388410E-02 2.0667999999999999E-02
1.1380253929388410E-02 1.8610999999999999E-02
1.1480253929388409E-02 1.9996000000000000E-02
1.1580253929388409E-02 2.1191999999999999E-02
1.1680253929388408E-02 1.8959000000000000E-02
1.1780253929388407E-02 2.0591000000000002E-02
1.1880253929388407E-02 2.1933000000000001E-02
1.1980253929388406E-02 1.9074000000000001E-02
1.2080253929388406E-02 3.2828000000000003E-02
1.2180253929388405E-02 2.1069999999999998E-02
1.2280253929388404E-02 2.2866999999999998E-02
1.2380253929388404E-02 1.9279999999999999E-02
1.2480253929388403E-02 2.0433000000000000E-02
1.2580253929388403E-02 2.2159999999999999E-02
1.2680253929388402E-02 1.9491000000000001E-02
1.2780253929388401E-02 2.0782999999999999E-02
1.2880253929388401E-02 2.1814000000000000E-02
1.2980253929388400E-02 1.9075999999999999E-02
1.3080253929388400E-02 2.0632000000000001E-02
1.3180253929388399E-02 2.2092000000000001E-02
1.3280253929388398E-02 1.8304999999999998E-02
1.3380253929388398E-02 2.0303999999999999E-02
1.3480253929388397E-02 2.1281999999999999E-02
1.3580253929388397E-02 2.2492000000000002E-02
1.3680253929388396E-02 1.9493000000000000E-02
1.3780253929388395E-02 2.0686000000000000E-02
1.3880253929388395E-02 2.1783000000000000E-02
1.3980253929388394E-02 1.9354000000000000E-02
1.4080253929388394E-02 2.0402000000000000E-02
1.4180253929388393E-02 2.1624999999999998E-02
1.4280253929388392E-02 2.2543000000000001E-02
1.4380253929388392E-02 1.9775999999999998E-02
1.4480253929388391E-02 2.1503999999999999E-02
1.4580253929388391E-02 2.2380000000000001E-02
1.4680253929388390E-02 1.9529000000000001E-02
1.4780253929388389E-02 2.1055999999999998E-02
1.4880253929388389E-02 2.2086000000000001E-02
1.4980253929388388E-02 1.9637999999999999E-02
1.5080253929388387E-02 2.0964000000000000E-02
1.5180253929388387E-02 2.1544000000000001E-02
1.5280253929388386E-02 1.9719000000000000E-02
1.5380253929388386E-02 2.0774000000000001E-02
1.5480253929388385E-02 2.1673000000000001E-02
1.5580253929388384E-02 1.9309000000000000E-02
1.5680253929388384E-02 2.0680000000000000E-02
1.5780253929388383E-02 2.1777000000000001E-02
1.5880253929388383E-02 1.9335000000000001E-02
1.5980253929388382E-02 2.0286999999999999E-02
1.6080253929388381E-02 2.1878000000000002E-02
1.6180253929388381E-02 1.8890000000000001E-02
1.6280253929388380E-02 2.0188999999999999E-02
1.6380253929388380E-02 2.1791000000000001E-02
1.6480253929388379E-02 2.2726000000000000E-02
1.6580253929388378E-02 1.9851000000000001E-02
1.6680253929388378E-02 2.1659000000000001E-02
1.6780253929388377E-02 1.8910000000000000E-02
1.6880253929388377E-02 2.0000000000000000E-02
1.6980253929388376E-02 2.1718000000000001E-02
1.7080253929388375E-02 3.4383999999999998E-02
1.7180253929388375E-02 2.1947999999999999E-02
1.7280253929388374E-02 1.9810999999999999E-02
1.7380253929388374E-02 2.1059000000000001E-02
1.7480253929388373E-02 1.8432000000000000E-02
1.7580253929388372E-02 2.0239000000000000E-02
1.7680253929388372E-02 2.1160999999999999E-02
1.7780253929388371E-02 2.2301000000000001E-02
1.7880253929388371E-02 1.9848999999999999E-02
1.7980253929388370E-02 2.0496000000000000E-02
1.8080253929388369E-02 2.2137000000000000E-02
1.8180253929388369E-02 1.8929999999999999E-02
1.8280253929388368E-02 2.0140999999999999E-02
1.8380253929388368E-02 2.1888000000000001E-02
1.8480253929388367E-02 2.3063000000000000E-02
1.8580253929388366E-02 1.9678000000000001E-02
1.8680253929388366E-02 2.1263000000000001E-02
1.8780253929388365E-02 1.8568999999999999E-02
1.8880253929388364E-02 2.0059000000000000E-02
1.8980253929388364E-02 2.0792000000000001E-02
1.9080253929388363E-02 2.1777000000000001E-02
1.9180253929388363E-02 1.9740000000000001E-02
1.9280253929388362E-02 2.0847000000000001E-02
1.9380253929388361E-02 2.1439000000000000E-02
1.9480253929388361E-02 1.8931000000000000E-02
1.9580253929388360E-02 2.0381000000000000E-02
1.9680253929388360E-02 2.1613000000000000E-02
1.9780253929388359E-02 2.3321999999999999E-02
1.9880253929388358E-02 1.9285000000000000E-02
1.9980253929388358E-02 2.1457000000000000E-02
2.0080253929388357E-02 1.8699000000000000E-02
2.0180253929388357E-02 2.0011999999999999E-02
2.0280253929388356E-02 2.1339000000000000E-02
2.0380253929388355E-02 2.2692000000000000E-02
2.0480253929388355E-02 1.9736000000000000E-02
2.0580253929388354E-02 2.1340999999999999E-02
2.0680253929388354E-02 2.2217000000000001E-02
2.0780253929388353E-02 1.9390000000000001E-02
2.0880253929388352E-02 2.0553999999999999E-02
2.0980253929388352E-02 2.1793000000000000E-02
2.1080253929388351E-02 1.9843000000000000E-02
2.1180253929388351E-02 2.0355000000000002E-02
2.1280253929388350E-02 2.1520000000000001E-02
2.1380253929388349E-02 1.9279999999999999E-02
2.1480253929388349E-02 2.0770000000000000E-02
2.1580253929388348E-02 2.1791999999999999E-02
2.1680253929388348E-02 2.2369000000000000E-02
2.1780253929388347E-02 1.9390000000000001E-02
2.1880253929388346E-02 2.1486999999999999E-02
2.1980253929388346E-02 2.2613999999999999E-02
2.2080253929388345E-02 3.5577999999999999E-02
2.2180253929388345E-02 1.9857000000000000E-02
2.2280253929388344E-02 2.1648000000000001E-02
2.2380253929388343E-02 2.2846999999999999E-02
2.2480253929388343E-02 1.9578000000000002E-02
2.2580253929388342E-02 2.0834999999999999E-02
2.2680253929388342E-02 1.8044999999999999E-02
2.2780253929388341E-02 2.0093000000000000E-02
2.2880253929388340E-02 2.0424999999999999E-02
2.2980253929388340E-02 2.1676000000000001E-02
2.3080253929388339E-02 1.9387999999999999E-02
2.3180253929388338E-02 2.0885999999999998E-02
2.3280253929388338E-02 2.1982999999999999E-02
2.3380253929388337E-02 1.9365000000000000E-02
2.3480253929388337E-02 2.0492000000000000E-02
2.3580253929388336E-02 2.1912999999999998E-02
2.3680253929388335E-02 2.3021000000000000E-02
2.3780253929388335E-02 1.9505000000000002E-02
2.3880253929388334E-02 2.1370000000000000E-02
2.3980253929388334E-02 1.8724000000000001E-02
2.4080253929388333E-02 2.0028000000000001E-02
2.4180253929388332E-02 2.1638999999999999E-02
2.4280253929388332E-02 2.2485000000000002E-02
2.4380253929388331E-02 1.9736000000000000E-02
2.4480253929388331E-02 2.0795999999999999E-02
2.4580253929388330E-02 2.2516999999999999E-02
2.4680253929388329E-02 1.9567000000000001E-02
2.4780253929388329E-02 2.0684999999999999E-02
2.4880253929388328E-02 2.1919000000000001E-02
2.4980253929388328E-02 1.9515000000000001E-02
2.5080253929388327E-02 2.0976999999999999E-02
2.5180253929388326E-02 2.1787999999999998E-02
2.5280253929388326E-02 1.9026000000000001E-02
2.5380253929388325E-02 2.0920999999999999E-02
2.5480253929388325E-02 2.2100999999999999E-02
2.5580253929388324E-02 1.9150000000000000E-02
2.5680253929388323E-02 2.0915000000000000E-02
2.5780253929388323E-02 2.2332999999999999E-02
2.5880253929388322E-02 1.9643999999999998E-02
2.5980253929388322E-02 2.0448000000000001E-02
2.6080253929388321E-02 2.1765000000000000E-02
2.6180253929388320E-02 1.9390999999999999E-02
2.6280253929388320E-02 2.0465000000000001E-02
2.6380253929388319E-02 2.1718999999999999E-02
2.6480253929388319E-02 1.8855000000000000E-02
2.6580253929388318E-02 2.0306999999999999E-02
2.6680253929388317E-02 2.1375999999999999E-02
2.6780253929388317E-02 2.1989999999999999E-02
2.6880253929388316E-02 1.8501000000000000E-02
2.6980253929388315E-02 2.0055000000000000E-02
2.7080253929388315E-02 3.2960000000000003E-02
2.7180253929388314E-02 2.1124000000000000E-02
2.7280253929388314E-02 2.1649000000000002E-02
2.7380253929388313E-02 1.8797999999999999E-02
2.7480253929388312E-02 2.0642000000000001E-02
2.7580253929388312E-02 2.1752000000000001E-02
2.7680253929388311E-02 2.2730000000000000E-02
2.7780253929388311E-02 1.9642000000000000E-02
2.7880253929388310E-02 2.1083000000000001E-02
2.7980253929388309E-02 2.2166000000000002E-02
2.8080253929388309E-02 1.9451000000000000E-02
2.8180253929388308E-02 2.0815000000000000E-02
2.8280253929388308E-02 2.2252000000000001E-02
2.8380253929388307E-02 1.9342000000000002E-02
2.8480253929388306E-02 2.0438000000000001E-02
2.8580253929388306E-02 2.1807000000000000E-02
2.8680253929388305E-02 1.9283000000000002E-02
2.8780253929388305E-02 2.0369999999999999E-02
2.8880253929388304E-02 2.1842000000000000E-02
2.8980253929388303E-02 1.9007000000000000E-02
2.9080253929388303E-02 1.9886999999999998E-02
2.9180253929388302E-02 2.0983000000000002E-02
2.9280253929388302E-02 1.8422000000000001E-02
2.9380253929388301E-02 1.9977000000000002E-02
2.9480253929388300E-02 2.0618000000000001E-02
2.9580253929388300E-02 2.1700000000000001E-02
2.9680253929388299E-02 1.9243000000000000E-02
2.9780253929388299E-02 2.0871000000000001E-02
2.9880253929388298E-02 2.1878000000000002E-02
2.9980253929388297E-02 2.2252999999999998E-02
3.0080253929388297E-02 1.9864000000000000E-02
3.0180253929388296E-02 2.1337999999999999E-02
3.0280253929388296E-02 2.2346000000000001E-02
3.0380253929388295E-02 1.9598999999999998E-02
3.0480253929388294E-02 2.0767999999999998E-02
3.0580253929388294E-02 2.2265000000000000E-02
3.0680253929388293E-02 1.9334000000000000E-02
3.0780253929388292E-02 2.0503000000000000E-02
3.0880253929388292E-02 2.1656999999999999E-02
3.0980253929388291E-02 2.2915999999999999E-02
3.1080253929388291E-02 1.9883000000000001E-02
3.1180253929388290E-02 2.1492000000000001E-02
3.1280253929388289E-02 2.2464000000000001E-02
3.1380253929388292E-02 1.9361000000000000E-02
3.1480253929388295E-02 2.0507999999999998E-02
3.1580253929388298E-02 2.2055000000000002E-02
3.1680253929388301E-02 2.2828000000000001E-02
3.1780253929388304E-02 1.9653000000000000E-02
3.1880253929388307E-02 2.0826000000000001E-02
3.1980253929388310E-02 1.8591000000000000E-02
3.2080253929388312E-02 3.6005000000000002E-02
3.2180253929388315E-02 1.9706000000000001E-02
3.2280253929388318E-02 2.1174999999999999E-02
3.2380253929388321E-02 2.1852000000000000E-02
3.2480253929388324E-02 2.2815999999999999E-02
3.2580253929388327E-02 1.9757000000000000E-02
3.2680253929388330E-02 2.1219999999999999E-02
3.2780253929388332E-02 2.2276000000000001E-02
3.2880253929388335E-02 1.9845999999999999E-02
3.2980253929388338E-02 2.0726000000000001E-02
3.3080253929388341E-02 2.2068999999999998E-02
3.3180253929388344E-02 1.9036000000000001E-02
3.3280253929388347E-02 2.0611000000000001E-02
3.3380253929388350E-02 2.1672000000000000E-02
3.3480253929388352E-02 2.2643000000000000E-02
3.3580253929388355E-02 1.9706000000000001E-02
3.3680253929388358E-02 2.1359000000000000E-02
3.3780253929388361E-02 2.2671000000000000E-02
3.3880253929388364E-02 1.9330000000000000E-02
3.3980253929388367E-02 2.0313999999999999E-02
3.4080253929388370E-02 2.1908000000000000E-02
3.4180253929388373E-02 1.9540999999999999E-02
3.4280253929388375E-02 2.0049999999999998E-02
3.4380253929388378E-02 2.1115999999999999E-02
3.4480253929388381E-02 1.8832000000000002E-02
3.4580253929388384E-02 1.9955000000000001E-02
3.4680253929388387E-02 2.0978000000000000E-02
3.4780253929388390E-02 2.1978000000000001E-02
3.4880253929388393E-02 1.9198000000000000E-02
3.4980253929388395E-02 2.0535000000000001E-02
3.5080253929388398E-02 2.1540000000000000E-02
3.5180253929388401E-02 1.8780000000000002E-02
3.5280253929388404E-02 2.0150999999999999E-02
3.5380253929388407E-02 2.1245000000000000E-02
3.5480253929388410E-02 2.2197999999999999E-02
3.5580253929388413E-02 1.9727000000000001E-02
3.5680253929388416E-02 2.0435999999999999E-02
3.5780253929388418E-02 2.1564000000000000E-02
3.5880253929388421E-02 1.8672000000000001E-02
3.5980253929388424E-02 2.0118000000000000E-02
3.6080253929388427E-02 2.1120000000000000E-02
3.6180253929388430E-02 2.2259000000000001E-02
3.6280253929388433E-02 1.9213999999999998E-02
3.6380253929388436E-02 2.0167000000000001E-02
3.6480253929388438E-02 2.1042999999999999E-02
3.6580253929388441E-02 2.1992999999999999E-02
3.6680253929388444E-02 1.8967000000000001E-02
3.6780253929388447E-02 2.0497000000000001E-02
3.6880253929388450E-02 2.1878000000000002E-02
3.6980253929388453E-02 1.8810000000000000E-02
3.7080253929388456E-02 3.2259999999999997E-02
3.7180253929388458E-02 2.0070999999999999E-02
3.7280253929388461E-02 2.1042000000000002E-02
3.7380253929388464E-02 2.2374999999999999E-02
3.7480253929388467E-02 1.9252999999999999E-02
3.7580253929388470E-02 2.0579000000000000E-02
3.7680253929388473E-02 2.2039000000000000E-02
3.7780253929388476E-02 2.2883000000000001E-02
3.7880253929388479E-02 1.9834999999999998E-02
3.7980253929388481E-02 2.1215999999999999E-02
3.8080253929388484E-02 2.1801000000000001E-02
3.8180253929388487E-02 2.3032000000000000E-02
3.8280253929388490E-02 1.9747000000000001E-02
3.8380253929388493E-02 2.1009000000000000E-02
3.8480253929388496E-02 1.8800000000000001E-02
3.8580253929388499E-02 1.9959999999999999E-02
3.8680253929388501E-02 2.0708000000000001E-02
3.8780253929388504E-02 2.2166000000000002E-02
3.8880253929388507E-02 1.9394000000000002E-02
3.8980253929388510E-02 2.0705999999999999E-02
3.9080253929388513E-02 2.1172000000000000E-02
3.9180253929388516E-02 1.8138999999999999E-02
3.9280253929388519E-02 2.0055000000000000E-02
3.9380253929388521E-02 2.1073999999999999E-02
3.9480253929388524E-02 2.2266000000000001E-02
3.9580253929388527E-02 1.9122000000000000E-02
3.9680253929388530E-02 2.0565000000000000E-02
3.9780253929388533E-02 2.1187999999999999E-02
3.9880253929388536E-02 2.2644000000000001E-02
3.9980253929388539E-02 1.8727000000000001E-02
4.0080253929388542E-02 2.0701000000000001E-02
4.0180253929388544E-02 2.1672000000000000E-02
4.0280253929388547E-02 2.2848000000000000E-02
4.0380253929388550E-02 1.9757000000000000E-02
4.0480253929388553E-02 2.1128000000000001E-02
4.0580253929388556E-02 2.2318999999999999E-02
4.0680253929388559E-02 1.9785000000000001E-02
4.0780253929388562E-02 2.0572000000000000E-02
4.0880253929388564E-02 2.1919999999999999E-02
4.0980253929388567E-02 1.8827000000000000E-02
4.1080253929388570E-02 1.9880999999999999E-02
4.1180253929388573E-02 2.1663000000000002E-02
4.1280253929388576E-02 2.2321000000000001E-02
4.1380253929388579E-02 1.9453000000000002E-02
4.1480253929388582E-02 2.0930000000000001E-02
4.1580253929388584E-02 2.2484000000000001E-02
4.1680253929388587E-02 1.9649000000000000E-02
4.1780253929388590E-02 2.0553999999999999E-02
4.1880253929388593E-02 2.1791000000000001E-02
4.1980253929388596E-02 1.9118000000000000E-02
4.2080253929388599E-02 3.2210000000000003E-02
4.2180253929388602E-02 2.0114000000000000E-02
4.2280253929388605E-02 2.1224000000000000E-02
4.2380253929388607E-02 1.8799000000000000E-02
4.2480253929388610E-02 2.0167000000000001E-02
4.2580253929388613E-02 2.0816000000000001E-02
4.2680253929388616E-02 2.2411000000000000E-02
4.2780253929388619E-02 1.9511000000000001E-02
4.2880253929388622E-02 2.0990999999999999E-02
4.2980253929388625E-02 2.1665000000000000E-02
4.3080253929388627E-02 1.8787999999999999E-02
4.3180253929388630E-02 2.0414999999999999E-02
4.3280253929388633E-02 2.1455999999999999E-02
4.3380253929388636E-02 2.2676999999999999E-02
4.3480253929388639E-02 1.9834999999999998E-02
4.3580253929388642E-02 2.1070999999999999E-02
4.3680253929388645E-02 2.2255000000000000E-02
4.3780253929388648E-02 1.9757000000000000E-02
4.3880253929388650E-02 2.0154999999999999E-02
4.3980253929388653E-02 2.2165000000000001E-02
4.4080253929388656E-02 2.2759999999999999E-02
4.4180253929388659E-02 1.9776999999999999E-02
4.4280253929388662E-02 2.1323999999999999E-02
4.4380253929388665E-02 2.2327000000000000E-02
4.4480253929388668E-02 1.9240000000000000E-02
4.4580253929388670E-02 2.0767000000000001E-02
4.4680253929388673E-02 2.1793000000000000E-02
4.4780253929388676E-02 1.8874999999999999E-02
4.4880253929388679E-02 2.0493999999999998E-02
4.4980253929388682E-02 2.1017999999999998E-02
4.5080253929388685E-02 1.8738000000000001E-02
4.5180253929388688E-02 1.9963000000000002E-02
4.5280253929388690E-02 2.0506000000000000E-02
4.5380253929388693E-02 2.2030999999999999E-02
4.5480253929388696E-02 1.9473000000000001E-02
4.5580253929388699E-02 2.0601999999999999E-02
4.5680253929388702E-02 2.1937999999999999E-02
4.5780253929388705E-02 1.8901000000000001E-02
4.5880253929388708E-02 2.0329000000000000E-02
4.5980253929388711E-02 2.1076000000000001E-02
4.6080253929388713E-02 2.1715000000000002E-02
4.6180253929388716E-02 1.9168999999999999E-02
4.6280253929388719E-02 2.0545000000000001E-02
4.6380253929388722E-02 2.1648000000000001E-02
4.6480253929388725E-02 1.9241000000000001E-02
4.6580253929388728E-02 2.0216999999999999E-02
4.6680253929388731E-02 2.1326000000000001E-02
4.6780253929388733E-02 2.2748999999999998E-02
4.6880253929388736E-02 1.9503000000000000E-02
4.6980253929388739E-02 2.0726000000000001E-02
4.7080253929388742E-02 3.3610000000000001E-02
4.7180253929388745E-02 2.1861999999999999E-02
4.7280253929388748E-02 1.8889000000000000E-02
4.7380253929388751E-02 2.0254000000000001E-02
4.7480253929388753E-02 2.1232999999999998E-02
4.7580253929388756E-02 2.2667000000000000E-02
4.7680253929388759E-02 1.9779000000000001E-02
4.7780253929388762E-02 2.0504999999999999E-02
4.7880253929388765E-02 2.2127999999999998E-02
4.7980253929388768E-02 1.9401999999999999E-02
4.8080253929388771E-02 2.0518000000000002E-02
4.8180253929388774E-02 2.1989000000000002E-02
4.8280253929388776E-02 2.2599000000000001E-02
4.8380253929388779E-02 1.9522000000000001E-02
4.8480253929388782E-02 2.0674999999999999E-02
4.8580253929388785E-02 2.1232000000000001E-02
4.8680253929388788E-02 2.2130000000000000E-02
4.8780253929388791E-02 1.9026000000000001E-02
4.8880253929388794E-02 2.0275999999999999E-02
4.8980253929388796E-02 2.1822000000000001E-02
4.9080253929388799E-02 1.9199999999999998E-02
4.9180253929388802E-02 2.0042000000000001E-02
4.9280253929388805E-02 2.1576999999999999E-02
4.9380253929388808E-02 1.8713000000000000E-02
4.9480253929388811E-02 2.0163000000000000E-02
4.9580253929388814E-02 2.0802999999999999E-02
4.9680253929388817E-02 2.1861999999999999E-02
4.9780253929388819E-02 1.9660000000000000E-02
4.9880253929388822E-02 2.0771000000000001E-02
4.9980253929388825E-02 2.1728000000000001E-02
5.0080253929388828E-02 1.8849000000000001E-02
5.0180253929388831E-02 2.0178000000000001E-02
5.0280253929388834E-02 2.1278999999999999E-02
5.0380253929388837E-02 2.2741000000000001E-02
5.0480253929388839E-02 1.9550999999999999E-02
5.0580253929388842E-02 2.1120000000000000E-02
5.0680253929388845E-02 2.2040000000000001E-02
5.0780253929388848E-02 1.9109999999999999E-02
5.0880253929388851E-02 2.0504999999999999E-02
5.0980253929388854E-02 2.1912999999999998E-02
5.1080253929388857E-02 1.8964000000000002E-02
5.1180253929388859E-02 2.0641000000000000E-02
5.1280253929388862E-02 2.1632999999999999E-02
5.1380253929388865E-02 2.2461999999999999E-02
5.1480253929388868E-02 1.9236000000000000E-02
5.1580253929388871E-02 2.0364000000000000E-02
5.1680253929388874E-02 2.2098000000000000E-02
5.1780253929388877E-02 1.8794000000000002E-02
5.1880253929388880E-02 1.9937000000000000E-02
5.1980253929388882E-02 2.1464000000000000E-02
5.2080253929388885E-02 3.4602000000000001E-02
5.2180253929388888E-02 2.2114999999999999E-02
5.2280253929388891E-02 1.9328000000000001E-02
5.2380253929388894E-02 2.0362999999999999E-02
5.2480253929388897E-02 2.1541000000000001E-02
5.2580253929388900E-02 2.2690999999999999E-02
5.2680253929388902E-02 1.9418999999999999E-02
5.2780253929388905E-02 2.0402000000000000E-02
5.2880253929388908E-02 2.1218999999999998E-02
5.2980253929388911E-02 2.2668000000000001E-02
5.3080253929388914E-02 1.9612999999999998E-02
5.3180253929388917E-02 2.0628000000000001E-02
5.3280253929388920E-02 2.1763999999999999E-02
5.3380253929388922E-02 1.9251000000000001E-02
5.3480253929388925E-02 2.0271999999999998E-02
5.3580253929388928E-02 2.1468999999999999E-02
5.3680253929388931E-02 1.8332000000000001E-02
5.3780253929388934E-02 1.9997999999999998E-02
5.3880253929388937E-02 2.1189000000000000E-02
5.3980253929388940E-02 2.1906999999999999E-02
5.4080253929388943E-02 1.9505999999999999E-02
5.4180253929388945E-02 2.0764000000000001E-02
5.4280253929388948E-02 2.1944000000000002E-02
5.4380253929388951E-02 1.8956000000000001E-02
5.4480253929388954E-02 2.0514000000000001E-02
5.4580253929388957E-02 2.1708999999999999E-02
5.4680253929388960E-02 1.8876000000000000E-02
5.4780253929388963E-02 2.0074000000000002E-02
5.4880253929388965E-02 2.1464000000000000E-02
5.4980253929388968E-02 1.8849999999999999E-02
5.5080253929388971E-02 1.9893999999999998E-02
5.5180253929388974E-02 2.0864000000000001E-02
5.5280253929388977E-02 2.2265000000000000E-02
5.5380253929388980E-02 1.9526000000000002E-02
5.5480253929388983E-02 2.0760000000000001E-02
5.5580253929388986E-02 2.2298999999999999E-02
5.5680253929388988E-02 1.9116000000000001E-02
5.5780253929388991E-02 2.0624000000000000E-02
5.5880253929388994E-02 2.1403999999999999E-02
5.5980253929388997E-02 2.2641000000000001E-02
5.6080253929389000E-02 1.9732000000000000E-02
5.6180253929389003E-02 2.0499000000000000E-02
5.6280253929389006E-02 2.1628000000000001E-02
5.6380253929389008E-02 1.8367000000000001E-02
5.6480253929389011E-02 2.0029000000000002E-02
5.6580253929389014E-02 2.0892000000000001E-02
5.6680253929389017E-02 2.1676000000000001E-02
5.6780253929389020E-02 1.8956000000000001E-02
5.6880253929389023E-02 2.0358999999999999E-02
5.6980253929389026E-02 2.1297000000000000E-02
5.7080253929389028E-02 3.3579999999999999E-02
5.7180253929389031E-02 2.1128000000000001E-02
5.7280253929389034E-02 2.1895999999999999E-02
5.7380253929389037E-02 1.9286000000000001E-02
5.7480253929389040E-02 2.0365000000000001E-02
5.7580253929389043E-02 2.1215999999999999E-02
5.7680253929389046E-02 2.2585999999999998E-02
5.7780253929389049E-02 1.9251000000000001E-02
5.7880253929389051E-02 2.0376999999999999E-02
5.7980253929389054E-02 2.1256000000000001E-02
5.8080253929389057E-02 2.2228999999999999E-02
5.8180253929389060E-02 1.9751000000000001E-02
5.8280253929389063E-02 2.0489000000000000E-02
5.8380253929389066E-02 2.1385999999999999E-02
5.8480253929389069E-02 2.2810000000000000E-02
5.8580253929389071E-02 1.9890000000000001E-02
5.8680253929389074E-02 2.0823999999999999E-02
5.8780253929389077E-02 2.2072999999999999E-02
5.8880253929389080E-02 1.8228000000000001E-02
5.8980253929389083E-02 2.0288000000000000E-02
5.9080253929389086E-02 2.1181999999999999E-02
5.9180253929389089E-02 2.2044000000000001E-02
5.9280253929389091E-02 1.9394000000000002E-02
5.9380253929389094E-02 2.0455000000000001E-02
5.9480253929389097E-02 2.1323000000000002E-02
5.9580253929389100E-02 2.2460000000000001E-02
5.9680253929389103E-02 1.9210999999999999E-02
5.9780253929389106E-02 2.0707000000000000E-02
5.9880253929389109E-02 2.1437000000000001E-02
5.9980253929389112E-02 2.2298999999999999E-02
6.0080253929389114E-02 1.9446999999999999E-02
6.0180253929389117E-02 2.0500000000000001E-02
6.0280253929389120E-02 2.1350000000000001E-02
6.0380253929389123E-02 2.2827000000000000E-02
6.0480253929389126E-02 1.9302000000000000E-02
6.0580253929389129E-02 2.0770000000000000E-02
6.0680253929389132E-02 2.1717000000000000E-02
6.0780253929389134E-02 1.8416999999999999E-02
6.0880253929389137E-02 2.0187000000000000E-02
6.0980253929389140E-02 2.1448999999999999E-02
6.1080253929389143E-02 2.2273000000000001E-02
6.1180253929389146E-02 1.9689000000000002E-02
6.1280253929389149E-02 2.0802999999999999E-02
6.1380253929389152E-02 2.1666999999999999E-02
6.1480253929389155E-02 2.2844000000000000E-02
6.1580253929389157E-02 1.9216000000000000E-02
6.1680253929389160E-02 2.1111000000000001E-02
6.1780253929389163E-02 2.1575000000000000E-02
6.1880253929389166E-02 2.2470000000000000E-02
6.1980253929389169E-02 1.9879000000000001E-02
6.2080253929389172E-02 3.3064999999999997E-02
6.2180253929389175E-02 2.0532000000000002E-02
6.2280253929389177E-02 2.1760999999999999E-02
6.2380253929389180E-02 2.2662999999999999E-02
6.2480253929389183E-02 1.9699000000000001E-02
6.2580253929389179E-02 2.1232999999999998E-02
6.2680253929389182E-02 2.2478000000000001E-02
6.2780253929389185E-02 1.9376000000000001E-02
6.2880253929389188E-02 2.0395000000000000E-02
6.2980253929389191E-02 2.1810000000000000E-02
6.3080253929389193E-02 2.2807999999999998E-02
6.3180253929389196E-02 1.9737000000000001E-02
6.3280253929389199E-02 2.1124000000000000E-02
6.3380253929389202E-02 2.2519999999999998E-02
6.3480253929389205E-02 1.9203999999999999E-02
6.3580253929389208E-02 2.0320000000000001E-02
6.3680253929389211E-02 2.1222999999999999E-02
6.3780253929389213E-02 2.2644000000000001E-02
6.3880253929389216E-02 1.9646000000000000E-02
6.3980253929389219E-02 2.0389999999999998E-02
6.4080253929389222E-02 2.1621000000000001E-02
6.4180253929389225E-02 2.2796000000000000E-02
6.4280253929389228E-02 1.9635000000000000E-02
6.4380253929389231E-02 2.0535000000000001E-02
6.4480253929389234E-02 2.1947999999999999E-02
6.4580253929389236E-02 1.9438000000000000E-02
6.4680253929389239E-02 2.0664999999999999E-02
6.4780253929389242E-02 2.1831000000000000E-02
6.4880253929389245E-02 1.9105000000000000E-02
6.4980253929389248E-02 2.0618999999999998E-02
6.5080253929389251E-02 2.1839999999999998E-02
6.5180253929389254E-02 1.8853999999999999E-02
6.5280253929389256E-02 2.0219000000000001E-02
6.5380253929389259E-02 2.1566999999999999E-02
6.5480253929389262E-02 1.8801999999999999E-02
6.5580253929389265E-02 2.0331999999999999E-02
6.5680253929389268E-02 2.0996999999999998E-02
6.5780253929389271E-02 2.2098000000000000E-02
6.5880253929389274E-02 1.9219000000000000E-02
6.5980253929389276E-02 2.0615999999999999E-02
6.6080253929389279E-02 2.2162000000000001E-02
6.6180253929389282E-02 1.9279000000000001E-02
6.6280253929389285E-02 2.0649000000000001E-02
6.6380253929389288E-02 2.1913999999999999E-02
6.6480253929389291E-02 1.9313000000000000E-02
6.6580253929389294E-02 2.0327000000000001E-02
6.6680253929389297E-02 2.1600999999999999E-02
6.6780253929389299E-02 1.8873000000000001E-02
6.6880253929389302E-02 2.0289999999999999E-02
6.6980253929389305E-02 2.1666000000000001E-02
6.7080253929389308E-02 3.4433999999999999E-02
6.7180253929389311E-02 2.2506000000000002E-02
6.7280253929389314E-02 1.9352000000000001E-02
6.7380253929389317E-02 2.0546999999999999E-02
6.7480253929389319E-02 2.1555999999999999E-02
6.7580253929389322E-02 1.8606000000000001E-02
6.7680253929389325E-02 1.9934000000000000E-02
6.7780253929389328E-02 2.1430000000000001E-02
6.7880253929389331E-02 2.2165000000000001E-02
6.7980253929389334E-02 1.9590000000000000E-02
6.8080253929389337E-02 2.0833000000000001E-02
6.8180253929389339E-02 2.2362000000000000E-02
6.8280253929389342E-02 1.9224999999999999E-02
6.8380253929389345E-02 2.0288000000000000E-02
6.8480253929389348E-02 2.1565999999999998E-02
6.8580253929389351E-02 1.8867999999999999E-02
6.8680253929389354E-02 2.0107000000000000E-02
6.8780253929389357E-02 2.1328000000000000E-02
6.8880253929389360E-02 2.2752999999999999E-02
6.8980253929389362E-02 1.9772000000000001E-02
6.9080253929389365E-02 2.0650000000000002E-02
6.9180253929389368E-02 2.1699000000000000E-02
6.9280253929389371E-02 2.2884000000000002E-02
6.9380253929389374E-02 1.9792000000000001E-02
6.9480253929389377E-02 2.0646999999999999E-02
6.9580253929389380E-02 2.1635999999999999E-02
6.9680253929389382E-02 2.2706000000000000E-02
6.9780253929389385E-02 1.9418000000000001E-02
6.9880253929389388E-02 2.0513000000000000E-02
6.9980253929389391E-02 2.1548999999999999E-02
7.0080253929389394E-02 2.2509000000000001E-02
7.0180253929389397E-02 1.9293000000000001E-02
7.0280253929389400E-02 2.0243000000000001E-02
7.0380253929389403E-02 2.1627000000000000E-02
7.0480253929389405E-02 2.2297999999999998E-02
7.0580253929389408E-02 1.9268000000000000E-02
7.0680253929389411E-02 2.0448000000000001E-02
7.0780253929389414E-02 2.0601999999999999E-02
7.0880253929389417E-02 2.2320000000000000E-02
7.0980253929389420E-02 2.2623999999999998E-02
7.1080253929389423E-02 1.9255999999999999E-02
7.1180253929389425E-02 2.0683000000000000E-02
7.1280253929389428E-02 2.1833000000000002E-02
7.1380253929389431E-02 2.2245999999999998E-02
7.1480253929389434E-02 1.9615000000000000E-02
7.1580253929389437E-02 1.9942000000000001E-02
7.1680253929389440E-02 2.1901000000000000E-02
7.1780253929389443E-02 2.2372000000000000E-02
7.1880253929389445E-02 1.9099000000000001E-02
7.1980253929389448E-02 2.0669000000000000E-02
7.2080253929389451E-02 3.3909000000000002E-02
7.2180253929389454E-02 2.1457000000000000E-02
7.2280253929389457E-02 1.8887000000000001E-02
7.2380253929389460E-02 1.9930000000000000E-02
7.2480253929389463E-02 2.0146000000000001E-02
7.2580253929389466E-02 2.1468999999999999E-02
7.2680253929389468E-02 2.2554000000000001E-02
7.2780253929389471E-02 1.9524000000000000E-02
7.2880253929389474E-02 2.1004999999999999E-02
7.2980253929389477E-02 2.1991000000000000E-02
7.3080253929389480E-02 1.8766000000000001E-02
7.3180253929389483E-02 2.0459000000000001E-02
7.3280253929389486E-02 2.0804000000000000E-02
7.3380253929389488E-02 2.2492999999999999E-02
7.3480253929389491E-02 2.2249000000000001E-02
7.3580253929389494E-02 1.9000000000000000E-02
7.3680253929389497E-02 2.0286999999999999E-02
7.3780253929389500E-02 2.1080000000000002E-02
7.3880253929389503E-02 2.2109000000000000E-02
7.3980253929389506E-02 2.2852000000000001E-02
7.4080253929389508E-02 1.9803000000000001E-02
7.4180253929389511E-02 2.0899000000000001E-02
7.4280253929389514E-02 2.1218999999999998E-02
7.4380253929389517E-02 2.1610000000000001E-02
7.4480253929389520E-02 2.2422000000000001E-02
7.4580253929389523E-02 1.9668999999999999E-02
7.4680253929389526E-02 2.0649000000000001E-02
7.4780253929389529E-02 2.1543000000000000E-02
7.4880253929389531E-02 1.9057000000000001E-02
7.4980253929389534E-02 2.0279999999999999E-02
7.5080253929389537E-02 2.1117000000000000E-02
7.5180253929389540E-02 2.2166999999999999E-02
7.5280253929389543E-02 1.8599999999999998E-02
7.5380253929389546E-02 2.0410000000000001E-02
7.5480253929389549E-02 2.1087999999999999E-02
7.5580253929389551E-02 2.2148000000000001E-02
7.5680253929389554E-02 1.9332999999999999E-02
7.5780253929389557E-02 2.0677999999999998E-02
7.5880253929389560E-02 2.1333999999999999E-02
7.5980253929389563E-02 2.2307000000000000E-02
7.6080253929389566E-02 1.8945000000000000E-02
7.6180253929389569E-02 2.0854000000000001E-02
7.6280253929389571E-02 2.1656000000000002E-02
7.6380253929389574E-02 2.2475999999999999E-02
7.6480253929389577E-02 1.9743000000000000E-02
7.6580253929389580E-02 2.0723999999999999E-02
7.6680253929389583E-02 2.1534000000000001E-02
7.6780253929389586E-02 2.2884000000000002E-02
7.6880253929389589E-02 1.9823000000000000E-02
7.6980253929389592E-02 2.0995000000000000E-02
7.7080253929389594E-02 3.3980000000000003E-02
7.7180253929389597E-02 2.2179999999999998E-02
7.7280253929389600E-02 1.9137000000000001E-02
7.7380253929389603E-02 2.0317000000000002E-02
7.7480253929389606E-02 2.1767999999999999E-02
7.7580253929389609E-02 1.8873000000000001E-02
7.7680253929389612E-02 2.0206999999999999E-02
7.7780253929389614E-02 2.0958000000000001E-02
7.7880253929389617E-02 2.2610000000000002E-02
7.7980253929389620E-02 1.9755000000000002E-02
7.8080253929389623E-02 2.0851999999999999E-02
7.8180253929389626E-02 2.2405000000000001E-02
7.8280253929389629E-02 1.9181000000000000E-02
7.8380253929389632E-02 2.0275999999999999E-02
7.8480253929389635E-02 2.1586000000000001E-02
7.8580253929389637E-02 2.2676000000000002E-02
7.8680253929389640E-02 1.9557000000000001E-02
7.8780253929389643E-02 2.0649000000000001E-02
7.8880253929389646E-02 2.1569000000000001E-02
7.8980253929389649E-02 1.9436999999999999E-02
7.9080253929389652E-02 2.0326000000000000E-02
7.9180253929389655E-02 2.1006000000000000E-02
7.9280253929389657E-02 2.2447000000000002E-02
7.9380253929389660E-02 1.9831999999999999E-02
7.9480253929389663E-02 2.1092000000000000E-02
7.9580253929389666E-02 2.2002000000000001E-02
7.9680253929389669E-02 1.8779000000000001E-02
7.9780253929389672E-02 2.0292999999999999E-02
7.9880253929389675E-02 2.1215000000000001E-02
7.9980253929389677E-02 2.2317000000000000E-02
8.0080253929389680E-02 1.9118000000000000E-02
8.0180253929389683E-02 2.0348999999999999E-02
8.0280253929389686E-02 2.1426000000000001E-02
8.0380253929389689E-02 2.2699000000000000E-02
8.0480253929389692E-02 1.9481999999999999E-02
8.0580253929389695E-02 2.1018999999999999E-02
8.0680253929389698E-02 2.2060000000000000E-02
8.0780253929389700E-02 1.8991999999999998E-02
8.0880253929389703E-02 2.0364000000000000E-02
8.0980253929389706E-02 2.1166999999999998E-02
8.1080253929389709E-02 2.2144000000000000E-02
8.1180253929389712E-02 1.9434000000000000E-02
8.1280253929389715E-02 2.0511999999999999E-02
8.1380253929389718E-02 2.1149999999999999E-02
8.1480253929389720E-02 2.2296000000000000E-02
8.1580253929389723E-02 1.8721999999999999E-02
8.1680253929389726E-02 2.0230000000000001E-02
8.1780253929389729E-02 2.0794000000000000E-02
8.1880253929389732E-02 2.1593999999999999E-02
8.1980253929389735E-02 2.2959000000000000E-02
8.2080253929389738E-02 3.5778999999999998E-02
8.2180253929389740E-02 1.8926999999999999E-02
8.2280253929389743E-02 2.0139000000000001E-02
8.2380253929389746E-02 2.1014999999999999E-02
8.2480253929389749E-02 2.2120999999999998E-02
8.2580253929389752E-02 1.9449999999999999E-02
8.2680253929389755E-02 2.0712999999999999E-02
8.2780253929389758E-02 2.1499999999999998E-02
8.2880253929389761E-02 2.2179999999999998E-02
8.2980253929389763E-02 1.9153000000000000E-02
8.3080253929389766E-02 2.0049999999999998E-02
8.3180253929389769E-02 2.0761999999999999E-02
8.3280253929389772E-02 2.2092000000000001E-02
8.3380253929389775E-02 2.3008000000000001E-02
8.3480253929389778E-02 1.9814999999999999E-02
8.3580253929389781E-02 2.0566000000000001E-02
8.3680253929389783E-02 2.1361999999999999E-02
8.3780253929389786E-02 2.2700000000000001E-02
8.3880253929389789E-02 1.9630000000000002E-02
8.3980253929389792E-02 2.0428999999999999E-02
8.4080253929389795E-02 2.1805000000000001E-02
8.4180253929389798E-02 2.2190000000000001E-02
8.4280253929389801E-02 1.9810000000000001E-02
8.4380253929389804E-02 2.0448000000000001E-02
8.4480253929389806E-02 2.1274999999999999E-02
8.4580253929389809E-02 1.8884000000000001E-02
8.4680253929389812E-02 1.9911999999999999E-02
8.4780253929389815E-02 2.0320000000000001E-02
8.4880253929389818E-02 2.1492000000000001E-02
8.4980253929389821E-02 2.2703000000000001E-02
8.5080253929389824E-02 1.9813000000000001E-02
8.5180253929389826E-02 2.1153000000000002E-02
8.5280253929389829E-02 2.1076000000000001E-02
8.5380253929389832E-02 2.2581000000000000E-02
8.5480253929389835E-02 1.9258999999999998E-02
8.5580253929389838E-02 2.0139000000000001E-02
8.5680253929389841E-02 2.1000000000000001E-02
8.5780253929389844E-02 2.2134999999999998E-02
8.5880253929389846E-02 1.9075000000000002E-02
8.5980253929389849E-02 2.0532000000000002E-02
8.6080253929389852E-02 2.0659000000000000E-02
8.6180253929389855E-02 2.2445000000000000E-02
8.6280253929389858E-02 1.9192000000000001E-02
8.6380253929389861E-02 2.0091999999999999E-02
8.6480253929389864E-02 2.1344999999999999E-02
8.6580253929389867E-02 2.2508000000000000E-02
8.6680253929389869E-02 1.9453999999999999E-02
8.6780253929389872E-02 2.0864000000000001E-02
8.6880253929389875E-02 2.1659999999999999E-02
8.6980253929389878E-02 2.2894999999999999E-02
8.7080253929389881E-02 3.5632999999999998E-02
8.7180253929389884E-02 2.3171000000000001E-02
8.7280253929389887E-02 1.9726000000000000E-02
8.7380253929389889E-02 2.0139000000000001E-02
8.7480253929389892E-02 2.1371999999999999E-02
8.7580253929389895E-02 2.2363999999999998E-02
8.7680253929389898E-02 1.9203999999999999E-02
8.7780253929389901E-02 2.0642000000000001E-02
8.7880253929389904E-02 2.1802999999999999E-02
8.7980253929389907E-02 2.2577000000000000E-02
8.8080253929389909E-02 1.9542000000000000E-02
8.8180253929389912E-02 2.0386999999999999E-02
8.8280253929389915E-02 2.1510999999999999E-02
8.8380253929389918E-02 2.2506000000000002E-02
8.8480253929389921E-02 1.9240000000000000E-02
8.8580253929389924E-02 2.0393999999999999E-02
8.8680253929389927E-02 2.0844000000000001E-02
8.8780253929389930E-02 2.1742000000000001E-02
8.8880253929389932E-02 2.2862000000000000E-02
8.8980253929389935E-02 1.9084000000000000E-02
8.9080253929389938E-02 2.0360000000000000E-02
8.9180253929389941E-02 2.0879000000000002E-02
8.9280253929389944E-02 2.1704999999999999E-02
8.9380253929389947E-02 1.8735999999999999E-02
8.9480253929389950E-02 1.9946999999999999E-02
8.9580253929389952E-02 2.0600000000000000E-02
8.9680253929389955E-02 2.1741000000000000E-02
8.9780253929389958E-02 2.2047000000000001E-02
8.9880253929389961E-02 1.9709999999999998E-02
8.9980253929389964E-02 2.0105999999999999E-02
9.0080253929389967E-02 2.0969000000000002E-02
9.0180253929389970E-02 2.2231000000000001E-02
9.0280253929389973E-02 2.3283999999999999E-02
9.0380253929389975E-02 1.9695000000000001E-02
9.0480253929389978E-02 2.0846000000000000E-02
9.0580253929389981E-02 2.1610999999999998E-02
9.0680253929389984E-02 2.2797000000000001E-02
9.0780253929389987E-02 1.9429999999999999E-02
9.0880253929389990E-02 2.0112999999999999E-02
9.0980253929389993E-02 2.1430000000000001E-02
9.1080253929389995E-02 2.2447999999999999E-02
9.1180253929389998E-02 1.9132000000000000E-02
9.1280253929390001E-02 2.0115999999999998E-02
9.1380253929390004E-02 2.0933000000000000E-02
9.1480253929390007E-02 2.2081000000000000E-02
9.1580253929390010E-02 2.2679999999999999E-02
9.1680253929390013E-02 1.9397000000000001E-02
9.1780253929390015E-02 2.0079000000000000E-02
9.1880253929390018E-02 2.1396999999999999E-02
9.1980253929390021E-02 2.2211999999999999E-02
9.2080253929390024E-02 3.4646999999999997E-02
9.2180253929390027E-02 2.1932000000000000E-02
9.2280253929390030E-02 1.9047999999999999E-02
9.2380253929390033E-02 2.0136000000000001E-02
9.2480253929390036E-02 2.0903999999999999E-02
9.2580253929390038E-02 2.1853000000000001E-02
9.2680253929390041E-02 2.2228999999999999E-02
9.2780253929390044E-02 1.9716000000000001E-02
9.2880253929390047E-02 2.0388000000000000E-02
9.2980253929390050E-02 2.0801000000000000E-02
9.3080253929390053E-02 2.1860999999999998E-02
9.3180253929390056E-02 2.3009000000000002E-02
9.3280253929390058E-02 1.9741000000000002E-02
9.3380253929390061E-02 2.0410000000000001E-02
9.3480253929390064E-02 2.1478000000000001E-02
9.3580253929390067E-02 2.2485999999999999E-02
9.3680253929390070E-02 2.2875000000000000E-02
9.3780253929390073E-02 1.9675000000000002E-02
9.3880253929390076E-02 2.0485000000000000E-02
9.3980253929390078E-02 2.1652999999999999E-02
9.4080253929390081E-02 2.2522000000000000E-02
9.4180253929390084E-02 1.9137000000000001E-02
9.4280253929390087E-02 2.0175999999999999E-02
9.4380253929390090E-02 2.1135000000000001E-02
9.4480253929390093E-02 2.2026000000000000E-02
9.4580253929390096E-02 2.2717000000000001E-02
9.4680253929390099E-02 1.9365000000000000E-02
9.4780253929390101E-02 2.0728000000000000E-02
9.4880253929390104E-02 2.1589000000000001E-02
9.4980253929390107E-02 2.2218000000000002E-02
9.5080253929390110E-02 1.9233000000000000E-02
9.5180253929390113E-02 2.0143999999999999E-02
9.5280253929390116E-02 2.0903000000000001E-02
9.5380253929390119E-02 2.1395999999999998E-02
9.5480253929390121E-02 2.1909999999999999E-02
9.5580253929390124E-02 2.2810000000000000E-02
9.5680253929390127E-02 1.9838999999999999E-02
9.5780253929390130E-02 2.0171000000000001E-02
9.5880253929390133E-02 2.1148000000000000E-02
9.5980253929390136E-02 2.1749999999999999E-02
9.6080253929390139E-02 2.2661000000000001E-02
9.6180253929390142E-02 2.3141999999999999E-02
9.6280253929390144E-02 1.9488999999999999E-02
9.6380253929390147E-02 2.0619999999999999E-02
9.6480253929390150E-02 2.1011999999999999E-02
9.6580253929390153E-02 2.1562000000000001E-02
9.6680253929390156E-02 2.2542000000000000E-02
9.6780253929390159E-02 1.9321000000000001E-02
9.6880253929390162E-02 2.0098000000000001E-02
9.6980253929390164E-02 2.0822000000000000E-02
9.7080253929390167E-02 3.3260999999999999E-02
9.7180253929390170E-02 2.0858999999999999E-02
9.7280253929390173E-02 2.1236000000000001E-02
9.7380253929390176E-02 2.2696000000000001E-02
9.7480253929390179E-02 1.9525000000000001E-02
9.7580253929390182E-02 2.0275999999999999E-02
9.7680253929390184E-02 2.1027000000000001E-02
9.7780253929390187E-02 2.1788999999999999E-02
9.7880253929390190E-02 2.2620999999999999E-02
9.7980253929390193E-02 2.3646000000000000E-02
9.8080253929390196E-02 1.9831000000000001E-02
9.8180253929390199E-02 2.1257999999999999E-02
9.8280253929390202E-02 2.1892999999999999E-02
9.8380253929390205E-02 2.2589000000000001E-02
9.8480253929390207E-02 1.9569000000000000E-02
9.8580253929390210E-02 2.0858999999999999E-02
9.8680253929390213E-02 2.1457000000000000E-02
9.8780253929390216E-02 2.2492999999999999E-02
9.8880253929390219E-02 1.9071000000000001E-02
9.8980253929390222E-02 2.0330000000000001E-02
9.9080253929390225E-02 2.1347999999999999E-02
9.9180253929390227E-02 2.2405999999999999E-02
9.9280253929390230E-02 1.9779000000000001E-02
9.9380253929390233E-02 2.1003999999999998E-02
9.9480253929390236E-02 2.2058999999999999E-02
9.9580253929390239E-02 1.9278000000000000E-02
9.9680253929390242E-02 2.0091999999999999E-02
9.9780253929390245E-02 2.1876000000000000E-02
9.9880253929390247E-02 2.2445000000000000E-02
9.9980253929390250E-02 1.9463000000000001E-02
1.0008025392939025E-01 2.0473999999999999E-02
1.0018025392939026E-01 2.1638999999999999E-02
1.0028025392939026E-01 2.2353999999999999E-02
1.0038025392939026E-01 1.9629000000000001E-02
1.0048025392939026E-01 2.0530000000000000E-02
1.0058025392939027E-01 2.1980000000000000E-02
1.0068025392939027E-01 2.2859000000000001E-02
1.0078025392939027E-01 1.9675000000000002E-02
1.0088025392939028E-01 2.1437000000000001E-02
1.0098025392939028E-01 2.2393000000000000E-02
1.0108025392939028E-01 1.9587000000000000E-02
1.0118025392939028E-01 2.0875999999999999E-02
1.0128025392939029E-01 2.2076999999999999E-02
1.0138025392939029E-01 1.9303000000000001E-02
1.0148025392939029E-01 2.0614000000000000E-02
1.0158025392939030E-01 2.1389999999999999E-02
1.0168025392939030E-01 2.2897000000000001E-02
1.0178025392939030E-01 1.9650000000000001E-02
1.0188025392939030E-01 2.0624000000000000E-02
1.0198025392939031E-01 2.1749999999999999E-02
1.0208025392939031E-01 3.4500999999999997E-02
1.0218025392939031E-01 2.1651000000000000E-02
1.0228025392939032E-01 2.2845000000000001E-02
1.0238025392939032E-01 1.9521000000000000E-02
1.0248025392939032E-01 1.9941000000000000E-02
1.0258025392939032E-01 2.1333000000000001E-02
1.0268025392939033E-01 2.2491000000000001E-02
1.0278025392939033E-01 2.3227000000000001E-02
1.0288025392939033E-01 1.9722000000000000E-02
1.0298025392939034E-01 2.0976000000000002E-02
1.0308025392939034E-01 2.2065000000000001E-02
1.0318025392939034E-01 2.2928000000000000E-02
1.0328025392939034E-01 1.9793000000000002E-02
1.0338025392939035E-01 2.0167999999999998E-02
1.0348025392939035E-01 2.1496999999999999E-02
1.0358025392939035E-01 2.2213000000000000E-02
1.0368025392939036E-01 2.2939999999999999E-02
1.0378025392939036E-01 1.9765000000000001E-02
1.0388025392939036E-01 2.0846000000000000E-02
1.0398025392939036E-01 2.1659999999999999E-02
1.0408025392939037E-01 2.2790000000000001E-02
1.0418025392939037E-01 1.8679999999999999E-02
1.0428025392939037E-01 2.0348999999999999E-02
1.0438025392939038E-01 2.0691999999999999E-02
1.0448025392939038E-01 2.1302999999999999E-02
1.0458025392939038E-01 2.1982999999999999E-02
1.0468025392939038E-01 1.8936999999999999E-02
1.0478025392939039E-01 1.9914999999999999E-02
1.0488025392939039E-01 2.1069999999999998E-02
1.0498025392939039E-01 2.1499999999999998E-02
1.0508025392939040E-01 2.2360000000000001E-02
1.0518025392939040E-01 2.2852000000000001E-02
1.0528025392939040E-01 1.9415000000000002E-02
1.0538025392939041E-01 2.0500999999999998E-02
1.0548025392939041E-01 2.1208000000000001E-02
1.0558025392939041E-01 2.2088000000000000E-02
1.0568025392939041E-01 1.9252999999999999E-02
1.0578025392939042E-01 2.0244000000000002E-02
1.0588025392939042E-01 2.1266000000000000E-02
1.0598025392939042E-01 2.1988000000000001E-02
1.0608025392939043E-01 1.8918000000000001E-02
1.0618025392939043E-01 2.0240000000000001E-02
1.0628025392939043E-01 2.1437000000000001E-02
1.0638025392939043E-01 2.2047000000000001E-02
1.0648025392939044E-01 2.3199999999999998E-02
1.0658025392939044E-01 1.9792000000000001E-02
1.0668025392939044E-01 2.0660999999999999E-02
1.0678025392939045E-01 2.1132000000000001E-02
1.0688025392939045E-01 2.1982999999999999E-02
1.0698025392939045E-01 1.8727000000000001E-02
1.0708025392939045E-01 3.6130000000000002E-02
1.0718025392939046E-01 2.2787000000000002E-02
1.0728025392939046E-01 1.9609000000000001E-02
1.0738025392939046E-01 2.0355999999999999E-02
1.0748025392939047E-01 2.1402000000000001E-02
1.0758025392939047E-01 2.2013000000000001E-02
1.0768025392939047E-01 1.9421999999999998E-02
1.0778025392939047E-01 1.9914000000000001E-02
1.0788025392939048E-01 2.0764999999999999E-02
1.0798025392939048E-01 2.1850000000000001E-02
1.0808025392939048E-01 2.2801999999999999E-02
1.0818025392939049E-01 1.9560000000000001E-02
1.0828025392939049E-01 2.0635000000000001E-02
1.0838025392939049E-01 2.1212000000000002E-02
1.0848025392939049E-01 2.2509000000000001E-02
1.0858025392939050E-01 1.9265000000000001E-02
1.0868025392939050E-01 2.0348000000000002E-02
1.0878025392939050E-01 2.1610000000000001E-02
1.0888025392939051E-01 2.2377000000000001E-02
1.0898025392939051E-01 1.9313000000000000E-02
1.0908025392939051E-01 2.0499000000000000E-02
1.0918025392939051E-01 2.1687999999999999E-02
1.0928025392939052E-01 1.8817000000000000E-02
1.0938025392939052E-01 1.9997999999999998E-02
1.0948025392939052E-01 2.0891000000000000E-02
1.0958025392939053E-01 2.2568999999999999E-02
1.0968025392939053E-01 1.9623000000000002E-02
1.0978025392939053E-01 2.0544000000000000E-02
1.0988025392939053E-01 2.1762000000000000E-02
1.0998025392939054E-01 2.2883000000000001E-02
1.1008025392939054E-01 1.9567999999999999E-02
1.1018025392939054E-01 2.0629999999999999E-02
1.1028025392939055E-01 2.1292999999999999E-02
1.1038025392939055E-01 2.2432000000000001E-02
1.1048025392939055E-01 1.9084000000000000E-02
1.1058025392939055E-01 2.0049000000000001E-02
1.1068025392939056E-01 2.0948000000000001E-02
1.1078025392939056E-01 2.1984000000000000E-02
1.1088025392939056E-01 2.2842999999999999E-02
1.1098025392939057E-01 1.9515000000000001E-02
1.1108025392939057E-01 2.0583000000000001E-02
1.1118025392939057E-01 2.1666999999999999E-02
1.1128025392939057E-01 2.2349000000000001E-02
1.1138025392939058E-01 1.9286000000000001E-02
1.1148025392939058E-01 2.0473999999999999E-02
1.1158025392939058E-01 2.1561000000000000E-02
1.1168025392939059E-01 2.2197999999999999E-02
1.1178025392939059E-01 1.8898000000000002E-02
1.1188025392939059E-01 2.0227999999999999E-02
1.1198025392939059E-01 2.1045000000000001E-02
1.1208025392939060E-01 3.3943000000000001E-02
1.1218025392939060E-01 2.1604999999999999E-02
1.1228025392939060E-01 2.2256000000000001E-02
1.1238025392939061E-01 1.8668000000000001E-02
1.1248025392939061E-01 2.0312000000000000E-02
1.1258025392939061E-01 2.1096000000000000E-02
1.1268025392939061E-01 2.1998000000000000E-02
1.1278025392939062E-01 2.3071000000000001E-02
1.1288025392939062E-01 1.9890000000000001E-02
1.1298025392939062E-01 2.0767000000000001E-02
1.1308025392939063E-01 2.1956000000000000E-02
1.1318025392939063E-01 2.2537999999999999E-02
1.1328025392939063E-01 1.9526999999999999E-02
1.1338025392939063E-01 2.0223999999999999E-02
1.1348025392939064E-01 2.1139000000000002E-02
1.1358025392939064E-01 2.2505000000000001E-02
1.1368025392939064E-01 1.9217000000000001E-02
1.1378025392939065E-01 2.0115000000000001E-02
1.1388025392939065E-01 2.1124000000000000E-02
1.1398025392939065E-01 2.2155999999999999E-02
1.1408025392939065E-01 2.3092999999999999E-02
1.1418025392939066E-01 1.9765000000000001E-02
1.1428025392939066E-01 2.0520000000000000E-02
1.1438025392939066E-01 2.1724000000000000E-02
1.1448025392939067E-01 2.2855000000000000E-02
1.1458025392939067E-01 1.9796999999999999E-02
1.1468025392939067E-01 2.0954000000000000E-02
1.1478025392939067E-01 2.2249000000000001E-02
1.1488025392939068E-01 1.9413000000000000E-02
1.1498025392939068E-01 2.0119999999999999E-02
1.1508025392939068E-01 2.1281000000000001E-02
1.1518025392939069E-01 2.2459000000000000E-02
1.1528025392939069E-01 1.9598000000000001E-02
1.1538025392939069E-01 2.0629000000000002E-02
1.1548025392939069E-01 2.1464000000000000E-02
1.1558025392939070E-01 2.2807000000000001E-02
1.1568025392939070E-01 1.9841999999999999E-02
1.1578025392939070E-01 2.0912000000000000E-02
1.1588025392939071E-01 2.1954999999999999E-02
1.1598025392939071E-01 1.9001000000000001E-02
1.1608025392939071E-01 2.0153999999999998E-02
1.1618025392939071E-01 2.1387000000000000E-02
1.1628025392939072E-01 2.1961000000000001E-02
1.1638025392939072E-01 2.2912999999999999E-02
1.1648025392939072E-01 1.9713999999999999E-02
1.1658025392939073E-01 2.0660999999999999E-02
1.1668025392939073E-01 2.2270999999999999E-02
1.1678025392939073E-01 2.2748000000000001E-02
1.1688025392939073E-01 1.9588000000000001E-02
1.1698025392939074E-01 2.0903000000000001E-02
1.1708025392939074E-01 3.3910000000000003E-02
1.1718025392939074E-01 2.0403999999999999E-02
1.1728025392939075E-01 2.1474000000000000E-02
1.1738025392939075E-01 2.1918000000000000E-02
1.1748025392939075E-01 2.2575999999999999E-02
1.1758025392939075E-01 1.9500000000000000E-02
1.1768025392939076E-01 2.0552000000000001E-02
1.1778025392939076E-01 2.1248000000000000E-02
1.1788025392939076E-01 2.2078000000000000E-02
1.1798025392939077E-01 1.8855000000000000E-02
1.1808025392939077E-01 2.0018999999999999E-02
1.1818025392939077E-01 2.0743999999999999E-02
1.1828025392939077E-01 2.1715000000000002E-02
1.1838025392939078E-01 2.2679000000000001E-02
1.1848025392939078E-01 1.9629000000000001E-02
1.1858025392939078E-01 2.0438999999999999E-02
1.1868025392939079E-01 2.1162000000000000E-02
1.1878025392939079E-01 2.2263000000000002E-02
1.1888025392939079E-01 1.9219000000000000E-02
1.1898025392939079E-01 2.0209999999999999E-02
1.1908025392939080E-01 2.1073999999999999E-02
1.1918025392939080E-01 2.1645999999999999E-02
1.1928025392939080E-01 2.2917000000000000E-02
1.1938025392939081E-01 1.9653000000000000E-02
1.1948025392939081E-01 2.0601999999999999E-02
1.1958025392939081E-01 2.1797000000000000E-02
1.1968025392939081E-01 2.2785000000000000E-02
1.1978025392939082E-01 1.9193000000000002E-02
1.1988025392939082E-01 2.0671999999999999E-02
1.1998025392939082E-01 2.0868999999999999E-02
1.2008025392939083E-01 2.2530999999999999E-02
1.2018025392939083E-01 1.9061000000000002E-02
1.2028025392939083E-01 2.0057999999999999E-02
1.2038025392939083E-01 2.1177999999999999E-02
1.2048025392939084E-01 2.2121999999999999E-02
1.2058025392939084E-01 2.2751000000000000E-02
1.2068025392939084E-01 1.9789000000000001E-02
1.2078025392939085E-01 2.0566000000000001E-02
1.2088025392939085E-01 2.1751000000000000E-02
1.2098025392939085E-01 2.2114999999999999E-02
1.2108025392939085E-01 2.2571000000000001E-02
1.2118025392939086E-01 1.9834999999999998E-02
1.2128025392939086E-01 2.0937999999999998E-02
1.2138025392939086E-01 2.1715000000000002E-02
1.2148025392939087E-01 2.2294999999999999E-02
1.2158025392939087E-01 1.8782000000000000E-02
1.2168025392939087E-01 2.0013000000000000E-02
1.2178025392939087E-01 2.0414999999999999E-02
1.2188025392939088E-01 2.1146000000000002E-02
1.2198025392939088E-01 2.2248000000000000E-02
1.2208025392939088E-01 3.5282000000000001E-02
1.2218025392939089E-01 2.2560000000000000E-02
1.2228025392939089E-01 2.3514000000000000E-02
1.2238025392939089E-01 1.9241999999999999E-02
1.2248025392939089E-01 2.0299999999999999E-02
1.2258025392939090E-01 2.0337999999999998E-02
1.2268025392939090E-01 2.1527000000000001E-02
1.2278025392939090E-01 2.2023999999999998E-02
1.2288025392939091E-01 1.8811000000000001E-02
1.2298025392939091E-01 2.0028000000000001E-02
1.2308025392939091E-01 2.1087999999999999E-02
1.2318025392939091E-01 2.1229999999999999E-02
1.2328025392939092E-01 2.2162000000000001E-02
1.2338025392939092E-01 2.2169999999999999E-02
1.2348025392939092E-01 2.3771000000000000E-02
1.2358025392939093E-01 1.9746000000000000E-02
1.2368025392939093E-01 2.0496000000000000E-02
1.2378025392939093E-01 2.1222999999999999E-02
1.2388025392939093E-01 2.2232999999999999E-02
1.2398025392939094E-01 2.2054000000000001E-02
1.2408025392939094E-01 2.2655999999999999E-02
1.2418025392939094E-01 1.9392000000000000E-02
1.2428025392939095E-01 2.0445000000000001E-02
1.2438025392939095E-01 2.0747999999999999E-02
1.2448025392939095E-01 2.0833999999999998E-02
1.2458025392939095E-01 2.1135000000000001E-02
1.2468025392939096E-01 2.2780000000000002E-02
1.2478025392939096E-01 2.2830000000000000E-02
1.2488025392939096E-01 1.9342000000000002E-02
1.2498025392939097E-01 2.0216999999999999E-02
1.2508025392939096E-01 2.0871000000000001E-02
1.2518025392939094E-01 2.1330999999999999E-02
1.2528025392939093E-01 2.2013000000000001E-02
1.2538025392939092E-01 2.2057000000000000E-02
1.2548025392939091E-01 2.3414000000000001E-02
1.2558025392939090E-01 2.3532999999999998E-02
1.2568025392939089E-01 1.9831000000000001E-02
1.2578025392939088E-01 2.0496000000000000E-02
1.2588025392939087E-01 2.0725000000000000E-02
1.2598025392939086E-01 2.1536000000000000E-02
1.2608025392939085E-01 2.1954999999999999E-02
1.2618025392939083E-01 2.2651000000000001E-02
1.2628025392939082E-01 1.9153000000000000E-02
1.2638025392939081E-01 1.9907000000000001E-02
1.2648025392939080E-01 2.0466999999999999E-02
1.2658025392939079E-01 2.0882999999999999E-02
1.2668025392939078E-01 2.1978000000000001E-02
1.2678025392939077E-01 2.2644999999999998E-02
1.2688025392939076E-01 2.3156000000000000E-02
1.2698025392939075E-01 1.9796999999999999E-02
1.2708025392939074E-01 3.6482000000000001E-02
1.2718025392939072E-01 1.8957999999999999E-02
1.2728025392939071E-01 2.0109999999999999E-02
1.2738025392939070E-01 2.0337999999999998E-02
1.2748025392939069E-01 2.0778000000000001E-02
1.2758025392939068E-01 2.1253000000000001E-02
1.2768025392939067E-01 2.2738999999999999E-02
1.2778025392939066E-01 2.2696999999999998E-02
1.2788025392939065E-01 1.9226000000000000E-02
1.2798025392939064E-01 2.0131000000000000E-02
1.2808025392939063E-01 2.1082000000000000E-02
1.2818025392939061E-01 2.1499000000000001E-02
1.2828025392939060E-01 2.2110999999999999E-02
1.2838025392939059E-01 2.1943000000000001E-02
1.2848025392939058E-01 2.3053000000000001E-02
1.2858025392939057E-01 1.9550000000000001E-02
1.2868025392939056E-01 2.0036999999999999E-02
1.2878025392939055E-01 2.0919000000000000E-02
1.2888025392939054E-01 2.2006999999999999E-02
1.2898025392939053E-01 2.2214000000000001E-02
1.2908025392939051E-01 2.2546000000000000E-02
1.2918025392939050E-01 1.9363999999999999E-02
1.2928025392939049E-01 2.0497999999999999E-02
1.2938025392939048E-01 2.0830999999999999E-02
1.2948025392939047E-01 2.1312999999999999E-02
1.2958025392939046E-01 2.1368999999999999E-02
1.2968025392939045E-01 2.2787000000000002E-02
1.2978025392939044E-01 2.3182000000000001E-02
1.2988025392939043E-01 1.9503000000000000E-02
1.2998025392939042E-01 2.0119999999999999E-02
1.3008025392939040E-01 2.1059000000000001E-02
1.3018025392939039E-01 2.1294000000000000E-02
1.3028025392939038E-01 2.2256000000000001E-02
1.3038025392939037E-01 2.1725000000000001E-02
1.3048025392939036E-01 2.2606999999999999E-02
1.3058025392939035E-01 2.3071999999999999E-02
1.3068025392939034E-01 1.9866000000000002E-02
1.3078025392939033E-01 2.0877000000000000E-02
1.3088025392939032E-01 2.1035000000000002E-02
1.3098025392939031E-01 2.1731000000000000E-02
1.3108025392939029E-01 2.2194999999999999E-02
1.3118025392939028E-01 2.3120000000000002E-02
1.3128025392939027E-01 1.9421999999999998E-02
1.3138025392939026E-01 2.0181999999999999E-02
1.3148025392939025E-01 2.0785000000000001E-02
1.3158025392939024E-01 2.1472000000000002E-02
1.3168025392939023E-01 2.2294000000000001E-02
1.3178025392939022E-01 2.2814999999999998E-02
1.3188025392939021E-01 1.9342999999999999E-02
1.3198025392939020E-01 2.0397999999999999E-02
1.3208025392939018E-01 3.6837000000000002E-02
1.3218025392939017E-01 1.9483000000000000E-02
1.3228025392939016E-01 2.0580000000000001E-02
1.3238025392939015E-01 2.0848999999999999E-02
1.3248025392939014E-01 2.1131000000000000E-02
1.3258025392939013E-01 2.1925000000000000E-02
1.3268025392939012E-01 2.3130999999999999E-02
1.3278025392939011E-01 1.9348000000000001E-02
1.3288025392939010E-01 1.9900999999999999E-02
1.3298025392939009E-01 2.0475000000000000E-02
1.3308025392939007E-01 2.1527000000000001E-02
1.3318025392939006E-01 2.1807000000000000E-02
1.3328025392939005E-01 2.2140000000000000E-02
1.3338025392939004E-01 2.2345000000000000E-02
1.3348025392939003E-01 1.9651999999999999E-02
1.3358025392939002E-01 2.0126999999999999E-02
1.3368025392939001E-01 2.0791000000000000E-02
1.3378025392939000E-01 2.1689000000000000E-02
1.3388025392938999E-01 2.2120999999999998E-02
1.3398025392938998E-01 1.8912000000000002E-02
1.3408025392938996E-01 1.9973999999999999E-02
1.3418025392938995E-01 1.9931999999999998E-02
1.3428025392938994E-01 2.0337000000000001E-02
1.3438025392938993E-01 2.0996000000000001E-02
1.3448025392938992E-01 2.1603000000000001E-02
1.3458025392938991E-01 2.2204000000000002E-02
1.3468025392938990E-01 2.2603999999999999E-02
1.3478025392938989E-01 1.9414000000000001E-02
1.3488025392938988E-01 2.0067000000000002E-02
1.3498025392938987E-01 2.1037000000000000E-02
1.3508025392938985E-01 2.0771000000000001E-02
1.3518025392938984E-01 2.1699000000000000E-02
1.3528025392938983E-01 2.1987000000000000E-02
1.3538025392938982E-01 2.2533000000000001E-02
1.3548025392938981E-01 1.9174000000000000E-02
1.3558025392938980E-01 1.9923000000000000E-02
1.3568025392938979E-01 2.0413000000000001E-02
1.3578025392938978E-01 2.1368000000000002E-02
1.3588025392938977E-01 2.1756000000000001E-02
1.3598025392938975E-01 2.2290999999999998E-02
1.3608025392938974E-01 2.2655000000000002E-02
1.3618025392938973E-01 1.9174000000000000E-02
1.3628025392938972E-01 2.0230000000000001E-02
1.3638025392938971E-01 2.0676000000000000E-02
1.3648025392938970E-01 2.0969000000000002E-02
1.3658025392938969E-01 2.1510000000000001E-02
1.3668025392938968E-01 2.2460999999999998E-02
1.3678025392938967E-01 2.3179999999999999E-02
1.3688025392938966E-01 1.9514000000000000E-02
1.3698025392938964E-01 2.0499000000000000E-02
1.3708025392938963E-01 3.6450000000000003E-02
1.3718025392938962E-01 1.9078000000000001E-02
1.3728025392938961E-01 2.0029000000000002E-02
1.3738025392938960E-01 2.0922000000000000E-02
1.3748025392938959E-01 2.1441999999999999E-02
1.3758025392938958E-01 2.2172000000000001E-02
1.3768025392938957E-01 2.2669000000000002E-02
1.3778025392938956E-01 1.9689000000000002E-02
1.3788025392938955E-01 2.0122999999999999E-02
1.3798025392938953E-01 2.1142999999999999E-02
1.3808025392938952E-01 2.1295000000000001E-02
1.3818025392938951E-01 2.2310000000000000E-02
1.3828025392938950E-01 2.2752999999999999E-02
1.3838025392938949E-01 2.2610000000000002E-02
1.3848025392938948E-01 2.3161999999999999E-02
1.3858025392938947E-01 1.9732000000000000E-02
1.3868025392938946E-01 2.0027000000000000E-02
1.3878025392938945E-01 2.0975000000000001E-02
1.3888025392938944E-01 2.1302999999999999E-02
1.3898025392938942E-01 2.2398999999999999E-02
1.3908025392938941E-01 2.2394000000000001E-02
1.3918025392938940E-01 2.2728000000000002E-02
1.3928025392938939E-01 1.9590000000000000E-02
1.3938025392938938E-01 2.0382999999999998E-02
1.3948025392938937E-01 2.0504999999999999E-02
1.3958025392938936E-01 2.0891000000000000E-02
1.3968025392938935E-01 2.1715000000000002E-02
1.3978025392938934E-01 2.2187999999999999E-02
1.3988025392938933E-01 2.2301000000000001E-02
1.3998025392938931E-01 2.2384000000000001E-02
1.4008025392938930E-01 1.8651999999999998E-02
1.4018025392938929E-01 1.9872999999999998E-02
1.4028025392938928E-01 2.0035000000000001E-02
1.4038025392938927E-01 2.0514999999999999E-02
1.4048025392938926E-01 2.1288999999999999E-02
1.4058025392938925E-01 2.1802999999999999E-02
1.4068025392938924E-01 2.2162999999999999E-02
1.4078025392938923E-01 2.3036000000000001E-02
1.4088025392938922E-01 1.9325999999999999E-02
1.4098025392938920E-01 2.0195000000000001E-02
1.4108025392938919E-01 2.0355999999999999E-02
1.4118025392938918E-01 2.1214000000000000E-02
1.4128025392938917E-01 2.1017999999999998E-02
1.4138025392938916E-01 2.2327000000000000E-02
1.4148025392938915E-01 2.2551999999999999E-02
1.4158025392938914E-01 1.9046000000000000E-02
1.4168025392938913E-01 1.9997000000000001E-02
1.4178025392938912E-01 2.0801000000000000E-02
1.4188025392938911E-01 2.0730999999999999E-02
1.4198025392938909E-01 2.1756000000000001E-02
1.4208025392938908E-01 3.4001000000000003E-02
1.4218025392938907E-01 2.0853000000000000E-02
1.4228025392938906E-01 2.0906000000000001E-02
1.4238025392938905E-01 2.1663000000000002E-02
1.4248025392938904E-01 2.1798999999999999E-02
1.4258025392938903E-01 2.1280000000000000E-02
1.4268025392938902E-01 2.1923999999999999E-02
1.4278025392938901E-01 2.2613999999999999E-02
1.4288025392938900E-01 2.2620000000000001E-02
1.4298025392938898E-01 2.3605999999999999E-02
1.4308025392938897E-01 1.9841999999999999E-02
1.4318025392938896E-01 2.0872999999999999E-02
1.4328025392938895E-01 2.1028000000000002E-02
1.4338025392938894E-01 2.1359000000000000E-02
1.4348025392938893E-01 2.2159999999999999E-02
1.4358025392938892E-01 2.2637999999999998E-02
1.4368025392938891E-01 2.2842999999999999E-02
1.4378025392938890E-01 1.9130000000000001E-02
1.4388025392938888E-01 1.9921000000000001E-02
1.4398025392938887E-01 2.0525000000000002E-02
1.4408025392938886E-01 2.0760000000000001E-02
1.4418025392938885E-01 2.1802999999999999E-02
1.4428025392938884E-01 2.1586000000000001E-02
1.4438025392938883E-01 2.2859000000000001E-02
1.4448025392938882E-01 2.2780999999999999E-02
1.4458025392938881E-01 1.9154000000000001E-02
1.4468025392938880E-01 2.0102999999999999E-02
1.4478025392938879E-01 2.1145000000000001E-02
1.4488025392938877E-01 2.1120000000000000E-02
1.4498025392938876E-01 2.1880000000000000E-02
1.4508025392938875E-01 2.2204999999999999E-02
1.4518025392938874E-01 2.3092000000000001E-02
1.4528025392938873E-01 2.3144999999999999E-02
1.4538025392938872E-01 2.3532000000000001E-02
1.4548025392938871E-01 1.9859000000000002E-02
1.4558025392938870E-01 2.1410999999999999E-02
1.4568025392938869E-01 2.1430999999999999E-02
1.4578025392938868E-01 2.2015000000000000E-02
1.4588025392938866E-01 2.2815999999999999E-02
1.4598025392938865E-01 1.9859000000000002E-02
1.4608025392938864E-01 1.9913000000000000E-02
1.4618025392938863E-01 2.0559000000000001E-02
1.4628025392938862E-01 2.0168999999999999E-02
1.4638025392938861E-01 2.1231000000000000E-02
1.4648025392938860E-01 2.1765000000000000E-02
1.4658025392938859E-01 2.1804000000000000E-02
1.4668025392938858E-01 2.2883000000000001E-02
1.4678025392938857E-01 2.2442000000000000E-02
1.4688025392938855E-01 2.3078000000000001E-02
1.4698025392938854E-01 1.9026999999999999E-02
1.4708025392938853E-01 3.5900000000000001E-02
1.4718025392938852E-01 2.2636000000000000E-02
1.4728025392938851E-01 2.2367000000000001E-02
1.4738025392938850E-01 2.2792000000000000E-02
1.4748025392938849E-01 2.3349000000000002E-02
1.4758025392938848E-01 1.9803000000000001E-02
1.4768025392938847E-01 2.0797000000000000E-02
1.4778025392938846E-01 2.0556999999999999E-02
1.4788025392938844E-01 2.1392000000000001E-02
1.4798025392938843E-01 2.1711999999999999E-02
1.4808025392938842E-01 2.2592999999999999E-02
1.4818025392938841E-01 2.2065999999999999E-02
1.4828025392938840E-01 2.3248000000000001E-02
1.4838025392938839E-01 1.9439000000000001E-02
1.4848025392938838E-01 1.9921000000000001E-02
1.4858025392938837E-01 2.0815000000000000E-02
1.4868025392938836E-01 2.1336999999999998E-02
1.4878025392938835E-01 2.1561000000000000E-02
1.4888025392938833E-01 2.2581000000000000E-02
1.4898025392938832E-01 2.2925999999999998E-02
1.4908025392938831E-01 2.3488999999999999E-02
1.4918025392938830E-01 1.9590000000000000E-02
1.4928025392938829E-01 2.0081000000000002E-02
1.4938025392938828E-01 2.1092000000000000E-02
1.4948025392938827E-01 2.1790000000000000E-02
1.4958025392938826E-01 2.1916999999999999E-02
1.4968025392938825E-01 2.2315999999999999E-02
1.4978025392938824E-01 2.3071000000000001E-02
1.4988025392938822E-01 2.3644999999999999E-02
1.4998025392938821E-01 1.9660000000000000E-02
1.5008025392938820E-01 2.0723999999999999E-02
1.5018025392938819E-01 2.0847000000000001E-02
1.5028025392938818E-01 2.1853999999999998E-02
1.5038025392938817E-01 2.2023000000000001E-02
1.5048025392938816E-01 2.2534999999999999E-02
1.5058025392938815E-01 1.9515999999999999E-02
1.5068025392938814E-01 2.0473999999999999E-02
1.5078025392938812E-01 2.0421999999999999E-02
1.5088025392938811E-01 2.1392999999999999E-02
1.5098025392938810E-01 2.1033000000000000E-02
1.5108025392938809E-01 2.1864999999999999E-02
1.5118025392938808E-01 2.1951999999999999E-02
1.5128025392938807E-01 2.2860999999999999E-02
1.5138025392938806E-01 2.2431000000000000E-02
1.5148025392938805E-01 2.3843000000000000E-02
1.5158025392938804E-01 2.3858000000000001E-02
1.5168025392938803E-01 1.9841000000000001E-02
1.5178025392938801E-01 2.0683000000000000E-02
1.5188025392938800E-01 2.1593999999999999E-02
1.5198025392938799E-01 2.1732999999999999E-02
1.5208025392938798E-01 3.4291000000000002E-02
1.5218025392938797E-01 2.1061000000000000E-02
1.5228025392938796E-01 2.1432000000000000E-02
1.5238025392938795E-01 2.2232999999999999E-02
1.5248025392938794E-01 2.3026000000000001E-02
1.5258025392938793E-01 1.9529999999999999E-02
1.5268025392938792E-01 2.0032000000000001E-02
1.5278025392938790E-01 2.0875000000000001E-02
1.5288025392938789E-01 2.1732999999999999E-02
1.5298025392938788E-01 2.1850999999999999E-02
1.5308025392938787E-01 2.2797000000000001E-02
1.5318025392938786E-01 2.2360000000000001E-02
1.5328025392938785E-01 1.9578999999999999E-02
1.5338025392938784E-01 1.9920000000000000E-02
1.5348025392938783E-01 2.0587000000000001E-02
1.5358025392938782E-01 2.1380000000000000E-02
1.5368025392938781E-01 2.2100999999999999E-02
1.5378025392938779E-01 2.2304000000000001E-02
1.5388025392938778E-01 2.2557000000000001E-02
1.5398025392938777E-01 1.9186000000000002E-02
1.5408025392938776E-01 2.0284000000000000E-02
1.5418025392938775E-01 2.0445999999999999E-02
1.5428025392938774E-01 2.1058000000000000E-02
1.5438025392938773E-01 2.1357000000000001E-02
1.5448025392938772E-01 2.2934000000000000E-02
1.5458025392938771E-01 2.2740000000000000E-02
1.5468025392938770E-01 1.9196000000000001E-02
1.5478025392938768E-01 2.0015999999999999E-02
1.5488025392938767E-01 2.0967000000000000E-02
1.5498025392938766E-01 2.0851999999999999E-02
1.5508025392938765E-01 2.1899999999999999E-02
1.5518025392938764E-01 2.1538000000000002E-02
1.5528025392938763E-01 2.2526999999999998E-02
1.5538025392938762E-01 2.2901999999999999E-02
1.5548025392938761E-01 2.2879000000000000E-02
1.5558025392938760E-01 1.9758999999999999E-02
1.5568025392938759E-01 2.0152000000000000E-02
1.5578025392938757E-01 2.0716999999999999E-02
1.5588025392938756E-01 2.1215000000000001E-02
1.5598025392938755E-01 2.2002000000000001E-02
1.5608025392938754E-01 2.2688000000000000E-02
1.5618025392938753E-01 2.3170000000000000E-02
1.5628025392938752E-01 2.3237000000000001E-02
1.5638025392938751E-01 1.9751999999999999E-02
1.5648025392938750E-01 2.1191999999999999E-02
1.5658025392938749E-01 2.1939000000000000E-02
1.5668025392938748E-01 2.2707000000000001E-02
1.5678025392938746E-01 1.9710999999999999E-02
1.5688025392938745E-01 2.0428999999999999E-02
1.5698025392938744E-01 2.1205000000000002E-02
1.5708025392938743E-01 3.4308999999999999E-02
1.5718025392938742E-01 2.0982000000000001E-02
1.5728025392938741E-01 2.1455999999999999E-02
1.5738025392938740E-01 2.2591000000000000E-02
1.5748025392938739E-01 1.9443999999999999E-02
1.5758025392938738E-01 2.0205000000000001E-02
1.5768025392938737E-01 2.0872000000000002E-02
1.5778025392938735E-01 2.1867999999999999E-02
1.5788025392938734E-01 2.2790999999999999E-02
1.5798025392938733E-01 1.9141999999999999E-02
1.5808025392938732E-01 1.9890000000000001E-02
1.5818025392938731E-01 2.0469000000000001E-02
1.5828025392938730E-01 2.1694000000000001E-02
1.5838025392938729E-01 2.2019000000000000E-02
1.5848025392938728E-01 2.2586999999999999E-02
1.5858025392938727E-01 1.9639000000000000E-02
1.5868025392938725E-01 2.0466000000000002E-02
1.5878025392938724E-01 2.1115999999999999E-02
1.5888025392938723E-01 2.1930000000000002E-02
1.5898025392938722E-01 2.1714000000000001E-02
1.5908025392938721E-01 2.2957000000000002E-02
1.5918025392938720E-01 1.9824999999999999E-02
1.5928025392938719E-01 2.0355999999999999E-02
1.5938025392938718E-01 2.1437999999999999E-02
1.5948025392938717E-01 2.1791000000000001E-02
1.5958025392938716E-01 2.2626000000000000E-02
1.5968025392938714E-01 2.3192999999999998E-02
1.5978025392938713E-01 1.9571000000000002E-02
1.5988025392938712E-01 2.0775999999999999E-02
1.5998025392938711E-01 2.1506000000000001E-02
1.6008025392938710E-01 2.2221000000000001E-02
1.6018025392938709E-01 2.2501000000000000E-02
1.6028025392938708E-01 1.9616999999999999E-02
1.6038025392938707E-01 2.0323000000000001E-02
1.6048025392938706E-01 2.1158000000000000E-02
1.6058025392938705E-01 2.1992999999999999E-02
1.6068025392938703E-01 2.2755999999999998E-02
1.6078025392938702E-01 1.9643999999999998E-02
1.6088025392938701E-01 2.0313999999999999E-02
1.6098025392938700E-01 2.0768999999999999E-02
1.6108025392938699E-01 2.2277000000000002E-02
1.6118025392938698E-01 2.2804999999999999E-02
1.6128025392938697E-01 1.9354000000000000E-02
1.6138025392938696E-01 2.0527000000000000E-02
1.6148025392938695E-01 2.1148000000000000E-02
1.6158025392938694E-01 2.1864999999999999E-02
1.6168025392938692E-01 2.3043000000000001E-02
1.6178025392938691E-01 1.9164000000000000E-02
1.6188025392938690E-01 2.0386000000000001E-02
1.6198025392938689E-01 2.0979000000000001E-02
1.6208025392938688E-01 3.3756000000000001E-02
1.6218025392938687E-01 2.1052999999999999E-02
1.6228025392938686E-01 2.1323000000000002E-02
1.6238025392938685E-01 2.2081000000000000E-02
1.6248025392938684E-01 2.3060000000000001E-02
1.6258025392938683E-01 1.9585000000000002E-02
1.6268025392938681E-01 2.0282999999999999E-02
1.6278025392938680E-01 2.1315000000000001E-02
1.6288025392938679E-01 2.2428000000000000E-02
1.6298025392938678E-01 2.2911000000000001E-02
1.6308025392938677E-01 1.9456999999999999E-02
1.6318025392938676E-01 2.0469000000000001E-02
1.6328025392938675E-01 2.1083999999999999E-02
1.6338025392938674E-01 2.1624000000000001E-02
1.6348025392938673E-01 2.2685000000000000E-02
1.6358025392938672E-01 2.2837000000000000E-02
1.6368025392938670E-01 2.3644999999999999E-02
1.6378025392938669E-01 2.3425999999999999E-02
1.6388025392938668E-01 2.2147000000000000E-02
1.6398025392938667E-01 2.2706000000000000E-02
1.6408025392938666E-01 1.9019999999999999E-02
1.6418025392938665E-01 2.0118000000000000E-02
1.6428025392938664E-01 2.0775999999999999E-02
1.6438025392938663E-01 2.0812000000000001E-02
1.6448025392938662E-01 2.1294000000000000E-02
1.6458025392938661E-01 2.1944000000000002E-02
1.6468025392938659E-01 2.2238999999999998E-02
1.6478025392938658E-01 2.2703999999999998E-02
1.6488025392938657E-01 1.9732000000000000E-02
1.6498025392938656E-01 2.0624000000000000E-02
1.6508025392938655E-01 2.1316999999999999E-02
1.6518025392938654E-01 2.2352000000000000E-02
1.6528025392938653E-01 2.2207000000000001E-02
1.6538025392938652E-01 1.9557999999999999E-02
1.6548025392938651E-01 2.0115999999999998E-02
1.6558025392938650E-01 2.0691999999999999E-02
1.6568025392938648E-01 2.1462999999999999E-02
1.6578025392938647E-01 2.2332999999999999E-02
1.6588025392938646E-01 2.2891000000000002E-02
1.6598025392938645E-01 1.9858000000000001E-02
1.6608025392938644E-01 2.0240999999999999E-02
1.6618025392938643E-01 2.0976999999999999E-02
1.6628025392938642E-01 2.1388000000000001E-02
1.6638025392938641E-01 2.2055000000000002E-02
1.6648025392938640E-01 2.2859000000000001E-02
1.6658025392938638E-01 1.9778000000000000E-02
1.6668025392938637E-01 2.0237000000000002E-02
1.6678025392938636E-01 2.0788999999999998E-02
1.6688025392938635E-01 2.1843999999999999E-02
1.6698025392938634E-01 2.2447000000000002E-02
1.6708025392938633E-01 3.5118999999999997E-02
1.6718025392938632E-01 2.2379000000000000E-02
1.6728025392938631E-01 2.2863999999999999E-02
1.6738025392938630E-01 1.9140999999999998E-02
1.6748025392938629E-01 2.0218000000000000E-02
1.6758025392938627E-01 2.1235000000000000E-02
1.6768025392938626E-01 2.1871999999999999E-02
1.6778025392938625E-01 2.2509000000000001E-02
1.6788025392938624E-01 2.2335000000000001E-02
1.6798025392938623E-01 1.9644999999999999E-02
1.6808025392938622E-01 2.0046000000000001E-02
1.6818025392938621E-01 2.0486999999999998E-02
1.6828025392938620E-01 2.1482000000000001E-02
1.6838025392938619E-01 2.2172999999999998E-02
1.6848025392938618E-01 2.2980000000000000E-02
1.6858025392938616E-01 1.9397000000000001E-02
1.6868025392938615E-01 2.0275999999999999E-02
1.6878025392938614E-01 2.0958000000000001E-02
1.6888025392938613E-01 2.1461999999999998E-02
1.6898025392938612E-01 2.2006999999999999E-02
1.6908025392938611E-01 2.2349000000000001E-02
1.6918025392938610E-01 1.9713999999999999E-02
1.6928025392938609E-01 2.0254000000000001E-02
1.6938025392938608E-01 2.0976000000000002E-02
1.6948025392938607E-01 2.1690000000000001E-02
1.6958025392938605E-01 2.2450999999999999E-02
1.6968025392938604E-01 1.9014000000000000E-02
1.6978025392938603E-01 2.0001000000000001E-02
1.6988025392938602E-01 1.9886999999999998E-02
1.6998025392938601E-01 2.0995000000000000E-02
1.7008025392938600E-01 2.1805000000000001E-02
1.7018025392938599E-01 2.2431000000000000E-02
1.7028025392938598E-01 1.9392000000000000E-02
1.7038025392938597E-01 1.9889000000000000E-02
1.7048025392938596E-01 2.0927999999999999E-02
1.7058025392938594E-01 2.1503000000000001E-02
1.7068025392938593E-01 2.2386000000000000E-02
1.7078025392938592E-01 2.2925999999999998E-02
1.7088025392938591E-01 1.9664999999999998E-02
1.7098025392938590E-01 2.0456999999999999E-02
1.7108025392938589E-01 2.1058000000000000E-02
1.7118025392938588E-01 2.2137000000000000E-02
1.7128025392938587E-01 2.2755000000000001E-02
1.7138025392938586E-01 1.9380999999999999E-02
1.7148025392938585E-01 2.0466999999999999E-02
1.7158025392938583E-01 2.1135999999999999E-02
1.7168025392938582E-01 2.1617000000000001E-02
1.7178025392938581E-01 2.2296000000000000E-02
1.7188025392938580E-01 1.8950000000000002E-02
1.7198025392938579E-01 2.0378000000000000E-02
1.7208025392938578E-01 3.6824999999999997E-02
1.7218025392938577E-01 1.9681000000000001E-02
1.7228025392938576E-01 2.0999000000000000E-02
1.7238025392938575E-01 2.1836000000000001E-02
1.7248025392938574E-01 2.1510999999999999E-02
1.7258025392938572E-01 2.2269000000000001E-02
1.7268025392938571E-01 2.2917000000000000E-02
1.7278025392938570E-01 1.9445000000000000E-02
1.7288025392938569E-01 1.9946999999999999E-02
1.7298025392938568E-01 2.0938999999999999E-02
1.7308025392938567E-01 2.1725000000000001E-02
1.7318025392938566E-01 2.2322999999999999E-02
1.7328025392938565E-01 2.3026999999999999E-02
1.7338025392938564E-01 1.9355000000000001E-02
1.7348025392938562E-01 2.0959999999999999E-02
1.7358025392938561E-01 2.1493000000000002E-02
1.7368025392938560E-01 2.1909999999999999E-02
1.7378025392938559E-01 2.2506000000000002E-02
1.7388025392938558E-01 1.9625000000000000E-02
1.7398025392938557E-01 2.0077999999999999E-02
1.7408025392938556E-01 2.1218999999999998E-02
1.7418025392938555E-01 2.1520000000000001E-02
1.7428025392938554E-01 2.3109999999999999E-02
1.7438025392938553E-01 1.9779000000000001E-02
1.7448025392938551E-01 2.0598000000000002E-02
1.7458025392938550E-01 2.1953000000000000E-02
1.7468025392938549E-01 2.2785000000000000E-02
1.7478025392938548E-01 1.9580000000000000E-02
1.7488025392938547E-01 2.0920000000000001E-02
1.7498025392938546E-01 2.1585000000000000E-02
1.7508025392938545E-01 2.2647000000000000E-02
1.7518025392938544E-01 1.9526999999999999E-02
1.7528025392938543E-01 2.0344999999999999E-02
1.7538025392938542E-01 2.1766000000000001E-02
1.7548025392938540E-01 2.2839999999999999E-02
1.7558025392938539E-01 1.9418000000000001E-02
1.7568025392938538E-01 2.0577000000000002E-02
1.7578025392938537E-01 2.1710000000000000E-02
1.7588025392938536E-01 2.2924000000000000E-02
1.7598025392938535E-01 1.9854000000000000E-02
1.7608025392938534E-01 2.0278000000000001E-02
1.7618025392938533E-01 2.1742000000000001E-02
1.7628025392938532E-01 2.2831000000000001E-02
1.7638025392938531E-01 2.3375000000000000E-02
1.7648025392938529E-01 1.9872000000000001E-02
1.7658025392938528E-01 2.0905000000000000E-02
1.7668025392938527E-01 2.2002000000000001E-02
1.7678025392938526E-01 2.2582999999999999E-02
1.7688025392938525E-01 1.9205000000000000E-02
1.7698025392938524E-01 2.0400999999999999E-02
1.7708025392938523E-01 3.3121999999999999E-02
1.7718025392938522E-01 2.0386000000000001E-02
1.7728025392938521E-01 2.1416000000000001E-02
1.7738025392938520E-01 2.1850000000000001E-02
1.7748025392938518E-01 1.8943999999999999E-02
1.7758025392938517E-01 2.0014000000000001E-02
1.7768025392938516E-01 2.0514000000000001E-02
1.7778025392938515E-01 2.1656000000000002E-02
1.7788025392938514E-01 2.2130000000000000E-02
1.7798025392938513E-01 1.9762999999999999E-02
1.7808025392938512E-01 2.0268999999999999E-02
1.7818025392938511E-01 2.1226999999999999E-02
1.7828025392938510E-01 2.2453000000000001E-02
1.7838025392938509E-01 1.9701000000000000E-02
1.7848025392938507E-01 2.0601999999999999E-02
1.7858025392938506E-01 2.1125000000000001E-02
1.7868025392938505E-01 2.1763999999999999E-02
1.7878025392938504E-01 2.3160000000000000E-02
1.7888025392938503E-01 1.9557000000000001E-02
1.7898025392938502E-01 2.0108000000000001E-02
1.7908025392938501E-01 2.1069999999999998E-02
1.7918025392938500E-01 2.2249000000000001E-02
1.7928025392938499E-01 2.2841000000000000E-02
1.7938025392938498E-01 1.9720999999999999E-02
1.7948025392938496E-01 2.0445999999999999E-02
1.7958025392938495E-01 2.1721000000000001E-02
1.7968025392938494E-01 2.2266999999999999E-02
1.7978025392938493E-01 1.9158000000000001E-02
1.7988025392938492E-01 1.9966000000000001E-02
1.7998025392938491E-01 2.1135000000000001E-02
1.8008025392938490E-01 2.1947000000000001E-02
1.8018025392938489E-01 2.2755999999999998E-02
1.8028025392938488E-01 1.9290999999999999E-02
1.8038025392938487E-01 2.0447000000000000E-02
1.8048025392938485E-01 2.1243000000000001E-02
1.8058025392938484E-01 2.2322000000000002E-02
1.8068025392938483E-01 2.2853999999999999E-02
1.8078025392938482E-01 1.9744999999999999E-02
1.8088025392938481E-01 2.0686000000000000E-02
1.8098025392938480E-01 2.1343999999999998E-02
1.8108025392938479E-01 2.2291999999999999E-02
1.8118025392938478E-01 2.2962000000000000E-02
1.8128025392938477E-01 1.9393000000000001E-02
1.8138025392938475E-01 2.0521000000000001E-02
1.8148025392938474E-01 2.1693000000000000E-02
1.8158025392938473E-01 2.2048000000000002E-02
1.8168025392938472E-01 2.3032000000000000E-02
1.8178025392938471E-01 1.9723000000000001E-02
1.8188025392938470E-01 2.1468999999999999E-02
1.8198025392938469E-01 2.1617000000000001E-02
1.8208025392938468E-01 3.4401000000000001E-02
1.8218025392938467E-01 2.1802999999999999E-02
1.8228025392938466E-01 2.2870999999999999E-02
1.8238025392938464E-01 1.9179999999999999E-02
1.8248025392938463E-01 2.0670000000000001E-02
1.8258025392938462E-01 2.1079000000000001E-02
1.8268025392938461E-01 2.2189000000000000E-02
1.8278025392938460E-01 1.9250000000000000E-02
1.8288025392938459E-01 2.0153999999999998E-02
1.8298025392938458E-01 2.0576000000000001E-02
1.8308025392938457E-01 2.1041000000000001E-02
1.8318025392938456E-01 2.1965999999999999E-02
1.8328025392938455E-01 2.2685000000000000E-02
1.8338025392938453E-01 2.2849000000000001E-02
1.8348025392938452E-01 1.9872000000000001E-02
1.8358025392938451E-01 2.0181000000000001E-02
1.8368025392938450E-01 2.0920999999999999E-02
1.8378025392938449E-01 2.0816000000000001E-02
1.8388025392938448E-01 2.1448999999999999E-02
1.8398025392938447E-01 2.2338000000000000E-02
1.8408025392938446E-01 2.2866000000000001E-02
1.8418025392938445E-01 2.2994000000000001E-02
1.8428025392938444E-01 1.9786999999999999E-02
1.8438025392938442E-01 2.0213999999999999E-02
1.8448025392938441E-01 2.1336000000000001E-02
1.8458025392938440E-01 2.1479999999999999E-02
1.8468025392938439E-01 2.2176999999999999E-02
1.8478025392938438E-01 1.8664000000000000E-02
1.8488025392938437E-01 2.0128000000000000E-02
1.8498025392938436E-01 2.0008999999999999E-02
1.8508025392938435E-01 2.0409000000000000E-02
1.8518025392938434E-01 2.1208000000000001E-02
1.8528025392938433E-01 2.1905999999999998E-02
1.8538025392938431E-01 2.1949000000000000E-02
1.8548025392938430E-01 2.2877999999999999E-02
1.8558025392938429E-01 1.9234000000000001E-02
1.8568025392938428E-01 2.0442999999999999E-02
1.8578025392938427E-01 2.0535999999999999E-02
1.8588025392938426E-01 2.0885000000000001E-02
1.8598025392938425E-01 2.1784999999999999E-02
1.8608025392938424E-01 2.2727000000000001E-02
1.8618025392938423E-01 2.2891000000000002E-02
1.8628025392938422E-01 2.3030999999999999E-02
1.8638025392938420E-01 1.9810000000000001E-02
1.8648025392938419E-01 2.0459000000000001E-02
1.8658025392938418E-01 2.0785000000000001E-02
1.8668025392938417E-01 2.1055000000000001E-02
1.8678025392938416E-01 2.1276000000000000E-02
1.8688025392938415E-01 2.2242999999999999E-02
1.8698025392938414E-01 2.2669000000000002E-02
1.8708025392938413E-01 3.4783000000000001E-02
1.8718025392938412E-01 2.1878999999999999E-02
1.8728025392938411E-01 2.2261000000000000E-02
1.8738025392938409E-01 2.2814999999999998E-02
1.8748025392938408E-01 1.9567999999999999E-02
1.8758025392938407E-01 2.0042000000000001E-02
1.8768025392938406E-01 2.0650999999999999E-02
1.8778025392938405E-01 2.1211000000000001E-02
1.8788025392938404E-01 2.2041999999999999E-02
1.8798025392938403E-01 2.2679000000000001E-02
1.8808025392938402E-01 1.9193000000000002E-02
1.8818025392938401E-01 2.0322000000000000E-02
1.8828025392938399E-01 2.1089000000000000E-02
1.8838025392938398E-01 2.1486000000000002E-02
1.8848025392938397E-01 2.2579999999999999E-02
1.8858025392938396E-01 1.8536000000000000E-02
1.8868025392938395E-01 2.0150000000000001E-02
1.8878025392938394E-01 2.0153000000000001E-02
1.8888025392938393E-01 2.0943000000000000E-02
1.8898025392938392E-01 2.2010999999999999E-02
1.8908025392938391E-01 2.2928000000000000E-02
1.8918025392938390E-01 1.9137999999999999E-02
1.8928025392938388E-01 2.0271000000000001E-02
1.8938025392938387E-01 2.0865000000000002E-02
1.8948025392938386E-01 2.1932000000000000E-02
1.8958025392938385E-01 2.1932000000000000E-02
1.8968025392938384E-01 2.2534999999999999E-02
1.8978025392938383E-01 1.9469000000000000E-02
1.8988025392938382E-01 2.0469000000000001E-02
1.8998025392938381E-01 2.1239999999999998E-02
1.9008025392938380E-01 2.1558000000000001E-02
1.9018025392938379E-01 2.2610000000000002E-02
1.9028025392938377E-01 1.9604000000000000E-02
1.9038025392938376E-01 2.0285000000000001E-02
1.9048025392938375E-01 2.0573999999999999E-02
1.9058025392938374E-01 2.0917999999999999E-02
1.9068025392938373E-01 2.2547000000000001E-02
1.9078025392938372E-01 2.3105000000000001E-02
1.9088025392938371E-01 1.9647999999999999E-02
1.9098025392938370E-01 2.0506000000000000E-02
1.9108025392938369E-01 2.1455999999999999E-02
1.9118025392938368E-01 2.2075999999999998E-02
1.9128025392938366E-01 2.3047999999999999E-02
1.9138025392938365E-01 1.8624999999999999E-02
1.9148025392938364E-01 2.0156000000000000E-02
1.9158025392938363E-01 2.0591999999999999E-02
1.9168025392938362E-01 2.1177000000000001E-02
1.9178025392938361E-01 2.2039000000000000E-02
1.9188025392938360E-01 2.2803000000000000E-02
1.9198025392938359E-01 1.9570000000000001E-02
1.9208025392938358E-01 3.6568000000000003E-02
1.9218025392938357E-01 2.3137999999999999E-02
1.9228025392938355E-01 1.9469000000000000E-02
1.9238025392938354E-01 1.9892000000000000E-02
1.9248025392938353E-01 2.1402000000000001E-02
1.9258025392938352E-01 2.1801000000000001E-02
1.9268025392938351E-01 2.2277999999999999E-02
1.9278025392938350E-01 1.9356000000000002E-02
1.9288025392938349E-01 2.0421000000000002E-02
1.9298025392938348E-01 2.1128000000000001E-02
1.9308025392938347E-01 2.2024999999999999E-02
1.9318025392938346E-01 2.2124999999999999E-02
1.9328025392938344E-01 1.9807999999999999E-02
1.9338025392938343E-01 2.0372000000000001E-02
1.9348025392938342E-01 2.0726999999999999E-02
1.9358025392938341E-01 2.1919999999999999E-02
1.9368025392938340E-01 2.2814000000000001E-02
1.9378025392938339E-01 1.9512000000000002E-02
1.9388025392938338E-01 2.0528000000000001E-02
1.9398025392938337E-01 2.1287000000000000E-02
1.9408025392938336E-01 2.2303000000000000E-02
1.9418025392938335E-01 2.2785000000000000E-02
1.9428025392938333E-01 1.9581999999999999E-02
1.9438025392938332E-01 2.0389000000000001E-02
1.9448025392938331E-01 2.1482999999999999E-02
1.9458025392938330E-01 2.2408999999999998E-02
1.9468025392938329E-01 1.9153000000000000E-02
1.9478025392938328E-01 2.0018999999999999E-02
1.9488025392938327E-01 2.1072000000000000E-02
1.9498025392938326E-01 2.1960000000000000E-02
1.9508025392938325E-01 1.8935000000000000E-02
1.9518025392938324E-01 1.9949000000000001E-02
1.9528025392938322E-01 2.1055999999999998E-02
1.9538025392938321E-01 2.1804000000000000E-02
1.9548025392938320E-01 2.2617000000000002E-02
1.9558025392938319E-01 1.9848000000000001E-02
1.9568025392938318E-01 2.1107999999999998E-02
1.9578025392938317E-01 2.1804000000000000E-02
1.9588025392938316E-01 2.3036999999999998E-02
1.9598025392938315E-01 1.9761999999999998E-02
1.9608025392938314E-01 2.0754999999999999E-02
1.9618025392938312E-01 2.1780000000000001E-02
1.9628025392938311E-01 2.2471000000000001E-02
1.9638025392938310E-01 1.9838000000000001E-02
1.9648025392938309E-01 2.0823999999999999E-02
1.9658025392938308E-01 2.1385999999999999E-02
1.9668025392938307E-01 2.2530000000000001E-02
1.9678025392938306E-01 1.9369999999999998E-02
1.9688025392938305E-01 2.0583000000000001E-02
1.9698025392938304E-01 2.1266000000000000E-02
1.9708025392938303E-01 3.4243999999999997E-02
1.9718025392938301E-01 2.1746000000000001E-02
1.9728025392938300E-01 2.2856999999999999E-02
1.9738025392938299E-01 1.9886999999999998E-02
1.9748025392938298E-01 2.0813000000000002E-02
1.9758025392938297E-01 2.1992999999999999E-02
1.9768025392938296E-01 2.2696000000000001E-02
1.9778025392938295E-01 1.9649000000000000E-02
1.9788025392938294E-01 2.0133999999999999E-02
1.9798025392938293E-01 2.0922000000000000E-02
1.9808025392938292E-01 2.1977000000000000E-02
1.9818025392938290E-01 1.9091000000000000E-02
1.9828025392938289E-01 1.9890999999999999E-02
1.9838025392938288E-01 2.1118000000000001E-02
1.9848025392938287E-01 2.1883000000000000E-02
1.9858025392938286E-01 2.3188000000000000E-02
1.9868025392938285E-01 1.9469000000000000E-02
1.9878025392938284E-01 2.0503000000000000E-02
1.9888025392938283E-01 2.1668000000000000E-02
1.9898025392938282E-01 2.2755999999999998E-02
1.9908025392938281E-01 1.9438000000000000E-02
1.9918025392938279E-01 2.0281000000000000E-02
1.9928025392938278E-01 2.1427000000000002E-02
1.9938025392938277E-01 2.2505000000000001E-02
1.9948025392938276E-01 2.3016999999999999E-02
1.9958025392938275E-01 1.9605000000000001E-02
1.9968025392938274E-01 2.0709999999999999E-02
1.9978025392938273E-01 2.1898999999999998E-02
1.9988025392938272E-01 2.2516999999999999E-02
1.9998025392938271E-01 1.8936999999999999E-02
