PseudoViscosity
part
         1
hexa8
 0.00000e+00
 0.00000e+00
 0.00000e+00
 0.00000e+00
 0.00000e+00
 0.00000e+00
 0.00000e+00
 0.00000e+00
 0.00000e+00
 0.00000e+00
 0.00000e+00
 0.00000e+00
 0.00000e+00
 0.00000e+00
 0.00000e+00
 0.00000e+00
 0.00000e+00
 0.00000e+00
 0.00000e+00
 0.00000e+00
 0.00000e+00
 0.00000e+00
 0.00000e+00
 0.00000e+00
 0.00000e+00
 0.00000e+00
 0.00000e+00
 0.00000e+00
 0.00000e+00
 0.00000e+00
 0.00000e+00
 0.00000e+00
 0.00000e+00
 0.00000e+00
 0.00000e+00
 0.00000e+00
 0.00000e+00
 0.00000e+00
 0.00000e+00
 0.00000e+00
 0.00000e+00
 0.00000e+00
 0.00000e+00
 0.00000e+00
 0.00000e+00
 0.00000e+00
 0.00000e+00
 0.00000e+00
 0.00000e+00
 0.00000e+00
 0.00000e+00
 0.00000e+00
 0.00000e+00
 0.00000e+00
 0.00000e+00
 0.00000e+00
 0.00000e+00
 0.00000e+00
 0.00000e+00
 0.00000e+00
 0.00000e+00
 0.00000e+00
 0.00000e+00
 0.00000e+00
 0.00000e+00
 0.00000e+00
 0.00000e+00
 0.00000e+00
 0.00000e+00
 0.00000e+00
 0.00000e+00
 0.00000e+00
 0.00000e+00
 0.00000e+00
 0.00000e+00
 0.00000e+00
 0.00000e+00
 0.00000e+00
 0.00000e+00
 0.00000e+00
 0.00000e+00
 0.00000e+00
 0.00000e+00
 0.00000e+00
 0.00000e+00
 0.00000e+00
 0.00000e+00
 0.00000e+00
 0.00000e+00
 0.00000e+00
 0.00000e+00
 0.00000e+00
 0.00000e+00
 0.00000e+00
 0.00000e+00
 0.00000e+00
 0.00000e+00
 0.00000e+00
 0.00000e+00
 0.00000e+00
 0.00000e+00
 0.00000e+00
 0.00000e+00
 0.00000e+00
 0.00000e+00
 0.00000e+00
 0.00000e+00
 0.00000e+00
 0.00000e+00
 0.00000e+00
 0.00000e+00
 0.00000e+00
 0.00000e+00
 0.00000e+00
 0.00000e+00
 0.00000e+00
 0.00000e+00
 0.00000e+00
 0.00000e+00
 0.00000e+00
 0.00000e+00
 0.00000e+00
 0.00000e+00
 0.00000e+00
 0.00000e+00
 0.00000e+00
 0.00000e+00
 0.00000e+00
 0.00000e+00
 0.00000e+00
 0.00000e+00
 0.00000e+00
 0.00000e+00
 0.00000e+00
 0.00000e+00
 0.00000e+00
 0.00000e+00
 0.00000e+00
 0.00000e+00
 0.00000e+00
 0.00000e+00
 0.00000e+00
 0.00000e+00
 0.00000e+00
 0.00000e+00
 0.00000e+00
 0.00000e+00
 0.00000e+00
 0.00000e+00
 0.00000e+00
 0.00000e+00
 0.00000e+00
 0.00000e+00
 0.00000e+00
 0.00000e+00
 0.00000e+00
 0.00000e+00
 0.00000e+00
 0.00000e+00
 0.00000e+00
 0.00000e+00
 0.00000e+00
 0.00000e+00
 0.00000e+00
 0.00000e+00
 0.00000e+00
 0.00000e+00
 0.00000e+00
 0.00000e+00
 0.00000e+00
 0.00000e+00
 0.00000e+00
 0.00000e+00
 0.00000e+00
 0.00000e+00
 0.00000e+00
 0.00000e+00
 0.00000e+00
 0.00000e+00
 0.00000e+00
 0.00000e+00
 0.00000e+00
 0.00000e+00
 0.00000e+00
 0.00000e+00
 0.00000e+00
 0.00000e+00
 0.00000e+00
 0.00000e+00
 0.00000e+00
 0.00000e+00
 0.00000e+00
 0.00000e+00
 0.00000e+00
 0.00000e+00
 0.00000e+00
 0.00000e+00
 0.00000e+00
 0.00000e+00
 0.00000e+00
 0.00000e+00
 0.00000e+00
 0.00000e+00
 0.00000e+00
 0.00000e+00
 0.00000e+00
 0.00000e+00
 0.00000e+00
 0.00000e+00
 0.00000e+00
 0.00000e+00
 0.00000e+00
 0.00000e+00
 0.00000e+00
 0.00000e+00
 0.00000e+00
 0.00000e+00
 0.00000e+00
 0.00000e+00
 0.00000e+00
 0.00000e+00
 0.00000e+00
 0.00000e+00
 0.00000e+00
 0.00000e+00
 0.00000e+00
 0.00000e+00
 0.00000e+00
 0.00000e+00
 0.00000e+00
 0.00000e+00
 0.00000e+00
 0.00000e+00
 0.00000e+00
 0.00000e+00
 0.00000e+00
 0.00000e+00
 0.00000e+00
 0.00000e+00
 0.00000e+00
 0.00000e+00
 0.00000e+00
 0.00000e+00
 0.00000e+00
 0.00000e+00
 1.75425e-02
 1.75425e-02
 1.75425e-02
 1.75425e-02
 1.75425e-02
 3.68765e-03
 3.68765e-03
 3.68765e-03
 3.68765e-03
 3.68765e-03
 2.99939e-03
 2.99939e-03
 2.99939e-03
 2.99939e-03
 2.99939e-03
 2.10251e-03
 2.10251e-03
 2.10251e-03
 2.10251e-03
 2.10251e-03
 4.09845e-03
 4.09845e-03
 4.09845e-03
 4.09845e-03
 4.09845e-03
 8.84086e-03
 8.84086e-03
 8.84086e-03
 8.84086e-03
 8.84086e-03
 1.65130e-02
 1.65130e-02
 1.65130e-02
 1.65130e-02
 1.65130e-02
 2.65464e-02
 2.65464e-02
 2.65464e-02
 2.65464e-02
 2.65464e-02
 3.76965e-02
 3.76965e-02
 3.76965e-02
 3.76965e-02
 3.76965e-02
 4.82541e-02
 4.82541e-02
 4.82541e-02
 4.82541e-02
 4.82541e-02
 5.63497e-02
 5.63497e-02
 5.63497e-02
 5.63497e-02
 5.63497e-02
 6.03294e-02
 6.03294e-02
 6.03294e-02
 6.03294e-02
 6.03294e-02
 5.91650e-02
 5.91650e-02
 5.91650e-02
 5.91650e-02
 5.91650e-02
 5.28201e-02
 5.28201e-02
 5.28201e-02
 5.28201e-02
 5.28201e-02
 4.24400e-02
 4.24400e-02
 4.24400e-02
 4.24400e-02
 4.24400e-02
 3.01961e-02
 3.01961e-02
 3.01961e-02
 3.01961e-02
 3.01961e-02
 1.86722e-02
 1.86722e-02
 1.86722e-02
 1.86722e-02
 1.86722e-02
 9.90335e-03
 9.90335e-03
 9.90335e-03
 9.90335e-03
 9.90335e-03
 4.53951e-03
 4.53951e-03
 4.53951e-03
 4.53951e-03
 4.53951e-03
 1.85754e-03
 1.85754e-03
 1.85754e-03
 1.85754e-03
 1.85754e-03
 7.03466e-04
 7.03466e-04
 7.03466e-04
 7.03466e-04
 7.03466e-04
 2.52312e-04
 2.52312e-04
 2.52312e-04
 2.52312e-04
 2.52312e-04
 8.66641e-05
 8.66641e-05
 8.66641e-05
 8.66641e-05
 8.66641e-05
 2.86449e-05
 2.86449e-05
 2.86449e-05
 2.86449e-05
 2.86449e-05
 9.13140e-06
 9.13140e-06
 9.13140e-06
 9.13140e-06
 9.13140e-06
 2.81104e-06
 2.81104e-06
 2.81104e-06
 2.81104e-06
 2.81104e-06
 8.36477e-07
 8.36477e-07
 8.36477e-07
 8.36477e-07
 8.36477e-07
 2.40805e-07
 2.40805e-07
 2.40805e-07
 2.40805e-07
 2.40804e-07
 6.71196e-08
 6.71196e-08
 6.71196e-08
 6.71196e-08
 6.71197e-08
 1.81279e-08
 1.81280e-08
 1.81280e-08
 1.81281e-08
 1.81281e-08
 4.74786e-09
 4.74781e-09
 4.74799e-09
 4.74790e-09
 4.74795e-09
 1.20683e-09
 1.20678e-09
 1.20678e-09
 1.20686e-09
 1.20679e-09
 2.98072e-10
 2.97977e-10
 2.98036e-10
 2.98072e-10
 2.98025e-10
 7.13726e-11
 7.13088e-11
 7.13407e-11
 7.13447e-11
 7.13567e-11
 1.68036e-11
 1.68236e-11
 1.66601e-11
 1.67757e-11
 1.67678e-11
 3.81520e-12
 3.73149e-12
 3.79527e-12
 3.74743e-12
 3.91088e-12
 7.49486e-13
 7.93339e-13
 7.77393e-13
 8.57125e-13
 8.09286e-13
 2.43184e-13
 1.43519e-13
 7.97326e-14
 1.95345e-13
 2.43184e-13
 0.00000e+00
 0.00000e+00
 0.00000e+00
 0.00000e+00
 0.00000e+00
 0.00000e+00
 0.00000e+00
 0.00000e+00
 0.00000e+00
 0.00000e+00
 0.00000e+00
 0.00000e+00
 0.00000e+00
 0.00000e+00
 0.00000e+00
 0.00000e+00
 0.00000e+00
 0.00000e+00
 0.00000e+00
 0.00000e+00
 0.00000e+00
 0.00000e+00
 0.00000e+00
 0.00000e+00
 0.00000e+00
 0.00000e+00
 0.00000e+00
 0.00000e+00
 0.00000e+00
 0.00000e+00
 0.00000e+00
 1.95345e-13
 0.00000e+00
 0.00000e+00
 0.00000e+00
 2.79064e-14
 0.00000e+00
 6.37861e-14
 0.00000e+00
 0.00000e+00
 0.00000e+00
 2.79064e-14
 0.00000e+00
 0.00000e+00
 0.00000e+00
 0.00000e+00
 0.00000e+00
 0.00000e+00
 0.00000e+00
 0.00000e+00
 0.00000e+00
 0.00000e+00
 0.00000e+00
 0.00000e+00
 0.00000e+00
 0.00000e+00
 0.00000e+00
 0.00000e+00
 0.00000e+00
 0.00000e+00
 2.27238e-13
 6.77727e-14
 0.00000e+00
 0.00000e+00
 0.00000e+00
