InternalEnergy
part
         1
hexa8
 2.50000e+00
 2.50000e+00
 2.50000e+00
 2.50000e+00
 2.50000e+00
 2.50000e+00
 2.50000e+00
 2.50000e+00
 2.50000e+00
 2.50000e+00
 2.50000e+00
 2.50000e+00
 2.50000e+00
 2.50000e+00
 2.50000e+00
 2.50000e+00
 2.50000e+00
 2.50000e+00
 2.50000e+00
 2.50000e+00
 2.50000e+00
 2.50000e+00
 2.50000e+00
 2.50000e+00
 2.50000e+00
 2.49999e+00
 2.49994e+00
 2.49971e+00
 2.49885e+00
 2.49615e+00
 2.48918e+00
 2.47466e+00
 2.45028e+00
 2.41628e+00
 2.37486e+00
 2.32824e+00
 2.27774e+00
 2.22388e+00
 2.16676e+00
 2.10626e+00
 2.04223e+00
 1.97459e+00
 1.90374e+00
 1.83178e+00
 1.76697e+00
 1.73728e+00
 1.75519e+00
 1.77116e+00
 1.77541e+00
 1.77869e+00
 3.13554e+00
 3.05286e+00
 3.00336e+00
 2.97031e+00
 2.94683e+00
 2.92931e+00
 2.91570e+00
 2.90477e+00
 2.89579e+00
 2.88830e+00
 2.88196e+00
 2.87652e+00
 2.87179e+00
 2.86760e+00
 2.86383e+00
 2.86030e+00
 2.85682e+00
 2.85308e+00
 2.84848e+00
 2.84195e+00
 2.83143e+00
 2.81344e+00
 2.78263e+00
 2.73227e+00
 2.65605e+00
 2.55133e+00
 2.42324e+00
 2.28740e+00
 2.16706e+00
 2.08139e+00
 2.03343e+00
 2.01201e+00
 2.00397e+00
 2.00126e+00
 2.00039e+00
 2.00012e+00
 2.00004e+00
 2.00001e+00
 2.00000e+00
 2.00000e+00
 2.00000e+00
 2.00000e+00
 2.00000e+00
 2.00000e+00
 2.00000e+00
 2.00000e+00
 2.00000e+00
 2.00000e+00
 2.00000e+00
 2.00000e+00
 2.50000e+00
 2.50000e+00
 2.50000e+00
 2.50000e+00
 2.50000e+00
 2.50000e+00
 2.50000e+00
 2.50000e+00
 2.50000e+00
 2.50000e+00
 2.50000e+00
 2.50000e+00
 2.50000e+00
 2.50000e+00
 2.50000e+00
 2.50000e+00
 2.50000e+00
 2.50000e+00
 2.50000e+00
 2.50000e+00
 2.50000e+00
 2.50000e+00
 2.50000e+00
 2.50000e+00
 2.50000e+00
 2.49999e+00
 2.49994e+00
 2.49971e+00
 2.49885e+00
 2.49615e+00
 2.48918e+00
 2.47466e+00
 2.45028e+00
 2.41628e+00
 2.37486e+00
 2.32824e+00
 2.27774e+00
 2.22388e+00
 2.16676e+00
 2.10626e+00
 2.04223e+00
 1.97459e+00
 1.90374e+00
 1.83178e+00
 1.76697e+00
 1.73728e+00
 1.75519e+00
 1.77116e+00
 1.77541e+00
 1.77869e+00
 3.13554e+00
 3.05286e+00
 3.00336e+00
 2.97031e+00
 2.94683e+00
 2.92931e+00
 2.91570e+00
 2.90477e+00
 2.89579e+00
 2.88830e+00
 2.88196e+00
 2.87652e+00
 2.87179e+00
 2.86760e+00
 2.86383e+00
 2.86030e+00
 2.85682e+00
 2.85308e+00
 2.84848e+00
 2.84195e+00
 2.83143e+00
 2.81344e+00
 2.78263e+00
 2.73227e+00
 2.65605e+00
 2.55133e+00
 2.42324e+00
 2.28740e+00
 2.16706e+00
 2.08139e+00
 2.03343e+00
 2.01201e+00
 2.00397e+00
 2.00126e+00
 2.00039e+00
 2.00012e+00
 2.00004e+00
 2.00001e+00
 2.00000e+00
 2.00000e+00
 2.00000e+00
 2.00000e+00
 2.00000e+00
 2.00000e+00
 2.00000e+00
 2.00000e+00
 2.00000e+00
 2.00000e+00
 2.00000e+00
 2.00000e+00
 2.50000e+00
 2.50000e+00
 2.50000e+00
 2.50000e+00
 2.50000e+00
 2.50000e+00
 2.50000e+00
 2.50000e+00
 2.50000e+00
 2.50000e+00
 2.50000e+00
 2.50000e+00
 2.50000e+00
 2.50000e+00
 2.50000e+00
 2.50000e+00
 2.50000e+00
 2.50000e+00
 2.50000e+00
 2.50000e+00
 2.50000e+00
 2.50000e+00
 2.50000e+00
 2.50000e+00
 2.50000e+00
 2.49999e+00
 2.49994e+00
 2.49971e+00
 2.49885e+00
 2.49615e+00
 2.48918e+00
 2.47466e+00
 2.45028e+00
 2.41628e+00
 2.37486e+00
 2.32824e+00
 2.27774e+00
 2.22388e+00
 2.16676e+00
 2.10626e+00
 2.04223e+00
 1.97459e+00
 1.90374e+00
 1.83178e+00
 1.76697e+00
 1.73728e+00
 1.75519e+00
 1.77116e+00
 1.77541e+00
 1.77869e+00
 3.13554e+00
 3.05286e+00
 3.00336e+00
 2.97031e+00
 2.94683e+00
 2.92931e+00
 2.91570e+00
 2.90477e+00
 2.89579e+00
 2.88830e+00
 2.88196e+00
 2.87652e+00
 2.87179e+00
 2.86760e+00
 2.86383e+00
 2.86030e+00
 2.85682e+00
 2.85308e+00
 2.84848e+00
 2.84195e+00
 2.83143e+00
 2.81344e+00
 2.78263e+00
 2.73227e+00
 2.65605e+00
 2.55133e+00
 2.42324e+00
 2.28740e+00
 2.16706e+00
 2.08139e+00
 2.03343e+00
 2.01201e+00
 2.00397e+00
 2.00126e+00
 2.00039e+00
 2.00012e+00
 2.00004e+00
 2.00001e+00
 2.00000e+00
 2.00000e+00
 2.00000e+00
 2.00000e+00
 2.00000e+00
 2.00000e+00
 2.00000e+00
 2.00000e+00
 2.00000e+00
 2.00000e+00
 2.00000e+00
 2.00000e+00
 2.50000e+00
 2.50000e+00
 2.50000e+00
 2.50000e+00
 2.50000e+00
 2.50000e+00
 2.50000e+00
 2.50000e+00
 2.50000e+00
 2.50000e+00
 2.50000e+00
 2.50000e+00
 2.50000e+00
 2.50000e+00
 2.50000e+00
 2.50000e+00
 2.50000e+00
 2.50000e+00
 2.50000e+00
 2.50000e+00
 2.50000e+00
 2.50000e+00
 2.50000e+00
 2.50000e+00
 2.50000e+00
 2.49999e+00
 2.49994e+00
 2.49971e+00
 2.49885e+00
 2.49615e+00
 2.48918e+00
 2.47466e+00
 2.45028e+00
 2.41628e+00
 2.37486e+00
 2.32824e+00
 2.27774e+00
 2.22388e+00
 2.16676e+00
 2.10626e+00
 2.04223e+00
 1.97459e+00
 1.90374e+00
 1.83178e+00
 1.76697e+00
 1.73728e+00
 1.75519e+00
 1.77116e+00
 1.77541e+00
 1.77869e+00
 3.13554e+00
 3.05286e+00
 3.00336e+00
 2.97031e+00
 2.94683e+00
 2.92931e+00
 2.91570e+00
 2.90477e+00
 2.89579e+00
 2.88830e+00
 2.88196e+00
 2.87652e+00
 2.87179e+00
 2.86760e+00
 2.86383e+00
 2.86030e+00
 2.85682e+00
 2.85308e+00
 2.84848e+00
 2.84195e+00
 2.83143e+00
 2.81344e+00
 2.78263e+00
 2.73227e+00
 2.65605e+00
 2.55133e+00
 2.42324e+00
 2.28740e+00
 2.16706e+00
 2.08139e+00
 2.03343e+00
 2.01201e+00
 2.00397e+00
 2.00126e+00
 2.00039e+00
 2.00012e+00
 2.00004e+00
 2.00001e+00
 2.00000e+00
 2.00000e+00
 2.00000e+00
 2.00000e+00
 2.00000e+00
 2.00000e+00
 2.00000e+00
 2.00000e+00
 2.00000e+00
 2.00000e+00
 2.00000e+00
 2.00000e+00
 2.50000e+00
 2.50000e+00
 2.50000e+00
 2.50000e+00
 2.50000e+00
 2.50000e+00
 2.50000e+00
 2.50000e+00
 2.50000e+00
 2.50000e+00
 2.50000e+00
 2.50000e+00
 2.50000e+00
 2.50000e+00
 2.50000e+00
 2.50000e+00
 2.50000e+00
 2.50000e+00
 2.50000e+00
 2.50000e+00
 2.50000e+00
 2.50000e+00
 2.50000e+00
 2.50000e+00
 2.50000e+00
 2.49999e+00
 2.49994e+00
 2.49971e+00
 2.49885e+00
 2.49615e+00
 2.48918e+00
 2.47466e+00
 2.45028e+00
 2.41628e+00
 2.37486e+00
 2.32824e+00
 2.27774e+00
 2.22388e+00
 2.16676e+00
 2.10626e+00
 2.04223e+00
 1.97459e+00
 1.90374e+00
 1.83178e+00
 1.76697e+00
 1.73728e+00
 1.75519e+00
 1.77116e+00
 1.77541e+00
 1.77869e+00
 3.13554e+00
 3.05286e+00
 3.00336e+00
 2.97031e+00
 2.94683e+00
 2.92931e+00
 2.91570e+00
 2.90477e+00
 2.89579e+00
 2.88830e+00
 2.88196e+00
 2.87652e+00
 2.87179e+00
 2.86760e+00
 2.86383e+00
 2.86030e+00
 2.85682e+00
 2.85308e+00
 2.84848e+00
 2.84195e+00
 2.83143e+00
 2.81344e+00
 2.78263e+00
 2.73227e+00
 2.65605e+00
 2.55133e+00
 2.42324e+00
 2.28740e+00
 2.16706e+00
 2.08139e+00
 2.03343e+00
 2.01201e+00
 2.00397e+00
 2.00126e+00
 2.00039e+00
 2.00012e+00
 2.00004e+00
 2.00001e+00
 2.00000e+00
 2.00000e+00
 2.00000e+00
 2.00000e+00
 2.00000e+00
 2.00000e+00
 2.00000e+00
 2.00000e+00
 2.00000e+00
 2.00000e+00
 2.00000e+00
 2.00000e+00
 2.50000e+00
 2.50000e+00
 2.50000e+00
 2.50000e+00
 2.50000e+00
 2.50000e+00
 2.50000e+00
 2.50000e+00
 2.50000e+00
 2.50000e+00
 2.50000e+00
 2.50000e+00
 2.50000e+00
 2.50000e+00
 2.50000e+00
 2.50000e+00
 2.50000e+00
 2.50000e+00
 2.50000e+00
 2.50000e+00
 2.50000e+00
 2.50000e+00
 2.50000e+00
 2.50000e+00
 2.50000e+00
 2.49999e+00
 2.49994e+00
 2.49971e+00
 2.49885e+00
 2.49615e+00
 2.48918e+00
 2.47466e+00
 2.45028e+00
 2.41628e+00
 2.37486e+00
 2.32824e+00
 2.27774e+00
 2.22388e+00
 2.16676e+00
 2.10626e+00
 2.04223e+00
 1.97459e+00
 1.90374e+00
 1.83178e+00
 1.76697e+00
 1.73728e+00
 1.75519e+00
 1.77116e+00
 1.77541e+00
 1.77869e+00
 3.13554e+00
 3.05286e+00
 3.00336e+00
 2.97031e+00
 2.94683e+00
 2.92931e+00
 2.91570e+00
 2.90477e+00
 2.89579e+00
 2.88830e+00
 2.88196e+00
 2.87652e+00
 2.87179e+00
 2.86760e+00
 2.86383e+00
 2.86030e+00
 2.85682e+00
 2.85308e+00
 2.84848e+00
 2.84195e+00
 2.83143e+00
 2.81344e+00
 2.78263e+00
 2.73227e+00
 2.65605e+00
 2.55133e+00
 2.42324e+00
 2.28740e+00
 2.16706e+00
 2.08139e+00
 2.03343e+00
 2.01201e+00
 2.00397e+00
 2.00126e+00
 2.00039e+00
 2.00012e+00
 2.00004e+00
 2.00001e+00
 2.00000e+00
 2.00000e+00
 2.00000e+00
 2.00000e+00
 2.00000e+00
 2.00000e+00
 2.00000e+00
 2.00000e+00
 2.00000e+00
 2.00000e+00
 2.00000e+00
 2.00000e+00
 2.50000e+00
 2.50000e+00
 2.50000e+00
 2.50000e+00
 2.50000e+00
 2.50000e+00
 2.50000e+00
 2.50000e+00
 2.50000e+00
 2.50000e+00
 2.50000e+00
 2.50000e+00
 2.50000e+00
 2.50000e+00
 2.50000e+00
 2.50000e+00
 2.50000e+00
 2.50000e+00
 2.50000e+00
 2.50000e+00
 2.50000e+00
 2.50000e+00
 2.50000e+00
 2.50000e+00
 2.50000e+00
 2.49999e+00
 2.49994e+00
 2.49971e+00
 2.49885e+00
 2.49615e+00
 2.48918e+00
 2.47466e+00
 2.45028e+00
 2.41628e+00
 2.37486e+00
 2.32824e+00
 2.27774e+00
 2.22388e+00
 2.16676e+00
 2.10626e+00
 2.04223e+00
 1.97459e+00
 1.90374e+00
 1.83178e+00
 1.76697e+00
 1.73728e+00
 1.75519e+00
 1.77116e+00
 1.77541e+00
 1.77869e+00
 3.13554e+00
 3.05286e+00
 3.00336e+00
 2.97031e+00
 2.94683e+00
 2.92931e+00
 2.91570e+00
 2.90477e+00
 2.89579e+00
 2.88830e+00
 2.88196e+00
 2.87652e+00
 2.87179e+00
 2.86760e+00
 2.86383e+00
 2.86030e+00
 2.85682e+00
 2.85308e+00
 2.84848e+00
 2.84195e+00
 2.83143e+00
 2.81344e+00
 2.78263e+00
 2.73227e+00
 2.65605e+00
 2.55133e+00
 2.42324e+00
 2.28740e+00
 2.16706e+00
 2.08139e+00
 2.03343e+00
 2.01201e+00
 2.00397e+00
 2.00126e+00
 2.00039e+00
 2.00012e+00
 2.00004e+00
 2.00001e+00
 2.00000e+00
 2.00000e+00
 2.00000e+00
 2.00000e+00
 2.00000e+00
 2.00000e+00
 2.00000e+00
 2.00000e+00
 2.00000e+00
 2.00000e+00
 2.00000e+00
 2.00000e+00
 2.50000e+00
 2.50000e+00
 2.50000e+00
 2.50000e+00
 2.50000e+00
 2.50000e+00
 2.50000e+00
 2.50000e+00
 2.50000e+00
 2.50000e+00
 2.50000e+00
 2.50000e+00
 2.50000e+00
 2.50000e+00
 2.50000e+00
 2.50000e+00
 2.50000e+00
 2.50000e+00
 2.50000e+00
 2.50000e+00
 2.50000e+00
 2.50000e+00
 2.50000e+00
 2.50000e+00
 2.50000e+00
 2.49999e+00
 2.49994e+00
 2.49971e+00
 2.49885e+00
 2.49615e+00
 2.48918e+00
 2.47466e+00
 2.45028e+00
 2.41628e+00
 2.37486e+00
 2.32824e+00
 2.27774e+00
 2.22388e+00
 2.16676e+00
 2.10626e+00
 2.04223e+00
 1.97459e+00
 1.90374e+00
 1.83178e+00
 1.76697e+00
 1.73728e+00
 1.75519e+00
 1.77116e+00
 1.77541e+00
 1.77869e+00
 3.13554e+00
 3.05286e+00
 3.00336e+00
 2.97031e+00
 2.94683e+00
 2.92931e+00
 2.91570e+00
 2.90477e+00
 2.89579e+00
 2.88830e+00
 2.88196e+00
 2.87652e+00
 2.87179e+00
 2.86760e+00
 2.86383e+00
 2.86030e+00
 2.85682e+00
 2.85308e+00
 2.84848e+00
 2.84195e+00
 2.83143e+00
 2.81344e+00
 2.78263e+00
 2.73227e+00
 2.65605e+00
 2.55133e+00
 2.42324e+00
 2.28740e+00
 2.16706e+00
 2.08139e+00
 2.03343e+00
 2.01201e+00
 2.00397e+00
 2.00126e+00
 2.00039e+00
 2.00012e+00
 2.00004e+00
 2.00001e+00
 2.00000e+00
 2.00000e+00
 2.00000e+00
 2.00000e+00
 2.00000e+00
 2.00000e+00
 2.00000e+00
 2.00000e+00
 2.00000e+00
 2.00000e+00
 2.00000e+00
 2.00000e+00
 2.50000e+00
 2.50000e+00
 2.50000e+00
 2.50000e+00
 2.50000e+00
 2.50000e+00
 2.50000e+00
 2.50000e+00
 2.50000e+00
 2.50000e+00
 2.50000e+00
 2.50000e+00
 2.50000e+00
 2.50000e+00
 2.50000e+00
 2.50000e+00
 2.50000e+00
 2.50000e+00
 2.50000e+00
 2.50000e+00
 2.50000e+00
 2.50000e+00
 2.50000e+00
 2.50000e+00
 2.50000e+00
 2.49999e+00
 2.49994e+00
 2.49971e+00
 2.49885e+00
 2.49615e+00
 2.48918e+00
 2.47466e+00
 2.45028e+00
 2.41628e+00
 2.37486e+00
 2.32824e+00
 2.27774e+00
 2.22388e+00
 2.16676e+00
 2.10626e+00
 2.04223e+00
 1.97459e+00
 1.90374e+00
 1.83178e+00
 1.76697e+00
 1.73728e+00
 1.75519e+00
 1.77116e+00
 1.77541e+00
 1.77869e+00
 3.13554e+00
 3.05286e+00
 3.00336e+00
 2.97031e+00
 2.94683e+00
 2.92931e+00
 2.91570e+00
 2.90477e+00
 2.89579e+00
 2.88830e+00
 2.88196e+00
 2.87652e+00
 2.87179e+00
 2.86760e+00
 2.86383e+00
 2.86030e+00
 2.85682e+00
 2.85308e+00
 2.84848e+00
 2.84195e+00
 2.83143e+00
 2.81344e+00
 2.78263e+00
 2.73227e+00
 2.65605e+00
 2.55133e+00
 2.42324e+00
 2.28740e+00
 2.16706e+00
 2.08139e+00
 2.03343e+00
 2.01201e+00
 2.00397e+00
 2.00126e+00
 2.00039e+00
 2.00012e+00
 2.00004e+00
 2.00001e+00
 2.00000e+00
 2.00000e+00
 2.00000e+00
 2.00000e+00
 2.00000e+00
 2.00000e+00
 2.00000e+00
 2.00000e+00
 2.00000e+00
 2.00000e+00
 2.00000e+00
 2.00000e+00
 2.50000e+00
 2.50000e+00
 2.50000e+00
 2.50000e+00
 2.50000e+00
 2.50000e+00
 2.50000e+00
 2.50000e+00
 2.50000e+00
 2.50000e+00
 2.50000e+00
 2.50000e+00
 2.50000e+00
 2.50000e+00
 2.50000e+00
 2.50000e+00
 2.50000e+00
 2.50000e+00
 2.50000e+00
 2.50000e+00
 2.50000e+00
 2.50000e+00
 2.50000e+00
 2.50000e+00
 2.50000e+00
 2.49999e+00
 2.49994e+00
 2.49971e+00
 2.49885e+00
 2.49615e+00
 2.48918e+00
 2.47466e+00
 2.45028e+00
 2.41628e+00
 2.37486e+00
 2.32824e+00
 2.27774e+00
 2.22388e+00
 2.16676e+00
 2.10626e+00
 2.04223e+00
 1.97459e+00
 1.90374e+00
 1.83178e+00
 1.76697e+00
 1.73728e+00
 1.75519e+00
 1.77116e+00
 1.77541e+00
 1.77869e+00
 3.13554e+00
 3.05286e+00
 3.00336e+00
 2.97031e+00
 2.94683e+00
 2.92931e+00
 2.91570e+00
 2.90477e+00
 2.89579e+00
 2.88830e+00
 2.88196e+00
 2.87652e+00
 2.87179e+00
 2.86760e+00
 2.86383e+00
 2.86030e+00
 2.85682e+00
 2.85308e+00
 2.84848e+00
 2.84195e+00
 2.83143e+00
 2.81344e+00
 2.78263e+00
 2.73227e+00
 2.65605e+00
 2.55133e+00
 2.42324e+00
 2.28740e+00
 2.16706e+00
 2.08139e+00
 2.03343e+00
 2.01201e+00
 2.00397e+00
 2.00126e+00
 2.00039e+00
 2.00012e+00
 2.00004e+00
 2.00001e+00
 2.00000e+00
 2.00000e+00
 2.00000e+00
 2.00000e+00
 2.00000e+00
 2.00000e+00
 2.00000e+00
 2.00000e+00
 2.00000e+00
 2.00000e+00
 2.00000e+00
 2.00000e+00
 2.50000e+00
 2.50000e+00
 2.50000e+00
 2.50000e+00
 2.50000e+00
 2.50000e+00
 2.50000e+00
 2.50000e+00
 2.50000e+00
 2.50000e+00
 2.50000e+00
 2.50000e+00
 2.50000e+00
 2.50000e+00
 2.50000e+00
 2.50000e+00
 2.50000e+00
 2.50000e+00
 2.50000e+00
 2.50000e+00
 2.50000e+00
 2.50000e+00
 2.50000e+00
 2.50000e+00
 2.50000e+00
 2.49999e+00
 2.49994e+00
 2.49971e+00
 2.49885e+00
 2.49615e+00
 2.48918e+00
 2.47466e+00
 2.45028e+00
 2.41628e+00
 2.37486e+00
 2.32824e+00
 2.27774e+00
 2.22388e+00
 2.16676e+00
 2.10626e+00
 2.04223e+00
 1.97459e+00
 1.90374e+00
 1.83178e+00
 1.76697e+00
 1.73728e+00
 1.75519e+00
 1.77116e+00
 1.77541e+00
 1.77869e+00
 3.13554e+00
 3.05286e+00
 3.00336e+00
 2.97031e+00
 2.94683e+00
 2.92931e+00
 2.91570e+00
 2.90477e+00
 2.89579e+00
 2.88830e+00
 2.88196e+00
 2.87652e+00
 2.87179e+00
 2.86760e+00
 2.86383e+00
 2.86030e+00
 2.85682e+00
 2.85308e+00
 2.84848e+00
 2.84195e+00
 2.83143e+00
 2.81344e+00
 2.78263e+00
 2.73227e+00
 2.65605e+00
 2.55133e+00
 2.42324e+00
 2.28740e+00
 2.16706e+00
 2.08139e+00
 2.03343e+00
 2.01201e+00
 2.00397e+00
 2.00126e+00
 2.00039e+00
 2.00012e+00
 2.00004e+00
 2.00001e+00
 2.00000e+00
 2.00000e+00
 2.00000e+00
 2.00000e+00
 2.00000e+00
 2.00000e+00
 2.00000e+00
 2.00000e+00
 2.00000e+00
 2.00000e+00
 2.00000e+00
 2.00000e+00
 2.50000e+00
 2.50000e+00
 2.50000e+00
 2.50000e+00
 2.50000e+00
 2.50000e+00
 2.50000e+00
 2.50000e+00
 2.50000e+00
 2.50000e+00
 2.50000e+00
 2.50000e+00
 2.50000e+00
 2.50000e+00
 2.50000e+00
 2.50000e+00
 2.50000e+00
 2.50000e+00
 2.50000e+00
 2.50000e+00
 2.50000e+00
 2.50000e+00
 2.50000e+00
 2.50000e+00
 2.50000e+00
 2.49999e+00
 2.49994e+00
 2.49971e+00
 2.49885e+00
 2.49615e+00
 2.48918e+00
 2.47466e+00
 2.45028e+00
 2.41628e+00
 2.37486e+00
 2.32824e+00
 2.27774e+00
 2.22388e+00
 2.16676e+00
 2.10626e+00
 2.04223e+00
 1.97459e+00
 1.90374e+00
 1.83178e+00
 1.76697e+00
 1.73728e+00
 1.75519e+00
 1.77116e+00
 1.77541e+00
 1.77869e+00
 3.13554e+00
 3.05286e+00
 3.00336e+00
 2.97031e+00
 2.94683e+00
 2.92931e+00
 2.91570e+00
 2.90477e+00
 2.89579e+00
 2.88830e+00
 2.88196e+00
 2.87652e+00
 2.87179e+00
 2.86760e+00
 2.86383e+00
 2.86030e+00
 2.85682e+00
 2.85308e+00
 2.84848e+00
 2.84195e+00
 2.83143e+00
 2.81344e+00
 2.78263e+00
 2.73227e+00
 2.65605e+00
 2.55133e+00
 2.42324e+00
 2.28740e+00
 2.16706e+00
 2.08139e+00
 2.03343e+00
 2.01201e+00
 2.00397e+00
 2.00126e+00
 2.00039e+00
 2.00012e+00
 2.00004e+00
 2.00001e+00
 2.00000e+00
 2.00000e+00
 2.00000e+00
 2.00000e+00
 2.00000e+00
 2.00000e+00
 2.00000e+00
 2.00000e+00
 2.00000e+00
 2.00000e+00
 2.00000e+00
 2.00000e+00
 2.50000e+00
 2.50000e+00
 2.50000e+00
 2.50000e+00
 2.50000e+00
 2.50000e+00
 2.50000e+00
 2.50000e+00
 2.50000e+00
 2.50000e+00
 2.50000e+00
 2.50000e+00
 2.50000e+00
 2.50000e+00
 2.50000e+00
 2.50000e+00
 2.50000e+00
 2.50000e+00
 2.50000e+00
 2.50000e+00
 2.50000e+00
 2.50000e+00
 2.50000e+00
 2.50000e+00
 2.50000e+00
 2.49999e+00
 2.49994e+00
 2.49971e+00
 2.49885e+00
 2.49615e+00
 2.48918e+00
 2.47466e+00
 2.45028e+00
 2.41628e+00
 2.37486e+00
 2.32824e+00
 2.27774e+00
 2.22388e+00
 2.16676e+00
 2.10626e+00
 2.04223e+00
 1.97459e+00
 1.90374e+00
 1.83178e+00
 1.76697e+00
 1.73728e+00
 1.75519e+00
 1.77116e+00
 1.77541e+00
 1.77869e+00
 3.13554e+00
 3.05286e+00
 3.00336e+00
 2.97031e+00
 2.94683e+00
 2.92931e+00
 2.91570e+00
 2.90477e+00
 2.89579e+00
 2.88830e+00
 2.88196e+00
 2.87652e+00
 2.87179e+00
 2.86760e+00
 2.86383e+00
 2.86030e+00
 2.85682e+00
 2.85308e+00
 2.84848e+00
 2.84195e+00
 2.83143e+00
 2.81344e+00
 2.78263e+00
 2.73227e+00
 2.65605e+00
 2.55133e+00
 2.42324e+00
 2.28740e+00
 2.16706e+00
 2.08139e+00
 2.03343e+00
 2.01201e+00
 2.00397e+00
 2.00126e+00
 2.00039e+00
 2.00012e+00
 2.00004e+00
 2.00001e+00
 2.00000e+00
 2.00000e+00
 2.00000e+00
 2.00000e+00
 2.00000e+00
 2.00000e+00
 2.00000e+00
 2.00000e+00
 2.00000e+00
 2.00000e+00
 2.00000e+00
 2.00000e+00
 2.50000e+00
 2.50000e+00
 2.50000e+00
 2.50000e+00
 2.50000e+00
 2.50000e+00
 2.50000e+00
 2.50000e+00
 2.50000e+00
 2.50000e+00
 2.50000e+00
 2.50000e+00
 2.50000e+00
 2.50000e+00
 2.50000e+00
 2.50000e+00
 2.50000e+00
 2.50000e+00
 2.50000e+00
 2.50000e+00
 2.50000e+00
 2.50000e+00
 2.50000e+00
 2.50000e+00
 2.50000e+00
 2.49999e+00
 2.49994e+00
 2.49971e+00
 2.49885e+00
 2.49615e+00
 2.48918e+00
 2.47466e+00
 2.45028e+00
 2.41628e+00
 2.37486e+00
 2.32824e+00
 2.27774e+00
 2.22388e+00
 2.16676e+00
 2.10626e+00
 2.04223e+00
 1.97459e+00
 1.90374e+00
 1.83178e+00
 1.76697e+00
 1.73728e+00
 1.75519e+00
 1.77116e+00
 1.77541e+00
 1.77869e+00
 3.13554e+00
 3.05286e+00
 3.00336e+00
 2.97031e+00
 2.94683e+00
 2.92931e+00
 2.91570e+00
 2.90477e+00
 2.89579e+00
 2.88830e+00
 2.88196e+00
 2.87652e+00
 2.87179e+00
 2.86760e+00
 2.86383e+00
 2.86030e+00
 2.85682e+00
 2.85308e+00
 2.84848e+00
 2.84195e+00
 2.83143e+00
 2.81344e+00
 2.78263e+00
 2.73227e+00
 2.65605e+00
 2.55133e+00
 2.42324e+00
 2.28740e+00
 2.16706e+00
 2.08139e+00
 2.03343e+00
 2.01201e+00
 2.00397e+00
 2.00126e+00
 2.00039e+00
 2.00012e+00
 2.00004e+00
 2.00001e+00
 2.00000e+00
 2.00000e+00
 2.00000e+00
 2.00000e+00
 2.00000e+00
 2.00000e+00
 2.00000e+00
 2.00000e+00
 2.00000e+00
 2.00000e+00
 2.00000e+00
 2.00000e+00
 2.50000e+00
 2.50000e+00
 2.50000e+00
 2.50000e+00
 2.50000e+00
 2.50000e+00
 2.50000e+00
 2.50000e+00
 2.50000e+00
 2.50000e+00
 2.50000e+00
 2.50000e+00
 2.50000e+00
 2.50000e+00
 2.50000e+00
 2.50000e+00
 2.50000e+00
 2.50000e+00
 2.50000e+00
 2.50000e+00
 2.50000e+00
 2.50000e+00
 2.50000e+00
 2.50000e+00
 2.50000e+00
 2.49999e+00
 2.49994e+00
 2.49971e+00
 2.49885e+00
 2.49615e+00
 2.48918e+00
 2.47466e+00
 2.45028e+00
 2.41628e+00
 2.37486e+00
 2.32824e+00
 2.27774e+00
 2.22388e+00
 2.16676e+00
 2.10626e+00
 2.04223e+00
 1.97459e+00
 1.90374e+00
 1.83178e+00
 1.76697e+00
 1.73728e+00
 1.75519e+00
 1.77116e+00
 1.77541e+00
 1.77869e+00
 3.13554e+00
 3.05286e+00
 3.00336e+00
 2.97031e+00
 2.94683e+00
 2.92931e+00
 2.91570e+00
 2.90477e+00
 2.89579e+00
 2.88830e+00
 2.88196e+00
 2.87652e+00
 2.87179e+00
 2.86760e+00
 2.86383e+00
 2.86030e+00
 2.85682e+00
 2.85308e+00
 2.84848e+00
 2.84195e+00
 2.83143e+00
 2.81344e+00
 2.78263e+00
 2.73227e+00
 2.65605e+00
 2.55133e+00
 2.42324e+00
 2.28740e+00
 2.16706e+00
 2.08139e+00
 2.03343e+00
 2.01201e+00
 2.00397e+00
 2.00126e+00
 2.00039e+00
 2.00012e+00
 2.00004e+00
 2.00001e+00
 2.00000e+00
 2.00000e+00
 2.00000e+00
 2.00000e+00
 2.00000e+00
 2.00000e+00
 2.00000e+00
 2.00000e+00
 2.00000e+00
 2.00000e+00
 2.00000e+00
 2.00000e+00
 2.50000e+00
 2.50000e+00
 2.50000e+00
 2.50000e+00
 2.50000e+00
 2.50000e+00
 2.50000e+00
 2.50000e+00
 2.50000e+00
 2.50000e+00
 2.50000e+00
 2.50000e+00
 2.50000e+00
 2.50000e+00
 2.50000e+00
 2.50000e+00
 2.50000e+00
 2.50000e+00
 2.50000e+00
 2.50000e+00
 2.50000e+00
 2.50000e+00
 2.50000e+00
 2.50000e+00
 2.50000e+00
 2.49999e+00
 2.49994e+00
 2.49971e+00
 2.49885e+00
 2.49615e+00
 2.48918e+00
 2.47466e+00
 2.45028e+00
 2.41628e+00
 2.37486e+00
 2.32824e+00
 2.27774e+00
 2.22388e+00
 2.16676e+00
 2.10626e+00
 2.04223e+00
 1.97459e+00
 1.90374e+00
 1.83178e+00
 1.76697e+00
 1.73728e+00
 1.75519e+00
 1.77116e+00
 1.77541e+00
 1.77869e+00
 3.13554e+00
 3.05286e+00
 3.00336e+00
 2.97031e+00
 2.94683e+00
 2.92931e+00
 2.91570e+00
 2.90477e+00
 2.89579e+00
 2.88830e+00
 2.88196e+00
 2.87652e+00
 2.87179e+00
 2.86760e+00
 2.86383e+00
 2.86030e+00
 2.85682e+00
 2.85308e+00
 2.84848e+00
 2.84195e+00
 2.83143e+00
 2.81344e+00
 2.78263e+00
 2.73227e+00
 2.65605e+00
 2.55133e+00
 2.42324e+00
 2.28740e+00
 2.16706e+00
 2.08139e+00
 2.03343e+00
 2.01201e+00
 2.00397e+00
 2.00126e+00
 2.00039e+00
 2.00012e+00
 2.00004e+00
 2.00001e+00
 2.00000e+00
 2.00000e+00
 2.00000e+00
 2.00000e+00
 2.00000e+00
 2.00000e+00
 2.00000e+00
 2.00000e+00
 2.00000e+00
 2.00000e+00
 2.00000e+00
 2.00000e+00
 2.50000e+00
 2.50000e+00
 2.50000e+00
 2.50000e+00
 2.50000e+00
 2.50000e+00
 2.50000e+00
 2.50000e+00
 2.50000e+00
 2.50000e+00
 2.50000e+00
 2.50000e+00
 2.50000e+00
 2.50000e+00
 2.50000e+00
 2.50000e+00
 2.50000e+00
 2.50000e+00
 2.50000e+00
 2.50000e+00
 2.50000e+00
 2.50000e+00
 2.50000e+00
 2.50000e+00
 2.50000e+00
 2.49999e+00
 2.49994e+00
 2.49971e+00
 2.49885e+00
 2.49615e+00
 2.48918e+00
 2.47466e+00
 2.45028e+00
 2.41628e+00
 2.37486e+00
 2.32824e+00
 2.27774e+00
 2.22388e+00
 2.16676e+00
 2.10626e+00
 2.04223e+00
 1.97459e+00
 1.90374e+00
 1.83178e+00
 1.76697e+00
 1.73728e+00
 1.75519e+00
 1.77116e+00
 1.77541e+00
 1.77869e+00
 3.13554e+00
 3.05286e+00
 3.00336e+00
 2.97031e+00
 2.94683e+00
 2.92931e+00
 2.91570e+00
 2.90477e+00
 2.89579e+00
 2.88830e+00
 2.88196e+00
 2.87652e+00
 2.87179e+00
 2.86760e+00
 2.86383e+00
 2.86030e+00
 2.85682e+00
 2.85308e+00
 2.84848e+00
 2.84195e+00
 2.83143e+00
 2.81344e+00
 2.78263e+00
 2.73227e+00
 2.65605e+00
 2.55133e+00
 2.42324e+00
 2.28740e+00
 2.16706e+00
 2.08139e+00
 2.03343e+00
 2.01201e+00
 2.00397e+00
 2.00126e+00
 2.00039e+00
 2.00012e+00
 2.00004e+00
 2.00001e+00
 2.00000e+00
 2.00000e+00
 2.00000e+00
 2.00000e+00
 2.00000e+00
 2.00000e+00
 2.00000e+00
 2.00000e+00
 2.00000e+00
 2.00000e+00
 2.00000e+00
 2.00000e+00
 2.50000e+00
 2.50000e+00
 2.50000e+00
 2.50000e+00
 2.50000e+00
 2.50000e+00
 2.50000e+00
 2.50000e+00
 2.50000e+00
 2.50000e+00
 2.50000e+00
 2.50000e+00
 2.50000e+00
 2.50000e+00
 2.50000e+00
 2.50000e+00
 2.50000e+00
 2.50000e+00
 2.50000e+00
 2.50000e+00
 2.50000e+00
 2.50000e+00
 2.50000e+00
 2.50000e+00
 2.50000e+00
 2.49999e+00
 2.49994e+00
 2.49971e+00
 2.49885e+00
 2.49615e+00
 2.48918e+00
 2.47466e+00
 2.45028e+00
 2.41628e+00
 2.37486e+00
 2.32824e+00
 2.27774e+00
 2.22388e+00
 2.16676e+00
 2.10626e+00
 2.04223e+00
 1.97459e+00
 1.90374e+00
 1.83178e+00
 1.76697e+00
 1.73728e+00
 1.75519e+00
 1.77116e+00
 1.77541e+00
 1.77869e+00
 3.13554e+00
 3.05286e+00
 3.00336e+00
 2.97031e+00
 2.94683e+00
 2.92931e+00
 2.91570e+00
 2.90477e+00
 2.89579e+00
 2.88830e+00
 2.88196e+00
 2.87652e+00
 2.87179e+00
 2.86760e+00
 2.86383e+00
 2.86030e+00
 2.85682e+00
 2.85308e+00
 2.84848e+00
 2.84195e+00
 2.83143e+00
 2.81344e+00
 2.78263e+00
 2.73227e+00
 2.65605e+00
 2.55133e+00
 2.42324e+00
 2.28740e+00
 2.16706e+00
 2.08139e+00
 2.03343e+00
 2.01201e+00
 2.00397e+00
 2.00126e+00
 2.00039e+00
 2.00012e+00
 2.00004e+00
 2.00001e+00
 2.00000e+00
 2.00000e+00
 2.00000e+00
 2.00000e+00
 2.00000e+00
 2.00000e+00
 2.00000e+00
 2.00000e+00
 2.00000e+00
 2.00000e+00
 2.00000e+00
 2.00000e+00
 2.50000e+00
 2.50000e+00
 2.50000e+00
 2.50000e+00
 2.50000e+00
 2.50000e+00
 2.50000e+00
 2.50000e+00
 2.50000e+00
 2.50000e+00
 2.50000e+00
 2.50000e+00
 2.50000e+00
 2.50000e+00
 2.50000e+00
 2.50000e+00
 2.50000e+00
 2.50000e+00
 2.50000e+00
 2.50000e+00
 2.50000e+00
 2.50000e+00
 2.50000e+00
 2.50000e+00
 2.50000e+00
 2.49999e+00
 2.49994e+00
 2.49971e+00
 2.49885e+00
 2.49615e+00
 2.48918e+00
 2.47466e+00
 2.45028e+00
 2.41628e+00
 2.37486e+00
 2.32824e+00
 2.27774e+00
 2.22388e+00
 2.16676e+00
 2.10626e+00
 2.04223e+00
 1.97459e+00
 1.90374e+00
 1.83178e+00
 1.76697e+00
 1.73728e+00
 1.75519e+00
 1.77116e+00
 1.77541e+00
 1.77869e+00
 3.13554e+00
 3.05286e+00
 3.00336e+00
 2.97031e+00
 2.94683e+00
 2.92931e+00
 2.91570e+00
 2.90477e+00
 2.89579e+00
 2.88830e+00
 2.88196e+00
 2.87652e+00
 2.87179e+00
 2.86760e+00
 2.86383e+00
 2.86030e+00
 2.85682e+00
 2.85308e+00
 2.84848e+00
 2.84195e+00
 2.83143e+00
 2.81344e+00
 2.78263e+00
 2.73227e+00
 2.65605e+00
 2.55133e+00
 2.42324e+00
 2.28740e+00
 2.16706e+00
 2.08139e+00
 2.03343e+00
 2.01201e+00
 2.00397e+00
 2.00126e+00
 2.00039e+00
 2.00012e+00
 2.00004e+00
 2.00001e+00
 2.00000e+00
 2.00000e+00
 2.00000e+00
 2.00000e+00
 2.00000e+00
 2.00000e+00
 2.00000e+00
 2.00000e+00
 2.00000e+00
 2.00000e+00
 2.00000e+00
 2.00000e+00
 2.50000e+00
 2.50000e+00
 2.50000e+00
 2.50000e+00
 2.50000e+00
 2.50000e+00
 2.50000e+00
 2.50000e+00
 2.50000e+00
 2.50000e+00
 2.50000e+00
 2.50000e+00
 2.50000e+00
 2.50000e+00
 2.50000e+00
 2.50000e+00
 2.50000e+00
 2.50000e+00
 2.50000e+00
 2.50000e+00
 2.50000e+00
 2.50000e+00
 2.50000e+00
 2.50000e+00
 2.50000e+00
 2.49999e+00
 2.49994e+00
 2.49971e+00
 2.49885e+00
 2.49615e+00
 2.48918e+00
 2.47466e+00
 2.45028e+00
 2.41628e+00
 2.37486e+00
 2.32824e+00
 2.27774e+00
 2.22388e+00
 2.16676e+00
 2.10626e+00
 2.04223e+00
 1.97459e+00
 1.90374e+00
 1.83178e+00
 1.76697e+00
 1.73728e+00
 1.75519e+00
 1.77116e+00
 1.77541e+00
 1.77869e+00
 3.13554e+00
 3.05286e+00
 3.00336e+00
 2.97031e+00
 2.94683e+00
 2.92931e+00
 2.91570e+00
 2.90477e+00
 2.89579e+00
 2.88830e+00
 2.88196e+00
 2.87652e+00
 2.87179e+00
 2.86760e+00
 2.86383e+00
 2.86030e+00
 2.85682e+00
 2.85308e+00
 2.84848e+00
 2.84195e+00
 2.83143e+00
 2.81344e+00
 2.78263e+00
 2.73227e+00
 2.65605e+00
 2.55133e+00
 2.42324e+00
 2.28740e+00
 2.16706e+00
 2.08139e+00
 2.03343e+00
 2.01201e+00
 2.00397e+00
 2.00126e+00
 2.00039e+00
 2.00012e+00
 2.00004e+00
 2.00001e+00
 2.00000e+00
 2.00000e+00
 2.00000e+00
 2.00000e+00
 2.00000e+00
 2.00000e+00
 2.00000e+00
 2.00000e+00
 2.00000e+00
 2.00000e+00
 2.00000e+00
 2.00000e+00
 2.50000e+00
 2.50000e+00
 2.50000e+00
 2.50000e+00
 2.50000e+00
 2.50000e+00
 2.50000e+00
 2.50000e+00
 2.50000e+00
 2.50000e+00
 2.50000e+00
 2.50000e+00
 2.50000e+00
 2.50000e+00
 2.50000e+00
 2.50000e+00
 2.50000e+00
 2.50000e+00
 2.50000e+00
 2.50000e+00
 2.50000e+00
 2.50000e+00
 2.50000e+00
 2.50000e+00
 2.50000e+00
 2.49999e+00
 2.49994e+00
 2.49971e+00
 2.49885e+00
 2.49615e+00
 2.48918e+00
 2.47466e+00
 2.45028e+00
 2.41628e+00
 2.37486e+00
 2.32824e+00
 2.27774e+00
 2.22388e+00
 2.16676e+00
 2.10626e+00
 2.04223e+00
 1.97459e+00
 1.90374e+00
 1.83178e+00
 1.76697e+00
 1.73728e+00
 1.75519e+00
 1.77116e+00
 1.77541e+00
 1.77869e+00
 3.13554e+00
 3.05286e+00
 3.00336e+00
 2.97031e+00
 2.94683e+00
 2.92931e+00
 2.91570e+00
 2.90477e+00
 2.89579e+00
 2.88830e+00
 2.88196e+00
 2.87652e+00
 2.87179e+00
 2.86760e+00
 2.86383e+00
 2.86030e+00
 2.85682e+00
 2.85308e+00
 2.84848e+00
 2.84195e+00
 2.83143e+00
 2.81344e+00
 2.78263e+00
 2.73227e+00
 2.65605e+00
 2.55133e+00
 2.42324e+00
 2.28740e+00
 2.16706e+00
 2.08139e+00
 2.03343e+00
 2.01201e+00
 2.00397e+00
 2.00126e+00
 2.00039e+00
 2.00012e+00
 2.00004e+00
 2.00001e+00
 2.00000e+00
 2.00000e+00
 2.00000e+00
 2.00000e+00
 2.00000e+00
 2.00000e+00
 2.00000e+00
 2.00000e+00
 2.00000e+00
 2.00000e+00
 2.00000e+00
 2.00000e+00
 2.50000e+00
 2.50000e+00
 2.50000e+00
 2.50000e+00
 2.50000e+00
 2.50000e+00
 2.50000e+00
 2.50000e+00
 2.50000e+00
 2.50000e+00
 2.50000e+00
 2.50000e+00
 2.50000e+00
 2.50000e+00
 2.50000e+00
 2.50000e+00
 2.50000e+00
 2.50000e+00
 2.50000e+00
 2.50000e+00
 2.50000e+00
 2.50000e+00
 2.50000e+00
 2.50000e+00
 2.50000e+00
 2.49999e+00
 2.49994e+00
 2.49971e+00
 2.49885e+00
 2.49615e+00
 2.48918e+00
 2.47466e+00
 2.45028e+00
 2.41628e+00
 2.37486e+00
 2.32824e+00
 2.27774e+00
 2.22388e+00
 2.16676e+00
 2.10626e+00
 2.04223e+00
 1.97459e+00
 1.90374e+00
 1.83178e+00
 1.76697e+00
 1.73728e+00
 1.75519e+00
 1.77116e+00
 1.77541e+00
 1.77869e+00
 3.13554e+00
 3.05286e+00
 3.00336e+00
 2.97031e+00
 2.94683e+00
 2.92931e+00
 2.91570e+00
 2.90477e+00
 2.89579e+00
 2.88830e+00
 2.88196e+00
 2.87652e+00
 2.87179e+00
 2.86760e+00
 2.86383e+00
 2.86030e+00
 2.85682e+00
 2.85308e+00
 2.84848e+00
 2.84195e+00
 2.83143e+00
 2.81344e+00
 2.78263e+00
 2.73227e+00
 2.65605e+00
 2.55133e+00
 2.42324e+00
 2.28740e+00
 2.16706e+00
 2.08139e+00
 2.03343e+00
 2.01201e+00
 2.00397e+00
 2.00126e+00
 2.00039e+00
 2.00012e+00
 2.00004e+00
 2.00001e+00
 2.00000e+00
 2.00000e+00
 2.00000e+00
 2.00000e+00
 2.00000e+00
 2.00000e+00
 2.00000e+00
 2.00000e+00
 2.00000e+00
 2.00000e+00
 2.00000e+00
 2.00000e+00
 2.50000e+00
 2.50000e+00
 2.50000e+00
 2.50000e+00
 2.50000e+00
 2.50000e+00
 2.50000e+00
 2.50000e+00
 2.50000e+00
 2.50000e+00
 2.50000e+00
 2.50000e+00
 2.50000e+00
 2.50000e+00
 2.50000e+00
 2.50000e+00
 2.50000e+00
 2.50000e+00
 2.50000e+00
 2.50000e+00
 2.50000e+00
 2.50000e+00
 2.50000e+00
 2.50000e+00
 2.50000e+00
 2.49999e+00
 2.49994e+00
 2.49971e+00
 2.49885e+00
 2.49615e+00
 2.48918e+00
 2.47466e+00
 2.45028e+00
 2.41628e+00
 2.37486e+00
 2.32824e+00
 2.27774e+00
 2.22388e+00
 2.16676e+00
 2.10626e+00
 2.04223e+00
 1.97459e+00
 1.90374e+00
 1.83178e+00
 1.76697e+00
 1.73728e+00
 1.75519e+00
 1.77116e+00
 1.77541e+00
 1.77869e+00
 3.13554e+00
 3.05286e+00
 3.00336e+00
 2.97031e+00
 2.94683e+00
 2.92931e+00
 2.91570e+00
 2.90477e+00
 2.89579e+00
 2.88830e+00
 2.88196e+00
 2.87652e+00
 2.87179e+00
 2.86760e+00
 2.86383e+00
 2.86030e+00
 2.85682e+00
 2.85308e+00
 2.84848e+00
 2.84195e+00
 2.83143e+00
 2.81344e+00
 2.78263e+00
 2.73227e+00
 2.65605e+00
 2.55133e+00
 2.42324e+00
 2.28740e+00
 2.16706e+00
 2.08139e+00
 2.03343e+00
 2.01201e+00
 2.00397e+00
 2.00126e+00
 2.00039e+00
 2.00012e+00
 2.00004e+00
 2.00001e+00
 2.00000e+00
 2.00000e+00
 2.00000e+00
 2.00000e+00
 2.00000e+00
 2.00000e+00
 2.00000e+00
 2.00000e+00
 2.00000e+00
 2.00000e+00
 2.00000e+00
 2.00000e+00
 2.50000e+00
 2.50000e+00
 2.50000e+00
 2.50000e+00
 2.50000e+00
 2.50000e+00
 2.50000e+00
 2.50000e+00
 2.50000e+00
 2.50000e+00
 2.50000e+00
 2.50000e+00
 2.50000e+00
 2.50000e+00
 2.50000e+00
 2.50000e+00
 2.50000e+00
 2.50000e+00
 2.50000e+00
 2.50000e+00
 2.50000e+00
 2.50000e+00
 2.50000e+00
 2.50000e+00
 2.50000e+00
 2.49999e+00
 2.49994e+00
 2.49971e+00
 2.49885e+00
 2.49615e+00
 2.48918e+00
 2.47466e+00
 2.45028e+00
 2.41628e+00
 2.37486e+00
 2.32824e+00
 2.27774e+00
 2.22388e+00
 2.16676e+00
 2.10626e+00
 2.04223e+00
 1.97459e+00
 1.90374e+00
 1.83178e+00
 1.76697e+00
 1.73728e+00
 1.75519e+00
 1.77116e+00
 1.77541e+00
 1.77869e+00
 3.13554e+00
 3.05286e+00
 3.00336e+00
 2.97031e+00
 2.94683e+00
 2.92931e+00
 2.91570e+00
 2.90477e+00
 2.89579e+00
 2.88830e+00
 2.88196e+00
 2.87652e+00
 2.87179e+00
 2.86760e+00
 2.86383e+00
 2.86030e+00
 2.85682e+00
 2.85308e+00
 2.84848e+00
 2.84195e+00
 2.83143e+00
 2.81344e+00
 2.78263e+00
 2.73227e+00
 2.65605e+00
 2.55133e+00
 2.42324e+00
 2.28740e+00
 2.16706e+00
 2.08139e+00
 2.03343e+00
 2.01201e+00
 2.00397e+00
 2.00126e+00
 2.00039e+00
 2.00012e+00
 2.00004e+00
 2.00001e+00
 2.00000e+00
 2.00000e+00
 2.00000e+00
 2.00000e+00
 2.00000e+00
 2.00000e+00
 2.00000e+00
 2.00000e+00
 2.00000e+00
 2.00000e+00
 2.00000e+00
 2.00000e+00
 2.50000e+00
 2.50000e+00
 2.50000e+00
 2.50000e+00
 2.50000e+00
 2.50000e+00
 2.50000e+00
 2.50000e+00
 2.50000e+00
 2.50000e+00
 2.50000e+00
 2.50000e+00
 2.50000e+00
 2.50000e+00
 2.50000e+00
 2.50000e+00
 2.50000e+00
 2.50000e+00
 2.50000e+00
 2.50000e+00
 2.50000e+00
 2.50000e+00
 2.50000e+00
 2.50000e+00
 2.50000e+00
 2.49999e+00
 2.49994e+00
 2.49971e+00
 2.49885e+00
 2.49615e+00
 2.48918e+00
 2.47466e+00
 2.45028e+00
 2.41628e+00
 2.37486e+00
 2.32824e+00
 2.27774e+00
 2.22388e+00
 2.16676e+00
 2.10626e+00
 2.04223e+00
 1.97459e+00
 1.90374e+00
 1.83178e+00
 1.76697e+00
 1.73728e+00
 1.75519e+00
 1.77116e+00
 1.77541e+00
 1.77869e+00
 3.13554e+00
 3.05286e+00
 3.00336e+00
 2.97031e+00
 2.94683e+00
 2.92931e+00
 2.91570e+00
 2.90477e+00
 2.89579e+00
 2.88830e+00
 2.88196e+00
 2.87652e+00
 2.87179e+00
 2.86760e+00
 2.86383e+00
 2.86030e+00
 2.85682e+00
 2.85308e+00
 2.84848e+00
 2.84195e+00
 2.83143e+00
 2.81344e+00
 2.78263e+00
 2.73227e+00
 2.65605e+00
 2.55133e+00
 2.42324e+00
 2.28740e+00
 2.16706e+00
 2.08139e+00
 2.03343e+00
 2.01201e+00
 2.00397e+00
 2.00126e+00
 2.00039e+00
 2.00012e+00
 2.00004e+00
 2.00001e+00
 2.00000e+00
 2.00000e+00
 2.00000e+00
 2.00000e+00
 2.00000e+00
 2.00000e+00
 2.00000e+00
 2.00000e+00
 2.00000e+00
 2.00000e+00
 2.00000e+00
 2.00000e+00
