1.2577892535548833E-04 2.4406805271854068E+02
3.3065954102888426E-04 2.4123979630539984E+02
6.6438847503013320E-04 2.3641888266661991E+02
1.2079977424249309E-03 2.1151337218595546E+02
2.0934799571507390E-03 1.7701334472568041E+02
3.5358371788245966E-03 1.4078884483266995E+02
5.6687836996370316E-03 9.8721971735491010E+01
8.0627158574995417E-03 7.6954679528469043E+01
1.0512910107041711E-02 6.4298069083731619E+01
1.3149961615222559E-02 5.5051778794458805E+01
1.5645003517556957E-02 4.8983350385582895E+01
1.8306459572821187E-02 4.5109188397163855E+01
2.1091276870116880E-02 4.0371265038582415E+01
2.3896066798047507E-02 3.7759792887882050E+01
2.6750430360778520E-02 3.5372154522287161E+01
2.9496479854995289E-02 3.1646843804752720E+01
3.2390040638955786E-02 3.0760084749727380E+01
3.5314819649475512E-02 2.9616779363581283E+01
3.8259331528950606E-02 2.6906313879477167E+01
4.1218163126719075E-02 2.6457135500151526E+01
4.4192232351801100E-02 2.4772339508308960E+01
4.7168030865604386E-02 2.5757809141691499E+01
5.0152967600916823E-02 2.1779320183318809E+01
5.3162037921367276E-02 2.1372786578812672E+01
5.6183445595343807E-02 2.0775058124182504E+01
5.9204440689664857E-02 2.0152737187090001E+01
6.2207236851098760E-02 1.9154135173267193E+01
6.5198714754067050E-02 1.8043024345119669E+01
6.8219753504492719E-02 1.7865341728002910E+01
7.1255598633121725E-02 1.6738739394064318E+01
7.4269723512670693E-02 1.7033553751749299E+01
7.7249744899753017E-02 1.6919273880510318E+01
8.0207954299990170E-02 1.5394379975805371E+01
8.3160410698770448E-02 1.6437495856917010E+01
8.6114545580182861E-02 1.4697509368462759E+01
8.9070427686522874E-02 1.4758749663391825E+01
9.2022357366009569E-02 1.4156575312476427E+01
9.4961370481923962E-02 1.3930774560710013E+01
9.7883285797337835E-02 1.3713112949528982E+01
1.0079149219952363E-01 1.3076050027801170E+01
1.0369251311704568E-01 1.3001792727763990E+01
1.0658944255503765E-01 1.2858839474327265E+01
1.0948102032027367E-01 1.3238877931942284E+01
1.1236565009682652E-01 1.2273638436015872E+01
1.1524441887145119E-01 1.2310599049670790E+01
1.1811831070674837E-01 1.2272230318947404E+01
1.2098478726276009E-01 1.1347080221570650E+01
1.2384027683656784E-01 1.1315511977345283E+01
1.2668425825414434E-01 1.1145505222145404E+01
1.2952002568051921E-01 1.0931691293949614E+01
1.3235207036247512E-01 1.0640419968575664E+01
1.3518152281006635E-01 1.1389006637164636E+01
1.3800541605450967E-01 1.0473693047811656E+01
1.4082034453165371E-01 1.0409749001309940E+01
1.4362546864014811E-01 1.0103052119808956E+01
1.4642240790197036E-01 9.9210750306457545E+00
1.4921334398757732E-01 9.9243751756954630E+00
1.5199925193309297E-01 9.9834111975164728E+00
1.5478004084532646E-01 9.4561870595206958E+00
1.5755558042720977E-01 9.5993763814077155E+00
1.6032601451259595E-01 9.0829651021026159E+00
1.6309143984739516E-01 9.0816318193168470E+00
1.6585152744355663E-01 9.0019598628560171E+00
1.6860574441312501E-01 9.0501743538144837E+00
1.7135397995433208E-01 9.1117334495490638E+00
1.7409668884324558E-01 9.1371185338779402E+00
1.7683476263395079E-01 8.7333417492727552E+00
1.7956906948380741E-01 8.6093095155979800E+00
1.8230014982845347E-01 8.4098491604353551E+00
1.8502811489821447E-01 8.4313951979649246E+00
1.8775257706887302E-01 8.6518218868149770E+00
1.9047311981668386E-01 7.8956014961419569E+00
1.9318950470469340E-01 8.5364496682402375E+00
1.9590169691626569E-01 7.8855711820336065E+00
1.9860990623756766E-01 8.0500105280732885E+00
2.0131449411947280E-01 7.7732432789598951E+00
2.0401583746233240E-01 7.6262264112376821E+00
2.0671416337733600E-01 7.9697839187906547E+00
2.0940943734340586E-01 7.7181693531942592E+00
2.1210164887876118E-01 7.3026787409945282E+00
2.1479087993929608E-01 7.8244751837896338E+00
2.1747720092619890E-01 7.9347619322606535E+00
2.2016066883196550E-01 7.3740796246869138E+00
2.2284129978699466E-01 7.0574391522762863E+00
2.2551909827398647E-01 7.0987818649884007E+00
2.2819410530783873E-01 7.4407278937376802E+00
2.3086635524212373E-01 6.8781456816589035E+00
2.3353587852024887E-01 7.5464108328412314E+00
2.3620273296960620E-01 6.8790696098258746E+00
2.3886702622771572E-01 7.2383843163901469E+00
2.4152890928288015E-01 6.7611198264875636E+00
2.4418853450883451E-01 7.1183298243682156E+00
2.4684601817168866E-01 6.5511759510582852E+00
2.4950134524182382E-01 6.5708441582398320E+00
2.5215437569960236E-01 6.6294358916972094E+00
2.5480494442893364E-01 6.2766485536707144E+00
2.5745296040065946E-01 6.3446833041263346E+00
2.6009844580908620E-01 6.4781533811233327E+00
2.6274149492831811E-01 6.2351012084443171E+00
2.6538223159051111E-01 6.1607084555751337E+00
2.6802076704684008E-01 6.4440230859950116E+00
2.7065716468112150E-01 6.0836057328271682E+00
2.7329143304170472E-01 6.2200660552980711E+00
2.7592353515296641E-01 6.0026548369191675E+00
2.7855341067555056E-01 6.3573759475979816E+00
2.8118100658545359E-01 5.9708007088750987E+00
2.8380630479490293E-01 5.8959023608234729E+00
2.8642932523759029E-01 6.1020688438549664E+00
2.8905010547773757E-01 5.8451246521752722E+00
2.9166867535216434E-01 6.0475220422355127E+00
2.9428504480970291E-01 5.6727183442937577E+00
2.9689920909662976E-01 6.1778885323571160E+00
2.9951116167263220E-01 5.8492533964281535E+00
3.0212090284422977E-01 5.6797041598954765E+00
3.0472844041172797E-01 5.9048934587426558E+00
3.0733378511255804E-01 5.6316346072135977E+00
3.0993694591203813E-01 5.8806778607875110E+00
3.1253792869996189E-01 5.3889085087432713E+00
3.1513673536767506E-01 5.7346659318613291E+00
3.1773336217286791E-01 5.2920152928820521E+00
3.2032779847506010E-01 5.7613522492183096E+00
3.2292002969265915E-01 5.3130496467970376E+00
3.2551004515766613E-01 5.4173264092274458E+00
3.2809784630657862E-01 5.5244759310047806E+00
3.3068344985337550E-01 5.3785189775200362E+00
3.3326688523354348E-01 5.2775100096399541E+00
3.3584818063027544E-01 5.8414947207140724E+00
3.3842735263731999E-01 5.4627624707609472E+00
3.4100440548985411E-01 5.1736373785026908E+00
3.4357933671059621E-01 5.0828510368700721E+00
3.4615214465988303E-01 5.0331442525013168E+00
3.4872283413384442E-01 5.0758161744391961E+00
3.5129141846426043E-01 4.8886092167107282E+00
3.5385791849630960E-01 5.6624082230441104E+00
3.5642235946698952E-01 5.1818312141035179E+00
3.5898476619806341E-01 4.9149819170549884E+00
3.6154515798398534E-01 5.1448801252051410E+00
3.6410354499212411E-01 4.8154773265858939E+00
3.6665992815153958E-01 4.7715090262884976E+00
3.6921430315152054E-01 4.8859874564375287E+00
3.7176666694099197E-01 4.7834884982110228E+00
3.7431702217212309E-01 4.7560335853300284E+00
3.7686537935190290E-01 4.7796754603347846E+00
3.7941175876125471E-01 4.9181038941639086E+00
3.8195618669517589E-01 4.8551360007627054E+00
3.8449868988007840E-01 4.7827077275814869E+00
3.8703929063502568E-01 4.6824528390002769E+00
3.8957800429167361E-01 4.9983289933922803E+00
3.9211483954919779E-01 4.5942579444330596E+00
3.9464980236400138E-01 4.5794308360023015E+00
3.9718289834560017E-01 4.4709496408220115E+00
3.9971413432687292E-01 4.3798326751694034E+00
4.0224351867747532E-01 4.5806066730673161E+00
4.0477106326661028E-01 4.4403107233962924E+00
4.0729678304683414E-01 4.6636836504538310E+00
4.0982069432335461E-01 4.3644820213761948E+00
4.1234281329635714E-01 4.4736058437533099E+00
4.1486315529325807E-01 4.5932291046964542E+00
4.1738173468328937E-01 4.4040349174404456E+00
4.1989856521669283E-01 4.2539421622046545E+00
4.2241366050964735E-01 4.6095480228781520E+00
4.2492703449362146E-01 4.6323868970033031E+00
4.2743870172515913E-01 4.4523320436029259E+00
4.2994867750524435E-01 4.2208676320424390E+00
4.3245697762352964E-01 4.2076962256670196E+00
4.3496361710344317E-01 4.3854518585031830E+00
4.3746861099003265E-01 4.4188302708693490E+00
4.3997197553025058E-01 4.0729032437335908E+00
4.4247372678267349E-01 4.1934183186449818E+00
4.4497388050051334E-01 4.2008772251219177E+00
4.4747245258131624E-01 4.6377271597348662E+00
4.4996945978405517E-01 4.0956906701080591E+00
4.5246491923874449E-01 4.2205625878681454E+00
4.5495884795139124E-01 3.9971745797670417E+00
4.5745126433814137E-01 3.9008770158206891E+00
4.5994218816127613E-01 4.3531830264709379E+00
4.6243164001919590E-01 4.0675410904128286E+00
4.6491964056199525E-01 4.0805264140065978E+00
4.6740620979098257E-01 3.9809453143212119E+00
4.6989136684674893E-01 4.1565331914382240E+00
4.7237513043030122E-01 3.9929188705525598E+00
4.7485751961726114E-01 3.9877774309842553E+00
4.7733855459925389E-01 3.9309091423307660E+00
4.7981825698647057E-01 3.8408678289289049E+00
4.8229664961807278E-01 4.1322096775221135E+00
4.8477375609705753E-01 4.1509376771469642E+00
4.8724960032319076E-01 3.8699966819729852E+00
4.8972420618200835E-01 3.7941866492201952E+00
4.9219759745072472E-01 3.7580852060206542E+00
4.9466979770623387E-01 3.6922146842108527E+00
4.9714083030383571E-01 3.8408025289831191E+00
4.9961071835444187E-01 3.8934626890908861E+00
5.0207948482205333E-01 3.7542183332343124E+00
5.0454715274646045E-01 3.9451480269971215E+00
5.0701374539674471E-01 3.6625148130033898E+00
5.0947928618164640E-01 3.8235168537955739E+00
5.1194379832508852E-01 3.6760352559083560E+00
5.1440730449634475E-01 3.7114220972220120E+00
5.1686982637666279E-01 3.5687803508731153E+00
5.1933138481461694E-01 3.6300589411130932E+00
5.2179200031054052E-01 3.6841775610226373E+00
5.2425169326621712E-01 3.8424452512501222E+00
5.2671048400034093E-01 3.6546004967577406E+00
5.2916839257375470E-01 3.5781752291707822E+00
5.3162543859053002E-01 3.6641222009030314E+00
5.3408164115967738E-01 3.5021226541960160E+00
5.3653701904576356E-01 3.6500661518526183E+00
5.3899159084099668E-01 3.4989230722219822E+00
5.4144537780940960E-01 3.5933230877033675E+00
5.4389840735764416E-01 3.4562065234424058E+00
5.4635070427120780E-01 3.4505477739070445E+00
5.4880228949203091E-01 3.8601380467983950E+00
5.5125318250292610E-01 3.4741998544242940E+00
5.5370340416708153E-01 3.4731390848642234E+00
5.5615297786629392E-01 3.4205420803273001E+00
5.5860192830384969E-01 3.3680740426414699E+00
5.6105027922684880E-01 3.7807373772935748E+00
5.6349805201303982E-01 3.5578838869191181E+00
5.6594526611348850E-01 3.5237229494466935E+00
5.6839194066048648E-01 3.4655177631236076E+00
5.7083809554953491E-01 3.4179798974664086E+00
5.7328375098530016E-01 3.3317445325945876E+00
5.7572892605322845E-01 3.3505864997300470E+00
5.7817363763588681E-01 3.2745928307192065E+00
5.8061790073418540E-01 3.2874008315080596E+00
5.8306172987196192E-01 3.3372144561179957E+00
5.8550514039999746E-01 3.3876271409538559E+00
5.8794814872993661E-01 3.5430534625932735E+00
5.9039077146933927E-01 3.4441816046730200E+00
5.9283302424912288E-01 3.3031352395457252E+00
5.9527492122661008E-01 3.2679061054679548E+00
5.9771647554127627E-01 3.3109113392931961E+00
6.0015770017840331E-01 3.1631523830767834E+00
6.0259860841129065E-01 3.4075898112856828E+00
6.0503921345005773E-01 3.5512853660580164E+00
6.0747952758469903E-01 3.3963142344535426E+00
6.0991956117636792E-01 3.1534277222840177E+00
6.1235932311208985E-01 3.3456079876362512E+00
6.1479882197516722E-01 3.0986918005509416E+00
6.1723806684662086E-01 3.2541387529036347E+00
6.1967706736867445E-01 3.2241015226170893E+00
6.2211583293939576E-01 3.2621282217802952E+00
6.2455437193622321E-01 3.0865431876726079E+00
6.2699269185902684E-01 3.2606071368441998E+00
6.2943079983637529E-01 3.3203007519610122E+00
6.3186870308212673E-01 3.2619820490494789E+00
6.3430640887777501E-01 3.0748298999212080E+00
6.3674392413384118E-01 3.1771437026501212E+00
6.3918125496210143E-01 3.0732529542460889E+00
6.4161840665508796E-01 3.0444894715989896E+00
6.4405538408750806E-01 2.9943783687293317E+00
6.4649219217536913E-01 3.0097324474438736E+00
6.4892883598198048E-01 3.2158155605708223E+00
6.5136532023284854E-01 3.0606701337877187E+00
6.5380164866481227E-01 2.9986494850868941E+00
6.5623782412546727E-01 3.1665680334865600E+00
6.5867384890930070E-01 3.2020469236216447E+00
6.6110972527278000E-01 3.1395894058737310E+00
6.6354545574830071E-01 3.0743782961683537E+00
6.6598104301398375E-01 2.9690812362669408E+00
6.6841648944542109E-01 2.9499787820684560E+00
6.7085179672486572E-01 2.8837767954537230E+00
6.7328696582840675E-01 2.8818446416346744E+00
6.7572199733266902E-01 2.9825039025125069E+00
6.7815689177310401E-01 2.9472823388877871E+00
6.8059164972682362E-01 2.8933125972011426E+00
6.8302627137893868E-01 2.9307594050746228E+00
6.8546075643207083E-01 2.8816807340806028E+00
6.8789510428509015E-01 2.9302879074131520E+00
6.9032931411280973E-01 2.9388005600552716E+00
6.9276338491865042E-01 2.8492102951348648E+00
6.9519731562647147E-01 2.9148156944909722E+00
6.9763110514981419E-01 3.0096586374511549E+00
7.0006475233547472E-01 2.8424892057102120E+00
7.0249825608129102E-01 2.9261322799952971E+00
7.0493161515265601E-01 2.8480120252015806E+00
7.0736482748341223E-01 2.8925722468525072E+00
7.0979789017285422E-01 2.8461448876278754E+00
7.1223079980280168E-01 2.7849633965835516E+00
7.1466355284783756E-01 2.7939587768539362E+00
7.1709614595619542E-01 2.7365919131417571E+00
7.1952857601822218E-01 2.8938310875644810E+00
7.2196084021962603E-01 3.0052857231172041E+00
7.2439293677998784E-01 2.8549508400334465E+00
7.2682486507856314E-01 2.7401688957690085E+00
7.2925662528661395E-01 2.7291697157319250E+00
7.3168821779987336E-01 2.7980447800566863E+00
7.3411964210096814E-01 2.8292144524960636E+00
7.3655089568910348E-01 2.7448040260421269E+00
7.3898197390668896E-01 2.6609906983853602E+00
7.4141287086067076E-01 2.9112410891079898E+00
7.4384358061048450E-01 2.7081715757725280E+00
7.4627409825061897E-01 2.6528314581023853E+00
7.4870441996176984E-01 2.7347798749360015E+00
7.5113454258241286E-01 2.8937142373453399E+00
7.5356446254764953E-01 2.6985293138083088E+00
7.5599417515240197E-01 2.8555246779725687E+00
7.5842367462113769E-01 2.6294381095195063E+00
7.6085295481920900E-01 2.6204090910915405E+00
7.6328201000752327E-01 2.6208205062712322E+00
7.6571083507854065E-01 2.6977567611551212E+00
7.6813942517698819E-01 2.7358466715792908E+00
7.7056777510740593E-01 2.7190463310438515E+00
7.7299587906426348E-01 2.6924540900785110E+00
7.7542373089953609E-01 2.7356598424136762E+00
7.7785132453049177E-01 2.6092765595840470E+00
7.8027865431326426E-01 2.6445681299753869E+00
7.8270571511642983E-01 2.9389399815984674E+00
7.8513250183894323E-01 2.6603449039324047E+00
7.8755900890493535E-01 2.6186473214631345E+00
7.8998523014440569E-01 2.6408606488443929E+00
7.9241115914514371E-01 2.7315410597539245E+00
7.9483678979149841E-01 2.5680385230378966E+00
7.9726211657528323E-01 2.6258450095140256E+00
7.9968713446231243E-01 2.5952412382282040E+00
8.0211183845175194E-01 2.5651470760708746E+00
8.0453622319047435E-01 2.5532175589772668E+00
8.0696028293409261E-01 2.4892372049152409E+00
8.0938401185411257E-01 2.5222568217205961E+00
8.1180740430190901E-01 2.5351213569056998E+00
8.1423045464007815E-01 2.6031030160882001E+00
8.1665315738075683E-01 2.4497527342824594E+00
8.1907550697978326E-01 2.8558217711998486E+00
8.2149749766955971E-01 2.5636449269272941E+00
8.2391912354960195E-01 2.5316811512777861E+00
8.2634037884370937E-01 2.5134232379942900E+00
8.2876125811465728E-01 2.5905002783883817E+00
8.3118175628278346E-01 2.4879633268543162E+00
8.3360186846270090E-01 2.6095541089709093E+00
8.3602158977293994E-01 2.4561162204726052E+00
8.3844091528002929E-01 2.5754992733084814E+00
8.4085984009584136E-01 2.4737884580076024E+00
8.4327835952723806E-01 2.3927332038957920E+00
8.4569646920083641E-01 2.6396553974547361E+00
8.4811416500211090E-01 2.5079125382833038E+00
8.5053144289100879E-01 2.4985455308906284E+00
8.5294829873549727E-01 2.4003953166080407E+00
8.5536472824478560E-01 2.4335563675610774E+00
8.5778072656410143E-01 2.4390613089699720E+00
8.6019628849373142E-01 2.4016593221817457E+00
8.6261140898769828E-01 2.7094582924424349E+00
8.6502608315944973E-01 2.4592431643108714E+00
8.6744030623199786E-01 2.3667751088315456E+00
8.6985407358102562E-01 2.7127931704372124E+00
8.7226738135493787E-01 2.5806247578529700E+00
8.7468022607406670E-01 2.3416367443728041E+00
8.7709260435464298E-01 2.4465940692153381E+00
8.7950451286683773E-01 2.6669718834152754E+00
8.8191594828542341E-01 2.4944185117530266E+00
8.8432690728908170E-01 2.3492888949205657E+00
8.8673738662508383E-01 2.3230071058978079E+00
8.8914738325425779E-01 2.2719032807229826E+00
8.9155689441635455E-01 2.3149420681721748E+00
8.9396591761903743E-01 2.3270546184766352E+00
8.9637445050226938E-01 2.2886814262400472E+00
8.9878249071311067E-01 2.3775058149745911E+00
9.0119003587442070E-01 2.5566526153220961E+00
9.0359708363553271E-01 2.3464951436698880E+00
9.0600363174955656E-01 2.2993696652883449E+00
9.0840967845560316E-01 2.2631213428419277E+00
9.1081522287364314E-01 2.4300861512043026E+00
9.1322026470915063E-01 2.3585951321430305E+00
9.1562480411223146E-01 2.5091122949237068E+00
9.1802884139067298E-01 2.2878215999835581E+00
9.2043237661869082E-01 2.3273813595775539E+00
9.2283540932553876E-01 2.2424556546023151E+00
9.2523793843331614E-01 2.3837785939631795E+00
9.2763996248163683E-01 2.3595448779573149E+00
9.3004148001500575E-01 2.2788408298799148E+00
9.3244248992295020E-01 2.2909117979951326E+00
9.3484299157046602E-01 2.4183492006891409E+00
9.3724298469917056E-01 2.2358180290601544E+00
9.3964246921591565E-01 2.3304048357661329E+00
9.4204144502802589E-01 2.1949586056618280E+00
9.4443991201780519E-01 2.2554402676309011E+00
9.4683787013554133E-01 2.3227201167617815E+00
9.4923531951297213E-01 2.2733688845200239E+00
9.5163226050285210E-01 2.2323950518784752E+00
9.5402869363363574E-01 2.2567395905867209E+00
9.5642461953641511E-01 2.2378344069327247E+00
9.5882003891490142E-01 2.4334577791073402E+00
9.6121495258687928E-01 2.1560727316559465E+00
9.6360936156321242E-01 2.1369037178580075E+00
9.6600326709808249E-01 2.3139593715415296E+00
9.6839667066621182E-01 2.1918748189408599E+00
9.7078957388053877E-01 2.2870635282133973E+00
9.7318197841054466E-01 2.1494203377688885E+00
9.7557388596188344E-01 2.3013572690352100E+00
9.7796529833520907E-01 2.1747589067144508E+00
9.8035621752170077E-01 2.1633248749838336E+00
9.8274664577391624E-01 2.2255429884458207E+00
9.8513658560897244E-01 2.2118505264443074E+00
9.8752603975331110E-01 2.2400887396804881E+00
9.8991501107924362E-01 2.2427833170263343E+00
9.9230350258472533E-01 2.2010083967727643E+00
9.9469151743060380E-01 2.0936267296098801E+00
9.9707905900415561E-01 2.0800974497353586E+00
9.9946613095852010E-01 2.0856689570216074E+00
