NodeMass
part
         1
coordinates
 2.37277e-07
 8.56724e-07
 1.27092e-06
 1.44607e-06
 1.74459e-06
 2.11906e-06
 2.49605e-06
 2.88131e-06
 3.42556e-06
 3.92311e-06
 4.47552e-06
 5.13907e-06
 5.85897e-06
 6.71847e-06
 7.69511e-06
 8.86411e-06
 1.02429e-05
 1.18979e-05
 1.38839e-05
 1.62848e-05
 1.91982e-05
 2.27534e-05
 2.71152e-05
 3.24992e-05
 3.91906e-05
 4.75707e-05
 5.81633e-05
 7.16995e-05
 8.92475e-05
 1.12437e-04
 1.43632e-04
 1.85813e-04
 2.42159e-04
 3.14824e-04
 4.01386e-04
 4.89024e-04
 5.54996e-04
 5.56698e-04
 4.70446e-04
 3.35167e-04
 2.34819e-04
 2.03131e-04
 2.00063e-04
 2.00000e-04
 2.00000e-04
 2.00000e-04
 2.00000e-04
 2.00000e-04
 2.00000e-04
 2.00000e-04
 2.00000e-04
 2.00000e-04
 2.00000e-04
 2.00000e-04
 2.00000e-04
 2.00000e-04
 2.00000e-04
 2.00000e-04
 2.00000e-04
 2.00000e-04
 1.00000e-04
 8.56724e-07
 2.10441e-06
 2.54599e-06
 2.78363e-06
 3.34863e-06
 3.84164e-06
 4.21597e-06
 4.95154e-06
 5.88329e-06
 6.78392e-06
 7.85379e-06
 9.08042e-06
 1.04727e-05
 1.21376e-05
 1.40929e-05
 1.64378e-05
 1.92317e-05
 2.25881e-05
 2.66226e-05
 3.14982e-05
 3.74117e-05
 4.46207e-05
 5.34556e-05
 6.43484e-05
 7.78711e-05
 9.47896e-05
 1.16155e-04
 1.43438e-04
 1.78780e-04
 2.25452e-04
 2.88204e-04
 3.73009e-04
 4.86226e-04
 6.32084e-04
 8.05539e-04
 9.80651e-04
 1.11171e-03
 1.11314e-03
 9.38471e-04
 6.67582e-04
 4.68318e-04
 4.06060e-04
 4.00121e-04
 4.00000e-04
 4.00000e-04
 4.00000e-04
 4.00000e-04
 4.00000e-04
 4.00000e-04
 4.00000e-04
 4.00000e-04
 4.00000e-04
 4.00000e-04
 4.00000e-04
 4.00000e-04
 4.00000e-04
 4.00000e-04
 4.00000e-04
 4.00000e-04
 4.00000e-04
 2.00000e-04
 1.27092e-06
 2.54599e-06
 2.55976e-06
 2.60463e-06
 3.03475e-06
 3.30652e-06
 3.32240e-06
 4.03979e-06
 4.81992e-06
 5.63653e-06
 6.69373e-06
 7.81331e-06
 9.20904e-06
 1.08487e-05
 1.28439e-05
 1.52204e-05
 1.80760e-05
 2.14983e-05
 2.56179e-05
 3.05920e-05
 3.66233e-05
 4.39705e-05
 5.29671e-05
 6.40491e-05
 7.77927e-05
 9.49705e-05
 1.16645e-04
 1.44302e-04
 1.80119e-04
 2.27426e-04
 2.91030e-04
 3.76932e-04
 4.91484e-04
 6.38692e-04
 8.12947e-04
 9.87478e-04
 1.11589e-03
 1.11156e-03
 9.30645e-04
 6.59093e-04
 4.64369e-04
 4.05478e-04
 4.00105e-04
 4.00000e-04
 4.00000e-04
 4.00000e-04
 4.00000e-04
 4.00000e-04
 4.00000e-04
 4.00000e-04
 4.00000e-04
 4.00000e-04
 4.00000e-04
 4.00000e-04
 4.00000e-04
 4.00000e-04
 4.00000e-04
 4.00000e-04
 4.00000e-04
 4.00000e-04
 2.00000e-04
 1.44607e-06
 2.78363e-06
 2.60463e-06
 2.57502e-06
 2.89072e-06
 3.17141e-06
 3.35741e-06
 4.03482e-06
 4.78585e-06
 5.66897e-06
 6.75378e-06
 7.94028e-06
 9.41808e-06
 1.11218e-05
 1.31744e-05
 1.55994e-05
 1.85055e-05
 2.19811e-05
 2.61647e-05
 3.12140e-05
 3.73389e-05
 4.48010e-05
 5.39417e-05
 6.52036e-05
 7.91735e-05
 9.66395e-05
 1.18684e-04
 1.46829e-04
 1.83315e-04
 2.31574e-04
 2.96511e-04
 3.84178e-04
 5.00923e-04
 6.50404e-04
 8.26041e-04
 9.99565e-04
 1.12322e-03
 1.10873e-03
 9.17048e-04
 6.44726e-04
 4.57962e-04
 4.04593e-04
 4.00082e-04
 4.00000e-04
 4.00000e-04
 4.00000e-04
 4.00000e-04
 4.00000e-04
 4.00000e-04
 4.00000e-04
 4.00000e-04
 4.00000e-04
 4.00000e-04
 4.00000e-04
 4.00000e-04
 4.00000e-04
 4.00000e-04
 4.00000e-04
 4.00000e-04
 4.00000e-04
 2.00000e-04
 1.74459e-06
 3.34863e-06
 3.03475e-06
 2.89072e-06
 3.05559e-06
 3.26796e-06
 3.60576e-06
 4.20981e-06
 4.94875e-06
 5.88017e-06
 6.96740e-06
 8.23960e-06
 9.75170e-06
 1.15156e-05
 1.36154e-05
 1.61025e-05
 1.90786e-05
 2.26422e-05
 2.69316e-05
 3.21107e-05
 3.83928e-05
 4.60474e-05
 5.54236e-05
 6.69772e-05
 8.13117e-05
 9.92394e-05
 1.21881e-04
 1.50813e-04
 1.88371e-04
 2.38124e-04
 3.05120e-04
 3.95506e-04
 5.15644e-04
 6.68678e-04
 8.46475e-04
 1.01839e-03
 1.13436e-03
 1.10436e-03
 8.97133e-04
 6.24550e-04
 4.49532e-04
 4.03538e-04
 4.00057e-04
 4.00000e-04
 4.00000e-04
 4.00000e-04
 4.00000e-04
 4.00000e-04
 4.00000e-04
 4.00000e-04
 4.00000e-04
 4.00000e-04
 4.00000e-04
 4.00000e-04
 4.00000e-04
 4.00000e-04
 4.00000e-04
 4.00000e-04
 4.00000e-04
 4.00000e-04
 2.00000e-04
 2.11906e-06
 3.84164e-06
 3.30652e-06
 3.17141e-06
 3.26796e-06
 3.49835e-06
 3.89279e-06
 4.50325e-06
 5.27913e-06
 6.21888e-06
 7.32680e-06
 8.63183e-06
 1.01719e-05
 1.19903e-05
 1.41504e-05
 1.67181e-05
 1.97889e-05
 2.34682e-05
 2.78976e-05
 3.32471e-05
 3.97376e-05
 4.76478e-05
 5.73397e-05
 6.92860e-05
 8.41134e-05
 1.02669e-04
 1.26123e-04
 1.56129e-04
 1.95154e-04
 2.46957e-04
 3.16790e-04
 4.10931e-04
 5.35734e-04
 6.93556e-04
 8.73996e-04
 1.04308e-03
 1.14737e-03
 1.09616e-03
 8.69665e-04
 5.98863e-04
 4.39800e-04
 4.02481e-04
 4.00035e-04
 4.00000e-04
 4.00000e-04
 4.00000e-04
 4.00000e-04
 4.00000e-04
 4.00000e-04
 4.00000e-04
 4.00000e-04
 4.00000e-04
 4.00000e-04
 4.00000e-04
 4.00000e-04
 4.00000e-04
 4.00000e-04
 4.00000e-04
 4.00000e-04
 4.00000e-04
 2.00000e-04
 2.49605e-06
 4.21597e-06
 3.32240e-06
 3.35741e-06
 3.60576e-06
 3.89279e-06
 4.36766e-06
 5.00951e-06
 5.80443e-06
 6.76734e-06
 7.90859e-06
 9.25411e-06
 1.08458e-05
 1.27288e-05
 1.49660e-05
 1.76318e-05
 2.08191e-05
 2.46428e-05
 2.92454e-05
 3.48075e-05
 4.15564e-05
 4.97851e-05
 5.98711e-05
 7.23102e-05
 8.77609e-05
 1.07115e-04
 1.31608e-04
 1.62997e-04
 2.03925e-04
 2.58402e-04
 3.31930e-04
 4.30946e-04
 5.61707e-04
 7.25406e-04
 9.08514e-04
 1.07310e-03
 1.15981e-03
 1.08116e-03
 8.33919e-04
 5.68649e-04
 4.29742e-04
 4.01570e-04
 4.00019e-04
 4.00000e-04
 4.00000e-04
 4.00000e-04
 4.00000e-04
 4.00000e-04
 4.00000e-04
 4.00000e-04
 4.00000e-04
 4.00000e-04
 4.00000e-04
 4.00000e-04
 4.00000e-04
 4.00000e-04
 4.00000e-04
 4.00000e-04
 4.00000e-04
 4.00000e-04
 2.00000e-04
 2.88131e-06
 4.95154e-06
 4.03979e-06
 4.03482e-06
 4.20981e-06
 4.50325e-06
 5.00951e-06
 5.67287e-06
 6.48998e-06
 7.47619e-06
 8.64999e-06
 1.00414e-05
 1.16933e-05
 1.36529e-05
 1.59871e-05
 1.87717e-05
 2.21049e-05
 2.61056e-05
 3.09243e-05
 3.67493e-05
 4.38205e-05
 5.24454e-05
 6.30226e-05
 7.60768e-05
 9.23045e-05
 1.12658e-04
 1.38454e-04
 1.71585e-04
 2.14924e-04
 2.72791e-04
 3.50984e-04
 4.56114e-04
 5.94142e-04
 7.64570e-04
 9.49727e-04
 1.10791e-03
 1.16873e-03
 1.05557e-03
 7.89651e-04
 5.35590e-04
 4.20399e-04
 4.00887e-04
 4.00009e-04
 4.00000e-04
 4.00000e-04
 4.00000e-04
 4.00000e-04
 4.00000e-04
 4.00000e-04
 4.00000e-04
 4.00000e-04
 4.00000e-04
 4.00000e-04
 4.00000e-04
 4.00000e-04
 4.00000e-04
 4.00000e-04
 4.00000e-04
 4.00000e-04
 4.00000e-04
 2.00000e-04
 3.42556e-06
 5.88329e-06
 4.81992e-06
 4.78585e-06
 4.94875e-06
 5.27913e-06
 5.80443e-06
 6.48998e-06
 7.34158e-06
 8.36486e-06
 9.58839e-06
 1.10414e-05
 1.27699e-05
 1.48263e-05
 1.72781e-05
 2.02072e-05
 2.37154e-05
 2.79297e-05
 3.30079e-05
 3.91504e-05
 4.66110e-05
 5.57164e-05
 6.68914e-05
 8.06947e-05
 9.78745e-05
 1.19453e-04
 1.46855e-04
 1.82145e-04
 2.28494e-04
 2.90593e-04
 3.74569e-04
 4.87195e-04
 6.33800e-04
 8.11427e-04
 9.97067e-04
 1.14499e-03
 1.17166e-03
 1.01695e-03
 7.36426e-04
 5.02033e-04
 4.12643e-04
 4.00441e-04
 4.00003e-04
 4.00000e-04
 4.00000e-04
 4.00000e-04
 4.00000e-04
 4.00000e-04
 4.00000e-04
 4.00000e-04
 4.00000e-04
 4.00000e-04
 4.00000e-04
 4.00000e-04
 4.00000e-04
 4.00000e-04
 4.00000e-04
 4.00000e-04
 4.00000e-04
 4.00000e-04
 2.00000e-04
 3.92311e-06
 6.78392e-06
 5.63653e-06
 5.66897e-06
 5.88017e-06
 6.21888e-06
 6.76734e-06
 7.47619e-06
 8.36486e-06
 9.43607e-06
 1.07216e-05
 1.22527e-05
 1.40783e-05
 1.62539e-05
 1.88512e-05
 2.19567e-05
 2.56790e-05
 3.01521e-05
 3.55454e-05
 4.20714e-05
 5.00024e-05
 5.96884e-05
 7.15852e-05
 8.62962e-05
 1.04630e-04
 1.27701e-04
 1.57064e-04
 1.95015e-04
 2.45094e-04
 3.12427e-04
 4.03484e-04
 5.25138e-04
 6.81572e-04
 8.66227e-04
 1.04946e-03
 1.17995e-03
 1.16499e-03
 9.64114e-04
 6.75499e-04
 4.70759e-04
 4.06954e-04
 4.00190e-04
 4.00001e-04
 4.00000e-04
 4.00000e-04
 4.00000e-04
 4.00000e-04
 4.00000e-04
 4.00000e-04
 4.00000e-04
 4.00000e-04
 4.00000e-04
 4.00000e-04
 4.00000e-04
 4.00000e-04
 4.00000e-04
 4.00000e-04
 4.00000e-04
 4.00000e-04
 4.00000e-04
 2.00000e-04
 4.47552e-06
 7.85379e-06
 6.69373e-06
 6.75378e-06
 6.96740e-06
 7.32680e-06
 7.90859e-06
 8.64999e-06
 9.58839e-06
 1.07216e-05
 1.20863e-05
 1.37150e-05
 1.56600e-05
 1.79810e-05
 2.07540e-05
 2.40725e-05
 2.80517e-05
 3.28363e-05
 3.86071e-05
 4.55938e-05
 5.40896e-05
 6.44723e-05
 7.72385e-05
 9.30418e-05
 1.12772e-04
 1.37651e-04
 1.69405e-04
 2.10635e-04
 2.65331e-04
 3.39106e-04
 4.38762e-04
 5.71088e-04
 7.38379e-04
 9.28911e-04
 1.10523e-03
 1.20752e-03
 1.14256e-03
 8.96709e-04
 6.11201e-04
 4.44390e-04
 4.03335e-04
 4.00070e-04
 4.00000e-04
 4.00000e-04
 4.00000e-04
 4.00000e-04
 4.00000e-04
 4.00000e-04
 4.00000e-04
 4.00000e-04
 4.00000e-04
 4.00000e-04
 4.00000e-04
 4.00000e-04
 4.00000e-04
 4.00000e-04
 4.00000e-04
 4.00000e-04
 4.00000e-04
 4.00000e-04
 2.00000e-04
 5.13907e-06
 9.08042e-06
 7.81331e-06
 7.94028e-06
 8.23960e-06
 8.63183e-06
 9.25411e-06
 1.00414e-05
 1.10414e-05
 1.22527e-05
 1.37150e-05
 1.54643e-05
 1.75556e-05
 2.00536e-05
 2.30397e-05
 2.66144e-05
 3.09028e-05
 3.60604e-05
 4.22836e-05
 4.98217e-05
 5.89930e-05
 7.02123e-05
 8.40200e-05
 1.01140e-04
 1.22555e-04
 1.49626e-04
 1.84304e-04
 2.29584e-04
 2.89996e-04
 3.71678e-04
 4.81706e-04
 6.26356e-04
 8.04963e-04
 9.98710e-04
 1.16290e-03
 1.22147e-03
 1.09698e-03
 8.16362e-04
 5.48984e-04
 4.24643e-04
 4.01378e-04
 4.00021e-04
 4.00000e-04
 4.00000e-04
 4.00000e-04
 4.00000e-04
 4.00000e-04
 4.00000e-04
 4.00000e-04
 4.00000e-04
 4.00000e-04
 4.00000e-04
 4.00000e-04
 4.00000e-04
 4.00000e-04
 4.00000e-04
 4.00000e-04
 4.00000e-04
 4.00000e-04
 4.00000e-04
 2.00000e-04
 5.85897e-06
 1.04727e-05
 9.20904e-06
 9.41808e-06
 9.75170e-06
 1.01719e-05
 1.08458e-05
 1.16933e-05
 1.27699e-05
 1.40783e-05
 1.56600e-05
 1.75556e-05
 1.98234e-05
 2.25345e-05
 2.57764e-05
 2.96587e-05
 3.43167e-05
 3.99206e-05
 4.66850e-05
 5.48821e-05
 6.48634e-05
 7.70837e-05
 9.21442e-05
 1.10850e-04
 1.34304e-04
 1.64040e-04
 2.02314e-04
 2.52628e-04
 3.20130e-04
 4.11482e-04
 5.33905e-04
 6.92349e-04
 8.81583e-04
 1.07359e-03
 1.21639e-03
 1.21679e-03
 1.02525e-03
 7.25580e-04
 4.94522e-04
 4.11812e-04
 4.00484e-04
 4.00005e-04
 4.00000e-04
 4.00000e-04
 4.00000e-04
 4.00000e-04
 4.00000e-04
 4.00000e-04
 4.00000e-04
 4.00000e-04
 4.00000e-04
 4.00000e-04
 4.00000e-04
 4.00000e-04
 4.00000e-04
 4.00000e-04
 4.00000e-04
 4.00000e-04
 4.00000e-04
 4.00000e-04
 2.00000e-04
 6.71847e-06
 1.21376e-05
 1.08487e-05
 1.11218e-05
 1.15156e-05
 1.19903e-05
 1.27288e-05
 1.36529e-05
 1.48263e-05
 1.62539e-05
 1.79810e-05
 2.00536e-05
 2.25345e-05
 2.55014e-05
 2.90501e-05
 3.33001e-05
 3.84004e-05
 4.45381e-05
 5.19492e-05
 6.09358e-05
 7.18865e-05
 8.53107e-05
 1.01878e-04
 1.22503e-04
 1.48434e-04
 1.81431e-04
 2.24174e-04
 2.80784e-04
 3.57091e-04
 4.60212e-04
 5.97174e-04
 7.70352e-04
 9.67611e-04
 1.15013e-03
 1.25411e-03
 1.18507e-03
 9.30245e-04
 6.31789e-04
 4.52544e-04
 4.04768e-04
 4.00140e-04
 4.00001e-04
 4.00000e-04
 4.00000e-04
 4.00000e-04
 4.00000e-04
 4.00000e-04
 4.00000e-04
 4.00000e-04
 4.00000e-04
 4.00000e-04
 4.00000e-04
 4.00000e-04
 4.00000e-04
 4.00000e-04
 4.00000e-04
 4.00000e-04
 4.00000e-04
 4.00000e-04
 4.00000e-04
 2.00000e-04
 7.69511e-06
 1.40929e-05
 1.28439e-05
 1.31744e-05
 1.36154e-05
 1.41504e-05
 1.49660e-05
 1.59871e-05
 1.72781e-05
 1.88512e-05
 2.07540e-05
 2.30397e-05
 2.57764e-05
 2.90501e-05
 3.29661e-05
 3.76565e-05
 4.32863e-05
 5.00626e-05
 5.82492e-05
 6.81820e-05
 8.03001e-05
 9.51724e-05
 1.13567e-04
 1.36525e-04
 1.65479e-04
 2.02517e-04
 2.50873e-04
 3.15406e-04
 4.02636e-04
 5.19958e-04
 6.73426e-04
 8.61005e-04
 1.06070e-03
 1.22365e-03
 1.26584e-03
 1.11562e-03
 8.17281e-04
 5.46732e-04
 4.24866e-04
 4.01592e-04
 4.00032e-04
 4.00000e-04
 4.00000e-04
 4.00000e-04
 4.00000e-04
 4.00000e-04
 4.00000e-04
 4.00000e-04
 4.00000e-04
 4.00000e-04
 4.00000e-04
 4.00000e-04
 4.00000e-04
 4.00000e-04
 4.00000e-04
 4.00000e-04
 4.00000e-04
 4.00000e-04
 4.00000e-04
 4.00000e-04
 2.00000e-04
 8.86411e-06
 1.64378e-05
 1.52204e-05
 1.55994e-05
 1.61025e-05
 1.67181e-05
 1.76318e-05
 1.87717e-05
 2.02072e-05
 2.19567e-05
 2.40725e-05
 2.66144e-05
 2.96587e-05
 3.33001e-05
 3.76565e-05
 4.28750e-05
 4.91395e-05
 5.66830e-05
 6.58005e-05
 7.68756e-05
 9.04001e-05
 1.07030e-04
 1.27651e-04
 1.53462e-04
 1.86149e-04
 2.28264e-04
 2.83752e-04
 3.58289e-04
 4.58994e-04
 5.93146e-04
 7.64363e-04
 9.63507e-04
 1.15569e-03
 1.28135e-03
 1.24255e-03
 1.00811e-03
 6.95849e-04
 4.80046e-04
 4.09714e-04
 4.00433e-04
 4.00006e-04
 4.00000e-04
 4.00000e-04
 4.00000e-04
 4.00000e-04
 4.00000e-04
 4.00000e-04
 4.00000e-04
 4.00000e-04
 4.00000e-04
 4.00000e-04
 4.00000e-04
 4.00000e-04
 4.00000e-04
 4.00000e-04
 4.00000e-04
 4.00000e-04
 4.00000e-04
 4.00000e-04
 4.00000e-04
 2.00000e-04
 1.02429e-05
 1.92317e-05
 1.80760e-05
 1.85055e-05
 1.90786e-05
 1.97889e-05
 2.08191e-05
 2.21049e-05
 2.37154e-05
 2.56790e-05
 2.80517e-05
 3.09028e-05
 3.43167e-05
 3.84004e-05
 4.32863e-05
 4.91395e-05
 5.61685e-05
 6.46356e-05
 7.48804e-05
 8.73350e-05
 1.02571e-04
 1.21350e-04
 1.44701e-04
 1.74033e-04
 2.11404e-04
 2.60006e-04
 3.24635e-04
 4.11782e-04
 5.28901e-04
 6.82256e-04
 8.70750e-04
 1.07449e-03
 1.24585e-03
 1.30414e-03
 1.17014e-03
 8.72999e-04
 5.82603e-04
 4.36374e-04
 4.03050e-04
 4.00092e-04
 4.00001e-04
 4.00000e-04
 4.00000e-04
 4.00000e-04
 4.00000e-04
 4.00000e-04
 4.00000e-04
 4.00000e-04
 4.00000e-04
 4.00000e-04
 4.00000e-04
 4.00000e-04
 4.00000e-04
 4.00000e-04
 4.00000e-04
 4.00000e-04
 4.00000e-04
 4.00000e-04
 4.00000e-04
 4.00000e-04
 2.00000e-04
 1.18979e-05
 2.25881e-05
 2.14983e-05
 2.19811e-05
 2.26422e-05
 2.34682e-05
 2.46428e-05
 2.61056e-05
 2.79297e-05
 3.01521e-05
 3.28363e-05
 3.60604e-05
 3.99206e-05
 4.45381e-05
 5.00626e-05
 5.66830e-05
 6.46356e-05
 7.42250e-05
 8.58364e-05
 9.99752e-05
 1.17310e-04
 1.38736e-04
 1.65465e-04
 1.99210e-04
 2.42583e-04
 2.99595e-04
 3.75971e-04
 4.78859e-04
 6.15457e-04
 7.89240e-04
 9.91051e-04
 1.18627e-03
 1.31466e-03
 1.27889e-03
 1.04536e-03
 7.25426e-04
 4.94809e-04
 4.13299e-04
 4.00757e-04
 4.00014e-04
 4.00000e-04
 4.00000e-04
 4.00000e-04
 4.00000e-04
 4.00000e-04
 4.00000e-04
 4.00000e-04
 4.00000e-04
 4.00000e-04
 4.00000e-04
 4.00000e-04
 4.00000e-04
 4.00000e-04
 4.00000e-04
 4.00000e-04
 4.00000e-04
 4.00000e-04
 4.00000e-04
 4.00000e-04
 4.00000e-04
 2.00000e-04
 1.38839e-05
 2.66226e-05
 2.56179e-05
 2.61647e-05
 2.69316e-05
 2.78976e-05
 2.92454e-05
 3.09243e-05
 3.30079e-05
 3.55454e-05
 3.86071e-05
 4.22836e-05
 4.66850e-05
 5.19492e-05
 5.82492e-05
 6.58005e-05
 7.48804e-05
 8.58364e-05
 9.91230e-05
 1.15336e-04
 1.35269e-04
 1.59985e-04
 1.90951e-04
 2.30359e-04
 2.81579e-04
 3.49583e-04
 4.40960e-04
 5.63066e-04
 7.21604e-04
 9.14305e-04
 1.11948e-03
 1.28797e-03
 1.33656e-03
 1.18983e-03
 8.84266e-04
 5.89591e-04
 4.39801e-04
 4.03792e-04
 4.00143e-04
 4.00002e-04
 4.00000e-04
 4.00000e-04
 4.00000e-04
 4.00000e-04
 4.00000e-04
 4.00000e-04
 4.00000e-04
 4.00000e-04
 4.00000e-04
 4.00000e-04
 4.00000e-04
 4.00000e-04
 4.00000e-04
 4.00000e-04
 4.00000e-04
 4.00000e-04
 4.00000e-04
 4.00000e-04
 4.00000e-04
 4.00000e-04
 2.00000e-04
 1.62848e-05
 3.14982e-05
 3.05920e-05
 3.12140e-05
 3.21107e-05
 3.32471e-05
 3.48075e-05
 3.67493e-05
 3.91504e-05
 4.20714e-05
 4.55938e-05
 4.98217e-05
 5.48821e-05
 6.09358e-05
 6.81820e-05
 7.68756e-05
 8.73350e-05
 9.99752e-05
 1.15336e-04
 1.34132e-04
 1.57311e-04
 1.86166e-04
 2.22585e-04
 2.69448e-04
 3.31069e-04
 4.13395e-04
 5.23541e-04
 6.68119e-04
 8.48936e-04
 1.05368e-03
 1.24421e-03
 1.35398e-03
 1.29131e-03
 1.03641e-03
 7.12118e-04
 4.89839e-04
 4.13005e-04
 4.00825e-04
 4.00019e-04
 4.00000e-04
 4.00000e-04
 4.00000e-04
 4.00000e-04
 4.00000e-04
 4.00000e-04
 4.00000e-04
 4.00000e-04
 4.00000e-04
 4.00000e-04
 4.00000e-04
 4.00000e-04
 4.00000e-04
 4.00000e-04
 4.00000e-04
 4.00000e-04
 4.00000e-04
 4.00000e-04
 4.00000e-04
 4.00000e-04
 4.00000e-04
 2.00000e-04
 1.91982e-05
 3.74117e-05
 3.66233e-05
 3.73389e-05
 3.83928e-05
 3.97376e-05
 4.15564e-05
 4.38205e-05
 4.66110e-05
 5.00024e-05
 5.40896e-05
 5.89930e-05
 6.48634e-05
 7.18865e-05
 8.03001e-05
 9.04001e-05
 1.02571e-04
 1.17310e-04
 1.35269e-04
 1.57311e-04
 1.84599e-04
 2.18806e-04
 2.62451e-04
 3.19316e-04
 3.94727e-04
 4.95358e-04
 6.28050e-04
 7.96773e-04
 9.95456e-04
 1.19629e-03
 1.34560e-03
 1.35425e-03
 1.16528e-03
 8.44688e-04
 5.64113e-04
 4.33132e-04
 4.03198e-04
 4.00131e-04
 4.00002e-04
 4.00000e-04
 4.00000e-04
 4.00000e-04
 4.00000e-04
 4.00000e-04
 4.00000e-04
 4.00000e-04
 4.00000e-04
 4.00000e-04
 4.00000e-04
 4.00000e-04
 4.00000e-04
 4.00000e-04
 4.00000e-04
 4.00000e-04
 4.00000e-04
 4.00000e-04
 4.00000e-04
 4.00000e-04
 4.00000e-04
 4.00000e-04
 2.00000e-04
 2.27534e-05
 4.46207e-05
 4.39705e-05
 4.48010e-05
 4.60474e-05
 4.76478e-05
 4.97851e-05
 5.24454e-05
 5.57164e-05
 5.96884e-05
 6.44723e-05
 7.02123e-05
 7.70837e-05
 8.53107e-05
 9.51724e-05
 1.07030e-04
 1.21350e-04
 1.38736e-04
 1.59985e-04
 1.86166e-04
 2.18806e-04
 2.60164e-04
 3.13611e-04
 3.83931e-04
 4.77281e-04
 6.00364e-04
 7.58161e-04
 9.48480e-04
 1.15182e-03
 1.32348e-03
 1.38632e-03
 1.26328e-03
 9.70939e-04
 6.55512e-04
 4.67165e-04
 4.09142e-04
 4.00577e-04
 4.00014e-04
 4.00000e-04
 4.00000e-04
 4.00000e-04
 4.00000e-04
 4.00000e-04
 4.00000e-04
 4.00000e-04
 4.00000e-04
 4.00000e-04
 4.00000e-04
 4.00000e-04
 4.00000e-04
 4.00000e-04
 4.00000e-04
 4.00000e-04
 4.00000e-04
 4.00000e-04
 4.00000e-04
 4.00000e-04
 4.00000e-04
 4.00000e-04
 4.00000e-04
 2.00000e-04
 2.71152e-05
 5.34556e-05
 5.29671e-05
 5.39417e-05
 5.54236e-05
 5.73397e-05
 5.98711e-05
 6.30226e-05
 6.68914e-05
 7.15852e-05
 7.72385e-05
 8.40200e-05
 9.21442e-05
 1.01878e-04
 1.13567e-04
 1.27651e-04
 1.44701e-04
 1.65465e-04
 1.90951e-04
 2.22585e-04
 2.62451e-04
 3.13611e-04
 3.80399e-04
 4.68459e-04
 5.84152e-04
 7.32790e-04
 9.14404e-04
 1.11519e-03
 1.29793e-03
 1.39706e-03
 1.33028e-03
 1.07960e-03
 7.52623e-04
 5.14132e-04
 4.20427e-04
 4.01822e-04
 4.00071e-04
 4.00001e-04
 4.00000e-04
 4.00000e-04
 4.00000e-04
 4.00000e-04
 4.00000e-04
 4.00000e-04
 4.00000e-04
 4.00000e-04
 4.00000e-04
 4.00000e-04
 4.00000e-04
 4.00000e-04
 4.00000e-04
 4.00000e-04
 4.00000e-04
 4.00000e-04
 4.00000e-04
 4.00000e-04
 4.00000e-04
 4.00000e-04
 4.00000e-04
 4.00000e-04
 2.00000e-04
 3.24992e-05
 6.43484e-05
 6.40491e-05
 6.52036e-05
 6.69772e-05
 6.92860e-05
 7.23102e-05
 7.60768e-05
 8.06947e-05
 8.62962e-05
 9.30418e-05
 1.01140e-04
 1.10850e-04
 1.22503e-04
 1.36525e-04
 1.53462e-04
 1.74033e-04
 1.99210e-04
 2.30359e-04
 2.69448e-04
 3.19316e-04
 3.83931e-04
 4.68459e-04
 5.78817e-04
 7.20242e-04
 8.93848e-04
 1.08945e-03
 1.27568e-03
 1.39782e-03
 1.37445e-03
 1.16518e-03
 8.43666e-04
 5.68982e-04
 4.37634e-04
 4.04444e-04
 4.00253e-04
 4.00005e-04
 4.00000e-04
 4.00000e-04
 4.00000e-04
 4.00000e-04
 4.00000e-04
 4.00000e-04
 4.00000e-04
 4.00000e-04
 4.00000e-04
 4.00000e-04
 4.00000e-04
 4.00000e-04
 4.00000e-04
 4.00000e-04
 4.00000e-04
 4.00000e-04
 4.00000e-04
 4.00000e-04
 4.00000e-04
 4.00000e-04
 4.00000e-04
 4.00000e-04
 4.00000e-04
 2.00000e-04
 3.91906e-05
 7.78711e-05
 7.77927e-05
 7.91735e-05
 8.13117e-05
 8.41134e-05
 8.77609e-05
 9.23045e-05
 9.78745e-05
 1.04630e-04
 1.12772e-04
 1.22555e-04
 1.34304e-04
 1.48434e-04
 1.65479e-04
 1.86149e-04
 2.11404e-04
 2.42583e-04
 2.81579e-04
 3.31069e-04
 3.94727e-04
 4.77281e-04
 5.84152e-04
 7.20242e-04
 8.86989e-04
 1.07625e-03
 1.26127e-03
 1.39445e-03
 1.40095e-03
 1.22716e-03
 9.19874e-04
 6.24377e-04
 4.59339e-04
 4.08769e-04
 4.00666e-04
 4.00022e-04
 4.00000e-04
 4.00000e-04
 4.00000e-04
 4.00000e-04
 4.00000e-04
 4.00000e-04
 4.00000e-04
 4.00000e-04
 4.00000e-04
 4.00000e-04
 4.00000e-04
 4.00000e-04
 4.00000e-04
 4.00000e-04
 4.00000e-04
 4.00000e-04
 4.00000e-04
 4.00000e-04
 4.00000e-04
 4.00000e-04
 4.00000e-04
 4.00000e-04
 4.00000e-04
 4.00000e-04
 2.00000e-04
 4.75707e-05
 9.47896e-05
 9.49705e-05
 9.66395e-05
 9.92394e-05
 1.02669e-04
 1.07115e-04
 1.12658e-04
 1.19453e-04
 1.27701e-04
 1.37651e-04
 1.49626e-04
 1.64040e-04
 1.81431e-04
 2.02517e-04
 2.28264e-04
 2.60006e-04
 2.99595e-04
 3.49583e-04
 4.13395e-04
 4.95358e-04
 6.00364e-04
 7.32790e-04
 8.93848e-04
 1.07625e-03
 1.25631e-03
 1.39178e-03
 1.41408e-03
 1.26572e-03
 9.76394e-04
 6.72900e-04
 4.82362e-04
 4.14508e-04
 4.01386e-04
 4.00063e-04
 4.00001e-04
 4.00000e-04
 4.00000e-04
 4.00000e-04
 4.00000e-04
 4.00000e-04
 4.00000e-04
 4.00000e-04
 4.00000e-04
 4.00000e-04
 4.00000e-04
 4.00000e-04
 4.00000e-04
 4.00000e-04
 4.00000e-04
 4.00000e-04
 4.00000e-04
 4.00000e-04
 4.00000e-04
 4.00000e-04
 4.00000e-04
 4.00000e-04
 4.00000e-04
 4.00000e-04
 4.00000e-04
 2.00000e-04
 5.81633e-05
 1.16155e-04
 1.16645e-04
 1.18684e-04
 1.21881e-04
 1.26123e-04
 1.31608e-04
 1.38454e-04
 1.46855e-04
 1.57064e-04
 1.69405e-04
 1.84304e-04
 2.02314e-04
 2.24174e-04
 2.50873e-04
 2.83752e-04
 3.24635e-04
 3.75971e-04
 4.40960e-04
 5.23541e-04
 6.28050e-04
 7.58161e-04
 9.14404e-04
 1.08945e-03
 1.26127e-03
 1.39178e-03
 1.41795e-03
 1.28403e-03
 1.01098e-03
 7.08545e-04
 5.02690e-04
 4.20714e-04
 4.02369e-04
 4.00140e-04
 4.00003e-04
 4.00000e-04
 4.00000e-04
 4.00000e-04
 4.00000e-04
 4.00000e-04
 4.00000e-04
 4.00000e-04
 4.00000e-04
 4.00000e-04
 4.00000e-04
 4.00000e-04
 4.00000e-04
 4.00000e-04
 4.00000e-04
 4.00000e-04
 4.00000e-04
 4.00000e-04
 4.00000e-04
 4.00000e-04
 4.00000e-04
 4.00000e-04
 4.00000e-04
 4.00000e-04
 4.00000e-04
 4.00000e-04
 2.00000e-04
 7.16995e-05
 1.43438e-04
 1.44302e-04
 1.46829e-04
 1.50813e-04
 1.56129e-04
 1.62997e-04
 1.71585e-04
 1.82145e-04
 1.95015e-04
 2.10635e-04
 2.29584e-04
 2.52628e-04
 2.80784e-04
 3.15406e-04
 3.58289e-04
 4.11782e-04
 4.78859e-04
 5.63066e-04
 6.68119e-04
 7.96773e-04
 9.48480e-04
 1.11519e-03
 1.27568e-03
 1.39445e-03
 1.41408e-03
 1.28403e-03
 1.02261e-03
 7.27333e-04
 5.16604e-04
 4.26011e-04
 4.03417e-04
 4.00244e-04
 4.00008e-04
 4.00000e-04
 4.00000e-04
 4.00000e-04
 4.00000e-04
 4.00000e-04
 4.00000e-04
 4.00000e-04
 4.00000e-04
 4.00000e-04
 4.00000e-04
 4.00000e-04
 4.00000e-04
 4.00000e-04
 4.00000e-04
 4.00000e-04
 4.00000e-04
 4.00000e-04
 4.00000e-04
 4.00000e-04
 4.00000e-04
 4.00000e-04
 4.00000e-04
 4.00000e-04
 4.00000e-04
 4.00000e-04
 4.00000e-04
 2.00000e-04
 8.92475e-05
 1.78780e-04
 1.80119e-04
 1.83315e-04
 1.88371e-04
 1.95154e-04
 2.03925e-04
 2.14924e-04
 2.28494e-04
 2.45094e-04
 2.65331e-04
 2.89996e-04
 3.20130e-04
 3.57091e-04
 4.02636e-04
 4.58994e-04
 5.28901e-04
 6.15457e-04
 7.21604e-04
 8.48936e-04
 9.95456e-04
 1.15182e-03
 1.29793e-03
 1.39782e-03
 1.40095e-03
 1.26572e-03
 1.01098e-03
 7.27333e-04
 5.21542e-04
 4.29064e-04
 4.04230e-04
 4.00349e-04
 4.00014e-04
 4.00000e-04
 4.00000e-04
 4.00000e-04
 4.00000e-04
 4.00000e-04
 4.00000e-04
 4.00000e-04
 4.00000e-04
 4.00000e-04
 4.00000e-04
 4.00000e-04
 4.00000e-04
 4.00000e-04
 4.00000e-04
 4.00000e-04
 4.00000e-04
 4.00000e-04
 4.00000e-04
 4.00000e-04
 4.00000e-04
 4.00000e-04
 4.00000e-04
 4.00000e-04
 4.00000e-04
 4.00000e-04
 4.00000e-04
 4.00000e-04
 2.00000e-04
 1.12437e-04
 2.25452e-04
 2.27426e-04
 2.31574e-04
 2.38124e-04
 2.46957e-04
 2.58402e-04
 2.72791e-04
 2.90593e-04
 3.12427e-04
 3.39106e-04
 3.71678e-04
 4.11482e-04
 4.60212e-04
 5.19958e-04
 5.93146e-04
 6.82256e-04
 7.89240e-04
 9.14305e-04
 1.05368e-03
 1.19629e-03
 1.32348e-03
 1.39706e-03
 1.37445e-03
 1.22716e-03
 9.76394e-04
 7.08545e-04
 5.16604e-04
 4.29064e-04
 4.04537e-04
 4.00415e-04
 4.00019e-04
 4.00000e-04
 4.00000e-04
 4.00000e-04
 4.00000e-04
 4.00000e-04
 4.00000e-04
 4.00000e-04
 4.00000e-04
 4.00000e-04
 4.00000e-04
 4.00000e-04
 4.00000e-04
 4.00000e-04
 4.00000e-04
 4.00000e-04
 4.00000e-04
 4.00000e-04
 4.00000e-04
 4.00000e-04
 4.00000e-04
 4.00000e-04
 4.00000e-04
 4.00000e-04
 4.00000e-04
 4.00000e-04
 4.00000e-04
 4.00000e-04
 4.00000e-04
 2.00000e-04
 1.43632e-04
 2.88204e-04
 2.91030e-04
 2.96511e-04
 3.05120e-04
 3.16790e-04
 3.31930e-04
 3.50984e-04
 3.74569e-04
 4.03484e-04
 4.38762e-04
 4.81706e-04
 5.33905e-04
 5.97174e-04
 6.73426e-04
 7.64363e-04
 8.70750e-04
 9.91051e-04
 1.11948e-03
 1.24421e-03
 1.34560e-03
 1.38632e-03
 1.33028e-03
 1.16518e-03
 9.19874e-04
 6.72900e-04
 5.02690e-04
 4.26011e-04
 4.04230e-04
 4.00415e-04
 4.00021e-04
 4.00000e-04
 4.00000e-04
 4.00000e-04
 4.00000e-04
 4.00000e-04
 4.00000e-04
 4.00000e-04
 4.00000e-04
 4.00000e-04
 4.00000e-04
 4.00000e-04
 4.00000e-04
 4.00000e-04
 4.00000e-04
 4.00000e-04
 4.00000e-04
 4.00000e-04
 4.00000e-04
 4.00000e-04
 4.00000e-04
 4.00000e-04
 4.00000e-04
 4.00000e-04
 4.00000e-04
 4.00000e-04
 4.00000e-04
 4.00000e-04
 4.00000e-04
 4.00000e-04
 2.00000e-04
 1.85813e-04
 3.73009e-04
 3.76932e-04
 3.84178e-04
 3.95506e-04
 4.10931e-04
 4.30946e-04
 4.56114e-04
 4.87195e-04
 5.25138e-04
 5.71088e-04
 6.26356e-04
 6.92349e-04
 7.70352e-04
 8.61005e-04
 9.63507e-04
 1.07449e-03
 1.18627e-03
 1.28797e-03
 1.35398e-03
 1.35425e-03
 1.26328e-03
 1.07960e-03
 8.43666e-04
 6.24377e-04
 4.82362e-04
 4.20714e-04
 4.03417e-04
 4.00349e-04
 4.00019e-04
 4.00000e-04
 4.00000e-04
 4.00000e-04
 4.00000e-04
 4.00000e-04
 4.00000e-04
 4.00000e-04
 4.00000e-04
 4.00000e-04
 4.00000e-04
 4.00000e-04
 4.00000e-04
 4.00000e-04
 4.00000e-04
 4.00000e-04
 4.00000e-04
 4.00000e-04
 4.00000e-04
 4.00000e-04
 4.00000e-04
 4.00000e-04
 4.00000e-04
 4.00000e-04
 4.00000e-04
 4.00000e-04
 4.00000e-04
 4.00000e-04
 4.00000e-04
 4.00000e-04
 4.00000e-04
 2.00000e-04
 2.42159e-04
 4.86226e-04
 4.91484e-04
 5.00923e-04
 5.15644e-04
 5.35734e-04
 5.61707e-04
 5.94142e-04
 6.33800e-04
 6.81572e-04
 7.38379e-04
 8.04963e-04
 8.81583e-04
 9.67611e-04
 1.06070e-03
 1.15569e-03
 1.24585e-03
 1.31466e-03
 1.33656e-03
 1.29131e-03
 1.16528e-03
 9.70939e-04
 7.52623e-04
 5.68982e-04
 4.59339e-04
 4.14508e-04
 4.02369e-04
 4.00244e-04
 4.00014e-04
 4.00000e-04
 4.00000e-04
 4.00000e-04
 4.00000e-04
 4.00000e-04
 4.00000e-04
 4.00000e-04
 4.00000e-04
 4.00000e-04
 4.00000e-04
 4.00000e-04
 4.00000e-04
 4.00000e-04
 4.00000e-04
 4.00000e-04
 4.00000e-04
 4.00000e-04
 4.00000e-04
 4.00000e-04
 4.00000e-04
 4.00000e-04
 4.00000e-04
 4.00000e-04
 4.00000e-04
 4.00000e-04
 4.00000e-04
 4.00000e-04
 4.00000e-04
 4.00000e-04
 4.00000e-04
 4.00000e-04
 2.00000e-04
 3.14824e-04
 6.32084e-04
 6.38692e-04
 6.50404e-04
 6.68678e-04
 6.93556e-04
 7.25406e-04
 7.64570e-04
 8.11427e-04
 8.66227e-04
 9.28911e-04
 9.98710e-04
 1.07359e-03
 1.15013e-03
 1.22365e-03
 1.28135e-03
 1.30414e-03
 1.27889e-03
 1.18983e-03
 1.03641e-03
 8.44688e-04
 6.55512e-04
 5.14132e-04
 4.37634e-04
 4.08769e-04
 4.01386e-04
 4.00140e-04
 4.00008e-04
 4.00000e-04
 4.00000e-04
 4.00000e-04
 4.00000e-04
 4.00000e-04
 4.00000e-04
 4.00000e-04
 4.00000e-04
 4.00000e-04
 4.00000e-04
 4.00000e-04
 4.00000e-04
 4.00000e-04
 4.00000e-04
 4.00000e-04
 4.00000e-04
 4.00000e-04
 4.00000e-04
 4.00000e-04
 4.00000e-04
 4.00000e-04
 4.00000e-04
 4.00000e-04
 4.00000e-04
 4.00000e-04
 4.00000e-04
 4.00000e-04
 4.00000e-04
 4.00000e-04
 4.00000e-04
 4.00000e-04
 4.00000e-04
 2.00000e-04
 4.01386e-04
 8.05539e-04
 8.12947e-04
 8.26041e-04
 8.46475e-04
 8.73996e-04
 9.08514e-04
 9.49727e-04
 9.97067e-04
 1.04946e-03
 1.10523e-03
 1.16290e-03
 1.21639e-03
 1.25411e-03
 1.26584e-03
 1.24255e-03
 1.17014e-03
 1.04536e-03
 8.84266e-04
 7.12118e-04
 5.64113e-04
 4.67165e-04
 4.20427e-04
 4.04444e-04
 4.00666e-04
 4.00063e-04
 4.00003e-04
 4.00000e-04
 4.00000e-04
 4.00000e-04
 4.00000e-04
 4.00000e-04
 4.00000e-04
 4.00000e-04
 4.00000e-04
 4.00000e-04
 4.00000e-04
 4.00000e-04
 4.00000e-04
 4.00000e-04
 4.00000e-04
 4.00000e-04
 4.00000e-04
 4.00000e-04
 4.00000e-04
 4.00000e-04
 4.00000e-04
 4.00000e-04
 4.00000e-04
 4.00000e-04
 4.00000e-04
 4.00000e-04
 4.00000e-04
 4.00000e-04
 4.00000e-04
 4.00000e-04
 4.00000e-04
 4.00000e-04
 4.00000e-04
 4.00000e-04
 2.00000e-04
 4.89024e-04
 9.80651e-04
 9.87478e-04
 9.99565e-04
 1.01839e-03
 1.04308e-03
 1.07310e-03
 1.10791e-03
 1.14499e-03
 1.17995e-03
 1.20752e-03
 1.22147e-03
 1.21679e-03
 1.18507e-03
 1.11562e-03
 1.00811e-03
 8.72999e-04
 7.25426e-04
 5.89591e-04
 4.89839e-04
 4.33132e-04
 4.09142e-04
 4.01822e-04
 4.00253e-04
 4.00022e-04
 4.00001e-04
 4.00000e-04
 4.00000e-04
 4.00000e-04
 4.00000e-04
 4.00000e-04
 4.00000e-04
 4.00000e-04
 4.00000e-04
 4.00000e-04
 4.00000e-04
 4.00000e-04
 4.00000e-04
 4.00000e-04
 4.00000e-04
 4.00000e-04
 4.00000e-04
 4.00000e-04
 4.00000e-04
 4.00000e-04
 4.00000e-04
 4.00000e-04
 4.00000e-04
 4.00000e-04
 4.00000e-04
 4.00000e-04
 4.00000e-04
 4.00000e-04
 4.00000e-04
 4.00000e-04
 4.00000e-04
 4.00000e-04
 4.00000e-04
 4.00000e-04
 4.00000e-04
 2.00000e-04
 5.54996e-04
 1.11171e-03
 1.11589e-03
 1.12322e-03
 1.13436e-03
 1.14737e-03
 1.15981e-03
 1.16873e-03
 1.17166e-03
 1.16499e-03
 1.14256e-03
 1.09698e-03
 1.02525e-03
 9.30245e-04
 8.17281e-04
 6.95849e-04
 5.82603e-04
 4.94809e-04
 4.39801e-04
 4.13005e-04
 4.03198e-04
 4.00577e-04
 4.00071e-04
 4.00005e-04
 4.00000e-04
 4.00000e-04
 4.00000e-04
 4.00000e-04
 4.00000e-04
 4.00000e-04
 4.00000e-04
 4.00000e-04
 4.00000e-04
 4.00000e-04
 4.00000e-04
 4.00000e-04
 4.00000e-04
 4.00000e-04
 4.00000e-04
 4.00000e-04
 4.00000e-04
 4.00000e-04
 4.00000e-04
 4.00000e-04
 4.00000e-04
 4.00000e-04
 4.00000e-04
 4.00000e-04
 4.00000e-04
 4.00000e-04
 4.00000e-04
 4.00000e-04
 4.00000e-04
 4.00000e-04
 4.00000e-04
 4.00000e-04
 4.00000e-04
 4.00000e-04
 4.00000e-04
 4.00000e-04
 2.00000e-04
 5.56698e-04
 1.11314e-03
 1.11156e-03
 1.10873e-03
 1.10436e-03
 1.09616e-03
 1.08116e-03
 1.05557e-03
 1.01695e-03
 9.64114e-04
 8.96709e-04
 8.16362e-04
 7.25580e-04
 6.31789e-04
 5.46732e-04
 4.80046e-04
 4.36374e-04
 4.13299e-04
 4.03792e-04
 4.00825e-04
 4.00131e-04
 4.00014e-04
 4.00001e-04
 4.00000e-04
 4.00000e-04
 4.00000e-04
 4.00000e-04
 4.00000e-04
 4.00000e-04
 4.00000e-04
 4.00000e-04
 4.00000e-04
 4.00000e-04
 4.00000e-04
 4.00000e-04
 4.00000e-04
 4.00000e-04
 4.00000e-04
 4.00000e-04
 4.00000e-04
 4.00000e-04
 4.00000e-04
 4.00000e-04
 4.00000e-04
 4.00000e-04
 4.00000e-04
 4.00000e-04
 4.00000e-04
 4.00000e-04
 4.00000e-04
 4.00000e-04
 4.00000e-04
 4.00000e-04
 4.00000e-04
 4.00000e-04
 4.00000e-04
 4.00000e-04
 4.00000e-04
 4.00000e-04
 4.00000e-04
 2.00000e-04
 4.70446e-04
 9.38471e-04
 9.30645e-04
 9.17048e-04
 8.97133e-04
 8.69665e-04
 8.33919e-04
 7.89651e-04
 7.36426e-04
 6.75499e-04
 6.11201e-04
 5.48984e-04
 4.94522e-04
 4.52544e-04
 4.24866e-04
 4.09714e-04
 4.03050e-04
 4.00757e-04
 4.00143e-04
 4.00019e-04
 4.00002e-04
 4.00000e-04
 4.00000e-04
 4.00000e-04
 4.00000e-04
 4.00000e-04
 4.00000e-04
 4.00000e-04
 4.00000e-04
 4.00000e-04
 4.00000e-04
 4.00000e-04
 4.00000e-04
 4.00000e-04
 4.00000e-04
 4.00000e-04
 4.00000e-04
 4.00000e-04
 4.00000e-04
 4.00000e-04
 4.00000e-04
 4.00000e-04
 4.00000e-04
 4.00000e-04
 4.00000e-04
 4.00000e-04
 4.00000e-04
 4.00000e-04
 4.00000e-04
 4.00000e-04
 4.00000e-04
 4.00000e-04
 4.00000e-04
 4.00000e-04
 4.00000e-04
 4.00000e-04
 4.00000e-04
 4.00000e-04
 4.00000e-04
 4.00000e-04
 2.00000e-04
 3.35167e-04
 6.67582e-04
 6.59093e-04
 6.44726e-04
 6.24550e-04
 5.98863e-04
 5.68649e-04
 5.35590e-04
 5.02033e-04
 4.70759e-04
 4.44390e-04
 4.24643e-04
 4.11812e-04
 4.04768e-04
 4.01592e-04
 4.00433e-04
 4.00092e-04
 4.00014e-04
 4.00002e-04
 4.00000e-04
 4.00000e-04
 4.00000e-04
 4.00000e-04
 4.00000e-04
 4.00000e-04
 4.00000e-04
 4.00000e-04
 4.00000e-04
 4.00000e-04
 4.00000e-04
 4.00000e-04
 4.00000e-04
 4.00000e-04
 4.00000e-04
 4.00000e-04
 4.00000e-04
 4.00000e-04
 4.00000e-04
 4.00000e-04
 4.00000e-04
 4.00000e-04
 4.00000e-04
 4.00000e-04
 4.00000e-04
 4.00000e-04
 4.00000e-04
 4.00000e-04
 4.00000e-04
 4.00000e-04
 4.00000e-04
 4.00000e-04
 4.00000e-04
 4.00000e-04
 4.00000e-04
 4.00000e-04
 4.00000e-04
 4.00000e-04
 4.00000e-04
 4.00000e-04
 4.00000e-04
 2.00000e-04
 2.34819e-04
 4.68318e-04
 4.64369e-04
 4.57962e-04
 4.49532e-04
 4.39800e-04
 4.29742e-04
 4.20399e-04
 4.12643e-04
 4.06954e-04
 4.03335e-04
 4.01378e-04
 4.00484e-04
 4.00140e-04
 4.00032e-04
 4.00006e-04
 4.00001e-04
 4.00000e-04
 4.00000e-04
 4.00000e-04
 4.00000e-04
 4.00000e-04
 4.00000e-04
 4.00000e-04
 4.00000e-04
 4.00000e-04
 4.00000e-04
 4.00000e-04
 4.00000e-04
 4.00000e-04
 4.00000e-04
 4.00000e-04
 4.00000e-04
 4.00000e-04
 4.00000e-04
 4.00000e-04
 4.00000e-04
 4.00000e-04
 4.00000e-04
 4.00000e-04
 4.00000e-04
 4.00000e-04
 4.00000e-04
 4.00000e-04
 4.00000e-04
 4.00000e-04
 4.00000e-04
 4.00000e-04
 4.00000e-04
 4.00000e-04
 4.00000e-04
 4.00000e-04
 4.00000e-04
 4.00000e-04
 4.00000e-04
 4.00000e-04
 4.00000e-04
 4.00000e-04
 4.00000e-04
 4.00000e-04
 2.00000e-04
 2.03131e-04
 4.06060e-04
 4.05478e-04
 4.04593e-04
 4.03538e-04
 4.02481e-04
 4.01570e-04
 4.00887e-04
 4.00441e-04
 4.00190e-04
 4.00070e-04
 4.00021e-04
 4.00005e-04
 4.00001e-04
 4.00000e-04
 4.00000e-04
 4.00000e-04
 4.00000e-04
 4.00000e-04
 4.00000e-04
 4.00000e-04
 4.00000e-04
 4.00000e-04
 4.00000e-04
 4.00000e-04
 4.00000e-04
 4.00000e-04
 4.00000e-04
 4.00000e-04
 4.00000e-04
 4.00000e-04
 4.00000e-04
 4.00000e-04
 4.00000e-04
 4.00000e-04
 4.00000e-04
 4.00000e-04
 4.00000e-04
 4.00000e-04
 4.00000e-04
 4.00000e-04
 4.00000e-04
 4.00000e-04
 4.00000e-04
 4.00000e-04
 4.00000e-04
 4.00000e-04
 4.00000e-04
 4.00000e-04
 4.00000e-04
 4.00000e-04
 4.00000e-04
 4.00000e-04
 4.00000e-04
 4.00000e-04
 4.00000e-04
 4.00000e-04
 4.00000e-04
 4.00000e-04
 4.00000e-04
 2.00000e-04
 2.00063e-04
 4.00121e-04
 4.00105e-04
 4.00082e-04
 4.00057e-04
 4.00035e-04
 4.00019e-04
 4.00009e-04
 4.00003e-04
 4.00001e-04
 4.00000e-04
 4.00000e-04
 4.00000e-04
 4.00000e-04
 4.00000e-04
 4.00000e-04
 4.00000e-04
 4.00000e-04
 4.00000e-04
 4.00000e-04
 4.00000e-04
 4.00000e-04
 4.00000e-04
 4.00000e-04
 4.00000e-04
 4.00000e-04
 4.00000e-04
 4.00000e-04
 4.00000e-04
 4.00000e-04
 4.00000e-04
 4.00000e-04
 4.00000e-04
 4.00000e-04
 4.00000e-04
 4.00000e-04
 4.00000e-04
 4.00000e-04
 4.00000e-04
 4.00000e-04
 4.00000e-04
 4.00000e-04
 4.00000e-04
 4.00000e-04
 4.00000e-04
 4.00000e-04
 4.00000e-04
 4.00000e-04
 4.00000e-04
 4.00000e-04
 4.00000e-04
 4.00000e-04
 4.00000e-04
 4.00000e-04
 4.00000e-04
 4.00000e-04
 4.00000e-04
 4.00000e-04
 4.00000e-04
 4.00000e-04
 2.00000e-04
 2.00000e-04
 4.00000e-04
 4.00000e-04
 4.00000e-04
 4.00000e-04
 4.00000e-04
 4.00000e-04
 4.00000e-04
 4.00000e-04
 4.00000e-04
 4.00000e-04
 4.00000e-04
 4.00000e-04
 4.00000e-04
 4.00000e-04
 4.00000e-04
 4.00000e-04
 4.00000e-04
 4.00000e-04
 4.00000e-04
 4.00000e-04
 4.00000e-04
 4.00000e-04
 4.00000e-04
 4.00000e-04
 4.00000e-04
 4.00000e-04
 4.00000e-04
 4.00000e-04
 4.00000e-04
 4.00000e-04
 4.00000e-04
 4.00000e-04
 4.00000e-04
 4.00000e-04
 4.00000e-04
 4.00000e-04
 4.00000e-04
 4.00000e-04
 4.00000e-04
 4.00000e-04
 4.00000e-04
 4.00000e-04
 4.00000e-04
 4.00000e-04
 4.00000e-04
 4.00000e-04
 4.00000e-04
 4.00000e-04
 4.00000e-04
 4.00000e-04
 4.00000e-04
 4.00000e-04
 4.00000e-04
 4.00000e-04
 4.00000e-04
 4.00000e-04
 4.00000e-04
 4.00000e-04
 4.00000e-04
 2.00000e-04
 2.00000e-04
 4.00000e-04
 4.00000e-04
 4.00000e-04
 4.00000e-04
 4.00000e-04
 4.00000e-04
 4.00000e-04
 4.00000e-04
 4.00000e-04
 4.00000e-04
 4.00000e-04
 4.00000e-04
 4.00000e-04
 4.00000e-04
 4.00000e-04
 4.00000e-04
 4.00000e-04
 4.00000e-04
 4.00000e-04
 4.00000e-04
 4.00000e-04
 4.00000e-04
 4.00000e-04
 4.00000e-04
 4.00000e-04
 4.00000e-04
 4.00000e-04
 4.00000e-04
 4.00000e-04
 4.00000e-04
 4.00000e-04
 4.00000e-04
 4.00000e-04
 4.00000e-04
 4.00000e-04
 4.00000e-04
 4.00000e-04
 4.00000e-04
 4.00000e-04
 4.00000e-04
 4.00000e-04
 4.00000e-04
 4.00000e-04
 4.00000e-04
 4.00000e-04
 4.00000e-04
 4.00000e-04
 4.00000e-04
 4.00000e-04
 4.00000e-04
 4.00000e-04
 4.00000e-04
 4.00000e-04
 4.00000e-04
 4.00000e-04
 4.00000e-04
 4.00000e-04
 4.00000e-04
 4.00000e-04
 2.00000e-04
 2.00000e-04
 4.00000e-04
 4.00000e-04
 4.00000e-04
 4.00000e-04
 4.00000e-04
 4.00000e-04
 4.00000e-04
 4.00000e-04
 4.00000e-04
 4.00000e-04
 4.00000e-04
 4.00000e-04
 4.00000e-04
 4.00000e-04
 4.00000e-04
 4.00000e-04
 4.00000e-04
 4.00000e-04
 4.00000e-04
 4.00000e-04
 4.00000e-04
 4.00000e-04
 4.00000e-04
 4.00000e-04
 4.00000e-04
 4.00000e-04
 4.00000e-04
 4.00000e-04
 4.00000e-04
 4.00000e-04
 4.00000e-04
 4.00000e-04
 4.00000e-04
 4.00000e-04
 4.00000e-04
 4.00000e-04
 4.00000e-04
 4.00000e-04
 4.00000e-04
 4.00000e-04
 4.00000e-04
 4.00000e-04
 4.00000e-04
 4.00000e-04
 4.00000e-04
 4.00000e-04
 4.00000e-04
 4.00000e-04
 4.00000e-04
 4.00000e-04
 4.00000e-04
 4.00000e-04
 4.00000e-04
 4.00000e-04
 4.00000e-04
 4.00000e-04
 4.00000e-04
 4.00000e-04
 4.00000e-04
 2.00000e-04
 2.00000e-04
 4.00000e-04
 4.00000e-04
 4.00000e-04
 4.00000e-04
 4.00000e-04
 4.00000e-04
 4.00000e-04
 4.00000e-04
 4.00000e-04
 4.00000e-04
 4.00000e-04
 4.00000e-04
 4.00000e-04
 4.00000e-04
 4.00000e-04
 4.00000e-04
 4.00000e-04
 4.00000e-04
 4.00000e-04
 4.00000e-04
 4.00000e-04
 4.00000e-04
 4.00000e-04
 4.00000e-04
 4.00000e-04
 4.00000e-04
 4.00000e-04
 4.00000e-04
 4.00000e-04
 4.00000e-04
 4.00000e-04
 4.00000e-04
 4.00000e-04
 4.00000e-04
 4.00000e-04
 4.00000e-04
 4.00000e-04
 4.00000e-04
 4.00000e-04
 4.00000e-04
 4.00000e-04
 4.00000e-04
 4.00000e-04
 4.00000e-04
 4.00000e-04
 4.00000e-04
 4.00000e-04
 4.00000e-04
 4.00000e-04
 4.00000e-04
 4.00000e-04
 4.00000e-04
 4.00000e-04
 4.00000e-04
 4.00000e-04
 4.00000e-04
 4.00000e-04
 4.00000e-04
 4.00000e-04
 2.00000e-04
 2.00000e-04
 4.00000e-04
 4.00000e-04
 4.00000e-04
 4.00000e-04
 4.00000e-04
 4.00000e-04
 4.00000e-04
 4.00000e-04
 4.00000e-04
 4.00000e-04
 4.00000e-04
 4.00000e-04
 4.00000e-04
 4.00000e-04
 4.00000e-04
 4.00000e-04
 4.00000e-04
 4.00000e-04
 4.00000e-04
 4.00000e-04
 4.00000e-04
 4.00000e-04
 4.00000e-04
 4.00000e-04
 4.00000e-04
 4.00000e-04
 4.00000e-04
 4.00000e-04
 4.00000e-04
 4.00000e-04
 4.00000e-04
 4.00000e-04
 4.00000e-04
 4.00000e-04
 4.00000e-04
 4.00000e-04
 4.00000e-04
 4.00000e-04
 4.00000e-04
 4.00000e-04
 4.00000e-04
 4.00000e-04
 4.00000e-04
 4.00000e-04
 4.00000e-04
 4.00000e-04
 4.00000e-04
 4.00000e-04
 4.00000e-04
 4.00000e-04
 4.00000e-04
 4.00000e-04
 4.00000e-04
 4.00000e-04
 4.00000e-04
 4.00000e-04
 4.00000e-04
 4.00000e-04
 4.00000e-04
 2.00000e-04
 2.00000e-04
 4.00000e-04
 4.00000e-04
 4.00000e-04
 4.00000e-04
 4.00000e-04
 4.00000e-04
 4.00000e-04
 4.00000e-04
 4.00000e-04
 4.00000e-04
 4.00000e-04
 4.00000e-04
 4.00000e-04
 4.00000e-04
 4.00000e-04
 4.00000e-04
 4.00000e-04
 4.00000e-04
 4.00000e-04
 4.00000e-04
 4.00000e-04
 4.00000e-04
 4.00000e-04
 4.00000e-04
 4.00000e-04
 4.00000e-04
 4.00000e-04
 4.00000e-04
 4.00000e-04
 4.00000e-04
 4.00000e-04
 4.00000e-04
 4.00000e-04
 4.00000e-04
 4.00000e-04
 4.00000e-04
 4.00000e-04
 4.00000e-04
 4.00000e-04
 4.00000e-04
 4.00000e-04
 4.00000e-04
 4.00000e-04
 4.00000e-04
 4.00000e-04
 4.00000e-04
 4.00000e-04
 4.00000e-04
 4.00000e-04
 4.00000e-04
 4.00000e-04
 4.00000e-04
 4.00000e-04
 4.00000e-04
 4.00000e-04
 4.00000e-04
 4.00000e-04
 4.00000e-04
 4.00000e-04
 2.00000e-04
 2.00000e-04
 4.00000e-04
 4.00000e-04
 4.00000e-04
 4.00000e-04
 4.00000e-04
 4.00000e-04
 4.00000e-04
 4.00000e-04
 4.00000e-04
 4.00000e-04
 4.00000e-04
 4.00000e-04
 4.00000e-04
 4.00000e-04
 4.00000e-04
 4.00000e-04
 4.00000e-04
 4.00000e-04
 4.00000e-04
 4.00000e-04
 4.00000e-04
 4.00000e-04
 4.00000e-04
 4.00000e-04
 4.00000e-04
 4.00000e-04
 4.00000e-04
 4.00000e-04
 4.00000e-04
 4.00000e-04
 4.00000e-04
 4.00000e-04
 4.00000e-04
 4.00000e-04
 4.00000e-04
 4.00000e-04
 4.00000e-04
 4.00000e-04
 4.00000e-04
 4.00000e-04
 4.00000e-04
 4.00000e-04
 4.00000e-04
 4.00000e-04
 4.00000e-04
 4.00000e-04
 4.00000e-04
 4.00000e-04
 4.00000e-04
 4.00000e-04
 4.00000e-04
 4.00000e-04
 4.00000e-04
 4.00000e-04
 4.00000e-04
 4.00000e-04
 4.00000e-04
 4.00000e-04
 4.00000e-04
 2.00000e-04
 2.00000e-04
 4.00000e-04
 4.00000e-04
 4.00000e-04
 4.00000e-04
 4.00000e-04
 4.00000e-04
 4.00000e-04
 4.00000e-04
 4.00000e-04
 4.00000e-04
 4.00000e-04
 4.00000e-04
 4.00000e-04
 4.00000e-04
 4.00000e-04
 4.00000e-04
 4.00000e-04
 4.00000e-04
 4.00000e-04
 4.00000e-04
 4.00000e-04
 4.00000e-04
 4.00000e-04
 4.00000e-04
 4.00000e-04
 4.00000e-04
 4.00000e-04
 4.00000e-04
 4.00000e-04
 4.00000e-04
 4.00000e-04
 4.00000e-04
 4.00000e-04
 4.00000e-04
 4.00000e-04
 4.00000e-04
 4.00000e-04
 4.00000e-04
 4.00000e-04
 4.00000e-04
 4.00000e-04
 4.00000e-04
 4.00000e-04
 4.00000e-04
 4.00000e-04
 4.00000e-04
 4.00000e-04
 4.00000e-04
 4.00000e-04
 4.00000e-04
 4.00000e-04
 4.00000e-04
 4.00000e-04
 4.00000e-04
 4.00000e-04
 4.00000e-04
 4.00000e-04
 4.00000e-04
 4.00000e-04
 2.00000e-04
 2.00000e-04
 4.00000e-04
 4.00000e-04
 4.00000e-04
 4.00000e-04
 4.00000e-04
 4.00000e-04
 4.00000e-04
 4.00000e-04
 4.00000e-04
 4.00000e-04
 4.00000e-04
 4.00000e-04
 4.00000e-04
 4.00000e-04
 4.00000e-04
 4.00000e-04
 4.00000e-04
 4.00000e-04
 4.00000e-04
 4.00000e-04
 4.00000e-04
 4.00000e-04
 4.00000e-04
 4.00000e-04
 4.00000e-04
 4.00000e-04
 4.00000e-04
 4.00000e-04
 4.00000e-04
 4.00000e-04
 4.00000e-04
 4.00000e-04
 4.00000e-04
 4.00000e-04
 4.00000e-04
 4.00000e-04
 4.00000e-04
 4.00000e-04
 4.00000e-04
 4.00000e-04
 4.00000e-04
 4.00000e-04
 4.00000e-04
 4.00000e-04
 4.00000e-04
 4.00000e-04
 4.00000e-04
 4.00000e-04
 4.00000e-04
 4.00000e-04
 4.00000e-04
 4.00000e-04
 4.00000e-04
 4.00000e-04
 4.00000e-04
 4.00000e-04
 4.00000e-04
 4.00000e-04
 4.00000e-04
 2.00000e-04
 2.00000e-04
 4.00000e-04
 4.00000e-04
 4.00000e-04
 4.00000e-04
 4.00000e-04
 4.00000e-04
 4.00000e-04
 4.00000e-04
 4.00000e-04
 4.00000e-04
 4.00000e-04
 4.00000e-04
 4.00000e-04
 4.00000e-04
 4.00000e-04
 4.00000e-04
 4.00000e-04
 4.00000e-04
 4.00000e-04
 4.00000e-04
 4.00000e-04
 4.00000e-04
 4.00000e-04
 4.00000e-04
 4.00000e-04
 4.00000e-04
 4.00000e-04
 4.00000e-04
 4.00000e-04
 4.00000e-04
 4.00000e-04
 4.00000e-04
 4.00000e-04
 4.00000e-04
 4.00000e-04
 4.00000e-04
 4.00000e-04
 4.00000e-04
 4.00000e-04
 4.00000e-04
 4.00000e-04
 4.00000e-04
 4.00000e-04
 4.00000e-04
 4.00000e-04
 4.00000e-04
 4.00000e-04
 4.00000e-04
 4.00000e-04
 4.00000e-04
 4.00000e-04
 4.00000e-04
 4.00000e-04
 4.00000e-04
 4.00000e-04
 4.00000e-04
 4.00000e-04
 4.00000e-04
 4.00000e-04
 2.00000e-04
 2.00000e-04
 4.00000e-04
 4.00000e-04
 4.00000e-04
 4.00000e-04
 4.00000e-04
 4.00000e-04
 4.00000e-04
 4.00000e-04
 4.00000e-04
 4.00000e-04
 4.00000e-04
 4.00000e-04
 4.00000e-04
 4.00000e-04
 4.00000e-04
 4.00000e-04
 4.00000e-04
 4.00000e-04
 4.00000e-04
 4.00000e-04
 4.00000e-04
 4.00000e-04
 4.00000e-04
 4.00000e-04
 4.00000e-04
 4.00000e-04
 4.00000e-04
 4.00000e-04
 4.00000e-04
 4.00000e-04
 4.00000e-04
 4.00000e-04
 4.00000e-04
 4.00000e-04
 4.00000e-04
 4.00000e-04
 4.00000e-04
 4.00000e-04
 4.00000e-04
 4.00000e-04
 4.00000e-04
 4.00000e-04
 4.00000e-04
 4.00000e-04
 4.00000e-04
 4.00000e-04
 4.00000e-04
 4.00000e-04
 4.00000e-04
 4.00000e-04
 4.00000e-04
 4.00000e-04
 4.00000e-04
 4.00000e-04
 4.00000e-04
 4.00000e-04
 4.00000e-04
 4.00000e-04
 4.00000e-04
 2.00000e-04
 2.00000e-04
 4.00000e-04
 4.00000e-04
 4.00000e-04
 4.00000e-04
 4.00000e-04
 4.00000e-04
 4.00000e-04
 4.00000e-04
 4.00000e-04
 4.00000e-04
 4.00000e-04
 4.00000e-04
 4.00000e-04
 4.00000e-04
 4.00000e-04
 4.00000e-04
 4.00000e-04
 4.00000e-04
 4.00000e-04
 4.00000e-04
 4.00000e-04
 4.00000e-04
 4.00000e-04
 4.00000e-04
 4.00000e-04
 4.00000e-04
 4.00000e-04
 4.00000e-04
 4.00000e-04
 4.00000e-04
 4.00000e-04
 4.00000e-04
 4.00000e-04
 4.00000e-04
 4.00000e-04
 4.00000e-04
 4.00000e-04
 4.00000e-04
 4.00000e-04
 4.00000e-04
 4.00000e-04
 4.00000e-04
 4.00000e-04
 4.00000e-04
 4.00000e-04
 4.00000e-04
 4.00000e-04
 4.00000e-04
 4.00000e-04
 4.00000e-04
 4.00000e-04
 4.00000e-04
 4.00000e-04
 4.00000e-04
 4.00000e-04
 4.00000e-04
 4.00000e-04
 4.00000e-04
 4.00000e-04
 2.00000e-04
 2.00000e-04
 4.00000e-04
 4.00000e-04
 4.00000e-04
 4.00000e-04
 4.00000e-04
 4.00000e-04
 4.00000e-04
 4.00000e-04
 4.00000e-04
 4.00000e-04
 4.00000e-04
 4.00000e-04
 4.00000e-04
 4.00000e-04
 4.00000e-04
 4.00000e-04
 4.00000e-04
 4.00000e-04
 4.00000e-04
 4.00000e-04
 4.00000e-04
 4.00000e-04
 4.00000e-04
 4.00000e-04
 4.00000e-04
 4.00000e-04
 4.00000e-04
 4.00000e-04
 4.00000e-04
 4.00000e-04
 4.00000e-04
 4.00000e-04
 4.00000e-04
 4.00000e-04
 4.00000e-04
 4.00000e-04
 4.00000e-04
 4.00000e-04
 4.00000e-04
 4.00000e-04
 4.00000e-04
 4.00000e-04
 4.00000e-04
 4.00000e-04
 4.00000e-04
 4.00000e-04
 4.00000e-04
 4.00000e-04
 4.00000e-04
 4.00000e-04
 4.00000e-04
 4.00000e-04
 4.00000e-04
 4.00000e-04
 4.00000e-04
 4.00000e-04
 4.00000e-04
 4.00000e-04
 4.00000e-04
 2.00000e-04
 2.00000e-04
 4.00000e-04
 4.00000e-04
 4.00000e-04
 4.00000e-04
 4.00000e-04
 4.00000e-04
 4.00000e-04
 4.00000e-04
 4.00000e-04
 4.00000e-04
 4.00000e-04
 4.00000e-04
 4.00000e-04
 4.00000e-04
 4.00000e-04
 4.00000e-04
 4.00000e-04
 4.00000e-04
 4.00000e-04
 4.00000e-04
 4.00000e-04
 4.00000e-04
 4.00000e-04
 4.00000e-04
 4.00000e-04
 4.00000e-04
 4.00000e-04
 4.00000e-04
 4.00000e-04
 4.00000e-04
 4.00000e-04
 4.00000e-04
 4.00000e-04
 4.00000e-04
 4.00000e-04
 4.00000e-04
 4.00000e-04
 4.00000e-04
 4.00000e-04
 4.00000e-04
 4.00000e-04
 4.00000e-04
 4.00000e-04
 4.00000e-04
 4.00000e-04
 4.00000e-04
 4.00000e-04
 4.00000e-04
 4.00000e-04
 4.00000e-04
 4.00000e-04
 4.00000e-04
 4.00000e-04
 4.00000e-04
 4.00000e-04
 4.00000e-04
 4.00000e-04
 4.00000e-04
 4.00000e-04
 2.00000e-04
 2.00000e-04
 4.00000e-04
 4.00000e-04
 4.00000e-04
 4.00000e-04
 4.00000e-04
 4.00000e-04
 4.00000e-04
 4.00000e-04
 4.00000e-04
 4.00000e-04
 4.00000e-04
 4.00000e-04
 4.00000e-04
 4.00000e-04
 4.00000e-04
 4.00000e-04
 4.00000e-04
 4.00000e-04
 4.00000e-04
 4.00000e-04
 4.00000e-04
 4.00000e-04
 4.00000e-04
 4.00000e-04
 4.00000e-04
 4.00000e-04
 4.00000e-04
 4.00000e-04
 4.00000e-04
 4.00000e-04
 4.00000e-04
 4.00000e-04
 4.00000e-04
 4.00000e-04
 4.00000e-04
 4.00000e-04
 4.00000e-04
 4.00000e-04
 4.00000e-04
 4.00000e-04
 4.00000e-04
 4.00000e-04
 4.00000e-04
 4.00000e-04
 4.00000e-04
 4.00000e-04
 4.00000e-04
 4.00000e-04
 4.00000e-04
 4.00000e-04
 4.00000e-04
 4.00000e-04
 4.00000e-04
 4.00000e-04
 4.00000e-04
 4.00000e-04
 4.00000e-04
 4.00000e-04
 4.00000e-04
 2.00000e-04
 2.00000e-04
 4.00000e-04
 4.00000e-04
 4.00000e-04
 4.00000e-04
 4.00000e-04
 4.00000e-04
 4.00000e-04
 4.00000e-04
 4.00000e-04
 4.00000e-04
 4.00000e-04
 4.00000e-04
 4.00000e-04
 4.00000e-04
 4.00000e-04
 4.00000e-04
 4.00000e-04
 4.00000e-04
 4.00000e-04
 4.00000e-04
 4.00000e-04
 4.00000e-04
 4.00000e-04
 4.00000e-04
 4.00000e-04
 4.00000e-04
 4.00000e-04
 4.00000e-04
 4.00000e-04
 4.00000e-04
 4.00000e-04
 4.00000e-04
 4.00000e-04
 4.00000e-04
 4.00000e-04
 4.00000e-04
 4.00000e-04
 4.00000e-04
 4.00000e-04
 4.00000e-04
 4.00000e-04
 4.00000e-04
 4.00000e-04
 4.00000e-04
 4.00000e-04
 4.00000e-04
 4.00000e-04
 4.00000e-04
 4.00000e-04
 4.00000e-04
 4.00000e-04
 4.00000e-04
 4.00000e-04
 4.00000e-04
 4.00000e-04
 4.00000e-04
 4.00000e-04
 4.00000e-04
 4.00000e-04
 2.00000e-04
 2.00000e-04
 4.00000e-04
 4.00000e-04
 4.00000e-04
 4.00000e-04
 4.00000e-04
 4.00000e-04
 4.00000e-04
 4.00000e-04
 4.00000e-04
 4.00000e-04
 4.00000e-04
 4.00000e-04
 4.00000e-04
 4.00000e-04
 4.00000e-04
 4.00000e-04
 4.00000e-04
 4.00000e-04
 4.00000e-04
 4.00000e-04
 4.00000e-04
 4.00000e-04
 4.00000e-04
 4.00000e-04
 4.00000e-04
 4.00000e-04
 4.00000e-04
 4.00000e-04
 4.00000e-04
 4.00000e-04
 4.00000e-04
 4.00000e-04
 4.00000e-04
 4.00000e-04
 4.00000e-04
 4.00000e-04
 4.00000e-04
 4.00000e-04
 4.00000e-04
 4.00000e-04
 4.00000e-04
 4.00000e-04
 4.00000e-04
 4.00000e-04
 4.00000e-04
 4.00000e-04
 4.00000e-04
 4.00000e-04
 4.00000e-04
 4.00000e-04
 4.00000e-04
 4.00000e-04
 4.00000e-04
 4.00000e-04
 4.00000e-04
 4.00000e-04
 4.00000e-04
 4.00000e-04
 4.00000e-04
 2.00000e-04
 1.00000e-04
 2.00000e-04
 2.00000e-04
 2.00000e-04
 2.00000e-04
 2.00000e-04
 2.00000e-04
 2.00000e-04
 2.00000e-04
 2.00000e-04
 2.00000e-04
 2.00000e-04
 2.00000e-04
 2.00000e-04
 2.00000e-04
 2.00000e-04
 2.00000e-04
 2.00000e-04
 2.00000e-04
 2.00000e-04
 2.00000e-04
 2.00000e-04
 2.00000e-04
 2.00000e-04
 2.00000e-04
 2.00000e-04
 2.00000e-04
 2.00000e-04
 2.00000e-04
 2.00000e-04
 2.00000e-04
 2.00000e-04
 2.00000e-04
 2.00000e-04
 2.00000e-04
 2.00000e-04
 2.00000e-04
 2.00000e-04
 2.00000e-04
 2.00000e-04
 2.00000e-04
 2.00000e-04
 2.00000e-04
 2.00000e-04
 2.00000e-04
 2.00000e-04
 2.00000e-04
 2.00000e-04
 2.00000e-04
 2.00000e-04
 2.00000e-04
 2.00000e-04
 2.00000e-04
 2.00000e-04
 2.00000e-04
 2.00000e-04
 2.00000e-04
 2.00000e-04
 2.00000e-04
 2.00000e-04
 1.00000e-04
