Pressure
part
         1
quad4
 1.39861e-01
 1.39742e-01
 1.39361e-01
 1.38725e-01
 1.38033e-01
 1.37451e-01
 1.37173e-01
 1.37231e-01
 1.37624e-01
 1.38195e-01
 1.38577e-01
 1.38465e-01
 1.39139e-01
 1.39075e-01
 1.39013e-01
 1.40923e-01
 1.41582e-01
 1.42438e-01
 1.45487e-01
 1.45975e-01
 1.42527e-01
 1.42534e-01
 1.45333e-01
 1.46721e-01
 1.47939e-01
 1.52937e-01
 1.64638e-01
 1.76316e-01
 1.99176e-01
 2.28353e-01
 2.57772e-01
 2.90561e-01
 3.26081e-01
 3.64827e-01
 4.07011e-01
 1.39656e-01
 1.39578e-01
 1.39237e-01
 1.38660e-01
 1.37982e-01
 1.37420e-01
 1.37113e-01
 1.37172e-01
 1.37539e-01
 1.38098e-01
 1.38456e-01
 1.38277e-01
 1.38918e-01
 1.38815e-01
 1.38674e-01
 1.40597e-01
 1.41316e-01
 1.42052e-01
 1.45031e-01
 1.45674e-01
 1.42287e-01
 1.41998e-01
 1.44723e-01
 1.46445e-01
 1.47276e-01
 1.51970e-01
 1.63138e-01
 1.75629e-01
 1.96450e-01
 2.24799e-01
 2.53564e-01
 2.86057e-01
 3.21116e-01
 3.59444e-01
 4.00481e-01
 1.39296e-01
 1.39284e-01
 1.39021e-01
 1.38549e-01
 1.37905e-01
 1.37382e-01
 1.37057e-01
 1.37096e-01
 1.37419e-01
 1.37935e-01
 1.38232e-01
 1.37971e-01
 1.38531e-01
 1.38409e-01
 1.38138e-01
 1.40057e-01
 1.40940e-01
 1.41452e-01
 1.44183e-01
 1.45201e-01
 1.41946e-01
 1.40996e-01
 1.43524e-01
 1.45861e-01
 1.46384e-01
 1.50071e-01
 1.60203e-01
 1.74664e-01
 1.92409e-01
 2.19260e-01
 2.46479e-01
 2.77595e-01
 3.11193e-01
 3.46839e-01
 3.85139e-01
 1.38804e-01
 1.38849e-01
 1.38710e-01
 1.38346e-01
 1.37778e-01
 1.37306e-01
 1.36993e-01
 1.37013e-01
 1.37277e-01
 1.37691e-01
 1.37895e-01
 1.37484e-01
 1.37952e-01
 1.37843e-01
 1.37382e-01
 1.39263e-01
 1.40443e-01
 1.40651e-01
 1.42936e-01
 1.44442e-01
 1.41528e-01
 1.39745e-01
 1.41709e-01
 1.44585e-01
 1.45556e-01
 1.47539e-01
 1.56136e-01
 1.72120e-01
 1.87667e-01
 2.12518e-01
 2.38258e-01
 2.67488e-01
 2.97898e-01
 3.30111e-01
 3.65425e-01
 1.38225e-01
 1.38326e-01
 1.38294e-01
 1.38043e-01
 1.37582e-01
 1.37186e-01
 1.36909e-01
 1.36910e-01
 1.37089e-01
 1.37393e-01
 1.37445e-01
 1.36890e-01
 1.37203e-01
 1.37121e-01
 1.36481e-01
 1.38212e-01
 1.39781e-01
 1.39726e-01
 1.41414e-01
 1.43253e-01
 1.41092e-01
 1.38449e-01
 1.39438e-01
 1.42317e-01
 1.44548e-01
 1.45470e-01
 1.51898e-01
 1.67048e-01
 1.82059e-01
 2.03892e-01
 2.27306e-01
 2.53447e-01
 2.80469e-01
 3.10823e-01
 3.43383e-01
 1.37612e-01
 1.37747e-01
 1.37804e-01
 1.37638e-01
 1.37300e-01
 1.36996e-01
 1.36788e-01
 1.36773e-01
 1.36862e-01
 1.37017e-01
 1.36929e-01
 1.36221e-01
 1.36346e-01
 1.36280e-01
 1.35487e-01
 1.36916e-01
 1.38951e-01
 1.38849e-01
 1.39691e-01
 1.41559e-01
 1.40512e-01
 1.37427e-01
 1.37036e-01
 1.39200e-01
 1.42624e-01
 1.44376e-01
 1.47999e-01
 1.60576e-01
 1.75495e-01
 1.94885e-01
 2.15520e-01
 2.38371e-01
 2.63424e-01
 2.90017e-01
 3.18252e-01
 1.37036e-01
 1.37170e-01
 1.37263e-01
 1.37155e-01
 1.36929e-01
 1.36711e-01
 1.36571e-01
 1.36537e-01
 1.36551e-01
 1.36582e-01
 1.36370e-01
 1.35560e-01
 1.35453e-01
 1.35399e-01
 1.34509e-01
 1.35498e-01
 1.37837e-01
 1.38031e-01
 1.38011e-01
 1.39445e-01
 1.39526e-01
 1.36676e-01
 1.34858e-01
 1.35857e-01
 1.39139e-01
 1.43010e-01
 1.44691e-01
 1.54028e-01
 1.68676e-01
 1.85585e-01
 2.04021e-01
 2.25595e-01
 2.48632e-01
 2.70849e-01
 2.97368e-01
 1.36526e-01
 1.36625e-01
 1.36721e-01
 1.36637e-01
 1.36490e-01
 1.36322e-01
 1.36228e-01
 1.36156e-01
 1.36136e-01
 1.36070e-01
 1.35794e-01
 1.34938e-01
 1.34589e-01
 1.34522e-01
 1.33620e-01
 1.34095e-01
 1.36465e-01
 1.37212e-01
 1.36545e-01
 1.37075e-01
 1.37910e-01
 1.36022e-01
 1.33241e-01
 1.32604e-01
 1.34547e-01
 1.39824e-01
 1.41827e-01
 1.48400e-01
 1.61639e-01
 1.75707e-01
 1.92878e-01
 2.12402e-01
 2.29699e-01
 2.52216e-01
 2.81339e-01
 1.36095e-01
 1.36142e-01
 1.36212e-01
 1.36130e-01
 1.36018e-01
 1.35864e-01
 1.35773e-01
 1.35637e-01
 1.35598e-01
 1.35461e-01
 1.35163e-01
 1.34362e-01
 1.33787e-01
 1.33659e-01
 1.32849e-01
 1.32828e-01
 1.34944e-01
 1.36319e-01
 1.35392e-01
 1.34743e-01
 1.35771e-01
 1.34983e-01
 1.32115e-01
 1.30108e-01
 1.29924e-01
 1.34250e-01
 1.38202e-01
 1.42159e-01
 1.54572e-01
 1.67401e-01
 1.82458e-01
 1.97248e-01
 2.12990e-01
 2.36093e-01
 2.58229e-01
 1.35733e-01
 1.35732e-01
 1.35757e-01
 1.35669e-01
 1.35560e-01
 1.35391e-01
 1.35258e-01
 1.35033e-01
 1.34967e-01
 1.34756e-01
 1.34453e-01
 1.33780e-01
 1.33053e-01
 1.32820e-01
 1.32179e-01
 1.31792e-01
 1.33414e-01
 1.35329e-01
 1.34484e-01
 1.32874e-01
 1.33291e-01
 1.33465e-01
 1.31346e-01
 1.28306e-01
 1.26121e-01
 1.28764e-01
 1.34148e-01
 1.36415e-01
 1.47016e-01
 1.58600e-01
 1.71331e-01
 1.82256e-01
 1.97503e-01
 2.16203e-01
 2.31985e-01
 1.35425e-01
 1.35390e-01
 1.35368e-01
 1.35283e-01
 1.35161e-01
 1.34963e-01
 1.34754e-01
 1.34436e-01
 1.34329e-01
 1.34028e-01
 1.33696e-01
 1.33167e-01
 1.32384e-01
 1.32042e-01
 1.31594e-01
 1.31017e-01
 1.32085e-01
 1.34185e-01
 1.33768e-01
 1.31696e-01
 1.30871e-01
 1.31513e-01
 1.30368e-01
 1.27201e-01
 1.23503e-01
 1.24350e-01
 1.29984e-01
 1.31315e-01
 1.40436e-01
 1.50425e-01
 1.60229e-01
 1.69715e-01
 1.82326e-01
 1.94254e-01
 2.05146e-01
 1.35161e-01
 1.35105e-01
 1.35046e-01
 1.34981e-01
 1.34865e-01
 1.34642e-01
 1.34336e-01
 1.33948e-01
 1.33778e-01
 1.33380e-01
 1.32990e-01
 1.32582e-01
 1.31814e-01
 1.31388e-01
 1.31108e-01
 1.30521e-01
 1.31119e-01
 1.32990e-01
 1.33276e-01
 1.31169e-01
 1.28944e-01
 1.29579e-01
 1.28996e-01
 1.26144e-01
 1.21970e-01
 1.21648e-01
 1.24862e-01
 1.25339e-01
 1.34181e-01
 1.42340e-01
 1.49979e-01
 1.58061e-01
 1.66422e-01
 1.74208e-01
 1.78729e-01
 1.34945e-01
 1.34874e-01
 1.34803e-01
 1.34773e-01
 1.34694e-01
 1.34469e-01
 1.34087e-01
 1.33654e-01
 1.33415e-01
 1.32931e-01
 1.32470e-01
 1.32161e-01
 1.31470e-01
 1.30987e-01
 1.30858e-01
 1.30443e-01
 1.30693e-01
 1.32087e-01
 1.32997e-01
 1.31240e-01
 1.28545e-01
 1.28229e-01
 1.27697e-01
 1.25247e-01
 1.20788e-01
 1.20729e-01
 1.21621e-01
 1.21140e-01
 1.28300e-01
 1.34385e-01
 1.40381e-01
 1.46510e-01
 1.51248e-01
 1.55395e-01
 1.54558e-01
 1.34831e-01
 1.34747e-01
 1.34685e-01
 1.34716e-01
 1.34706e-01
 1.34528e-01
 1.34162e-01
 1.33745e-01
 1.33460e-01
 1.32964e-01
 1.32496e-01
 1.32275e-01
 1.31754e-01
 1.31343e-01
 1.31389e-01
 1.31259e-01
 1.31423e-01
 1.32701e-01
 1.33941e-01
 1.32689e-01
 1.29900e-01
 1.29153e-01
 1.28866e-01
 1.25855e-01
 1.21272e-01
 1.21673e-01
 1.20037e-01
 1.18703e-01
 1.23565e-01
 1.27432e-01
 1.31728e-01
 1.35262e-01
 1.37567e-01
 1.38355e-01
 1.35675e-01
 1.34960e-01
 1.34875e-01
 1.34840e-01
 1.34939e-01
 1.35005e-01
 1.34912e-01
 1.34640e-01
 1.34312e-01
 1.34089e-01
 1.33713e-01
 1.33397e-01
 1.33396e-01
 1.33186e-01
 1.33007e-01
 1.33290e-01
 1.33528e-01
 1.33767e-01
 1.34849e-01
 1.36171e-01
 1.35589e-01
 1.33340e-01
 1.32108e-01
 1.31418e-01
 1.28862e-01
 1.25963e-01
 1.26494e-01
 1.20953e-01
 1.18380e-01
 1.20335e-01
 1.22014e-01
 1.24125e-01
 1.25204e-01
 1.26393e-01
 1.24955e-01
 1.23597e-01
part
         2
quad4
 4.53481e-01
 5.03101e-01
 5.56200e-01
 6.12961e-01
 6.67986e-01
 7.07452e-01
 7.24175e-01
 6.85349e-01
 5.40701e-01
 3.36096e-01
 1.93308e-01
 1.38131e-01
 1.20060e-01
 1.12430e-01
 1.08141e-01
 1.05360e-01
 1.03502e-01
 1.02265e-01
 1.01450e-01
 1.00919e-01
 1.00576e-01
 1.00358e-01
 1.00220e-01
 1.00134e-01
 1.00080e-01
 1.00048e-01
 1.00028e-01
 1.00016e-01
 1.00009e-01
 1.00005e-01
 1.00003e-01
 1.00002e-01
 1.00001e-01
 1.00000e-01
 1.00000e-01
 4.44270e-01
 4.91518e-01
 5.42183e-01
 5.93818e-01
 6.44624e-01
 6.88059e-01
 6.96047e-01
 6.59427e-01
 5.22194e-01
 3.36312e-01
 2.12846e-01
 1.59796e-01
 1.38214e-01
 1.26594e-01
 1.18714e-01
 1.13000e-01
 1.08889e-01
 1.05990e-01
 1.03970e-01
 1.02593e-01
 1.01671e-01
 1.01063e-01
 1.00668e-01
 1.00415e-01
 1.00254e-01
 1.00154e-01
 1.00092e-01
 1.00054e-01
 1.00032e-01
 1.00018e-01
 1.00010e-01
 1.00006e-01
 1.00003e-01
 1.00002e-01
 1.00001e-01
 4.26957e-01
 4.70796e-01
 5.14086e-01
 5.59234e-01
 6.12327e-01
 6.50621e-01
 6.51711e-01
 6.13425e-01
 4.78052e-01
 3.33374e-01
 2.42694e-01
 1.98112e-01
 1.75332e-01
 1.59355e-01
 1.45911e-01
 1.34433e-01
 1.25031e-01
 1.17701e-01
 1.12242e-01
 1.08316e-01
 1.05560e-01
 1.03653e-01
 1.02362e-01
 1.01505e-01
 1.00945e-01
 1.00586e-01
 1.00358e-01
 1.00216e-01
 1.00128e-01
 1.00075e-01
 1.00044e-01
 1.00025e-01
 1.00015e-01
 1.00009e-01
 1.00007e-01
 4.03101e-01
 4.41479e-01
 4.79312e-01
 5.25687e-01
 5.75085e-01
 6.07603e-01
 6.06764e-01
 5.43230e-01
 4.18246e-01
 3.17544e-01
 2.61150e-01
 2.34843e-01
 2.18362e-01
 2.03389e-01
 1.88010e-01
 1.72817e-01
 1.58283e-01
 1.44996e-01
 1.33529e-01
 1.24194e-01
 1.16976e-01
 1.11645e-01
 1.07842e-01
 1.05189e-01
 1.03370e-01
 1.02151e-01
 1.01352e-01
 1.00836e-01
 1.00510e-01
 1.00308e-01
 1.00184e-01
 1.00111e-01
 1.00068e-01
 1.00045e-01
 1.00035e-01
 3.76781e-01
 4.11222e-01
 4.48875e-01
 4.89728e-01
 5.34071e-01
 5.64264e-01
 5.41463e-01
 4.53065e-01
 3.55976e-01
 2.91671e-01
 2.61368e-01
 2.49286e-01
 2.43283e-01
 2.37342e-01
 2.28985e-01
 2.17388e-01
 2.03185e-01
 1.87601e-01
 1.72018e-01
 1.57271e-01
 1.43882e-01
 1.32425e-01
 1.23201e-01
 1.16136e-01
 1.10964e-01
 1.07311e-01
 1.04784e-01
 1.03073e-01
 1.01944e-01
 1.01218e-01
 1.00762e-01
 1.00484e-01
 1.00321e-01
 1.00233e-01
 1.00194e-01
 3.51078e-01
 3.84287e-01
 4.15549e-01
 4.53676e-01
 4.96212e-01
 5.03905e-01
 4.56314e-01
 3.68003e-01
 3.01733e-01
 2.67855e-01
 2.55100e-01
 2.51171e-01
 2.49806e-01
 2.48717e-01
 2.46870e-01
 2.43494e-01
 2.37920e-01
 2.29391e-01
 2.17481e-01
 2.02833e-01
 1.86819e-01
 1.70818e-01
 1.55947e-01
 1.42570e-01
 1.31170e-01
 1.22094e-01
 1.15245e-01
 1.10304e-01
 1.06885e-01
 1.04574e-01
 1.03069e-01
 1.02133e-01
 1.01583e-01
 1.01287e-01
 1.01161e-01
 3.30735e-01
 3.56055e-01
 3.82943e-01
 4.21084e-01
 4.47272e-01
 4.26001e-01
 3.56757e-01
 2.95553e-01
 2.57085e-01
 2.43383e-01
 2.43385e-01
 2.46831e-01
 2.49471e-01
 2.50699e-01
 2.50969e-01
 2.50492e-01
 2.49248e-01
 2.47070e-01
 2.43415e-01
 2.37624e-01
 2.28996e-01
 2.17015e-01
 2.02016e-01
 1.85743e-01
 1.69585e-01
 1.54646e-01
 1.41477e-01
 1.30397e-01
 1.21819e-01
 1.15660e-01
 1.11558e-01
 1.09075e-01
 1.07698e-01
 1.07060e-01
 1.06841e-01
 3.06034e-01
 3.24024e-01
 3.52855e-01
 3.79469e-01
 3.59954e-01
 3.02879e-01
 2.58348e-01
 2.32139e-01
 2.15802e-01
 2.13513e-01
 2.20983e-01
 2.30883e-01
 2.39429e-01
 2.45183e-01
 2.48426e-01
 2.50119e-01
 2.50734e-01
 2.50485e-01
 2.49507e-01
 2.47779e-01
 2.45052e-01
 2.41137e-01
 2.35425e-01
 2.27055e-01
 2.15581e-01
 2.01353e-01
 1.85626e-01
 1.70309e-01
 1.56983e-01
 1.46556e-01
 1.39196e-01
 1.35151e-01
 1.33997e-01
 1.34606e-01
 1.35273e-01
 2.77069e-01
 2.98500e-01
 3.22442e-01
 3.20932e-01
 2.81125e-01
 2.40141e-01
 2.13212e-01
 1.97557e-01
 1.89952e-01
 1.90873e-01
 1.98856e-01
 2.08943e-01
 2.19283e-01
 2.28786e-01
 2.36403e-01
 2.41422e-01
 2.44256e-01
 2.45664e-01
 2.46275e-01
 2.46391e-01
 2.45938e-01
 2.44813e-01
 2.42986e-01
 2.40464e-01
 2.36366e-01
 2.31333e-01
 2.25241e-01
 2.17528e-01
 2.08809e-01
 2.00961e-01
 1.96572e-01
 1.97037e-01
 2.00396e-01
 2.03905e-01
 2.06272e-01
 2.47862e-01
 2.67279e-01
 2.75847e-01
 2.59631e-01
 2.22149e-01
 1.94980e-01
 1.78933e-01
 1.71285e-01
 1.70371e-01
 1.74002e-01
 1.82272e-01
 1.93129e-01
 2.02142e-01
 2.08680e-01
 2.14824e-01
 2.22357e-01
 2.30311e-01
 2.36999e-01
 2.41143e-01
 2.42706e-01
 2.42680e-01
 2.41981e-01
 2.41036e-01
 2.39661e-01
 2.38005e-01
 2.36568e-01
 2.35795e-01
 2.36736e-01
 2.39854e-01
 2.45084e-01
 2.52343e-01
 2.60499e-01
 2.67583e-01
 2.73428e-01
 2.76348e-01
 2.15986e-01
 2.23426e-01
 2.22854e-01
 2.06471e-01
 1.84305e-01
 1.76102e-01
 1.68618e-01
 1.62688e-01
 1.63021e-01
 1.72297e-01
 1.86289e-01
 1.89464e-01
 1.95778e-01
 2.04408e-01
 2.08844e-01
 2.10525e-01
 2.11569e-01
 2.15329e-01
 2.21895e-01
 2.29502e-01
 2.37114e-01
 2.43982e-01
 2.47929e-01
 2.47938e-01
 2.45309e-01
 2.43134e-01
 2.42853e-01
 2.47956e-01
 2.57374e-01
 2.71459e-01
 2.90266e-01
 3.12524e-01
 3.38644e-01
 3.57096e-01
 3.70960e-01
 1.81695e-01
 1.84345e-01
 1.80210e-01
 1.66911e-01
 1.71010e-01
 1.62670e-01
 1.58670e-01
 1.59183e-01
 1.62920e-01
 1.69111e-01
 1.77741e-01
 1.87260e-01
 1.93887e-01
 2.00035e-01
 2.04509e-01
 2.09440e-01
 2.15806e-01
 2.21957e-01
 2.25447e-01
 2.26366e-01
 2.25627e-01
 2.24157e-01
 2.26043e-01
 2.34100e-01
 2.46308e-01
 2.59294e-01
 2.71555e-01
 2.82949e-01
 3.04314e-01
 3.34949e-01
 3.71584e-01
 4.08068e-01
 4.42033e-01
 4.74513e-01
 4.89384e-01
 1.53863e-01
 1.53270e-01
 1.46216e-01
 1.56867e-01
 1.46853e-01
 1.48033e-01
 1.46787e-01
 1.46417e-01
 1.52063e-01
 1.67228e-01
 1.73974e-01
 1.79965e-01
 1.90916e-01
 1.99990e-01
 2.06037e-01
 2.11533e-01
 2.16513e-01
 2.20921e-01
 2.22181e-01
 2.21630e-01
 2.23112e-01
 2.27867e-01
 2.33210e-01
 2.38317e-01
 2.43340e-01
 2.54411e-01
 2.79784e-01
 3.20517e-01
 3.70731e-01
 4.20899e-01
 4.63193e-01
 4.88931e-01
 5.01392e-01
 5.05526e-01
 5.03696e-01
 1.34706e-01
 1.30763e-01
 1.40052e-01
 1.30199e-01
 1.36503e-01
 1.29030e-01
 1.23846e-01
 1.30548e-01
 1.40829e-01
 1.49930e-01
 1.66610e-01
 1.82077e-01
 1.94810e-01
 1.94448e-01
 2.10280e-01
 2.12832e-01
 2.16657e-01
 2.18477e-01
 2.19781e-01
 2.21662e-01
 2.24296e-01
 2.27370e-01
 2.32197e-01
 2.37445e-01
 2.45678e-01
 2.64349e-01
 3.03617e-01
 3.61292e-01
 4.20741e-01
 4.66876e-01
 4.92527e-01
 4.99717e-01
 5.04437e-01
 5.09722e-01
 5.14119e-01
 1.23970e-01
 1.20406e-01
 1.22891e-01
 1.20777e-01
 1.14924e-01
 1.07395e-01
 1.05756e-01
 1.10595e-01
 1.25215e-01
 1.46709e-01
 1.64299e-01
 1.78859e-01
 1.91907e-01
 2.04812e-01
 2.00355e-01
 2.15900e-01
 2.14916e-01
 2.16776e-01
 2.18693e-01
 2.21237e-01
 2.24378e-01
 2.27626e-01
 2.31113e-01
 2.36816e-01
 2.47686e-01
 2.71579e-01
 3.18894e-01
 3.83270e-01
 4.43935e-01
 4.83294e-01
 4.98114e-01
 5.03998e-01
 5.10750e-01
 5.15760e-01
 5.17302e-01
part
         3
quad4
 1.35407e-01
 1.35344e-01
 1.35370e-01
 1.35591e-01
 1.35836e-01
 1.36010e-01
 1.36133e-01
 1.36203e-01
 1.36264e-01
 1.36204e-01
 1.36152e-01
 1.36338e-01
 1.36493e-01
 1.36679e-01
 1.37326e-01
 1.38145e-01
 1.38853e-01
 1.39802e-01
 1.40718e-01
 1.40631e-01
 1.39610e-01
 1.38395e-01
 1.37017e-01
 1.35145e-01
 1.33389e-01
 1.33868e-01
 1.27161e-01
 1.25529e-01
 1.22127e-01
 1.20039e-01
 1.18517e-01
 1.16959e-01
 1.16810e-01
 1.14995e-01
 1.16044e-01
 1.36577e-01
 1.36620e-01
 1.36851e-01
 1.37388e-01
 1.38008e-01
 1.38588e-01
 1.39068e-01
 1.39427e-01
 1.39753e-01
 1.40116e-01
 1.40534e-01
 1.41077e-01
 1.41654e-01
 1.42315e-01
 1.43204e-01
 1.44191e-01
 1.45124e-01
 1.46058e-01
 1.46844e-01
 1.46950e-01
 1.46599e-01
 1.46023e-01
 1.45113e-01
 1.43889e-01
 1.42801e-01
 1.41769e-01
 1.39525e-01
 1.34195e-01
 1.31008e-01
 1.27735e-01
 1.23806e-01
 1.20885e-01
 1.19656e-01
 1.17989e-01
 1.19618e-01
 1.39093e-01
 1.39281e-01
 1.39676e-01
 1.40295e-01
 1.41031e-01
 1.41821e-01
 1.42632e-01
 1.43392e-01
 1.44109e-01
 1.44811e-01
 1.45535e-01
 1.46319e-01
 1.47176e-01
 1.48129e-01
 1.49210e-01
 1.50383e-01
 1.51460e-01
 1.52415e-01
 1.53102e-01
 1.53410e-01
 1.53381e-01
 1.53200e-01
 1.52819e-01
 1.52228e-01
 1.51805e-01
 1.51252e-01
 1.51636e-01
 1.47900e-01
 1.41788e-01
 1.39108e-01
 1.35627e-01
 1.31196e-01
 1.27458e-01
 1.25425e-01
 1.26513e-01
 1.42450e-01
 1.42677e-01
 1.43164e-01
 1.43912e-01
 1.44836e-01
 1.45863e-01
 1.46889e-01
 1.47906e-01
 1.48893e-01
 1.49849e-01
 1.50785e-01
 1.51750e-01
 1.52784e-01
 1.53896e-01
 1.55135e-01
 1.56359e-01
 1.57498e-01
 1.58411e-01
 1.59017e-01
 1.59294e-01
 1.59370e-01
 1.59340e-01
 1.59241e-01
 1.59325e-01
 1.59223e-01
 1.59410e-01
 1.58792e-01
 1.63847e-01
 1.51798e-01
 1.53556e-01
 1.50419e-01
 1.47438e-01
 1.41360e-01
 1.37535e-01
 1.39144e-01
 1.46928e-01
 1.47214e-01
 1.47784e-01
 1.48608e-01
 1.49614e-01
 1.50705e-01
 1.51830e-01
 1.52931e-01
 1.53997e-01
 1.55014e-01
 1.56018e-01
 1.57047e-01
 1.58168e-01
 1.59364e-01
 1.60573e-01
 1.61647e-01
 1.62524e-01
 1.63063e-01
 1.63281e-01
 1.63116e-01
 1.62814e-01
 1.62532e-01
 1.62710e-01
 1.62990e-01
 1.63282e-01
 1.62758e-01
 1.64193e-01
 1.64374e-01
 1.69277e-01
 1.57714e-01
 1.63681e-01
 1.65781e-01
 1.63639e-01
 1.57702e-01
 1.53088e-01
 1.52979e-01
 1.53274e-01
 1.53827e-01
 1.54561e-01
 1.55418e-01
 1.56350e-01
 1.57289e-01
 1.58220e-01
 1.59122e-01
 1.60027e-01
 1.60954e-01
 1.61956e-01
 1.62979e-01
 1.63842e-01
 1.64510e-01
 1.65052e-01
 1.65374e-01
 1.65489e-01
 1.65396e-01
 1.65178e-01
 1.64892e-01
 1.64725e-01
 1.65237e-01
 1.65665e-01
 1.66518e-01
 1.67239e-01
 1.67551e-01
 1.69574e-01
 1.71432e-01
 1.75486e-01
 1.76459e-01
 1.74421e-01
 1.74848e-01
 1.73579e-01
 1.67461e-01
 1.60662e-01
 1.60851e-01
 1.61180e-01
 1.61588e-01
 1.62035e-01
 1.62486e-01
 1.62952e-01
 1.63443e-01
 1.64000e-01
 1.64628e-01
 1.65348e-01
 1.66023e-01
 1.66362e-01
 1.66519e-01
 1.66620e-01
 1.66748e-01
 1.66969e-01
 1.67198e-01
 1.67414e-01
 1.67630e-01
 1.67827e-01
 1.68240e-01
 1.68804e-01
 1.70039e-01
 1.71097e-01
 1.72239e-01
 1.73478e-01
 1.74845e-01
 1.76586e-01
 1.78391e-01
 1.81666e-01
 1.85982e-01
 1.85414e-01
 1.83522e-01
 1.81369e-01
 1.69636e-01
 1.69579e-01
 1.69453e-01
 1.69244e-01
 1.68981e-01
 1.68687e-01
 1.68461e-01
 1.68357e-01
 1.68393e-01
 1.68617e-01
 1.68805e-01
 1.68614e-01
 1.68295e-01
 1.68098e-01
 1.68113e-01
 1.68455e-01
 1.69138e-01
 1.70031e-01
 1.70796e-01
 1.71337e-01
 1.71777e-01
 1.72195e-01
 1.72837e-01
 1.73868e-01
 1.75285e-01
 1.76637e-01
 1.77850e-01
 1.78908e-01
 1.80493e-01
 1.81812e-01
 1.84662e-01
 1.85103e-01
 1.86107e-01
 1.87016e-01
 1.85444e-01
 1.79045e-01
 1.78643e-01
 1.77894e-01
 1.76879e-01
 1.75740e-01
 1.74588e-01
 1.73559e-01
 1.72753e-01
 1.72234e-01
 1.71935e-01
 1.71170e-01
 1.70429e-01
 1.70040e-01
 1.70124e-01
 1.70638e-01
 1.71514e-01
 1.72404e-01
 1.73123e-01
 1.73722e-01
 1.74192e-01
 1.74704e-01
 1.75211e-01
 1.75869e-01
 1.76924e-01
 1.78281e-01
 1.79674e-01
 1.80806e-01
 1.81985e-01
 1.83022e-01
 1.84424e-01
 1.85186e-01
 1.86112e-01
 1.87443e-01
 1.87242e-01
 1.86217e-01
 1.87893e-01
 1.87142e-01
 1.85753e-01
 1.83923e-01
 1.81898e-01
 1.79889e-01
 1.78085e-01
 1.76635e-01
 1.75579e-01
 1.74614e-01
 1.73350e-01
 1.72710e-01
 1.72735e-01
 1.73183e-01
 1.73792e-01
 1.74273e-01
 1.74730e-01
 1.75233e-01
 1.75847e-01
 1.76521e-01
 1.77197e-01
 1.77831e-01
 1.78630e-01
 1.79544e-01
 1.80641e-01
 1.81753e-01
 1.82833e-01
 1.83927e-01
 1.84888e-01
 1.85710e-01
 1.86371e-01
 1.87043e-01
 1.87225e-01
 1.86849e-01
 1.85862e-01
 1.95326e-01
 1.94288e-01
 1.92379e-01
 1.89885e-01
 1.87129e-01
 1.84432e-01
 1.82020e-01
 1.80078e-01
 1.78616e-01
 1.77307e-01
 1.76133e-01
 1.75699e-01
 1.75767e-01
 1.75903e-01
 1.76032e-01
 1.76323e-01
 1.76745e-01
 1.77297e-01
 1.77953e-01
 1.78664e-01
 1.79391e-01
 1.80165e-01
 1.80930e-01
 1.81728e-01
 1.82541e-01
 1.83345e-01
 1.84214e-01
 1.85082e-01
 1.85850e-01
 1.86401e-01
 1.86881e-01
 1.87080e-01
 1.86978e-01
 1.86358e-01
 1.85331e-01
 2.00869e-01
 1.99657e-01
 1.97424e-01
 1.94506e-01
 1.91286e-01
 1.88152e-01
 1.85357e-01
 1.83081e-01
 1.81358e-01
 1.80062e-01
 1.79107e-01
 1.78574e-01
 1.78234e-01
 1.78018e-01
 1.78102e-01
 1.78383e-01
 1.78784e-01
 1.79286e-01
 1.79825e-01
 1.80421e-01
 1.81056e-01
 1.81728e-01
 1.82420e-01
 1.83089e-01
 1.83689e-01
 1.84376e-01
 1.85080e-01
 1.85764e-01
 1.86404e-01
 1.86914e-01
 1.87290e-01
 1.87358e-01
 1.87142e-01
 1.86505e-01
 1.85329e-01
 2.04595e-01
 2.03297e-01
 2.00904e-01
 1.97779e-01
 1.94336e-01
 1.90988e-01
 1.87996e-01
 1.85563e-01
 1.83690e-01
 1.82358e-01
 1.81584e-01
 1.80858e-01
 1.80348e-01
 1.80129e-01
 1.80068e-01
 1.80114e-01
 1.80324e-01
 1.80649e-01
 1.81115e-01
 1.81642e-01
 1.82220e-01
 1.82839e-01
 1.83502e-01
 1.84148e-01
 1.84804e-01
 1.85465e-01
 1.86189e-01
 1.86781e-01
 1.87253e-01
 1.87578e-01
 1.87636e-01
 1.87476e-01
 1.86969e-01
 1.86100e-01
 1.84828e-01
 2.06852e-01
 2.05510e-01
 2.03042e-01
 1.99831e-01
 1.96303e-01
 1.92881e-01
 1.89826e-01
 1.87330e-01
 1.85438e-01
 1.84100e-01
 1.83253e-01
 1.82628e-01
 1.82115e-01
 1.81722e-01
 1.81279e-01
 1.81107e-01
 1.81175e-01
 1.81474e-01
 1.81944e-01
 1.82570e-01
 1.83276e-01
 1.84015e-01
 1.84740e-01
 1.85469e-01
 1.86174e-01
 1.86852e-01
 1.87443e-01
 1.87860e-01
 1.88053e-01
 1.88067e-01
 1.87947e-01
 1.87555e-01
 1.86859e-01
 1.85862e-01
 1.84592e-01
 2.07915e-01
 2.06549e-01
 2.04046e-01
 2.00797e-01
 1.97244e-01
 1.93807e-01
 1.90748e-01
 1.88259e-01
 1.86368e-01
 1.85026e-01
 1.84099e-01
 1.83558e-01
 1.82965e-01
 1.82379e-01
 1.81850e-01
 1.81556e-01
 1.81563e-01
 1.81836e-01
 1.82352e-01
 1.83061e-01
 1.83901e-01
 1.84741e-01
 1.85533e-01
 1.86293e-01
 1.87013e-01
 1.87642e-01
 1.88051e-01
 1.88291e-01
 1.88369e-01
 1.88267e-01
 1.87980e-01
 1.87508e-01
 1.86835e-01
 1.85897e-01
 1.84686e-01
part
         4
quad4
 1.16804e-01
 1.21823e-01
 1.14963e-01
 1.11220e-01
 1.00501e-01
 9.53815e-02
 9.26499e-02
 1.03765e-01
 1.17904e-01
 1.35964e-01
 1.61519e-01
 1.71118e-01
 1.89756e-01
 1.96980e-01
 2.10529e-01
 2.06101e-01
 2.13634e-01
 2.15404e-01
 2.18003e-01
 2.20942e-01
 2.24064e-01
 2.26991e-01
 2.30272e-01
 2.36984e-01
 2.50228e-01
 2.79300e-01
 3.34101e-01
 4.01750e-01
 4.60236e-01
 4.94075e-01
 5.03407e-01
 5.09601e-01
 5.16637e-01
 5.20475e-01
 5.23128e-01
 1.16442e-01
 1.23091e-01
 1.10275e-01
 1.09968e-01
 9.66099e-02
 9.54021e-02
 9.33230e-02
 1.03748e-01
 1.14567e-01
 1.32073e-01
 1.55558e-01
 1.69669e-01
 1.87591e-01
 1.94578e-01
 2.05620e-01
 2.05903e-01
 2.13031e-01
 2.13163e-01
 2.17440e-01
 2.20516e-01
 2.23547e-01
 2.26189e-01
 2.30226e-01
 2.37262e-01
 2.52790e-01
 2.87499e-01
 3.48425e-01
 4.19003e-01
 4.75446e-01
 5.04254e-01
 5.08371e-01
 5.15478e-01
 5.22795e-01
 5.26476e-01
 5.27573e-01
 1.21885e-01
 1.29022e-01
 1.15979e-01
 1.13874e-01
 1.04867e-01
 1.03969e-01
 1.00415e-01
 1.09596e-01
 1.14431e-01
 1.33069e-01
 1.54661e-01
 1.66655e-01
 1.83888e-01
 1.93346e-01
 1.98455e-01
 2.13941e-01
 1.98575e-01
 2.18983e-01
 2.16940e-01
 2.20247e-01
 2.23018e-01
 2.25540e-01
 2.30062e-01
 2.37666e-01
 2.55344e-01
 2.95442e-01
 3.61794e-01
 4.34419e-01
 4.88214e-01
 5.12112e-01
 5.14614e-01
 5.21390e-01
 5.27293e-01
 5.31077e-01
 5.33273e-01
 1.35819e-01
 1.32913e-01
 1.27299e-01
 1.22474e-01
 1.15651e-01
 1.12378e-01
 1.10041e-01
 1.14388e-01
 1.19809e-01
 1.39206e-01
 1.54359e-01
 1.68278e-01
 1.83549e-01
 1.92959e-01
 1.97726e-01
 2.09091e-01
 2.04345e-01
 2.14806e-01
 2.16297e-01
 2.19818e-01
 2.22331e-01
 2.24842e-01
 2.29445e-01
 2.37985e-01
 2.57988e-01
 3.02948e-01
 3.73907e-01
 4.47754e-01
 4.98666e-01
 5.19223e-01
 5.20471e-01
 5.26663e-01
 5.31452e-01
 5.35563e-01
 5.37324e-01
 1.52686e-01
 1.46803e-01
 1.41510e-01
 1.29306e-01
 1.21675e-01
 1.21148e-01
 1.19606e-01
 1.22623e-01
 1.34079e-01
 1.43152e-01
 1.56940e-01
 1.73256e-01
 1.82120e-01
 1.92519e-01
 1.97940e-01
 2.04308e-01
 2.09297e-01
 2.09812e-01
 2.16258e-01
 2.19204e-01
 2.21673e-01
 2.24098e-01
 2.28672e-01
 2.38188e-01
 2.60555e-01
 3.09905e-01
 3.84646e-01
 4.59112e-01
 5.07517e-01
 5.24987e-01
 5.26693e-01
 5.32149e-01
 5.36149e-01
 5.39428e-01
 5.41044e-01
 1.61956e-01
 1.58831e-01
 1.55905e-01
 1.48866e-01
 1.39658e-01
 1.34898e-01
 1.30674e-01
 1.36967e-01
 1.42199e-01
 1.53227e-01
 1.64567e-01
 1.73010e-01
 1.82875e-01
 1.91576e-01
 1.97195e-01
 2.02361e-01
 2.11225e-01
 2.05157e-01
 2.17016e-01
 2.18346e-01
 2.20847e-01
 2.23295e-01
 2.27963e-01
 2.38327e-01
 2.62887e-01
 3.16145e-01
 3.93913e-01
 4.68722e-01
 5.14633e-01
 5.30642e-01
 5.32814e-01
 5.37685e-01
 5.41494e-01
 5.44100e-01
 5.45760e-01
 1.82381e-01
 1.72272e-01
 1.60020e-01
 1.54439e-01
 1.49563e-01
 1.45484e-01
 1.42190e-01
 1.47731e-01
 1.51747e-01
 1.61432e-01
 1.67089e-01
 1.75303e-01
 1.83676e-01
 1.91053e-01
 1.96784e-01
 2.01353e-01
 2.12047e-01
 2.00916e-01
 2.17667e-01
 2.17401e-01
 2.19875e-01
 2.22400e-01
 2.27291e-01
 2.38378e-01
 2.64890e-01
 3.21529e-01
 4.01781e-01
 4.76578e-01
 5.20653e-01
 5.35434e-01
 5.38669e-01
 5.43471e-01
 5.47318e-01
 5.50168e-01
 5.51719e-01
 1.83108e-01
 1.76045e-01
 1.73012e-01
 1.67521e-01
 1.63028e-01
 1.58418e-01
 1.56453e-01
 1.57849e-01
 1.60314e-01
 1.63978e-01
 1.70925e-01
 1.77530e-01
 1.84256e-01
 1.91072e-01
 1.96681e-01
 2.00724e-01
 2.11930e-01
 1.98255e-01
 2.17728e-01
 2.16474e-01
 2.18907e-01
 2.21482e-01
 2.26609e-01
 2.38354e-01
 2.66551e-01
 3.26066e-01
 4.08243e-01
 4.82982e-01
 5.25389e-01
 5.39818e-01
 5.43653e-01
 5.49070e-01
 5.53127e-01
 5.56395e-01
 5.58019e-01
 1.84479e-01
 1.80923e-01
 1.77916e-01
 1.73813e-01
 1.67899e-01
 1.63923e-01
 1.64430e-01
 1.64119e-01
 1.64840e-01
 1.68275e-01
 1.73849e-01
 1.79521e-01
 1.85390e-01
 1.91387e-01
 1.96629e-01
 2.00311e-01
 2.11698e-01
 1.96507e-01
 2.17407e-01
 2.15633e-01
 2.18084e-01
 2.20727e-01
 2.26048e-01
 2.38334e-01
 2.67943e-01
 3.29740e-01
 4.13460e-01
 4.87989e-01
 5.29200e-01
 5.43262e-01
 5.48082e-01
 5.53666e-01
 5.58420e-01
 5.61904e-01
 5.63872e-01
 1.83801e-01
 1.81237e-01
 1.78385e-01
 1.75016e-01
 1.71234e-01
 1.68297e-01
 1.67984e-01
 1.68147e-01
 1.69009e-01
 1.71748e-01
 1.76439e-01
 1.81577e-01
 1.86586e-01
 1.91836e-01
 1.96650e-01
 1.99931e-01
 2.11201e-01
 1.95561e-01
 2.16793e-01
 2.15067e-01
 2.17630e-01
 2.20189e-01
 2.25596e-01
 2.38301e-01
 2.69061e-01
 3.32678e-01
 4.17530e-01
 4.91849e-01
 5.32060e-01
 5.46067e-01
 5.51438e-01
 5.57575e-01
 5.62650e-01
 5.66669e-01
 5.68827e-01
 1.83626e-01
 1.81492e-01
 1.79156e-01
 1.76409e-01
 1.73846e-01
 1.71662e-01
 1.71070e-01
 1.72047e-01
 1.73263e-01
 1.75609e-01
 1.79225e-01
 1.83239e-01
 1.87473e-01
 1.92090e-01
 1.96614e-01
 1.99829e-01
 2.10994e-01
 1.95071e-01
 2.16189e-01
 2.14585e-01
 2.17177e-01
 2.19719e-01
 2.25182e-01
 2.38222e-01
 2.69935e-01
 3.34950e-01
 4.20657e-01
 4.94719e-01
 5.34169e-01
 5.48100e-01
 5.54056e-01
 5.60515e-01
 5.66035e-01
 5.70331e-01
 5.72706e-01
 1.83679e-01
 1.81664e-01
 1.79438e-01
 1.77200e-01
 1.75118e-01
 1.73392e-01
 1.73047e-01
 1.74223e-01
 1.75890e-01
 1.77782e-01
 1.80505e-01
 1.83659e-01
 1.87593e-01
 1.91925e-01
 1.96267e-01
 1.99594e-01
 2.10621e-01
 1.94850e-01
 2.15391e-01
 2.13942e-01
 2.16503e-01
 2.19140e-01
 2.24768e-01
 2.38161e-01
 2.70651e-01
 3.36703e-01
 4.22986e-01
 4.96791e-01
 5.35638e-01
 5.49543e-01
 5.55891e-01
 5.62713e-01
 5.68508e-01
 5.73062e-01
 5.75516e-01
 1.83257e-01
 1.81396e-01
 1.79407e-01
 1.77446e-01
 1.75638e-01
 1.74206e-01
 1.73462e-01
 1.74590e-01
 1.76183e-01
 1.77952e-01
 1.80471e-01
 1.83271e-01
 1.87022e-01
 1.91202e-01
 1.95408e-01
 1.98827e-01
 2.09728e-01
 1.94521e-01
 2.14322e-01
 2.13318e-01
 2.15971e-01
 2.18731e-01
 2.24514e-01
 2.38179e-01
 2.71232e-01
 3.38005e-01
 4.24643e-01
 4.98212e-01
 5.36603e-01
 5.50481e-01
 5.57127e-01
 5.64214e-01
 5.70248e-01
 5.74954e-01
 5.77440e-01
 1.83072e-01
 1.81334e-01
 1.79366e-01
 1.77392e-01
 1.75563e-01
 1.74122e-01
 1.73145e-01
 1.74067e-01
 1.76066e-01
 1.78032e-01
 1.80709e-01
 1.83717e-01
 1.87212e-01
 1.90929e-01
 1.94712e-01
 1.97784e-01
 2.08557e-01
 1.93832e-01
 2.13457e-01
 2.12816e-01
 2.15569e-01
 2.18380e-01
 2.24285e-01
 2.38174e-01
 2.71632e-01
 3.38860e-01
 4.25724e-01
 4.99097e-01
 5.37176e-01
 5.51030e-01
 5.57867e-01
 5.65148e-01
 5.71341e-01
 5.76144e-01
 5.78623e-01
 1.83194e-01
 1.81381e-01
 1.79314e-01
 1.77238e-01
 1.75375e-01
 1.73939e-01
 1.73205e-01
 1.74189e-01
 1.76658e-01
 1.79063e-01
 1.81714e-01
 1.84626e-01
 1.87828e-01
 1.91148e-01
 1.94563e-01
 1.97222e-01
 2.07760e-01
 1.93352e-01
 2.13013e-01
 2.12424e-01
 2.15168e-01
 2.18074e-01
 2.24124e-01
 2.38190e-01
 2.71884e-01
 3.39324e-01
 4.26264e-01
 4.99540e-01
 5.37461e-01
 5.51307e-01
 5.58236e-01
 5.65617e-01
 5.71892e-01
 5.76740e-01
 5.79210e-01
