1.0000000000000001E-05 2.5839999999999999E-03
2.0500000000000004E-05 1.8583000000000002E-02
3.1525000000000007E-05 2.6581000000000004E-02
4.3101250000000010E-05 3.8578000000000008E-02
5.5256312500000013E-05 5.4603000000000006E-02
6.8019128125000017E-05 6.2578999999999996E-02
8.1420084531250018E-05 7.4581000000000008E-02
9.5491088757812526E-05 8.6601000000000011E-02
1.1026564319570316E-04 9.8579000000000000E-02
1.2577892535548833E-04 1.0658100000000001E-01
1.4206787162326275E-04 1.2258800000000000E-01
1.5917126520442591E-04 1.3457800000000000E-01
1.7712982846464722E-04 1.4257900000000001E-01
1.9598631988787958E-04 1.5458000000000000E-01
2.1578563588227356E-04 1.6257800000000000E-01
2.3657491767638725E-04 1.7455999999999999E-01
2.5840366356020660E-04 1.8255700000000000E-01
2.8132384673821697E-04 1.9455900000000001E-01
3.0539003907512785E-04 2.0256200000000002E-01
3.3065954102888426E-04 2.1056100000000003E-01
3.5719251808032847E-04 2.2255900000000003E-01
3.8505214398434494E-04 2.3456200000000002E-01
4.1430475118356224E-04 2.4255800000000002E-01
4.4501998874274035E-04 2.5455900000000004E-01
4.7727098817987741E-04 2.6255700000000004E-01
5.1113453758887132E-04 2.7056000000000002E-01
5.4669126446831495E-04 2.8256600000000004E-01
5.8402582769173075E-04 2.9056000000000004E-01
6.2322711907631734E-04 3.0255700000000008E-01
6.6438847503013320E-04 3.1055900000000003E-01
7.0760789878163990E-04 3.2255900000000004E-01
7.5298829372072191E-04 3.3055900000000005E-01
8.0063770840675804E-04 3.4256000000000003E-01
8.5066959382709597E-04 3.5055800000000004E-01
9.0320307351845076E-04 3.6256000000000005E-01
9.5836322719437339E-04 3.7055800000000005E-01
1.0162813885540921E-03 3.7856900000000010E-01
1.0770954579817967E-03 3.9055500000000004E-01
1.1409502308808866E-03 4.0255900000000006E-01
1.2079977424249309E-03 4.1059400000000007E-01
1.2783976295461775E-03 4.1855100000000006E-01
1.3523175110234863E-03 4.3054700000000007E-01
1.4299333865746607E-03 4.3854900000000008E-01
1.5114300559033939E-03 4.5056500000000005E-01
1.5970015586985638E-03 4.5855100000000004E-01
1.6868516366334921E-03 4.7055000000000008E-01
1.7811942184651668E-03 4.7854800000000008E-01
1.8802539293884253E-03 4.9055200000000010E-01
1.9842666258578466E-03 4.9855900000000014E-01
2.0934799571507390E-03 5.1449000000000011E-01
2.2081539550082760E-03 5.2649300000000010E-01
2.3285616527586898E-03 5.3449300000000011E-01
2.4549897353966245E-03 5.4249000000000014E-01
2.5877392221664557E-03 5.5447300000000022E-01
2.7271261832747785E-03 5.6247200000000019E-01
2.8734824924385176E-03 5.7447400000000026E-01
3.0271566170604436E-03 5.8646700000000029E-01
3.1885144479134658E-03 5.9445100000000028E-01
3.3579401703091394E-03 6.0240800000000028E-01
3.5358371788245966E-03 6.1440800000000029E-01
3.7226290377658268E-03 6.2640900000000033E-01
3.9187604896541179E-03 6.3441800000000026E-01
4.1246985141368238E-03 6.4640700000000018E-01
4.3409334398436649E-03 6.5437200000000018E-01
4.5679801118358480E-03 6.6637100000000016E-01
4.8063791174276409E-03 6.7437100000000016E-01
5.0566980732990232E-03 6.8637100000000018E-01
5.3195329769639742E-03 6.9436900000000013E-01
5.5955096258121732E-03 7.0234400000000019E-01
5.8852851071027820E-03 7.1432400000000018E-01
6.1895493624579212E-03 7.2232600000000025E-01
6.5090268305808179E-03 7.3430400000000018E-01
6.8444781721098587E-03 7.4230300000000016E-01
7.1967020807153521E-03 7.5430500000000011E-01
7.5665371847511197E-03 7.6230500000000012E-01
7.9548640439886763E-03 7.7430900000000014E-01
8.3626072461881109E-03 7.8231700000000015E-01
8.7907376084975161E-03 7.9430300000000009E-01
9.2402744889223919E-03 8.0230700000000021E-01
9.7122882133685116E-03 8.1429000000000018E-01
1.0207902624036938E-02 8.2229100000000022E-01
1.0728297755238786E-02 8.3427100000000021E-01
1.1274712643000725E-02 8.4227400000000008E-01
1.1848448275150761E-02 8.5427100000000011E-01
1.2450870688908299E-02 8.6227100000000012E-01
1.3083414223353716E-02 8.7427200000000016E-01
1.3747584934521401E-02 8.8228200000000012E-01
1.4444964181247473E-02 8.9426900000000020E-01
1.5177212390309848E-02 9.0227400000000024E-01
1.5946073009825340E-02 9.1427000000000014E-01
1.6753376660316607E-02 9.2227100000000006E-01
1.7601045493332440E-02 9.3426900000000013E-01
1.8491097767999062E-02 9.4227300000000014E-01
1.9425652656399017E-02 9.5427800000000007E-01
2.0406935289218969E-02 9.6225600000000011E-01
2.1437282053679920E-02 9.7425600000000012E-01
2.2519146156363919E-02 9.8226400000000014E-01
2.3655103464182117E-02 9.9425400000000008E-01
2.4847858637391224E-02 1.0022670000000000E+00
2.6100251569260786E-02 1.0182530000000001E+00
2.7415264147723824E-02 1.0302570000000000E+00
2.8796027355110016E-02 1.0382579999999999E+00
3.0245828722865516E-02 1.0502560000000001E+00
3.1768120159008796E-02 1.0582560000000001E+00
3.3366526166959239E-02 1.0702560000000001E+00
3.5044852475307205E-02 1.0782529999999999E+00
3.6807095099072568E-02 1.0862569999999998E+00
3.8657449854026193E-02 1.0982679999999998E+00
4.0600322346727502E-02 1.1102559999999999E+00
4.2624690192294583E-02 1.1182550000000000E+00
4.4648361279338356E-02 1.1302550000000000E+00
4.6661519774579538E-02 1.1382580000000000E+00
4.8671440015401045E-02 1.1502550000000000E+00
5.0684526699804014E-02 1.1582539999999999E+00
5.2706138624045357E-02 1.1702530000000000E+00
5.4718614590000325E-02 1.1782539999999999E+00
5.6727363806587425E-02 1.1902640000000000E+00
5.8737394730000544E-02 1.2022330000000001E+00
6.0753315926862991E-02 1.2102330000000001E+00
6.2767881883959292E-02 1.2222330000000001E+00
6.4778277791479905E-02 1.2342320000000002E+00
6.6788505559570166E-02 1.2462360000000003E+00
6.8802523179190084E-02 1.2542350000000002E+00
7.0820101947347711E-02 1.2662390000000001E+00
7.2834109315107073E-02 1.2742350000000002E+00
7.4847146809835396E-02 1.2862330000000002E+00
7.6862277509084295E-02 1.2982330000000002E+00
7.8882428287933432E-02 1.3062340000000001E+00
8.0900495814107992E-02 1.3182160000000001E+00
8.2917423876862573E-02 1.3302150000000001E+00
8.4935235529280811E-02 1.3381970000000001E+00
8.6956343278518658E-02 1.3501790000000000E+00
8.8978615388631416E-02 1.3621790000000000E+00
9.0999841680345320E-02 1.3701280000000000E+00
9.3021263770186158E-02 1.3820960000000000E+00
9.5044602145044177E-02 1.3940969999999999E+00
9.7070898131185246E-02 1.4021019999999997E+00
9.9096313105107511E-02 1.4140879999999998E+00
1.0112184276131653E-01 1.4260859999999997E+00
1.0314834579011507E-01 1.4340849999999998E+00
1.0517726854949039E-01 1.4460869999999997E+00
1.0720667455756357E-01 1.4540869999999997E+00
1.0923610997464457E-01 1.4661079999999997E+00
1.1126627057691092E-01 1.4740859999999998E+00
1.1329787654215548E-01 1.4860739999999997E+00
1.1533090496597373E-01 1.4980680000000000E+00
1.1736392287465412E-01 1.5060679999999997E+00
1.1939748496830083E-01 1.5180649999999998E+00
1.2143206575848142E-01 1.5260659999999999E+00
1.2346829422225347E-01 1.5420630000000000E+00
1.2550469300089256E-01 1.5500650000000000E+00
1.2754150107243636E-01 1.5620660000000002E+00
1.2957913006395494E-01 1.5700690000000002E+00
1.3161790184464633E-01 1.5820630000000002E+00
1.3365748447941606E-01 1.5900680000000003E+00
1.3569744161910111E-01 1.6020270000000003E+00
1.3773800301372258E-01 1.6100230000000002E+00
1.3977948751918914E-01 1.6220240000000001E+00
1.4182192001636912E-01 1.6300260000000002E+00
1.4386475617142025E-01 1.6420280000000003E+00
1.4590807343608272E-01 1.6540240000000004E+00
1.4795205021934163E-01 1.6620230000000005E+00
1.4999692561718314E-01 1.6740230000000005E+00
1.5204228344585857E-01 1.6860370000000007E+00
1.5408812549121848E-01 1.6940220000000006E+00
1.5613448411561701E-01 1.7060230000000007E+00
1.5818150712465071E-01 1.7140260000000005E+00
1.6022916309112731E-01 1.7260250000000006E+00
1.6227735069294089E-01 1.7339990000000007E+00
1.6432603808999430E-01 1.7460130000000005E+00
1.6637523067912713E-01 1.7540000000000004E+00
1.6842504688059468E-01 1.7659980000000004E+00
1.7047535096935143E-01 1.7780000000000005E+00
1.7252616479973681E-01 1.7860010000000006E+00
1.7457744295230365E-01 1.7980010000000006E+00
1.7662918308190328E-01 1.8060010000000006E+00
1.7868143645079312E-01 1.8179980000000007E+00
1.8073408586761883E-01 1.8260000000000007E+00
1.8278720062820400E-01 1.8380130000000008E+00
1.8484073043262872E-01 1.8499970000000008E+00
1.8689467227857698E-01 1.8579990000000006E+00
1.8894908966509091E-01 1.8699980000000007E+00
1.9100388588165379E-01 1.8779980000000007E+00
1.9305909855985662E-01 1.8899980000000007E+00
1.9511467830785773E-01 1.9019990000000007E+00
1.9717062398050239E-01 1.9099980000000008E+00
1.9922702119462293E-01 1.9219980000000005E+00
