Density
part
         1
hexa8
 0.00000e+00
 0.00000e+00
 0.00000e+00
 0.00000e+00
 0.00000e+00
 0.00000e+00
 0.00000e+00
 0.00000e+00
 0.00000e+00
 0.00000e+00
 0.00000e+00
 0.00000e+00
 0.00000e+00
 0.00000e+00
 0.00000e+00
 0.00000e+00
 0.00000e+00
 0.00000e+00
 0.00000e+00
 0.00000e+00
 0.00000e+00
 0.00000e+00
 0.00000e+00
 0.00000e+00
 0.00000e+00
 0.00000e+00
 0.00000e+00
 0.00000e+00
 0.00000e+00
 0.00000e+00
 0.00000e+00
 2.49263e-10
 7.37123e-10
 8.73055e-10
 8.73055e-10
 7.37123e-10
 0.00000e+00
 0.00000e+00
 0.00000e+00
 0.00000e+00
 0.00000e+00
 3.01310e-10
 1.01384e-09
 6.51316e-09
 1.57750e-08
 1.87347e-08
 1.87347e-08
 1.57750e-08
 0.00000e+00
 0.00000e+00
 0.00000e+00
 0.00000e+00
 4.31887e-10
 7.66688e-09
 2.17588e-08
 8.32603e-08
 1.68300e-07
 2.00446e-07
 2.00446e-07
 1.68300e-07
 0.00000e+00
 0.00000e+00
 0.00000e+00
 3.39366e-10
 1.03857e-08
 9.54723e-08
 2.32914e-07
 6.97890e-07
 1.19345e-06
 1.42568e-06
 1.42568e-06
 1.19345e-06
 0.00000e+00
 0.00000e+00
 0.00000e+00
 7.86209e-09
 1.23888e-07
 7.79071e-07
 1.65798e-06
 4.32332e-06
 6.32807e-06
 7.58335e-06
 7.58335e-06
 6.32807e-06
 0.00000e+00
 0.00000e+00
 3.10394e-10
 9.16354e-08
 9.77539e-07
 4.70029e-06
 8.82922e-06
 2.11338e-05
 2.67608e-05
 3.21757e-05
 3.21757e-05
 2.67608e-05
 0.00000e+00
 0.00000e+00
 7.17808e-09
 7.15087e-07
 5.74108e-06
 2.24097e-05
 3.75182e-05
 8.49827e-05
 9.40157e-05
 1.13432e-04
 1.13432e-04
 9.40157e-05
 0.00000e+00
 0.00000e+00
 8.29668e-08
 4.19603e-06
 2.67765e-05
 8.80841e-05
 1.32511e-04
 2.89365e-04
 2.82225e-04
 3.41751e-04
 3.41751e-04
 2.82225e-04
 0.00000e+00
 0.00000e+00
 6.38903e-07
 1.97205e-05
 1.03341e-04
 2.93924e-04
 4.00101e-04
 8.52353e-04
 7.38965e-04
 8.98223e-04
 8.98223e-04
 7.38965e-04
 0.00000e+00
 0.00000e+00
 3.68838e-06
 7.72413e-05
 3.39559e-04
 8.50719e-04
 1.05423e-03
 2.20816e-03
 1.71438e-03
 2.09211e-03
 2.09211e-03
 1.71438e-03
 0.00000e+00
 0.00000e+00
 1.69930e-05
 2.59131e-04
 9.69999e-04
 2.17114e-03
 2.46245e-03
 5.09799e-03
 3.56801e-03
 4.37208e-03
 4.37208e-03
 3.56801e-03
 0.00000e+00
 0.00000e+00
 6.52759e-05
 7.59711e-04
 2.44791e-03
 4.94959e-03
 5.16232e-03
 1.06018e-02
 6.72863e-03
 8.28025e-03
 8.28025e-03
 6.72863e-03
 0.00000e+00
 0.00000e+00
 2.16269e-04
 1.97668e-03
 5.52700e-03
 1.01852e-02
 9.81099e-03
 2.00370e-02
 1.15930e-02
 1.43297e-02
 1.43297e-02
 1.15930e-02
 0.00000e+00
 0.00000e+00
 6.33844e-04
 4.62073e-03
 1.12798e-02
 1.90819e-02
 1.70433e-02
 3.46729e-02
 1.83757e-02
 2.28179e-02
 2.28179e-02
 1.83757e-02
 0.00000e+00
 0.00000e+00
 1.67154e-03
 9.80209e-03
 2.09842e-02
 3.27819e-02
 2.72504e-02
 5.53092e-02
 2.69543e-02
 3.36293e-02
 3.36293e-02
 2.69543e-02
 0.00000e+00
 0.00000e+00
 4.00709e-03
 1.90275e-02
 3.58368e-02
 5.19545e-02
 4.03390e-02
 8.17674e-02
 3.67750e-02
 4.61069e-02
 4.61069e-02
 3.67750e-02
 0.00000e+00
 0.00000e+00
 8.78179e-03
 3.40377e-02
 5.65188e-02
 7.63491e-02
 5.55655e-02
 1.12427e-01
 4.68737e-02
 5.90654e-02
 5.90654e-02
 4.68737e-02
 0.00000e+00
 0.00000e+00
 1.76556e-02
 5.64507e-02
 8.27334e-02
 1.04487e-01
 7.15360e-02
 1.44373e-01
 5.60322e-02
 7.09735e-02
 7.09735e-02
 5.60322e-02
 0.00000e+00
 0.00000e+00
 3.26558e-02
 8.72516e-02
 1.12893e-01
 1.33656e-01
 8.64081e-02
 1.73806e-01
 6.30322e-02
 8.02670e-02
 8.02670e-02
 6.30322e-02
 0.00000e+00
 0.00000e+00
 5.57334e-02
 1.26257e-01
 1.44127e-01
 1.60300e-01
 9.82591e-02
 2.58535e-01
 1.29881e-01
 1.18424e-01
 1.18424e-01
 1.29881e-01
 0.00000e+00
 0.00000e+00
 8.80652e-02
 1.71738e-01
 1.72691e-01
 2.62165e-01
 1.11313e-01
 4.24679e-01
 5.43361e-01
 5.23325e-01
 5.23325e-01
 5.43361e-01
 0.00000e+00
 0.00000e+00
 1.29302e-01
 2.50011e-01
 2.49052e-01
 4.24251e-01
 5.01159e-01
 5.83033e-01
 8.67193e-01
 8.68533e-01
 8.68533e-01
 8.67193e-01
 0.00000e+00
 0.00000e+00
 1.77074e-01
 3.42375e-01
 4.18910e-01
 5.78065e-01
 8.64315e-01
 7.41528e-01
 8.98905e-01
 9.14558e-01
 9.14558e-01
 8.98905e-01
part
         2
hexa8
 0.00000e+00
 0.00000e+00
 0.00000e+00
 0.00000e+00
 0.00000e+00
 0.00000e+00
 0.00000e+00
 0.00000e+00
 0.00000e+00
 0.00000e+00
 0.00000e+00
 0.00000e+00
 0.00000e+00
 0.00000e+00
 0.00000e+00
 0.00000e+00
 0.00000e+00
 0.00000e+00
 0.00000e+00
 0.00000e+00
 0.00000e+00
 0.00000e+00
 0.00000e+00
 0.00000e+00
 2.49263e-10
 0.00000e+00
 0.00000e+00
 0.00000e+00
 0.00000e+00
 0.00000e+00
 0.00000e+00
 0.00000e+00
 0.00000e+00
 0.00000e+00
 0.00000e+00
 0.00000e+00
 6.51316e-09
 1.01384e-09
 3.01310e-10
 0.00000e+00
 0.00000e+00
 0.00000e+00
 0.00000e+00
 0.00000e+00
 0.00000e+00
 0.00000e+00
 0.00000e+00
 0.00000e+00
 8.32603e-08
 2.17588e-08
 7.66688e-09
 4.31887e-10
 0.00000e+00
 0.00000e+00
 0.00000e+00
 0.00000e+00
 0.00000e+00
 0.00000e+00
 0.00000e+00
 0.00000e+00
 6.97890e-07
 2.32914e-07
 9.54723e-08
 1.03857e-08
 3.39366e-10
 0.00000e+00
 0.00000e+00
 0.00000e+00
 0.00000e+00
 0.00000e+00
 0.00000e+00
 0.00000e+00
 4.32332e-06
 1.65798e-06
 7.79071e-07
 1.23888e-07
 7.86209e-09
 0.00000e+00
 0.00000e+00
 0.00000e+00
 0.00000e+00
 0.00000e+00
 0.00000e+00
 0.00000e+00
 2.11338e-05
 8.82922e-06
 4.70029e-06
 9.77539e-07
 9.16354e-08
 3.10394e-10
 0.00000e+00
 0.00000e+00
 0.00000e+00
 0.00000e+00
 0.00000e+00
 0.00000e+00
 8.49827e-05
 3.75182e-05
 2.24097e-05
 5.74108e-06
 7.15087e-07
 7.17808e-09
 0.00000e+00
 0.00000e+00
 0.00000e+00
 0.00000e+00
 0.00000e+00
 0.00000e+00
 2.89365e-04
 1.32511e-04
 8.80841e-05
 2.67765e-05
 4.19603e-06
 8.29668e-08
 0.00000e+00
 0.00000e+00
 0.00000e+00
 0.00000e+00
 0.00000e+00
 0.00000e+00
 8.52353e-04
 4.00101e-04
 2.93924e-04
 1.03341e-04
 1.97205e-05
 6.38903e-07
 0.00000e+00
 0.00000e+00
 0.00000e+00
 0.00000e+00
 0.00000e+00
 0.00000e+00
 2.20816e-03
 1.05423e-03
 8.50719e-04
 3.39559e-04
 7.72413e-05
 3.68838e-06
 0.00000e+00
 0.00000e+00
 0.00000e+00
 0.00000e+00
 0.00000e+00
 0.00000e+00
 5.09799e-03
 2.46245e-03
 2.17114e-03
 9.69999e-04
 2.59131e-04
 1.69930e-05
 0.00000e+00
 0.00000e+00
 0.00000e+00
 0.00000e+00
 0.00000e+00
 0.00000e+00
 1.06018e-02
 5.16232e-03
 4.94959e-03
 2.44791e-03
 7.59711e-04
 6.52759e-05
 0.00000e+00
 0.00000e+00
 0.00000e+00
 0.00000e+00
 0.00000e+00
 0.00000e+00
 2.00370e-02
 9.81099e-03
 1.01852e-02
 5.52700e-03
 1.97668e-03
 2.16269e-04
 0.00000e+00
 0.00000e+00
 0.00000e+00
 0.00000e+00
 0.00000e+00
 0.00000e+00
 3.46729e-02
 1.70433e-02
 1.90819e-02
 1.12798e-02
 4.62073e-03
 6.33844e-04
 0.00000e+00
 0.00000e+00
 0.00000e+00
 0.00000e+00
 0.00000e+00
 0.00000e+00
 5.53092e-02
 2.72504e-02
 3.27819e-02
 2.09842e-02
 9.80209e-03
 1.67154e-03
 0.00000e+00
 0.00000e+00
 0.00000e+00
 0.00000e+00
 0.00000e+00
 0.00000e+00
 8.17674e-02
 4.03390e-02
 5.19545e-02
 3.58368e-02
 1.90275e-02
 4.00709e-03
 0.00000e+00
 0.00000e+00
 0.00000e+00
 0.00000e+00
 0.00000e+00
 0.00000e+00
 1.12427e-01
 5.55655e-02
 7.63491e-02
 5.65188e-02
 3.40377e-02
 8.78179e-03
 0.00000e+00
 0.00000e+00
 0.00000e+00
 0.00000e+00
 0.00000e+00
 0.00000e+00
 1.44373e-01
 7.15360e-02
 1.04487e-01
 8.27334e-02
 5.64507e-02
 1.76556e-02
 0.00000e+00
 0.00000e+00
 0.00000e+00
 0.00000e+00
 0.00000e+00
 0.00000e+00
 1.73806e-01
 8.64081e-02
 1.33656e-01
 1.12893e-01
 8.72516e-02
 3.26558e-02
 0.00000e+00
 0.00000e+00
 0.00000e+00
 0.00000e+00
 0.00000e+00
 0.00000e+00
 2.58535e-01
 9.82591e-02
 1.60300e-01
 1.44127e-01
 1.26257e-01
 5.57334e-02
 0.00000e+00
 0.00000e+00
 0.00000e+00
 0.00000e+00
 0.00000e+00
 0.00000e+00
 4.24679e-01
 1.11313e-01
 2.62165e-01
 1.72691e-01
 1.71738e-01
 8.80652e-02
 0.00000e+00
 0.00000e+00
 0.00000e+00
 0.00000e+00
 0.00000e+00
 0.00000e+00
 5.83033e-01
 5.01159e-01
 4.24251e-01
 2.49052e-01
 2.50011e-01
 1.29302e-01
 0.00000e+00
 0.00000e+00
 0.00000e+00
 0.00000e+00
 0.00000e+00
 0.00000e+00
 7.41528e-01
 8.64315e-01
 5.78065e-01
 4.18910e-01
 3.42375e-01
 1.77074e-01
 0.00000e+00
 0.00000e+00
 0.00000e+00
 0.00000e+00
 0.00000e+00
 0.00000e+00
part
         3
hexa8
 0.00000e+00
 0.00000e+00
 0.00000e+00
 0.00000e+00
 0.00000e+00
 0.00000e+00
 0.00000e+00
 0.00000e+00
 0.00000e+00
 0.00000e+00
 0.00000e+00
 0.00000e+00
 0.00000e+00
 0.00000e+00
 0.00000e+00
 0.00000e+00
 0.00000e+00
 0.00000e+00
 0.00000e+00
 0.00000e+00
 0.00000e+00
 0.00000e+00
 0.00000e+00
 0.00000e+00
 0.00000e+00
 0.00000e+00
 0.00000e+00
 0.00000e+00
 0.00000e+00
 0.00000e+00
 0.00000e+00
 0.00000e+00
 0.00000e+00
 0.00000e+00
 0.00000e+00
 0.00000e+00
 0.00000e+00
 0.00000e+00
 0.00000e+00
 0.00000e+00
 0.00000e+00
 0.00000e+00
 0.00000e+00
 0.00000e+00
 0.00000e+00
 0.00000e+00
 0.00000e+00
 0.00000e+00
 0.00000e+00
 0.00000e+00
 0.00000e+00
 0.00000e+00
 0.00000e+00
 0.00000e+00
 0.00000e+00
 0.00000e+00
 0.00000e+00
 0.00000e+00
 0.00000e+00
 0.00000e+00
 0.00000e+00
 0.00000e+00
 0.00000e+00
 0.00000e+00
 0.00000e+00
 0.00000e+00
 0.00000e+00
 0.00000e+00
 0.00000e+00
 0.00000e+00
 0.00000e+00
 0.00000e+00
 0.00000e+00
 0.00000e+00
 0.00000e+00
 0.00000e+00
 0.00000e+00
 0.00000e+00
 0.00000e+00
 0.00000e+00
 0.00000e+00
 0.00000e+00
 0.00000e+00
 0.00000e+00
 0.00000e+00
 0.00000e+00
 0.00000e+00
 0.00000e+00
 0.00000e+00
 0.00000e+00
 0.00000e+00
 0.00000e+00
 0.00000e+00
 0.00000e+00
 0.00000e+00
 0.00000e+00
 0.00000e+00
 0.00000e+00
 0.00000e+00
 0.00000e+00
 0.00000e+00
 0.00000e+00
 0.00000e+00
 0.00000e+00
 0.00000e+00
 0.00000e+00
 0.00000e+00
 0.00000e+00
 0.00000e+00
 0.00000e+00
 0.00000e+00
 0.00000e+00
 0.00000e+00
 0.00000e+00
 0.00000e+00
 0.00000e+00
 0.00000e+00
 0.00000e+00
 0.00000e+00
 0.00000e+00
 0.00000e+00
 0.00000e+00
 0.00000e+00
 0.00000e+00
 0.00000e+00
 0.00000e+00
 0.00000e+00
 0.00000e+00
 0.00000e+00
 0.00000e+00
 0.00000e+00
 0.00000e+00
 0.00000e+00
 0.00000e+00
 0.00000e+00
 0.00000e+00
 0.00000e+00
 0.00000e+00
 0.00000e+00
 0.00000e+00
 0.00000e+00
 0.00000e+00
 0.00000e+00
 0.00000e+00
 0.00000e+00
 0.00000e+00
 0.00000e+00
 0.00000e+00
 0.00000e+00
 0.00000e+00
 0.00000e+00
 0.00000e+00
 0.00000e+00
 0.00000e+00
 0.00000e+00
 0.00000e+00
 0.00000e+00
 0.00000e+00
 0.00000e+00
 0.00000e+00
 0.00000e+00
 0.00000e+00
 0.00000e+00
 0.00000e+00
 0.00000e+00
 0.00000e+00
 0.00000e+00
 0.00000e+00
 0.00000e+00
 0.00000e+00
 0.00000e+00
 0.00000e+00
 0.00000e+00
 0.00000e+00
 0.00000e+00
 0.00000e+00
 0.00000e+00
 0.00000e+00
 0.00000e+00
 0.00000e+00
 0.00000e+00
 0.00000e+00
 0.00000e+00
 0.00000e+00
 0.00000e+00
 0.00000e+00
 0.00000e+00
 0.00000e+00
 0.00000e+00
 0.00000e+00
 0.00000e+00
 0.00000e+00
 0.00000e+00
 0.00000e+00
 0.00000e+00
 0.00000e+00
 0.00000e+00
 0.00000e+00
 0.00000e+00
 0.00000e+00
 0.00000e+00
 0.00000e+00
 0.00000e+00
 0.00000e+00
 0.00000e+00
 0.00000e+00
 0.00000e+00
 0.00000e+00
 0.00000e+00
 0.00000e+00
 0.00000e+00
 0.00000e+00
 0.00000e+00
 0.00000e+00
 0.00000e+00
 0.00000e+00
 0.00000e+00
 0.00000e+00
 0.00000e+00
 0.00000e+00
 0.00000e+00
 0.00000e+00
 0.00000e+00
 0.00000e+00
 0.00000e+00
 0.00000e+00
 0.00000e+00
 0.00000e+00
 0.00000e+00
 0.00000e+00
 0.00000e+00
 0.00000e+00
 0.00000e+00
 0.00000e+00
 0.00000e+00
 0.00000e+00
 0.00000e+00
 0.00000e+00
 0.00000e+00
 0.00000e+00
 0.00000e+00
 0.00000e+00
 0.00000e+00
 0.00000e+00
 0.00000e+00
 0.00000e+00
 0.00000e+00
 0.00000e+00
 0.00000e+00
 0.00000e+00
 0.00000e+00
 0.00000e+00
 0.00000e+00
 0.00000e+00
 0.00000e+00
 0.00000e+00
 0.00000e+00
 0.00000e+00
 0.00000e+00
 0.00000e+00
 0.00000e+00
 0.00000e+00
 0.00000e+00
 0.00000e+00
 0.00000e+00
 0.00000e+00
 0.00000e+00
 0.00000e+00
 0.00000e+00
 0.00000e+00
 0.00000e+00
 0.00000e+00
 0.00000e+00
 0.00000e+00
 0.00000e+00
 0.00000e+00
 0.00000e+00
 0.00000e+00
 0.00000e+00
 0.00000e+00
 0.00000e+00
 0.00000e+00
 0.00000e+00
 0.00000e+00
 0.00000e+00
 0.00000e+00
 0.00000e+00
 0.00000e+00
 0.00000e+00
 0.00000e+00
 0.00000e+00
 0.00000e+00
 0.00000e+00
 0.00000e+00
 0.00000e+00
 0.00000e+00
 0.00000e+00
 0.00000e+00
 0.00000e+00
 0.00000e+00
 0.00000e+00
 0.00000e+00
 0.00000e+00
 0.00000e+00
 0.00000e+00
 0.00000e+00
 0.00000e+00
 0.00000e+00
 0.00000e+00
 0.00000e+00
 0.00000e+00
 0.00000e+00
 0.00000e+00
 0.00000e+00
 0.00000e+00
 0.00000e+00
 0.00000e+00
 0.00000e+00
 0.00000e+00
 0.00000e+00
 0.00000e+00
 0.00000e+00
 0.00000e+00
 0.00000e+00
 0.00000e+00
part
         4
hexa8
 0.00000e+00
 0.00000e+00
 0.00000e+00
 0.00000e+00
 0.00000e+00
 0.00000e+00
 0.00000e+00
 0.00000e+00
 0.00000e+00
 0.00000e+00
 0.00000e+00
 0.00000e+00
 0.00000e+00
 0.00000e+00
 0.00000e+00
 0.00000e+00
 0.00000e+00
 0.00000e+00
 0.00000e+00
 0.00000e+00
 0.00000e+00
 0.00000e+00
 0.00000e+00
 0.00000e+00
 0.00000e+00
 0.00000e+00
 0.00000e+00
 0.00000e+00
 0.00000e+00
 0.00000e+00
 0.00000e+00
 0.00000e+00
 0.00000e+00
 0.00000e+00
 0.00000e+00
 0.00000e+00
 0.00000e+00
 0.00000e+00
 0.00000e+00
 0.00000e+00
 0.00000e+00
 0.00000e+00
 0.00000e+00
 0.00000e+00
 0.00000e+00
 0.00000e+00
 0.00000e+00
 0.00000e+00
 0.00000e+00
 0.00000e+00
 0.00000e+00
 0.00000e+00
 0.00000e+00
 0.00000e+00
 0.00000e+00
 0.00000e+00
 0.00000e+00
 0.00000e+00
 0.00000e+00
 0.00000e+00
 0.00000e+00
 0.00000e+00
 0.00000e+00
 0.00000e+00
 0.00000e+00
 0.00000e+00
 0.00000e+00
 0.00000e+00
 0.00000e+00
 0.00000e+00
 0.00000e+00
 0.00000e+00
 0.00000e+00
 0.00000e+00
 0.00000e+00
 0.00000e+00
 0.00000e+00
 0.00000e+00
 0.00000e+00
 0.00000e+00
 0.00000e+00
 0.00000e+00
 0.00000e+00
 0.00000e+00
 0.00000e+00
 0.00000e+00
 0.00000e+00
 0.00000e+00
 0.00000e+00
 0.00000e+00
 0.00000e+00
 0.00000e+00
 0.00000e+00
 0.00000e+00
 0.00000e+00
 0.00000e+00
 0.00000e+00
 0.00000e+00
 0.00000e+00
 0.00000e+00
 0.00000e+00
 0.00000e+00
 0.00000e+00
 0.00000e+00
 0.00000e+00
 0.00000e+00
 0.00000e+00
 0.00000e+00
 0.00000e+00
 0.00000e+00
 0.00000e+00
 0.00000e+00
 0.00000e+00
 0.00000e+00
 0.00000e+00
 0.00000e+00
 0.00000e+00
 0.00000e+00
 0.00000e+00
 0.00000e+00
 0.00000e+00
 0.00000e+00
 0.00000e+00
 0.00000e+00
 0.00000e+00
 0.00000e+00
 0.00000e+00
 0.00000e+00
 0.00000e+00
 0.00000e+00
 0.00000e+00
 0.00000e+00
 0.00000e+00
 0.00000e+00
 0.00000e+00
 0.00000e+00
 0.00000e+00
 0.00000e+00
 0.00000e+00
 0.00000e+00
 0.00000e+00
 0.00000e+00
 0.00000e+00
 0.00000e+00
 0.00000e+00
 0.00000e+00
 0.00000e+00
 0.00000e+00
 0.00000e+00
 0.00000e+00
 0.00000e+00
 0.00000e+00
 0.00000e+00
 0.00000e+00
 0.00000e+00
 0.00000e+00
 0.00000e+00
 0.00000e+00
 0.00000e+00
 0.00000e+00
 0.00000e+00
 0.00000e+00
 0.00000e+00
 0.00000e+00
 0.00000e+00
 0.00000e+00
 0.00000e+00
 0.00000e+00
 0.00000e+00
 0.00000e+00
 0.00000e+00
 0.00000e+00
 0.00000e+00
 0.00000e+00
 0.00000e+00
 0.00000e+00
 0.00000e+00
 0.00000e+00
 0.00000e+00
 0.00000e+00
 0.00000e+00
 0.00000e+00
 0.00000e+00
 0.00000e+00
 0.00000e+00
 0.00000e+00
 0.00000e+00
 0.00000e+00
 0.00000e+00
 0.00000e+00
 0.00000e+00
 0.00000e+00
 0.00000e+00
 0.00000e+00
 0.00000e+00
 0.00000e+00
 0.00000e+00
 0.00000e+00
 0.00000e+00
 0.00000e+00
 0.00000e+00
 0.00000e+00
 0.00000e+00
 0.00000e+00
 0.00000e+00
 0.00000e+00
 0.00000e+00
 0.00000e+00
 0.00000e+00
 0.00000e+00
 0.00000e+00
 0.00000e+00
 0.00000e+00
 0.00000e+00
 0.00000e+00
 0.00000e+00
 0.00000e+00
 0.00000e+00
 0.00000e+00
 0.00000e+00
 0.00000e+00
 0.00000e+00
 0.00000e+00
 0.00000e+00
 0.00000e+00
 0.00000e+00
 0.00000e+00
 0.00000e+00
 0.00000e+00
 0.00000e+00
 0.00000e+00
 0.00000e+00
 0.00000e+00
 0.00000e+00
 0.00000e+00
 0.00000e+00
 0.00000e+00
 0.00000e+00
 0.00000e+00
 0.00000e+00
 0.00000e+00
 0.00000e+00
 0.00000e+00
 0.00000e+00
 0.00000e+00
 0.00000e+00
 0.00000e+00
 0.00000e+00
 0.00000e+00
 0.00000e+00
 0.00000e+00
 0.00000e+00
 0.00000e+00
 0.00000e+00
 0.00000e+00
 0.00000e+00
 0.00000e+00
 0.00000e+00
 0.00000e+00
 0.00000e+00
 0.00000e+00
 0.00000e+00
 0.00000e+00
 0.00000e+00
 0.00000e+00
 0.00000e+00
 0.00000e+00
 0.00000e+00
 0.00000e+00
 0.00000e+00
 0.00000e+00
 0.00000e+00
 0.00000e+00
 0.00000e+00
 0.00000e+00
 0.00000e+00
 0.00000e+00
 0.00000e+00
 0.00000e+00
 0.00000e+00
 0.00000e+00
 0.00000e+00
 0.00000e+00
 0.00000e+00
 0.00000e+00
 0.00000e+00
 0.00000e+00
 0.00000e+00
 0.00000e+00
 0.00000e+00
 0.00000e+00
 0.00000e+00
 0.00000e+00
 0.00000e+00
 0.00000e+00
 0.00000e+00
 0.00000e+00
 0.00000e+00
 0.00000e+00
 0.00000e+00
 0.00000e+00
 0.00000e+00
 0.00000e+00
 0.00000e+00
 0.00000e+00
 0.00000e+00
 0.00000e+00
 0.00000e+00
 0.00000e+00
 0.00000e+00
 0.00000e+00
 0.00000e+00
 0.00000e+00
 0.00000e+00
 0.00000e+00
 0.00000e+00
 0.00000e+00
 0.00000e+00
 0.00000e+00
 0.00000e+00
 0.00000e+00
 0.00000e+00
 0.00000e+00
 0.00000e+00
 0.00000e+00
part
         5
hexa8
 0.00000e+00
 0.00000e+00
 2.27027e-01
 3.98216e-01
 5.78402e-01
 7.32830e-01
 9.30442e-01
 8.54168e-01
 9.12085e-01
 9.25328e-01
 9.25328e-01
 9.12085e-01
 0.00000e+00
 0.00000e+00
 2.73491e-01
 4.52722e-01
 7.33165e-01
 8.35079e-01
 9.37154e-01
 8.78729e-01
 9.25910e-01
 9.36761e-01
 9.36761e-01
 9.25910e-01
 0.00000e+00
 0.00000e+00
 3.10620e-01
 5.35751e-01
 8.25138e-01
 8.54329e-01
 9.43597e-01
 8.99351e-01
 9.38218e-01
 9.47005e-01
 9.47005e-01
 9.38218e-01
 0.00000e+00
 0.00000e+00
 3.33664e-01
 6.07383e-01
 8.33411e-01
 8.67994e-01
 9.48245e-01
 9.14403e-01
 9.47122e-01
 9.54433e-01
 9.54433e-01
 9.47122e-01
 0.00000e+00
 0.00000e+00
 3.39972e-01
 6.34116e-01
 8.36502e-01
 8.73937e-01
 9.50005e-01
 9.21640e-01
 9.51241e-01
 9.57848e-01
 9.57848e-01
 9.51241e-01
 0.00000e+00
 0.00000e+00
 3.29440e-01
 6.29212e-01
 8.33987e-01
 8.71172e-01
 9.48460e-01
 9.20063e-01
 9.49893e-01
 9.56665e-01
 9.56665e-01
 9.49893e-01
 0.00000e+00
 0.00000e+00
 3.04332e-01
 5.91765e-01
 8.26917e-01
 8.60691e-01
 9.43969e-01
 9.10094e-01
 9.43239e-01
 9.51036e-01
 9.51036e-01
 9.43239e-01
 0.00000e+00
 0.00000e+00
 2.68596e-01
 5.39976e-01
 8.17675e-01
 8.45211e-01
 9.37576e-01
 8.93610e-01
 9.32334e-01
 9.41884e-01
 9.41884e-01
 9.32334e-01
 0.00000e+00
 0.00000e+00
 2.26921e-01
 4.71855e-01
 7.17939e-01
 8.28514e-01
 9.30758e-01
 8.73707e-01
 9.19005e-01
 9.30792e-01
 9.30792e-01
 9.19005e-01
 0.00000e+00
 0.00000e+00
 1.83841e-01
 3.89140e-01
 5.60826e-01
 7.33960e-01
 9.25048e-01
 8.54181e-01
 9.05557e-01
 9.19727e-01
 9.19727e-01
 9.05557e-01
 0.00000e+00
 0.00000e+00
 1.43051e-01
 2.94268e-01
 4.04901e-01
 5.67721e-01
 8.71704e-01
 7.24448e-01
 8.94332e-01
 9.10658e-01
 9.10658e-01
 8.94332e-01
 0.00000e+00
 0.00000e+00
 1.07066e-01
 2.07672e-01
 2.42466e-01
 4.06597e-01
 4.62836e-01
 5.70820e-01
 8.86730e-01
 8.84125e-01
 8.84125e-01
 8.86730e-01
 0.00000e+00
 0.00000e+00
 7.71771e-02
 1.62252e-01
 1.60285e-01
 2.41514e-01
 1.30403e-01
 4.17283e-01
 5.05030e-01
 4.83133e-01
 4.83133e-01
 5.05030e-01
 0.00000e+00
 0.00000e+00
 5.36448e-02
 1.22919e-01
 1.32011e-01
 1.48926e-01
 9.32774e-02
 2.56984e-01
 1.33813e-01
 1.29636e-01
 1.29636e-01
 1.33813e-01
 0.00000e+00
 0.00000e+00
 3.59953e-02
 8.96179e-02
 1.04005e-01
 1.22634e-01
 8.05917e-02
 1.59956e-01
 5.97182e-02
 7.61037e-02
 7.61037e-02
 5.97182e-02
 0.00000e+00
 0.00000e+00
 2.33391e-02
 6.29631e-02
 7.85476e-02
 9.65385e-02
 6.65132e-02
 1.30904e-01
 5.21192e-02
 6.60860e-02
 6.60860e-02
 5.21192e-02
 0.00000e+00
 0.00000e+00
 1.46370e-02
 4.26790e-02
 5.69696e-02
 7.28067e-02
 5.25326e-02
 1.02495e-01
 4.34320e-02
 5.48037e-02
 5.48037e-02
 4.34320e-02
 0.00000e+00
 0.00000e+00
 8.88638e-03
 2.79415e-02
 3.97456e-02
 5.27086e-02
 3.97725e-02
 7.69336e-02
 3.46237e-02
 4.34835e-02
 4.34835e-02
 3.46237e-02
 0.00000e+00
 0.00000e+00
 5.22710e-03
 1.76856e-02
 2.67113e-02
 3.66924e-02
 2.89096e-02
 5.54640e-02
 2.64502e-02
 3.30667e-02
 3.30667e-02
 2.64502e-02
 0.00000e+00
 0.00000e+00
 2.98121e-03
 1.08322e-02
 1.73149e-02
 2.45991e-02
 2.02034e-02
 3.84680e-02
 1.93936e-02
 2.41369e-02
 2.41369e-02
 1.93936e-02
 0.00000e+00
 0.00000e+00
 1.64980e-03
 6.42537e-03
 1.08387e-02
 1.59036e-02
 1.35926e-02
 2.57047e-02
 1.36674e-02
 1.69365e-02
 1.69365e-02
 1.36674e-02
 0.00000e+00
 0.00000e+00
 8.86494e-04
 3.69408e-03
 6.55879e-03
 9.92750e-03
 8.81482e-03
 1.65695e-02
 9.27028e-03
 1.14391e-02
 1.14391e-02
 9.27028e-03
 0.00000e+00
 0.00000e+00
 4.62811e-04
 2.05995e-03
 3.84052e-03
 5.99008e-03
 5.51629e-03
 1.03158e-02
 6.05923e-03
 7.44601e-03
 7.44601e-03
 6.05923e-03
 0.00000e+00
 0.00000e+00
 2.34900e-04
 1.11493e-03
 2.17806e-03
 3.49714e-03
 3.33478e-03
 6.20935e-03
 3.82084e-03
 4.67643e-03
 4.67643e-03
 3.82084e-03
 0.00000e+00
 0.00000e+00
 1.15975e-04
 5.86085e-04
 1.19737e-03
 1.97736e-03
 1.94942e-03
 3.61715e-03
 2.32693e-03
 2.83681e-03
 2.83681e-03
 2.32693e-03
part
         6
hexa8
 8.54168e-01
 9.30442e-01
 7.32830e-01
 5.78402e-01
 3.98216e-01
 2.27027e-01
 0.00000e+00
 0.00000e+00
 0.00000e+00
 0.00000e+00
 0.00000e+00
 0.00000e+00
 8.78729e-01
 9.37154e-01
 8.35079e-01
 7.33165e-01
 4.52722e-01
 2.73491e-01
 0.00000e+00
 0.00000e+00
 0.00000e+00
 0.00000e+00
 0.00000e+00
 0.00000e+00
 8.99351e-01
 9.43597e-01
 8.54329e-01
 8.25138e-01
 5.35751e-01
 3.10620e-01
 0.00000e+00
 0.00000e+00
 0.00000e+00
 0.00000e+00
 0.00000e+00
 0.00000e+00
 9.14403e-01
 9.48245e-01
 8.67994e-01
 8.33411e-01
 6.07383e-01
 3.33664e-01
 0.00000e+00
 0.00000e+00
 0.00000e+00
 0.00000e+00
 0.00000e+00
 0.00000e+00
 9.21640e-01
 9.50005e-01
 8.73937e-01
 8.36502e-01
 6.34116e-01
 3.39972e-01
 0.00000e+00
 0.00000e+00
 0.00000e+00
 0.00000e+00
 0.00000e+00
 0.00000e+00
 9.20063e-01
 9.48460e-01
 8.71172e-01
 8.33987e-01
 6.29212e-01
 3.29440e-01
 0.00000e+00
 0.00000e+00
 0.00000e+00
 0.00000e+00
 0.00000e+00
 0.00000e+00
 9.10094e-01
 9.43969e-01
 8.60691e-01
 8.26917e-01
 5.91765e-01
 3.04332e-01
 0.00000e+00
 0.00000e+00
 0.00000e+00
 0.00000e+00
 0.00000e+00
 0.00000e+00
 8.93610e-01
 9.37576e-01
 8.45211e-01
 8.17675e-01
 5.39976e-01
 2.68596e-01
 0.00000e+00
 0.00000e+00
 0.00000e+00
 0.00000e+00
 0.00000e+00
 0.00000e+00
 8.73707e-01
 9.30758e-01
 8.28514e-01
 7.17939e-01
 4.71855e-01
 2.26921e-01
 0.00000e+00
 0.00000e+00
 0.00000e+00
 0.00000e+00
 0.00000e+00
 0.00000e+00
 8.54181e-01
 9.25048e-01
 7.33960e-01
 5.60826e-01
 3.89140e-01
 1.83841e-01
 0.00000e+00
 0.00000e+00
 0.00000e+00
 0.00000e+00
 0.00000e+00
 0.00000e+00
 7.24448e-01
 8.71704e-01
 5.67721e-01
 4.04901e-01
 2.94268e-01
 1.43051e-01
 0.00000e+00
 0.00000e+00
 0.00000e+00
 0.00000e+00
 0.00000e+00
 0.00000e+00
 5.70820e-01
 4.62836e-01
 4.06597e-01
 2.42466e-01
 2.07672e-01
 1.07066e-01
 0.00000e+00
 0.00000e+00
 0.00000e+00
 0.00000e+00
 0.00000e+00
 0.00000e+00
 4.17283e-01
 1.30403e-01
 2.41514e-01
 1.60285e-01
 1.62252e-01
 7.71771e-02
 0.00000e+00
 0.00000e+00
 0.00000e+00
 0.00000e+00
 0.00000e+00
 0.00000e+00
 2.56984e-01
 9.32774e-02
 1.48926e-01
 1.32011e-01
 1.22919e-01
 5.36448e-02
 0.00000e+00
 0.00000e+00
 0.00000e+00
 0.00000e+00
 0.00000e+00
 0.00000e+00
 1.59956e-01
 8.05917e-02
 1.22634e-01
 1.04005e-01
 8.96179e-02
 3.59953e-02
 0.00000e+00
 0.00000e+00
 0.00000e+00
 0.00000e+00
 0.00000e+00
 0.00000e+00
 1.30904e-01
 6.65132e-02
 9.65385e-02
 7.85476e-02
 6.29631e-02
 2.33391e-02
 0.00000e+00
 0.00000e+00
 0.00000e+00
 0.00000e+00
 0.00000e+00
 0.00000e+00
 1.02495e-01
 5.25326e-02
 7.28067e-02
 5.69696e-02
 4.26790e-02
 1.46370e-02
 0.00000e+00
 0.00000e+00
 0.00000e+00
 0.00000e+00
 0.00000e+00
 0.00000e+00
 7.69336e-02
 3.97725e-02
 5.27086e-02
 3.97456e-02
 2.79415e-02
 8.88638e-03
 0.00000e+00
 0.00000e+00
 0.00000e+00
 0.00000e+00
 0.00000e+00
 0.00000e+00
 5.54640e-02
 2.89096e-02
 3.66924e-02
 2.67113e-02
 1.76856e-02
 5.22710e-03
 0.00000e+00
 0.00000e+00
 0.00000e+00
 0.00000e+00
 0.00000e+00
 0.00000e+00
 3.84680e-02
 2.02034e-02
 2.45991e-02
 1.73149e-02
 1.08322e-02
 2.98121e-03
 0.00000e+00
 0.00000e+00
 0.00000e+00
 0.00000e+00
 0.00000e+00
 0.00000e+00
 2.57047e-02
 1.35926e-02
 1.59036e-02
 1.08387e-02
 6.42537e-03
 1.64980e-03
 0.00000e+00
 0.00000e+00
 0.00000e+00
 0.00000e+00
 0.00000e+00
 0.00000e+00
 1.65695e-02
 8.81482e-03
 9.92750e-03
 6.55879e-03
 3.69408e-03
 8.86494e-04
 0.00000e+00
 0.00000e+00
 0.00000e+00
 0.00000e+00
 0.00000e+00
 0.00000e+00
 1.03158e-02
 5.51629e-03
 5.99008e-03
 3.84052e-03
 2.05995e-03
 4.62811e-04
 0.00000e+00
 0.00000e+00
 0.00000e+00
 0.00000e+00
 0.00000e+00
 0.00000e+00
 6.20935e-03
 3.33478e-03
 3.49714e-03
 2.17806e-03
 1.11493e-03
 2.34900e-04
 0.00000e+00
 0.00000e+00
 0.00000e+00
 0.00000e+00
 0.00000e+00
 0.00000e+00
 3.61715e-03
 1.94942e-03
 1.97736e-03
 1.19737e-03
 5.86085e-04
 1.15975e-04
 0.00000e+00
 0.00000e+00
 0.00000e+00
 0.00000e+00
 0.00000e+00
 0.00000e+00
part
         7
hexa8
 0.00000e+00
 0.00000e+00
 0.00000e+00
 0.00000e+00
 0.00000e+00
 0.00000e+00
 0.00000e+00
 0.00000e+00
 0.00000e+00
 0.00000e+00
 0.00000e+00
 0.00000e+00
 0.00000e+00
 0.00000e+00
 0.00000e+00
 0.00000e+00
 0.00000e+00
 0.00000e+00
 0.00000e+00
 0.00000e+00
 0.00000e+00
 0.00000e+00
 0.00000e+00
 0.00000e+00
 0.00000e+00
 0.00000e+00
 0.00000e+00
 0.00000e+00
 0.00000e+00
 0.00000e+00
 0.00000e+00
 0.00000e+00
 0.00000e+00
 0.00000e+00
 0.00000e+00
 0.00000e+00
 0.00000e+00
 0.00000e+00
 0.00000e+00
 0.00000e+00
 0.00000e+00
 0.00000e+00
 0.00000e+00
 0.00000e+00
 0.00000e+00
 0.00000e+00
 0.00000e+00
 0.00000e+00
 0.00000e+00
 0.00000e+00
 0.00000e+00
 0.00000e+00
 0.00000e+00
 0.00000e+00
 0.00000e+00
 0.00000e+00
 0.00000e+00
 0.00000e+00
 0.00000e+00
 0.00000e+00
 0.00000e+00
 0.00000e+00
 0.00000e+00
 0.00000e+00
 0.00000e+00
 0.00000e+00
 0.00000e+00
 0.00000e+00
 0.00000e+00
 0.00000e+00
 0.00000e+00
 0.00000e+00
 0.00000e+00
 0.00000e+00
 0.00000e+00
 0.00000e+00
 0.00000e+00
 0.00000e+00
 0.00000e+00
 0.00000e+00
 0.00000e+00
 0.00000e+00
 0.00000e+00
 0.00000e+00
 0.00000e+00
 0.00000e+00
 0.00000e+00
 0.00000e+00
 0.00000e+00
 0.00000e+00
 0.00000e+00
 0.00000e+00
 0.00000e+00
 0.00000e+00
 0.00000e+00
 0.00000e+00
 0.00000e+00
 0.00000e+00
 0.00000e+00
 0.00000e+00
 0.00000e+00
 0.00000e+00
 0.00000e+00
 0.00000e+00
 0.00000e+00
 0.00000e+00
 0.00000e+00
 0.00000e+00
 0.00000e+00
 0.00000e+00
 0.00000e+00
 0.00000e+00
 0.00000e+00
 0.00000e+00
 0.00000e+00
 0.00000e+00
 0.00000e+00
 0.00000e+00
 0.00000e+00
 0.00000e+00
 0.00000e+00
 0.00000e+00
 0.00000e+00
 0.00000e+00
 0.00000e+00
 0.00000e+00
 0.00000e+00
 0.00000e+00
 0.00000e+00
 0.00000e+00
 0.00000e+00
 0.00000e+00
 0.00000e+00
 0.00000e+00
 0.00000e+00
 0.00000e+00
 0.00000e+00
 0.00000e+00
 0.00000e+00
 0.00000e+00
 0.00000e+00
 0.00000e+00
 0.00000e+00
 0.00000e+00
 0.00000e+00
 0.00000e+00
 0.00000e+00
 0.00000e+00
 0.00000e+00
 0.00000e+00
 0.00000e+00
 0.00000e+00
 0.00000e+00
 0.00000e+00
 0.00000e+00
 0.00000e+00
 0.00000e+00
 0.00000e+00
 0.00000e+00
 0.00000e+00
 0.00000e+00
 0.00000e+00
 0.00000e+00
 0.00000e+00
 0.00000e+00
 0.00000e+00
 0.00000e+00
 0.00000e+00
 0.00000e+00
 0.00000e+00
 0.00000e+00
 0.00000e+00
 0.00000e+00
 0.00000e+00
 0.00000e+00
 0.00000e+00
 0.00000e+00
 0.00000e+00
 0.00000e+00
 0.00000e+00
 0.00000e+00
 0.00000e+00
 0.00000e+00
 0.00000e+00
 0.00000e+00
 0.00000e+00
 0.00000e+00
 0.00000e+00
 0.00000e+00
 0.00000e+00
 0.00000e+00
 0.00000e+00
 0.00000e+00
 0.00000e+00
 0.00000e+00
 0.00000e+00
 0.00000e+00
 0.00000e+00
 0.00000e+00
 0.00000e+00
 0.00000e+00
 0.00000e+00
 0.00000e+00
 0.00000e+00
 0.00000e+00
 0.00000e+00
 0.00000e+00
 0.00000e+00
 0.00000e+00
 0.00000e+00
 0.00000e+00
 0.00000e+00
 0.00000e+00
 0.00000e+00
 0.00000e+00
 0.00000e+00
 0.00000e+00
 0.00000e+00
 0.00000e+00
 0.00000e+00
 0.00000e+00
 0.00000e+00
 0.00000e+00
 0.00000e+00
 0.00000e+00
 0.00000e+00
 0.00000e+00
 0.00000e+00
 0.00000e+00
 0.00000e+00
 0.00000e+00
 0.00000e+00
 0.00000e+00
 0.00000e+00
 0.00000e+00
 0.00000e+00
 0.00000e+00
 0.00000e+00
 0.00000e+00
 0.00000e+00
 0.00000e+00
 0.00000e+00
 0.00000e+00
 0.00000e+00
 0.00000e+00
 0.00000e+00
 0.00000e+00
 0.00000e+00
 0.00000e+00
 0.00000e+00
 0.00000e+00
 0.00000e+00
 0.00000e+00
 0.00000e+00
 0.00000e+00
 0.00000e+00
 0.00000e+00
 0.00000e+00
 0.00000e+00
 0.00000e+00
 0.00000e+00
 0.00000e+00
 0.00000e+00
 0.00000e+00
 0.00000e+00
 0.00000e+00
 0.00000e+00
 0.00000e+00
 0.00000e+00
 0.00000e+00
 0.00000e+00
 0.00000e+00
 0.00000e+00
 0.00000e+00
 0.00000e+00
 0.00000e+00
 0.00000e+00
 0.00000e+00
 0.00000e+00
 0.00000e+00
 0.00000e+00
 0.00000e+00
 0.00000e+00
 0.00000e+00
 0.00000e+00
 0.00000e+00
 0.00000e+00
 0.00000e+00
 0.00000e+00
 0.00000e+00
 0.00000e+00
 0.00000e+00
 0.00000e+00
 0.00000e+00
 0.00000e+00
 0.00000e+00
 0.00000e+00
 0.00000e+00
 0.00000e+00
 0.00000e+00
 0.00000e+00
 0.00000e+00
 0.00000e+00
 0.00000e+00
 0.00000e+00
 0.00000e+00
 0.00000e+00
 0.00000e+00
 0.00000e+00
 0.00000e+00
 0.00000e+00
 0.00000e+00
 0.00000e+00
 0.00000e+00
 0.00000e+00
 0.00000e+00
 0.00000e+00
 0.00000e+00
 0.00000e+00
 0.00000e+00
 0.00000e+00
 0.00000e+00
 0.00000e+00
 0.00000e+00
 0.00000e+00
part
         8
hexa8
 0.00000e+00
 0.00000e+00
 0.00000e+00
 0.00000e+00
 0.00000e+00
 0.00000e+00
 0.00000e+00
 0.00000e+00
 0.00000e+00
 0.00000e+00
 0.00000e+00
 0.00000e+00
 0.00000e+00
 0.00000e+00
 0.00000e+00
 0.00000e+00
 0.00000e+00
 0.00000e+00
 0.00000e+00
 0.00000e+00
 0.00000e+00
 0.00000e+00
 0.00000e+00
 0.00000e+00
 0.00000e+00
 0.00000e+00
 0.00000e+00
 0.00000e+00
 0.00000e+00
 0.00000e+00
 0.00000e+00
 0.00000e+00
 0.00000e+00
 0.00000e+00
 0.00000e+00
 0.00000e+00
 0.00000e+00
 0.00000e+00
 0.00000e+00
 0.00000e+00
 0.00000e+00
 0.00000e+00
 0.00000e+00
 0.00000e+00
 0.00000e+00
 0.00000e+00
 0.00000e+00
 0.00000e+00
 0.00000e+00
 0.00000e+00
 0.00000e+00
 0.00000e+00
 0.00000e+00
 0.00000e+00
 0.00000e+00
 0.00000e+00
 0.00000e+00
 0.00000e+00
 0.00000e+00
 0.00000e+00
 0.00000e+00
 0.00000e+00
 0.00000e+00
 0.00000e+00
 0.00000e+00
 0.00000e+00
 0.00000e+00
 0.00000e+00
 0.00000e+00
 0.00000e+00
 0.00000e+00
 0.00000e+00
 0.00000e+00
 0.00000e+00
 0.00000e+00
 0.00000e+00
 0.00000e+00
 0.00000e+00
 0.00000e+00
 0.00000e+00
 0.00000e+00
 0.00000e+00
 0.00000e+00
 0.00000e+00
 0.00000e+00
 0.00000e+00
 0.00000e+00
 0.00000e+00
 0.00000e+00
 0.00000e+00
 0.00000e+00
 0.00000e+00
 0.00000e+00
 0.00000e+00
 0.00000e+00
 0.00000e+00
 0.00000e+00
 0.00000e+00
 0.00000e+00
 0.00000e+00
 0.00000e+00
 0.00000e+00
 0.00000e+00
 0.00000e+00
 0.00000e+00
 0.00000e+00
 0.00000e+00
 0.00000e+00
 0.00000e+00
 0.00000e+00
 0.00000e+00
 0.00000e+00
 0.00000e+00
 0.00000e+00
 0.00000e+00
 0.00000e+00
 0.00000e+00
 0.00000e+00
 0.00000e+00
 0.00000e+00
 0.00000e+00
 0.00000e+00
 0.00000e+00
 0.00000e+00
 0.00000e+00
 0.00000e+00
 0.00000e+00
 0.00000e+00
 0.00000e+00
 0.00000e+00
 0.00000e+00
 0.00000e+00
 0.00000e+00
 0.00000e+00
 0.00000e+00
 0.00000e+00
 0.00000e+00
 0.00000e+00
 0.00000e+00
 0.00000e+00
 0.00000e+00
 0.00000e+00
 0.00000e+00
 0.00000e+00
 0.00000e+00
 0.00000e+00
 0.00000e+00
 0.00000e+00
 0.00000e+00
 0.00000e+00
 0.00000e+00
 0.00000e+00
 0.00000e+00
 0.00000e+00
 0.00000e+00
 0.00000e+00
 0.00000e+00
 0.00000e+00
 0.00000e+00
 0.00000e+00
 0.00000e+00
 0.00000e+00
 0.00000e+00
 0.00000e+00
 0.00000e+00
 0.00000e+00
 0.00000e+00
 0.00000e+00
 0.00000e+00
 0.00000e+00
 0.00000e+00
 0.00000e+00
 0.00000e+00
 0.00000e+00
 0.00000e+00
 0.00000e+00
 0.00000e+00
 0.00000e+00
 0.00000e+00
 0.00000e+00
 0.00000e+00
 0.00000e+00
 0.00000e+00
 0.00000e+00
 0.00000e+00
 0.00000e+00
 0.00000e+00
 0.00000e+00
 0.00000e+00
 0.00000e+00
 0.00000e+00
 0.00000e+00
 0.00000e+00
 0.00000e+00
 0.00000e+00
 0.00000e+00
 0.00000e+00
 0.00000e+00
 0.00000e+00
 0.00000e+00
 0.00000e+00
 0.00000e+00
 0.00000e+00
 0.00000e+00
 0.00000e+00
 0.00000e+00
 0.00000e+00
 0.00000e+00
 0.00000e+00
 0.00000e+00
 0.00000e+00
 0.00000e+00
 0.00000e+00
 0.00000e+00
 0.00000e+00
 0.00000e+00
 0.00000e+00
 0.00000e+00
 0.00000e+00
 0.00000e+00
 0.00000e+00
 0.00000e+00
 0.00000e+00
 0.00000e+00
 0.00000e+00
 0.00000e+00
 0.00000e+00
 0.00000e+00
 0.00000e+00
 0.00000e+00
 0.00000e+00
 0.00000e+00
 0.00000e+00
 0.00000e+00
 0.00000e+00
 0.00000e+00
 0.00000e+00
 0.00000e+00
 0.00000e+00
 0.00000e+00
 0.00000e+00
 0.00000e+00
 0.00000e+00
 0.00000e+00
 0.00000e+00
 0.00000e+00
 0.00000e+00
 0.00000e+00
 0.00000e+00
 0.00000e+00
 0.00000e+00
 0.00000e+00
 0.00000e+00
 0.00000e+00
 0.00000e+00
 0.00000e+00
 0.00000e+00
 0.00000e+00
 0.00000e+00
 0.00000e+00
 0.00000e+00
 0.00000e+00
 0.00000e+00
 0.00000e+00
 0.00000e+00
 0.00000e+00
 0.00000e+00
 0.00000e+00
 0.00000e+00
 0.00000e+00
 0.00000e+00
 0.00000e+00
 0.00000e+00
 0.00000e+00
 0.00000e+00
 0.00000e+00
 0.00000e+00
 0.00000e+00
 0.00000e+00
 0.00000e+00
 0.00000e+00
 0.00000e+00
 0.00000e+00
 0.00000e+00
 0.00000e+00
 0.00000e+00
 0.00000e+00
 0.00000e+00
 0.00000e+00
 0.00000e+00
 0.00000e+00
 0.00000e+00
 0.00000e+00
 0.00000e+00
 0.00000e+00
 0.00000e+00
 0.00000e+00
 0.00000e+00
 0.00000e+00
 0.00000e+00
 0.00000e+00
 0.00000e+00
 0.00000e+00
 0.00000e+00
 0.00000e+00
 0.00000e+00
 0.00000e+00
 0.00000e+00
 0.00000e+00
 0.00000e+00
 0.00000e+00
 0.00000e+00
 0.00000e+00
 0.00000e+00
 0.00000e+00
 0.00000e+00
 0.00000e+00
 0.00000e+00
 0.00000e+00
 0.00000e+00
 0.00000e+00
 0.00000e+00
 0.00000e+00
 0.00000e+00
 0.00000e+00
