Density
part
         1
hexa8
 1.00000e+00
 1.00000e+00
 1.00000e+00
 1.00000e+00
 1.00000e+00
 1.00000e+00
 1.00000e+00
 1.00000e+00
 1.00000e+00
 1.00000e+00
 1.00000e+00
 1.00000e+00
 1.00000e+00
 1.00000e+00
 1.00000e+00
 1.00000e+00
 1.00000e+00
 1.00000e+00
 1.00000e+00
 1.00000e+00
 1.00000e+00
 1.00000e+00
 1.00000e+00
 1.00000e+00
 1.00000e+00
 1.00000e+00
 1.00000e+00
 1.00000e+00
 1.00000e+00
 1.00000e+00
 1.00000e+00
 1.00000e+00
 1.00000e+00
 1.00000e+00
 1.00000e+00
 1.00000e+00
 1.00000e+00
 1.00000e+00
 1.00000e+00
 1.00000e+00
 1.00000e+00
 1.00000e+00
 1.00000e+00
 1.00000e+00
 1.00000e+00
 1.00000e+00
 1.00000e+00
 1.00000e+00
 1.00000e+00
 1.00000e+00
 1.00000e+00
 1.00000e+00
 1.00000e+00
 1.00000e+00
 1.00000e+00
 1.00000e+00
 1.00000e+00
 1.00000e+00
 1.00000e+00
 1.00000e+00
 1.00000e+00
 1.00000e+00
 1.00000e+00
 1.00000e+00
 1.00000e+00
 1.00000e+00
 1.00000e+00
 1.00000e+00
 1.00000e+00
 1.00000e+00
 1.00000e+00
 1.00000e+00
 1.00000e+00
 1.00000e+00
 1.00000e+00
 1.00000e+00
 1.00000e+00
 1.00000e+00
 1.00000e+00
 1.00000e+00
 1.00000e+00
 1.00000e+00
 1.00000e+00
 1.00000e+00
 1.00000e+00
 1.00000e+00
 1.00000e+00
 1.00000e+00
 1.00000e+00
 1.00000e+00
 1.00000e+00
 1.00000e+00
 1.00000e+00
 1.00000e+00
 1.00000e+00
 1.00000e+00
 1.00000e+00
 1.00000e+00
 1.00000e+00
 1.00000e+00
 1.00000e+00
 1.00000e+00
 1.00000e+00
 1.00000e+00
 1.00000e+00
 1.00000e+00
 1.00000e+00
 1.00000e+00
 1.00000e+00
 1.00000e+00
 9.99999e-01
 9.99999e-01
 9.99999e-01
 9.99999e-01
 9.99999e-01
 9.99996e-01
 9.99996e-01
 9.99996e-01
 9.99996e-01
 9.99996e-01
 9.99979e-01
 9.99979e-01
 9.99979e-01
 9.99979e-01
 9.99979e-01
 9.99901e-01
 9.99901e-01
 9.99901e-01
 9.99901e-01
 9.99901e-01
 9.99582e-01
 9.99582e-01
 9.99582e-01
 9.99582e-01
 9.99582e-01
 9.98466e-01
 9.98466e-01
 9.98466e-01
 9.98466e-01
 9.98466e-01
 9.95197e-01
 9.95197e-01
 9.95197e-01
 9.95197e-01
 9.95197e-01
 9.87343e-01
 9.87343e-01
 9.87343e-01
 9.87343e-01
 9.87343e-01
 9.72093e-01
 9.72093e-01
 9.72093e-01
 9.72093e-01
 9.72093e-01
 9.48043e-01
 9.48043e-01
 9.48043e-01
 9.48043e-01
 9.48043e-01
 9.16254e-01
 9.16254e-01
 9.16254e-01
 9.16254e-01
 9.16254e-01
 8.79182e-01
 8.79182e-01
 8.79182e-01
 8.79182e-01
 8.79182e-01
 8.39000e-01
 8.39000e-01
 8.39000e-01
 8.39000e-01
 8.39000e-01
 7.96995e-01
 7.96995e-01
 7.96995e-01
 7.96995e-01
 7.96995e-01
 7.53795e-01
 7.53795e-01
 7.53795e-01
 7.53795e-01
 7.53795e-01
 7.09702e-01
 7.09702e-01
 7.09702e-01
 7.09702e-01
 7.09702e-01
 6.64888e-01
 6.64888e-01
 6.64888e-01
 6.64888e-01
 6.64888e-01
 6.19496e-01
 6.19496e-01
 6.19496e-01
 6.19496e-01
 6.19496e-01
 5.73709e-01
 5.73709e-01
 5.73709e-01
 5.73709e-01
 5.73709e-01
 5.27883e-01
 5.27883e-01
 5.27883e-01
 5.27883e-01
 5.27883e-01
 4.82857e-01
 4.82857e-01
 4.82857e-01
 4.82857e-01
 4.82857e-01
 4.40965e-01
 4.40965e-01
 4.40965e-01
 4.40965e-01
 4.40965e-01
 4.09577e-01
 4.09577e-01
 4.09577e-01
 4.09577e-01
 4.09577e-01
 4.05272e-01
 4.05272e-01
 4.05272e-01
 4.05272e-01
 4.05272e-01
 4.16867e-01
 4.16867e-01
 4.16867e-01
 4.16867e-01
 4.16867e-01
 4.23216e-01
 4.23216e-01
 4.23216e-01
 4.23216e-01
 4.23216e-01
 4.24460e-01
 4.24460e-01
 4.24460e-01
 4.24460e-01
 4.24460e-01
 4.24685e-01
 4.24685e-01
 4.24685e-01
 4.24685e-01
 4.24685e-01
 2.41160e-01
 2.41160e-01
 2.41160e-01
 2.41160e-01
 2.41160e-01
 2.47658e-01
 2.47658e-01
 2.47658e-01
 2.47658e-01
 2.47658e-01
 2.51740e-01
 2.51740e-01
 2.51740e-01
 2.51740e-01
 2.51740e-01
 2.54542e-01
 2.54542e-01
 2.54542e-01
 2.54542e-01
 2.54542e-01
 2.56572e-01
 2.56572e-01
 2.56572e-01
 2.56572e-01
 2.56572e-01
 2.58111e-01
 2.58111e-01
 2.58111e-01
 2.58111e-01
 2.58111e-01
 2.59322e-01
 2.59322e-01
 2.59322e-01
 2.59322e-01
 2.59322e-01
 2.60306e-01
 2.60306e-01
 2.60306e-01
 2.60306e-01
 2.60306e-01
 2.61124e-01
 2.61124e-01
 2.61124e-01
 2.61124e-01
 2.61124e-01
 2.61811e-01
 2.61811e-01
 2.61811e-01
 2.61811e-01
 2.61811e-01
 2.62393e-01
 2.62393e-01
 2.62393e-01
 2.62393e-01
 2.62393e-01
 2.62886e-01
 2.62886e-01
 2.62886e-01
 2.62886e-01
 2.62886e-01
 2.63298e-01
 2.63298e-01
 2.63298e-01
 2.63298e-01
 2.63298e-01
 2.63634e-01
 2.63634e-01
 2.63634e-01
 2.63634e-01
 2.63634e-01
 2.63893e-01
 2.63893e-01
 2.63893e-01
 2.63893e-01
 2.63893e-01
 2.64072e-01
 2.64072e-01
 2.64072e-01
 2.64072e-01
 2.64072e-01
 2.64164e-01
 2.64164e-01
 2.64164e-01
 2.64164e-01
 2.64164e-01
 2.64153e-01
 2.64153e-01
 2.64153e-01
 2.64153e-01
 2.64153e-01
 2.64004e-01
 2.64004e-01
 2.64004e-01
 2.64004e-01
 2.64004e-01
 2.63648e-01
 2.63648e-01
 2.63648e-01
 2.63648e-01
 2.63648e-01
 2.62937e-01
 2.62937e-01
 2.62937e-01
 2.62937e-01
 2.62937e-01
 2.61590e-01
 2.61590e-01
 2.61590e-01
 2.61590e-01
 2.61590e-01
 2.59095e-01
 2.59095e-01
 2.59095e-01
 2.59095e-01
 2.59095e-01
 2.54633e-01
 2.54633e-01
 2.54633e-01
 2.54633e-01
 2.54633e-01
 2.47133e-01
 2.47133e-01
 2.47133e-01
 2.47133e-01
 2.47133e-01
 2.35609e-01
 2.35609e-01
 2.35609e-01
 2.35609e-01
 2.35609e-01
 2.19766e-01
 2.19766e-01
 2.19766e-01
 2.19766e-01
 2.19766e-01
 2.00514e-01
 2.00514e-01
 2.00514e-01
 2.00514e-01
 2.00514e-01
 1.79953e-01
 1.79953e-01
 1.79953e-01
 1.79953e-01
 1.79953e-01
 1.60756e-01
 1.60756e-01
 1.60756e-01
 1.60756e-01
 1.60756e-01
 1.45276e-01
 1.45276e-01
 1.45276e-01
 1.45276e-01
 1.45276e-01
 1.34772e-01
 1.34772e-01
 1.34772e-01
 1.34772e-01
 1.34772e-01
 1.28985e-01
 1.28985e-01
 1.28985e-01
 1.28985e-01
 1.28985e-01
 1.26425e-01
 1.26425e-01
 1.26425e-01
 1.26425e-01
 1.26425e-01
 1.25471e-01
 1.25471e-01
 1.25471e-01
 1.25471e-01
 1.25471e-01
 1.25150e-01
 1.25150e-01
 1.25150e-01
 1.25150e-01
 1.25150e-01
 1.25047e-01
 1.25047e-01
 1.25047e-01
 1.25047e-01
 1.25047e-01
 1.25014e-01
 1.25014e-01
 1.25014e-01
 1.25014e-01
 1.25014e-01
 1.25004e-01
 1.25004e-01
 1.25004e-01
 1.25004e-01
 1.25004e-01
 1.25001e-01
 1.25001e-01
 1.25001e-01
 1.25001e-01
 1.25001e-01
 1.25000e-01
 1.25000e-01
 1.25000e-01
 1.25000e-01
 1.25000e-01
 1.25000e-01
 1.25000e-01
 1.25000e-01
 1.25000e-01
 1.25000e-01
 1.25000e-01
 1.25000e-01
 1.25000e-01
 1.25000e-01
 1.25000e-01
 1.25000e-01
 1.25000e-01
 1.25000e-01
 1.25000e-01
 1.25000e-01
 1.25000e-01
 1.25000e-01
 1.25000e-01
 1.25000e-01
 1.25000e-01
 1.25000e-01
 1.25000e-01
 1.25000e-01
 1.25000e-01
 1.25000e-01
 1.25000e-01
 1.25000e-01
 1.25000e-01
 1.25000e-01
 1.25000e-01
 1.25000e-01
 1.25000e-01
 1.25000e-01
 1.25000e-01
 1.25000e-01
 1.25000e-01
 1.25000e-01
 1.25000e-01
 1.25000e-01
 1.25000e-01
 1.25000e-01
 1.25000e-01
 1.25000e-01
 1.25000e-01
 1.25000e-01
 1.00000e+00
 1.00000e+00
 1.00000e+00
 1.00000e+00
 1.00000e+00
 1.00000e+00
 1.00000e+00
 1.00000e+00
 1.00000e+00
 1.00000e+00
 1.00000e+00
 1.00000e+00
 1.00000e+00
 1.00000e+00
 1.00000e+00
 1.00000e+00
 1.00000e+00
 1.00000e+00
 1.00000e+00
 1.00000e+00
 1.00000e+00
 1.00000e+00
 1.00000e+00
 1.00000e+00
 1.00000e+00
 1.00000e+00
 1.00000e+00
 1.00000e+00
 1.00000e+00
 1.00000e+00
 1.00000e+00
 1.00000e+00
 1.00000e+00
 1.00000e+00
 1.00000e+00
 1.00000e+00
 1.00000e+00
 1.00000e+00
 1.00000e+00
 1.00000e+00
 1.00000e+00
 1.00000e+00
 1.00000e+00
 1.00000e+00
 1.00000e+00
 1.00000e+00
 1.00000e+00
 1.00000e+00
 1.00000e+00
 1.00000e+00
 1.00000e+00
 1.00000e+00
 1.00000e+00
 1.00000e+00
 1.00000e+00
 1.00000e+00
 1.00000e+00
 1.00000e+00
 1.00000e+00
 1.00000e+00
 1.00000e+00
 1.00000e+00
 1.00000e+00
 1.00000e+00
 1.00000e+00
 1.00000e+00
 1.00000e+00
 1.00000e+00
 1.00000e+00
 1.00000e+00
 1.00000e+00
 1.00000e+00
 1.00000e+00
 1.00000e+00
 1.00000e+00
 1.00000e+00
 1.00000e+00
 1.00000e+00
 1.00000e+00
 1.00000e+00
 1.00000e+00
 1.00000e+00
 1.00000e+00
 1.00000e+00
 1.00000e+00
 1.00000e+00
 1.00000e+00
 1.00000e+00
 1.00000e+00
 1.00000e+00
 1.00000e+00
 1.00000e+00
 1.00000e+00
 1.00000e+00
 1.00000e+00
 1.00000e+00
 1.00000e+00
 1.00000e+00
 1.00000e+00
 1.00000e+00
 1.00000e+00
 1.00000e+00
 1.00000e+00
 1.00000e+00
 1.00000e+00
 1.00000e+00
 1.00000e+00
 1.00000e+00
 1.00000e+00
 1.00000e+00
 9.99999e-01
 9.99999e-01
 9.99999e-01
 9.99999e-01
 9.99999e-01
 9.99996e-01
 9.99996e-01
 9.99996e-01
 9.99996e-01
 9.99996e-01
 9.99979e-01
 9.99979e-01
 9.99979e-01
 9.99979e-01
 9.99979e-01
 9.99901e-01
 9.99901e-01
 9.99901e-01
 9.99901e-01
 9.99901e-01
 9.99582e-01
 9.99582e-01
 9.99582e-01
 9.99582e-01
 9.99582e-01
 9.98466e-01
 9.98466e-01
 9.98466e-01
 9.98466e-01
 9.98466e-01
 9.95197e-01
 9.95197e-01
 9.95197e-01
 9.95197e-01
 9.95197e-01
 9.87343e-01
 9.87343e-01
 9.87343e-01
 9.87343e-01
 9.87343e-01
 9.72093e-01
 9.72093e-01
 9.72093e-01
 9.72093e-01
 9.72093e-01
 9.48043e-01
 9.48043e-01
 9.48043e-01
 9.48043e-01
 9.48043e-01
 9.16254e-01
 9.16254e-01
 9.16254e-01
 9.16254e-01
 9.16254e-01
 8.79182e-01
 8.79182e-01
 8.79182e-01
 8.79182e-01
 8.79182e-01
 8.39000e-01
 8.39000e-01
 8.39000e-01
 8.39000e-01
 8.39000e-01
 7.96995e-01
 7.96995e-01
 7.96995e-01
 7.96995e-01
 7.96995e-01
 7.53795e-01
 7.53795e-01
 7.53795e-01
 7.53795e-01
 7.53795e-01
 7.09702e-01
 7.09702e-01
 7.09702e-01
 7.09702e-01
 7.09702e-01
 6.64888e-01
 6.64888e-01
 6.64888e-01
 6.64888e-01
 6.64888e-01
 6.19496e-01
 6.19496e-01
 6.19496e-01
 6.19496e-01
 6.19496e-01
 5.73709e-01
 5.73709e-01
 5.73709e-01
 5.73709e-01
 5.73709e-01
 5.27883e-01
 5.27883e-01
 5.27883e-01
 5.27883e-01
 5.27883e-01
 4.82857e-01
 4.82857e-01
 4.82857e-01
 4.82857e-01
 4.82857e-01
 4.40965e-01
 4.40965e-01
 4.40965e-01
 4.40965e-01
 4.40965e-01
 4.09577e-01
 4.09577e-01
 4.09577e-01
 4.09577e-01
 4.09577e-01
 4.05272e-01
 4.05272e-01
 4.05272e-01
 4.05272e-01
 4.05272e-01
 4.16867e-01
 4.16867e-01
 4.16867e-01
 4.16867e-01
 4.16867e-01
 4.23216e-01
 4.23216e-01
 4.23216e-01
 4.23216e-01
 4.23216e-01
 4.24460e-01
 4.24460e-01
 4.24460e-01
 4.24460e-01
 4.24460e-01
 4.24685e-01
 4.24685e-01
 4.24685e-01
 4.24685e-01
 4.24685e-01
 2.41160e-01
 2.41160e-01
 2.41160e-01
 2.41160e-01
 2.41160e-01
 2.47658e-01
 2.47658e-01
 2.47658e-01
 2.47658e-01
 2.47658e-01
 2.51740e-01
 2.51740e-01
 2.51740e-01
 2.51740e-01
 2.51740e-01
 2.54542e-01
 2.54542e-01
 2.54542e-01
 2.54542e-01
 2.54542e-01
 2.56572e-01
 2.56572e-01
 2.56572e-01
 2.56572e-01
 2.56572e-01
 2.58111e-01
 2.58111e-01
 2.58111e-01
 2.58111e-01
 2.58111e-01
 2.59322e-01
 2.59322e-01
 2.59322e-01
 2.59322e-01
 2.59322e-01
 2.60306e-01
 2.60306e-01
 2.60306e-01
 2.60306e-01
 2.60306e-01
 2.61124e-01
 2.61124e-01
 2.61124e-01
 2.61124e-01
 2.61124e-01
 2.61811e-01
 2.61811e-01
 2.61811e-01
 2.61811e-01
 2.61811e-01
 2.62393e-01
 2.62393e-01
 2.62393e-01
 2.62393e-01
 2.62393e-01
 2.62886e-01
 2.62886e-01
 2.62886e-01
 2.62886e-01
 2.62886e-01
 2.63298e-01
 2.63298e-01
 2.63298e-01
 2.63298e-01
 2.63298e-01
 2.63634e-01
 2.63634e-01
 2.63634e-01
 2.63634e-01
 2.63634e-01
 2.63893e-01
 2.63893e-01
 2.63893e-01
 2.63893e-01
 2.63893e-01
 2.64072e-01
 2.64072e-01
 2.64072e-01
 2.64072e-01
 2.64072e-01
 2.64164e-01
 2.64164e-01
 2.64164e-01
 2.64164e-01
 2.64164e-01
 2.64153e-01
 2.64153e-01
 2.64153e-01
 2.64153e-01
 2.64153e-01
 2.64004e-01
 2.64004e-01
 2.64004e-01
 2.64004e-01
 2.64004e-01
 2.63648e-01
 2.63648e-01
 2.63648e-01
 2.63648e-01
 2.63648e-01
 2.62937e-01
 2.62937e-01
 2.62937e-01
 2.62937e-01
 2.62937e-01
 2.61590e-01
 2.61590e-01
 2.61590e-01
 2.61590e-01
 2.61590e-01
 2.59095e-01
 2.59095e-01
 2.59095e-01
 2.59095e-01
 2.59095e-01
 2.54633e-01
 2.54633e-01
 2.54633e-01
 2.54633e-01
 2.54633e-01
 2.47133e-01
 2.47133e-01
 2.47133e-01
 2.47133e-01
 2.47133e-01
 2.35609e-01
 2.35609e-01
 2.35609e-01
 2.35609e-01
 2.35609e-01
 2.19766e-01
 2.19766e-01
 2.19766e-01
 2.19766e-01
 2.19766e-01
 2.00514e-01
 2.00514e-01
 2.00514e-01
 2.00514e-01
 2.00514e-01
 1.79953e-01
 1.79953e-01
 1.79953e-01
 1.79953e-01
 1.79953e-01
 1.60756e-01
 1.60756e-01
 1.60756e-01
 1.60756e-01
 1.60756e-01
 1.45276e-01
 1.45276e-01
 1.45276e-01
 1.45276e-01
 1.45276e-01
 1.34772e-01
 1.34772e-01
 1.34772e-01
 1.34772e-01
 1.34772e-01
 1.28985e-01
 1.28985e-01
 1.28985e-01
 1.28985e-01
 1.28985e-01
 1.26425e-01
 1.26425e-01
 1.26425e-01
 1.26425e-01
 1.26425e-01
 1.25471e-01
 1.25471e-01
 1.25471e-01
 1.25471e-01
 1.25471e-01
 1.25150e-01
 1.25150e-01
 1.25150e-01
 1.25150e-01
 1.25150e-01
 1.25047e-01
 1.25047e-01
 1.25047e-01
 1.25047e-01
 1.25047e-01
 1.25014e-01
 1.25014e-01
 1.25014e-01
 1.25014e-01
 1.25014e-01
 1.25004e-01
 1.25004e-01
 1.25004e-01
 1.25004e-01
 1.25004e-01
 1.25001e-01
 1.25001e-01
 1.25001e-01
 1.25001e-01
 1.25001e-01
 1.25000e-01
 1.25000e-01
 1.25000e-01
 1.25000e-01
 1.25000e-01
 1.25000e-01
 1.25000e-01
 1.25000e-01
 1.25000e-01
 1.25000e-01
 1.25000e-01
 1.25000e-01
 1.25000e-01
 1.25000e-01
 1.25000e-01
 1.25000e-01
 1.25000e-01
 1.25000e-01
 1.25000e-01
 1.25000e-01
 1.25000e-01
 1.25000e-01
 1.25000e-01
 1.25000e-01
 1.25000e-01
 1.25000e-01
 1.25000e-01
 1.25000e-01
 1.25000e-01
 1.25000e-01
 1.25000e-01
 1.25000e-01
 1.25000e-01
 1.25000e-01
 1.25000e-01
 1.25000e-01
 1.25000e-01
 1.25000e-01
 1.25000e-01
 1.25000e-01
 1.25000e-01
 1.25000e-01
 1.25000e-01
 1.25000e-01
 1.25000e-01
 1.25000e-01
 1.25000e-01
 1.25000e-01
 1.25000e-01
 1.25000e-01
 1.00000e+00
 1.00000e+00
 1.00000e+00
 1.00000e+00
 1.00000e+00
 1.00000e+00
 1.00000e+00
 1.00000e+00
 1.00000e+00
 1.00000e+00
 1.00000e+00
 1.00000e+00
 1.00000e+00
 1.00000e+00
 1.00000e+00
 1.00000e+00
 1.00000e+00
 1.00000e+00
 1.00000e+00
 1.00000e+00
 1.00000e+00
 1.00000e+00
 1.00000e+00
 1.00000e+00
 1.00000e+00
 1.00000e+00
 1.00000e+00
 1.00000e+00
 1.00000e+00
 1.00000e+00
 1.00000e+00
 1.00000e+00
 1.00000e+00
 1.00000e+00
 1.00000e+00
 1.00000e+00
 1.00000e+00
 1.00000e+00
 1.00000e+00
 1.00000e+00
 1.00000e+00
 1.00000e+00
 1.00000e+00
 1.00000e+00
 1.00000e+00
 1.00000e+00
 1.00000e+00
 1.00000e+00
 1.00000e+00
 1.00000e+00
 1.00000e+00
 1.00000e+00
 1.00000e+00
 1.00000e+00
 1.00000e+00
 1.00000e+00
 1.00000e+00
 1.00000e+00
 1.00000e+00
 1.00000e+00
 1.00000e+00
 1.00000e+00
 1.00000e+00
 1.00000e+00
 1.00000e+00
 1.00000e+00
 1.00000e+00
 1.00000e+00
 1.00000e+00
 1.00000e+00
 1.00000e+00
 1.00000e+00
 1.00000e+00
 1.00000e+00
 1.00000e+00
 1.00000e+00
 1.00000e+00
 1.00000e+00
 1.00000e+00
 1.00000e+00
 1.00000e+00
 1.00000e+00
 1.00000e+00
 1.00000e+00
 1.00000e+00
 1.00000e+00
 1.00000e+00
 1.00000e+00
 1.00000e+00
 1.00000e+00
 1.00000e+00
 1.00000e+00
 1.00000e+00
 1.00000e+00
 1.00000e+00
 1.00000e+00
 1.00000e+00
 1.00000e+00
 1.00000e+00
 1.00000e+00
 1.00000e+00
 1.00000e+00
 1.00000e+00
 1.00000e+00
 1.00000e+00
 1.00000e+00
 1.00000e+00
 1.00000e+00
 1.00000e+00
 1.00000e+00
 9.99999e-01
 9.99999e-01
 9.99999e-01
 9.99999e-01
 9.99999e-01
 9.99996e-01
 9.99996e-01
 9.99996e-01
 9.99996e-01
 9.99996e-01
 9.99979e-01
 9.99979e-01
 9.99979e-01
 9.99979e-01
 9.99979e-01
 9.99901e-01
 9.99901e-01
 9.99901e-01
 9.99901e-01
 9.99901e-01
 9.99582e-01
 9.99582e-01
 9.99582e-01
 9.99582e-01
 9.99582e-01
 9.98466e-01
 9.98466e-01
 9.98466e-01
 9.98466e-01
 9.98466e-01
 9.95197e-01
 9.95197e-01
 9.95197e-01
 9.95197e-01
 9.95197e-01
 9.87343e-01
 9.87343e-01
 9.87343e-01
 9.87343e-01
 9.87343e-01
 9.72093e-01
 9.72093e-01
 9.72093e-01
 9.72093e-01
 9.72093e-01
 9.48043e-01
 9.48043e-01
 9.48043e-01
 9.48043e-01
 9.48043e-01
 9.16254e-01
 9.16254e-01
 9.16254e-01
 9.16254e-01
 9.16254e-01
 8.79182e-01
 8.79182e-01
 8.79182e-01
 8.79182e-01
 8.79182e-01
 8.39000e-01
 8.39000e-01
 8.39000e-01
 8.39000e-01
 8.39000e-01
 7.96995e-01
 7.96995e-01
 7.96995e-01
 7.96995e-01
 7.96995e-01
 7.53795e-01
 7.53795e-01
 7.53795e-01
 7.53795e-01
 7.53795e-01
 7.09702e-01
 7.09702e-01
 7.09702e-01
 7.09702e-01
 7.09702e-01
 6.64888e-01
 6.64888e-01
 6.64888e-01
 6.64888e-01
 6.64888e-01
 6.19496e-01
 6.19496e-01
 6.19496e-01
 6.19496e-01
 6.19496e-01
 5.73709e-01
 5.73709e-01
 5.73709e-01
 5.73709e-01
 5.73709e-01
 5.27883e-01
 5.27883e-01
 5.27883e-01
 5.27883e-01
 5.27883e-01
 4.82857e-01
 4.82857e-01
 4.82857e-01
 4.82857e-01
 4.82857e-01
 4.40965e-01
 4.40965e-01
 4.40965e-01
 4.40965e-01
 4.40965e-01
 4.09577e-01
 4.09577e-01
 4.09577e-01
 4.09577e-01
 4.09577e-01
 4.05272e-01
 4.05272e-01
 4.05272e-01
 4.05272e-01
 4.05272e-01
 4.16867e-01
 4.16867e-01
 4.16867e-01
 4.16867e-01
 4.16867e-01
 4.23216e-01
 4.23216e-01
 4.23216e-01
 4.23216e-01
 4.23216e-01
 4.24460e-01
 4.24460e-01
 4.24460e-01
 4.24460e-01
 4.24460e-01
 4.24685e-01
 4.24685e-01
 4.24685e-01
 4.24685e-01
 4.24685e-01
 2.41160e-01
 2.41160e-01
 2.41160e-01
 2.41160e-01
 2.41160e-01
 2.47658e-01
 2.47658e-01
 2.47658e-01
 2.47658e-01
 2.47658e-01
 2.51740e-01
 2.51740e-01
 2.51740e-01
 2.51740e-01
 2.51740e-01
 2.54542e-01
 2.54542e-01
 2.54542e-01
 2.54542e-01
 2.54542e-01
 2.56572e-01
 2.56572e-01
 2.56572e-01
 2.56572e-01
 2.56572e-01
 2.58111e-01
 2.58111e-01
 2.58111e-01
 2.58111e-01
 2.58111e-01
 2.59322e-01
 2.59322e-01
 2.59322e-01
 2.59322e-01
 2.59322e-01
 2.60306e-01
 2.60306e-01
 2.60306e-01
 2.60306e-01
 2.60306e-01
 2.61124e-01
 2.61124e-01
 2.61124e-01
 2.61124e-01
 2.61124e-01
 2.61811e-01
 2.61811e-01
 2.61811e-01
 2.61811e-01
 2.61811e-01
 2.62393e-01
 2.62393e-01
 2.62393e-01
 2.62393e-01
 2.62393e-01
 2.62886e-01
 2.62886e-01
 2.62886e-01
 2.62886e-01
 2.62886e-01
 2.63298e-01
 2.63298e-01
 2.63298e-01
 2.63298e-01
 2.63298e-01
 2.63634e-01
 2.63634e-01
 2.63634e-01
 2.63634e-01
 2.63634e-01
 2.63893e-01
 2.63893e-01
 2.63893e-01
 2.63893e-01
 2.63893e-01
 2.64072e-01
 2.64072e-01
 2.64072e-01
 2.64072e-01
 2.64072e-01
 2.64164e-01
 2.64164e-01
 2.64164e-01
 2.64164e-01
 2.64164e-01
 2.64153e-01
 2.64153e-01
 2.64153e-01
 2.64153e-01
 2.64153e-01
 2.64004e-01
 2.64004e-01
 2.64004e-01
 2.64004e-01
 2.64004e-01
 2.63648e-01
 2.63648e-01
 2.63648e-01
 2.63648e-01
 2.63648e-01
 2.62937e-01
 2.62937e-01
 2.62937e-01
 2.62937e-01
 2.62937e-01
 2.61590e-01
 2.61590e-01
 2.61590e-01
 2.61590e-01
 2.61590e-01
 2.59095e-01
 2.59095e-01
 2.59095e-01
 2.59095e-01
 2.59095e-01
 2.54633e-01
 2.54633e-01
 2.54633e-01
 2.54633e-01
 2.54633e-01
 2.47133e-01
 2.47133e-01
 2.47133e-01
 2.47133e-01
 2.47133e-01
 2.35609e-01
 2.35609e-01
 2.35609e-01
 2.35609e-01
 2.35609e-01
 2.19766e-01
 2.19766e-01
 2.19766e-01
 2.19766e-01
 2.19766e-01
 2.00514e-01
 2.00514e-01
 2.00514e-01
 2.00514e-01
 2.00514e-01
 1.79953e-01
 1.79953e-01
 1.79953e-01
 1.79953e-01
 1.79953e-01
 1.60756e-01
 1.60756e-01
 1.60756e-01
 1.60756e-01
 1.60756e-01
 1.45276e-01
 1.45276e-01
 1.45276e-01
 1.45276e-01
 1.45276e-01
 1.34772e-01
 1.34772e-01
 1.34772e-01
 1.34772e-01
 1.34772e-01
 1.28985e-01
 1.28985e-01
 1.28985e-01
 1.28985e-01
 1.28985e-01
 1.26425e-01
 1.26425e-01
 1.26425e-01
 1.26425e-01
 1.26425e-01
 1.25471e-01
 1.25471e-01
 1.25471e-01
 1.25471e-01
 1.25471e-01
 1.25150e-01
 1.25150e-01
 1.25150e-01
 1.25150e-01
 1.25150e-01
 1.25047e-01
 1.25047e-01
 1.25047e-01
 1.25047e-01
 1.25047e-01
 1.25014e-01
 1.25014e-01
 1.25014e-01
 1.25014e-01
 1.25014e-01
 1.25004e-01
 1.25004e-01
 1.25004e-01
 1.25004e-01
 1.25004e-01
 1.25001e-01
 1.25001e-01
 1.25001e-01
 1.25001e-01
 1.25001e-01
 1.25000e-01
 1.25000e-01
 1.25000e-01
 1.25000e-01
 1.25000e-01
 1.25000e-01
 1.25000e-01
 1.25000e-01
 1.25000e-01
 1.25000e-01
 1.25000e-01
 1.25000e-01
 1.25000e-01
 1.25000e-01
 1.25000e-01
 1.25000e-01
 1.25000e-01
 1.25000e-01
 1.25000e-01
 1.25000e-01
 1.25000e-01
 1.25000e-01
 1.25000e-01
 1.25000e-01
 1.25000e-01
 1.25000e-01
 1.25000e-01
 1.25000e-01
 1.25000e-01
 1.25000e-01
 1.25000e-01
 1.25000e-01
 1.25000e-01
 1.25000e-01
 1.25000e-01
 1.25000e-01
 1.25000e-01
 1.25000e-01
 1.25000e-01
 1.25000e-01
 1.25000e-01
 1.25000e-01
 1.25000e-01
 1.25000e-01
 1.25000e-01
 1.25000e-01
 1.25000e-01
 1.25000e-01
 1.25000e-01
 1.25000e-01
 1.00000e+00
 1.00000e+00
 1.00000e+00
 1.00000e+00
 1.00000e+00
 1.00000e+00
 1.00000e+00
 1.00000e+00
 1.00000e+00
 1.00000e+00
 1.00000e+00
 1.00000e+00
 1.00000e+00
 1.00000e+00
 1.00000e+00
 1.00000e+00
 1.00000e+00
 1.00000e+00
 1.00000e+00
 1.00000e+00
 1.00000e+00
 1.00000e+00
 1.00000e+00
 1.00000e+00
 1.00000e+00
 1.00000e+00
 1.00000e+00
 1.00000e+00
 1.00000e+00
 1.00000e+00
 1.00000e+00
 1.00000e+00
 1.00000e+00
 1.00000e+00
 1.00000e+00
 1.00000e+00
 1.00000e+00
 1.00000e+00
 1.00000e+00
 1.00000e+00
 1.00000e+00
 1.00000e+00
 1.00000e+00
 1.00000e+00
 1.00000e+00
 1.00000e+00
 1.00000e+00
 1.00000e+00
 1.00000e+00
 1.00000e+00
 1.00000e+00
 1.00000e+00
 1.00000e+00
 1.00000e+00
 1.00000e+00
 1.00000e+00
 1.00000e+00
 1.00000e+00
 1.00000e+00
 1.00000e+00
 1.00000e+00
 1.00000e+00
 1.00000e+00
 1.00000e+00
 1.00000e+00
 1.00000e+00
 1.00000e+00
 1.00000e+00
 1.00000e+00
 1.00000e+00
 1.00000e+00
 1.00000e+00
 1.00000e+00
 1.00000e+00
 1.00000e+00
 1.00000e+00
 1.00000e+00
 1.00000e+00
 1.00000e+00
 1.00000e+00
 1.00000e+00
 1.00000e+00
 1.00000e+00
 1.00000e+00
 1.00000e+00
 1.00000e+00
 1.00000e+00
 1.00000e+00
 1.00000e+00
 1.00000e+00
 1.00000e+00
 1.00000e+00
 1.00000e+00
 1.00000e+00
 1.00000e+00
 1.00000e+00
 1.00000e+00
 1.00000e+00
 1.00000e+00
 1.00000e+00
 1.00000e+00
 1.00000e+00
 1.00000e+00
 1.00000e+00
 1.00000e+00
 1.00000e+00
 1.00000e+00
 1.00000e+00
 1.00000e+00
 1.00000e+00
 9.99999e-01
 9.99999e-01
 9.99999e-01
 9.99999e-01
 9.99999e-01
 9.99996e-01
 9.99996e-01
 9.99996e-01
 9.99996e-01
 9.99996e-01
 9.99979e-01
 9.99979e-01
 9.99979e-01
 9.99979e-01
 9.99979e-01
 9.99901e-01
 9.99901e-01
 9.99901e-01
 9.99901e-01
 9.99901e-01
 9.99582e-01
 9.99582e-01
 9.99582e-01
 9.99582e-01
 9.99582e-01
 9.98466e-01
 9.98466e-01
 9.98466e-01
 9.98466e-01
 9.98466e-01
 9.95197e-01
 9.95197e-01
 9.95197e-01
 9.95197e-01
 9.95197e-01
 9.87343e-01
 9.87343e-01
 9.87343e-01
 9.87343e-01
 9.87343e-01
 9.72093e-01
 9.72093e-01
 9.72093e-01
 9.72093e-01
 9.72093e-01
 9.48043e-01
 9.48043e-01
 9.48043e-01
 9.48043e-01
 9.48043e-01
 9.16254e-01
 9.16254e-01
 9.16254e-01
 9.16254e-01
 9.16254e-01
 8.79182e-01
 8.79182e-01
 8.79182e-01
 8.79182e-01
 8.79182e-01
 8.39000e-01
 8.39000e-01
 8.39000e-01
 8.39000e-01
 8.39000e-01
 7.96995e-01
 7.96995e-01
 7.96995e-01
 7.96995e-01
 7.96995e-01
 7.53795e-01
 7.53795e-01
 7.53795e-01
 7.53795e-01
 7.53795e-01
 7.09702e-01
 7.09702e-01
 7.09702e-01
 7.09702e-01
 7.09702e-01
 6.64888e-01
 6.64888e-01
 6.64888e-01
 6.64888e-01
 6.64888e-01
 6.19496e-01
 6.19496e-01
 6.19496e-01
 6.19496e-01
 6.19496e-01
 5.73709e-01
 5.73709e-01
 5.73709e-01
 5.73709e-01
 5.73709e-01
 5.27883e-01
 5.27883e-01
 5.27883e-01
 5.27883e-01
 5.27883e-01
 4.82857e-01
 4.82857e-01
 4.82857e-01
 4.82857e-01
 4.82857e-01
 4.40965e-01
 4.40965e-01
 4.40965e-01
 4.40965e-01
 4.40965e-01
 4.09577e-01
 4.09577e-01
 4.09577e-01
 4.09577e-01
 4.09577e-01
 4.05272e-01
 4.05272e-01
 4.05272e-01
 4.05272e-01
 4.05272e-01
 4.16867e-01
 4.16867e-01
 4.16867e-01
 4.16867e-01
 4.16867e-01
 4.23216e-01
 4.23216e-01
 4.23216e-01
 4.23216e-01
 4.23216e-01
 4.24460e-01
 4.24460e-01
 4.24460e-01
 4.24460e-01
 4.24460e-01
 4.24685e-01
 4.24685e-01
 4.24685e-01
 4.24685e-01
 4.24685e-01
 2.41160e-01
 2.41160e-01
 2.41160e-01
 2.41160e-01
 2.41160e-01
 2.47658e-01
 2.47658e-01
 2.47658e-01
 2.47658e-01
 2.47658e-01
 2.51740e-01
 2.51740e-01
 2.51740e-01
 2.51740e-01
 2.51740e-01
 2.54542e-01
 2.54542e-01
 2.54542e-01
 2.54542e-01
 2.54542e-01
 2.56572e-01
 2.56572e-01
 2.56572e-01
 2.56572e-01
 2.56572e-01
 2.58111e-01
 2.58111e-01
 2.58111e-01
 2.58111e-01
 2.58111e-01
 2.59322e-01
 2.59322e-01
 2.59322e-01
 2.59322e-01
 2.59322e-01
 2.60306e-01
 2.60306e-01
 2.60306e-01
 2.60306e-01
 2.60306e-01
 2.61124e-01
 2.61124e-01
 2.61124e-01
 2.61124e-01
 2.61124e-01
 2.61811e-01
 2.61811e-01
 2.61811e-01
 2.61811e-01
 2.61811e-01
 2.62393e-01
 2.62393e-01
 2.62393e-01
 2.62393e-01
 2.62393e-01
 2.62886e-01
 2.62886e-01
 2.62886e-01
 2.62886e-01
 2.62886e-01
 2.63298e-01
 2.63298e-01
 2.63298e-01
 2.63298e-01
 2.63298e-01
 2.63634e-01
 2.63634e-01
 2.63634e-01
 2.63634e-01
 2.63634e-01
 2.63893e-01
 2.63893e-01
 2.63893e-01
 2.63893e-01
 2.63893e-01
 2.64072e-01
 2.64072e-01
 2.64072e-01
 2.64072e-01
 2.64072e-01
 2.64164e-01
 2.64164e-01
 2.64164e-01
 2.64164e-01
 2.64164e-01
 2.64153e-01
 2.64153e-01
 2.64153e-01
 2.64153e-01
 2.64153e-01
 2.64004e-01
 2.64004e-01
 2.64004e-01
 2.64004e-01
 2.64004e-01
 2.63648e-01
 2.63648e-01
 2.63648e-01
 2.63648e-01
 2.63648e-01
 2.62937e-01
 2.62937e-01
 2.62937e-01
 2.62937e-01
 2.62937e-01
 2.61590e-01
 2.61590e-01
 2.61590e-01
 2.61590e-01
 2.61590e-01
 2.59095e-01
 2.59095e-01
 2.59095e-01
 2.59095e-01
 2.59095e-01
 2.54633e-01
 2.54633e-01
 2.54633e-01
 2.54633e-01
 2.54633e-01
 2.47133e-01
 2.47133e-01
 2.47133e-01
 2.47133e-01
 2.47133e-01
 2.35609e-01
 2.35609e-01
 2.35609e-01
 2.35609e-01
 2.35609e-01
 2.19766e-01
 2.19766e-01
 2.19766e-01
 2.19766e-01
 2.19766e-01
 2.00514e-01
 2.00514e-01
 2.00514e-01
 2.00514e-01
 2.00514e-01
 1.79953e-01
 1.79953e-01
 1.79953e-01
 1.79953e-01
 1.79953e-01
 1.60756e-01
 1.60756e-01
 1.60756e-01
 1.60756e-01
 1.60756e-01
 1.45276e-01
 1.45276e-01
 1.45276e-01
 1.45276e-01
 1.45276e-01
 1.34772e-01
 1.34772e-01
 1.34772e-01
 1.34772e-01
 1.34772e-01
 1.28985e-01
 1.28985e-01
 1.28985e-01
 1.28985e-01
 1.28985e-01
 1.26425e-01
 1.26425e-01
 1.26425e-01
 1.26425e-01
 1.26425e-01
 1.25471e-01
 1.25471e-01
 1.25471e-01
 1.25471e-01
 1.25471e-01
 1.25150e-01
 1.25150e-01
 1.25150e-01
 1.25150e-01
 1.25150e-01
 1.25047e-01
 1.25047e-01
 1.25047e-01
 1.25047e-01
 1.25047e-01
 1.25014e-01
 1.25014e-01
 1.25014e-01
 1.25014e-01
 1.25014e-01
 1.25004e-01
 1.25004e-01
 1.25004e-01
 1.25004e-01
 1.25004e-01
 1.25001e-01
 1.25001e-01
 1.25001e-01
 1.25001e-01
 1.25001e-01
 1.25000e-01
 1.25000e-01
 1.25000e-01
 1.25000e-01
 1.25000e-01
 1.25000e-01
 1.25000e-01
 1.25000e-01
 1.25000e-01
 1.25000e-01
 1.25000e-01
 1.25000e-01
 1.25000e-01
 1.25000e-01
 1.25000e-01
 1.25000e-01
 1.25000e-01
 1.25000e-01
 1.25000e-01
 1.25000e-01
 1.25000e-01
 1.25000e-01
 1.25000e-01
 1.25000e-01
 1.25000e-01
 1.25000e-01
 1.25000e-01
 1.25000e-01
 1.25000e-01
 1.25000e-01
 1.25000e-01
 1.25000e-01
 1.25000e-01
 1.25000e-01
 1.25000e-01
 1.25000e-01
 1.25000e-01
 1.25000e-01
 1.25000e-01
 1.25000e-01
 1.25000e-01
 1.25000e-01
 1.25000e-01
 1.25000e-01
 1.25000e-01
 1.25000e-01
 1.25000e-01
 1.25000e-01
 1.25000e-01
 1.25000e-01
 1.00000e+00
 1.00000e+00
 1.00000e+00
 1.00000e+00
 1.00000e+00
 1.00000e+00
 1.00000e+00
 1.00000e+00
 1.00000e+00
 1.00000e+00
 1.00000e+00
 1.00000e+00
 1.00000e+00
 1.00000e+00
 1.00000e+00
 1.00000e+00
 1.00000e+00
 1.00000e+00
 1.00000e+00
 1.00000e+00
 1.00000e+00
 1.00000e+00
 1.00000e+00
 1.00000e+00
 1.00000e+00
 1.00000e+00
 1.00000e+00
 1.00000e+00
 1.00000e+00
 1.00000e+00
 1.00000e+00
 1.00000e+00
 1.00000e+00
 1.00000e+00
 1.00000e+00
 1.00000e+00
 1.00000e+00
 1.00000e+00
 1.00000e+00
 1.00000e+00
 1.00000e+00
 1.00000e+00
 1.00000e+00
 1.00000e+00
 1.00000e+00
 1.00000e+00
 1.00000e+00
 1.00000e+00
 1.00000e+00
 1.00000e+00
 1.00000e+00
 1.00000e+00
 1.00000e+00
 1.00000e+00
 1.00000e+00
 1.00000e+00
 1.00000e+00
 1.00000e+00
 1.00000e+00
 1.00000e+00
 1.00000e+00
 1.00000e+00
 1.00000e+00
 1.00000e+00
 1.00000e+00
 1.00000e+00
 1.00000e+00
 1.00000e+00
 1.00000e+00
 1.00000e+00
 1.00000e+00
 1.00000e+00
 1.00000e+00
 1.00000e+00
 1.00000e+00
 1.00000e+00
 1.00000e+00
 1.00000e+00
 1.00000e+00
 1.00000e+00
 1.00000e+00
 1.00000e+00
 1.00000e+00
 1.00000e+00
 1.00000e+00
 1.00000e+00
 1.00000e+00
 1.00000e+00
 1.00000e+00
 1.00000e+00
 1.00000e+00
 1.00000e+00
 1.00000e+00
 1.00000e+00
 1.00000e+00
 1.00000e+00
 1.00000e+00
 1.00000e+00
 1.00000e+00
 1.00000e+00
 1.00000e+00
 1.00000e+00
 1.00000e+00
 1.00000e+00
 1.00000e+00
 1.00000e+00
 1.00000e+00
 1.00000e+00
 1.00000e+00
 1.00000e+00
 9.99999e-01
 9.99999e-01
 9.99999e-01
 9.99999e-01
 9.99999e-01
 9.99996e-01
 9.99996e-01
 9.99996e-01
 9.99996e-01
 9.99996e-01
 9.99979e-01
 9.99979e-01
 9.99979e-01
 9.99979e-01
 9.99979e-01
 9.99901e-01
 9.99901e-01
 9.99901e-01
 9.99901e-01
 9.99901e-01
 9.99582e-01
 9.99582e-01
 9.99582e-01
 9.99582e-01
 9.99582e-01
 9.98466e-01
 9.98466e-01
 9.98466e-01
 9.98466e-01
 9.98466e-01
 9.95197e-01
 9.95197e-01
 9.95197e-01
 9.95197e-01
 9.95197e-01
 9.87343e-01
 9.87343e-01
 9.87343e-01
 9.87343e-01
 9.87343e-01
 9.72093e-01
 9.72093e-01
 9.72093e-01
 9.72093e-01
 9.72093e-01
 9.48043e-01
 9.48043e-01
 9.48043e-01
 9.48043e-01
 9.48043e-01
 9.16254e-01
 9.16254e-01
 9.16254e-01
 9.16254e-01
 9.16254e-01
 8.79182e-01
 8.79182e-01
 8.79182e-01
 8.79182e-01
 8.79182e-01
 8.39000e-01
 8.39000e-01
 8.39000e-01
 8.39000e-01
 8.39000e-01
 7.96995e-01
 7.96995e-01
 7.96995e-01
 7.96995e-01
 7.96995e-01
 7.53795e-01
 7.53795e-01
 7.53795e-01
 7.53795e-01
 7.53795e-01
 7.09702e-01
 7.09702e-01
 7.09702e-01
 7.09702e-01
 7.09702e-01
 6.64888e-01
 6.64888e-01
 6.64888e-01
 6.64888e-01
 6.64888e-01
 6.19496e-01
 6.19496e-01
 6.19496e-01
 6.19496e-01
 6.19496e-01
 5.73709e-01
 5.73709e-01
 5.73709e-01
 5.73709e-01
 5.73709e-01
 5.27883e-01
 5.27883e-01
 5.27883e-01
 5.27883e-01
 5.27883e-01
 4.82857e-01
 4.82857e-01
 4.82857e-01
 4.82857e-01
 4.82857e-01
 4.40965e-01
 4.40965e-01
 4.40965e-01
 4.40965e-01
 4.40965e-01
 4.09577e-01
 4.09577e-01
 4.09577e-01
 4.09577e-01
 4.09577e-01
 4.05272e-01
 4.05272e-01
 4.05272e-01
 4.05272e-01
 4.05272e-01
 4.16867e-01
 4.16867e-01
 4.16867e-01
 4.16867e-01
 4.16867e-01
 4.23216e-01
 4.23216e-01
 4.23216e-01
 4.23216e-01
 4.23216e-01
 4.24460e-01
 4.24460e-01
 4.24460e-01
 4.24460e-01
 4.24460e-01
 4.24685e-01
 4.24685e-01
 4.24685e-01
 4.24685e-01
 4.24685e-01
 2.41160e-01
 2.41160e-01
 2.41160e-01
 2.41160e-01
 2.41160e-01
 2.47658e-01
 2.47658e-01
 2.47658e-01
 2.47658e-01
 2.47658e-01
 2.51740e-01
 2.51740e-01
 2.51740e-01
 2.51740e-01
 2.51740e-01
 2.54542e-01
 2.54542e-01
 2.54542e-01
 2.54542e-01
 2.54542e-01
 2.56572e-01
 2.56572e-01
 2.56572e-01
 2.56572e-01
 2.56572e-01
 2.58111e-01
 2.58111e-01
 2.58111e-01
 2.58111e-01
 2.58111e-01
 2.59322e-01
 2.59322e-01
 2.59322e-01
 2.59322e-01
 2.59322e-01
 2.60306e-01
 2.60306e-01
 2.60306e-01
 2.60306e-01
 2.60306e-01
 2.61124e-01
 2.61124e-01
 2.61124e-01
 2.61124e-01
 2.61124e-01
 2.61811e-01
 2.61811e-01
 2.61811e-01
 2.61811e-01
 2.61811e-01
 2.62393e-01
 2.62393e-01
 2.62393e-01
 2.62393e-01
 2.62393e-01
 2.62886e-01
 2.62886e-01
 2.62886e-01
 2.62886e-01
 2.62886e-01
 2.63298e-01
 2.63298e-01
 2.63298e-01
 2.63298e-01
 2.63298e-01
 2.63634e-01
 2.63634e-01
 2.63634e-01
 2.63634e-01
 2.63634e-01
 2.63893e-01
 2.63893e-01
 2.63893e-01
 2.63893e-01
 2.63893e-01
 2.64072e-01
 2.64072e-01
 2.64072e-01
 2.64072e-01
 2.64072e-01
 2.64164e-01
 2.64164e-01
 2.64164e-01
 2.64164e-01
 2.64164e-01
 2.64153e-01
 2.64153e-01
 2.64153e-01
 2.64153e-01
 2.64153e-01
 2.64004e-01
 2.64004e-01
 2.64004e-01
 2.64004e-01
 2.64004e-01
 2.63648e-01
 2.63648e-01
 2.63648e-01
 2.63648e-01
 2.63648e-01
 2.62937e-01
 2.62937e-01
 2.62937e-01
 2.62937e-01
 2.62937e-01
 2.61590e-01
 2.61590e-01
 2.61590e-01
 2.61590e-01
 2.61590e-01
 2.59095e-01
 2.59095e-01
 2.59095e-01
 2.59095e-01
 2.59095e-01
 2.54633e-01
 2.54633e-01
 2.54633e-01
 2.54633e-01
 2.54633e-01
 2.47133e-01
 2.47133e-01
 2.47133e-01
 2.47133e-01
 2.47133e-01
 2.35609e-01
 2.35609e-01
 2.35609e-01
 2.35609e-01
 2.35609e-01
 2.19766e-01
 2.19766e-01
 2.19766e-01
 2.19766e-01
 2.19766e-01
 2.00514e-01
 2.00514e-01
 2.00514e-01
 2.00514e-01
 2.00514e-01
 1.79953e-01
 1.79953e-01
 1.79953e-01
 1.79953e-01
 1.79953e-01
 1.60756e-01
 1.60756e-01
 1.60756e-01
 1.60756e-01
 1.60756e-01
 1.45276e-01
 1.45276e-01
 1.45276e-01
 1.45276e-01
 1.45276e-01
 1.34772e-01
 1.34772e-01
 1.34772e-01
 1.34772e-01
 1.34772e-01
 1.28985e-01
 1.28985e-01
 1.28985e-01
 1.28985e-01
 1.28985e-01
 1.26425e-01
 1.26425e-01
 1.26425e-01
 1.26425e-01
 1.26425e-01
 1.25471e-01
 1.25471e-01
 1.25471e-01
 1.25471e-01
 1.25471e-01
 1.25150e-01
 1.25150e-01
 1.25150e-01
 1.25150e-01
 1.25150e-01
 1.25047e-01
 1.25047e-01
 1.25047e-01
 1.25047e-01
 1.25047e-01
 1.25014e-01
 1.25014e-01
 1.25014e-01
 1.25014e-01
 1.25014e-01
 1.25004e-01
 1.25004e-01
 1.25004e-01
 1.25004e-01
 1.25004e-01
 1.25001e-01
 1.25001e-01
 1.25001e-01
 1.25001e-01
 1.25001e-01
 1.25000e-01
 1.25000e-01
 1.25000e-01
 1.25000e-01
 1.25000e-01
 1.25000e-01
 1.25000e-01
 1.25000e-01
 1.25000e-01
 1.25000e-01
 1.25000e-01
 1.25000e-01
 1.25000e-01
 1.25000e-01
 1.25000e-01
 1.25000e-01
 1.25000e-01
 1.25000e-01
 1.25000e-01
 1.25000e-01
 1.25000e-01
 1.25000e-01
 1.25000e-01
 1.25000e-01
 1.25000e-01
 1.25000e-01
 1.25000e-01
 1.25000e-01
 1.25000e-01
 1.25000e-01
 1.25000e-01
 1.25000e-01
 1.25000e-01
 1.25000e-01
 1.25000e-01
 1.25000e-01
 1.25000e-01
 1.25000e-01
 1.25000e-01
 1.25000e-01
 1.25000e-01
 1.25000e-01
 1.25000e-01
 1.25000e-01
 1.25000e-01
 1.25000e-01
 1.25000e-01
 1.25000e-01
 1.25000e-01
 1.25000e-01
