NodeMass
part
         1
coordinates
 7.38670e-49
 2.55151e-45
 2.15537e-42
 7.93061e-40
 1.61150e-37
 2.06111e-35
 1.80344e-33
 1.14393e-31
 5.49007e-30
 2.06043e-28
 6.20790e-27
 1.53409e-25
 3.16778e-24
 5.54063e-23
 3.53904e-34
 3.84770e-31
 1.02586e-28
 1.19461e-26
 7.70303e-25
 3.13430e-23
 8.74497e-22
 1.77250e-20
 2.72340e-19
 3.27773e-18
 3.17188e-17
 2.52140e-16
 1.67932e-15
 9.48089e-15
 3.61400e-27
 2.15828e-24
 3.17370e-22
 2.04649e-20
 7.33494e-19
 1.66470e-17
 2.59888e-16
 2.95586e-15
 2.55526e-14
 1.73490e-13
 9.49889e-13
 4.28752e-12
 1.62993e-11
 5.28237e-11
 6.21134e-23
 2.35965e-20
 2.22444e-18
 9.26758e-17
 2.16266e-15
 3.21989e-14
 3.32255e-13
 2.51724e-12
 1.46178e-11
 6.73105e-11
 2.52802e-10
 7.93635e-10
 2.13440e-09
 4.99165e-09
 3.05790e-20
 7.96107e-18
 5.22720e-16
 1.54225e-14
 2.59196e-13
 2.82713e-12
 2.17474e-11
 1.25054e-10
 5.61607e-10
 2.03963e-09
 6.16749e-09
 1.59244e-08
 3.59886e-08
 7.21560e-08
 1.80750e-18
 3.47820e-16
 1.73683e-14
 4.00378e-13
 5.38911e-12
 4.81252e-11
 3.08911e-10
 1.50601e-09
 5.80787e-09
 1.82952e-08
 4.83642e-08
 1.09919e-07
 2.20195e-07
 3.94568e-07
 3.21408e-17
 4.92765e-15
 2.02159e-13
 3.92458e-12
 4.53642e-11
 3.53327e-10
 2.00305e-09
 8.71487e-09
 3.02596e-08
 8.64770e-08
 2.08791e-07
 4.36046e-07
 8.06932e-07
 1.29529e-06
 2.81014e-16
 3.62321e-14
 1.28501e-12
 2.19955e-11
 2.27364e-10
 1.60008e-09
 8.26147e-09
 3.29507e-08
 1.05509e-07
 2.79805e-07
 6.31626e-07
 1.19841e-06
 1.88593e-06
 2.49862e-06
 1.54636e-15
 1.74130e-13
 5.51833e-12
 8.57099e-11
 8.12402e-10
 5.28111e-09
 2.53239e-08
 9.42482e-08
 2.83018e-07
 7.07462e-07
 1.42308e-06
 2.25229e-06
 2.89084e-06
 3.20120e-06
 6.12259e-15
 6.19665e-13
 1.79706e-11
 2.58412e-10
 2.28521e-09
 1.39318e-08
 6.28970e-08
 2.21277e-07
 6.31251e-07
 1.41202e-06
 2.36176e-06
 3.05532e-06
 3.31720e-06
 3.23811e-06
 1.89055e-14
 1.76037e-12
 4.75890e-11
 6.43279e-10
 5.37660e-09
 3.10794e-08
 1.33262e-07
 4.46463e-07
 1.17682e-06
 2.22018e-06
 3.04924e-06
 3.37804e-06
 3.28154e-06
 2.81485e-06
 4.79632e-14
 4.19167e-12
 1.07232e-10
 1.37934e-09
 1.10133e-08
 6.09708e-08
 2.50602e-07
 8.02884e-07
 1.84385e-06
 2.88630e-06
 3.39050e-06
 3.37734e-06
 2.89677e-06
 2.06185e-06
 1.03576e-13
 8.64848e-12
 2.12063e-10
 2.62144e-09
 2.01544e-08
 1.07646e-07
 4.28422e-07
 1.26984e-06
 2.46455e-06
 3.29390e-06
 3.48247e-06
 3.11254e-06
 2.24450e-06
 1.32062e-06
 1.95143e-13
 1.58272e-11
 3.76276e-10
 4.50981e-09
 3.36288e-08
 1.74300e-07
 6.73134e-07
 1.76633e-06
 2.93003e-06
 3.47647e-06
 3.36681e-06
 2.61966e-06
 1.58281e-06
 8.71460e-07
 3.26386e-13
 2.61235e-11
 6.08577e-10
 7.12911e-09
 5.18739e-08
 2.61455e-07
 9.68557e-07
 2.22181e-06
 3.24252e-06
 3.52543e-06
 3.09186e-06
 2.06986e-06
 1.12498e-06
 6.91797e-07
 4.90514e-13
 3.93578e-11
 9.07478e-10
 1.04647e-08
 7.47188e-08
 3.69225e-07
 1.28593e-06
 2.60731e-06
 3.43903e-06
 3.47580e-06
 2.72065e-06
 1.59692e-06
 8.81389e-07
 6.63339e-07
 6.69595e-13
 5.45963e-11
 1.25819e-09
 1.43835e-08
 1.01387e-07
 4.94965e-07
 1.58838e-06
 2.90778e-06
 3.55089e-06
 3.33764e-06
 2.33763e-06
 1.26248e-06
 7.76348e-07
 7.26744e-07
 8.35367e-13
 7.04672e-11
 1.63474e-09
 1.86473e-08
 1.30799e-07
 6.31078e-07
 1.85327e-06
 3.12409e-06
 3.60067e-06
 3.14854e-06
 2.00781e-06
 1.06677e-06
 7.52631e-07
 8.79162e-07
 9.50522e-13
 8.50139e-11
 2.00887e-09
 2.30439e-08
 1.60353e-07
 7.64309e-07
 2.08291e-06
 3.28763e-06
 3.61539e-06
 2.95123e-06
 1.74168e-06
 9.59634e-07
 7.82314e-07
 1.12165e-06
 9.76485e-13
 9.52279e-11
 2.32907e-09
 2.69052e-08
 1.88238e-07
 8.85597e-07
 2.27079e-06
 3.41171e-06
 3.60759e-06
 2.77321e-06
 1.54798e-06
 9.05369e-07
 8.47969e-07
 1.44162e-06
 9.01647e-13
 9.77034e-11
 2.53548e-09
 3.01131e-08
 2.11502e-07
 9.81406e-07
 2.41478e-06
 3.50810e-06
 3.58899e-06
 2.63446e-06
 1.42303e-06
 8.79225e-07
 9.34694e-07
 1.81534e-06
 7.43008e-13
 9.22287e-11
 2.56894e-09
 3.18501e-08
 2.27515e-07
 1.05305e-06
 2.52650e-06
 3.58904e-06
 3.57755e-06
 2.53739e-06
 1.34646e-06
 8.71003e-07
 1.02421e-06
 2.14403e-06
 5.31511e-13
 8.03482e-11
 2.42973e-09
 3.14715e-08
 2.32617e-07
 1.09255e-06
 2.59960e-06
 3.65691e-06
 3.59581e-06
 2.49511e-06
 1.30477e-06
 8.67346e-07
 1.09633e-06
 2.38658e-06
 3.13975e-13
 6.33157e-11
 2.15757e-09
 2.96513e-08
 2.26290e-07
 1.08841e-06
 2.63333e-06
 3.72303e-06
 3.64810e-06
 2.51327e-06
 1.29802e-06
 8.60722e-07
 1.11926e-06
 2.48660e-06
 1.37745e-13
 4.33751e-11
 1.77397e-09
 2.64784e-08
 2.11805e-07
 1.05308e-06
 2.62753e-06
 3.77818e-06
 3.73010e-06
 2.58071e-06
 1.32136e-06
 8.53319e-07
 1.08593e-06
 2.41414e-06
 3.83201e-14
 2.45167e-11
 1.32832e-09
 2.23175e-08
 1.89795e-07
 9.87086e-07
 2.57499e-06
 3.81357e-06
 3.84165e-06
 2.70419e-06
 1.38099e-06
 8.46666e-07
 1.01656e-06
 2.23038e-06
 6.63328e-15
 1.17326e-11
 9.13429e-10
 1.78379e-08
 1.63499e-07
 8.95215e-07
 2.47933e-06
 3.82784e-06
 3.97127e-06
 2.88706e-06
 1.49650e-06
 8.53876e-07
 9.26390e-07
 1.94820e-06
 7.38670e-49
 2.55151e-45
 2.15537e-42
 7.93061e-40
 1.61150e-37
 2.06111e-35
 1.80344e-33
 1.14393e-31
 5.49007e-30
 2.06043e-28
 6.20790e-27
 1.53409e-25
 3.16778e-24
 5.54063e-23
 3.53904e-34
 3.84770e-31
 1.02586e-28
 1.19461e-26
 7.70303e-25
 3.13430e-23
 8.74497e-22
 1.77250e-20
 2.72340e-19
 3.27773e-18
 3.17188e-17
 2.52140e-16
 1.67932e-15
 9.48089e-15
 3.61400e-27
 2.15828e-24
 3.17370e-22
 2.04649e-20
 7.33494e-19
 1.66470e-17
 2.59888e-16
 2.95586e-15
 2.55526e-14
 1.73490e-13
 9.49889e-13
 4.28752e-12
 1.62993e-11
 5.28237e-11
 6.21134e-23
 2.35965e-20
 2.22444e-18
 9.26758e-17
 2.16266e-15
 3.21989e-14
 3.32255e-13
 2.51724e-12
 1.46178e-11
 6.73105e-11
 2.52802e-10
 7.93635e-10
 2.13440e-09
 4.99165e-09
 3.05790e-20
 7.96107e-18
 5.22720e-16
 1.54225e-14
 2.59196e-13
 2.82713e-12
 2.17474e-11
 1.25054e-10
 5.61607e-10
 2.03963e-09
 6.16749e-09
 1.59244e-08
 3.59886e-08
 7.21560e-08
 1.80750e-18
 3.47820e-16
 1.73683e-14
 4.00378e-13
 5.38911e-12
 4.81252e-11
 3.08911e-10
 1.50601e-09
 5.80787e-09
 1.82952e-08
 4.83642e-08
 1.09919e-07
 2.20195e-07
 3.94568e-07
 3.21408e-17
 4.92765e-15
 2.02159e-13
 3.92458e-12
 4.53642e-11
 3.53327e-10
 2.00305e-09
 8.71487e-09
 3.02596e-08
 8.64770e-08
 2.08791e-07
 4.36046e-07
 8.06932e-07
 1.29529e-06
 2.81014e-16
 3.62321e-14
 1.28501e-12
 2.19955e-11
 2.27364e-10
 1.60008e-09
 8.26147e-09
 3.29507e-08
 1.05509e-07
 2.79805e-07
 6.31626e-07
 1.19841e-06
 1.88593e-06
 2.49862e-06
 1.54636e-15
 1.74130e-13
 5.51833e-12
 8.57099e-11
 8.12402e-10
 5.28111e-09
 2.53239e-08
 9.42482e-08
 2.83018e-07
 7.07462e-07
 1.42308e-06
 2.25229e-06
 2.89084e-06
 3.20120e-06
 6.12259e-15
 6.19665e-13
 1.79706e-11
 2.58412e-10
 2.28521e-09
 1.39318e-08
 6.28970e-08
 2.21277e-07
 6.31251e-07
 1.41202e-06
 2.36176e-06
 3.05532e-06
 3.31720e-06
 3.23811e-06
 1.89055e-14
 1.76037e-12
 4.75890e-11
 6.43279e-10
 5.37660e-09
 3.10794e-08
 1.33262e-07
 4.46463e-07
 1.17682e-06
 2.22018e-06
 3.04924e-06
 3.37804e-06
 3.28154e-06
 2.81485e-06
 4.79632e-14
 4.19167e-12
 1.07232e-10
 1.37934e-09
 1.10133e-08
 6.09708e-08
 2.50602e-07
 8.02884e-07
 1.84385e-06
 2.88630e-06
 3.39050e-06
 3.37734e-06
 2.89677e-06
 2.06185e-06
 1.03576e-13
 8.64848e-12
 2.12063e-10
 2.62144e-09
 2.01544e-08
 1.07646e-07
 4.28422e-07
 1.26984e-06
 2.46455e-06
 3.29390e-06
 3.48247e-06
 3.11254e-06
 2.24450e-06
 1.32062e-06
 1.95143e-13
 1.58272e-11
 3.76276e-10
 4.50981e-09
 3.36288e-08
 1.74300e-07
 6.73134e-07
 1.76633e-06
 2.93003e-06
 3.47647e-06
 3.36681e-06
 2.61966e-06
 1.58281e-06
 8.71460e-07
 3.26386e-13
 2.61235e-11
 6.08577e-10
 7.12911e-09
 5.18739e-08
 2.61455e-07
 9.68557e-07
 2.22181e-06
 3.24252e-06
 3.52543e-06
 3.09186e-06
 2.06986e-06
 1.12498e-06
 6.91797e-07
 4.90514e-13
 3.93578e-11
 9.07478e-10
 1.04647e-08
 7.47188e-08
 3.69225e-07
 1.28593e-06
 2.60731e-06
 3.43903e-06
 3.47580e-06
 2.72065e-06
 1.59692e-06
 8.81389e-07
 6.63339e-07
 6.69595e-13
 5.45963e-11
 1.25819e-09
 1.43835e-08
 1.01387e-07
 4.94965e-07
 1.58838e-06
 2.90778e-06
 3.55089e-06
 3.33764e-06
 2.33763e-06
 1.26248e-06
 7.76348e-07
 7.26744e-07
 8.35367e-13
 7.04672e-11
 1.63474e-09
 1.86473e-08
 1.30799e-07
 6.31078e-07
 1.85327e-06
 3.12409e-06
 3.60067e-06
 3.14854e-06
 2.00781e-06
 1.06677e-06
 7.52631e-07
 8.79162e-07
 9.50522e-13
 8.50139e-11
 2.00887e-09
 2.30439e-08
 1.60353e-07
 7.64309e-07
 2.08291e-06
 3.28763e-06
 3.61539e-06
 2.95123e-06
 1.74168e-06
 9.59634e-07
 7.82314e-07
 1.12165e-06
 9.76485e-13
 9.52279e-11
 2.32907e-09
 2.69052e-08
 1.88238e-07
 8.85597e-07
 2.27079e-06
 3.41171e-06
 3.60759e-06
 2.77321e-06
 1.54798e-06
 9.05369e-07
 8.47969e-07
 1.44162e-06
 9.01647e-13
 9.77034e-11
 2.53548e-09
 3.01131e-08
 2.11502e-07
 9.81406e-07
 2.41478e-06
 3.50810e-06
 3.58899e-06
 2.63446e-06
 1.42303e-06
 8.79225e-07
 9.34694e-07
 1.81534e-06
 7.43008e-13
 9.22287e-11
 2.56894e-09
 3.18501e-08
 2.27515e-07
 1.05305e-06
 2.52650e-06
 3.58904e-06
 3.57755e-06
 2.53739e-06
 1.34646e-06
 8.71003e-07
 1.02421e-06
 2.14403e-06
 5.31511e-13
 8.03482e-11
 2.42973e-09
 3.14715e-08
 2.32617e-07
 1.09255e-06
 2.59960e-06
 3.65691e-06
 3.59581e-06
 2.49511e-06
 1.30477e-06
 8.67346e-07
 1.09633e-06
 2.38658e-06
 3.13975e-13
 6.33157e-11
 2.15757e-09
 2.96513e-08
 2.26290e-07
 1.08841e-06
 2.63333e-06
 3.72303e-06
 3.64810e-06
 2.51327e-06
 1.29802e-06
 8.60722e-07
 1.11926e-06
 2.48660e-06
 1.37745e-13
 4.33751e-11
 1.77397e-09
 2.64784e-08
 2.11805e-07
 1.05308e-06
 2.62753e-06
 3.77818e-06
 3.73010e-06
 2.58071e-06
 1.32136e-06
 8.53319e-07
 1.08593e-06
 2.41414e-06
 3.83201e-14
 2.45167e-11
 1.32832e-09
 2.23175e-08
 1.89795e-07
 9.87086e-07
 2.57499e-06
 3.81357e-06
 3.84165e-06
 2.70419e-06
 1.38099e-06
 8.46666e-07
 1.01656e-06
 2.23038e-06
 6.63328e-15
 1.17326e-11
 9.13429e-10
 1.78379e-08
 1.63499e-07
 8.95215e-07
 2.47933e-06
 3.82784e-06
 3.97127e-06
 2.88706e-06
 1.49650e-06
 8.53876e-07
 9.26390e-07
 1.94820e-06
part
         2
coordinates
 1.53409e-25
 3.16778e-24
 5.54063e-23
 8.32152e-22
 1.08524e-20
 1.24085e-19
 1.25435e-18
 1.12914e-17
 9.10667e-17
 6.61346e-16
 4.34152e-15
 2.58314e-14
 1.39473e-13
 6.83832e-13
 3.02923e-12
 2.52140e-16
 1.67932e-15
 9.48089e-15
 4.60695e-14
 1.94984e-13
 7.26443e-13
 2.40552e-12
 7.14245e-12
 1.91702e-11
 4.68559e-11
 1.05010e-10
 2.17174e-10
 4.17119e-10
 7.50261e-10
 1.26394e-09
 4.28752e-12
 1.62993e-11
 5.28237e-11
 1.48614e-10
 3.68409e-10
 8.15751e-10
 1.63462e-09
 3.00035e-09
 5.10071e-09
 8.11186e-09
 1.21764e-08
 1.73908e-08
 2.38068e-08
 3.13953e-08
 3.95400e-08
 7.93635e-10
 2.13440e-09
 4.99165e-09
 1.03728e-08
 1.94879e-08
 3.35722e-08
 5.36805e-08
 8.04513e-08
 1.14006e-07
 1.54151e-07
 2.00758e-07
 2.52164e-07
 3.04578e-07
 3.54953e-07
 3.99745e-07
 1.59244e-08
 3.59886e-08
 7.21560e-08
 1.30790e-07
 2.17048e-07
 3.32534e-07
 4.74105e-07
 6.32103e-07
 7.95758e-07
 9.56466e-07
 1.10290e-06
 1.22339e-06
 1.31325e-06
 1.37591e-06
 1.41411e-06
 1.09919e-07
 2.20195e-07
 3.94568e-07
 6.46144e-07
 9.70823e-07
 1.32746e-06
 1.65923e-06
 1.92791e-06
 2.12539e-06
 2.26559e-06
 2.34333e-06
 2.36432e-06
 2.35435e-06
 2.31578e-06
 2.25513e-06
 4.36046e-07
 8.06932e-07
 1.29529e-06
 1.80826e-06
 2.26055e-06
 2.59715e-06
 2.79860e-06
 2.86758e-06
 2.84650e-06
 2.76554e-06
 2.61314e-06
 2.42789e-06
 2.25309e-06
 2.08613e-06
 1.93423e-06
 1.19841e-06
 1.88593e-06
 2.49862e-06
 2.91092e-06
 3.09649e-06
 3.07964e-06
 2.92006e-06
 2.65096e-06
 2.34212e-06
 2.03748e-06
 1.73599e-06
 1.47462e-06
 1.26524e-06
 1.09969e-06
 9.75255e-07
 2.25229e-06
 2.89084e-06
 3.20120e-06
 3.21515e-06
 3.00678e-06
 2.63498e-06
 2.17818e-06
 1.71425e-06
 1.30234e-06
 9.81225e-07
 7.43162e-07
 5.79948e-07
 4.75121e-07
 4.11393e-07
 3.75135e-07
 3.05532e-06
 3.31720e-06
 3.23811e-06
 2.87192e-06
 2.30977e-06
 1.69903e-06
 1.16328e-06
 7.80250e-07
 5.36141e-07
 4.02097e-07
 3.34967e-07
 3.08824e-07
 3.10202e-07
 3.25197e-07
 3.45305e-07
 3.37804e-06
 3.28154e-06
 2.81485e-06
 2.09310e-06
 1.37684e-06
 8.51464e-07
 5.45630e-07
 4.03917e-07
 3.56121e-07
 3.76023e-07
 4.43903e-07
 5.46451e-07
 6.69627e-07
 7.92958e-07
 9.02143e-07
 3.37734e-06
 2.89677e-06
 2.06185e-06
 1.25762e-06
 7.42370e-07
 4.99586e-07
 4.25981e-07
 4.64310e-07
 6.04492e-07
 8.52262e-07
 1.19045e-06
 1.56657e-06
 1.93441e-06
 2.25644e-06
 2.49768e-06
 3.11254e-06
 2.24450e-06
 1.32062e-06
 7.57992e-07
 5.29562e-07
 4.98150e-07
 6.19605e-07
 9.27806e-07
 1.43922e-06
 2.10131e-06
 2.81314e-06
 3.46101e-06
 3.97627e-06
 4.34426e-06
 4.56787e-06
 2.61966e-06
 1.58281e-06
 8.71460e-07
 5.92399e-07
 5.64468e-07
 7.48575e-07
 1.22007e-06
 2.01405e-06
 3.00751e-06
 3.98183e-06
 4.77343e-06
 5.32574e-06
 5.66119e-06
 5.83191e-06
 5.87905e-06
 2.06986e-06
 1.12498e-06
 6.91797e-07
 6.11414e-07
 7.95999e-07
 1.36159e-06
 2.37901e-06
 3.65780e-06
 4.82163e-06
 5.64003e-06
 6.10609e-06
 6.31466e-06
 6.35167e-06
 6.29492e-06
 6.19792e-06
 1.59692e-06
 8.81389e-07
 6.63339e-07
 7.68274e-07
 1.30171e-06
 2.43170e-06
 3.93080e-06
 5.25073e-06
 6.07064e-06
 6.44280e-06
 6.50862e-06
 6.37762e-06
 6.10693e-06
 5.77861e-06
 5.49656e-06
 1.26248e-06
 7.76348e-07
 7.26744e-07
 1.09029e-06
 2.14001e-06
 3.78013e-06
 5.30578e-06
 6.20020e-06
 6.53326e-06
 6.49135e-06
 6.11658e-06
 5.49579e-06
 4.79745e-06
 4.16821e-06
 3.71640e-06
 1.06677e-06
 7.52631e-07
 8.79162e-07
 1.62766e-06
 3.20895e-06
 4.98605e-06
 6.11437e-06
 6.53498e-06
 6.47556e-06
 5.93321e-06
 4.95407e-06
 3.85212e-06
 2.92464e-06
 2.27312e-06
 1.88406e-06
 9.59634e-07
 7.82314e-07
 1.12165e-06
 2.34176e-06
 4.24318e-06
 5.78631e-06
 6.47420e-06
 6.53575e-06
 6.00572e-06
 4.81596e-06
 3.38569e-06
 2.23186e-06
 1.48134e-06
 1.05132e-06
 8.29152e-07
 9.05369e-07
 8.47969e-07
 1.44162e-06
 3.06768e-06
 5.02809e-06
 6.22019e-06
 6.58963e-06
 6.30124e-06
 5.16349e-06
 3.48900e-06
 2.06931e-06
 1.18771e-06
 7.05073e-07
 4.57992e-07
 3.44990e-07
 8.79225e-07
 9.34694e-07
 1.81534e-06
 3.70726e-06
 5.55569e-06
 6.44650e-06
 6.56658e-06
 5.85724e-06
 4.18568e-06
 2.40335e-06
 1.25661e-06
 6.40147e-07
 3.39156e-07
 2.07368e-07
 1.59662e-07
 8.71003e-07
 1.02421e-06
 2.14403e-06
 4.17760e-06
 5.88053e-06
 6.57163e-06
 6.48138e-06
 5.34355e-06
 3.37778e-06
 1.73271e-06
 8.20350e-07
 3.74210e-07
 1.83595e-07
 1.16621e-07
 1.04243e-07
 8.67346e-07
 1.09633e-06
 2.38658e-06
 4.49054e-06
 6.07597e-06
 6.64574e-06
 6.37205e-06
 4.89976e-06
 2.82939e-06
 1.36020e-06
 5.95436e-07
 2.51915e-07
 1.23674e-07
 9.01864e-08
 1.05305e-07
 8.60722e-07
 1.11926e-06
 2.48660e-06
 4.63413e-06
 6.18911e-06
 6.71378e-06
 6.34318e-06
 4.72735e-06
 2.62473e-06
 1.22742e-06
 5.21339e-07
 2.16582e-07
 1.10604e-07
 9.14977e-08
 1.39632e-07
 8.53319e-07
 1.08593e-06
 2.41414e-06
 4.57595e-06
 6.20787e-06
 6.78226e-06
 6.45159e-06
 4.88293e-06
 2.76803e-06
 1.32041e-06
 5.78149e-07
 2.50122e-07
 1.30756e-07
 1.08802e-07
 1.83647e-07
 8.46666e-07
 1.01656e-06
 2.23038e-06
 4.37100e-06
 6.12861e-06
 6.83764e-06
 6.64970e-06
 5.26350e-06
 3.18770e-06
 1.61535e-06
 7.68285e-07
 3.72582e-07
 2.13099e-07
 1.76124e-07
 2.72630e-07
 8.53876e-07
 9.26390e-07
 1.94820e-06
 3.99089e-06
 5.90673e-06
 6.82918e-06
 6.86731e-06
 5.83753e-06
 3.95381e-06
 2.24197e-06
 1.20623e-06
 6.87845e-07
 4.59632e-07
 4.14997e-07
 5.62777e-07
 1.53409e-25
 3.16778e-24
 5.54063e-23
 8.32152e-22
 1.08524e-20
 1.24085e-19
 1.25435e-18
 1.12914e-17
 9.10667e-17
 6.61346e-16
 4.34152e-15
 2.58314e-14
 1.39473e-13
 6.83832e-13
 3.02923e-12
 2.52140e-16
 1.67932e-15
 9.48089e-15
 4.60695e-14
 1.94984e-13
 7.26443e-13
 2.40552e-12
 7.14245e-12
 1.91702e-11
 4.68559e-11
 1.05010e-10
 2.17174e-10
 4.17119e-10
 7.50261e-10
 1.26394e-09
 4.28752e-12
 1.62993e-11
 5.28237e-11
 1.48614e-10
 3.68409e-10
 8.15751e-10
 1.63462e-09
 3.00035e-09
 5.10071e-09
 8.11186e-09
 1.21764e-08
 1.73908e-08
 2.38068e-08
 3.13953e-08
 3.95400e-08
 7.93635e-10
 2.13440e-09
 4.99165e-09
 1.03728e-08
 1.94879e-08
 3.35722e-08
 5.36805e-08
 8.04513e-08
 1.14006e-07
 1.54151e-07
 2.00758e-07
 2.52164e-07
 3.04578e-07
 3.54953e-07
 3.99745e-07
 1.59244e-08
 3.59886e-08
 7.21560e-08
 1.30790e-07
 2.17048e-07
 3.32534e-07
 4.74105e-07
 6.32103e-07
 7.95758e-07
 9.56466e-07
 1.10290e-06
 1.22339e-06
 1.31325e-06
 1.37591e-06
 1.41411e-06
 1.09919e-07
 2.20195e-07
 3.94568e-07
 6.46144e-07
 9.70823e-07
 1.32746e-06
 1.65923e-06
 1.92791e-06
 2.12539e-06
 2.26559e-06
 2.34333e-06
 2.36432e-06
 2.35435e-06
 2.31578e-06
 2.25513e-06
 4.36046e-07
 8.06932e-07
 1.29529e-06
 1.80826e-06
 2.26055e-06
 2.59715e-06
 2.79860e-06
 2.86758e-06
 2.84650e-06
 2.76554e-06
 2.61314e-06
 2.42789e-06
 2.25309e-06
 2.08613e-06
 1.93423e-06
 1.19841e-06
 1.88593e-06
 2.49862e-06
 2.91092e-06
 3.09649e-06
 3.07964e-06
 2.92006e-06
 2.65096e-06
 2.34212e-06
 2.03748e-06
 1.73599e-06
 1.47462e-06
 1.26524e-06
 1.09969e-06
 9.75255e-07
 2.25229e-06
 2.89084e-06
 3.20120e-06
 3.21515e-06
 3.00678e-06
 2.63498e-06
 2.17818e-06
 1.71425e-06
 1.30234e-06
 9.81225e-07
 7.43162e-07
 5.79948e-07
 4.75121e-07
 4.11393e-07
 3.75135e-07
 3.05532e-06
 3.31720e-06
 3.23811e-06
 2.87192e-06
 2.30977e-06
 1.69903e-06
 1.16328e-06
 7.80250e-07
 5.36141e-07
 4.02097e-07
 3.34967e-07
 3.08824e-07
 3.10202e-07
 3.25197e-07
 3.45305e-07
 3.37804e-06
 3.28154e-06
 2.81485e-06
 2.09310e-06
 1.37684e-06
 8.51464e-07
 5.45630e-07
 4.03917e-07
 3.56121e-07
 3.76023e-07
 4.43903e-07
 5.46451e-07
 6.69627e-07
 7.92958e-07
 9.02143e-07
 3.37734e-06
 2.89677e-06
 2.06185e-06
 1.25762e-06
 7.42370e-07
 4.99586e-07
 4.25981e-07
 4.64310e-07
 6.04492e-07
 8.52262e-07
 1.19045e-06
 1.56657e-06
 1.93441e-06
 2.25644e-06
 2.49768e-06
 3.11254e-06
 2.24450e-06
 1.32062e-06
 7.57992e-07
 5.29562e-07
 4.98150e-07
 6.19605e-07
 9.27806e-07
 1.43922e-06
 2.10131e-06
 2.81314e-06
 3.46101e-06
 3.97627e-06
 4.34426e-06
 4.56787e-06
 2.61966e-06
 1.58281e-06
 8.71460e-07
 5.92399e-07
 5.64468e-07
 7.48575e-07
 1.22007e-06
 2.01405e-06
 3.00751e-06
 3.98183e-06
 4.77343e-06
 5.32574e-06
 5.66119e-06
 5.83191e-06
 5.87905e-06
 2.06986e-06
 1.12498e-06
 6.91797e-07
 6.11414e-07
 7.95999e-07
 1.36159e-06
 2.37901e-06
 3.65780e-06
 4.82163e-06
 5.64003e-06
 6.10609e-06
 6.31466e-06
 6.35167e-06
 6.29492e-06
 6.19792e-06
 1.59692e-06
 8.81389e-07
 6.63339e-07
 7.68274e-07
 1.30171e-06
 2.43170e-06
 3.93080e-06
 5.25073e-06
 6.07064e-06
 6.44280e-06
 6.50862e-06
 6.37762e-06
 6.10693e-06
 5.77861e-06
 5.49656e-06
 1.26248e-06
 7.76348e-07
 7.26744e-07
 1.09029e-06
 2.14001e-06
 3.78013e-06
 5.30578e-06
 6.20020e-06
 6.53326e-06
 6.49135e-06
 6.11658e-06
 5.49579e-06
 4.79745e-06
 4.16821e-06
 3.71640e-06
 1.06677e-06
 7.52631e-07
 8.79162e-07
 1.62766e-06
 3.20895e-06
 4.98605e-06
 6.11437e-06
 6.53498e-06
 6.47556e-06
 5.93321e-06
 4.95407e-06
 3.85212e-06
 2.92464e-06
 2.27312e-06
 1.88406e-06
 9.59634e-07
 7.82314e-07
 1.12165e-06
 2.34176e-06
 4.24318e-06
 5.78631e-06
 6.47420e-06
 6.53575e-06
 6.00572e-06
 4.81596e-06
 3.38569e-06
 2.23186e-06
 1.48134e-06
 1.05132e-06
 8.29152e-07
 9.05369e-07
 8.47969e-07
 1.44162e-06
 3.06768e-06
 5.02809e-06
 6.22019e-06
 6.58963e-06
 6.30124e-06
 5.16349e-06
 3.48900e-06
 2.06931e-06
 1.18771e-06
 7.05073e-07
 4.57992e-07
 3.44990e-07
 8.79225e-07
 9.34694e-07
 1.81534e-06
 3.70726e-06
 5.55569e-06
 6.44650e-06
 6.56658e-06
 5.85724e-06
 4.18568e-06
 2.40335e-06
 1.25661e-06
 6.40147e-07
 3.39156e-07
 2.07368e-07
 1.59662e-07
 8.71003e-07
 1.02421e-06
 2.14403e-06
 4.17760e-06
 5.88053e-06
 6.57163e-06
 6.48138e-06
 5.34355e-06
 3.37778e-06
 1.73271e-06
 8.20350e-07
 3.74210e-07
 1.83595e-07
 1.16621e-07
 1.04243e-07
 8.67346e-07
 1.09633e-06
 2.38658e-06
 4.49054e-06
 6.07597e-06
 6.64574e-06
 6.37205e-06
 4.89976e-06
 2.82939e-06
 1.36020e-06
 5.95436e-07
 2.51915e-07
 1.23674e-07
 9.01864e-08
 1.05305e-07
 8.60722e-07
 1.11926e-06
 2.48660e-06
 4.63413e-06
 6.18911e-06
 6.71378e-06
 6.34318e-06
 4.72735e-06
 2.62473e-06
 1.22742e-06
 5.21339e-07
 2.16582e-07
 1.10604e-07
 9.14977e-08
 1.39632e-07
 8.53319e-07
 1.08593e-06
 2.41414e-06
 4.57595e-06
 6.20787e-06
 6.78226e-06
 6.45159e-06
 4.88293e-06
 2.76803e-06
 1.32041e-06
 5.78149e-07
 2.50122e-07
 1.30756e-07
 1.08802e-07
 1.83647e-07
 8.46666e-07
 1.01656e-06
 2.23038e-06
 4.37100e-06
 6.12861e-06
 6.83764e-06
 6.64970e-06
 5.26350e-06
 3.18770e-06
 1.61535e-06
 7.68285e-07
 3.72582e-07
 2.13099e-07
 1.76124e-07
 2.72630e-07
 8.53876e-07
 9.26390e-07
 1.94820e-06
 3.99089e-06
 5.90673e-06
 6.82918e-06
 6.86731e-06
 5.83753e-06
 3.95381e-06
 2.24197e-06
 1.20623e-06
 6.87845e-07
 4.59632e-07
 4.14997e-07
 5.62777e-07
part
         3
coordinates
 1.39473e-13
 6.83832e-13
 3.02923e-12
 8.98337e-12
 1.81374e-11
 2.83061e-11
 3.76245e-11
 4.45588e-11
 4.80367e-11
 4.75720e-11
 4.32451e-11
 3.62925e-11
 2.83161e-11
 2.04277e-11
 1.35101e-11
 8.10617e-12
 4.17119e-10
 7.50261e-10
 1.26394e-09
 1.87330e-09
 2.43691e-09
 2.88927e-09
 3.18287e-09
 3.30756e-09
 3.22664e-09
 2.94096e-09
 2.52564e-09
 2.05351e-09
 1.58178e-09
 1.14354e-09
 7.69343e-10
 4.76916e-10
 2.38068e-08
 3.13953e-08
 3.95400e-08
 4.71710e-08
 5.32197e-08
 5.70052e-08
 5.85767e-08
 5.72023e-08
 5.31393e-08
 4.73613e-08
 4.02075e-08
 3.26723e-08
 2.53493e-08
 1.86109e-08
 1.28607e-08
 8.28452e-09
 3.04578e-07
 3.54953e-07
 3.99745e-07
 4.34356e-07
 4.55794e-07
 4.64631e-07
 4.56960e-07
 4.32527e-07
 4.00458e-07
 3.58629e-07
 3.07822e-07
 2.55183e-07
 2.01814e-07
 1.50939e-07
 1.06912e-07
 7.16978e-08
 1.31325e-06
 1.37591e-06
 1.41411e-06
 1.41940e-06
 1.40017e-06
 1.37188e-06
 1.32444e-06
 1.25899e-06
 1.18748e-06
 1.10142e-06
 1.00003e-06
 8.92524e-07
 7.73659e-07
 6.43168e-07
 5.06061e-07
 3.70702e-07
 2.35435e-06
 2.31578e-06
 2.25513e-06
 2.17447e-06
 2.08599e-06
 2.00572e-06
 1.92715e-06
 1.84971e-06
 1.77473e-06
 1.69487e-06
 1.60696e-06
 1.51259e-06
 1.40265e-06
 1.27181e-06
 1.11636e-06
 9.36015e-07
 2.25309e-06
 2.08613e-06
 1.93423e-06
 1.80750e-06
 1.70583e-06
 1.62835e-06
 1.57148e-06
 1.53073e-06
 1.50929e-06
 1.50232e-06
 1.50144e-06
 1.50484e-06
 1.50260e-06
 1.48446e-06
 1.43417e-06
 1.34063e-06
 1.26524e-06
 1.09969e-06
 9.75255e-07
 8.86679e-07
 8.25562e-07
 7.86611e-07
 7.65608e-07
 7.58833e-07
 7.72976e-07
 8.06538e-07
 8.54587e-07
 9.20029e-07
 9.99022e-07
 1.08755e-06
 1.17465e-06
 1.24156e-06
 4.75121e-07
 4.11393e-07
 3.75135e-07
 3.55034e-07
 3.41654e-07
 3.30501e-07
 3.21235e-07
 3.14468e-07
 3.12710e-07
 3.18112e-07
 3.32832e-07
 3.62706e-07
 4.14195e-07
 4.94951e-07
 6.11360e-07
 7.53981e-07
 3.10202e-07
 3.25197e-07
 3.45305e-07
 3.63102e-07
 3.71643e-07
 3.62488e-07
 3.37426e-07
 3.03545e-07
 2.66585e-07
 2.32970e-07
 2.05353e-07
 1.87857e-07
 1.84098e-07
 1.97050e-07
 2.34425e-07
 3.06719e-07
 6.69627e-07
 7.92958e-07
 9.02143e-07
 9.80129e-07
 1.01672e-06
 9.81201e-07
 8.85918e-07
 7.57297e-07
 6.10659e-07
 4.72856e-07
 3.49794e-07
 2.52275e-07
 1.83456e-07
 1.41389e-07
 1.23475e-07
 1.29463e-07
 1.93441e-06
 2.25644e-06
 2.49768e-06
 2.63896e-06
 2.68990e-06
 2.60169e-06
 2.39635e-06
 2.09362e-06
 1.71073e-06
 1.31567e-06
 9.37364e-07
 6.27625e-07
 3.97809e-07
 2.40963e-07
 1.46187e-07
 9.85256e-08
 3.97627e-06
 4.34426e-06
 4.56787e-06
 4.67016e-06
 4.67403e-06
 4.55873e-06
 4.34234e-06
 4.00753e-06
 3.54081e-06
 2.95906e-06
 2.26442e-06
 1.56936e-06
 9.96526e-07
 5.83251e-07
 3.13569e-07
 1.59346e-07
 5.66119e-06
 5.83191e-06
 5.87905e-06
 5.85724e-06
 5.79993e-06
 5.70724e-06
 5.58433e-06
 5.40455e-06
 5.12378e-06
 4.68390e-06
 4.01696e-06
 3.13925e-06
 2.17750e-06
 1.32476e-06
 7.18942e-07
 3.51684e-07
 6.35167e-06
 6.29492e-06
 6.19792e-06
 6.09142e-06
 6.01538e-06
 5.96840e-06
 5.93772e-06
 5.89961e-06
 5.81177e-06
 5.63519e-06
 5.30262e-06
 4.70072e-06
 3.74301e-06
 2.55405e-06
 1.47513e-06
 7.40621e-07
 6.10693e-06
 5.77861e-06
 5.49656e-06
 5.29870e-06
 5.20733e-06
 5.27520e-06
 5.45215e-06
 5.64200e-06
 5.79329e-06
 5.85450e-06
 5.80870e-06
 5.59054e-06
 5.03617e-06
 3.98952e-06
 2.60986e-06
 1.39831e-06
 4.79745e-06
 4.16821e-06
 3.71640e-06
 3.46401e-06
 3.37668e-06
 3.53805e-06
 3.89497e-06
 4.37900e-06
 4.94995e-06
 5.43849e-06
 5.75384e-06
 5.85161e-06
 5.69477e-06
 5.10722e-06
 3.88150e-06
 2.33997e-06
 2.92464e-06
 2.27312e-06
 1.88406e-06
 1.70172e-06
 1.65147e-06
 1.78636e-06
 2.08862e-06
 2.59177e-06
 3.33857e-06
 4.22864e-06
 5.08499e-06
 5.64422e-06
 5.84555e-06
 5.68396e-06
 4.91107e-06
 3.42107e-06
 1.48134e-06
 1.05132e-06
 8.29152e-07
 7.33946e-07
 7.15014e-07
 7.96854e-07
 9.74753e-07
 1.28664e-06
 1.82250e-06
 2.66312e-06
 3.80034e-06
 4.91360e-06
 5.62295e-06
 5.83835e-06
 5.52051e-06
 4.38139e-06
 7.05073e-07
 4.57992e-07
 3.44990e-07
 3.04392e-07
 3.07046e-07
 3.54096e-07
 4.43620e-07
 6.09600e-07
 9.20298e-07
 1.47575e-06
 2.43291e-06
 3.76610e-06
 5.01825e-06
 5.71359e-06
 5.77935e-06
 5.06237e-06
 3.39156e-07
 2.07368e-07
 1.59662e-07
 1.53634e-07
 1.71754e-07
 2.02654e-07
 2.43618e-07
 3.19172e-07
 4.77372e-07
 8.02926e-07
 1.45025e-06
 2.60874e-06
 4.12428e-06
 5.32948e-06
 5.79665e-06
 5.46353e-06
 1.83595e-07
 1.16621e-07
 1.04243e-07
 1.23507e-07
 1.57133e-07
 1.84873e-07
 2.02825e-07
 2.28825e-07
 2.97326e-07
 4.70121e-07
 8.73106e-07
 1.73191e-06
 3.19039e-06
 4.75597e-06
 5.65431e-06
 5.65050e-06
 1.23674e-07
 9.01864e-08
 1.05305e-07
 1.65032e-07
 2.39153e-07
 2.87746e-07
 2.83578e-07
 2.51132e-07
 2.51980e-07
 3.31136e-07
 5.72571e-07
 1.16990e-06
 2.41286e-06
 4.11736e-06
 5.38805e-06
 5.68794e-06
 1.10604e-07
 9.14977e-08
 1.39632e-07
 2.78770e-07
 4.55311e-07
 5.77432e-07
 5.57556e-07
 4.16970e-07
 3.00732e-07
 2.95082e-07
 4.34080e-07
 8.52247e-07
 1.85333e-06
 3.52500e-06
 5.06826e-06
 5.64445e-06
 1.30756e-07
 1.08802e-07
 1.83647e-07
 4.27444e-07
 7.80277e-07
 1.04805e-06
 1.06146e-06
 7.90729e-07
 4.70676e-07
 3.30722e-07
 3.85387e-07
 6.88318e-07
 1.49747e-06
 3.06819e-06
 4.77628e-06
 5.56300e-06
 2.13099e-07
 1.76124e-07
 2.72630e-07
 6.13215e-07
 1.18066e-06
 1.64892e-06
 1.71846e-06
 1.32423e-06
 7.55713e-07
 4.30734e-07
 3.94954e-07
 6.16951e-07
 1.30334e-06
 2.76299e-06
 4.53577e-06
 5.45766e-06
 4.59632e-07
 4.14997e-07
 5.62777e-07
 1.01126e-06
 1.77701e-06
 2.38381e-06
 2.41783e-06
 1.87464e-06
 1.06753e-06
 5.53822e-07
 4.40324e-07
 6.05548e-07
 1.22030e-06
 2.60104e-06
 4.38012e-06
 5.36533e-06
 1.39473e-13
 6.83832e-13
 3.02923e-12
 8.98337e-12
 1.81374e-11
 2.83061e-11
 3.76245e-11
 4.45588e-11
 4.80367e-11
 4.75720e-11
 4.32451e-11
 3.62925e-11
 2.83161e-11
 2.04277e-11
 1.35101e-11
 8.10617e-12
 4.17119e-10
 7.50261e-10
 1.26394e-09
 1.87330e-09
 2.43691e-09
 2.88927e-09
 3.18287e-09
 3.30756e-09
 3.22664e-09
 2.94096e-09
 2.52564e-09
 2.05351e-09
 1.58178e-09
 1.14354e-09
 7.69343e-10
 4.76916e-10
 2.38068e-08
 3.13953e-08
 3.95400e-08
 4.71710e-08
 5.32197e-08
 5.70052e-08
 5.85767e-08
 5.72023e-08
 5.31393e-08
 4.73613e-08
 4.02075e-08
 3.26723e-08
 2.53493e-08
 1.86109e-08
 1.28607e-08
 8.28452e-09
 3.04578e-07
 3.54953e-07
 3.99745e-07
 4.34356e-07
 4.55794e-07
 4.64631e-07
 4.56960e-07
 4.32527e-07
 4.00458e-07
 3.58629e-07
 3.07822e-07
 2.55183e-07
 2.01814e-07
 1.50939e-07
 1.06912e-07
 7.16978e-08
 1.31325e-06
 1.37591e-06
 1.41411e-06
 1.41940e-06
 1.40017e-06
 1.37188e-06
 1.32444e-06
 1.25899e-06
 1.18748e-06
 1.10142e-06
 1.00003e-06
 8.92524e-07
 7.73659e-07
 6.43168e-07
 5.06061e-07
 3.70702e-07
 2.35435e-06
 2.31578e-06
 2.25513e-06
 2.17447e-06
 2.08599e-06
 2.00572e-06
 1.92715e-06
 1.84971e-06
 1.77473e-06
 1.69487e-06
 1.60696e-06
 1.51259e-06
 1.40265e-06
 1.27181e-06
 1.11636e-06
 9.36015e-07
 2.25309e-06
 2.08613e-06
 1.93423e-06
 1.80750e-06
 1.70583e-06
 1.62835e-06
 1.57148e-06
 1.53073e-06
 1.50929e-06
 1.50232e-06
 1.50144e-06
 1.50484e-06
 1.50260e-06
 1.48446e-06
 1.43417e-06
 1.34063e-06
 1.26524e-06
 1.09969e-06
 9.75255e-07
 8.86679e-07
 8.25562e-07
 7.86611e-07
 7.65608e-07
 7.58833e-07
 7.72976e-07
 8.06538e-07
 8.54587e-07
 9.20029e-07
 9.99022e-07
 1.08755e-06
 1.17465e-06
 1.24156e-06
 4.75121e-07
 4.11393e-07
 3.75135e-07
 3.55034e-07
 3.41654e-07
 3.30501e-07
 3.21235e-07
 3.14468e-07
 3.12710e-07
 3.18112e-07
 3.32832e-07
 3.62706e-07
 4.14195e-07
 4.94951e-07
 6.11360e-07
 7.53981e-07
 3.10202e-07
 3.25197e-07
 3.45305e-07
 3.63102e-07
 3.71643e-07
 3.62488e-07
 3.37426e-07
 3.03545e-07
 2.66585e-07
 2.32970e-07
 2.05353e-07
 1.87857e-07
 1.84098e-07
 1.97050e-07
 2.34425e-07
 3.06719e-07
 6.69627e-07
 7.92958e-07
 9.02143e-07
 9.80129e-07
 1.01672e-06
 9.81201e-07
 8.85918e-07
 7.57297e-07
 6.10659e-07
 4.72856e-07
 3.49794e-07
 2.52275e-07
 1.83456e-07
 1.41389e-07
 1.23475e-07
 1.29463e-07
 1.93441e-06
 2.25644e-06
 2.49768e-06
 2.63896e-06
 2.68990e-06
 2.60169e-06
 2.39635e-06
 2.09362e-06
 1.71073e-06
 1.31567e-06
 9.37364e-07
 6.27625e-07
 3.97809e-07
 2.40963e-07
 1.46187e-07
 9.85256e-08
 3.97627e-06
 4.34426e-06
 4.56787e-06
 4.67016e-06
 4.67403e-06
 4.55873e-06
 4.34234e-06
 4.00753e-06
 3.54081e-06
 2.95906e-06
 2.26442e-06
 1.56936e-06
 9.96526e-07
 5.83251e-07
 3.13569e-07
 1.59346e-07
 5.66119e-06
 5.83191e-06
 5.87905e-06
 5.85724e-06
 5.79993e-06
 5.70724e-06
 5.58433e-06
 5.40455e-06
 5.12378e-06
 4.68390e-06
 4.01696e-06
 3.13925e-06
 2.17750e-06
 1.32476e-06
 7.18942e-07
 3.51684e-07
 6.35167e-06
 6.29492e-06
 6.19792e-06
 6.09142e-06
 6.01538e-06
 5.96840e-06
 5.93772e-06
 5.89961e-06
 5.81177e-06
 5.63519e-06
 5.30262e-06
 4.70072e-06
 3.74301e-06
 2.55405e-06
 1.47513e-06
 7.40621e-07
 6.10693e-06
 5.77861e-06
 5.49656e-06
 5.29870e-06
 5.20733e-06
 5.27520e-06
 5.45215e-06
 5.64200e-06
 5.79329e-06
 5.85450e-06
 5.80870e-06
 5.59054e-06
 5.03617e-06
 3.98952e-06
 2.60986e-06
 1.39831e-06
 4.79745e-06
 4.16821e-06
 3.71640e-06
 3.46401e-06
 3.37668e-06
 3.53805e-06
 3.89497e-06
 4.37900e-06
 4.94995e-06
 5.43849e-06
 5.75384e-06
 5.85161e-06
 5.69477e-06
 5.10722e-06
 3.88150e-06
 2.33997e-06
 2.92464e-06
 2.27312e-06
 1.88406e-06
 1.70172e-06
 1.65147e-06
 1.78636e-06
 2.08862e-06
 2.59177e-06
 3.33857e-06
 4.22864e-06
 5.08499e-06
 5.64422e-06
 5.84555e-06
 5.68396e-06
 4.91107e-06
 3.42107e-06
 1.48134e-06
 1.05132e-06
 8.29152e-07
 7.33946e-07
 7.15014e-07
 7.96854e-07
 9.74753e-07
 1.28664e-06
 1.82250e-06
 2.66312e-06
 3.80034e-06
 4.91360e-06
 5.62295e-06
 5.83835e-06
 5.52051e-06
 4.38139e-06
 7.05073e-07
 4.57992e-07
 3.44990e-07
 3.04392e-07
 3.07046e-07
 3.54096e-07
 4.43620e-07
 6.09600e-07
 9.20298e-07
 1.47575e-06
 2.43291e-06
 3.76610e-06
 5.01825e-06
 5.71359e-06
 5.77935e-06
 5.06237e-06
 3.39156e-07
 2.07368e-07
 1.59662e-07
 1.53634e-07
 1.71754e-07
 2.02654e-07
 2.43618e-07
 3.19172e-07
 4.77372e-07
 8.02926e-07
 1.45025e-06
 2.60874e-06
 4.12428e-06
 5.32948e-06
 5.79665e-06
 5.46353e-06
 1.83595e-07
 1.16621e-07
 1.04243e-07
 1.23507e-07
 1.57133e-07
 1.84873e-07
 2.02825e-07
 2.28825e-07
 2.97326e-07
 4.70121e-07
 8.73106e-07
 1.73191e-06
 3.19039e-06
 4.75597e-06
 5.65431e-06
 5.65050e-06
 1.23674e-07
 9.01864e-08
 1.05305e-07
 1.65032e-07
 2.39153e-07
 2.87746e-07
 2.83578e-07
 2.51132e-07
 2.51980e-07
 3.31136e-07
 5.72571e-07
 1.16990e-06
 2.41286e-06
 4.11736e-06
 5.38805e-06
 5.68794e-06
 1.10604e-07
 9.14977e-08
 1.39632e-07
 2.78770e-07
 4.55311e-07
 5.77432e-07
 5.57556e-07
 4.16970e-07
 3.00732e-07
 2.95082e-07
 4.34080e-07
 8.52247e-07
 1.85333e-06
 3.52500e-06
 5.06826e-06
 5.64445e-06
 1.30756e-07
 1.08802e-07
 1.83647e-07
 4.27444e-07
 7.80277e-07
 1.04805e-06
 1.06146e-06
 7.90729e-07
 4.70676e-07
 3.30722e-07
 3.85387e-07
 6.88318e-07
 1.49747e-06
 3.06819e-06
 4.77628e-06
 5.56300e-06
 2.13099e-07
 1.76124e-07
 2.72630e-07
 6.13215e-07
 1.18066e-06
 1.64892e-06
 1.71846e-06
 1.32423e-06
 7.55713e-07
 4.30734e-07
 3.94954e-07
 6.16951e-07
 1.30334e-06
 2.76299e-06
 4.53577e-06
 5.45766e-06
 4.59632e-07
 4.14997e-07
 5.62777e-07
 1.01126e-06
 1.77701e-06
 2.38381e-06
 2.41783e-06
 1.87464e-06
 1.06753e-06
 5.53822e-07
 4.40324e-07
 6.05548e-07
 1.22030e-06
 2.60104e-06
 4.38012e-06
 5.36533e-06
part
         4
coordinates
 2.04277e-11
 1.35101e-11
 8.10617e-12
 4.35231e-12
 2.04763e-12
 8.21650e-13
 2.70011e-13
 6.83684e-14
 1.20855e-14
 1.24882e-15
 5.12059e-17
 3.07101e-19
 5.00349e-23
 1.09044e-29
 3.73852e-44
 1.14354e-09
 7.69343e-10
 4.76916e-10
 2.68732e-10
 1.35004e-10
 5.89900e-11
 2.15788e-11
 6.25187e-12
 1.30988e-12
 1.68857e-13
 9.45028e-15
 8.70646e-17
 2.34966e-20
 9.67811e-27
 1.07477e-40
 1.86109e-08
 1.28607e-08
 8.28452e-09
 4.89740e-09
 2.60940e-09
 1.22689e-09
 4.91292e-10
 1.59346e-10
 3.85005e-11
 5.98800e-12
 4.39562e-13
 6.09651e-15
 2.70557e-18
 2.10042e-24
 7.53809e-38
 1.50939e-07
 1.06912e-07
 7.16978e-08
 4.46395e-08
 2.51172e-08
 1.26020e-08
 5.48006e-09
 1.96347e-09
 5.37638e-10
 9.85720e-11
 9.17745e-12
 1.87583e-13
 1.35964e-16
 1.98485e-22
 2.29702e-35
 6.43168e-07
 5.06061e-07
 3.70702e-07
 2.48190e-07
 1.47589e-07
 7.82663e-08
 3.69845e-08
 1.44977e-08
 4.45220e-09
 9.47546e-10
 1.08982e-10
 3.20922e-12
 3.77672e-15
 1.03506e-20
 3.85512e-33
 1.27181e-06
 1.11636e-06
 9.36015e-07
 7.35642e-07
 5.22143e-07
 3.23469e-07
 1.68582e-07
 7.16397e-08
 2.45912e-08
 6.01503e-09
 8.38064e-10
 3.47014e-11
 6.59979e-14
 3.39315e-19
 4.06079e-31
 1.48446e-06
 1.43417e-06
 1.34063e-06
 1.19799e-06
 1.00107e-06
 7.56923e-07
 4.89729e-07
 2.52239e-07
 9.76956e-08
 2.72277e-08
 4.52850e-09
 2.56972e-10
 7.87318e-13
 7.59534e-18
 2.91726e-29
 1.08755e-06
 1.17465e-06
 1.24156e-06
 1.26585e-06
 1.22219e-06
 1.08985e-06
 8.65205e-07
 5.69040e-07
 2.79633e-07
 9.27825e-08
 1.81634e-08
 1.37698e-09
 6.78265e-12
 1.22929e-16
 1.51422e-27
 4.94951e-07
 6.11360e-07
 7.53981e-07
 9.06665e-07
 1.03892e-06
 1.10105e-06
 1.04485e-06
 8.50652e-07
 5.42784e-07
 2.33292e-07
 5.61183e-08
 5.56430e-09
 4.39698e-11
 1.50023e-15
 5.92525e-26
 1.97050e-07
 2.34425e-07
 3.06719e-07
 4.30340e-07
 6.09020e-07
 8.03002e-07
 9.32100e-07
 9.31123e-07
 7.51254e-07
 4.23765e-07
 1.36853e-07
 1.75616e-08
 2.21397e-10
 1.42568e-14
 1.80592e-24
 1.41389e-07
 1.23475e-07
 1.29463e-07
 1.68585e-07
 2.60564e-07
 4.19136e-07
 6.22903e-07
 7.86696e-07
 7.98388e-07
 5.85230e-07
 2.52442e-07
 4.47947e-08
 8.88307e-10
 1.08212e-13
 4.39933e-23
 2.40963e-07
 1.46187e-07
 9.85256e-08
 8.59505e-08
 1.06744e-07
 1.78952e-07
 3.27330e-07
 5.29446e-07
 6.87189e-07
 6.49582e-07
 3.72847e-07
 9.53167e-08
 2.90231e-09
 6.69675e-13
 8.74702e-22
 5.83251e-07
 3.13569e-07
 1.59346e-07
 8.64683e-08
 6.30706e-08
 7.73410e-08
 1.48063e-07
 3.03292e-07
 5.01855e-07
 6.11079e-07
 4.64619e-07
 1.60995e-07
 7.87025e-09
 3.43689e-12
 1.44412e-20
 1.32476e-06
 7.18942e-07
 3.51684e-07
 1.56181e-07
 7.04406e-08
 4.69401e-08
 6.59619e-08
 1.53825e-07
 3.26985e-07
 5.01670e-07
 4.88132e-07
 2.20899e-07
 1.80002e-08
 1.48377e-11
 2.00836e-19
 2.55405e-06
 1.47513e-06
 7.40621e-07
 3.28008e-07
 1.25722e-07
 5.00278e-08
 3.65972e-08
 7.26363e-08
 1.95249e-07
 3.72725e-07
 4.58083e-07
 2.62581e-07
 3.50251e-08
 5.45388e-11
 2.38109e-18
 3.98952e-06
 2.60986e-06
 1.39831e-06
 6.40496e-07
 2.46655e-07
 8.10234e-08
 3.17117e-08
 3.60662e-08
 1.06922e-07
 2.64236e-07
 4.06664e-07
 2.81541e-07
 5.62989e-08
 1.72441e-10
 2.43071e-17
 5.10722e-06
 3.88150e-06
 2.33997e-06
 1.13325e-06
 4.53371e-07
 1.46796e-07
 4.25023e-08
 2.25122e-08
 5.54841e-08
 1.76875e-07
 3.30167e-07
 2.73669e-07
 7.70708e-08
 4.73147e-10
 2.15410e-16
 5.68396e-06
 4.91107e-06
 3.42107e-06
 1.82717e-06
 7.66028e-07
 2.55280e-07
 6.81885e-08
 2.05059e-08
 2.92588e-08
 1.12250e-07
 2.49421e-07
 2.53421e-07
 9.54300e-08
 1.13542e-09
 1.66807e-15
 5.83835e-06
 5.52051e-06
 4.38139e-06
 2.65230e-06
 1.19711e-06
 4.14108e-07
 1.10979e-07
 2.64075e-08
 1.72039e-08
 6.88541e-08
 1.86224e-07
 2.35237e-07
 1.09213e-07
 2.40111e-09
 1.13425e-14
 5.71359e-06
 5.77935e-06
 5.06237e-06
 3.46910e-06
 1.72898e-06
 6.27935e-07
 1.71432e-07
 3.79050e-08
 1.24819e-08
 4.08974e-08
 1.38058e-07
 2.15474e-07
 1.16850e-07
 4.51432e-09
 6.79493e-14
 5.32948e-06
 5.79665e-06
 5.46353e-06
 4.15790e-06
 2.30645e-06
 8.93010e-07
 2.49717e-07
 5.51745e-08
 1.22047e-08
 2.39141e-08
 1.01633e-07
 1.93053e-07
 1.19192e-07
 7.62935e-09
 3.59195e-13
 4.75597e-06
 5.65431e-06
 5.65050e-06
 4.66513e-06
 2.85980e-06
 1.18989e-06
 3.43763e-07
 7.77469e-08
 1.47501e-08
 1.44777e-08
 7.39174e-08
 1.64650e-07
 1.13560e-07
 1.13232e-08
 1.67509e-12
 4.11736e-06
 5.38805e-06
 5.68794e-06
 4.99974e-06
 3.33126e-06
 1.48976e-06
 4.46044e-07
 1.03991e-07
 1.89071e-08
 9.68284e-09
 5.32443e-08
 1.33081e-07
 1.01467e-07
 1.47596e-08
 6.87550e-12
 3.52500e-06
 5.06826e-06
 5.64445e-06
 5.19161e-06
 3.69507e-06
 1.76970e-06
 5.49073e-07
 1.32353e-07
 2.43770e-08
 7.63129e-09
 3.84102e-08
 1.06268e-07
 8.98203e-08
 1.74846e-08
 2.47169e-11
 3.06819e-06
 4.77628e-06
 5.56300e-06
 5.27169e-06
 3.94947e-06
 2.00849e-06
 6.46529e-07
 1.60404e-07
 3.05939e-08
 7.19984e-09
 2.80620e-08
 8.52458e-08
 7.97790e-08
 1.93773e-08
 7.71282e-11
 2.76299e-06
 4.53577e-06
 5.45766e-06
 5.27568e-06
 4.10195e-06
 2.18579e-06
 7.30363e-07
 1.85705e-07
 3.66218e-08
 7.48736e-09
 2.09701e-08
 6.83454e-08
 7.03098e-08
 2.04629e-08
 2.05530e-10
 2.60104e-06
 4.38012e-06
 5.36533e-06
 5.24726e-06
 4.17100e-06
 2.29135e-06
 7.90627e-07
 2.05147e-07
 4.16347e-08
 7.96405e-09
 1.61070e-08
 5.47782e-08
 6.14931e-08
 2.08760e-08
 3.91717e-10
 2.04277e-11
 1.35101e-11
 8.10617e-12
 4.35231e-12
 2.04763e-12
 8.21650e-13
 2.70011e-13
 6.83684e-14
 1.20855e-14
 1.24882e-15
 5.12059e-17
 3.07101e-19
 5.00349e-23
 1.09044e-29
 3.73852e-44
 1.14354e-09
 7.69343e-10
 4.76916e-10
 2.68732e-10
 1.35004e-10
 5.89900e-11
 2.15788e-11
 6.25187e-12
 1.30988e-12
 1.68857e-13
 9.45028e-15
 8.70646e-17
 2.34966e-20
 9.67811e-27
 1.07477e-40
 1.86109e-08
 1.28607e-08
 8.28452e-09
 4.89740e-09
 2.60940e-09
 1.22689e-09
 4.91292e-10
 1.59346e-10
 3.85005e-11
 5.98800e-12
 4.39562e-13
 6.09651e-15
 2.70557e-18
 2.10042e-24
 7.53809e-38
 1.50939e-07
 1.06912e-07
 7.16978e-08
 4.46395e-08
 2.51172e-08
 1.26020e-08
 5.48006e-09
 1.96347e-09
 5.37638e-10
 9.85720e-11
 9.17745e-12
 1.87583e-13
 1.35964e-16
 1.98485e-22
 2.29702e-35
 6.43168e-07
 5.06061e-07
 3.70702e-07
 2.48190e-07
 1.47589e-07
 7.82663e-08
 3.69845e-08
 1.44977e-08
 4.45220e-09
 9.47546e-10
 1.08982e-10
 3.20922e-12
 3.77672e-15
 1.03506e-20
 3.85512e-33
 1.27181e-06
 1.11636e-06
 9.36015e-07
 7.35642e-07
 5.22143e-07
 3.23469e-07
 1.68582e-07
 7.16397e-08
 2.45912e-08
 6.01503e-09
 8.38064e-10
 3.47014e-11
 6.59979e-14
 3.39315e-19
 4.06079e-31
 1.48446e-06
 1.43417e-06
 1.34063e-06
 1.19799e-06
 1.00107e-06
 7.56923e-07
 4.89729e-07
 2.52239e-07
 9.76956e-08
 2.72277e-08
 4.52850e-09
 2.56972e-10
 7.87318e-13
 7.59534e-18
 2.91726e-29
 1.08755e-06
 1.17465e-06
 1.24156e-06
 1.26585e-06
 1.22219e-06
 1.08985e-06
 8.65205e-07
 5.69040e-07
 2.79633e-07
 9.27825e-08
 1.81634e-08
 1.37698e-09
 6.78265e-12
 1.22929e-16
 1.51422e-27
 4.94951e-07
 6.11360e-07
 7.53981e-07
 9.06665e-07
 1.03892e-06
 1.10105e-06
 1.04485e-06
 8.50652e-07
 5.42784e-07
 2.33292e-07
 5.61183e-08
 5.56430e-09
 4.39698e-11
 1.50023e-15
 5.92525e-26
 1.97050e-07
 2.34425e-07
 3.06719e-07
 4.30340e-07
 6.09020e-07
 8.03002e-07
 9.32100e-07
 9.31123e-07
 7.51254e-07
 4.23765e-07
 1.36853e-07
 1.75616e-08
 2.21397e-10
 1.42568e-14
 1.80592e-24
 1.41389e-07
 1.23475e-07
 1.29463e-07
 1.68585e-07
 2.60564e-07
 4.19136e-07
 6.22903e-07
 7.86696e-07
 7.98388e-07
 5.85230e-07
 2.52442e-07
 4.47947e-08
 8.88307e-10
 1.08212e-13
 4.39933e-23
 2.40963e-07
 1.46187e-07
 9.85256e-08
 8.59505e-08
 1.06744e-07
 1.78952e-07
 3.27330e-07
 5.29446e-07
 6.87189e-07
 6.49582e-07
 3.72847e-07
 9.53167e-08
 2.90231e-09
 6.69675e-13
 8.74702e-22
 5.83251e-07
 3.13569e-07
 1.59346e-07
 8.64683e-08
 6.30706e-08
 7.73410e-08
 1.48063e-07
 3.03292e-07
 5.01855e-07
 6.11079e-07
 4.64619e-07
 1.60995e-07
 7.87025e-09
 3.43689e-12
 1.44412e-20
 1.32476e-06
 7.18942e-07
 3.51684e-07
 1.56181e-07
 7.04406e-08
 4.69401e-08
 6.59619e-08
 1.53825e-07
 3.26985e-07
 5.01670e-07
 4.88132e-07
 2.20899e-07
 1.80002e-08
 1.48377e-11
 2.00836e-19
 2.55405e-06
 1.47513e-06
 7.40621e-07
 3.28008e-07
 1.25722e-07
 5.00278e-08
 3.65972e-08
 7.26363e-08
 1.95249e-07
 3.72725e-07
 4.58083e-07
 2.62581e-07
 3.50251e-08
 5.45388e-11
 2.38109e-18
 3.98952e-06
 2.60986e-06
 1.39831e-06
 6.40496e-07
 2.46655e-07
 8.10234e-08
 3.17117e-08
 3.60662e-08
 1.06922e-07
 2.64236e-07
 4.06664e-07
 2.81541e-07
 5.62989e-08
 1.72441e-10
 2.43071e-17
 5.10722e-06
 3.88150e-06
 2.33997e-06
 1.13325e-06
 4.53371e-07
 1.46796e-07
 4.25023e-08
 2.25122e-08
 5.54841e-08
 1.76875e-07
 3.30167e-07
 2.73669e-07
 7.70708e-08
 4.73147e-10
 2.15410e-16
 5.68396e-06
 4.91107e-06
 3.42107e-06
 1.82717e-06
 7.66028e-07
 2.55280e-07
 6.81885e-08
 2.05059e-08
 2.92588e-08
 1.12250e-07
 2.49421e-07
 2.53421e-07
 9.54300e-08
 1.13542e-09
 1.66807e-15
 5.83835e-06
 5.52051e-06
 4.38139e-06
 2.65230e-06
 1.19711e-06
 4.14108e-07
 1.10979e-07
 2.64075e-08
 1.72039e-08
 6.88541e-08
 1.86224e-07
 2.35237e-07
 1.09213e-07
 2.40111e-09
 1.13425e-14
 5.71359e-06
 5.77935e-06
 5.06237e-06
 3.46910e-06
 1.72898e-06
 6.27935e-07
 1.71432e-07
 3.79050e-08
 1.24819e-08
 4.08974e-08
 1.38058e-07
 2.15474e-07
 1.16850e-07
 4.51432e-09
 6.79493e-14
 5.32948e-06
 5.79665e-06
 5.46353e-06
 4.15790e-06
 2.30645e-06
 8.93010e-07
 2.49717e-07
 5.51745e-08
 1.22047e-08
 2.39141e-08
 1.01633e-07
 1.93053e-07
 1.19192e-07
 7.62935e-09
 3.59195e-13
 4.75597e-06
 5.65431e-06
 5.65050e-06
 4.66513e-06
 2.85980e-06
 1.18989e-06
 3.43763e-07
 7.77469e-08
 1.47501e-08
 1.44777e-08
 7.39174e-08
 1.64650e-07
 1.13560e-07
 1.13232e-08
 1.67509e-12
 4.11736e-06
 5.38805e-06
 5.68794e-06
 4.99974e-06
 3.33126e-06
 1.48976e-06
 4.46044e-07
 1.03991e-07
 1.89071e-08
 9.68284e-09
 5.32443e-08
 1.33081e-07
 1.01467e-07
 1.47596e-08
 6.87550e-12
 3.52500e-06
 5.06826e-06
 5.64445e-06
 5.19161e-06
 3.69507e-06
 1.76970e-06
 5.49073e-07
 1.32353e-07
 2.43770e-08
 7.63129e-09
 3.84102e-08
 1.06268e-07
 8.98203e-08
 1.74846e-08
 2.47169e-11
 3.06819e-06
 4.77628e-06
 5.56300e-06
 5.27169e-06
 3.94947e-06
 2.00849e-06
 6.46529e-07
 1.60404e-07
 3.05939e-08
 7.19984e-09
 2.80620e-08
 8.52458e-08
 7.97790e-08
 1.93773e-08
 7.71282e-11
 2.76299e-06
 4.53577e-06
 5.45766e-06
 5.27568e-06
 4.10195e-06
 2.18579e-06
 7.30363e-07
 1.85705e-07
 3.66218e-08
 7.48736e-09
 2.09701e-08
 6.83454e-08
 7.03098e-08
 2.04629e-08
 2.05530e-10
 2.60104e-06
 4.38012e-06
 5.36533e-06
 5.24726e-06
 4.17100e-06
 2.29135e-06
 7.90627e-07
 2.05147e-07
 4.16347e-08
 7.96405e-09
 1.61070e-08
 5.47782e-08
 6.14931e-08
 2.08760e-08
 3.91717e-10
part
         5
coordinates
 1.37745e-13
 4.33751e-11
 1.77397e-09
 2.64784e-08
 2.11805e-07
 1.05308e-06
 2.62753e-06
 3.77818e-06
 3.73010e-06
 2.58071e-06
 1.32136e-06
 8.53319e-07
 1.08593e-06
 2.41414e-06
 3.83201e-14
 2.45167e-11
 1.32832e-09
 2.23175e-08
 1.89795e-07
 9.87086e-07
 2.57499e-06
 3.81357e-06
 3.84165e-06
 2.70419e-06
 1.38099e-06
 8.46666e-07
 1.01656e-06
 2.23038e-06
 6.63328e-15
 1.17326e-11
 9.13429e-10
 1.78379e-08
 1.63499e-07
 8.95215e-07
 2.47933e-06
 3.82784e-06
 3.97127e-06
 2.88706e-06
 1.49650e-06
 8.53876e-07
 9.26390e-07
 1.94820e-06
 1.05422e-15
 5.27646e-12
 5.96611e-10
 1.36506e-08
 1.36029e-07
 7.85861e-07
 2.33551e-06
 3.80675e-06
 4.10713e-06
 3.13005e-06
 1.68786e-06
 8.96111e-07
 8.45439e-07
 1.61681e-06
 1.53896e-16
 2.21702e-12
 3.72151e-10
 1.00551e-08
 1.09067e-07
 6.66128e-07
 2.13999e-06
 3.72458e-06
 4.21751e-06
 3.41626e-06
 1.97095e-06
 9.96329e-07
 7.91998e-07
 1.27818e-06
 2.05995e-17
 8.65920e-13
 2.20389e-10
 7.11569e-09
 8.41217e-08
 5.42969e-07
 1.89219e-06
 3.56634e-06
 4.28047e-06
 3.71262e-06
 2.35051e-06
 1.19021e-06
 7.88590e-07
 1.00098e-06
 2.52075e-18
 3.12612e-13
 1.23099e-10
 4.81534e-09
 6.23024e-08
 4.23418e-07
 1.60126e-06
 3.32575e-06
 4.30090e-06
 4.01658e-06
 2.82894e-06
 1.52191e-06
 8.69562e-07
 8.41432e-07
 2.80871e-19
 1.03668e-13
 6.43684e-11
 3.09830e-09
 4.41123e-08
 3.15535e-07
 1.29184e-06
 2.99012e-06
 4.22733e-06
 4.26831e-06
 3.35432e-06
 2.01520e-06
 1.08014e-06
 8.08562e-07
 2.83560e-20
 3.13664e-14
 3.12440e-11
 1.88237e-09
 2.97019e-08
 2.24604e-07
 9.87695e-07
 2.55548e-06
 4.01249e-06
 4.40722e-06
 3.85102e-06
 2.67330e-06
 1.49973e-06
 9.21845e-07
 2.57875e-21
 8.59612e-15
 1.39469e-11
 1.07107e-09
 1.88966e-08
 1.51888e-07
 7.11496e-07
 2.04225e-06
 3.64326e-06
 4.42425e-06
 4.24085e-06
 3.39536e-06
 2.17837e-06
 1.26312e-06
 2.09830e-22
 2.11711e-15
 5.66809e-12
 5.65339e-10
 1.12719e-08
 9.68419e-08
 4.82110e-07
 1.50622e-06
 3.09636e-06
 4.24763e-06
 4.44904e-06
 4.01730e-06
 3.05013e-06
 1.94402e-06
 1.51589e-23
 4.64576e-16
 2.07486e-12
 2.73799e-10
 6.24693e-09
 5.77005e-08
 3.04832e-07
 1.01854e-06
 2.39851e-06
 3.80836e-06
 4.44136e-06
 4.39918e-06
 3.87465e-06
 2.93404e-06
 9.63809e-25
 8.99792e-17
 6.76378e-13
 1.20185e-10
 3.18245e-09
 3.18104e-08
 1.78276e-07
 6.32730e-07
 1.65262e-06
 3.08461e-06
 4.14360e-06
 4.48893e-06
 4.38220e-06
 3.89452e-06
 5.33940e-26
 1.52210e-17
 1.93982e-13
 4.71681e-11
 1.47205e-09
 1.60461e-08
 9.55096e-08
 3.60504e-07
 1.00525e-06
 2.17166e-06
 3.46108e-06
 4.25327e-06
 4.50382e-06
 4.42927e-06
 2.54801e-27
 2.22250e-18
 4.83048e-14
 1.63059e-11
 6.09530e-10
 7.31100e-09
 4.63565e-08
 1.86231e-07
 5.47530e-07
 1.29873e-06
 2.44196e-06
 3.55381e-06
 4.22507e-06
 4.48206e-06
 1.03370e-28
 2.76395e-19
 1.02945e-14
 4.88480e-12
 2.22328e-10
 2.96441e-09
 2.01186e-08
 8.61054e-08
 2.67666e-07
 6.65760e-07
 1.39807e-06
 2.41667e-06
 3.39286e-06
 4.04304e-06
 3.51094e-30
 2.88278e-20
 1.84742e-15
 1.24551e-12
 7.01482e-11
 1.05159e-09
 7.68672e-09
 3.51026e-08
 1.15525e-07
 3.01408e-07
 6.62137e-07
 1.27702e-06
 2.11345e-06
 2.96402e-06
 9.80503e-32
 2.47655e-21
 2.74037e-16
 2.64928e-13
 1.87548e-11
 3.20058e-10
 2.53836e-09
 1.23973e-08
 4.32367e-08
 1.18472e-07
 2.71661e-07
 5.43892e-07
 9.83613e-07
 1.58768e-06
 2.20338e-33
 1.71507e-22
 3.28745e-17
 4.59410e-14
 4.14961e-12
 8.17095e-11
 7.08988e-10
 3.71536e-09
 1.37489e-08
 3.96165e-08
 9.48129e-08
 1.96804e-07
 3.65151e-07
 6.17776e-07
 3.88041e-35
 9.32622e-24
 3.10638e-18
 6.32069e-15
 7.38940e-13
 1.70357e-11
 1.63241e-10
 9.21859e-10
 3.62720e-09
 1.10062e-08
 2.75163e-08
 5.92461e-08
 1.13138e-07
 1.96030e-07
 5.18129e-37
 3.85305e-25
 2.23721e-19
 6.67315e-16
 1.02374e-13
 2.80699e-12
 3.00226e-11
 1.83755e-10
 7.71194e-10
 2.46920e-09
 6.45786e-09
 1.44401e-08
 2.84437e-08
 5.06104e-08
 5.02506e-39
 1.15884e-26
 1.17685e-20
 5.17998e-17
 1.05682e-14
 3.50481e-13
 4.23636e-12
 2.83119e-11
 1.27329e-10
 4.31459e-10
 1.18289e-09
 2.75101e-09
 5.59816e-09
 1.02348e-08
 3.34025e-41
 2.39456e-28
 4.26820e-22
 2.79071e-18
 7.67184e-16
 3.13311e-14
 4.34283e-13
 3.19971e-12
 1.55204e-11
 5.59020e-11
 1.61133e-10
 3.90529e-10
 8.22104e-10
 1.54475e-09
 1.40001e-43
 3.12787e-30
 9.82231e-24
 9.60460e-20
 3.60432e-17
 1.84752e-15
 2.98803e-14
 2.45728e-13
 1.29687e-12
 4.99583e-12
 1.52041e-11
 3.85084e-11
 8.39928e-11
 1.62268e-10
 3.24612e-46
 2.26619e-32
 1.25866e-25
 1.85343e-21
 9.61830e-19
 6.31338e-17
 1.21605e-15
 1.13413e-14
 6.59021e-14
 2.73874e-13
 8.85431e-13
 2.35295e-12
 5.32933e-12
 1.05914e-11
 3.28374e-49
 7.18252e-35
 7.08407e-28
 1.58201e-23
 1.14997e-20
 9.86933e-19
 2.31868e-17
 2.50301e-16
 1.62734e-15
 7.38562e-15
 2.55916e-14
 7.17743e-14
 1.69328e-13
 3.46311e-13
 8.13657e-53
 5.59083e-38
 9.83175e-31
 3.35321e-26
 3.45744e-23
 3.96279e-21
 1.16682e-19
 1.49633e-18
 1.11276e-17
 5.61384e-17
 2.11264e-16
 6.30775e-16
 1.55600e-15
 3.27208e-15
 1.37745e-13
 4.33751e-11
 1.77397e-09
 2.64784e-08
 2.11805e-07
 1.05308e-06
 2.62753e-06
 3.77818e-06
 3.73010e-06
 2.58071e-06
 1.32136e-06
 8.53319e-07
 1.08593e-06
 2.41414e-06
 3.83201e-14
 2.45167e-11
 1.32832e-09
 2.23175e-08
 1.89795e-07
 9.87086e-07
 2.57499e-06
 3.81357e-06
 3.84165e-06
 2.70419e-06
 1.38099e-06
 8.46666e-07
 1.01656e-06
 2.23038e-06
 6.63328e-15
 1.17326e-11
 9.13429e-10
 1.78379e-08
 1.63499e-07
 8.95215e-07
 2.47933e-06
 3.82784e-06
 3.97127e-06
 2.88706e-06
 1.49650e-06
 8.53876e-07
 9.26390e-07
 1.94820e-06
 1.05422e-15
 5.27646e-12
 5.96611e-10
 1.36506e-08
 1.36029e-07
 7.85861e-07
 2.33551e-06
 3.80675e-06
 4.10713e-06
 3.13005e-06
 1.68786e-06
 8.96111e-07
 8.45439e-07
 1.61681e-06
 1.53896e-16
 2.21702e-12
 3.72151e-10
 1.00551e-08
 1.09067e-07
 6.66128e-07
 2.13999e-06
 3.72458e-06
 4.21751e-06
 3.41626e-06
 1.97095e-06
 9.96329e-07
 7.91998e-07
 1.27818e-06
 2.05995e-17
 8.65920e-13
 2.20389e-10
 7.11569e-09
 8.41217e-08
 5.42969e-07
 1.89219e-06
 3.56634e-06
 4.28047e-06
 3.71262e-06
 2.35051e-06
 1.19021e-06
 7.88590e-07
 1.00098e-06
 2.52075e-18
 3.12612e-13
 1.23099e-10
 4.81534e-09
 6.23024e-08
 4.23418e-07
 1.60126e-06
 3.32575e-06
 4.30090e-06
 4.01658e-06
 2.82894e-06
 1.52191e-06
 8.69562e-07
 8.41432e-07
 2.80871e-19
 1.03668e-13
 6.43684e-11
 3.09830e-09
 4.41123e-08
 3.15535e-07
 1.29184e-06
 2.99012e-06
 4.22733e-06
 4.26831e-06
 3.35432e-06
 2.01520e-06
 1.08014e-06
 8.08562e-07
 2.83560e-20
 3.13664e-14
 3.12440e-11
 1.88237e-09
 2.97019e-08
 2.24604e-07
 9.87695e-07
 2.55548e-06
 4.01249e-06
 4.40722e-06
 3.85102e-06
 2.67330e-06
 1.49973e-06
 9.21845e-07
 2.57875e-21
 8.59612e-15
 1.39469e-11
 1.07107e-09
 1.88966e-08
 1.51888e-07
 7.11496e-07
 2.04225e-06
 3.64326e-06
 4.42425e-06
 4.24085e-06
 3.39536e-06
 2.17837e-06
 1.26312e-06
 2.09830e-22
 2.11711e-15
 5.66809e-12
 5.65339e-10
 1.12719e-08
 9.68419e-08
 4.82110e-07
 1.50622e-06
 3.09636e-06
 4.24763e-06
 4.44904e-06
 4.01730e-06
 3.05013e-06
 1.94402e-06
 1.51589e-23
 4.64576e-16
 2.07486e-12
 2.73799e-10
 6.24693e-09
 5.77005e-08
 3.04832e-07
 1.01854e-06
 2.39851e-06
 3.80836e-06
 4.44136e-06
 4.39918e-06
 3.87465e-06
 2.93404e-06
 9.63809e-25
 8.99792e-17
 6.76378e-13
 1.20185e-10
 3.18245e-09
 3.18104e-08
 1.78276e-07
 6.32730e-07
 1.65262e-06
 3.08461e-06
 4.14360e-06
 4.48893e-06
 4.38220e-06
 3.89452e-06
 5.33940e-26
 1.52210e-17
 1.93982e-13
 4.71681e-11
 1.47205e-09
 1.60461e-08
 9.55096e-08
 3.60504e-07
 1.00525e-06
 2.17166e-06
 3.46108e-06
 4.25327e-06
 4.50382e-06
 4.42927e-06
 2.54801e-27
 2.22250e-18
 4.83048e-14
 1.63059e-11
 6.09530e-10
 7.31100e-09
 4.63565e-08
 1.86231e-07
 5.47530e-07
 1.29873e-06
 2.44196e-06
 3.55381e-06
 4.22507e-06
 4.48206e-06
 1.03370e-28
 2.76395e-19
 1.02945e-14
 4.88480e-12
 2.22328e-10
 2.96441e-09
 2.01186e-08
 8.61054e-08
 2.67666e-07
 6.65760e-07
 1.39807e-06
 2.41667e-06
 3.39286e-06
 4.04304e-06
 3.51094e-30
 2.88278e-20
 1.84742e-15
 1.24551e-12
 7.01482e-11
 1.05159e-09
 7.68672e-09
 3.51026e-08
 1.15525e-07
 3.01408e-07
 6.62137e-07
 1.27702e-06
 2.11345e-06
 2.96402e-06
 9.80503e-32
 2.47655e-21
 2.74037e-16
 2.64928e-13
 1.87548e-11
 3.20058e-10
 2.53836e-09
 1.23973e-08
 4.32367e-08
 1.18472e-07
 2.71661e-07
 5.43892e-07
 9.83613e-07
 1.58768e-06
 2.20338e-33
 1.71507e-22
 3.28745e-17
 4.59410e-14
 4.14961e-12
 8.17095e-11
 7.08988e-10
 3.71536e-09
 1.37489e-08
 3.96165e-08
 9.48129e-08
 1.96804e-07
 3.65151e-07
 6.17776e-07
 3.88041e-35
 9.32622e-24
 3.10638e-18
 6.32069e-15
 7.38940e-13
 1.70357e-11
 1.63241e-10
 9.21859e-10
 3.62720e-09
 1.10062e-08
 2.75163e-08
 5.92461e-08
 1.13138e-07
 1.96030e-07
 5.18129e-37
 3.85305e-25
 2.23721e-19
 6.67315e-16
 1.02374e-13
 2.80699e-12
 3.00226e-11
 1.83755e-10
 7.71194e-10
 2.46920e-09
 6.45786e-09
 1.44401e-08
 2.84437e-08
 5.06104e-08
 5.02506e-39
 1.15884e-26
 1.17685e-20
 5.17998e-17
 1.05682e-14
 3.50481e-13
 4.23636e-12
 2.83119e-11
 1.27329e-10
 4.31459e-10
 1.18289e-09
 2.75101e-09
 5.59816e-09
 1.02348e-08
 3.34025e-41
 2.39456e-28
 4.26820e-22
 2.79071e-18
 7.67184e-16
 3.13311e-14
 4.34283e-13
 3.19971e-12
 1.55204e-11
 5.59020e-11
 1.61133e-10
 3.90529e-10
 8.22104e-10
 1.54475e-09
 1.40001e-43
 3.12787e-30
 9.82231e-24
 9.60460e-20
 3.60432e-17
 1.84752e-15
 2.98803e-14
 2.45728e-13
 1.29687e-12
 4.99583e-12
 1.52041e-11
 3.85084e-11
 8.39928e-11
 1.62268e-10
 3.24612e-46
 2.26619e-32
 1.25866e-25
 1.85343e-21
 9.61830e-19
 6.31338e-17
 1.21605e-15
 1.13413e-14
 6.59021e-14
 2.73874e-13
 8.85431e-13
 2.35295e-12
 5.32933e-12
 1.05914e-11
 3.28374e-49
 7.18252e-35
 7.08407e-28
 1.58201e-23
 1.14997e-20
 9.86933e-19
 2.31868e-17
 2.50301e-16
 1.62734e-15
 7.38562e-15
 2.55916e-14
 7.17743e-14
 1.69328e-13
 3.46311e-13
 8.13657e-53
 5.59083e-38
 9.83175e-31
 3.35321e-26
 3.45744e-23
 3.96279e-21
 1.16682e-19
 1.49633e-18
 1.11276e-17
 5.61384e-17
 2.11264e-16
 6.30775e-16
 1.55600e-15
 3.27208e-15
part
         6
coordinates
 8.53319e-07
 1.08593e-06
 2.41414e-06
 4.57595e-06
 6.20787e-06
 6.78226e-06
 6.45159e-06
 4.88293e-06
 2.76803e-06
 1.32041e-06
 5.78149e-07
 2.50122e-07
 1.30756e-07
 1.08802e-07
 1.83647e-07
 8.46666e-07
 1.01656e-06
 2.23038e-06
 4.37100e-06
 6.12861e-06
 6.83764e-06
 6.64970e-06
 5.26350e-06
 3.18770e-06
 1.61535e-06
 7.68285e-07
 3.72582e-07
 2.13099e-07
 1.76124e-07
 2.72630e-07
 8.53876e-07
 9.26390e-07
 1.94820e-06
 3.99089e-06
 5.90673e-06
 6.82918e-06
 6.86731e-06
 5.83753e-06
 3.95381e-06
 2.24197e-06
 1.20623e-06
 6.87845e-07
 4.59632e-07
 4.14997e-07
 5.62777e-07
 8.96111e-07
 8.45439e-07
 1.61681e-06
 3.43381e-06
 5.47388e-06
 6.68427e-06
 6.99901e-06
 6.46862e-06
 5.04320e-06
 3.33256e-06
 2.06806e-06
 1.36887e-06
 1.04767e-06
 1.01517e-06
 1.26844e-06
 9.96329e-07
 7.91998e-07
 1.27818e-06
 2.73426e-06
 4.77586e-06
 6.31825e-06
 6.95625e-06
 6.89766e-06
 6.15336e-06
 4.86805e-06
 3.56392e-06
 2.66390e-06
 2.23140e-06
 2.21754e-06
 2.58986e-06
 1.19021e-06
 7.88590e-07
 1.00098e-06
 2.00235e-06
 3.80826e-06
 5.60254e-06
 6.65468e-06
 6.97019e-06
 6.79022e-06
 6.21339e-06
 5.37648e-06
 4.60599e-06
 4.14906e-06
 4.10740e-06
 4.39380e-06
 1.52191e-06
 8.69562e-07
 8.41432e-07
 1.39040e-06
 2.70275e-06
 4.46936e-06
 5.93356e-06
 6.67952e-06
 6.86566e-06
 6.76338e-06
 6.49463e-06
 6.14745e-06
 5.85506e-06
 5.74329e-06
 5.73657e-06
 2.01520e-06
 1.08014e-06
 8.08562e-07
 1.00688e-06
 1.73710e-06
 3.07527e-06
 4.64498e-06
 5.84733e-06
 6.45651e-06
 6.65867e-06
 6.65643e-06
 6.55988e-06
 6.43057e-06
 6.28339e-06
 6.08518e-06
 2.67330e-06
 1.49973e-06
 9.21845e-07
 8.58126e-07
 1.13624e-06
 1.84999e-06
 3.01163e-06
 4.30858e-06
 5.32623e-06
 5.91543e-06
 6.16931e-06
 6.20993e-06
 6.13269e-06
 5.96785e-06
 5.67130e-06
 3.39536e-06
 2.17837e-06
 1.26312e-06
 9.11183e-07
 9.07780e-07
 1.14663e-06
 1.68543e-06
 2.51996e-06
 3.46176e-06
 4.26078e-06
 4.81200e-06
 5.05256e-06
 5.02079e-06
 4.81727e-06
 4.40936e-06
 4.01730e-06
 3.05013e-06
 1.94402e-06
 1.22929e-06
 9.57965e-07
 9.31890e-07
 1.06257e-06
 1.34927e-06
 1.79510e-06
 2.31593e-06
 2.80838e-06
 3.09690e-06
 3.09944e-06
 2.91042e-06
 2.55187e-06
 4.39918e-06
 3.87465e-06
 2.93404e-06
 1.96613e-06
 1.34111e-06
 1.05741e-06
 9.68393e-07
 9.85085e-07
 1.07378e-06
 1.20630e-06
 1.37156e-06
 1.49074e-06
 1.48612e-06
 1.38371e-06
 1.21488e-06
 4.48893e-06
 4.38220e-06
 3.89452e-06
 3.08306e-06
 2.23893e-06
 1.62468e-06
 1.27496e-06
 1.10166e-06
 1.02314e-06
 9.93148e-07
 9.86659e-07
 9.79400e-07
 9.53733e-07
 9.07547e-07
 8.52736e-07
 4.25327e-06
 4.50382e-06
 4.42927e-06
 4.07169e-06
 3.46276e-06
 2.77742e-06
 2.18283e-06
 1.75157e-06
 1.48360e-06
 1.31983e-06
 1.22008e-06
 1.15547e-06
 1.11383e-06
 1.09565e-06
 1.10481e-06
 3.55381e-06
 4.22507e-06
 4.48206e-06
 4.50122e-06
 4.33322e-06
 3.98701e-06
 3.52957e-06
 3.06487e-06
 2.67609e-06
 2.36183e-06
 2.14180e-06
 2.01109e-06
 1.95857e-06
 1.99001e-06
 2.09290e-06
 2.41667e-06
 3.39286e-06
 4.04304e-06
 4.38620e-06
 4.52572e-06
 4.52482e-06
 4.42248e-06
 4.23974e-06
 4.02332e-06
 3.80340e-06
 3.62455e-06
 3.52263e-06
 3.50656e-06
 3.57313e-06
 3.71284e-06
 1.27702e-06
 2.11345e-06
 2.96402e-06
 3.63962e-06
 4.08295e-06
 4.33698e-06
 4.47566e-06
 4.54417e-06
 4.56752e-06
 4.56700e-06
 4.55678e-06
 4.56307e-06
 4.60264e-06
 4.67118e-06
 4.76677e-06
 5.43892e-07
 9.83613e-07
 1.58768e-06
 2.25778e-06
 2.88035e-06
 3.38774e-06
 3.76036e-06
 4.02309e-06
 4.20205e-06
 4.32722e-06
 4.42470e-06
 4.49868e-06
 4.56333e-06
 4.61350e-06
 4.64024e-06
 1.96804e-07
 3.65151e-07
 6.17776e-07
 9.67962e-07
 1.39714e-06
 1.85265e-06
 2.27497e-06
 2.64160e-06
 2.93506e-06
 3.15849e-06
 3.32962e-06
 3.44288e-06
 3.50068e-06
 3.49742e-06
 3.43449e-06
 5.92461e-08
 1.13138e-07
 1.96030e-07
 3.13792e-07
 4.67259e-07
 6.59038e-07
 8.80411e-07
 1.11234e-06
 1.32525e-06
 1.50021e-06
 1.63794e-06
 1.72757e-06
 1.75073e-06
 1.71256e-06
 1.62641e-06
 1.44401e-08
 2.84437e-08
 5.06104e-08
 8.27684e-08
 1.25697e-07
 1.79041e-07
 2.40649e-07
 3.06423e-07
 3.73745e-07
 4.30996e-07
 4.76682e-07
 5.04932e-07
 5.04360e-07
 4.82246e-07
 4.43048e-07
 2.75101e-09
 5.59816e-09
 1.02348e-08
 1.71007e-08
 2.64107e-08
 3.80532e-08
 5.15008e-08
 6.58165e-08
 8.06904e-08
 9.31796e-08
 1.02640e-07
 1.06993e-07
 1.04457e-07
 9.75683e-08
 8.67190e-08
 3.90529e-10
 8.22104e-10
 1.54475e-09
 2.63633e-09
 4.13601e-09
 6.02269e-09
 8.19830e-09
 1.05000e-08
 1.27973e-08
 1.47655e-08
 1.60017e-08
 1.62040e-08
 1.54126e-08
 1.38631e-08
 1.17365e-08
 3.85084e-11
 8.39928e-11
 1.62268e-10
 2.82737e-10
 4.49997e-10
 6.60803e-10
 9.01822e-10
 1.15816e-09
 1.39251e-09
 1.58409e-09
 1.66780e-09
 1.61776e-09
 1.47869e-09
 1.25533e-09
 9.79751e-10
 2.35295e-12
 5.32933e-12
 1.05914e-11
 1.88237e-11
 3.03205e-11
 4.47185e-11
 6.08317e-11
 7.73564e-11
 9.19930e-11
 1.00600e-10
 1.00526e-10
 9.26520e-11
 7.86525e-11
 6.02877e-11
 4.03153e-11
 7.17743e-14
 1.69328e-13
 3.46311e-13
 6.26427e-13
 1.01618e-12
 1.49343e-12
 2.00800e-12
 2.49528e-12
 2.84315e-12
 2.91187e-12
 2.69282e-12
 2.25521e-12
 1.66800e-12
 1.02151e-12
 4.85593e-13
 6.30775e-16
 1.55600e-15
 3.27208e-15
 5.98858e-15
 9.67309e-15
 1.39513e-14
 1.80803e-14
 2.11565e-14
 2.20428e-14
 2.02256e-14
 1.62522e-14
 1.10828e-14
 6.07662e-15
 2.43348e-15
 7.58787e-16
 8.53319e-07
 1.08593e-06
 2.41414e-06
 4.57595e-06
 6.20787e-06
 6.78226e-06
 6.45159e-06
 4.88293e-06
 2.76803e-06
 1.32041e-06
 5.78149e-07
 2.50122e-07
 1.30756e-07
 1.08802e-07
 1.83647e-07
 8.46666e-07
 1.01656e-06
 2.23038e-06
 4.37100e-06
 6.12861e-06
 6.83764e-06
 6.64970e-06
 5.26350e-06
 3.18770e-06
 1.61535e-06
 7.68285e-07
 3.72582e-07
 2.13099e-07
 1.76124e-07
 2.72630e-07
 8.53876e-07
 9.26390e-07
 1.94820e-06
 3.99089e-06
 5.90673e-06
 6.82918e-06
 6.86731e-06
 5.83753e-06
 3.95381e-06
 2.24197e-06
 1.20623e-06
 6.87845e-07
 4.59632e-07
 4.14997e-07
 5.62777e-07
 8.96111e-07
 8.45439e-07
 1.61681e-06
 3.43381e-06
 5.47388e-06
 6.68427e-06
 6.99901e-06
 6.46862e-06
 5.04320e-06
 3.33256e-06
 2.06806e-06
 1.36887e-06
 1.04767e-06
 1.01517e-06
 1.26844e-06
 9.96329e-07
 7.91998e-07
 1.27818e-06
 2.73426e-06
 4.77586e-06
 6.31825e-06
 6.95625e-06
 6.89766e-06
 6.15336e-06
 4.86805e-06
 3.56392e-06
 2.66390e-06
 2.23140e-06
 2.21754e-06
 2.58986e-06
 1.19021e-06
 7.88590e-07
 1.00098e-06
 2.00235e-06
 3.80826e-06
 5.60254e-06
 6.65468e-06
 6.97019e-06
 6.79022e-06
 6.21339e-06
 5.37648e-06
 4.60599e-06
 4.14906e-06
 4.10740e-06
 4.39380e-06
 1.52191e-06
 8.69562e-07
 8.41432e-07
 1.39040e-06
 2.70275e-06
 4.46936e-06
 5.93356e-06
 6.67952e-06
 6.86566e-06
 6.76338e-06
 6.49463e-06
 6.14745e-06
 5.85506e-06
 5.74329e-06
 5.73657e-06
 2.01520e-06
 1.08014e-06
 8.08562e-07
 1.00688e-06
 1.73710e-06
 3.07527e-06
 4.64498e-06
 5.84733e-06
 6.45651e-06
 6.65867e-06
 6.65643e-06
 6.55988e-06
 6.43057e-06
 6.28339e-06
 6.08518e-06
 2.67330e-06
 1.49973e-06
 9.21845e-07
 8.58126e-07
 1.13624e-06
 1.84999e-06
 3.01163e-06
 4.30858e-06
 5.32623e-06
 5.91543e-06
 6.16931e-06
 6.20993e-06
 6.13269e-06
 5.96785e-06
 5.67130e-06
 3.39536e-06
 2.17837e-06
 1.26312e-06
 9.11183e-07
 9.07780e-07
 1.14663e-06
 1.68543e-06
 2.51996e-06
 3.46176e-06
 4.26078e-06
 4.81200e-06
 5.05256e-06
 5.02079e-06
 4.81727e-06
 4.40936e-06
 4.01730e-06
 3.05013e-06
 1.94402e-06
 1.22929e-06
 9.57965e-07
 9.31890e-07
 1.06257e-06
 1.34927e-06
 1.79510e-06
 2.31593e-06
 2.80838e-06
 3.09690e-06
 3.09944e-06
 2.91042e-06
 2.55187e-06
 4.39918e-06
 3.87465e-06
 2.93404e-06
 1.96613e-06
 1.34111e-06
 1.05741e-06
 9.68393e-07
 9.85085e-07
 1.07378e-06
 1.20630e-06
 1.37156e-06
 1.49074e-06
 1.48612e-06
 1.38371e-06
 1.21488e-06
 4.48893e-06
 4.38220e-06
 3.89452e-06
 3.08306e-06
 2.23893e-06
 1.62468e-06
 1.27496e-06
 1.10166e-06
 1.02314e-06
 9.93148e-07
 9.86659e-07
 9.79400e-07
 9.53733e-07
 9.07547e-07
 8.52736e-07
 4.25327e-06
 4.50382e-06
 4.42927e-06
 4.07169e-06
 3.46276e-06
 2.77742e-06
 2.18283e-06
 1.75157e-06
 1.48360e-06
 1.31983e-06
 1.22008e-06
 1.15547e-06
 1.11383e-06
 1.09565e-06
 1.10481e-06
 3.55381e-06
 4.22507e-06
 4.48206e-06
 4.50122e-06
 4.33322e-06
 3.98701e-06
 3.52957e-06
 3.06487e-06
 2.67609e-06
 2.36183e-06
 2.14180e-06
 2.01109e-06
 1.95857e-06
 1.99001e-06
 2.09290e-06
 2.41667e-06
 3.39286e-06
 4.04304e-06
 4.38620e-06
 4.52572e-06
 4.52482e-06
 4.42248e-06
 4.23974e-06
 4.02332e-06
 3.80340e-06
 3.62455e-06
 3.52263e-06
 3.50656e-06
 3.57313e-06
 3.71284e-06
 1.27702e-06
 2.11345e-06
 2.96402e-06
 3.63962e-06
 4.08295e-06
 4.33698e-06
 4.47566e-06
 4.54417e-06
 4.56752e-06
 4.56700e-06
 4.55678e-06
 4.56307e-06
 4.60264e-06
 4.67118e-06
 4.76677e-06
 5.43892e-07
 9.83613e-07
 1.58768e-06
 2.25778e-06
 2.88035e-06
 3.38774e-06
 3.76036e-06
 4.02309e-06
 4.20205e-06
 4.32722e-06
 4.42470e-06
 4.49868e-06
 4.56333e-06
 4.61350e-06
 4.64024e-06
 1.96804e-07
 3.65151e-07
 6.17776e-07
 9.67962e-07
 1.39714e-06
 1.85265e-06
 2.27497e-06
 2.64160e-06
 2.93506e-06
 3.15849e-06
 3.32962e-06
 3.44288e-06
 3.50068e-06
 3.49742e-06
 3.43449e-06
 5.92461e-08
 1.13138e-07
 1.96030e-07
 3.13792e-07
 4.67259e-07
 6.59038e-07
 8.80411e-07
 1.11234e-06
 1.32525e-06
 1.50021e-06
 1.63794e-06
 1.72757e-06
 1.75073e-06
 1.71256e-06
 1.62641e-06
 1.44401e-08
 2.84437e-08
 5.06104e-08
 8.27684e-08
 1.25697e-07
 1.79041e-07
 2.40649e-07
 3.06423e-07
 3.73745e-07
 4.30996e-07
 4.76682e-07
 5.04932e-07
 5.04360e-07
 4.82246e-07
 4.43048e-07
 2.75101e-09
 5.59816e-09
 1.02348e-08
 1.71007e-08
 2.64107e-08
 3.80532e-08
 5.15008e-08
 6.58165e-08
 8.06904e-08
 9.31796e-08
 1.02640e-07
 1.06993e-07
 1.04457e-07
 9.75683e-08
 8.67190e-08
 3.90529e-10
 8.22104e-10
 1.54475e-09
 2.63633e-09
 4.13601e-09
 6.02269e-09
 8.19830e-09
 1.05000e-08
 1.27973e-08
 1.47655e-08
 1.60017e-08
 1.62040e-08
 1.54126e-08
 1.38631e-08
 1.17365e-08
 3.85084e-11
 8.39928e-11
 1.62268e-10
 2.82737e-10
 4.49997e-10
 6.60803e-10
 9.01822e-10
 1.15816e-09
 1.39251e-09
 1.58409e-09
 1.66780e-09
 1.61776e-09
 1.47869e-09
 1.25533e-09
 9.79751e-10
 2.35295e-12
 5.32933e-12
 1.05914e-11
 1.88237e-11
 3.03205e-11
 4.47185e-11
 6.08317e-11
 7.73564e-11
 9.19930e-11
 1.00600e-10
 1.00526e-10
 9.26520e-11
 7.86525e-11
 6.02877e-11
 4.03153e-11
 7.17743e-14
 1.69328e-13
 3.46311e-13
 6.26427e-13
 1.01618e-12
 1.49343e-12
 2.00800e-12
 2.49528e-12
 2.84315e-12
 2.91187e-12
 2.69282e-12
 2.25521e-12
 1.66800e-12
 1.02151e-12
 4.85593e-13
 6.30775e-16
 1.55600e-15
 3.27208e-15
 5.98858e-15
 9.67309e-15
 1.39513e-14
 1.80803e-14
 2.11565e-14
 2.20428e-14
 2.02256e-14
 1.62522e-14
 1.10828e-14
 6.07662e-15
 2.43348e-15
 7.58787e-16
part
         7
coordinates
 1.30756e-07
 1.08802e-07
 1.83647e-07
 4.27444e-07
 7.80277e-07
 1.04805e-06
 1.06146e-06
 7.90729e-07
 4.70676e-07
 3.30722e-07
 3.85387e-07
 6.88318e-07
 1.49747e-06
 3.06819e-06
 4.77628e-06
 5.56300e-06
 2.13099e-07
 1.76124e-07
 2.72630e-07
 6.13215e-07
 1.18066e-06
 1.64892e-06
 1.71846e-06
 1.32423e-06
 7.55713e-07
 4.30734e-07
 3.94954e-07
 6.16951e-07
 1.30334e-06
 2.76299e-06
 4.53577e-06
 5.45766e-06
 4.59632e-07
 4.14997e-07
 5.62777e-07
 1.01126e-06
 1.77701e-06
 2.38381e-06
 2.41783e-06
 1.87464e-06
 1.06753e-06
 5.53822e-07
 4.40324e-07
 6.05548e-07
 1.22030e-06
 2.60104e-06
 4.38012e-06
 5.36533e-06
 1.04767e-06
 1.01517e-06
 1.26844e-06
 1.88941e-06
 2.73620e-06
 3.22638e-06
 3.07177e-06
 2.33230e-06
 1.31823e-06
 6.57007e-07
 4.93805e-07
 6.35001e-07
 1.21185e-06
 2.55129e-06
 4.31374e-06
 5.30263e-06
 2.23140e-06
 2.21754e-06
 2.58986e-06
 3.28511e-06
 3.90155e-06
 4.01269e-06
 3.58034e-06
 2.62375e-06
 1.46149e-06
 7.23403e-07
 5.41271e-07
 6.91761e-07
 1.29514e-06
 2.66733e-06
 4.37224e-06
 5.26693e-06
 4.14906e-06
 4.10740e-06
 4.39380e-06
 4.75440e-06
 4.86045e-06
 4.55948e-06
 3.85063e-06
 2.69128e-06
 1.44959e-06
 7.33839e-07
 5.82238e-07
 7.75052e-07
 1.46006e-06
 2.91271e-06
 4.52487e-06
 5.25485e-06
 5.85506e-06
 5.74329e-06
 5.73657e-06
 5.63823e-06
 5.33428e-06
 4.74368e-06
 3.75601e-06
 2.39798e-06
 1.21875e-06
 6.85896e-07
 6.26213e-07
 9.06125e-07
 1.72978e-06
 3.26691e-06
 4.72877e-06
 5.24850e-06
 6.43057e-06
 6.28339e-06
 6.08518e-06
 5.76032e-06
 5.22231e-06
 4.36127e-06
 3.10905e-06
 1.77165e-06
 9.16313e-07
 6.42808e-07
 7.04836e-07
 1.12612e-06
 2.15838e-06
 3.74463e-06
 4.95058e-06
 5.21923e-06
 6.13269e-06
 5.96785e-06
 5.67130e-06
 5.16963e-06
 4.38904e-06
 3.30338e-06
 2.08685e-06
 1.15721e-06
 7.28445e-07
 6.59637e-07
 8.65653e-07
 1.50051e-06
 2.77528e-06
 4.27164e-06
 5.11144e-06
 5.13991e-06
 5.02079e-06
 4.81727e-06
 4.40936e-06
 3.77018e-06
 2.91971e-06
 1.98165e-06
 1.21418e-06
 7.89335e-07
 6.65112e-07
 7.72986e-07
 1.19474e-06
 2.13387e-06
 3.56176e-06
 4.76106e-06
 5.19141e-06
 4.98190e-06
 3.09944e-06
 2.91042e-06
 2.55187e-06
 2.06025e-06
 1.52121e-06
 1.05388e-06
 7.69623e-07
 6.80478e-07
 7.66254e-07
 1.09990e-06
 1.84174e-06
 3.05750e-06
 4.34429e-06
 5.08210e-06
 5.17407e-06
 4.69415e-06
 1.48612e-06
 1.38371e-06
 1.21488e-06
 1.01200e-06
 8.35111e-07
 7.29627e-07
 7.19722e-07
 8.43701e-07
 1.17166e-06
 1.83372e-06
 2.88488e-06
 4.07264e-06
 4.91350e-06
 5.20099e-06
 5.00066e-06
 4.17854e-06
 9.53733e-07
 9.07547e-07
 8.52736e-07
 8.08761e-07
 8.04471e-07
 8.76948e-07
 1.06535e-06
 1.44921e-06
 2.10555e-06
 3.03812e-06
 4.06110e-06
 4.83513e-06
 5.17657e-06
 5.10960e-06
 4.55360e-06
 3.36382e-06
 1.11383e-06
 1.09565e-06
 1.10481e-06
 1.16879e-06
 1.32009e-06
 1.60183e-06
 2.05529e-06
 2.69631e-06
 3.49358e-06
 4.29532e-06
 4.89212e-06
 5.17684e-06
 5.13798e-06
 4.69776e-06
 3.70878e-06
 2.34494e-06
 1.95857e-06
 1.99001e-06
 2.09290e-06
 2.29250e-06
 2.60680e-06
 3.03837e-06
 3.58027e-06
 4.15604e-06
 4.67581e-06
 5.04280e-06
 5.19052e-06
 5.10040e-06
 4.66154e-06
 3.76618e-06
 2.53556e-06
 1.38934e-06
 3.50656e-06
 3.57313e-06
 3.71284e-06
 3.92758e-06
 4.19530e-06
 4.48363e-06
 4.78462e-06
 5.02835e-06
 5.15567e-06
 5.14384e-06
 4.91407e-06
 4.38246e-06
 3.50479e-06
 2.41874e-06
 1.41504e-06
 7.14149e-07
 4.60264e-06
 4.67118e-06
 4.76677e-06
 4.88055e-06
 4.97870e-06
 5.03674e-06
 5.05910e-06
 4.99470e-06
 4.78204e-06
 4.38027e-06
 3.75103e-06
 2.91758e-06
 2.00923e-06
 1.22191e-06
 6.64900e-07
 3.24543e-07
 4.56333e-06
 4.61350e-06
 4.64024e-06
 4.64471e-06
 4.59428e-06
 4.46037e-06
 4.22675e-06
 3.86925e-06
 3.37574e-06
 2.75434e-06
 2.06867e-06
 1.41832e-06
 8.87229e-07
 5.09921e-07
 2.66688e-07
 1.25168e-07
 3.50068e-06
 3.49742e-06
 3.43449e-06
 3.30947e-06
 3.11225e-06
 2.83747e-06
 2.48500e-06
 2.06698e-06
 1.62066e-06
 1.19068e-06
 8.16930e-07
 5.24266e-07
 3.12451e-07
 1.71705e-07
 8.61494e-08
 3.88895e-08
 1.75073e-06
 1.71256e-06
 1.62641e-06
 1.49295e-06
 1.32166e-06
 1.12471e-06
 9.15614e-07
 7.07727e-07
 5.17612e-07
 3.58773e-07
 2.34857e-07
 1.44363e-07
 8.26620e-08
 4.37362e-08
 2.11512e-08
 9.20396e-09
 5.04360e-07
 4.82246e-07
 4.43048e-07
 3.91619e-07
 3.33476e-07
 2.72651e-07
 2.12971e-07
 1.58618e-07
 1.12582e-07
 7.58105e-08
 4.81418e-08
 2.86287e-08
 1.58139e-08
 8.04781e-09
 3.73187e-09
 1.55192e-09
 1.04457e-07
 9.75683e-08
 8.67190e-08
 7.36888e-08
 6.00838e-08
 4.69273e-08
 3.50942e-08
 2.50969e-08
 1.70871e-08
 1.10150e-08
 6.67956e-09
 3.78228e-09
 1.98262e-09
 9.53342e-10
 4.15608e-10
 1.61579e-10
 1.54126e-08
 1.38631e-08
 1.17365e-08
 9.39613e-09
 7.17295e-09
 5.25303e-09
 3.68738e-09
 2.47050e-09
 1.57158e-09
 9.43281e-10
 5.30270e-10
 2.76840e-10
 1.32926e-10
 5.80885e-11
 2.28242e-11
 7.95419e-12
 1.47869e-09
 1.25533e-09
 9.79751e-10
 7.08417e-10
 4.86475e-10
 3.20289e-10
 2.01177e-10
 1.19860e-10
 6.72915e-11
 3.53351e-11
 1.72090e-11
 7.70290e-12
 3.14436e-12
 1.16845e-12
 4.14551e-13
 2.21084e-13
 7.86525e-11
 6.02877e-11
 4.03153e-11
 2.38507e-11
 1.34539e-11
 7.20058e-12
 3.63222e-12
 1.71521e-12
 7.53394e-13
 3.06045e-13
 1.15803e-13
 4.95396e-14
 4.88828e-14
 9.18708e-14
 1.47381e-13
 1.96838e-13
 1.66800e-12
 1.02151e-12
 4.85593e-13
 1.91946e-13
 7.18400e-14
 2.58580e-14
 9.31139e-15
 3.70333e-15
 1.90924e-15
 1.63451e-15
 3.37368e-15
 1.04272e-14
 3.00311e-14
 7.13721e-14
 1.11623e-13
 1.19001e-13
 6.07662e-15
 2.43348e-15
 7.58787e-16
 5.46357e-16
 9.07631e-16
 1.31143e-15
 1.41907e-15
 1.23672e-15
 8.01042e-16
 3.42711e-16
 1.03632e-16
 2.63708e-17
 5.64746e-18
 1.01504e-18
 1.52424e-19
 1.89831e-20
 1.30756e-07
 1.08802e-07
 1.83647e-07
 4.27444e-07
 7.80277e-07
 1.04805e-06
 1.06146e-06
 7.90729e-07
 4.70676e-07
 3.30722e-07
 3.85387e-07
 6.88318e-07
 1.49747e-06
 3.06819e-06
 4.77628e-06
 5.56300e-06
 2.13099e-07
 1.76124e-07
 2.72630e-07
 6.13215e-07
 1.18066e-06
 1.64892e-06
 1.71846e-06
 1.32423e-06
 7.55713e-07
 4.30734e-07
 3.94954e-07
 6.16951e-07
 1.30334e-06
 2.76299e-06
 4.53577e-06
 5.45766e-06
 4.59632e-07
 4.14997e-07
 5.62777e-07
 1.01126e-06
 1.77701e-06
 2.38381e-06
 2.41783e-06
 1.87464e-06
 1.06753e-06
 5.53822e-07
 4.40324e-07
 6.05548e-07
 1.22030e-06
 2.60104e-06
 4.38012e-06
 5.36533e-06
 1.04767e-06
 1.01517e-06
 1.26844e-06
 1.88941e-06
 2.73620e-06
 3.22638e-06
 3.07177e-06
 2.33230e-06
 1.31823e-06
 6.57007e-07
 4.93805e-07
 6.35001e-07
 1.21185e-06
 2.55129e-06
 4.31374e-06
 5.30263e-06
 2.23140e-06
 2.21754e-06
 2.58986e-06
 3.28511e-06
 3.90155e-06
 4.01269e-06
 3.58034e-06
 2.62375e-06
 1.46149e-06
 7.23403e-07
 5.41271e-07
 6.91761e-07
 1.29514e-06
 2.66733e-06
 4.37224e-06
 5.26693e-06
 4.14906e-06
 4.10740e-06
 4.39380e-06
 4.75440e-06
 4.86045e-06
 4.55948e-06
 3.85063e-06
 2.69128e-06
 1.44959e-06
 7.33839e-07
 5.82238e-07
 7.75052e-07
 1.46006e-06
 2.91271e-06
 4.52487e-06
 5.25485e-06
 5.85506e-06
 5.74329e-06
 5.73657e-06
 5.63823e-06
 5.33428e-06
 4.74368e-06
 3.75601e-06
 2.39798e-06
 1.21875e-06
 6.85896e-07
 6.26213e-07
 9.06125e-07
 1.72978e-06
 3.26691e-06
 4.72877e-06
 5.24850e-06
 6.43057e-06
 6.28339e-06
 6.08518e-06
 5.76032e-06
 5.22231e-06
 4.36127e-06
 3.10905e-06
 1.77165e-06
 9.16313e-07
 6.42808e-07
 7.04836e-07
 1.12612e-06
 2.15838e-06
 3.74463e-06
 4.95058e-06
 5.21923e-06
 6.13269e-06
 5.96785e-06
 5.67130e-06
 5.16963e-06
 4.38904e-06
 3.30338e-06
 2.08685e-06
 1.15721e-06
 7.28445e-07
 6.59637e-07
 8.65653e-07
 1.50051e-06
 2.77528e-06
 4.27164e-06
 5.11144e-06
 5.13991e-06
 5.02079e-06
 4.81727e-06
 4.40936e-06
 3.77018e-06
 2.91971e-06
 1.98165e-06
 1.21418e-06
 7.89335e-07
 6.65112e-07
 7.72986e-07
 1.19474e-06
 2.13387e-06
 3.56176e-06
 4.76106e-06
 5.19141e-06
 4.98190e-06
 3.09944e-06
 2.91042e-06
 2.55187e-06
 2.06025e-06
 1.52121e-06
 1.05388e-06
 7.69623e-07
 6.80478e-07
 7.66254e-07
 1.09990e-06
 1.84174e-06
 3.05750e-06
 4.34429e-06
 5.08210e-06
 5.17407e-06
 4.69415e-06
 1.48612e-06
 1.38371e-06
 1.21488e-06
 1.01200e-06
 8.35111e-07
 7.29627e-07
 7.19722e-07
 8.43701e-07
 1.17166e-06
 1.83372e-06
 2.88488e-06
 4.07264e-06
 4.91350e-06
 5.20099e-06
 5.00066e-06
 4.17854e-06
 9.53733e-07
 9.07547e-07
 8.52736e-07
 8.08761e-07
 8.04471e-07
 8.76948e-07
 1.06535e-06
 1.44921e-06
 2.10555e-06
 3.03812e-06
 4.06110e-06
 4.83513e-06
 5.17657e-06
 5.10960e-06
 4.55360e-06
 3.36382e-06
 1.11383e-06
 1.09565e-06
 1.10481e-06
 1.16879e-06
 1.32009e-06
 1.60183e-06
 2.05529e-06
 2.69631e-06
 3.49358e-06
 4.29532e-06
 4.89212e-06
 5.17684e-06
 5.13798e-06
 4.69776e-06
 3.70878e-06
 2.34494e-06
 1.95857e-06
 1.99001e-06
 2.09290e-06
 2.29250e-06
 2.60680e-06
 3.03837e-06
 3.58027e-06
 4.15604e-06
 4.67581e-06
 5.04280e-06
 5.19052e-06
 5.10040e-06
 4.66154e-06
 3.76618e-06
 2.53556e-06
 1.38934e-06
 3.50656e-06
 3.57313e-06
 3.71284e-06
 3.92758e-06
 4.19530e-06
 4.48363e-06
 4.78462e-06
 5.02835e-06
 5.15567e-06
 5.14384e-06
 4.91407e-06
 4.38246e-06
 3.50479e-06
 2.41874e-06
 1.41504e-06
 7.14149e-07
 4.60264e-06
 4.67118e-06
 4.76677e-06
 4.88055e-06
 4.97870e-06
 5.03674e-06
 5.05910e-06
 4.99470e-06
 4.78204e-06
 4.38027e-06
 3.75103e-06
 2.91758e-06
 2.00923e-06
 1.22191e-06
 6.64900e-07
 3.24543e-07
 4.56333e-06
 4.61350e-06
 4.64024e-06
 4.64471e-06
 4.59428e-06
 4.46037e-06
 4.22675e-06
 3.86925e-06
 3.37574e-06
 2.75434e-06
 2.06867e-06
 1.41832e-06
 8.87229e-07
 5.09921e-07
 2.66688e-07
 1.25168e-07
 3.50068e-06
 3.49742e-06
 3.43449e-06
 3.30947e-06
 3.11225e-06
 2.83747e-06
 2.48500e-06
 2.06698e-06
 1.62066e-06
 1.19068e-06
 8.16930e-07
 5.24266e-07
 3.12451e-07
 1.71705e-07
 8.61494e-08
 3.88895e-08
 1.75073e-06
 1.71256e-06
 1.62641e-06
 1.49295e-06
 1.32166e-06
 1.12471e-06
 9.15614e-07
 7.07727e-07
 5.17612e-07
 3.58773e-07
 2.34857e-07
 1.44363e-07
 8.26620e-08
 4.37362e-08
 2.11512e-08
 9.20396e-09
 5.04360e-07
 4.82246e-07
 4.43048e-07
 3.91619e-07
 3.33476e-07
 2.72651e-07
 2.12971e-07
 1.58618e-07
 1.12582e-07
 7.58105e-08
 4.81418e-08
 2.86287e-08
 1.58139e-08
 8.04781e-09
 3.73187e-09
 1.55192e-09
 1.04457e-07
 9.75683e-08
 8.67190e-08
 7.36888e-08
 6.00838e-08
 4.69273e-08
 3.50942e-08
 2.50969e-08
 1.70871e-08
 1.10150e-08
 6.67956e-09
 3.78228e-09
 1.98262e-09
 9.53342e-10
 4.15608e-10
 1.61579e-10
 1.54126e-08
 1.38631e-08
 1.17365e-08
 9.39613e-09
 7.17295e-09
 5.25303e-09
 3.68738e-09
 2.47050e-09
 1.57158e-09
 9.43281e-10
 5.30270e-10
 2.76840e-10
 1.32926e-10
 5.80885e-11
 2.28242e-11
 7.95419e-12
 1.47869e-09
 1.25533e-09
 9.79751e-10
 7.08417e-10
 4.86475e-10
 3.20289e-10
 2.01177e-10
 1.19860e-10
 6.72915e-11
 3.53351e-11
 1.72090e-11
 7.70290e-12
 3.14436e-12
 1.16845e-12
 4.14551e-13
 2.21084e-13
 7.86525e-11
 6.02877e-11
 4.03153e-11
 2.38507e-11
 1.34539e-11
 7.20058e-12
 3.63222e-12
 1.71521e-12
 7.53394e-13
 3.06045e-13
 1.15803e-13
 4.95396e-14
 4.88828e-14
 9.18708e-14
 1.47381e-13
 1.96838e-13
 1.66800e-12
 1.02151e-12
 4.85593e-13
 1.91946e-13
 7.18400e-14
 2.58580e-14
 9.31139e-15
 3.70333e-15
 1.90924e-15
 1.63451e-15
 3.37368e-15
 1.04272e-14
 3.00311e-14
 7.13721e-14
 1.11623e-13
 1.19001e-13
 6.07662e-15
 2.43348e-15
 7.58787e-16
 5.46357e-16
 9.07631e-16
 1.31143e-15
 1.41907e-15
 1.23672e-15
 8.01042e-16
 3.42711e-16
 1.03632e-16
 2.63708e-17
 5.64746e-18
 1.01504e-18
 1.52424e-19
 1.89831e-20
part
         8
coordinates
 3.06819e-06
 4.77628e-06
 5.56300e-06
 5.27169e-06
 3.94947e-06
 2.00849e-06
 6.46529e-07
 1.60404e-07
 3.05939e-08
 7.19984e-09
 2.80620e-08
 8.52458e-08
 7.97790e-08
 1.93773e-08
 7.71282e-11
 2.76299e-06
 4.53577e-06
 5.45766e-06
 5.27568e-06
 4.10195e-06
 2.18579e-06
 7.30363e-07
 1.85705e-07
 3.66218e-08
 7.48736e-09
 2.09701e-08
 6.83454e-08
 7.03098e-08
 2.04629e-08
 2.05530e-10
 2.60104e-06
 4.38012e-06
 5.36533e-06
 5.24726e-06
 4.17100e-06
 2.29135e-06
 7.90627e-07
 2.05147e-07
 4.16347e-08
 7.96405e-09
 1.61070e-08
 5.47782e-08
 6.14931e-08
 2.08760e-08
 3.91717e-10
 2.55129e-06
 4.31374e-06
 5.30263e-06
 5.19426e-06
 4.16717e-06
 2.33060e-06
 8.20272e-07
 2.15910e-07
 4.47713e-08
 8.31901e-09
 1.26703e-08
 4.39606e-08
 5.30689e-08
 2.02411e-08
 5.64603e-10
 2.66733e-06
 4.37224e-06
 5.26693e-06
 5.12353e-06
 4.08332e-06
 2.27247e-06
 8.02440e-07
 2.15351e-07
 4.57741e-08
 8.38413e-09
 1.01555e-08
 3.53662e-08
 4.46402e-08
 1.82189e-08
 6.86348e-10
 2.91271e-06
 4.52487e-06
 5.25485e-06
 5.03745e-06
 3.92942e-06
 2.12606e-06
 7.38278e-07
 2.00211e-07
 4.32992e-08
 7.96031e-09
 8.24764e-09
 2.85023e-08
 3.69032e-08
 1.57040e-08
 7.48368e-10
 3.26691e-06
 4.72877e-06
 5.24850e-06
 4.91240e-06
 3.69049e-06
 1.90943e-06
 6.46820e-07
 1.76063e-07
 3.83683e-08
 7.12680e-09
 6.74862e-09
 2.29866e-08
 3.03617e-08
 1.34091e-08
 7.65114e-10
 3.74463e-06
 4.95058e-06
 5.21923e-06
 4.73213e-06
 3.36603e-06
 1.63781e-06
 5.41900e-07
 1.47734e-07
 3.23305e-08
 6.03311e-09
 5.53682e-09
 1.85248e-08
 2.47436e-08
 1.12339e-08
 7.37753e-10
 4.27164e-06
 5.11144e-06
 5.13991e-06
 4.45978e-06
 2.94728e-06
 1.32859e-06
 4.32125e-07
 1.16755e-07
 2.54352e-08
 4.80211e-09
 4.54077e-09
 1.48916e-08
 1.99122e-08
 9.17913e-09
 6.61140e-10
 4.76106e-06
 5.19141e-06
 4.98190e-06
 4.04724e-06
 2.42528e-06
 1.00135e-06
 3.24402e-07
 8.76126e-08
 1.90451e-08
 3.65751e-09
 3.71657e-09
 1.19149e-08
 1.57885e-08
 7.30159e-09
 5.54876e-10
 5.08210e-06
 5.17407e-06
 4.69415e-06
 3.45750e-06
 1.84569e-06
 7.13843e-07
 2.30234e-07
 6.17779e-08
 1.33431e-08
 2.63300e-09
 3.03225e-09
 9.46329e-09
 1.23010e-08
 5.64447e-09
 4.41067e-10
 5.20099e-06
 5.00066e-06
 4.17854e-06
 2.70879e-06
 1.28230e-06
 4.80283e-07
 1.53299e-07
 4.06752e-08
 8.69543e-09
 1.79640e-09
 2.46587e-09
 7.43640e-09
 9.38262e-09
 4.22561e-09
 3.32159e-10
 5.10960e-06
 4.55360e-06
 3.36382e-06
 1.89492e-06
 8.21174e-07
 3.02329e-07
 9.49680e-08
 2.48054e-08
 5.23161e-09
 1.17099e-09
 1.99800e-09
 5.75774e-09
 6.97197e-09
 3.04700e-09
 2.35513e-10
 4.69776e-06
 3.70878e-06
 2.34494e-06
 1.16721e-06
 4.86341e-07
 1.75881e-07
 5.41495e-08
 1.38592e-08
 2.87966e-09
 7.42524e-10
 1.61034e-09
 4.36902e-09
 5.01397e-09
 2.10104e-09
 1.56145e-10
 3.76618e-06
 2.53556e-06
 1.38934e-06
 6.44680e-07
 2.63135e-07
 9.30289e-08
 2.79726e-08
 6.98707e-09
 1.43663e-09
 4.72920e-10
 1.28591e-09
 3.22620e-09
 3.45905e-09
 1.37201e-09
 9.60819e-11
 2.41874e-06
 1.41504e-06
 7.14149e-07
 3.22322e-07
 1.27909e-07
 4.39551e-08
 1.28475e-08
 3.11794e-09
 6.46490e-10
 3.16409e-10
 1.01137e-09
 2.29531e-09
 2.26158e-09
 8.37140e-10
 5.43582e-11
 1.22191e-06
 6.64900e-07
 3.24543e-07
 1.41622e-07
 5.43480e-08
 1.80725e-08
 5.11255e-09
 1.20180e-09
 2.66851e-10
 2.29909e-10
 7.73810e-10
 1.55185e-09
 1.38001e-09
 4.68199e-10
 2.77794e-11
 5.09921e-07
 2.66688e-07
 1.25168e-07
 5.25942e-08
 1.94607e-08
 6.24383e-09
 1.70262e-09
 3.89819e-10
 1.10783e-10
 1.79563e-10
 5.64099e-10
 9.78273e-10
 7.70387e-10
 2.33249e-10
 1.24049e-11
 1.71705e-07
 8.61494e-08
 3.88895e-08
 1.57377e-08
 5.60935e-09
 1.73152e-09
 4.53256e-10
 1.06525e-10
 5.71841e-11
 1.44049e-10
 3.81372e-10
 5.58459e-10
 3.81491e-10
 9.88598e-11
 4.62992e-12
 4.37362e-08
 2.11512e-08
 9.20396e-09
 3.58482e-09
 1.22652e-09
 3.61881e-10
 9.17413e-11
 2.92828e-11
 4.16996e-11
 1.12674e-10
 2.30777e-10
 2.75261e-10
 1.59004e-10
 3.31354e-11
 1.35170e-12
 8.04781e-09
 3.73187e-09
 1.55192e-09
 5.75116e-10
 1.86223e-10
 5.21222e-11
 1.52743e-11
 1.43309e-11
 3.63627e-11
 7.98670e-11
 1.18886e-10
 1.08769e-10
 5.05698e-11
 7.88696e-12
 2.75856e-13
 9.53342e-10
 4.15608e-10
 1.61579e-10
 5.56059e-11
 1.67944e-11
 5.39535e-12
 5.14798e-12
 1.32243e-11
 2.93869e-11
 4.53296e-11
 4.74769e-11
 3.07346e-11
 1.01085e-11
 1.10503e-12
 3.10754e-14
 5.80885e-11
 2.28242e-11
 7.95419e-12
 2.53150e-12
 1.21656e-12
 2.00086e-12
 5.16944e-12
 1.11442e-11
 1.67910e-11
 1.76291e-11
 1.24715e-11
 5.00342e-12
 7.90055e-13
 5.00319e-14
 7.52549e-16
 1.16845e-12
 4.14551e-13
 2.21084e-13
 3.52334e-13
 9.93919e-13
 2.21800e-12
 4.05278e-12
 5.28312e-12
 4.99206e-12
 3.61263e-12
 1.57319e-12
 2.76069e-13
 2.30862e-14
 7.84861e-16
 6.21313e-18
 9.18708e-14
 1.47381e-13
 1.96838e-13
 3.00546e-13
 6.62247e-13
 1.12659e-12
 1.24980e-12
 9.47558e-13
 4.34576e-13
 9.41195e-14
 1.22063e-14
 9.24617e-16
 3.66078e-17
 6.04761e-19
 2.35944e-21
 7.13721e-14
 1.11623e-13
 1.19001e-13
 9.14895e-14
 4.57197e-14
 1.33179e-14
 2.81383e-15
 4.37249e-16
 4.89518e-17
 3.81557e-18
 1.96719e-19
 6.20653e-21
 1.05615e-22
 7.67295e-25
 1.33995e-27
 1.01504e-18
 1.52424e-19
 1.89831e-20
 1.94493e-21
 1.61881e-22
 1.07806e-23
 5.63547e-25
 2.25695e-26
 6.71209e-28
 1.42240e-29
 2.02972e-31
 1.79653e-33
 8.66302e-36
 1.79663e-38
 9.00495e-42
 3.06819e-06
 4.77628e-06
 5.56300e-06
 5.27169e-06
 3.94947e-06
 2.00849e-06
 6.46529e-07
 1.60404e-07
 3.05939e-08
 7.19984e-09
 2.80620e-08
 8.52458e-08
 7.97790e-08
 1.93773e-08
 7.71282e-11
 2.76299e-06
 4.53577e-06
 5.45766e-06
 5.27568e-06
 4.10195e-06
 2.18579e-06
 7.30363e-07
 1.85705e-07
 3.66218e-08
 7.48736e-09
 2.09701e-08
 6.83454e-08
 7.03098e-08
 2.04629e-08
 2.05530e-10
 2.60104e-06
 4.38012e-06
 5.36533e-06
 5.24726e-06
 4.17100e-06
 2.29135e-06
 7.90627e-07
 2.05147e-07
 4.16347e-08
 7.96405e-09
 1.61070e-08
 5.47782e-08
 6.14931e-08
 2.08760e-08
 3.91717e-10
 2.55129e-06
 4.31374e-06
 5.30263e-06
 5.19426e-06
 4.16717e-06
 2.33060e-06
 8.20272e-07
 2.15910e-07
 4.47713e-08
 8.31901e-09
 1.26703e-08
 4.39606e-08
 5.30689e-08
 2.02411e-08
 5.64603e-10
 2.66733e-06
 4.37224e-06
 5.26693e-06
 5.12353e-06
 4.08332e-06
 2.27247e-06
 8.02440e-07
 2.15351e-07
 4.57741e-08
 8.38413e-09
 1.01555e-08
 3.53662e-08
 4.46402e-08
 1.82189e-08
 6.86348e-10
 2.91271e-06
 4.52487e-06
 5.25485e-06
 5.03745e-06
 3.92942e-06
 2.12606e-06
 7.38278e-07
 2.00211e-07
 4.32992e-08
 7.96031e-09
 8.24764e-09
 2.85023e-08
 3.69032e-08
 1.57040e-08
 7.48368e-10
 3.26691e-06
 4.72877e-06
 5.24850e-06
 4.91240e-06
 3.69049e-06
 1.90943e-06
 6.46820e-07
 1.76063e-07
 3.83683e-08
 7.12680e-09
 6.74862e-09
 2.29866e-08
 3.03617e-08
 1.34091e-08
 7.65114e-10
 3.74463e-06
 4.95058e-06
 5.21923e-06
 4.73213e-06
 3.36603e-06
 1.63781e-06
 5.41900e-07
 1.47734e-07
 3.23305e-08
 6.03311e-09
 5.53682e-09
 1.85248e-08
 2.47436e-08
 1.12339e-08
 7.37753e-10
 4.27164e-06
 5.11144e-06
 5.13991e-06
 4.45978e-06
 2.94728e-06
 1.32859e-06
 4.32125e-07
 1.16755e-07
 2.54352e-08
 4.80211e-09
 4.54077e-09
 1.48916e-08
 1.99122e-08
 9.17913e-09
 6.61140e-10
 4.76106e-06
 5.19141e-06
 4.98190e-06
 4.04724e-06
 2.42528e-06
 1.00135e-06
 3.24402e-07
 8.76126e-08
 1.90451e-08
 3.65751e-09
 3.71657e-09
 1.19149e-08
 1.57885e-08
 7.30159e-09
 5.54876e-10
 5.08210e-06
 5.17407e-06
 4.69415e-06
 3.45750e-06
 1.84569e-06
 7.13843e-07
 2.30234e-07
 6.17779e-08
 1.33431e-08
 2.63300e-09
 3.03225e-09
 9.46329e-09
 1.23010e-08
 5.64447e-09
 4.41067e-10
 5.20099e-06
 5.00066e-06
 4.17854e-06
 2.70879e-06
 1.28230e-06
 4.80283e-07
 1.53299e-07
 4.06752e-08
 8.69543e-09
 1.79640e-09
 2.46587e-09
 7.43640e-09
 9.38262e-09
 4.22561e-09
 3.32159e-10
 5.10960e-06
 4.55360e-06
 3.36382e-06
 1.89492e-06
 8.21174e-07
 3.02329e-07
 9.49680e-08
 2.48054e-08
 5.23161e-09
 1.17099e-09
 1.99800e-09
 5.75774e-09
 6.97197e-09
 3.04700e-09
 2.35513e-10
 4.69776e-06
 3.70878e-06
 2.34494e-06
 1.16721e-06
 4.86341e-07
 1.75881e-07
 5.41495e-08
 1.38592e-08
 2.87966e-09
 7.42524e-10
 1.61034e-09
 4.36902e-09
 5.01397e-09
 2.10104e-09
 1.56145e-10
 3.76618e-06
 2.53556e-06
 1.38934e-06
 6.44680e-07
 2.63135e-07
 9.30289e-08
 2.79726e-08
 6.98707e-09
 1.43663e-09
 4.72920e-10
 1.28591e-09
 3.22620e-09
 3.45905e-09
 1.37201e-09
 9.60819e-11
 2.41874e-06
 1.41504e-06
 7.14149e-07
 3.22322e-07
 1.27909e-07
 4.39551e-08
 1.28475e-08
 3.11794e-09
 6.46490e-10
 3.16409e-10
 1.01137e-09
 2.29531e-09
 2.26158e-09
 8.37140e-10
 5.43582e-11
 1.22191e-06
 6.64900e-07
 3.24543e-07
 1.41622e-07
 5.43480e-08
 1.80725e-08
 5.11255e-09
 1.20180e-09
 2.66851e-10
 2.29909e-10
 7.73810e-10
 1.55185e-09
 1.38001e-09
 4.68199e-10
 2.77794e-11
 5.09921e-07
 2.66688e-07
 1.25168e-07
 5.25942e-08
 1.94607e-08
 6.24383e-09
 1.70262e-09
 3.89819e-10
 1.10783e-10
 1.79563e-10
 5.64099e-10
 9.78273e-10
 7.70387e-10
 2.33249e-10
 1.24049e-11
 1.71705e-07
 8.61494e-08
 3.88895e-08
 1.57377e-08
 5.60935e-09
 1.73152e-09
 4.53256e-10
 1.06525e-10
 5.71841e-11
 1.44049e-10
 3.81372e-10
 5.58459e-10
 3.81491e-10
 9.88598e-11
 4.62992e-12
 4.37362e-08
 2.11512e-08
 9.20396e-09
 3.58482e-09
 1.22652e-09
 3.61881e-10
 9.17413e-11
 2.92828e-11
 4.16996e-11
 1.12674e-10
 2.30777e-10
 2.75261e-10
 1.59004e-10
 3.31354e-11
 1.35170e-12
 8.04781e-09
 3.73187e-09
 1.55192e-09
 5.75116e-10
 1.86223e-10
 5.21222e-11
 1.52743e-11
 1.43309e-11
 3.63627e-11
 7.98670e-11
 1.18886e-10
 1.08769e-10
 5.05698e-11
 7.88696e-12
 2.75856e-13
 9.53342e-10
 4.15608e-10
 1.61579e-10
 5.56059e-11
 1.67944e-11
 5.39535e-12
 5.14798e-12
 1.32243e-11
 2.93869e-11
 4.53296e-11
 4.74769e-11
 3.07346e-11
 1.01085e-11
 1.10503e-12
 3.10754e-14
 5.80885e-11
 2.28242e-11
 7.95419e-12
 2.53150e-12
 1.21656e-12
 2.00086e-12
 5.16944e-12
 1.11442e-11
 1.67910e-11
 1.76291e-11
 1.24715e-11
 5.00342e-12
 7.90055e-13
 5.00319e-14
 7.52549e-16
 1.16845e-12
 4.14551e-13
 2.21084e-13
 3.52334e-13
 9.93919e-13
 2.21800e-12
 4.05278e-12
 5.28312e-12
 4.99206e-12
 3.61263e-12
 1.57319e-12
 2.76069e-13
 2.30862e-14
 7.84861e-16
 6.21313e-18
 9.18708e-14
 1.47381e-13
 1.96838e-13
 3.00546e-13
 6.62247e-13
 1.12659e-12
 1.24980e-12
 9.47558e-13
 4.34576e-13
 9.41195e-14
 1.22063e-14
 9.24617e-16
 3.66078e-17
 6.04761e-19
 2.35944e-21
 7.13721e-14
 1.11623e-13
 1.19001e-13
 9.14895e-14
 4.57197e-14
 1.33179e-14
 2.81383e-15
 4.37249e-16
 4.89518e-17
 3.81557e-18
 1.96719e-19
 6.20653e-21
 1.05615e-22
 7.67295e-25
 1.33995e-27
 1.01504e-18
 1.52424e-19
 1.89831e-20
 1.94493e-21
 1.61881e-22
 1.07806e-23
 5.63547e-25
 2.25695e-26
 6.71209e-28
 1.42240e-29
 2.02972e-31
 1.79653e-33
 8.66302e-36
 1.79663e-38
 9.00495e-42
