NodeMass
part
         1
coordinates
 4.06255e-47
 1.26075e-43
 9.56514e-41
 3.15975e-38
 5.76212e-36
 6.61114e-34
 5.18681e-32
 2.94853e-30
 1.26752e-28
 4.25840e-27
 1.14779e-25
 2.53564e-24
 4.67350e-23
 7.29539e-22
 9.76953e-21
 1.49456e-32
 1.44878e-29
 3.44319e-27
 3.57311e-25
 2.05249e-23
 7.43659e-22
 1.84666e-20
 3.32934e-19
 4.54715e-18
 4.86124e-17
 4.17557e-16
 2.94404e-15
 1.73479e-14
 8.67629e-14
 3.73321e-13
 1.03294e-25
 5.42373e-23
 7.01173e-21
 3.97424e-19
 1.25162e-17
 2.49476e-16
 3.41827e-15
 3.40962e-14
 2.58301e-13
 1.53589e-12
 7.36227e-12
 2.91003e-11
 9.67489e-11
 2.75495e-10
 6.83332e-10
 1.11509e-21
 3.65965e-19
 2.98360e-17
 1.07606e-15
 2.17565e-14
 2.80882e-13
 2.51545e-12
 1.65590e-11
 8.36996e-11
 3.36406e-10
 1.10744e-09
 3.06539e-09
 7.30631e-09
 1.53233e-08
 2.88293e-08
 3.49508e-19
 7.76200e-17
 4.36900e-15
 1.11055e-13
 1.61598e-12
 1.53373e-11
 1.03192e-10
 5.21857e-10
 2.07330e-09
 6.70260e-09
 1.81492e-08
 4.21661e-08
 8.57654e-08
 1.55381e-07
 2.54757e-07
 1.46230e-17
 2.40135e-15
 1.03333e-13
 2.06917e-12
 2.43398e-11
 1.90804e-10
 1.07906e-09
 4.65283e-09
 1.59555e-08
 4.50422e-08
 1.07824e-07
 2.24557e-07
 4.15844e-07
 6.92275e-07
 1.01757e-06
 2.05264e-16
 2.69341e-14
 9.58227e-13
 1.62905e-11
 1.66027e-10
 1.14513e-09
 5.76427e-09
 2.23187e-08
 6.92093e-08
 1.77776e-07
 3.89628e-07
 7.43778e-07
 1.20263e-06
 1.66135e-06
 2.02318e-06
 1.52129e-15
 1.68308e-13
 5.19695e-12
 7.82449e-11
 7.16518e-10
 4.48818e-09
 2.06841e-08
 7.37922e-08
 2.12082e-07
 5.08284e-07
 1.00214e-06
 1.60383e-06
 2.11497e-06
 2.41749e-06
 2.49428e-06
 7.40483e-15
 7.16691e-13
 1.98250e-11
 2.71559e-10
 2.28644e-09
 1.32688e-08
 5.69980e-08
 1.90650e-07
 5.16991e-07
 1.10632e-06
 1.81554e-06
 2.35712e-06
 2.59271e-06
 2.56376e-06
 2.32708e-06
 2.66658e-14
 2.32203e-12
 5.88776e-11
 7.47907e-10
 5.88413e-09
 3.20730e-08
 1.29974e-07
 4.12691e-07
 1.01702e-06
 1.82258e-06
 2.44136e-06
 2.68039e-06
 2.60444e-06
 2.26137e-06
 1.74996e-06
 7.63847e-14
 6.12247e-12
 1.44859e-10
 1.73167e-09
 1.28922e-08
 6.67172e-08
 2.56765e-07
 7.69049e-07
 1.62255e-06
 2.38935e-06
 2.72645e-06
 2.67165e-06
 2.27696e-06
 1.65832e-06
 1.08218e-06
 1.82485e-13
 1.37286e-11
 3.07493e-10
 3.49924e-09
 2.49055e-08
 1.23721e-07
 4.59405e-07
 1.23092e-06
 2.16907e-06
 2.71648e-06
 2.77229e-06
 2.40577e-06
 1.72206e-06
 1.07627e-06
 7.09795e-07
 3.75532e-13
 2.69847e-11
 5.79305e-10
 6.33552e-09
 4.34099e-08
 2.07612e-07
 7.36781e-07
 1.69534e-06
 2.53556e-06
 2.83601e-06
 2.61978e-06
 1.94807e-06
 1.20498e-06
 7.77853e-07
 6.42518e-07
 6.80920e-13
 4.74933e-11
 9.87998e-10
 1.04695e-08
 6.95123e-08
 3.22928e-07
 1.05923e-06
 2.09470e-06
 2.75053e-06
 2.80904e-06
 2.30150e-06
 1.48469e-06
 9.11924e-07
 7.14370e-07
 7.61274e-07
 1.10542e-12
 7.60008e-11
 1.54761e-09
 1.60157e-08
 1.03765e-07
 4.71122e-07
 1.38627e-06
 2.40780e-06
 2.86824e-06
 2.67917e-06
 1.93490e-06
 1.15837e-06
 8.07070e-07
 7.88496e-07
 1.09301e-06
 1.62483e-12
 1.11820e-10
 2.25039e-09
 2.29080e-08
 1.45531e-07
 6.42295e-07
 1.68200e-06
 2.62544e-06
 2.90005e-06
 2.47115e-06
 1.61146e-06
 9.90418e-07
 8.18220e-07
 1.00436e-06
 1.71964e-06
 2.18510e-12
 1.52537e-10
 3.06135e-09
 3.08396e-08
 1.92504e-07
 8.18992e-07
 1.93453e-06
 2.77470e-06
 2.87505e-06
 2.24386e-06
 1.37060e-06
 9.28584e-07
 9.18789e-07
 1.40606e-06
 2.59910e-06
 2.70137e-12
 1.94489e-10
 3.92010e-09
 3.93262e-08
 2.42774e-07
 9.91664e-07
 2.14837e-06
 2.87763e-06
 2.80807e-06
 2.03607e-06
 1.21918e-06
 9.25269e-07
 1.09759e-06
 1.97880e-06
 3.50395e-06
 3.06943e-12
 2.33623e-10
 4.78723e-09
 4.80014e-08
 2.93668e-07
 1.14484e-06
 2.31984e-06
 2.94800e-06
 2.72334e-06
 1.86482e-06
 1.13676e-06
 9.68088e-07
 1.36421e-06
 2.62555e-06
 4.23838e-06
 3.17009e-12
 2.62665e-10
 5.53079e-09
 5.58994e-08
 3.43219e-07
 1.27323e-06
 2.45261e-06
 2.99938e-06
 2.63733e-06
 1.72861e-06
 1.09747e-06
 1.04313e-06
 1.69634e-06
 3.22623e-06
 4.75168e-06
 2.96257e-12
 2.71626e-10
 6.03165e-09
 6.21516e-08
 3.84223e-07
 1.37883e-06
 2.56088e-06
 3.04083e-06
 2.57259e-06
 1.63485e-06
 1.08286e-06
 1.13950e-06
 2.05461e-06
 3.72655e-06
 5.07806e-06
 2.49626e-12
 2.60346e-10
 6.17527e-09
 6.58899e-08
 4.14084e-07
 1.45469e-06
 2.64205e-06
 3.07827e-06
 2.53535e-06
 1.57853e-06
 1.08179e-06
 1.23157e-06
 2.34831e-06
 4.08881e-06
 5.28358e-06
 1.85114e-12
 2.32902e-10
 5.94060e-09
 6.61544e-08
 4.26926e-07
 1.50253e-06
 2.70664e-06
 3.11987e-06
 2.52886e-06
 1.55420e-06
 1.08742e-06
 1.31158e-06
 2.56079e-06
 4.32558e-06
 5.41526e-06
 1.15049e-12
 1.90889e-10
 5.41878e-09
 6.33723e-08
 4.19776e-07
 1.51509e-06
 2.75376e-06
 3.17303e-06
 2.56063e-06
 1.56283e-06
 1.09202e-06
 1.35006e-06
 2.66784e-06
 4.45682e-06
 5.50650e-06
 5.40514e-13
 1.39325e-10
 4.62559e-09
 5.80388e-08
 3.99149e-07
 1.49322e-06
 2.77715e-06
 3.23847e-06
 2.62387e-06
 1.59394e-06
 1.09134e-06
 1.32749e-06
 2.63480e-06
 4.46223e-06
 5.56275e-06
 1.67425e-13
 8.65714e-11
 3.66126e-09
 5.06555e-08
 3.65565e-07
 1.44323e-06
 2.78521e-06
 3.31593e-06
 2.72289e-06
 1.65729e-06
 1.09187e-06
 1.27174e-06
 2.51159e-06
 4.36249e-06
 5.57882e-06
 3.36425e-14
 4.64555e-11
 2.70433e-09
 4.23854e-08
 3.23839e-07
 1.36274e-06
 2.76154e-06
 3.38993e-06
 2.85700e-06
 1.76474e-06
 1.10663e-06
 1.19743e-06
 2.29919e-06
 4.14124e-06
 5.51965e-06
 6.17943e-15
 2.34949e-11
 1.90304e-09
 3.41514e-08
 2.78622e-07
 1.25238e-06
 2.69076e-06
 3.44206e-06
 3.01799e-06
 1.92559e-06
 1.15488e-06
 1.12536e-06
 2.02130e-06
 3.77649e-06
 5.32933e-06
 4.06255e-47
 1.26075e-43
 9.56514e-41
 3.15975e-38
 5.76212e-36
 6.61114e-34
 5.18681e-32
 2.94853e-30
 1.26752e-28
 4.25840e-27
 1.14779e-25
 2.53564e-24
 4.67350e-23
 7.29539e-22
 9.76953e-21
 1.49456e-32
 1.44878e-29
 3.44319e-27
 3.57311e-25
 2.05249e-23
 7.43659e-22
 1.84666e-20
 3.32934e-19
 4.54715e-18
 4.86124e-17
 4.17557e-16
 2.94404e-15
 1.73479e-14
 8.67629e-14
 3.73321e-13
 1.03294e-25
 5.42373e-23
 7.01173e-21
 3.97424e-19
 1.25162e-17
 2.49476e-16
 3.41827e-15
 3.40962e-14
 2.58301e-13
 1.53589e-12
 7.36227e-12
 2.91003e-11
 9.67489e-11
 2.75495e-10
 6.83332e-10
 1.11509e-21
 3.65965e-19
 2.98360e-17
 1.07606e-15
 2.17565e-14
 2.80882e-13
 2.51545e-12
 1.65590e-11
 8.36996e-11
 3.36406e-10
 1.10744e-09
 3.06539e-09
 7.30631e-09
 1.53233e-08
 2.88293e-08
 3.49508e-19
 7.76200e-17
 4.36900e-15
 1.11055e-13
 1.61598e-12
 1.53373e-11
 1.03192e-10
 5.21857e-10
 2.07330e-09
 6.70260e-09
 1.81492e-08
 4.21661e-08
 8.57654e-08
 1.55381e-07
 2.54757e-07
 1.46230e-17
 2.40135e-15
 1.03333e-13
 2.06917e-12
 2.43398e-11
 1.90804e-10
 1.07906e-09
 4.65283e-09
 1.59555e-08
 4.50422e-08
 1.07824e-07
 2.24557e-07
 4.15844e-07
 6.92275e-07
 1.01757e-06
 2.05264e-16
 2.69341e-14
 9.58227e-13
 1.62905e-11
 1.66027e-10
 1.14513e-09
 5.76427e-09
 2.23187e-08
 6.92093e-08
 1.77776e-07
 3.89628e-07
 7.43778e-07
 1.20263e-06
 1.66135e-06
 2.02318e-06
 1.52129e-15
 1.68308e-13
 5.19695e-12
 7.82449e-11
 7.16518e-10
 4.48818e-09
 2.06841e-08
 7.37922e-08
 2.12082e-07
 5.08284e-07
 1.00214e-06
 1.60383e-06
 2.11497e-06
 2.41749e-06
 2.49428e-06
 7.40483e-15
 7.16691e-13
 1.98250e-11
 2.71559e-10
 2.28644e-09
 1.32688e-08
 5.69980e-08
 1.90650e-07
 5.16991e-07
 1.10632e-06
 1.81554e-06
 2.35712e-06
 2.59271e-06
 2.56376e-06
 2.32708e-06
 2.66658e-14
 2.32203e-12
 5.88776e-11
 7.47907e-10
 5.88413e-09
 3.20730e-08
 1.29974e-07
 4.12691e-07
 1.01702e-06
 1.82258e-06
 2.44136e-06
 2.68039e-06
 2.60444e-06
 2.26137e-06
 1.74996e-06
 7.63847e-14
 6.12247e-12
 1.44859e-10
 1.73167e-09
 1.28922e-08
 6.67172e-08
 2.56765e-07
 7.69049e-07
 1.62255e-06
 2.38935e-06
 2.72645e-06
 2.67165e-06
 2.27696e-06
 1.65832e-06
 1.08218e-06
 1.82485e-13
 1.37286e-11
 3.07493e-10
 3.49924e-09
 2.49055e-08
 1.23721e-07
 4.59405e-07
 1.23092e-06
 2.16907e-06
 2.71648e-06
 2.77229e-06
 2.40577e-06
 1.72206e-06
 1.07627e-06
 7.09795e-07
 3.75532e-13
 2.69847e-11
 5.79305e-10
 6.33552e-09
 4.34099e-08
 2.07612e-07
 7.36781e-07
 1.69534e-06
 2.53556e-06
 2.83601e-06
 2.61978e-06
 1.94807e-06
 1.20498e-06
 7.77853e-07
 6.42518e-07
 6.80920e-13
 4.74933e-11
 9.87998e-10
 1.04695e-08
 6.95123e-08
 3.22928e-07
 1.05923e-06
 2.09470e-06
 2.75053e-06
 2.80904e-06
 2.30150e-06
 1.48469e-06
 9.11924e-07
 7.14370e-07
 7.61274e-07
 1.10542e-12
 7.60008e-11
 1.54761e-09
 1.60157e-08
 1.03765e-07
 4.71122e-07
 1.38627e-06
 2.40780e-06
 2.86824e-06
 2.67917e-06
 1.93490e-06
 1.15837e-06
 8.07070e-07
 7.88496e-07
 1.09301e-06
 1.62483e-12
 1.11820e-10
 2.25039e-09
 2.29080e-08
 1.45531e-07
 6.42295e-07
 1.68200e-06
 2.62544e-06
 2.90005e-06
 2.47115e-06
 1.61146e-06
 9.90418e-07
 8.18220e-07
 1.00436e-06
 1.71964e-06
 2.18510e-12
 1.52537e-10
 3.06135e-09
 3.08396e-08
 1.92504e-07
 8.18992e-07
 1.93453e-06
 2.77470e-06
 2.87505e-06
 2.24386e-06
 1.37060e-06
 9.28584e-07
 9.18789e-07
 1.40606e-06
 2.59910e-06
 2.70137e-12
 1.94489e-10
 3.92010e-09
 3.93262e-08
 2.42774e-07
 9.91664e-07
 2.14837e-06
 2.87763e-06
 2.80807e-06
 2.03607e-06
 1.21918e-06
 9.25269e-07
 1.09759e-06
 1.97880e-06
 3.50395e-06
 3.06943e-12
 2.33623e-10
 4.78723e-09
 4.80014e-08
 2.93668e-07
 1.14484e-06
 2.31984e-06
 2.94800e-06
 2.72334e-06
 1.86482e-06
 1.13676e-06
 9.68088e-07
 1.36421e-06
 2.62555e-06
 4.23838e-06
 3.17009e-12
 2.62665e-10
 5.53079e-09
 5.58994e-08
 3.43219e-07
 1.27323e-06
 2.45261e-06
 2.99938e-06
 2.63733e-06
 1.72861e-06
 1.09747e-06
 1.04313e-06
 1.69634e-06
 3.22623e-06
 4.75168e-06
 2.96257e-12
 2.71626e-10
 6.03165e-09
 6.21516e-08
 3.84223e-07
 1.37883e-06
 2.56088e-06
 3.04083e-06
 2.57259e-06
 1.63485e-06
 1.08286e-06
 1.13950e-06
 2.05461e-06
 3.72655e-06
 5.07806e-06
 2.49626e-12
 2.60346e-10
 6.17527e-09
 6.58899e-08
 4.14084e-07
 1.45469e-06
 2.64205e-06
 3.07827e-06
 2.53535e-06
 1.57853e-06
 1.08179e-06
 1.23157e-06
 2.34831e-06
 4.08881e-06
 5.28358e-06
 1.85114e-12
 2.32902e-10
 5.94060e-09
 6.61544e-08
 4.26926e-07
 1.50253e-06
 2.70664e-06
 3.11987e-06
 2.52886e-06
 1.55420e-06
 1.08742e-06
 1.31158e-06
 2.56079e-06
 4.32558e-06
 5.41526e-06
 1.15049e-12
 1.90889e-10
 5.41878e-09
 6.33723e-08
 4.19776e-07
 1.51509e-06
 2.75376e-06
 3.17303e-06
 2.56063e-06
 1.56283e-06
 1.09202e-06
 1.35006e-06
 2.66784e-06
 4.45682e-06
 5.50650e-06
 5.40514e-13
 1.39325e-10
 4.62559e-09
 5.80388e-08
 3.99149e-07
 1.49322e-06
 2.77715e-06
 3.23847e-06
 2.62387e-06
 1.59394e-06
 1.09134e-06
 1.32749e-06
 2.63480e-06
 4.46223e-06
 5.56275e-06
 1.67425e-13
 8.65714e-11
 3.66126e-09
 5.06555e-08
 3.65565e-07
 1.44323e-06
 2.78521e-06
 3.31593e-06
 2.72289e-06
 1.65729e-06
 1.09187e-06
 1.27174e-06
 2.51159e-06
 4.36249e-06
 5.57882e-06
 3.36425e-14
 4.64555e-11
 2.70433e-09
 4.23854e-08
 3.23839e-07
 1.36274e-06
 2.76154e-06
 3.38993e-06
 2.85700e-06
 1.76474e-06
 1.10663e-06
 1.19743e-06
 2.29919e-06
 4.14124e-06
 5.51965e-06
 6.17943e-15
 2.34949e-11
 1.90304e-09
 3.41514e-08
 2.78622e-07
 1.25238e-06
 2.69076e-06
 3.44206e-06
 3.01799e-06
 1.92559e-06
 1.15488e-06
 1.12536e-06
 2.02130e-06
 3.77649e-06
 5.32933e-06
part
         2
coordinates
 1.14779e-25
 2.53564e-24
 4.67350e-23
 7.29539e-22
 9.76953e-21
 1.13476e-19
 1.15419e-18
 1.03644e-17
 8.27460e-17
 5.90791e-16
 3.79025e-15
 2.19289e-14
 1.14685e-13
 5.42717e-13
 2.32238e-12
 8.95937e-12
 2.41566e-11
 4.17557e-16
 2.94404e-15
 1.73479e-14
 8.67629e-14
 3.73321e-13
 1.39870e-12
 4.61296e-12
 1.35261e-11
 3.55874e-11
 8.47416e-11
 1.84140e-10
 3.68083e-10
 6.82257e-10
 1.18162e-09
 1.92478e-09
 2.92437e-09
 4.01007e-09
 7.36227e-12
 2.91003e-11
 9.67489e-11
 2.75495e-10
 6.83332e-10
 1.50019e-09
 2.95964e-09
 5.32217e-09
 8.83887e-09
 1.37189e-08
 2.01089e-08
 2.80802e-08
 3.76106e-08
 4.84100e-08
 5.97343e-08
 7.09245e-08
 8.10550e-08
 1.10744e-09
 3.06539e-09
 7.30631e-09
 1.53233e-08
 2.88293e-08
 4.94895e-08
 7.86804e-08
 1.17386e-07
 1.66117e-07
 2.24341e-07
 2.87682e-07
 3.51098e-07
 4.11937e-07
 4.67140e-07
 5.13315e-07
 5.48021e-07
 5.70049e-07
 1.81492e-08
 4.21661e-08
 8.57654e-08
 1.55381e-07
 2.54757e-07
 3.84096e-07
 5.40772e-07
 7.13752e-07
 8.87921e-07
 1.04649e-06
 1.17379e-06
 1.26754e-06
 1.33383e-06
 1.37179e-06
 1.37654e-06
 1.36140e-06
 1.33738e-06
 1.07824e-07
 2.24557e-07
 4.15844e-07
 6.92275e-07
 1.01757e-06
 1.32836e-06
 1.58859e-06
 1.78559e-06
 1.92411e-06
 1.99566e-06
 2.01022e-06
 1.99156e-06
 1.94182e-06
 1.86785e-06
 1.77156e-06
 1.66899e-06
 1.57602e-06
 3.89628e-07
 7.43778e-07
 1.20263e-06
 1.66135e-06
 2.02318e-06
 2.24884e-06
 2.33607e-06
 2.32110e-06
 2.23488e-06
 2.07053e-06
 1.87800e-06
 1.69332e-06
 1.51521e-06
 1.35714e-06
 1.22530e-06
 1.11718e-06
 1.03156e-06
 1.00214e-06
 1.60383e-06
 2.11497e-06
 2.41749e-06
 2.49428e-06
 2.40954e-06
 2.20714e-06
 1.93092e-06
 1.63773e-06
 1.34084e-06
 1.08656e-06
 8.85209e-07
 7.29535e-07
 6.15478e-07
 5.36788e-07
 4.85331e-07
 4.52182e-07
 1.81554e-06
 2.35712e-06
 2.59271e-06
 2.56376e-06
 2.32708e-06
 1.96467e-06
 1.55129e-06
 1.15479e-06
 8.43487e-07
 6.23075e-07
 4.81940e-07
 4.00087e-07
 3.58353e-07
 3.44138e-07
 3.45448e-07
 3.52557e-07
 3.60129e-07
 2.44136e-06
 2.68039e-06
 2.60444e-06
 2.26137e-06
 1.74996e-06
 1.23932e-06
 8.38473e-07
 5.84820e-07
 4.53790e-07
 4.04179e-07
 4.12462e-07
 4.62129e-07
 5.35380e-07
 6.23978e-07
 7.14376e-07
 7.93318e-07
 8.49336e-07
 2.72645e-06
 2.67165e-06
 2.27696e-06
 1.65832e-06
 1.08218e-06
 7.11907e-07
 5.34164e-07
 4.88057e-07
 5.38412e-07
 6.73287e-07
 8.92405e-07
 1.17293e-06
 1.46920e-06
 1.75279e-06
 1.99436e-06
 2.17130e-06
 2.27314e-06
 2.77229e-06
 2.40577e-06
 1.72206e-06
 1.07627e-06
 7.09795e-07
 5.75892e-07
 5.93983e-07
 7.55268e-07
 1.08125e-06
 1.55912e-06
 2.11980e-06
 2.67968e-06
 3.16287e-06
 3.53551e-06
 3.79346e-06
 3.94553e-06
 4.01238e-06
 2.61978e-06
 1.94807e-06
 1.20498e-06
 7.77853e-07
 6.42518e-07
 6.96054e-07
 9.68520e-07
 1.50681e-06
 2.25880e-06
 3.07763e-06
 3.79971e-06
 4.34168e-06
 4.70314e-06
 4.91218e-06
 5.00762e-06
 5.02227e-06
 4.99739e-06
 2.30150e-06
 1.48469e-06
 9.11924e-07
 7.14370e-07
 7.61274e-07
 1.09356e-06
 1.80862e-06
 2.80749e-06
 3.81121e-06
 4.58936e-06
 5.07477e-06
 5.31987e-06
 5.40247e-06
 5.38857e-06
 5.33020e-06
 5.24629e-06
 5.16328e-06
 1.93490e-06
 1.15837e-06
 8.07070e-07
 7.88496e-07
 1.09301e-06
 1.88321e-06
 3.06899e-06
 4.22121e-06
 5.00873e-06
 5.40788e-06
 5.52713e-06
 5.47364e-06
 5.29456e-06
 5.04044e-06
 4.78721e-06
 4.57522e-06
 4.43187e-06
 1.61146e-06
 9.90418e-07
 8.18220e-07
 1.00436e-06
 1.71964e-06
 2.99026e-06
 4.30286e-06
 5.14771e-06
 5.50840e-06
 5.54295e-06
 5.32613e-06
 4.89489e-06
 4.34400e-06
 3.79352e-06
 3.33701e-06
 3.02460e-06
 2.85639e-06
 1.37060e-06
 9.28584e-07
 9.18789e-07
 1.40606e-06
 2.59910e-06
 4.06975e-06
 5.09228e-06
 5.51557e-06
 5.53435e-06
 5.20144e-06
 4.52004e-06
 3.64446e-06
 2.82209e-06
 2.19478e-06
 1.77444e-06
 1.53682e-06
 1.43323e-06
 1.21918e-06
 9.25269e-07
 1.09759e-06
 1.97880e-06
 3.50395e-06
 4.83160e-06
 5.46257e-06
 5.56406e-06
 5.22397e-06
 4.38205e-06
 3.25179e-06
 2.23287e-06
 1.51640e-06
 1.08518e-06
 8.56001e-07
 7.50272e-07
 7.21739e-07
 1.13676e-06
 9.68088e-07
 1.36421e-06
 2.62555e-06
 4.23838e-06
 5.25703e-06
 5.58609e-06
 5.39877e-06
 4.57344e-06
 3.26433e-06
 2.04609e-06
 1.23737e-06
 7.84845e-07
 5.58025e-07
 4.62457e-07
 4.44199e-07
 4.76738e-07
 1.09747e-06
 1.04313e-06
 1.69634e-06
 3.22623e-06
 4.75168e-06
 5.47694e-06
 5.56865e-06
 5.02765e-06
 3.72629e-06
 2.25559e-06
 1.25149e-06
 7.04399e-07
 4.44013e-07
 3.42907e-07
 3.28487e-07
 3.83989e-07
 4.82086e-07
 1.08286e-06
 1.13950e-06
 2.05461e-06
 3.72655e-06
 5.07806e-06
 5.59319e-06
 5.46319e-06
 4.49549e-06
 2.89979e-06
 1.55809e-06
 8.00057e-07
 4.36952e-07
 2.95840e-07
 2.68946e-07
 3.35903e-07
 5.15748e-07
 7.47653e-07
 1.08179e-06
 1.23157e-06
 2.34831e-06
 4.08881e-06
 5.28358e-06
 5.65063e-06
 5.30935e-06
 4.00116e-06
 2.30774e-06
 1.15035e-06
 5.57699e-07
 3.07337e-07
 2.33193e-07
 2.65020e-07
 4.42261e-07
 7.95945e-07
 1.23149e-06
 1.08742e-06
 1.31158e-06
 2.56079e-06
 4.32558e-06
 5.41526e-06
 5.68687e-06
 5.14392e-06
 3.61408e-06
 1.93461e-06
 9.14118e-07
 4.25884e-07
 2.40954e-07
 2.01332e-07
 2.71358e-07
 5.20540e-07
 9.71419e-07
 1.56234e-06
 1.09202e-06
 1.35006e-06
 2.66784e-06
 4.45682e-06
 5.50650e-06
 5.72962e-06
 5.07307e-06
 3.42805e-06
 1.75864e-06
 8.01656e-07
 3.59850e-07
 1.99950e-07
 1.70450e-07
 2.39803e-07
 4.61072e-07
 8.60187e-07
 1.48063e-06
 1.09134e-06
 1.32749e-06
 2.63480e-06
 4.46223e-06
 5.56275e-06
 5.79973e-06
 5.15446e-06
 3.50724e-06
 1.80631e-06
 8.20894e-07
 3.59765e-07
 1.85609e-07
 1.42631e-07
 1.75596e-07
 3.00794e-07
 5.64179e-07
 1.09569e-06
 1.09187e-06
 1.27174e-06
 2.51159e-06
 4.36249e-06
 5.57882e-06
 5.89472e-06
 5.33765e-06
 3.76140e-06
 2.01147e-06
 9.39650e-07
 4.19372e-07
 2.06572e-07
 1.37435e-07
 1.33185e-07
 1.79516e-07
 3.30572e-07
 7.52012e-07
 1.10663e-06
 1.19743e-06
 2.29919e-06
 4.14124e-06
 5.51965e-06
 5.97907e-06
 5.59901e-06
 4.21422e-06
 2.44653e-06
 1.21640e-06
 5.79397e-07
 2.90687e-07
 1.78131e-07
 1.51366e-07
 1.77440e-07
 3.03672e-07
 6.96057e-07
 1.15488e-06
 1.12536e-06
 2.02130e-06
 3.77649e-06
 5.32933e-06
 6.01089e-06
 5.88243e-06
 4.82164e-06
 3.15995e-06
 1.75279e-06
 9.25247e-07
 5.09887e-07
 3.19378e-07
 2.63787e-07
 3.04123e-07
 4.71331e-07
 9.17217e-07
 1.14779e-25
 2.53564e-24
 4.67350e-23
 7.29539e-22
 9.76953e-21
 1.13476e-19
 1.15419e-18
 1.03644e-17
 8.27460e-17
 5.90791e-16
 3.79025e-15
 2.19289e-14
 1.14685e-13
 5.42717e-13
 2.32238e-12
 8.95937e-12
 2.41566e-11
 4.17557e-16
 2.94404e-15
 1.73479e-14
 8.67629e-14
 3.73321e-13
 1.39870e-12
 4.61296e-12
 1.35261e-11
 3.55874e-11
 8.47416e-11
 1.84140e-10
 3.68083e-10
 6.82257e-10
 1.18162e-09
 1.92478e-09
 2.92437e-09
 4.01007e-09
 7.36227e-12
 2.91003e-11
 9.67489e-11
 2.75495e-10
 6.83332e-10
 1.50019e-09
 2.95964e-09
 5.32217e-09
 8.83887e-09
 1.37189e-08
 2.01089e-08
 2.80802e-08
 3.76106e-08
 4.84100e-08
 5.97343e-08
 7.09245e-08
 8.10550e-08
 1.10744e-09
 3.06539e-09
 7.30631e-09
 1.53233e-08
 2.88293e-08
 4.94895e-08
 7.86804e-08
 1.17386e-07
 1.66117e-07
 2.24341e-07
 2.87682e-07
 3.51098e-07
 4.11937e-07
 4.67140e-07
 5.13315e-07
 5.48021e-07
 5.70049e-07
 1.81492e-08
 4.21661e-08
 8.57654e-08
 1.55381e-07
 2.54757e-07
 3.84096e-07
 5.40772e-07
 7.13752e-07
 8.87921e-07
 1.04649e-06
 1.17379e-06
 1.26754e-06
 1.33383e-06
 1.37179e-06
 1.37654e-06
 1.36140e-06
 1.33738e-06
 1.07824e-07
 2.24557e-07
 4.15844e-07
 6.92275e-07
 1.01757e-06
 1.32836e-06
 1.58859e-06
 1.78559e-06
 1.92411e-06
 1.99566e-06
 2.01022e-06
 1.99156e-06
 1.94182e-06
 1.86785e-06
 1.77156e-06
 1.66899e-06
 1.57602e-06
 3.89628e-07
 7.43778e-07
 1.20263e-06
 1.66135e-06
 2.02318e-06
 2.24884e-06
 2.33607e-06
 2.32110e-06
 2.23488e-06
 2.07053e-06
 1.87800e-06
 1.69332e-06
 1.51521e-06
 1.35714e-06
 1.22530e-06
 1.11718e-06
 1.03156e-06
 1.00214e-06
 1.60383e-06
 2.11497e-06
 2.41749e-06
 2.49428e-06
 2.40954e-06
 2.20714e-06
 1.93092e-06
 1.63773e-06
 1.34084e-06
 1.08656e-06
 8.85209e-07
 7.29535e-07
 6.15478e-07
 5.36788e-07
 4.85331e-07
 4.52182e-07
 1.81554e-06
 2.35712e-06
 2.59271e-06
 2.56376e-06
 2.32708e-06
 1.96467e-06
 1.55129e-06
 1.15479e-06
 8.43487e-07
 6.23075e-07
 4.81940e-07
 4.00087e-07
 3.58353e-07
 3.44138e-07
 3.45448e-07
 3.52557e-07
 3.60129e-07
 2.44136e-06
 2.68039e-06
 2.60444e-06
 2.26137e-06
 1.74996e-06
 1.23932e-06
 8.38473e-07
 5.84820e-07
 4.53790e-07
 4.04179e-07
 4.12462e-07
 4.62129e-07
 5.35380e-07
 6.23978e-07
 7.14376e-07
 7.93318e-07
 8.49336e-07
 2.72645e-06
 2.67165e-06
 2.27696e-06
 1.65832e-06
 1.08218e-06
 7.11907e-07
 5.34164e-07
 4.88057e-07
 5.38412e-07
 6.73287e-07
 8.92405e-07
 1.17293e-06
 1.46920e-06
 1.75279e-06
 1.99436e-06
 2.17130e-06
 2.27314e-06
 2.77229e-06
 2.40577e-06
 1.72206e-06
 1.07627e-06
 7.09795e-07
 5.75892e-07
 5.93983e-07
 7.55268e-07
 1.08125e-06
 1.55912e-06
 2.11980e-06
 2.67968e-06
 3.16287e-06
 3.53551e-06
 3.79346e-06
 3.94553e-06
 4.01238e-06
 2.61978e-06
 1.94807e-06
 1.20498e-06
 7.77853e-07
 6.42518e-07
 6.96054e-07
 9.68520e-07
 1.50681e-06
 2.25880e-06
 3.07763e-06
 3.79971e-06
 4.34168e-06
 4.70314e-06
 4.91218e-06
 5.00762e-06
 5.02227e-06
 4.99739e-06
 2.30150e-06
 1.48469e-06
 9.11924e-07
 7.14370e-07
 7.61274e-07
 1.09356e-06
 1.80862e-06
 2.80749e-06
 3.81121e-06
 4.58936e-06
 5.07477e-06
 5.31987e-06
 5.40247e-06
 5.38857e-06
 5.33020e-06
 5.24629e-06
 5.16328e-06
 1.93490e-06
 1.15837e-06
 8.07070e-07
 7.88496e-07
 1.09301e-06
 1.88321e-06
 3.06899e-06
 4.22121e-06
 5.00873e-06
 5.40788e-06
 5.52713e-06
 5.47364e-06
 5.29456e-06
 5.04044e-06
 4.78721e-06
 4.57522e-06
 4.43187e-06
 1.61146e-06
 9.90418e-07
 8.18220e-07
 1.00436e-06
 1.71964e-06
 2.99026e-06
 4.30286e-06
 5.14771e-06
 5.50840e-06
 5.54295e-06
 5.32613e-06
 4.89489e-06
 4.34400e-06
 3.79352e-06
 3.33701e-06
 3.02460e-06
 2.85639e-06
 1.37060e-06
 9.28584e-07
 9.18789e-07
 1.40606e-06
 2.59910e-06
 4.06975e-06
 5.09228e-06
 5.51557e-06
 5.53435e-06
 5.20144e-06
 4.52004e-06
 3.64446e-06
 2.82209e-06
 2.19478e-06
 1.77444e-06
 1.53682e-06
 1.43323e-06
 1.21918e-06
 9.25269e-07
 1.09759e-06
 1.97880e-06
 3.50395e-06
 4.83160e-06
 5.46257e-06
 5.56406e-06
 5.22397e-06
 4.38205e-06
 3.25179e-06
 2.23287e-06
 1.51640e-06
 1.08518e-06
 8.56001e-07
 7.50272e-07
 7.21739e-07
 1.13676e-06
 9.68088e-07
 1.36421e-06
 2.62555e-06
 4.23838e-06
 5.25703e-06
 5.58609e-06
 5.39877e-06
 4.57344e-06
 3.26433e-06
 2.04609e-06
 1.23737e-06
 7.84845e-07
 5.58025e-07
 4.62457e-07
 4.44199e-07
 4.76738e-07
 1.09747e-06
 1.04313e-06
 1.69634e-06
 3.22623e-06
 4.75168e-06
 5.47694e-06
 5.56865e-06
 5.02765e-06
 3.72629e-06
 2.25559e-06
 1.25149e-06
 7.04399e-07
 4.44013e-07
 3.42907e-07
 3.28487e-07
 3.83989e-07
 4.82086e-07
 1.08286e-06
 1.13950e-06
 2.05461e-06
 3.72655e-06
 5.07806e-06
 5.59319e-06
 5.46319e-06
 4.49549e-06
 2.89979e-06
 1.55809e-06
 8.00057e-07
 4.36952e-07
 2.95840e-07
 2.68946e-07
 3.35903e-07
 5.15748e-07
 7.47653e-07
 1.08179e-06
 1.23157e-06
 2.34831e-06
 4.08881e-06
 5.28358e-06
 5.65063e-06
 5.30935e-06
 4.00116e-06
 2.30774e-06
 1.15035e-06
 5.57699e-07
 3.07337e-07
 2.33193e-07
 2.65020e-07
 4.42261e-07
 7.95945e-07
 1.23149e-06
 1.08742e-06
 1.31158e-06
 2.56079e-06
 4.32558e-06
 5.41526e-06
 5.68687e-06
 5.14392e-06
 3.61408e-06
 1.93461e-06
 9.14118e-07
 4.25884e-07
 2.40954e-07
 2.01332e-07
 2.71358e-07
 5.20540e-07
 9.71419e-07
 1.56234e-06
 1.09202e-06
 1.35006e-06
 2.66784e-06
 4.45682e-06
 5.50650e-06
 5.72962e-06
 5.07307e-06
 3.42805e-06
 1.75864e-06
 8.01656e-07
 3.59850e-07
 1.99950e-07
 1.70450e-07
 2.39803e-07
 4.61072e-07
 8.60187e-07
 1.48063e-06
 1.09134e-06
 1.32749e-06
 2.63480e-06
 4.46223e-06
 5.56275e-06
 5.79973e-06
 5.15446e-06
 3.50724e-06
 1.80631e-06
 8.20894e-07
 3.59765e-07
 1.85609e-07
 1.42631e-07
 1.75596e-07
 3.00794e-07
 5.64179e-07
 1.09569e-06
 1.09187e-06
 1.27174e-06
 2.51159e-06
 4.36249e-06
 5.57882e-06
 5.89472e-06
 5.33765e-06
 3.76140e-06
 2.01147e-06
 9.39650e-07
 4.19372e-07
 2.06572e-07
 1.37435e-07
 1.33185e-07
 1.79516e-07
 3.30572e-07
 7.52012e-07
 1.10663e-06
 1.19743e-06
 2.29919e-06
 4.14124e-06
 5.51965e-06
 5.97907e-06
 5.59901e-06
 4.21422e-06
 2.44653e-06
 1.21640e-06
 5.79397e-07
 2.90687e-07
 1.78131e-07
 1.51366e-07
 1.77440e-07
 3.03672e-07
 6.96057e-07
 1.15488e-06
 1.12536e-06
 2.02130e-06
 3.77649e-06
 5.32933e-06
 6.01089e-06
 5.88243e-06
 4.82164e-06
 3.15995e-06
 1.75279e-06
 9.25247e-07
 5.09887e-07
 3.19378e-07
 2.63787e-07
 3.04123e-07
 4.71331e-07
 9.17217e-07
part
         3
coordinates
 1.14685e-13
 5.42717e-13
 2.32238e-12
 8.95937e-12
 2.41566e-11
 4.55458e-11
 6.76898e-11
 8.70637e-11
 1.00849e-10
 1.07210e-10
 1.05280e-10
 9.54862e-11
 8.05151e-11
 6.34102e-11
 4.64171e-11
 3.13462e-11
 1.93273e-11
 1.07364e-11
 6.82257e-10
 1.18162e-09
 1.92478e-09
 2.92437e-09
 4.01007e-09
 4.96405e-09
 5.68177e-09
 6.10838e-09
 6.25576e-09
 6.03272e-09
 5.45574e-09
 4.71159e-09
 3.87627e-09
 3.02171e-09
 2.22241e-09
 1.52823e-09
 9.73985e-10
 5.68545e-10
 3.76106e-08
 4.84100e-08
 5.97343e-08
 7.09245e-08
 8.10550e-08
 8.86772e-08
 9.29801e-08
 9.40923e-08
 9.08250e-08
 8.35769e-08
 7.42127e-08
 6.37916e-08
 5.29074e-08
 4.18473e-08
 3.14904e-08
 2.22798e-08
 1.47046e-08
 8.99454e-09
 4.11937e-07
 4.67140e-07
 5.13315e-07
 5.48021e-07
 5.70049e-07
 5.80226e-07
 5.75000e-07
 5.55984e-07
 5.29020e-07
 4.91238e-07
 4.46656e-07
 3.97706e-07
 3.40728e-07
 2.80478e-07
 2.20949e-07
 1.63377e-07
 1.12047e-07
 7.13985e-08
 1.33383e-06
 1.37179e-06
 1.37654e-06
 1.36140e-06
 1.33738e-06
 1.30428e-06
 1.25998e-06
 1.20595e-06
 1.14925e-06
 1.08631e-06
 1.01868e-06
 9.46003e-07
 8.61075e-07
 7.68054e-07
 6.68153e-07
 5.58137e-07
 4.41504e-07
 3.23956e-07
 1.94182e-06
 1.86785e-06
 1.77156e-06
 1.66899e-06
 1.57602e-06
 1.49388e-06
 1.42385e-06
 1.36477e-06
 1.31519e-06
 1.27315e-06
 1.23580e-06
 1.19907e-06
 1.15552e-06
 1.10156e-06
 1.03347e-06
 9.45989e-07
 8.39157e-07
 7.09473e-07
 1.51521e-06
 1.35714e-06
 1.22530e-06
 1.11718e-06
 1.03156e-06
 9.66455e-07
 9.19144e-07
 8.86983e-07
 8.67471e-07
 8.60818e-07
 8.65041e-07
 8.78680e-07
 8.98385e-07
 9.22402e-07
 9.46711e-07
 9.61172e-07
 9.57269e-07
 9.16859e-07
 7.29535e-07
 6.15478e-07
 5.36788e-07
 4.85331e-07
 4.52182e-07
 4.29543e-07
 4.12718e-07
 4.00385e-07
 3.92008e-07
 3.90040e-07
 3.95559e-07
 4.10039e-07
 4.37406e-07
 4.81833e-07
 5.43280e-07
 6.16985e-07
 6.97424e-07
 7.67047e-07
 3.58353e-07
 3.44138e-07
 3.45448e-07
 3.52557e-07
 3.60129e-07
 3.62511e-07
 3.52640e-07
 3.32748e-07
 3.06714e-07
 2.77625e-07
 2.51957e-07
 2.31101e-07
 2.19010e-07
 2.18554e-07
 2.31777e-07
 2.65224e-07
 3.26981e-07
 4.18698e-07
 5.35380e-07
 6.23978e-07
 7.14376e-07
 7.93318e-07
 8.49336e-07
 8.73882e-07
 8.41913e-07
 7.66889e-07
 6.66454e-07
 5.49341e-07
 4.39837e-07
 3.40147e-07
 2.58925e-07
 1.99040e-07
 1.60087e-07
 1.41822e-07
 1.44955e-07
 1.74630e-07
 1.46920e-06
 1.75279e-06
 1.99436e-06
 2.17130e-06
 2.27314e-06
 2.30443e-06
 2.22835e-06
 2.06589e-06
 1.82740e-06
 1.52249e-06
 1.20137e-06
 8.83266e-07
 6.15658e-07
 4.09404e-07
 2.61265e-07
 1.67695e-07
 1.17034e-07
 9.90018e-08
 3.16287e-06
 3.53551e-06
 3.79346e-06
 3.94553e-06
 4.01238e-06
 4.00308e-06
 3.90926e-06
 3.74288e-06
 3.47961e-06
 3.11426e-06
 2.66228e-06
 2.11797e-06
 1.54481e-06
 1.02669e-06
 6.27206e-07
 3.59676e-07
 1.95978e-07
 1.10440e-07
 4.70314e-06
 4.91218e-06
 5.00762e-06
 5.02227e-06
 4.99739e-06
 4.94665e-06
 4.87517e-06
 4.78325e-06
 4.64226e-06
 4.42896e-06
 4.11166e-06
 3.63483e-06
 2.97818e-06
 2.19099e-06
 1.41623e-06
 8.20855e-07
 4.35068e-07
 2.09501e-07
 5.40247e-06
 5.38857e-06
 5.33020e-06
 5.24629e-06
 5.16328e-06
 5.10620e-06
 5.07144e-06
 5.05097e-06
 5.02537e-06
 4.96650e-06
 4.85218e-06
 4.63960e-06
 4.24102e-06
 3.56861e-06
 2.63919e-06
 1.66416e-06
 9.08978e-07
 4.41884e-07
 5.29456e-06
 5.04044e-06
 4.78721e-06
 4.57522e-06
 4.43187e-06
 4.37087e-06
 4.43164e-06
 4.57844e-06
 4.74615e-06
 4.89661e-06
 4.98054e-06
 4.98614e-06
 4.86396e-06
 4.53749e-06
 3.87386e-06
 2.82203e-06
 1.68894e-06
 8.52321e-07
 4.34400e-06
 3.79352e-06
 3.33701e-06
 3.02460e-06
 2.85639e-06
 2.81106e-06
 2.94738e-06
 3.22565e-06
 3.60493e-06
 4.07963e-06
 4.52309e-06
 4.83602e-06
 4.97147e-06
 4.93301e-06
 4.64985e-06
 3.91244e-06
 2.70248e-06
 1.48496e-06
 2.82209e-06
 2.19478e-06
 1.77444e-06
 1.53682e-06
 1.43323e-06
 1.42942e-06
 1.54430e-06
 1.76507e-06
 2.12307e-06
 2.66962e-06
 3.36298e-06
 4.08679e-06
 4.64832e-06
 4.93383e-06
 4.95132e-06
 4.61428e-06
 3.67979e-06
 2.30014e-06
 1.51640e-06
 1.08518e-06
 8.56001e-07
 7.50272e-07
 7.21739e-07
 7.54581e-07
 8.35179e-07
 9.58937e-07
 1.15833e-06
 1.49412e-06
 2.05323e-06
 2.88032e-06
 3.82522e-06
 4.57230e-06
 4.93718e-06
 4.92621e-06
 4.39135e-06
 3.14684e-06
 7.84845e-07
 5.58025e-07
 4.62457e-07
 4.44199e-07
 4.76738e-07
 5.35859e-07
 5.99764e-07
 6.68309e-07
 7.57385e-07
 9.14716e-07
 1.21934e-06
 1.79481e-06
 2.73204e-06
 3.82890e-06
 4.64363e-06
 4.96624e-06
 4.78787e-06
 3.85917e-06
 4.44013e-07
 3.42907e-07
 3.28487e-07
 3.83989e-07
 4.82086e-07
 5.76453e-07
 6.45601e-07
 6.83370e-07
 6.93562e-07
 7.28159e-07
 8.49545e-07
 1.15068e-06
 1.80804e-06
 2.90410e-06
 4.08512e-06
 4.80910e-06
 4.93957e-06
 4.35736e-06
 2.95840e-07
 2.68946e-07
 3.35903e-07
 5.15748e-07
 7.47653e-07
 9.47165e-07
 1.07144e-06
 1.08878e-06
 9.62349e-07
 8.08955e-07
 7.66172e-07
 8.69005e-07
 1.24448e-06
 2.09370e-06
 3.37037e-06
 4.47407e-06
 4.93045e-06
 4.65380e-06
 2.33193e-07
 2.65020e-07
 4.42261e-07
 7.95945e-07
 1.23149e-06
 1.62768e-06
 1.89668e-06
 1.97727e-06
 1.72413e-06
 1.25613e-06
 9.19749e-07
 8.14071e-07
 9.75355e-07
 1.53951e-06
 2.68494e-06
 4.02757e-06
 4.81587e-06
 4.79630e-06
 2.01332e-07
 2.71358e-07
 5.20540e-07
 9.71419e-07
 1.56234e-06
 2.18513e-06
 2.69024e-06
 2.94703e-06
 2.77297e-06
 2.12912e-06
 1.38283e-06
 9.36836e-07
 8.88233e-07
 1.22735e-06
 2.15442e-06
 3.55698e-06
 4.61798e-06
 4.83026e-06
 1.70450e-07
 2.39803e-07
 4.61072e-07
 8.60187e-07
 1.48063e-06
 2.31266e-06
 3.13694e-06
 3.64561e-06
 3.68067e-06
 3.12419e-06
 2.11213e-06
 1.25301e-06
 9.28297e-07
 1.08402e-06
 1.79275e-06
 3.13468e-06
 4.38895e-06
 4.80488e-06
 1.42631e-07
 1.75596e-07
 3.00794e-07
 5.64179e-07
 1.09569e-06
 2.04207e-06
 3.23477e-06
 4.09385e-06
 4.32365e-06
 3.92718e-06
 2.88278e-06
 1.69422e-06
 1.05800e-06
 1.04942e-06
 1.58216e-06
 2.81864e-06
 4.18245e-06
 4.75289e-06
 1.37435e-07
 1.33185e-07
 1.79516e-07
 3.30572e-07
 7.52012e-07
 1.68238e-06
 3.13829e-06
 4.36492e-06
 4.77604e-06
 4.49827e-06
 3.51368e-06
 2.12537e-06
 1.22611e-06
 1.07992e-06
 1.48381e-06
 2.61290e-06
 4.01161e-06
 4.67912e-06
 1.78131e-07
 1.51366e-07
 1.77440e-07
 3.03672e-07
 6.96057e-07
 1.58829e-06
 3.11747e-06
 4.56208e-06
 5.11183e-06
 4.88561e-06
 3.95216e-06
 2.46259e-06
 1.38126e-06
 1.13981e-06
 1.46626e-06
 2.50810e-06
 3.89849e-06
 4.60798e-06
 3.19378e-07
 2.63787e-07
 3.04123e-07
 4.71331e-07
 9.17217e-07
 1.85554e-06
 3.42526e-06
 4.87586e-06
 5.39278e-06
 5.14147e-06
 4.20023e-06
 2.65584e-06
 1.48507e-06
 1.20361e-06
 1.50079e-06
 2.48804e-06
 3.84841e-06
 4.55665e-06
 1.14685e-13
 5.42717e-13
 2.32238e-12
 8.95937e-12
 2.41566e-11
 4.55458e-11
 6.76898e-11
 8.70637e-11
 1.00849e-10
 1.07210e-10
 1.05280e-10
 9.54862e-11
 8.05151e-11
 6.34102e-11
 4.64171e-11
 3.13462e-11
 1.93273e-11
 1.07364e-11
 6.82257e-10
 1.18162e-09
 1.92478e-09
 2.92437e-09
 4.01007e-09
 4.96405e-09
 5.68177e-09
 6.10838e-09
 6.25576e-09
 6.03272e-09
 5.45574e-09
 4.71159e-09
 3.87627e-09
 3.02171e-09
 2.22241e-09
 1.52823e-09
 9.73985e-10
 5.68545e-10
 3.76106e-08
 4.84100e-08
 5.97343e-08
 7.09245e-08
 8.10550e-08
 8.86772e-08
 9.29801e-08
 9.40923e-08
 9.08250e-08
 8.35769e-08
 7.42127e-08
 6.37916e-08
 5.29074e-08
 4.18473e-08
 3.14904e-08
 2.22798e-08
 1.47046e-08
 8.99454e-09
 4.11937e-07
 4.67140e-07
 5.13315e-07
 5.48021e-07
 5.70049e-07
 5.80226e-07
 5.75000e-07
 5.55984e-07
 5.29020e-07
 4.91238e-07
 4.46656e-07
 3.97706e-07
 3.40728e-07
 2.80478e-07
 2.20949e-07
 1.63377e-07
 1.12047e-07
 7.13985e-08
 1.33383e-06
 1.37179e-06
 1.37654e-06
 1.36140e-06
 1.33738e-06
 1.30428e-06
 1.25998e-06
 1.20595e-06
 1.14925e-06
 1.08631e-06
 1.01868e-06
 9.46003e-07
 8.61075e-07
 7.68054e-07
 6.68153e-07
 5.58137e-07
 4.41504e-07
 3.23956e-07
 1.94182e-06
 1.86785e-06
 1.77156e-06
 1.66899e-06
 1.57602e-06
 1.49388e-06
 1.42385e-06
 1.36477e-06
 1.31519e-06
 1.27315e-06
 1.23580e-06
 1.19907e-06
 1.15552e-06
 1.10156e-06
 1.03347e-06
 9.45989e-07
 8.39157e-07
 7.09473e-07
 1.51521e-06
 1.35714e-06
 1.22530e-06
 1.11718e-06
 1.03156e-06
 9.66455e-07
 9.19144e-07
 8.86983e-07
 8.67471e-07
 8.60818e-07
 8.65041e-07
 8.78680e-07
 8.98385e-07
 9.22402e-07
 9.46711e-07
 9.61172e-07
 9.57269e-07
 9.16859e-07
 7.29535e-07
 6.15478e-07
 5.36788e-07
 4.85331e-07
 4.52182e-07
 4.29543e-07
 4.12718e-07
 4.00385e-07
 3.92008e-07
 3.90040e-07
 3.95559e-07
 4.10039e-07
 4.37406e-07
 4.81833e-07
 5.43280e-07
 6.16985e-07
 6.97424e-07
 7.67047e-07
 3.58353e-07
 3.44138e-07
 3.45448e-07
 3.52557e-07
 3.60129e-07
 3.62511e-07
 3.52640e-07
 3.32748e-07
 3.06714e-07
 2.77625e-07
 2.51957e-07
 2.31101e-07
 2.19010e-07
 2.18554e-07
 2.31777e-07
 2.65224e-07
 3.26981e-07
 4.18698e-07
 5.35380e-07
 6.23978e-07
 7.14376e-07
 7.93318e-07
 8.49336e-07
 8.73882e-07
 8.41913e-07
 7.66889e-07
 6.66454e-07
 5.49341e-07
 4.39837e-07
 3.40147e-07
 2.58925e-07
 1.99040e-07
 1.60087e-07
 1.41822e-07
 1.44955e-07
 1.74630e-07
 1.46920e-06
 1.75279e-06
 1.99436e-06
 2.17130e-06
 2.27314e-06
 2.30443e-06
 2.22835e-06
 2.06589e-06
 1.82740e-06
 1.52249e-06
 1.20137e-06
 8.83266e-07
 6.15658e-07
 4.09404e-07
 2.61265e-07
 1.67695e-07
 1.17034e-07
 9.90018e-08
 3.16287e-06
 3.53551e-06
 3.79346e-06
 3.94553e-06
 4.01238e-06
 4.00308e-06
 3.90926e-06
 3.74288e-06
 3.47961e-06
 3.11426e-06
 2.66228e-06
 2.11797e-06
 1.54481e-06
 1.02669e-06
 6.27206e-07
 3.59676e-07
 1.95978e-07
 1.10440e-07
 4.70314e-06
 4.91218e-06
 5.00762e-06
 5.02227e-06
 4.99739e-06
 4.94665e-06
 4.87517e-06
 4.78325e-06
 4.64226e-06
 4.42896e-06
 4.11166e-06
 3.63483e-06
 2.97818e-06
 2.19099e-06
 1.41623e-06
 8.20855e-07
 4.35068e-07
 2.09501e-07
 5.40247e-06
 5.38857e-06
 5.33020e-06
 5.24629e-06
 5.16328e-06
 5.10620e-06
 5.07144e-06
 5.05097e-06
 5.02537e-06
 4.96650e-06
 4.85218e-06
 4.63960e-06
 4.24102e-06
 3.56861e-06
 2.63919e-06
 1.66416e-06
 9.08978e-07
 4.41884e-07
 5.29456e-06
 5.04044e-06
 4.78721e-06
 4.57522e-06
 4.43187e-06
 4.37087e-06
 4.43164e-06
 4.57844e-06
 4.74615e-06
 4.89661e-06
 4.98054e-06
 4.98614e-06
 4.86396e-06
 4.53749e-06
 3.87386e-06
 2.82203e-06
 1.68894e-06
 8.52321e-07
 4.34400e-06
 3.79352e-06
 3.33701e-06
 3.02460e-06
 2.85639e-06
 2.81106e-06
 2.94738e-06
 3.22565e-06
 3.60493e-06
 4.07963e-06
 4.52309e-06
 4.83602e-06
 4.97147e-06
 4.93301e-06
 4.64985e-06
 3.91244e-06
 2.70248e-06
 1.48496e-06
 2.82209e-06
 2.19478e-06
 1.77444e-06
 1.53682e-06
 1.43323e-06
 1.42942e-06
 1.54430e-06
 1.76507e-06
 2.12307e-06
 2.66962e-06
 3.36298e-06
 4.08679e-06
 4.64832e-06
 4.93383e-06
 4.95132e-06
 4.61428e-06
 3.67979e-06
 2.30014e-06
 1.51640e-06
 1.08518e-06
 8.56001e-07
 7.50272e-07
 7.21739e-07
 7.54581e-07
 8.35179e-07
 9.58937e-07
 1.15833e-06
 1.49412e-06
 2.05323e-06
 2.88032e-06
 3.82522e-06
 4.57230e-06
 4.93718e-06
 4.92621e-06
 4.39135e-06
 3.14684e-06
 7.84845e-07
 5.58025e-07
 4.62457e-07
 4.44199e-07
 4.76738e-07
 5.35859e-07
 5.99764e-07
 6.68309e-07
 7.57385e-07
 9.14716e-07
 1.21934e-06
 1.79481e-06
 2.73204e-06
 3.82890e-06
 4.64363e-06
 4.96624e-06
 4.78787e-06
 3.85917e-06
 4.44013e-07
 3.42907e-07
 3.28487e-07
 3.83989e-07
 4.82086e-07
 5.76453e-07
 6.45601e-07
 6.83370e-07
 6.93562e-07
 7.28159e-07
 8.49545e-07
 1.15068e-06
 1.80804e-06
 2.90410e-06
 4.08512e-06
 4.80910e-06
 4.93957e-06
 4.35736e-06
 2.95840e-07
 2.68946e-07
 3.35903e-07
 5.15748e-07
 7.47653e-07
 9.47165e-07
 1.07144e-06
 1.08878e-06
 9.62349e-07
 8.08955e-07
 7.66172e-07
 8.69005e-07
 1.24448e-06
 2.09370e-06
 3.37037e-06
 4.47407e-06
 4.93045e-06
 4.65380e-06
 2.33193e-07
 2.65020e-07
 4.42261e-07
 7.95945e-07
 1.23149e-06
 1.62768e-06
 1.89668e-06
 1.97727e-06
 1.72413e-06
 1.25613e-06
 9.19749e-07
 8.14071e-07
 9.75355e-07
 1.53951e-06
 2.68494e-06
 4.02757e-06
 4.81587e-06
 4.79630e-06
 2.01332e-07
 2.71358e-07
 5.20540e-07
 9.71419e-07
 1.56234e-06
 2.18513e-06
 2.69024e-06
 2.94703e-06
 2.77297e-06
 2.12912e-06
 1.38283e-06
 9.36836e-07
 8.88233e-07
 1.22735e-06
 2.15442e-06
 3.55698e-06
 4.61798e-06
 4.83026e-06
 1.70450e-07
 2.39803e-07
 4.61072e-07
 8.60187e-07
 1.48063e-06
 2.31266e-06
 3.13694e-06
 3.64561e-06
 3.68067e-06
 3.12419e-06
 2.11213e-06
 1.25301e-06
 9.28297e-07
 1.08402e-06
 1.79275e-06
 3.13468e-06
 4.38895e-06
 4.80488e-06
 1.42631e-07
 1.75596e-07
 3.00794e-07
 5.64179e-07
 1.09569e-06
 2.04207e-06
 3.23477e-06
 4.09385e-06
 4.32365e-06
 3.92718e-06
 2.88278e-06
 1.69422e-06
 1.05800e-06
 1.04942e-06
 1.58216e-06
 2.81864e-06
 4.18245e-06
 4.75289e-06
 1.37435e-07
 1.33185e-07
 1.79516e-07
 3.30572e-07
 7.52012e-07
 1.68238e-06
 3.13829e-06
 4.36492e-06
 4.77604e-06
 4.49827e-06
 3.51368e-06
 2.12537e-06
 1.22611e-06
 1.07992e-06
 1.48381e-06
 2.61290e-06
 4.01161e-06
 4.67912e-06
 1.78131e-07
 1.51366e-07
 1.77440e-07
 3.03672e-07
 6.96057e-07
 1.58829e-06
 3.11747e-06
 4.56208e-06
 5.11183e-06
 4.88561e-06
 3.95216e-06
 2.46259e-06
 1.38126e-06
 1.13981e-06
 1.46626e-06
 2.50810e-06
 3.89849e-06
 4.60798e-06
 3.19378e-07
 2.63787e-07
 3.04123e-07
 4.71331e-07
 9.17217e-07
 1.85554e-06
 3.42526e-06
 4.87586e-06
 5.39278e-06
 5.14147e-06
 4.20023e-06
 2.65584e-06
 1.48507e-06
 1.20361e-06
 1.50079e-06
 2.48804e-06
 3.84841e-06
 4.55665e-06
part
         4
coordinates
 6.34102e-11
 4.64171e-11
 3.13462e-11
 1.93273e-11
 1.07364e-11
 5.27379e-12
 2.23258e-12
 7.84965e-13
 2.16656e-13
 4.29365e-14
 5.21813e-15
 2.78710e-16
 2.60145e-18
 6.96205e-22
 2.33790e-28
 1.06852e-42
 3.02171e-09
 2.22241e-09
 1.52823e-09
 9.73985e-10
 5.68545e-10
 2.98623e-10
 1.37698e-10
 5.39321e-11
 1.70339e-11
 3.99977e-12
 6.04857e-13
 4.37139e-14
 6.34623e-16
 2.87908e-19
 1.86216e-25
 2.78419e-39
 4.18473e-08
 3.14904e-08
 2.22798e-08
 1.47046e-08
 8.99454e-09
 5.02526e-09
 2.49498e-09
 1.06889e-09
 3.77860e-10
 1.02199e-10
 1.85719e-11
 1.73948e-12
 3.81997e-14
 2.91663e-17
 3.62536e-23
 1.76939e-36
 2.80478e-07
 2.20949e-07
 1.63377e-07
 1.12047e-07
 7.13985e-08
 4.22687e-08
 2.25155e-08
 1.04312e-08
 4.08405e-09
 1.24991e-09
 2.66577e-10
 3.12715e-11
 1.00845e-12
 1.28783e-15
 3.07149e-21
 4.88383e-34
 7.68054e-07
 6.68153e-07
 5.58137e-07
 4.41504e-07
 3.23956e-07
 2.14526e-07
 1.23962e-07
 6.17174e-08
 2.66317e-08
 9.10339e-09
 2.24311e-09
 3.21400e-10
 1.47620e-11
 3.13768e-14
 1.43500e-19
 7.42157e-32
 1.10156e-06
 1.03347e-06
 9.45989e-07
 8.39157e-07
 7.09473e-07
 5.58271e-07
 3.94050e-07
 2.37976e-07
 1.16889e-07
 4.41475e-08
 1.24622e-08
 2.14517e-09
 1.36148e-10
 4.79880e-13
 4.21072e-18
 7.07507e-30
 9.22402e-07
 9.46711e-07
 9.61172e-07
 9.57269e-07
 9.16859e-07
 8.29510e-07
 6.96617e-07
 5.20457e-07
 3.22570e-07
 1.51433e-07
 4.91732e-08
 1.00650e-08
 8.57966e-10
 4.99684e-12
 8.42695e-17
 4.59747e-28
 4.81833e-07
 5.43280e-07
 6.16985e-07
 6.97424e-07
 7.67047e-07
 8.05662e-07
 7.98761e-07
 7.16713e-07
 5.51571e-07
 3.36592e-07
 1.41851e-07
 3.50426e-08
 3.91493e-09
 3.74558e-11
 1.21767e-15
 2.15713e-26
 2.18554e-07
 2.31777e-07
 2.65224e-07
 3.26981e-07
 4.18698e-07
 5.30842e-07
 6.39393e-07
 6.96819e-07
 6.56329e-07
 5.06177e-07
 2.83138e-07
 9.41824e-08
 1.35579e-08
 2.10508e-10
 1.32447e-14
 7.62445e-25
 1.99040e-07
 1.60087e-07
 1.41822e-07
 1.44955e-07
 1.74630e-07
 2.43183e-07
 3.56879e-07
 4.92970e-07
 5.85135e-07
 5.67275e-07
 4.12652e-07
 1.86202e-07
 3.72289e-08
 9.14987e-10
 1.11951e-13
 2.09713e-23
 4.09404e-07
 2.61265e-07
 1.67695e-07
 1.17034e-07
 9.90018e-08
 1.08590e-07
 1.57067e-07
 2.60748e-07
 4.01148e-07
 5.03152e-07
 4.71340e-07
 2.82753e-07
 8.02751e-08
 3.15151e-09
 7.53973e-13
 4.60556e-22
 1.02669e-06
 6.27206e-07
 3.59676e-07
 1.95978e-07
 1.10440e-07
 7.60900e-08
 7.63302e-08
 1.20261e-07
 2.26046e-07
 3.64552e-07
 4.42357e-07
 3.48382e-07
 1.31355e-07
 8.76718e-09
 4.12854e-12
 8.24501e-21
 2.19099e-06
 1.41623e-06
 8.20855e-07
 4.35068e-07
 2.09501e-07
 9.88495e-08
 5.86672e-08
 6.03723e-08
 1.13505e-07
 2.28996e-07
 3.50678e-07
 3.53975e-07
 1.73760e-07
 1.99890e-08
 1.86879e-11
 1.22391e-19
 3.56861e-06
 2.63919e-06
 1.66416e-06
 9.08978e-07
 4.41884e-07
 1.88445e-07
 7.66754e-08
 4.33666e-08
 5.65050e-08
 1.30944e-07
 2.48742e-07
 3.19445e-07
 2.02435e-07
 3.78421e-08
 7.09060e-11
 1.52785e-18
 4.53749e-06
 3.87386e-06
 2.82203e-06
 1.68894e-06
 8.52321e-07
 3.71084e-07
 1.37009e-07
 5.00136e-08
 3.38821e-08
 6.95633e-08
 1.67214e-07
 2.66689e-07
 2.09982e-07
 5.91416e-08
 2.28207e-10
 1.62285e-17
 4.93301e-06
 4.64985e-06
 3.91244e-06
 2.70248e-06
 1.48496e-06
 6.71661e-07
 2.52125e-07
 7.88512e-08
 2.95208e-08
 3.70266e-08
 1.05338e-07
 2.03146e-07
 2.01823e-07
 7.89814e-08
 6.29629e-10
 1.48102e-16
 4.93383e-06
 4.95132e-06
 4.61428e-06
 3.67979e-06
 2.30014e-06
 1.11281e-06
 4.33992e-07
 1.34152e-07
 3.73794e-08
 2.24423e-08
 6.32240e-08
 1.50090e-07
 1.91174e-07
 9.30873e-08
 1.50432e-09
 1.17048e-15
 4.57230e-06
 4.93718e-06
 4.92621e-06
 4.39135e-06
 3.14684e-06
 1.68952e-06
 6.93169e-07
 2.20116e-07
 5.55275e-08
 1.78609e-08
 3.67498e-08
 1.10038e-07
 1.77329e-07
 9.98562e-08
 3.14706e-09
 8.06169e-15
 3.82890e-06
 4.64363e-06
 4.96624e-06
 4.78787e-06
 3.85917e-06
 2.33957e-06
 1.03238e-06
 3.39971e-07
 8.50775e-08
 1.98703e-08
 2.14722e-08
 7.92035e-08
 1.58224e-07
 1.00960e-07
 5.84833e-09
 4.86181e-14
 2.90410e-06
 4.08512e-06
 4.80910e-06
 4.93957e-06
 4.35736e-06
 2.96511e-06
 1.43456e-06
 4.94928e-07
 1.26022e-07
 2.62379e-08
 1.37279e-08
 5.54804e-08
 1.32034e-07
 9.48897e-08
 9.50778e-09
 2.57546e-13
 2.09370e-06
 3.37037e-06
 4.47407e-06
 4.93045e-06
 4.65380e-06
 3.48854e-06
 1.86269e-06
 6.80478e-07
 1.76784e-07
 3.57630e-08
 1.06477e-08
 3.81178e-08
 1.04057e-07
 8.44372e-08
 1.32326e-08
 1.20022e-12
 1.53951e-06
 2.68494e-06
 4.02757e-06
 4.81587e-06
 4.79630e-06
 3.88124e-06
 2.27406e-06
 8.85035e-07
 2.36896e-07
 4.86680e-08
 1.03691e-08
 2.62237e-08
 8.16714e-08
 7.52614e-08
 1.62462e-08
 4.91902e-12
 1.22735e-06
 2.15442e-06
 3.55698e-06
 4.61798e-06
 4.83026e-06
 4.14940e-06
 2.62930e-06
 1.09114e-06
 3.01638e-07
 6.36973e-08
 1.16013e-08
 1.83868e-08
 6.44768e-08
 6.72502e-08
 1.83878e-08
 1.76847e-11
 1.08402e-06
 1.79275e-06
 3.13468e-06
 4.38895e-06
 4.80488e-06
 4.31214e-06
 2.90833e-06
 1.28405e-06
 3.65961e-07
 7.96961e-08
 1.37924e-08
 1.33423e-08
 5.08900e-08
 5.96379e-08
 1.96573e-08
 5.54985e-11
 1.04942e-06
 1.58216e-06
 2.81864e-06
 4.18245e-06
 4.75289e-06
 4.39101e-06
 3.10864e-06
 1.45007e-06
 4.26217e-07
 9.58165e-08
 1.65780e-08
 1.02000e-08
 4.01411e-08
 5.24779e-08
 2.02411e-08
 1.51386e-10
 1.07992e-06
 1.48381e-06
 2.61290e-06
 4.01161e-06
 4.67912e-06
 4.40568e-06
 3.23416e-06
 1.57597e-06
 4.77374e-07
 1.10583e-07
 1.95354e-08
 8.41565e-09
 3.17126e-08
 4.58113e-08
 2.02255e-08
 3.50702e-10
 1.13981e-06
 1.46626e-06
 2.50810e-06
 3.89849e-06
 4.60798e-06
 4.38701e-06
 3.29508e-06
 1.65274e-06
 5.13776e-07
 1.22104e-07
 2.21496e-08
 7.44200e-09
 2.51674e-08
 3.90624e-08
 1.90071e-08
 6.00453e-10
 1.20361e-06
 1.50079e-06
 2.48804e-06
 3.84841e-06
 4.55665e-06
 4.34533e-06
 3.29518e-06
 1.68130e-06
 5.31660e-07
 1.28607e-07
 2.38063e-08
 6.77137e-09
 2.01034e-08
 3.23381e-08
 1.66850e-08
 7.97607e-10
 6.34102e-11
 4.64171e-11
 3.13462e-11
 1.93273e-11
 1.07364e-11
 5.27379e-12
 2.23258e-12
 7.84965e-13
 2.16656e-13
 4.29365e-14
 5.21813e-15
 2.78710e-16
 2.60145e-18
 6.96205e-22
 2.33790e-28
 1.06852e-42
 3.02171e-09
 2.22241e-09
 1.52823e-09
 9.73985e-10
 5.68545e-10
 2.98623e-10
 1.37698e-10
 5.39321e-11
 1.70339e-11
 3.99977e-12
 6.04857e-13
 4.37139e-14
 6.34623e-16
 2.87908e-19
 1.86216e-25
 2.78419e-39
 4.18473e-08
 3.14904e-08
 2.22798e-08
 1.47046e-08
 8.99454e-09
 5.02526e-09
 2.49498e-09
 1.06889e-09
 3.77860e-10
 1.02199e-10
 1.85719e-11
 1.73948e-12
 3.81997e-14
 2.91663e-17
 3.62536e-23
 1.76939e-36
 2.80478e-07
 2.20949e-07
 1.63377e-07
 1.12047e-07
 7.13985e-08
 4.22687e-08
 2.25155e-08
 1.04312e-08
 4.08405e-09
 1.24991e-09
 2.66577e-10
 3.12715e-11
 1.00845e-12
 1.28783e-15
 3.07149e-21
 4.88383e-34
 7.68054e-07
 6.68153e-07
 5.58137e-07
 4.41504e-07
 3.23956e-07
 2.14526e-07
 1.23962e-07
 6.17174e-08
 2.66317e-08
 9.10339e-09
 2.24311e-09
 3.21400e-10
 1.47620e-11
 3.13768e-14
 1.43500e-19
 7.42157e-32
 1.10156e-06
 1.03347e-06
 9.45989e-07
 8.39157e-07
 7.09473e-07
 5.58271e-07
 3.94050e-07
 2.37976e-07
 1.16889e-07
 4.41475e-08
 1.24622e-08
 2.14517e-09
 1.36148e-10
 4.79880e-13
 4.21072e-18
 7.07507e-30
 9.22402e-07
 9.46711e-07
 9.61172e-07
 9.57269e-07
 9.16859e-07
 8.29510e-07
 6.96617e-07
 5.20457e-07
 3.22570e-07
 1.51433e-07
 4.91732e-08
 1.00650e-08
 8.57966e-10
 4.99684e-12
 8.42695e-17
 4.59747e-28
 4.81833e-07
 5.43280e-07
 6.16985e-07
 6.97424e-07
 7.67047e-07
 8.05662e-07
 7.98761e-07
 7.16713e-07
 5.51571e-07
 3.36592e-07
 1.41851e-07
 3.50426e-08
 3.91493e-09
 3.74558e-11
 1.21767e-15
 2.15713e-26
 2.18554e-07
 2.31777e-07
 2.65224e-07
 3.26981e-07
 4.18698e-07
 5.30842e-07
 6.39393e-07
 6.96819e-07
 6.56329e-07
 5.06177e-07
 2.83138e-07
 9.41824e-08
 1.35579e-08
 2.10508e-10
 1.32447e-14
 7.62445e-25
 1.99040e-07
 1.60087e-07
 1.41822e-07
 1.44955e-07
 1.74630e-07
 2.43183e-07
 3.56879e-07
 4.92970e-07
 5.85135e-07
 5.67275e-07
 4.12652e-07
 1.86202e-07
 3.72289e-08
 9.14987e-10
 1.11951e-13
 2.09713e-23
 4.09404e-07
 2.61265e-07
 1.67695e-07
 1.17034e-07
 9.90018e-08
 1.08590e-07
 1.57067e-07
 2.60748e-07
 4.01148e-07
 5.03152e-07
 4.71340e-07
 2.82753e-07
 8.02751e-08
 3.15151e-09
 7.53973e-13
 4.60556e-22
 1.02669e-06
 6.27206e-07
 3.59676e-07
 1.95978e-07
 1.10440e-07
 7.60900e-08
 7.63302e-08
 1.20261e-07
 2.26046e-07
 3.64552e-07
 4.42357e-07
 3.48382e-07
 1.31355e-07
 8.76718e-09
 4.12854e-12
 8.24501e-21
 2.19099e-06
 1.41623e-06
 8.20855e-07
 4.35068e-07
 2.09501e-07
 9.88495e-08
 5.86672e-08
 6.03723e-08
 1.13505e-07
 2.28996e-07
 3.50678e-07
 3.53975e-07
 1.73760e-07
 1.99890e-08
 1.86879e-11
 1.22391e-19
 3.56861e-06
 2.63919e-06
 1.66416e-06
 9.08978e-07
 4.41884e-07
 1.88445e-07
 7.66754e-08
 4.33666e-08
 5.65050e-08
 1.30944e-07
 2.48742e-07
 3.19445e-07
 2.02435e-07
 3.78421e-08
 7.09060e-11
 1.52785e-18
 4.53749e-06
 3.87386e-06
 2.82203e-06
 1.68894e-06
 8.52321e-07
 3.71084e-07
 1.37009e-07
 5.00136e-08
 3.38821e-08
 6.95633e-08
 1.67214e-07
 2.66689e-07
 2.09982e-07
 5.91416e-08
 2.28207e-10
 1.62285e-17
 4.93301e-06
 4.64985e-06
 3.91244e-06
 2.70248e-06
 1.48496e-06
 6.71661e-07
 2.52125e-07
 7.88512e-08
 2.95208e-08
 3.70266e-08
 1.05338e-07
 2.03146e-07
 2.01823e-07
 7.89814e-08
 6.29629e-10
 1.48102e-16
 4.93383e-06
 4.95132e-06
 4.61428e-06
 3.67979e-06
 2.30014e-06
 1.11281e-06
 4.33992e-07
 1.34152e-07
 3.73794e-08
 2.24423e-08
 6.32240e-08
 1.50090e-07
 1.91174e-07
 9.30873e-08
 1.50432e-09
 1.17048e-15
 4.57230e-06
 4.93718e-06
 4.92621e-06
 4.39135e-06
 3.14684e-06
 1.68952e-06
 6.93169e-07
 2.20116e-07
 5.55275e-08
 1.78609e-08
 3.67498e-08
 1.10038e-07
 1.77329e-07
 9.98562e-08
 3.14706e-09
 8.06169e-15
 3.82890e-06
 4.64363e-06
 4.96624e-06
 4.78787e-06
 3.85917e-06
 2.33957e-06
 1.03238e-06
 3.39971e-07
 8.50775e-08
 1.98703e-08
 2.14722e-08
 7.92035e-08
 1.58224e-07
 1.00960e-07
 5.84833e-09
 4.86181e-14
 2.90410e-06
 4.08512e-06
 4.80910e-06
 4.93957e-06
 4.35736e-06
 2.96511e-06
 1.43456e-06
 4.94928e-07
 1.26022e-07
 2.62379e-08
 1.37279e-08
 5.54804e-08
 1.32034e-07
 9.48897e-08
 9.50778e-09
 2.57546e-13
 2.09370e-06
 3.37037e-06
 4.47407e-06
 4.93045e-06
 4.65380e-06
 3.48854e-06
 1.86269e-06
 6.80478e-07
 1.76784e-07
 3.57630e-08
 1.06477e-08
 3.81178e-08
 1.04057e-07
 8.44372e-08
 1.32326e-08
 1.20022e-12
 1.53951e-06
 2.68494e-06
 4.02757e-06
 4.81587e-06
 4.79630e-06
 3.88124e-06
 2.27406e-06
 8.85035e-07
 2.36896e-07
 4.86680e-08
 1.03691e-08
 2.62237e-08
 8.16714e-08
 7.52614e-08
 1.62462e-08
 4.91902e-12
 1.22735e-06
 2.15442e-06
 3.55698e-06
 4.61798e-06
 4.83026e-06
 4.14940e-06
 2.62930e-06
 1.09114e-06
 3.01638e-07
 6.36973e-08
 1.16013e-08
 1.83868e-08
 6.44768e-08
 6.72502e-08
 1.83878e-08
 1.76847e-11
 1.08402e-06
 1.79275e-06
 3.13468e-06
 4.38895e-06
 4.80488e-06
 4.31214e-06
 2.90833e-06
 1.28405e-06
 3.65961e-07
 7.96961e-08
 1.37924e-08
 1.33423e-08
 5.08900e-08
 5.96379e-08
 1.96573e-08
 5.54985e-11
 1.04942e-06
 1.58216e-06
 2.81864e-06
 4.18245e-06
 4.75289e-06
 4.39101e-06
 3.10864e-06
 1.45007e-06
 4.26217e-07
 9.58165e-08
 1.65780e-08
 1.02000e-08
 4.01411e-08
 5.24779e-08
 2.02411e-08
 1.51386e-10
 1.07992e-06
 1.48381e-06
 2.61290e-06
 4.01161e-06
 4.67912e-06
 4.40568e-06
 3.23416e-06
 1.57597e-06
 4.77374e-07
 1.10583e-07
 1.95354e-08
 8.41565e-09
 3.17126e-08
 4.58113e-08
 2.02255e-08
 3.50702e-10
 1.13981e-06
 1.46626e-06
 2.50810e-06
 3.89849e-06
 4.60798e-06
 4.38701e-06
 3.29508e-06
 1.65274e-06
 5.13776e-07
 1.22104e-07
 2.21496e-08
 7.44200e-09
 2.51674e-08
 3.90624e-08
 1.90071e-08
 6.00453e-10
 1.20361e-06
 1.50079e-06
 2.48804e-06
 3.84841e-06
 4.55665e-06
 4.34533e-06
 3.29518e-06
 1.68130e-06
 5.31660e-07
 1.28607e-07
 2.38063e-08
 6.77137e-09
 2.01034e-08
 3.23381e-08
 1.66850e-08
 7.97607e-10
part
         5
coordinates
 1.15049e-12
 1.90889e-10
 5.41878e-09
 6.33723e-08
 4.19776e-07
 1.51509e-06
 2.75376e-06
 3.17303e-06
 2.56063e-06
 1.56283e-06
 1.09202e-06
 1.35006e-06
 2.66784e-06
 4.45682e-06
 5.50650e-06
 5.40514e-13
 1.39325e-10
 4.62559e-09
 5.80388e-08
 3.99149e-07
 1.49322e-06
 2.77715e-06
 3.23847e-06
 2.62387e-06
 1.59394e-06
 1.09134e-06
 1.32749e-06
 2.63480e-06
 4.46223e-06
 5.56275e-06
 1.67425e-13
 8.65714e-11
 3.66126e-09
 5.06555e-08
 3.65565e-07
 1.44323e-06
 2.78521e-06
 3.31593e-06
 2.72289e-06
 1.65729e-06
 1.09187e-06
 1.27174e-06
 2.51159e-06
 4.36249e-06
 5.57882e-06
 3.36425e-14
 4.64555e-11
 2.70433e-09
 4.23854e-08
 3.23839e-07
 1.36274e-06
 2.76154e-06
 3.38993e-06
 2.85700e-06
 1.76474e-06
 1.10663e-06
 1.19743e-06
 2.29919e-06
 4.14124e-06
 5.51965e-06
 6.17943e-15
 2.34949e-11
 1.90304e-09
 3.41514e-08
 2.78622e-07
 1.25238e-06
 2.69076e-06
 3.44206e-06
 3.01799e-06
 1.92559e-06
 1.15488e-06
 1.12536e-06
 2.02130e-06
 3.77649e-06
 5.32933e-06
 1.03913e-15
 1.11360e-11
 1.28802e-09
 2.65317e-08
 2.32763e-07
 1.11625e-06
 2.57339e-06
 3.46644e-06
 3.19237e-06
 2.14439e-06
 1.25339e-06
 1.07327e-06
 1.71721e-06
 3.26595e-06
 4.96109e-06
 1.59767e-16
 4.91752e-12
 8.33579e-10
 1.98930e-08
 1.88141e-07
 9.62029e-07
 2.40549e-06
 3.45756e-06
 3.37580e-06
 2.42432e-06
 1.42245e-06
 1.05822e-06
 1.43095e-06
 2.65441e-06
 4.37223e-06
 2.24021e-17
 2.01094e-12
 5.12302e-10
 1.43383e-08
 1.46371e-07
 7.98627e-07
 2.18176e-06
 3.38680e-06
 3.54126e-06
 2.75845e-06
 1.68583e-06
 1.10955e-06
 1.21857e-06
 2.03662e-06
 3.55786e-06
 2.85424e-18
 7.56627e-13
 2.96708e-10
 9.88392e-09
 1.09156e-07
 6.33988e-07
 1.89942e-06
 3.23188e-06
 3.64290e-06
 3.09313e-06
 2.05515e-06
 1.26567e-06
 1.11896e-06
 1.54255e-06
 2.64040e-06
 3.28899e-19
 2.60110e-13
 1.60569e-10
 6.47610e-09
 7.77461e-08
 4.78001e-07
 1.56781e-06
 2.98770e-06
 3.67974e-06
 3.40611e-06
 2.52882e-06
 1.56955e-06
 1.14922e-06
 1.26020e-06
 1.85699e-06
 3.40853e-20
 8.10819e-14
 8.04262e-11
 4.00380e-09
 5.26227e-08
 3.41664e-07
 1.21747e-06
 2.63794e-06
 3.60991e-06
 3.63920e-06
 3.02708e-06
 2.05101e-06
 1.34972e-06
 1.18688e-06
 1.39338e-06
 3.15609e-21
 2.27301e-14
 3.68948e-11
 2.31527e-09
 3.36192e-08
 2.30753e-07
 8.84315e-07
 2.18171e-06
 3.37627e-06
 3.74182e-06
 3.45305e-06
 2.66984e-06
 1.78522e-06
 1.31511e-06
 1.25451e-06
 2.59130e-22
 5.67942e-15
 1.53234e-11
 1.23923e-09
 2.01026e-08
 1.46374e-07
 5.99461e-07
 1.65671e-06
 2.96536e-06
 3.69216e-06
 3.71950e-06
 3.27580e-06
 2.47209e-06
 1.73017e-06
 1.37402e-06
 1.87029e-23
 1.25255e-15
 5.69089e-12
 6.06419e-10
 1.11365e-08
 8.65430e-08
 3.79115e-07
 1.13495e-06
 2.36926e-06
 3.40876e-06
 3.77836e-06
 3.68053e-06
 3.21167e-06
 2.48353e-06
 1.84301e-06
 1.17496e-24
 2.41222e-16
 1.86501e-12
 2.67497e-10
 5.64721e-09
 4.72117e-08
 2.21493e-07
 7.01813e-07
 1.67143e-06
 2.84252e-06
 3.59138e-06
 3.80835e-06
 3.69749e-06
 3.29986e-06
 2.69899e-06
 6.35227e-26
 4.00841e-17
 5.31761e-13
 1.04689e-10
 2.58455e-09
 2.34607e-08
 1.18059e-07
 3.96741e-07
 1.02446e-06
 2.04037e-06
 3.05081e-06
 3.63545e-06
 3.81943e-06
 3.76307e-06
 3.50240e-06
 2.91700e-27
 5.67024e-18
 1.29911e-13
 3.57205e-11
 1.05035e-09
 1.04573e-08
 5.65676e-08
 2.02074e-07
 5.47823e-07
 1.21571e-06
 2.16220e-06
 3.04096e-06
 3.56508e-06
 3.78220e-06
 3.82723e-06
 1.12052e-28
 6.72323e-19
 2.67398e-14
 1.04243e-11
 3.72052e-10
 4.10754e-09
 2.39585e-08
 9.11825e-08
 2.60346e-07
 6.07106e-07
 1.21454e-06
 2.03092e-06
 2.80229e-06
 3.34159e-06
 3.65573e-06
 3.53646e-30
 6.56217e-20
 4.54988e-15
 2.54727e-12
 1.12459e-10
 1.39332e-09
 8.80152e-09
 3.57779e-08
 1.07932e-07
 2.63868e-07
 5.51831e-07
 1.02802e-06
 1.66689e-06
 2.32813e-06
 2.88605e-06
 8.97464e-32
 5.16006e-21
 6.25993e-16
 5.08879e-13
 2.83097e-11
 3.98822e-10
 2.74449e-09
 1.19542e-08
 3.82111e-08
 9.80785e-08
 2.13905e-07
 4.12416e-07
 7.25071e-07
 1.15049e-06
 1.64070e-06
 1.78367e-33
 3.18414e-22
 6.78180e-17
 8.08239e-14
 5.76819e-12
 9.37549e-11
 7.08144e-10
 3.31903e-09
 1.12735e-08
 3.04412e-08
 6.92941e-08
 1.38361e-07
 2.49195e-07
 4.09366e-07
 6.30360e-07
 2.68597e-35
 1.49198e-23
 5.59778e-18
 9.86583e-15
 9.18999e-13
 1.75146e-11
 1.46567e-10
 7.43229e-10
 2.69171e-09
 7.66507e-09
 1.82401e-08
 3.77769e-08
 7.00199e-08
 1.18268e-07
 1.85342e-07
 2.93601e-37
 5.08665e-25
 3.37364e-19
 8.86502e-16
 1.09602e-13
 2.49358e-12
 2.33849e-11
 1.29197e-10
 5.01101e-10
 1.50947e-09
 3.76314e-09
 8.09936e-09
 1.54921e-08
 2.68835e-08
 4.30099e-08
 2.19831e-39
 1.19090e-26
 1.40142e-20
 5.53421e-17
 9.23148e-15
 2.55743e-13
 2.72564e-12
 1.65539e-11
 6.91677e-11
 2.21301e-10
 5.79681e-10
 1.29940e-09
 2.56975e-09
 4.58292e-09
 7.48999e-09
 1.03726e-41
 1.76181e-28
 3.69314e-22
 2.20914e-18
 5.05299e-16
 1.74202e-14
 2.14642e-13
 1.44980e-12
 6.57894e-12
 2.24865e-11
 6.21420e-11
 1.45494e-10
 2.98039e-10
 5.46578e-10
 9.12446e-10
 2.70596e-44
 1.44511e-30
 5.41874e-24
 4.94918e-20
 1.57743e-17
 6.92905e-16
 1.00803e-14
 7.68918e-14
 3.83248e-13
 1.41106e-12
 4.13882e-12
 1.01628e-11
 2.16149e-11
 4.07942e-11
 6.95215e-11
 3.07817e-47
 5.18352e-33
 3.49193e-26
 4.90912e-22
 2.21532e-19
 1.27148e-17
 2.24075e-16
 1.97019e-15
 1.09602e-14
 4.40058e-14
 1.38231e-13
 3.58126e-13
 7.93440e-13
 1.54213e-12
 2.67798e-12
 8.57247e-51
 4.56484e-36
 5.54886e-29
 1.21036e-24
 7.85495e-22
 6.04727e-20
 1.33120e-18
 1.38674e-17
 8.81202e-17
 3.93050e-16
 1.34066e-15
 3.69812e-15
 8.57091e-15
 1.71425e-14
 3.01537e-14
 1.15049e-12
 1.90889e-10
 5.41878e-09
 6.33723e-08
 4.19776e-07
 1.51509e-06
 2.75376e-06
 3.17303e-06
 2.56063e-06
 1.56283e-06
 1.09202e-06
 1.35006e-06
 2.66784e-06
 4.45682e-06
 5.50650e-06
 5.40514e-13
 1.39325e-10
 4.62559e-09
 5.80388e-08
 3.99149e-07
 1.49322e-06
 2.77715e-06
 3.23847e-06
 2.62387e-06
 1.59394e-06
 1.09134e-06
 1.32749e-06
 2.63480e-06
 4.46223e-06
 5.56275e-06
 1.67425e-13
 8.65714e-11
 3.66126e-09
 5.06555e-08
 3.65565e-07
 1.44323e-06
 2.78521e-06
 3.31593e-06
 2.72289e-06
 1.65729e-06
 1.09187e-06
 1.27174e-06
 2.51159e-06
 4.36249e-06
 5.57882e-06
 3.36425e-14
 4.64555e-11
 2.70433e-09
 4.23854e-08
 3.23839e-07
 1.36274e-06
 2.76154e-06
 3.38993e-06
 2.85700e-06
 1.76474e-06
 1.10663e-06
 1.19743e-06
 2.29919e-06
 4.14124e-06
 5.51965e-06
 6.17943e-15
 2.34949e-11
 1.90304e-09
 3.41514e-08
 2.78622e-07
 1.25238e-06
 2.69076e-06
 3.44206e-06
 3.01799e-06
 1.92559e-06
 1.15488e-06
 1.12536e-06
 2.02130e-06
 3.77649e-06
 5.32933e-06
 1.03913e-15
 1.11360e-11
 1.28802e-09
 2.65317e-08
 2.32763e-07
 1.11625e-06
 2.57339e-06
 3.46644e-06
 3.19237e-06
 2.14439e-06
 1.25339e-06
 1.07327e-06
 1.71721e-06
 3.26595e-06
 4.96109e-06
 1.59767e-16
 4.91752e-12
 8.33579e-10
 1.98930e-08
 1.88141e-07
 9.62029e-07
 2.40549e-06
 3.45756e-06
 3.37580e-06
 2.42432e-06
 1.42245e-06
 1.05822e-06
 1.43095e-06
 2.65441e-06
 4.37223e-06
 2.24021e-17
 2.01094e-12
 5.12302e-10
 1.43383e-08
 1.46371e-07
 7.98627e-07
 2.18176e-06
 3.38680e-06
 3.54126e-06
 2.75845e-06
 1.68583e-06
 1.10955e-06
 1.21857e-06
 2.03662e-06
 3.55786e-06
 2.85424e-18
 7.56627e-13
 2.96708e-10
 9.88392e-09
 1.09156e-07
 6.33988e-07
 1.89942e-06
 3.23188e-06
 3.64290e-06
 3.09313e-06
 2.05515e-06
 1.26567e-06
 1.11896e-06
 1.54255e-06
 2.64040e-06
 3.28899e-19
 2.60110e-13
 1.60569e-10
 6.47610e-09
 7.77461e-08
 4.78001e-07
 1.56781e-06
 2.98770e-06
 3.67974e-06
 3.40611e-06
 2.52882e-06
 1.56955e-06
 1.14922e-06
 1.26020e-06
 1.85699e-06
 3.40853e-20
 8.10819e-14
 8.04262e-11
 4.00380e-09
 5.26227e-08
 3.41664e-07
 1.21747e-06
 2.63794e-06
 3.60991e-06
 3.63920e-06
 3.02708e-06
 2.05101e-06
 1.34972e-06
 1.18688e-06
 1.39338e-06
 3.15609e-21
 2.27301e-14
 3.68948e-11
 2.31527e-09
 3.36192e-08
 2.30753e-07
 8.84315e-07
 2.18171e-06
 3.37627e-06
 3.74182e-06
 3.45305e-06
 2.66984e-06
 1.78522e-06
 1.31511e-06
 1.25451e-06
 2.59130e-22
 5.67942e-15
 1.53234e-11
 1.23923e-09
 2.01026e-08
 1.46374e-07
 5.99461e-07
 1.65671e-06
 2.96536e-06
 3.69216e-06
 3.71950e-06
 3.27580e-06
 2.47209e-06
 1.73017e-06
 1.37402e-06
 1.87029e-23
 1.25255e-15
 5.69089e-12
 6.06419e-10
 1.11365e-08
 8.65430e-08
 3.79115e-07
 1.13495e-06
 2.36926e-06
 3.40876e-06
 3.77836e-06
 3.68053e-06
 3.21167e-06
 2.48353e-06
 1.84301e-06
 1.17496e-24
 2.41222e-16
 1.86501e-12
 2.67497e-10
 5.64721e-09
 4.72117e-08
 2.21493e-07
 7.01813e-07
 1.67143e-06
 2.84252e-06
 3.59138e-06
 3.80835e-06
 3.69749e-06
 3.29986e-06
 2.69899e-06
 6.35227e-26
 4.00841e-17
 5.31761e-13
 1.04689e-10
 2.58455e-09
 2.34607e-08
 1.18059e-07
 3.96741e-07
 1.02446e-06
 2.04037e-06
 3.05081e-06
 3.63545e-06
 3.81943e-06
 3.76307e-06
 3.50240e-06
 2.91700e-27
 5.67024e-18
 1.29911e-13
 3.57205e-11
 1.05035e-09
 1.04573e-08
 5.65676e-08
 2.02074e-07
 5.47823e-07
 1.21571e-06
 2.16220e-06
 3.04096e-06
 3.56508e-06
 3.78220e-06
 3.82723e-06
 1.12052e-28
 6.72323e-19
 2.67398e-14
 1.04243e-11
 3.72052e-10
 4.10754e-09
 2.39585e-08
 9.11825e-08
 2.60346e-07
 6.07106e-07
 1.21454e-06
 2.03092e-06
 2.80229e-06
 3.34159e-06
 3.65573e-06
 3.53646e-30
 6.56217e-20
 4.54988e-15
 2.54727e-12
 1.12459e-10
 1.39332e-09
 8.80152e-09
 3.57779e-08
 1.07932e-07
 2.63868e-07
 5.51831e-07
 1.02802e-06
 1.66689e-06
 2.32813e-06
 2.88605e-06
 8.97464e-32
 5.16006e-21
 6.25993e-16
 5.08879e-13
 2.83097e-11
 3.98822e-10
 2.74449e-09
 1.19542e-08
 3.82111e-08
 9.80785e-08
 2.13905e-07
 4.12416e-07
 7.25071e-07
 1.15049e-06
 1.64070e-06
 1.78367e-33
 3.18414e-22
 6.78180e-17
 8.08239e-14
 5.76819e-12
 9.37549e-11
 7.08144e-10
 3.31903e-09
 1.12735e-08
 3.04412e-08
 6.92941e-08
 1.38361e-07
 2.49195e-07
 4.09366e-07
 6.30360e-07
 2.68597e-35
 1.49198e-23
 5.59778e-18
 9.86583e-15
 9.18999e-13
 1.75146e-11
 1.46567e-10
 7.43229e-10
 2.69171e-09
 7.66507e-09
 1.82401e-08
 3.77769e-08
 7.00199e-08
 1.18268e-07
 1.85342e-07
 2.93601e-37
 5.08665e-25
 3.37364e-19
 8.86502e-16
 1.09602e-13
 2.49358e-12
 2.33849e-11
 1.29197e-10
 5.01101e-10
 1.50947e-09
 3.76314e-09
 8.09936e-09
 1.54921e-08
 2.68835e-08
 4.30099e-08
 2.19831e-39
 1.19090e-26
 1.40142e-20
 5.53421e-17
 9.23148e-15
 2.55743e-13
 2.72564e-12
 1.65539e-11
 6.91677e-11
 2.21301e-10
 5.79681e-10
 1.29940e-09
 2.56975e-09
 4.58292e-09
 7.48999e-09
 1.03726e-41
 1.76181e-28
 3.69314e-22
 2.20914e-18
 5.05299e-16
 1.74202e-14
 2.14642e-13
 1.44980e-12
 6.57894e-12
 2.24865e-11
 6.21420e-11
 1.45494e-10
 2.98039e-10
 5.46578e-10
 9.12446e-10
 2.70596e-44
 1.44511e-30
 5.41874e-24
 4.94918e-20
 1.57743e-17
 6.92905e-16
 1.00803e-14
 7.68918e-14
 3.83248e-13
 1.41106e-12
 4.13882e-12
 1.01628e-11
 2.16149e-11
 4.07942e-11
 6.95215e-11
 3.07817e-47
 5.18352e-33
 3.49193e-26
 4.90912e-22
 2.21532e-19
 1.27148e-17
 2.24075e-16
 1.97019e-15
 1.09602e-14
 4.40058e-14
 1.38231e-13
 3.58126e-13
 7.93440e-13
 1.54213e-12
 2.67798e-12
 8.57247e-51
 4.56484e-36
 5.54886e-29
 1.21036e-24
 7.85495e-22
 6.04727e-20
 1.33120e-18
 1.38674e-17
 8.81202e-17
 3.93050e-16
 1.34066e-15
 3.69812e-15
 8.57091e-15
 1.71425e-14
 3.01537e-14
part
         6
coordinates
 1.09202e-06
 1.35006e-06
 2.66784e-06
 4.45682e-06
 5.50650e-06
 5.72962e-06
 5.07307e-06
 3.42805e-06
 1.75864e-06
 8.01656e-07
 3.59850e-07
 1.99950e-07
 1.70450e-07
 2.39803e-07
 4.61072e-07
 8.60187e-07
 1.48063e-06
 1.09134e-06
 1.32749e-06
 2.63480e-06
 4.46223e-06
 5.56275e-06
 5.79973e-06
 5.15446e-06
 3.50724e-06
 1.80631e-06
 8.20894e-07
 3.59765e-07
 1.85609e-07
 1.42631e-07
 1.75596e-07
 3.00794e-07
 5.64179e-07
 1.09569e-06
 1.09187e-06
 1.27174e-06
 2.51159e-06
 4.36249e-06
 5.57882e-06
 5.89472e-06
 5.33765e-06
 3.76140e-06
 2.01147e-06
 9.39650e-07
 4.19372e-07
 2.06572e-07
 1.37435e-07
 1.33185e-07
 1.79516e-07
 3.30572e-07
 7.52012e-07
 1.10663e-06
 1.19743e-06
 2.29919e-06
 4.14124e-06
 5.51965e-06
 5.97907e-06
 5.59901e-06
 4.21422e-06
 2.44653e-06
 1.21640e-06
 5.79397e-07
 2.90687e-07
 1.78131e-07
 1.51366e-07
 1.77440e-07
 3.03672e-07
 6.96057e-07
 1.15488e-06
 1.12536e-06
 2.02130e-06
 3.77649e-06
 5.32933e-06
 6.01089e-06
 5.88243e-06
 4.82164e-06
 3.15995e-06
 1.75279e-06
 9.25247e-07
 5.09887e-07
 3.19378e-07
 2.63787e-07
 3.04123e-07
 4.71331e-07
 9.17217e-07
 1.25339e-06
 1.07327e-06
 1.71721e-06
 3.26595e-06
 4.96109e-06
 5.93238e-06
 6.09372e-06
 5.47646e-06
 4.14415e-06
 2.65988e-06
 1.58845e-06
 9.89625e-07
 6.77329e-07
 5.74484e-07
 6.44320e-07
 8.86459e-07
 1.44794e-06
 1.42245e-06
 1.05822e-06
 1.43095e-06
 2.65441e-06
 4.37223e-06
 5.66074e-06
 6.14381e-06
 5.97776e-06
 5.19918e-06
 3.96399e-06
 2.74518e-06
 1.91890e-06
 1.44157e-06
 1.26591e-06
 1.37364e-06
 1.72236e-06
 2.45531e-06
 1.68583e-06
 1.10955e-06
 1.21857e-06
 2.03662e-06
 3.55786e-06
 5.09585e-06
 5.96619e-06
 6.17589e-06
 5.93672e-06
 5.28878e-06
 4.35527e-06
 3.49563e-06
 2.85966e-06
 2.59298e-06
 2.74305e-06
 3.19069e-06
 3.99790e-06
 2.05515e-06
 1.26567e-06
 1.11896e-06
 1.54255e-06
 2.64040e-06
 4.17389e-06
 5.43318e-06
 6.04464e-06
 6.18055e-06
 6.04320e-06
 5.67929e-06
 5.20314e-06
 4.72905e-06
 4.50911e-06
 4.64852e-06
 5.00858e-06
 5.53698e-06
 2.52882e-06
 1.56955e-06
 1.14922e-06
 1.26020e-06
 1.85699e-06
 3.02605e-06
 4.41756e-06
 5.46109e-06
 5.97806e-06
 6.15286e-06
 6.15888e-06
 6.08862e-06
 5.97245e-06
 5.91643e-06
 5.99210e-06
 6.13805e-06
 6.28204e-06
 3.02708e-06
 2.05101e-06
 1.34972e-06
 1.18688e-06
 1.39338e-06
 2.01556e-06
 3.07754e-06
 4.27209e-06
 5.19406e-06
 5.72395e-06
 5.98459e-06
 6.11002e-06
 6.17391e-06
 6.21219e-06
 6.24233e-06
 6.25260e-06
 6.19181e-06
 3.45305e-06
 2.66984e-06
 1.78522e-06
 1.31511e-06
 1.25451e-06
 1.45159e-06
 1.95617e-06
 2.78106e-06
 3.71963e-06
 4.53557e-06
 5.11469e-06
 5.44877e-06
 5.64396e-06
 5.73658e-06
 5.72347e-06
 5.61992e-06
 5.36662e-06
 3.71950e-06
 3.27580e-06
 2.47209e-06
 1.73017e-06
 1.37402e-06
 1.31393e-06
 1.43295e-06
 1.73875e-06
 2.23643e-06
 2.85888e-06
 3.46355e-06
 3.90736e-06
 4.21713e-06
 4.35440e-06
 4.28783e-06
 4.08178e-06
 3.70723e-06
 3.77836e-06
 3.68053e-06
 3.21167e-06
 2.48353e-06
 1.84301e-06
 1.50072e-06
 1.38861e-06
 1.40714e-06
 1.52195e-06
 1.72251e-06
 1.99270e-06
 2.25594e-06
 2.47093e-06
 2.55991e-06
 2.48902e-06
 2.31904e-06
 2.07078e-06
 3.59138e-06
 3.80835e-06
 3.69749e-06
 3.29986e-06
 2.69899e-06
 2.12536e-06
 1.74431e-06
 1.55229e-06
 1.47476e-06
 1.46154e-06
 1.48616e-06
 1.52695e-06
 1.56421e-06
 1.56791e-06
 1.52866e-06
 1.45956e-06
 1.38680e-06
 3.05081e-06
 3.63545e-06
 3.81943e-06
 3.76307e-06
 3.50240e-06
 3.06924e-06
 2.60379e-06
 2.21515e-06
 1.93721e-06
 1.76877e-06
 1.66752e-06
 1.60837e-06
 1.57193e-06
 1.54398e-06
 1.52730e-06
 1.52143e-06
 1.54914e-06
 2.16220e-06
 3.04096e-06
 3.56508e-06
 3.78220e-06
 3.82723e-06
 3.72814e-06
 3.50718e-06
 3.21905e-06
 2.92600e-06
 2.67826e-06
 2.47457e-06
 2.32994e-06
 2.24423e-06
 2.20957e-06
 2.23118e-06
 2.30445e-06
 2.44301e-06
 1.21454e-06
 2.03092e-06
 2.80229e-06
 3.34159e-06
 3.65573e-06
 3.80363e-06
 3.84281e-06
 3.81458e-06
 3.73284e-06
 3.61847e-06
 3.49651e-06
 3.40138e-06
 3.35058e-06
 3.34929e-06
 3.40226e-06
 3.50156e-06
 3.64489e-06
 5.51831e-07
 1.02802e-06
 1.66689e-06
 2.32813e-06
 2.88605e-06
 3.28683e-06
 3.54108e-06
 3.70100e-06
 3.80118e-06
 3.85884e-06
 3.89444e-06
 3.92266e-06
 3.95331e-06
 3.99393e-06
 4.04866e-06
 4.11780e-06
 4.18409e-06
 2.13905e-07
 4.12416e-07
 7.25071e-07
 1.15049e-06
 1.64070e-06
 2.11935e-06
 2.53456e-06
 2.87156e-06
 3.12641e-06
 3.30899e-06
 3.44599e-06
 3.54642e-06
 3.61939e-06
 3.67642e-06
 3.70729e-06
 3.71743e-06
 3.69171e-06
 6.92941e-08
 1.38361e-07
 2.49195e-07
 4.09366e-07
 6.30360e-07
 9.07307e-07
 1.21198e-06
 1.51260e-06
 1.78517e-06
 2.00861e-06
 2.19005e-06
 2.32798e-06
 2.41720e-06
 2.45867e-06
 2.44356e-06
 2.38193e-06
 2.27235e-06
 1.82401e-08
 3.77769e-08
 7.00199e-08
 1.18268e-07
 1.85342e-07
 2.71913e-07
 3.74538e-07
 4.91872e-07
 6.20616e-07
 7.44192e-07
 8.51097e-07
 9.37215e-07
 9.90142e-07
 9.99373e-07
 9.70293e-07
 9.11242e-07
 8.26787e-07
 3.76314e-09
 8.09936e-09
 1.54921e-08
 2.68835e-08
 4.30099e-08
 6.41410e-08
 8.97863e-08
 1.18827e-07
 1.49542e-07
 1.80904e-07
 2.07411e-07
 2.28632e-07
 2.40291e-07
 2.37788e-07
 2.25953e-07
 2.05917e-07
 1.80628e-07
 5.79681e-10
 1.29940e-09
 2.56975e-09
 4.58292e-09
 7.48999e-09
 1.13489e-08
 1.60766e-08
 2.14287e-08
 2.70269e-08
 3.26335e-08
 3.73524e-08
 4.06892e-08
 4.18289e-08
 4.04309e-08
 3.72771e-08
 3.26551e-08
 2.73547e-08
 6.21420e-11
 1.45494e-10
 2.98039e-10
 5.46578e-10
 9.12446e-10
 1.40353e-09
 2.00719e-09
 2.68639e-09
 3.40345e-09
 4.05542e-09
 4.60588e-09
 4.90835e-09
 4.85079e-09
 4.53244e-09
 3.97836e-09
 3.26507e-09
 2.51898e-09
 4.13882e-12
 1.01628e-11
 2.16149e-11
 4.07942e-11
 6.95215e-11
 1.08353e-10
 1.55881e-10
 2.08410e-10
 2.62375e-10
 3.09340e-10
 3.40591e-10
 3.46907e-10
 3.26722e-10
 2.86715e-10
 2.30537e-10
 1.66398e-10
 1.09082e-10
 1.38231e-13
 3.58126e-13
 7.93440e-13
 1.54213e-12
 2.67798e-12
 4.21007e-12
 6.04829e-12
 8.01515e-12
 9.88094e-12
 1.12634e-11
 1.16587e-11
 1.10129e-11
 9.53259e-12
 7.39320e-12
 4.90258e-12
 2.63142e-12
 1.18673e-12
 1.34066e-15
 3.69812e-15
 8.57091e-15
 1.71425e-14
 3.01537e-14
 4.72689e-14
 6.67718e-14
 8.54768e-14
 9.95157e-14
 1.03997e-13
 9.67760e-14
 7.98394e-14
 5.67266e-14
 3.29467e-14
 1.40163e-14
 3.79105e-15
 9.27390e-16
 1.09202e-06
 1.35006e-06
 2.66784e-06
 4.45682e-06
 5.50650e-06
 5.72962e-06
 5.07307e-06
 3.42805e-06
 1.75864e-06
 8.01656e-07
 3.59850e-07
 1.99950e-07
 1.70450e-07
 2.39803e-07
 4.61072e-07
 8.60187e-07
 1.48063e-06
 1.09134e-06
 1.32749e-06
 2.63480e-06
 4.46223e-06
 5.56275e-06
 5.79973e-06
 5.15446e-06
 3.50724e-06
 1.80631e-06
 8.20894e-07
 3.59765e-07
 1.85609e-07
 1.42631e-07
 1.75596e-07
 3.00794e-07
 5.64179e-07
 1.09569e-06
 1.09187e-06
 1.27174e-06
 2.51159e-06
 4.36249e-06
 5.57882e-06
 5.89472e-06
 5.33765e-06
 3.76140e-06
 2.01147e-06
 9.39650e-07
 4.19372e-07
 2.06572e-07
 1.37435e-07
 1.33185e-07
 1.79516e-07
 3.30572e-07
 7.52012e-07
 1.10663e-06
 1.19743e-06
 2.29919e-06
 4.14124e-06
 5.51965e-06
 5.97907e-06
 5.59901e-06
 4.21422e-06
 2.44653e-06
 1.21640e-06
 5.79397e-07
 2.90687e-07
 1.78131e-07
 1.51366e-07
 1.77440e-07
 3.03672e-07
 6.96057e-07
 1.15488e-06
 1.12536e-06
 2.02130e-06
 3.77649e-06
 5.32933e-06
 6.01089e-06
 5.88243e-06
 4.82164e-06
 3.15995e-06
 1.75279e-06
 9.25247e-07
 5.09887e-07
 3.19378e-07
 2.63787e-07
 3.04123e-07
 4.71331e-07
 9.17217e-07
 1.25339e-06
 1.07327e-06
 1.71721e-06
 3.26595e-06
 4.96109e-06
 5.93238e-06
 6.09372e-06
 5.47646e-06
 4.14415e-06
 2.65988e-06
 1.58845e-06
 9.89625e-07
 6.77329e-07
 5.74484e-07
 6.44320e-07
 8.86459e-07
 1.44794e-06
 1.42245e-06
 1.05822e-06
 1.43095e-06
 2.65441e-06
 4.37223e-06
 5.66074e-06
 6.14381e-06
 5.97776e-06
 5.19918e-06
 3.96399e-06
 2.74518e-06
 1.91890e-06
 1.44157e-06
 1.26591e-06
 1.37364e-06
 1.72236e-06
 2.45531e-06
 1.68583e-06
 1.10955e-06
 1.21857e-06
 2.03662e-06
 3.55786e-06
 5.09585e-06
 5.96619e-06
 6.17589e-06
 5.93672e-06
 5.28878e-06
 4.35527e-06
 3.49563e-06
 2.85966e-06
 2.59298e-06
 2.74305e-06
 3.19069e-06
 3.99790e-06
 2.05515e-06
 1.26567e-06
 1.11896e-06
 1.54255e-06
 2.64040e-06
 4.17389e-06
 5.43318e-06
 6.04464e-06
 6.18055e-06
 6.04320e-06
 5.67929e-06
 5.20314e-06
 4.72905e-06
 4.50911e-06
 4.64852e-06
 5.00858e-06
 5.53698e-06
 2.52882e-06
 1.56955e-06
 1.14922e-06
 1.26020e-06
 1.85699e-06
 3.02605e-06
 4.41756e-06
 5.46109e-06
 5.97806e-06
 6.15286e-06
 6.15888e-06
 6.08862e-06
 5.97245e-06
 5.91643e-06
 5.99210e-06
 6.13805e-06
 6.28204e-06
 3.02708e-06
 2.05101e-06
 1.34972e-06
 1.18688e-06
 1.39338e-06
 2.01556e-06
 3.07754e-06
 4.27209e-06
 5.19406e-06
 5.72395e-06
 5.98459e-06
 6.11002e-06
 6.17391e-06
 6.21219e-06
 6.24233e-06
 6.25260e-06
 6.19181e-06
 3.45305e-06
 2.66984e-06
 1.78522e-06
 1.31511e-06
 1.25451e-06
 1.45159e-06
 1.95617e-06
 2.78106e-06
 3.71963e-06
 4.53557e-06
 5.11469e-06
 5.44877e-06
 5.64396e-06
 5.73658e-06
 5.72347e-06
 5.61992e-06
 5.36662e-06
 3.71950e-06
 3.27580e-06
 2.47209e-06
 1.73017e-06
 1.37402e-06
 1.31393e-06
 1.43295e-06
 1.73875e-06
 2.23643e-06
 2.85888e-06
 3.46355e-06
 3.90736e-06
 4.21713e-06
 4.35440e-06
 4.28783e-06
 4.08178e-06
 3.70723e-06
 3.77836e-06
 3.68053e-06
 3.21167e-06
 2.48353e-06
 1.84301e-06
 1.50072e-06
 1.38861e-06
 1.40714e-06
 1.52195e-06
 1.72251e-06
 1.99270e-06
 2.25594e-06
 2.47093e-06
 2.55991e-06
 2.48902e-06
 2.31904e-06
 2.07078e-06
 3.59138e-06
 3.80835e-06
 3.69749e-06
 3.29986e-06
 2.69899e-06
 2.12536e-06
 1.74431e-06
 1.55229e-06
 1.47476e-06
 1.46154e-06
 1.48616e-06
 1.52695e-06
 1.56421e-06
 1.56791e-06
 1.52866e-06
 1.45956e-06
 1.38680e-06
 3.05081e-06
 3.63545e-06
 3.81943e-06
 3.76307e-06
 3.50240e-06
 3.06924e-06
 2.60379e-06
 2.21515e-06
 1.93721e-06
 1.76877e-06
 1.66752e-06
 1.60837e-06
 1.57193e-06
 1.54398e-06
 1.52730e-06
 1.52143e-06
 1.54914e-06
 2.16220e-06
 3.04096e-06
 3.56508e-06
 3.78220e-06
 3.82723e-06
 3.72814e-06
 3.50718e-06
 3.21905e-06
 2.92600e-06
 2.67826e-06
 2.47457e-06
 2.32994e-06
 2.24423e-06
 2.20957e-06
 2.23118e-06
 2.30445e-06
 2.44301e-06
 1.21454e-06
 2.03092e-06
 2.80229e-06
 3.34159e-06
 3.65573e-06
 3.80363e-06
 3.84281e-06
 3.81458e-06
 3.73284e-06
 3.61847e-06
 3.49651e-06
 3.40138e-06
 3.35058e-06
 3.34929e-06
 3.40226e-06
 3.50156e-06
 3.64489e-06
 5.51831e-07
 1.02802e-06
 1.66689e-06
 2.32813e-06
 2.88605e-06
 3.28683e-06
 3.54108e-06
 3.70100e-06
 3.80118e-06
 3.85884e-06
 3.89444e-06
 3.92266e-06
 3.95331e-06
 3.99393e-06
 4.04866e-06
 4.11780e-06
 4.18409e-06
 2.13905e-07
 4.12416e-07
 7.25071e-07
 1.15049e-06
 1.64070e-06
 2.11935e-06
 2.53456e-06
 2.87156e-06
 3.12641e-06
 3.30899e-06
 3.44599e-06
 3.54642e-06
 3.61939e-06
 3.67642e-06
 3.70729e-06
 3.71743e-06
 3.69171e-06
 6.92941e-08
 1.38361e-07
 2.49195e-07
 4.09366e-07
 6.30360e-07
 9.07307e-07
 1.21198e-06
 1.51260e-06
 1.78517e-06
 2.00861e-06
 2.19005e-06
 2.32798e-06
 2.41720e-06
 2.45867e-06
 2.44356e-06
 2.38193e-06
 2.27235e-06
 1.82401e-08
 3.77769e-08
 7.00199e-08
 1.18268e-07
 1.85342e-07
 2.71913e-07
 3.74538e-07
 4.91872e-07
 6.20616e-07
 7.44192e-07
 8.51097e-07
 9.37215e-07
 9.90142e-07
 9.99373e-07
 9.70293e-07
 9.11242e-07
 8.26787e-07
 3.76314e-09
 8.09936e-09
 1.54921e-08
 2.68835e-08
 4.30099e-08
 6.41410e-08
 8.97863e-08
 1.18827e-07
 1.49542e-07
 1.80904e-07
 2.07411e-07
 2.28632e-07
 2.40291e-07
 2.37788e-07
 2.25953e-07
 2.05917e-07
 1.80628e-07
 5.79681e-10
 1.29940e-09
 2.56975e-09
 4.58292e-09
 7.48999e-09
 1.13489e-08
 1.60766e-08
 2.14287e-08
 2.70269e-08
 3.26335e-08
 3.73524e-08
 4.06892e-08
 4.18289e-08
 4.04309e-08
 3.72771e-08
 3.26551e-08
 2.73547e-08
 6.21420e-11
 1.45494e-10
 2.98039e-10
 5.46578e-10
 9.12446e-10
 1.40353e-09
 2.00719e-09
 2.68639e-09
 3.40345e-09
 4.05542e-09
 4.60588e-09
 4.90835e-09
 4.85079e-09
 4.53244e-09
 3.97836e-09
 3.26507e-09
 2.51898e-09
 4.13882e-12
 1.01628e-11
 2.16149e-11
 4.07942e-11
 6.95215e-11
 1.08353e-10
 1.55881e-10
 2.08410e-10
 2.62375e-10
 3.09340e-10
 3.40591e-10
 3.46907e-10
 3.26722e-10
 2.86715e-10
 2.30537e-10
 1.66398e-10
 1.09082e-10
 1.38231e-13
 3.58126e-13
 7.93440e-13
 1.54213e-12
 2.67798e-12
 4.21007e-12
 6.04829e-12
 8.01515e-12
 9.88094e-12
 1.12634e-11
 1.16587e-11
 1.10129e-11
 9.53259e-12
 7.39320e-12
 4.90258e-12
 2.63142e-12
 1.18673e-12
 1.34066e-15
 3.69812e-15
 8.57091e-15
 1.71425e-14
 3.01537e-14
 4.72689e-14
 6.67718e-14
 8.54768e-14
 9.95157e-14
 1.03997e-13
 9.67760e-14
 7.98394e-14
 5.67266e-14
 3.29467e-14
 1.40163e-14
 3.79105e-15
 9.27390e-16
part
         7
coordinates
 1.70450e-07
 2.39803e-07
 4.61072e-07
 8.60187e-07
 1.48063e-06
 2.31266e-06
 3.13694e-06
 3.64561e-06
 3.68067e-06
 3.12419e-06
 2.11213e-06
 1.25301e-06
 9.28297e-07
 1.08402e-06
 1.79275e-06
 3.13468e-06
 4.38895e-06
 4.80488e-06
 1.42631e-07
 1.75596e-07
 3.00794e-07
 5.64179e-07
 1.09569e-06
 2.04207e-06
 3.23477e-06
 4.09385e-06
 4.32365e-06
 3.92718e-06
 2.88278e-06
 1.69422e-06
 1.05800e-06
 1.04942e-06
 1.58216e-06
 2.81864e-06
 4.18245e-06
 4.75289e-06
 1.37435e-07
 1.33185e-07
 1.79516e-07
 3.30572e-07
 7.52012e-07
 1.68238e-06
 3.13829e-06
 4.36492e-06
 4.77604e-06
 4.49827e-06
 3.51368e-06
 2.12537e-06
 1.22611e-06
 1.07992e-06
 1.48381e-06
 2.61290e-06
 4.01161e-06
 4.67912e-06
 1.78131e-07
 1.51366e-07
 1.77440e-07
 3.03672e-07
 6.96057e-07
 1.58829e-06
 3.11747e-06
 4.56208e-06
 5.11183e-06
 4.88561e-06
 3.95216e-06
 2.46259e-06
 1.38126e-06
 1.13981e-06
 1.46626e-06
 2.50810e-06
 3.89849e-06
 4.60798e-06
 3.19378e-07
 2.63787e-07
 3.04123e-07
 4.71331e-07
 9.17217e-07
 1.85554e-06
 3.42526e-06
 4.87586e-06
 5.39278e-06
 5.14147e-06
 4.20023e-06
 2.65584e-06
 1.48507e-06
 1.20361e-06
 1.50079e-06
 2.48804e-06
 3.84841e-06
 4.55665e-06
 6.77329e-07
 5.74484e-07
 6.44320e-07
 8.86459e-07
 1.44794e-06
 2.53357e-06
 4.12202e-06
 5.33700e-06
 5.63114e-06
 5.29136e-06
 4.28125e-06
 2.69647e-06
 1.52123e-06
 1.25272e-06
 1.57166e-06
 2.57579e-06
 3.88389e-06
 4.52223e-06
 1.44157e-06
 1.26591e-06
 1.37364e-06
 1.72236e-06
 2.45531e-06
 3.67466e-06
 5.02320e-06
 5.76433e-06
 5.79586e-06
 5.30545e-06
 4.09262e-06
 2.47998e-06
 1.46612e-06
 1.29641e-06
 1.68185e-06
 2.74842e-06
 3.98369e-06
 4.49966e-06
 2.85966e-06
 2.59298e-06
 2.74305e-06
 3.19069e-06
 3.99790e-06
 5.03219e-06
 5.81081e-06
 6.03972e-06
 5.82571e-06
 5.07086e-06
 3.59707e-06
 2.08490e-06
 1.37823e-06
 1.35709e-06
 1.85433e-06
 2.99934e-06
 4.12316e-06
 4.47806e-06
 4.72905e-06
 4.50911e-06
 4.64852e-06
 5.00858e-06
 5.53698e-06
 6.01570e-06
 6.21308e-06
 6.09034e-06
 5.57398e-06
 4.44269e-06
 2.88281e-06
 1.71698e-06
 1.33139e-06
 1.45986e-06
 2.12464e-06
 3.33466e-06
 4.27911e-06
 4.44014e-06
 5.97245e-06
 5.91643e-06
 5.99210e-06
 6.13805e-06
 6.28204e-06
 6.31455e-06
 6.16330e-06
 5.72429e-06
 4.81379e-06
 3.43219e-06
 2.12309e-06
 1.44553e-06
 1.33602e-06
 1.64793e-06
 2.53372e-06
 3.71475e-06
 4.39288e-06
 4.36464e-06
 6.17391e-06
 6.21219e-06
 6.24233e-06
 6.25260e-06
 6.19181e-06
 5.98945e-06
 5.53753e-06
 4.72471e-06
 3.55998e-06
 2.35878e-06
 1.58253e-06
 1.32507e-06
 1.44204e-06
 2.00296e-06
 3.07368e-06
 4.07712e-06
 4.44712e-06
 4.22816e-06
 5.64396e-06
 5.73658e-06
 5.72347e-06
 5.61992e-06
 5.36662e-06
 4.89555e-06
 4.17186e-06
 3.23486e-06
 2.28498e-06
 1.61627e-06
 1.33503e-06
 1.36672e-06
 1.74578e-06
 2.59437e-06
 3.65715e-06
 4.33150e-06
 4.42599e-06
 3.98826e-06
 4.21713e-06
 4.35440e-06
 4.28783e-06
 4.08178e-06
 3.70723e-06
 3.16639e-06
 2.53216e-06
 1.92988e-06
 1.49996e-06
 1.31061e-06
 1.34654e-06
 1.66251e-06
 2.36875e-06
 3.35027e-06
 4.13881e-06
 4.43788e-06
 4.28403e-06
 3.57438e-06
 2.47093e-06
 2.55991e-06
 2.48902e-06
 2.31904e-06
 2.07078e-06
 1.78100e-06
 1.51026e-06
 1.33387e-06
 1.28543e-06
 1.39020e-06
 1.72812e-06
 2.37586e-06
 3.24766e-06
 4.01536e-06
 4.39413e-06
 4.38494e-06
 3.95097e-06
 2.93970e-06
 1.56421e-06
 1.56791e-06
 1.52866e-06
 1.45956e-06
 1.38680e-06
 1.33354e-06
 1.32208e-06
 1.39639e-06
 1.60640e-06
 2.00880e-06
 2.62843e-06
 3.37144e-06
 4.01770e-06
 4.37512e-06
 4.41608e-06
 4.11974e-06
 3.32896e-06
 2.13013e-06
 1.57193e-06
 1.54398e-06
 1.52730e-06
 1.52143e-06
 1.54914e-06
 1.64135e-06
 1.82272e-06
 2.12335e-06
 2.55666e-06
 3.11086e-06
 3.68544e-06
 4.14401e-06
 4.39819e-06
 4.41499e-06
 4.14906e-06
 3.47232e-06
 2.40381e-06
 1.32543e-06
 2.24423e-06
 2.20957e-06
 2.23118e-06
 2.30445e-06
 2.44301e-06
 2.65748e-06
 2.95038e-06
 3.31861e-06
 3.70331e-06
 4.05710e-06
 4.31583e-06
 4.42351e-06
 4.36252e-06
 4.04376e-06
 3.38011e-06
 2.41837e-06
 1.43445e-06
 7.21150e-07
 3.35058e-06
 3.34929e-06
 3.40226e-06
 3.50156e-06
 3.64489e-06
 3.81783e-06
 4.00674e-06
 4.19606e-06
 4.33203e-06
 4.39249e-06
 4.35190e-06
 4.14106e-06
 3.70731e-06
 3.02082e-06
 2.16524e-06
 1.33980e-06
 7.24313e-07
 3.51215e-07
 3.95331e-06
 3.99393e-06
 4.04866e-06
 4.11780e-06
 4.18409e-06
 4.22826e-06
 4.24909e-06
 4.22759e-06
 4.12316e-06
 3.90548e-06
 3.54920e-06
 3.03430e-06
 2.38151e-06
 1.68109e-06
 1.06329e-06
 6.09093e-07
 3.16920e-07
 1.47949e-07
 3.61939e-06
 3.67642e-06
 3.70729e-06
 3.71743e-06
 3.69171e-06
 3.60898e-06
 3.46221e-06
 3.23914e-06
 2.93026e-06
 2.53223e-06
 2.05876e-06
 1.55767e-06
 1.09024e-06
 7.04987e-07
 4.21597e-07
 2.31276e-07
 1.15262e-07
 5.15836e-08
 2.41720e-06
 2.45867e-06
 2.44356e-06
 2.38193e-06
 2.27235e-06
 2.11154e-06
 1.89959e-06
 1.64218e-06
 1.35755e-06
 1.06871e-06
 7.96170e-07
 5.59408e-07
 3.69423e-07
 2.27771e-07
 1.30165e-07
 6.83631e-08
 3.26562e-08
 1.40091e-08
 9.90142e-07
 9.99373e-07
 9.70293e-07
 9.11242e-07
 8.26787e-07
 7.25112e-07
 6.13740e-07
 4.99175e-07
 3.88629e-07
 2.89481e-07
 2.05798e-07
 1.38777e-07
 8.81571e-08
 5.23666e-08
 2.88446e-08
 1.45862e-08
 6.69119e-09
 2.74589e-09
 2.40291e-07
 2.37788e-07
 2.25953e-07
 2.05917e-07
 1.80628e-07
 1.53063e-07
 1.25051e-07
 9.82045e-08
 7.39957e-08
 5.32999e-08
 3.65259e-08
 2.36830e-08
 1.44351e-08
 8.20654e-09
 4.31106e-09
 2.06945e-09
 8.96125e-10
 3.44904e-10
 4.18289e-08
 4.04309e-08
 3.72771e-08
 3.26551e-08
 2.73547e-08
 2.20087e-08
 1.70302e-08
 1.26866e-08
 9.06165e-09
 6.17665e-09
 3.99565e-09
 2.43730e-09
 1.39127e-09
 7.36501e-10
 3.57751e-10
 1.57496e-10
 6.19624e-11
 2.14795e-11
 4.85079e-09
 4.53244e-09
 3.97836e-09
 3.26507e-09
 2.51898e-09
 1.85288e-09
 1.31361e-09
 8.93745e-10
 5.80575e-10
 3.57902e-10
 2.07898e-10
 1.12863e-10
 5.67222e-11
 2.61081e-11
 1.08858e-11
 4.07567e-12
 1.36883e-12
 4.91887e-13
 3.26722e-10
 2.86715e-10
 2.30537e-10
 1.66398e-10
 1.09082e-10
 6.78896e-11
 4.03303e-11
 2.27384e-11
 1.20859e-11
 6.00920e-12
 2.77176e-12
 1.17628e-12
 4.55943e-13
 1.66927e-13
 8.44427e-14
 1.02348e-13
 1.43790e-13
 1.81279e-13
 9.53259e-12
 7.39320e-12
 4.90258e-12
 2.63142e-12
 1.18673e-12
 5.03499e-13
 2.00584e-13
 7.50997e-14
 2.65678e-14
 9.03186e-15
 3.21009e-15
 1.85222e-15
 3.03164e-15
 9.15529e-15
 2.81234e-14
 6.76552e-14
 1.01667e-13
 1.01787e-13
 5.67266e-14
 3.29467e-14
 1.40163e-14
 3.79105e-15
 9.27390e-16
 7.47376e-16
 1.07754e-15
 1.34869e-15
 1.32816e-15
 1.05176e-15
 5.83357e-16
 2.09609e-16
 5.94323e-17
 1.41262e-17
 2.80969e-18
 4.66090e-19
 6.40747e-20
 7.23396e-21
 1.70450e-07
 2.39803e-07
 4.61072e-07
 8.60187e-07
 1.48063e-06
 2.31266e-06
 3.13694e-06
 3.64561e-06
 3.68067e-06
 3.12419e-06
 2.11213e-06
 1.25301e-06
 9.28297e-07
 1.08402e-06
 1.79275e-06
 3.13468e-06
 4.38895e-06
 4.80488e-06
 1.42631e-07
 1.75596e-07
 3.00794e-07
 5.64179e-07
 1.09569e-06
 2.04207e-06
 3.23477e-06
 4.09385e-06
 4.32365e-06
 3.92718e-06
 2.88278e-06
 1.69422e-06
 1.05800e-06
 1.04942e-06
 1.58216e-06
 2.81864e-06
 4.18245e-06
 4.75289e-06
 1.37435e-07
 1.33185e-07
 1.79516e-07
 3.30572e-07
 7.52012e-07
 1.68238e-06
 3.13829e-06
 4.36492e-06
 4.77604e-06
 4.49827e-06
 3.51368e-06
 2.12537e-06
 1.22611e-06
 1.07992e-06
 1.48381e-06
 2.61290e-06
 4.01161e-06
 4.67912e-06
 1.78131e-07
 1.51366e-07
 1.77440e-07
 3.03672e-07
 6.96057e-07
 1.58829e-06
 3.11747e-06
 4.56208e-06
 5.11183e-06
 4.88561e-06
 3.95216e-06
 2.46259e-06
 1.38126e-06
 1.13981e-06
 1.46626e-06
 2.50810e-06
 3.89849e-06
 4.60798e-06
 3.19378e-07
 2.63787e-07
 3.04123e-07
 4.71331e-07
 9.17217e-07
 1.85554e-06
 3.42526e-06
 4.87586e-06
 5.39278e-06
 5.14147e-06
 4.20023e-06
 2.65584e-06
 1.48507e-06
 1.20361e-06
 1.50079e-06
 2.48804e-06
 3.84841e-06
 4.55665e-06
 6.77329e-07
 5.74484e-07
 6.44320e-07
 8.86459e-07
 1.44794e-06
 2.53357e-06
 4.12202e-06
 5.33700e-06
 5.63114e-06
 5.29136e-06
 4.28125e-06
 2.69647e-06
 1.52123e-06
 1.25272e-06
 1.57166e-06
 2.57579e-06
 3.88389e-06
 4.52223e-06
 1.44157e-06
 1.26591e-06
 1.37364e-06
 1.72236e-06
 2.45531e-06
 3.67466e-06
 5.02320e-06
 5.76433e-06
 5.79586e-06
 5.30545e-06
 4.09262e-06
 2.47998e-06
 1.46612e-06
 1.29641e-06
 1.68185e-06
 2.74842e-06
 3.98369e-06
 4.49966e-06
 2.85966e-06
 2.59298e-06
 2.74305e-06
 3.19069e-06
 3.99790e-06
 5.03219e-06
 5.81081e-06
 6.03972e-06
 5.82571e-06
 5.07086e-06
 3.59707e-06
 2.08490e-06
 1.37823e-06
 1.35709e-06
 1.85433e-06
 2.99934e-06
 4.12316e-06
 4.47806e-06
 4.72905e-06
 4.50911e-06
 4.64852e-06
 5.00858e-06
 5.53698e-06
 6.01570e-06
 6.21308e-06
 6.09034e-06
 5.57398e-06
 4.44269e-06
 2.88281e-06
 1.71698e-06
 1.33139e-06
 1.45986e-06
 2.12464e-06
 3.33466e-06
 4.27911e-06
 4.44014e-06
 5.97245e-06
 5.91643e-06
 5.99210e-06
 6.13805e-06
 6.28204e-06
 6.31455e-06
 6.16330e-06
 5.72429e-06
 4.81379e-06
 3.43219e-06
 2.12309e-06
 1.44553e-06
 1.33602e-06
 1.64793e-06
 2.53372e-06
 3.71475e-06
 4.39288e-06
 4.36464e-06
 6.17391e-06
 6.21219e-06
 6.24233e-06
 6.25260e-06
 6.19181e-06
 5.98945e-06
 5.53753e-06
 4.72471e-06
 3.55998e-06
 2.35878e-06
 1.58253e-06
 1.32507e-06
 1.44204e-06
 2.00296e-06
 3.07368e-06
 4.07712e-06
 4.44712e-06
 4.22816e-06
 5.64396e-06
 5.73658e-06
 5.72347e-06
 5.61992e-06
 5.36662e-06
 4.89555e-06
 4.17186e-06
 3.23486e-06
 2.28498e-06
 1.61627e-06
 1.33503e-06
 1.36672e-06
 1.74578e-06
 2.59437e-06
 3.65715e-06
 4.33150e-06
 4.42599e-06
 3.98826e-06
 4.21713e-06
 4.35440e-06
 4.28783e-06
 4.08178e-06
 3.70723e-06
 3.16639e-06
 2.53216e-06
 1.92988e-06
 1.49996e-06
 1.31061e-06
 1.34654e-06
 1.66251e-06
 2.36875e-06
 3.35027e-06
 4.13881e-06
 4.43788e-06
 4.28403e-06
 3.57438e-06
 2.47093e-06
 2.55991e-06
 2.48902e-06
 2.31904e-06
 2.07078e-06
 1.78100e-06
 1.51026e-06
 1.33387e-06
 1.28543e-06
 1.39020e-06
 1.72812e-06
 2.37586e-06
 3.24766e-06
 4.01536e-06
 4.39413e-06
 4.38494e-06
 3.95097e-06
 2.93970e-06
 1.56421e-06
 1.56791e-06
 1.52866e-06
 1.45956e-06
 1.38680e-06
 1.33354e-06
 1.32208e-06
 1.39639e-06
 1.60640e-06
 2.00880e-06
 2.62843e-06
 3.37144e-06
 4.01770e-06
 4.37512e-06
 4.41608e-06
 4.11974e-06
 3.32896e-06
 2.13013e-06
 1.57193e-06
 1.54398e-06
 1.52730e-06
 1.52143e-06
 1.54914e-06
 1.64135e-06
 1.82272e-06
 2.12335e-06
 2.55666e-06
 3.11086e-06
 3.68544e-06
 4.14401e-06
 4.39819e-06
 4.41499e-06
 4.14906e-06
 3.47232e-06
 2.40381e-06
 1.32543e-06
 2.24423e-06
 2.20957e-06
 2.23118e-06
 2.30445e-06
 2.44301e-06
 2.65748e-06
 2.95038e-06
 3.31861e-06
 3.70331e-06
 4.05710e-06
 4.31583e-06
 4.42351e-06
 4.36252e-06
 4.04376e-06
 3.38011e-06
 2.41837e-06
 1.43445e-06
 7.21150e-07
 3.35058e-06
 3.34929e-06
 3.40226e-06
 3.50156e-06
 3.64489e-06
 3.81783e-06
 4.00674e-06
 4.19606e-06
 4.33203e-06
 4.39249e-06
 4.35190e-06
 4.14106e-06
 3.70731e-06
 3.02082e-06
 2.16524e-06
 1.33980e-06
 7.24313e-07
 3.51215e-07
 3.95331e-06
 3.99393e-06
 4.04866e-06
 4.11780e-06
 4.18409e-06
 4.22826e-06
 4.24909e-06
 4.22759e-06
 4.12316e-06
 3.90548e-06
 3.54920e-06
 3.03430e-06
 2.38151e-06
 1.68109e-06
 1.06329e-06
 6.09093e-07
 3.16920e-07
 1.47949e-07
 3.61939e-06
 3.67642e-06
 3.70729e-06
 3.71743e-06
 3.69171e-06
 3.60898e-06
 3.46221e-06
 3.23914e-06
 2.93026e-06
 2.53223e-06
 2.05876e-06
 1.55767e-06
 1.09024e-06
 7.04987e-07
 4.21597e-07
 2.31276e-07
 1.15262e-07
 5.15836e-08
 2.41720e-06
 2.45867e-06
 2.44356e-06
 2.38193e-06
 2.27235e-06
 2.11154e-06
 1.89959e-06
 1.64218e-06
 1.35755e-06
 1.06871e-06
 7.96170e-07
 5.59408e-07
 3.69423e-07
 2.27771e-07
 1.30165e-07
 6.83631e-08
 3.26562e-08
 1.40091e-08
 9.90142e-07
 9.99373e-07
 9.70293e-07
 9.11242e-07
 8.26787e-07
 7.25112e-07
 6.13740e-07
 4.99175e-07
 3.88629e-07
 2.89481e-07
 2.05798e-07
 1.38777e-07
 8.81571e-08
 5.23666e-08
 2.88446e-08
 1.45862e-08
 6.69119e-09
 2.74589e-09
 2.40291e-07
 2.37788e-07
 2.25953e-07
 2.05917e-07
 1.80628e-07
 1.53063e-07
 1.25051e-07
 9.82045e-08
 7.39957e-08
 5.32999e-08
 3.65259e-08
 2.36830e-08
 1.44351e-08
 8.20654e-09
 4.31106e-09
 2.06945e-09
 8.96125e-10
 3.44904e-10
 4.18289e-08
 4.04309e-08
 3.72771e-08
 3.26551e-08
 2.73547e-08
 2.20087e-08
 1.70302e-08
 1.26866e-08
 9.06165e-09
 6.17665e-09
 3.99565e-09
 2.43730e-09
 1.39127e-09
 7.36501e-10
 3.57751e-10
 1.57496e-10
 6.19624e-11
 2.14795e-11
 4.85079e-09
 4.53244e-09
 3.97836e-09
 3.26507e-09
 2.51898e-09
 1.85288e-09
 1.31361e-09
 8.93745e-10
 5.80575e-10
 3.57902e-10
 2.07898e-10
 1.12863e-10
 5.67222e-11
 2.61081e-11
 1.08858e-11
 4.07567e-12
 1.36883e-12
 4.91887e-13
 3.26722e-10
 2.86715e-10
 2.30537e-10
 1.66398e-10
 1.09082e-10
 6.78896e-11
 4.03303e-11
 2.27384e-11
 1.20859e-11
 6.00920e-12
 2.77176e-12
 1.17628e-12
 4.55943e-13
 1.66927e-13
 8.44427e-14
 1.02348e-13
 1.43790e-13
 1.81279e-13
 9.53259e-12
 7.39320e-12
 4.90258e-12
 2.63142e-12
 1.18673e-12
 5.03499e-13
 2.00584e-13
 7.50997e-14
 2.65678e-14
 9.03186e-15
 3.21009e-15
 1.85222e-15
 3.03164e-15
 9.15529e-15
 2.81234e-14
 6.76552e-14
 1.01667e-13
 1.01787e-13
 5.67266e-14
 3.29467e-14
 1.40163e-14
 3.79105e-15
 9.27390e-16
 7.47376e-16
 1.07754e-15
 1.34869e-15
 1.32816e-15
 1.05176e-15
 5.83357e-16
 2.09609e-16
 5.94323e-17
 1.41262e-17
 2.80969e-18
 4.66090e-19
 6.40747e-20
 7.23396e-21
part
         8
coordinates
 1.08402e-06
 1.79275e-06
 3.13468e-06
 4.38895e-06
 4.80488e-06
 4.31214e-06
 2.90833e-06
 1.28405e-06
 3.65961e-07
 7.96961e-08
 1.37924e-08
 1.33423e-08
 5.08900e-08
 5.96379e-08
 1.96573e-08
 5.54985e-11
 1.04942e-06
 1.58216e-06
 2.81864e-06
 4.18245e-06
 4.75289e-06
 4.39101e-06
 3.10864e-06
 1.45007e-06
 4.26217e-07
 9.58165e-08
 1.65780e-08
 1.02000e-08
 4.01411e-08
 5.24779e-08
 2.02411e-08
 1.51386e-10
 1.07992e-06
 1.48381e-06
 2.61290e-06
 4.01161e-06
 4.67912e-06
 4.40568e-06
 3.23416e-06
 1.57597e-06
 4.77374e-07
 1.10583e-07
 1.95354e-08
 8.41565e-09
 3.17126e-08
 4.58113e-08
 2.02255e-08
 3.50702e-10
 1.13981e-06
 1.46626e-06
 2.50810e-06
 3.89849e-06
 4.60798e-06
 4.38701e-06
 3.29508e-06
 1.65274e-06
 5.13776e-07
 1.22104e-07
 2.21496e-08
 7.44200e-09
 2.51674e-08
 3.90624e-08
 1.90071e-08
 6.00453e-10
 1.20361e-06
 1.50079e-06
 2.48804e-06
 3.84841e-06
 4.55665e-06
 4.34533e-06
 3.29518e-06
 1.68130e-06
 5.31660e-07
 1.28607e-07
 2.38063e-08
 6.77137e-09
 2.01034e-08
 3.23381e-08
 1.66850e-08
 7.97607e-10
 1.25272e-06
 1.57166e-06
 2.57579e-06
 3.88389e-06
 4.52223e-06
 4.28323e-06
 3.22385e-06
 1.63764e-06
 5.21973e-07
 1.28811e-07
 2.43858e-08
 6.21420e-09
 1.61551e-08
 2.65488e-08
 1.43288e-08
 9.15775e-10
 1.29641e-06
 1.68185e-06
 2.74842e-06
 3.98369e-06
 4.49966e-06
 4.20317e-06
 3.09301e-06
 1.53060e-06
 4.83971e-07
 1.20458e-07
 2.32214e-08
 5.58701e-09
 1.30316e-08
 2.17944e-08
 1.22472e-08
 9.65674e-10
 1.35709e-06
 1.85433e-06
 2.99934e-06
 4.12316e-06
 4.47806e-06
 4.08669e-06
 2.89603e-06
 1.37537e-06
 4.28950e-07
 1.07064e-07
 2.08339e-08
 4.88300e-09
 1.05298e-08
 1.77814e-08
 1.03205e-08
 9.64991e-10
 1.45986e-06
 2.12464e-06
 3.33466e-06
 4.27911e-06
 4.44014e-06
 3.92278e-06
 2.63443e-06
 1.18123e-06
 3.64104e-07
 9.11297e-08
 1.78130e-08
 4.14454e-09
 8.50548e-09
 1.43836e-08
 8.53463e-09
 9.04974e-10
 1.64793e-06
 2.53372e-06
 3.71475e-06
 4.39288e-06
 4.36464e-06
 3.68727e-06
 2.30672e-06
 9.63295e-07
 2.93905e-07
 7.30213e-08
 1.42593e-08
 3.38437e-09
 6.85299e-09
 1.15163e-08
 6.90152e-09
 7.89291e-10
 2.00296e-06
 3.07368e-06
 4.07712e-06
 4.44712e-06
 4.22816e-06
 3.34412e-06
 1.90593e-06
 7.36096e-07
 2.24746e-07
 5.58504e-08
 1.09071e-08
 2.68749e-09
 5.49475e-09
 9.10851e-09
 5.45387e-09
 6.51468e-10
 2.59437e-06
 3.65715e-06
 4.33150e-06
 4.42599e-06
 3.98826e-06
 2.87258e-06
 1.47049e-06
 5.37913e-07
 1.63371e-07
 4.03113e-08
 7.84592e-09
 2.06351e-09
 4.37237e-09
 7.09826e-09
 4.20430e-09
 5.12774e-10
 3.35027e-06
 4.13881e-06
 4.43788e-06
 4.28403e-06
 3.57438e-06
 2.28705e-06
 1.04806e-06
 3.73742e-07
 1.11962e-07
 2.72955e-08
 5.28435e-09
 1.53920e-09
 3.44272e-09
 5.43209e-09
 3.15008e-09
 3.83742e-10
 4.01536e-06
 4.39413e-06
 4.38494e-06
 3.95097e-06
 2.93970e-06
 1.64403e-06
 6.91733e-07
 2.43040e-07
 7.17109e-08
 1.72088e-08
 3.31453e-09
 1.12518e-09
 2.67372e-09
 4.06354e-09
 2.28192e-09
 2.70947e-10
 4.37512e-06
 4.41608e-06
 4.11974e-06
 3.32896e-06
 2.13013e-06
 1.04935e-06
 4.24240e-07
 1.46820e-07
 4.25163e-08
 1.00009e-08
 1.92497e-09
 8.16096e-10
 2.04041e-09
 2.95306e-09
 1.58729e-09
 1.79188e-10
 4.41499e-06
 4.14906e-06
 3.47232e-06
 2.40381e-06
 1.32543e-06
 6.05236e-07
 2.40107e-07
 8.13353e-08
 2.30178e-08
 5.28604e-09
 1.03184e-09
 5.94603e-10
 1.52148e-09
 2.06785e-09
 1.05043e-09
 1.09974e-10
 4.04376e-06
 3.38011e-06
 2.41837e-06
 1.43445e-06
 7.21150e-07
 3.19978e-07
 1.23461e-07
 4.06761e-08
 1.11897e-08
 2.49912e-09
 5.14124e-10
 4.38262e-10
 1.09946e-09
 1.37990e-09
 6.53132e-10
 6.18293e-11
 3.02082e-06
 2.16524e-06
 1.33980e-06
 7.24313e-07
 3.51215e-07
 1.50647e-07
 5.62380e-08
 1.79303e-08
 4.77022e-09
 1.03558e-09
 2.46586e-10
 3.25547e-10
 7.60965e-10
 8.64055e-10
 3.74880e-10
 3.13079e-11
 1.68109e-06
 1.06329e-06
 6.09093e-07
 3.16920e-07
 1.47949e-07
 6.11100e-08
 2.19742e-08
 6.74792e-09
 1.72724e-09
 3.69655e-10
 1.24058e-10
 2.39641e-10
 4.96109e-10
 4.96356e-10
 1.93553e-10
 1.39868e-11
 7.04987e-07
 4.21597e-07
 2.31276e-07
 1.15262e-07
 5.15836e-08
 2.04405e-08
 7.05242e-09
 2.07579e-09
 5.09305e-10
 1.15620e-10
 7.33040e-11
 1.69941e-10
 2.97006e-10
 2.53604e-10
 8.63526e-11
 5.33398e-12
 2.27771e-07
 1.30165e-07
 6.83631e-08
 3.26562e-08
 1.40091e-08
 5.31594e-09
 1.75265e-09
 4.91283e-10
 1.17175e-10
 3.74726e-11
 5.16667e-11
 1.11771e-10
 1.56956e-10
 1.10470e-10
 3.10725e-11
 1.61600e-12
 5.23666e-08
 2.88446e-08
 1.45862e-08
 6.69119e-09
 2.74589e-09
 9.91953e-10
 3.09533e-10
 8.22978e-11
 2.25424e-11
 1.88211e-11
 3.83318e-11
 6.43861e-11
 6.84538e-11
 3.80097e-11
 7.98239e-12
 3.43692e-13
 8.20654e-09
 4.31106e-09
 2.06945e-09
 8.96125e-10
 3.44904e-10
 1.15991e-10
 3.36970e-11
 9.69939e-12
 7.15377e-12
 1.42868e-11
 2.49380e-11
 2.95955e-11
 2.21469e-11
 8.77997e-12
 1.19161e-12
 4.09661e-14
 7.36501e-10
 3.57751e-10
 1.57496e-10
 6.19624e-11
 2.14795e-11
 6.55851e-12
 2.31099e-12
 2.58013e-12
 5.35238e-12
 9.43364e-12
 1.15362e-11
 9.40894e-12
 4.56161e-12
 9.61874e-13
 7.11269e-14
 1.29802e-15
 2.61081e-11
 1.08858e-11
 4.07567e-12
 1.36883e-12
 4.91887e-13
 4.59423e-13
 1.03016e-12
 2.12451e-12
 3.28526e-12
 3.57466e-12
 2.88052e-12
 1.56707e-12
 4.01325e-13
 3.96678e-14
 1.61706e-15
 1.53830e-17
 1.66927e-13
 8.44427e-14
 1.02348e-13
 1.43790e-13
 1.81279e-13
 2.90066e-13
 6.20901e-13
 9.01053e-13
 8.48590e-13
 5.27734e-13
 1.72221e-13
 2.63482e-14
 2.35490e-15
 1.09689e-16
 2.12129e-18
 9.64451e-21
 9.15529e-15
 2.81234e-14
 6.76552e-14
 1.01667e-13
 1.01787e-13
 7.03172e-14
 2.97973e-14
 7.31740e-15
 1.30915e-15
 1.68111e-16
 1.49627e-17
 8.76863e-19
 3.13165e-20
 6.01097e-22
 4.91109e-24
 9.62104e-27
 1.41262e-17
 2.80969e-18
 4.66090e-19
 6.40747e-20
 7.23396e-21
 6.62825e-22
 4.85527e-23
 2.78969e-24
 1.22726e-25
 4.00707e-27
 9.31856e-29
 1.45865e-30
 1.41577e-32
 7.48417e-35
 1.70116e-37
 9.34294e-41
 1.08402e-06
 1.79275e-06
 3.13468e-06
 4.38895e-06
 4.80488e-06
 4.31214e-06
 2.90833e-06
 1.28405e-06
 3.65961e-07
 7.96961e-08
 1.37924e-08
 1.33423e-08
 5.08900e-08
 5.96379e-08
 1.96573e-08
 5.54985e-11
 1.04942e-06
 1.58216e-06
 2.81864e-06
 4.18245e-06
 4.75289e-06
 4.39101e-06
 3.10864e-06
 1.45007e-06
 4.26217e-07
 9.58165e-08
 1.65780e-08
 1.02000e-08
 4.01411e-08
 5.24779e-08
 2.02411e-08
 1.51386e-10
 1.07992e-06
 1.48381e-06
 2.61290e-06
 4.01161e-06
 4.67912e-06
 4.40568e-06
 3.23416e-06
 1.57597e-06
 4.77374e-07
 1.10583e-07
 1.95354e-08
 8.41565e-09
 3.17126e-08
 4.58113e-08
 2.02255e-08
 3.50702e-10
 1.13981e-06
 1.46626e-06
 2.50810e-06
 3.89849e-06
 4.60798e-06
 4.38701e-06
 3.29508e-06
 1.65274e-06
 5.13776e-07
 1.22104e-07
 2.21496e-08
 7.44200e-09
 2.51674e-08
 3.90624e-08
 1.90071e-08
 6.00453e-10
 1.20361e-06
 1.50079e-06
 2.48804e-06
 3.84841e-06
 4.55665e-06
 4.34533e-06
 3.29518e-06
 1.68130e-06
 5.31660e-07
 1.28607e-07
 2.38063e-08
 6.77137e-09
 2.01034e-08
 3.23381e-08
 1.66850e-08
 7.97607e-10
 1.25272e-06
 1.57166e-06
 2.57579e-06
 3.88389e-06
 4.52223e-06
 4.28323e-06
 3.22385e-06
 1.63764e-06
 5.21973e-07
 1.28811e-07
 2.43858e-08
 6.21420e-09
 1.61551e-08
 2.65488e-08
 1.43288e-08
 9.15775e-10
 1.29641e-06
 1.68185e-06
 2.74842e-06
 3.98369e-06
 4.49966e-06
 4.20317e-06
 3.09301e-06
 1.53060e-06
 4.83971e-07
 1.20458e-07
 2.32214e-08
 5.58701e-09
 1.30316e-08
 2.17944e-08
 1.22472e-08
 9.65674e-10
 1.35709e-06
 1.85433e-06
 2.99934e-06
 4.12316e-06
 4.47806e-06
 4.08669e-06
 2.89603e-06
 1.37537e-06
 4.28950e-07
 1.07064e-07
 2.08339e-08
 4.88300e-09
 1.05298e-08
 1.77814e-08
 1.03205e-08
 9.64991e-10
 1.45986e-06
 2.12464e-06
 3.33466e-06
 4.27911e-06
 4.44014e-06
 3.92278e-06
 2.63443e-06
 1.18123e-06
 3.64104e-07
 9.11297e-08
 1.78130e-08
 4.14454e-09
 8.50548e-09
 1.43836e-08
 8.53463e-09
 9.04974e-10
 1.64793e-06
 2.53372e-06
 3.71475e-06
 4.39288e-06
 4.36464e-06
 3.68727e-06
 2.30672e-06
 9.63295e-07
 2.93905e-07
 7.30213e-08
 1.42593e-08
 3.38437e-09
 6.85299e-09
 1.15163e-08
 6.90152e-09
 7.89291e-10
 2.00296e-06
 3.07368e-06
 4.07712e-06
 4.44712e-06
 4.22816e-06
 3.34412e-06
 1.90593e-06
 7.36096e-07
 2.24746e-07
 5.58504e-08
 1.09071e-08
 2.68749e-09
 5.49475e-09
 9.10851e-09
 5.45387e-09
 6.51468e-10
 2.59437e-06
 3.65715e-06
 4.33150e-06
 4.42599e-06
 3.98826e-06
 2.87258e-06
 1.47049e-06
 5.37913e-07
 1.63371e-07
 4.03113e-08
 7.84592e-09
 2.06351e-09
 4.37237e-09
 7.09826e-09
 4.20430e-09
 5.12774e-10
 3.35027e-06
 4.13881e-06
 4.43788e-06
 4.28403e-06
 3.57438e-06
 2.28705e-06
 1.04806e-06
 3.73742e-07
 1.11962e-07
 2.72955e-08
 5.28435e-09
 1.53920e-09
 3.44272e-09
 5.43209e-09
 3.15008e-09
 3.83742e-10
 4.01536e-06
 4.39413e-06
 4.38494e-06
 3.95097e-06
 2.93970e-06
 1.64403e-06
 6.91733e-07
 2.43040e-07
 7.17109e-08
 1.72088e-08
 3.31453e-09
 1.12518e-09
 2.67372e-09
 4.06354e-09
 2.28192e-09
 2.70947e-10
 4.37512e-06
 4.41608e-06
 4.11974e-06
 3.32896e-06
 2.13013e-06
 1.04935e-06
 4.24240e-07
 1.46820e-07
 4.25163e-08
 1.00009e-08
 1.92497e-09
 8.16096e-10
 2.04041e-09
 2.95306e-09
 1.58729e-09
 1.79188e-10
 4.41499e-06
 4.14906e-06
 3.47232e-06
 2.40381e-06
 1.32543e-06
 6.05236e-07
 2.40107e-07
 8.13353e-08
 2.30178e-08
 5.28604e-09
 1.03184e-09
 5.94603e-10
 1.52148e-09
 2.06785e-09
 1.05043e-09
 1.09974e-10
 4.04376e-06
 3.38011e-06
 2.41837e-06
 1.43445e-06
 7.21150e-07
 3.19978e-07
 1.23461e-07
 4.06761e-08
 1.11897e-08
 2.49912e-09
 5.14124e-10
 4.38262e-10
 1.09946e-09
 1.37990e-09
 6.53132e-10
 6.18293e-11
 3.02082e-06
 2.16524e-06
 1.33980e-06
 7.24313e-07
 3.51215e-07
 1.50647e-07
 5.62380e-08
 1.79303e-08
 4.77022e-09
 1.03558e-09
 2.46586e-10
 3.25547e-10
 7.60965e-10
 8.64055e-10
 3.74880e-10
 3.13079e-11
 1.68109e-06
 1.06329e-06
 6.09093e-07
 3.16920e-07
 1.47949e-07
 6.11100e-08
 2.19742e-08
 6.74792e-09
 1.72724e-09
 3.69655e-10
 1.24058e-10
 2.39641e-10
 4.96109e-10
 4.96356e-10
 1.93553e-10
 1.39868e-11
 7.04987e-07
 4.21597e-07
 2.31276e-07
 1.15262e-07
 5.15836e-08
 2.04405e-08
 7.05242e-09
 2.07579e-09
 5.09305e-10
 1.15620e-10
 7.33040e-11
 1.69941e-10
 2.97006e-10
 2.53604e-10
 8.63526e-11
 5.33398e-12
 2.27771e-07
 1.30165e-07
 6.83631e-08
 3.26562e-08
 1.40091e-08
 5.31594e-09
 1.75265e-09
 4.91283e-10
 1.17175e-10
 3.74726e-11
 5.16667e-11
 1.11771e-10
 1.56956e-10
 1.10470e-10
 3.10725e-11
 1.61600e-12
 5.23666e-08
 2.88446e-08
 1.45862e-08
 6.69119e-09
 2.74589e-09
 9.91953e-10
 3.09533e-10
 8.22978e-11
 2.25424e-11
 1.88211e-11
 3.83318e-11
 6.43861e-11
 6.84538e-11
 3.80097e-11
 7.98239e-12
 3.43692e-13
 8.20654e-09
 4.31106e-09
 2.06945e-09
 8.96125e-10
 3.44904e-10
 1.15991e-10
 3.36970e-11
 9.69939e-12
 7.15377e-12
 1.42868e-11
 2.49380e-11
 2.95955e-11
 2.21469e-11
 8.77997e-12
 1.19161e-12
 4.09661e-14
 7.36501e-10
 3.57751e-10
 1.57496e-10
 6.19624e-11
 2.14795e-11
 6.55851e-12
 2.31099e-12
 2.58013e-12
 5.35238e-12
 9.43364e-12
 1.15362e-11
 9.40894e-12
 4.56161e-12
 9.61874e-13
 7.11269e-14
 1.29802e-15
 2.61081e-11
 1.08858e-11
 4.07567e-12
 1.36883e-12
 4.91887e-13
 4.59423e-13
 1.03016e-12
 2.12451e-12
 3.28526e-12
 3.57466e-12
 2.88052e-12
 1.56707e-12
 4.01325e-13
 3.96678e-14
 1.61706e-15
 1.53830e-17
 1.66927e-13
 8.44427e-14
 1.02348e-13
 1.43790e-13
 1.81279e-13
 2.90066e-13
 6.20901e-13
 9.01053e-13
 8.48590e-13
 5.27734e-13
 1.72221e-13
 2.63482e-14
 2.35490e-15
 1.09689e-16
 2.12129e-18
 9.64451e-21
 9.15529e-15
 2.81234e-14
 6.76552e-14
 1.01667e-13
 1.01787e-13
 7.03172e-14
 2.97973e-14
 7.31740e-15
 1.30915e-15
 1.68111e-16
 1.49627e-17
 8.76863e-19
 3.13165e-20
 6.01097e-22
 4.91109e-24
 9.62104e-27
 1.41262e-17
 2.80969e-18
 4.66090e-19
 6.40747e-20
 7.23396e-21
 6.62825e-22
 4.85527e-23
 2.78969e-24
 1.22726e-25
 4.00707e-27
 9.31856e-29
 1.45865e-30
 1.41577e-32
 7.48417e-35
 1.70116e-37
 9.34294e-41
