1.2577892535548833E-04 5.6249999999994882E-01
3.3065954102888426E-04 5.6249999999994515E-01
6.6438847503013320E-04 5.6249999999994471E-01
1.2079977424249309E-03 5.6249999999994393E-01
2.0802539293884250E-03 5.6249999999994238E-01
3.0802539293884232E-03 5.6249999999994515E-01
4.0802539293884220E-03 5.6249999999994316E-01
5.0802539293884246E-03 5.6249999999994305E-01
6.0802539293884272E-03 5.6249999999994271E-01
7.0802539293884298E-03 5.6249999999994083E-01
8.0802539293884298E-03 5.6249999999994238E-01
9.0802539293884238E-03 5.6249999999993916E-01
1.0080253929388418E-02 5.6249999999994149E-01
1.1080253929388412E-02 5.6249999999993883E-01
1.2080253929388406E-02 5.6249999999993905E-01
1.3080253929388400E-02 5.6249999999994260E-01
1.4080253929388394E-02 5.6249999999993605E-01
1.5080253929388387E-02 5.6249999999993883E-01
1.6080253929388381E-02 5.6249999999993849E-01
1.7080253929388375E-02 5.6249999999993860E-01
1.8080253929388369E-02 5.6249999999993738E-01
1.9080253929388363E-02 5.6249999999993616E-01
2.0080253929388357E-02 5.6249999999993672E-01
2.1080253929388351E-02 5.6249999999993761E-01
2.2080253929388345E-02 5.6249999999993738E-01
2.3080253929388339E-02 5.6249999999993616E-01
2.4080253929388333E-02 5.6249999999993439E-01
2.5080253929388327E-02 5.6249999999993594E-01
2.6080253929388321E-02 5.6249999999993727E-01
2.7080253929388315E-02 5.6249999999993594E-01
2.8080253929388309E-02 5.6249999999993250E-01
2.9080253929388303E-02 5.6249999999993294E-01
3.0080253929388297E-02 5.6249999999993505E-01
3.1080253929388291E-02 5.6249999999993661E-01
3.2080253929388312E-02 5.6249999999993483E-01
3.3080253929388341E-02 5.6249999999993738E-01
3.4080253929388370E-02 5.6249999999993539E-01
3.5080253929388398E-02 5.6249999999993539E-01
3.6080253929388427E-02 5.6249999999993527E-01
3.7080253929388456E-02 5.6249999999993361E-01
3.8080253929388484E-02 5.6249999999993339E-01
3.9080253929388513E-02 5.6249999999993194E-01
4.0080253929388542E-02 5.6249999999993228E-01
4.1080253929388570E-02 5.6249999999992994E-01
4.2080253929388599E-02 5.6249999999992961E-01
4.3080253929388627E-02 5.6249999999993483E-01
4.4080253929388656E-02 5.6249999999993638E-01
4.5080253929388685E-02 5.6249999999993350E-01
4.6080253929388713E-02 5.6249999999993194E-01
4.7080253929388742E-02 5.6249999999993239E-01
4.8080253929388771E-02 5.6249999999993239E-01
4.9080253929388799E-02 5.6249999999992850E-01
5.0080253929388828E-02 5.6249999999993705E-01
5.1080253929388857E-02 5.6249999999993261E-01
5.2080253929388885E-02 5.6249999999993083E-01
5.3080253929388914E-02 5.6249999999993161E-01
5.4080253929388943E-02 5.6249999999993050E-01
5.5080253929388971E-02 5.6249999999993716E-01
5.6080253929389000E-02 5.6249999999993083E-01
5.7080253929389028E-02 5.6249999999993527E-01
5.8080253929389057E-02 5.6249999999993261E-01
5.9080253929389086E-02 5.6249999999993483E-01
6.0080253929389114E-02 5.6249999999993239E-01
6.1080253929389143E-02 5.6249999999993527E-01
6.2080253929389172E-02 5.6249999999993971E-01
6.3080253929389193E-02 5.6249999999993594E-01
6.4080253929389222E-02 5.6249999999993894E-01
6.5080253929389251E-02 5.6249999999993860E-01
6.6080253929389279E-02 5.6249999999993427E-01
6.7080253929389308E-02 5.6249999999993217E-01
6.8080253929389337E-02 5.6249999999993727E-01
6.9080253929389365E-02 5.6249999999993572E-01
7.0080253929389394E-02 5.6249999999993783E-01
7.1080253929389423E-02 5.6249999999993983E-01
7.2080253929389451E-02 5.6249999999993650E-01
7.3080253929389480E-02 5.6249999999993994E-01
7.4080253929389508E-02 5.6249999999993905E-01
7.5080253929389537E-02 5.6249999999993494E-01
7.6080253929389566E-02 5.6249999999993883E-01
7.7080253929389594E-02 5.6249999999993716E-01
7.8080253929389623E-02 5.6249999999993827E-01
7.9080253929389652E-02 5.6249999999993827E-01
8.0080253929389680E-02 5.6249999999993361E-01
8.1080253929389709E-02 5.6249999999993749E-01
8.2080253929389738E-02 5.6249999999993716E-01
8.3080253929389766E-02 5.6249999999993627E-01
8.4080253929389795E-02 5.6249999999993516E-01
8.5080253929389824E-02 5.6249999999994138E-01
8.6080253929389852E-02 5.6249999999994038E-01
8.7080253929389881E-02 5.6249999999993650E-01
8.8080253929389909E-02 5.6249999999994360E-01
8.9080253929389938E-02 5.6249999999993716E-01
9.0080253929389967E-02 5.6249999999994260E-01
9.1080253929389995E-02 5.6249999999994105E-01
9.2080253929390024E-02 5.6249999999994138E-01
9.3080253929390053E-02 5.6249999999993638E-01
9.4080253929390081E-02 5.6249999999994238E-01
9.5080253929390110E-02 5.6249999999994260E-01
9.6080253929390139E-02 5.6249999999994282E-01
9.7080253929390167E-02 5.6249999999994027E-01
9.8080253929390196E-02 5.6249999999994171E-01
9.9080253929390225E-02 5.6249999999994038E-01
1.0008025392939025E-01 5.6249999999994493E-01
1.0108025392939028E-01 5.6249999999994138E-01
1.0208025392939031E-01 5.6249999999994182E-01
1.0308025392939034E-01 5.6249999999994482E-01
1.0408025392939037E-01 5.6249999999994393E-01
1.0508025392939040E-01 5.6249999999994260E-01
1.0608025392939043E-01 5.6249999999993694E-01
1.0708025392939045E-01 5.6249999999994527E-01
1.0808025392939048E-01 5.6249999999994038E-01
1.0908025392939051E-01 5.6249999999994127E-01
1.1008025392939054E-01 5.6249999999994815E-01
1.1108025392939057E-01 5.6249999999994449E-01
1.1208025392939060E-01 5.6249999999994016E-01
1.1308025392939063E-01 5.6249999999994804E-01
1.1408025392939065E-01 5.6249999999994704E-01
1.1508025392939068E-01 5.6249999999994083E-01
1.1608025392939071E-01 5.6249999999995326E-01
1.1708025392939074E-01 5.6249999999994438E-01
1.1808025392939077E-01 5.6249999999994449E-01
1.1908025392939080E-01 5.6249999999994149E-01
1.2008025392939083E-01 5.6249999999994604E-01
1.2108025392939085E-01 5.6249999999994404E-01
1.2208025392939088E-01 5.6249999999995148E-01
1.2308025392939091E-01 5.6249999999995104E-01
1.2408025392939094E-01 5.6249999999995548E-01
1.2508025392939096E-01 5.6249999999995137E-01
1.2608025392939085E-01 5.6249999999994882E-01
1.2708025392939074E-01 5.6249999999994416E-01
1.2808025392939063E-01 5.6249999999994937E-01
1.2908025392939051E-01 5.6249999999995204E-01
1.3008025392939040E-01 5.6249999999994937E-01
1.3108025392939029E-01 5.6249999999995148E-01
1.3208025392939018E-01 5.6249999999994749E-01
1.3308025392939007E-01 5.6249999999995226E-01
1.3408025392938996E-01 5.6249999999994427E-01
1.3508025392938985E-01 5.6249999999994715E-01
1.3608025392938974E-01 5.6249999999994738E-01
1.3708025392938963E-01 5.6249999999994937E-01
1.3808025392938952E-01 5.6249999999994982E-01
1.3908025392938941E-01 5.6249999999994793E-01
1.4008025392938930E-01 5.6249999999995337E-01
1.4108025392938919E-01 5.6249999999995326E-01
1.4208025392938908E-01 5.6249999999995037E-01
1.4308025392938897E-01 5.6249999999995404E-01
1.4408025392938886E-01 5.6249999999995481E-01
1.4508025392938875E-01 5.6249999999994726E-01
1.4608025392938864E-01 5.6249999999994826E-01
1.4708025392938853E-01 5.6249999999995148E-01
1.4808025392938842E-01 5.6249999999995248E-01
1.4908025392938831E-01 5.6249999999995337E-01
1.5008025392938820E-01 5.6249999999994416E-01
1.5108025392938809E-01 5.6249999999994893E-01
1.5208025392938798E-01 5.6249999999994937E-01
1.5308025392938787E-01 5.6249999999995259E-01
1.5408025392938776E-01 5.6249999999994749E-01
1.5508025392938765E-01 5.6249999999995304E-01
1.5608025392938754E-01 5.6249999999994560E-01
1.5708025392938743E-01 5.6249999999994915E-01
1.5808025392938732E-01 5.6249999999995515E-01
1.5908025392938721E-01 5.6249999999994760E-01
1.6008025392938710E-01 5.6249999999995048E-01
1.6108025392938699E-01 5.6249999999995248E-01
1.6208025392938688E-01 5.6249999999995515E-01
1.6308025392938677E-01 5.6249999999994826E-01
1.6408025392938666E-01 5.6249999999994671E-01
1.6508025392938655E-01 5.6249999999995437E-01
1.6608025392938644E-01 5.6249999999994682E-01
1.6708025392938633E-01 5.6249999999995393E-01
1.6808025392938622E-01 5.6249999999995470E-01
1.6908025392938611E-01 5.6249999999994671E-01
1.7008025392938600E-01 5.6249999999994882E-01
1.7108025392938589E-01 5.6249999999995592E-01
1.7208025392938578E-01 5.6249999999995237E-01
1.7308025392938567E-01 5.6249999999995326E-01
1.7408025392938556E-01 5.6249999999995026E-01
1.7508025392938545E-01 5.6249999999994826E-01
1.7608025392938534E-01 5.6249999999995215E-01
1.7708025392938523E-01 5.6249999999994926E-01
1.7808025392938512E-01 5.6249999999994771E-01
1.7908025392938501E-01 5.6249999999994860E-01
1.8008025392938490E-01 5.6249999999994926E-01
1.8108025392938479E-01 5.6249999999995648E-01
1.8208025392938468E-01 5.6249999999994726E-01
1.8308025392938457E-01 5.6249999999994971E-01
1.8408025392938446E-01 5.6249999999995004E-01
1.8508025392938435E-01 5.6249999999995015E-01
1.8608025392938424E-01 5.6249999999995370E-01
1.8708025392938413E-01 5.6249999999995870E-01
1.8808025392938402E-01 5.6249999999995359E-01
1.8908025392938391E-01 5.6249999999995570E-01
1.9008025392938380E-01 5.6249999999994260E-01
1.9108025392938369E-01 5.6249999999995126E-01
1.9208025392938358E-01 5.6249999999995093E-01
1.9308025392938347E-01 5.6249999999995093E-01
1.9408025392938336E-01 5.6249999999995004E-01
1.9508025392938325E-01 5.6249999999995937E-01
1.9608025392938314E-01 5.6249999999995215E-01
1.9708025392938303E-01 5.6249999999995248E-01
1.9808025392938292E-01 5.6249999999995870E-01
1.9908025392938281E-01 5.6249999999994404E-01
