1.3770442179647357E-07 1.5300425982767385E+08
1.8097361452497672E-07 1.7823114029040238E+08
2.2482643380998231E-07 2.0194279796339092E+08
2.6852398289036023E-07 2.2474742215719905E+08
3.1250800814516648E-07 2.4560047937925074E+08
3.5678184814394645E-07 2.6247503841978550E+08
4.0100411721741743E-07 2.7443905471161789E+08
4.4516312775703391E-07 2.8138787140766937E+08
4.8922391206117244E-07 2.8360841501096845E+08
5.3331989349333136E-07 2.8111380667214990E+08
5.7751742083447659E-07 2.7420877921335292E+08
6.2180191697117345E-07 2.6330157743045306E+08
6.6609616683201328E-07 2.4863992572858670E+08
7.1032341324410718E-07 2.3028350596541077E+08
7.5447429321660026E-07 2.0819419524372423E+08
7.9858009291165548E-07 1.8249604877609915E+08
8.4267935043433642E-07 1.5350320397654599E+08
8.8681324346587023E-07 1.2163309200912203E+08
9.3102034686854353E-07 8.7433387920919597E+07
9.7532756069855466E-07 5.1637963788649604E+07
1.0197255603157645E-06 1.5208558914317464E+07
1.0642137851932392E-06 -2.0735701464262821E+07
1.1088041175415529E-06 -5.4987227929654010E+07
1.1535078618139954E-06 -8.6324859445021108E+07
1.1983365495271071E-06 -1.1362361428147294E+08
1.2432985591270268E-06 -1.3601369271597984E+08
1.2883869476469326E-06 -1.5320940748859549E+08
1.3335722928487458E-06 -1.6550024741018924E+08
1.3788212460922749E-06 -1.7339155317694840E+08
1.4241066503823693E-06 -1.7739037918267831E+08
1.4693914248327131E-06 -1.7785904931201103E+08
1.5146710925925339E-06 -1.7498389795388800E+08
1.5599614589817417E-06 -1.6879161426935643E+08
1.6052782953402119E-06 -1.5921408474603486E+08
1.6506335398300230E-06 -1.4618788484062168E+08
1.6960354968163597E-06 -1.2966177962933791E+08
1.7414850753449533E-06 -1.0964388066821706E+08
1.7869738800922744E-06 -8.6268320114973739E+07
1.8324859696126550E-06 -5.9845301366163976E+07
1.8780069442632956E-06 -3.0848712783425864E+07
1.9235263857394824E-06 1.4187727348060382E+05
1.9690369296255446E-06 3.2438385659192126E+07
2.0145326665571694E-06 6.5283403987283513E+07
2.0600085762835408E-06 9.7889465785319984E+07
2.1054601457183087E-06 1.2946983111214617E+08
2.1508813994236757E-06 1.5927701414181012E+08
2.1962393201348228E-06 1.8662172102014089E+08
2.2415296219360784E-06 2.1094333725137872E+08
2.2867608114891472E-06 2.3180948952730250E+08
2.3319425354542738E-06 2.4891860362494856E+08
2.3770846174279516E-06 2.6207782203279307E+08
2.4221969665266242E-06 2.7115636703099072E+08
2.4672893225258763E-06 2.7610171319469583E+08
2.5123706027892134E-06 2.7695387656939203E+08
2.5574485421395228E-06 2.7384735038426960E+08
2.6025296256188828E-06 2.6698674749865386E+08
2.6476187432187680E-06 2.5662927945363906E+08
2.6927195985979564E-06 2.4306977211631149E+08
2.7378348677622338E-06 2.2663128706108221E+08
2.7829666315159515E-06 2.0765826810664937E+08
2.8281166725292685E-06 1.8652262612068787E+08
2.8732869192641936E-06 1.6361567604219440E+08
2.9184799025333655E-06 1.3935776980475932E+08
2.9636900428035888E-06 1.1419866251416965E+08
3.0089101382601995E-06 8.8610564860403970E+07
3.0541436341581391E-06 6.3065226025259078E+07
3.0993943026706902E-06 3.8039043231634833E+07
3.1446661698438665E-06 1.4007332598568857E+07
3.1899635179952977E-06 -8.5679794392425418E+06
3.2352905340934963E-06 -2.9251633329147894E+07
3.2806509314850909E-06 -4.7637650150291853E+07
3.3260471407465307E-06 -6.3350563026375331E+07
3.3714800435766231E-06 -7.6052108626610160E+07
3.4169490263370171E-06 -8.5442759480611786E+07
3.4624524941258489E-06 -9.1274426109650925E+07
3.5079886163250679E-06 -9.3370854330361873E+07
3.5535548287653245E-06 -9.1630650603360504E+07
3.5991482881147918E-06 -8.6040158360121578E+07
3.6447636862324013E-06 -7.6678166799383521E+07
3.6903869669503924E-06 -6.3713693665740117E+07
3.7360207901629862E-06 -4.7422082545523189E+07
3.7816665472192134E-06 -2.8275501652673930E+07
3.8273276992983271E-06 -6.8534934491291223E+06
3.8729937578443997E-06 1.6233879841084778E+07
3.9186486893467295E-06 4.0374167193190359E+07
3.9643013352911504E-06 6.4993013780586585E+07
4.0099530887846276E-06 8.9537527794087306E+07
4.0555920940212403E-06 1.1347888301017328E+08
4.1012082134447633E-06 1.3633985203591448E+08
4.1467991374744015E-06 1.5769421938031465E+08
4.1923642912588830E-06 1.7712539509187719E+08
4.2379031691038010E-06 1.9426648993317711E+08
4.2834148616853987E-06 2.0883834062721440E+08
4.3288983703821838E-06 2.2064618452816445E+08
4.3743530227532605E-06 2.2957389257401618E+08
4.4197792102769724E-06 2.3554201685091457E+08
4.4651784872572799E-06 2.3852514796846801E+08
4.5105534113640608E-06 2.3859857460633090E+08
4.5559070414795777E-06 2.3595726670923167E+08
4.6012422915843844E-06 2.3088406251760775E+08
4.6465617349245712E-06 2.2370045996267623E+08
4.6918684327264821E-06 2.1473121711926243E+08
4.7371661617698993E-06 2.0431094070877388E+08
4.7824597583560997E-06 1.9278260125586557E+08
4.8277547948364246E-06 1.8047277888020542E+08
4.8730567464640017E-06 1.6773098723968038E+08
4.9183703817002432E-06 1.5493860393629766E+08
4.9636988959646125E-06 1.4245420522681978E+08
5.0090449894585661E-06 1.3053532223313138E+08
5.0544108463902459E-06 1.1931663503654397E+08
5.0997982418343043E-06 1.0882752275796530E+08
5.1452082799142962E-06 9.9065859271358594E+07
5.1906419366499661E-06 9.0053155166868746E+07
5.2360999271972325E-06 8.1826174653285444E+07
5.2815825921222420E-06 7.4379952146058932E+07
5.3270900617233734E-06 6.7686896880306542E+07
5.3726220789219783E-06 6.1703269073133834E+07
5.4181785355591771E-06 5.6386729642020434E+07
5.4637589126399996E-06 5.1700071851917379E+07
5.5093625074420942E-06 4.7637798599228866E+07
5.5549866244939819E-06 4.4248288196559228E+07
5.6006240273949116E-06 4.1638008427150331E+07
5.6462746427750290E-06 3.9940306364472277E+07
5.6919389350094232E-06 3.9259237148670465E+07
5.7376168400370272E-06 3.9611052319924220E+07
5.7833081782596224E-06 4.0942398514060371E+07
5.8290127424839737E-06 4.3193065405040570E+07
5.8747255801572244E-06 4.6311951381526373E+07
5.9204373663550605E-06 5.0293279410677500E+07
5.9661526331434444E-06 5.5168432245985731E+07
6.0118723651738734E-06 6.0956789873544261E+07
6.0575968924711642E-06 6.7634514767335057E+07
6.1033287805135699E-06 7.5133313249723569E+07
6.1490616694055627E-06 8.3352404667811707E+07
6.1947858679548366E-06 9.2160950118197069E+07
6.2404996462447032E-06 1.0139785219693856E+08
6.2862018979563905E-06 1.1087356559794120E+08
6.3318916882653541E-06 1.2040806061379220E+08
6.3775683642400743E-06 1.2984180136974527E+08
6.4232314709081639E-06 1.3901923942735884E+08
6.4688807024709983E-06 1.4776957131032509E+08
6.5145159374675924E-06 1.5591485560471117E+08
6.5601363099276539E-06 1.6329529155203828E+08
6.6057417508385298E-06 1.6978730543220922E+08
6.6513329455184593E-06 1.7529851859353730E+08
6.6969107239648572E-06 1.7977343122843778E+08
6.7424761599204561E-06 1.8317345134794945E+08
6.7880306022210746E-06 1.8546417430720550E+08
6.8335756925400703E-06 1.8661518518801969E+08
6.8791133116588151E-06 1.8658901977537924E+08
6.9246453903859076E-06 1.8536022284817415E+08
6.9701737620533327E-06 1.8291350836485481E+08
7.0157003669490363E-06 1.7923192907427013E+08
7.0612271792165921E-06 1.7431704786874232E+08
7.1067563478491332E-06 1.6823411714819345E+08
7.1522900333987847E-06 1.6110116965274987E+08
7.1978303925660002E-06 1.5308778772049585E+08
7.2433791918466310E-06 1.4438366483402124E+08
7.2889377384341562E-06 1.3515950209178388E+08
7.3345064082782031E-06 1.2555299024803181E+08
7.3800866918104233E-06 1.1569710963852580E+08
7.4256799382323036E-06 1.0575082502124861E+08
7.4712868438490749E-06 9.5908026919169903E+07
7.5169078379160877E-06 8.6375320598029181E+07
7.5625430772293836E-06 7.7330849025238886E+07
7.6081927361268578E-06 6.8909255286741912E+07
7.6538571907151216E-06 6.1214580513246156E+07
7.6995368488480693E-06 5.4350215479900174E+07
7.7452320618975976E-06 4.8408277867086820E+07
7.7909434000419393E-06 4.3472989465383507E+07
7.8366711045597525E-06 3.9623161152491421E+07
7.8824152393019986E-06 3.6929655000974610E+07
7.9281756269945701E-06 3.5436579459854811E+07
7.9739516976112340E-06 3.5159892890110180E+07
8.0197421896803319E-06 3.6092190049416095E+07
8.0655454883772362E-06 3.8207120349083029E+07
8.1113598567205557E-06 4.1458145410238735E+07
8.1571828119995319E-06 4.5755281227401048E+07
8.2030118953450614E-06 5.0958011147415020E+07
8.2488449821377416E-06 5.6897359934382975E+07
8.2946803221098898E-06 6.3401734666656680E+07
8.3405164347877323E-06 7.0315172741729528E+07
8.3863520778935719E-06 7.7492880681452200E+07
8.4321860458101138E-06 8.4797594274338111E+07
8.4780165372617206E-06 9.2088331080122888E+07
8.5238422071447053E-06 9.9213977085149929E+07
8.5696620989301174E-06 1.0603194993475467E+08
8.6154753014540190E-06 1.1242604516470513E+08
8.6612811209652996E-06 1.1830451572820304E+08
8.7070788510471531E-06 1.2359707685380039E+08
8.7528681459112351E-06 1.2825242449392925E+08
8.7986479869206665E-06 1.3223151793039083E+08
8.8444129014848743E-06 1.3550407331864759E+08
8.8901616815487167E-06 1.3804904309316048E+08
8.9358950775621344E-06 1.3986598286421120E+08
8.9816142211423137E-06 1.4098324793485200E+08
9.0273206443270300E-06 1.4145284045084596E+08
9.0730160941179116E-06 1.4132394709169111E+08
9.1187031372359151E-06 1.4064014606223935E+08
9.1643840981036247E-06 1.3945177323788136E+08
9.2100610390435671E-06 1.3781768515988502E+08
9.2557354763826011E-06 1.3580849352305427E+08
9.3014088755169143E-06 1.3350498988093132E+08
9.3470828188818189E-06 1.3098967324666780E+08
9.3927586446858032E-06 1.2833218408714926E+08
9.4384377773820875E-06 1.2558969143842797E+08
9.4841220034979171E-06 1.2281490360413347E+08
9.5298123100280035E-06 1.2005809522959583E+08
9.5755095652583602E-06 1.1737204786628009E+08
9.6212164085125969E-06 1.1480425712511873E+08
9.6669354366011706E-06 1.1237332766272020E+08
9.7126686899303247E-06 1.1004724161758076E+08
9.7584174548860689E-06 1.0779046235090443E+08
9.8041809186799850E-06 1.0557607311562239E+08
9.8499557876557962E-06 1.0338949638456395E+08
9.8957409475781876E-06 1.0123253285601613E+08
9.9415325638970554E-06 9.9120055317509145E+07
9.9873302563575069E-06 9.7069200220295474E+07
1.0033134337181877E-05 9.5091711762180045E+07
1.0078945425810353E-05 9.3202561266106024E+07
1.0124763808554863E-05 9.1426841584604785E+07
1.0170589795307717E-05 8.9801210548574507E+07
1.0216423551065179E-05 8.8363580411645725E+07
1.0262265035300551E-05 8.7141416638485596E+07
1.0308114300120994E-05 8.6159541466533035E+07
1.0353971212013590E-05 8.5438540749941051E+07
1.0399835299026445E-05 8.4992999778424174E+07
1.0445704402546050E-05 8.4831133048933044E+07
1.0491576774279130E-05 8.4963796301263958E+07
1.0537451767214398E-05 8.5402645639207333E+07
1.0583328758206280E-05 8.6142263390003398E+07
1.0629208128947641E-05 8.7163642408803597E+07
1.0675090096507883E-05 8.8442025666637510E+07
1.0720974788652811E-05 8.9952236776599318E+07
1.0766861699500806E-05 9.1671252839534611E+07
1.0812750521468018E-05 9.3576534774875134E+07
1.0858639771292631E-05 9.5644361801448122E+07
1.0904527138467048E-05 9.7850955348866820E+07
1.0950409622183775E-05 1.0017540468734170E+08
1.0996285898401862E-05 1.0259648609363748E+08
1.1042156495277864E-05 1.0508634998629735E+08
1.1088021978947743E-05 1.0761059021114962E+08
1.1133882905923244E-05 1.1012556780099981E+08
1.1179739799722041E-05 1.1257950735568893E+08
1.1225593061672032E-05 1.1491892844266433E+08
1.1271442850222255E-05 1.1709513518249735E+08
1.1317289349585387E-05 1.1906439562835531E+08
1.1363132740871034E-05 1.2079103701305057E+08
1.1408973149727151E-05 1.2224520404301430E+08
1.1454810780682903E-05 1.2340427044448857E+08
1.1500645912461819E-05 1.2424591967784972E+08
1.1546478658333712E-05 1.2473969737055808E+08
1.1592309512950927E-05 1.2485774218102777E+08
1.1638139099014123E-05 1.2458967087051499E+08
1.1683968162990285E-05 1.2393947814133959E+08
1.1729797667599925E-05 1.2291879682284713E+08
1.1775628758257531E-05 1.2154352013988408E+08
1.1821462772019858E-05 1.1983565980935472E+08
1.1867300649613005E-05 1.1782088228624162E+08
1.1913143224385425E-05 1.1552060081703804E+08
1.1958991501707558E-05 1.1296250843007948E+08
1.2004846507752682E-05 1.1018456980628760E+08
1.2050709040364844E-05 1.0723420018558076E+08
1.2096579145083198E-05 1.0417170469408268E+08
1.2142456975970294E-05 1.0106796715659232E+08
1.2188342932777748E-05 9.7996640598138526E+07
1.2234236794059501E-05 9.5013575310897470E+07
1.2280137998833090E-05 9.2160187414355502E+07
1.2326046256813538E-05 8.9492733736547232E+07
1.2371961470367605E-05 8.7076606047517076E+07
1.2417883309276922E-05 8.4973402339652538E+07
1.2463811395258049E-05 8.3228637738256007E+07
1.2509744882012701E-05 8.1864974678287655E+07
1.2555683182146721E-05 8.0886134936017483E+07
1.2601625696234157E-05 8.0290182938258410E+07
1.2647571954716805E-05 8.0073377260624051E+07
1.2693521576718087E-05 8.0225732762803137E+07
1.2739474087568758E-05 8.0721672350965530E+07
1.2785429209285860E-05 8.1519746615789965E+07
1.2831386742056084E-05 8.2566940842364535E+07
1.2877346527046094E-05 8.3802866641963303E+07
1.2923308432625604E-05 8.5167647785656825E+07
1.2969272422816558E-05 8.6605138337198913E+07
1.3015238422823246E-05 8.8065697099477798E+07
1.3061206299433805E-05 8.9507606074730784E+07
1.3107176068899515E-05 9.0895683211927459E+07
1.3153147725187605E-05 9.2204579117059261E+07
1.3199120995213552E-05 9.3414982509623989E+07
1.3245095895181057E-05 9.4506196745913103E+07
1.3291072377588344E-05 9.5454649564934954E+07
1.3337050239425400E-05 9.6239111249915659E+07
1.3383029471070719E-05 9.6844853852105573E+07
1.3429010139854652E-05 9.7270500932712540E+07
1.3474992199896359E-05 9.7522856701771572E+07
1.3520975832808375E-05 9.7610037890938014E+07
1.3566960765042101E-05 9.7537424196188390E+07
1.3612945011485282E-05 9.7311911720268160E+07
1.3658927683336156E-05 9.6946176068103686E+07
1.3704908868530444E-05 9.6458636904916629E+07
1.3750888578654750E-05 9.5867664577225268E+07
1.3796866932726451E-05 9.5193858414154842E+07
1.3842844307646791E-05 9.4468661806390524E+07
1.3888821131265830E-05 9.3725684153793991E+07
1.3934798011875160E-05 9.2994540705353349E+07
1.3980775601830438E-05 9.2297621938530803E+07
1.4026754630832528E-05 9.1646504347028390E+07
1.4072735787178915E-05 9.1045225149126217E+07
1.4118719879259650E-05 9.0493232283022657E+07
1.4164707519807536E-05 8.9986791141248167E+07
1.4210698810601139E-05 8.9527401079290539E+07
1.4256692700046492E-05 8.9126598436260074E+07
1.4302689255246986E-05 8.8796746219763592E+07
1.4348688797380866E-05 8.8542544343884960E+07
1.4394691903052240E-05 8.8357200442345083E+07
1.4440699424123201E-05 8.8228206888913050E+07
1.4486712174485403E-05 8.8142394195264235E+07
1.4532731076674111E-05 8.8088898530908018E+07
1.4578756801236720E-05 8.8057895496328548E+07
1.4624789219820548E-05 8.8039849083396181E+07
1.4670826806687965E-05 8.8027043645499408E+07
1.4716868926572884E-05 8.8013730743084684E+07
1.4762915391833809E-05 8.7996566920277670E+07
1.4808965925509567E-05 8.7974012538232863E+07
1.4855020355589829E-05 8.7946743622263670E+07
1.4901078396169934E-05 8.7916973090909943E+07
1.4947139831857472E-05 8.7885472762418672E+07
1.4993204382790030E-05 8.7850345917551428E+07
1.5039271920868981E-05 8.7809346089868322E+07
1.5085342089362173E-05 8.7758163833666235E+07
1.5131414834853392E-05 8.7689659206688657E+07
1.5177490039082035E-05 8.7597216190200791E+07
1.5223567568936609E-05 8.7480095648000926E+07
1.5269646484664629E-05 8.7344569963602960E+07
1.5315726503158432E-05 8.7202082491309658E+07
1.5361807419725627E-05 8.7064854377616480E+07
1.5407889136159291E-05 8.6943811736224025E+07
1.5453969569894446E-05 8.6849615029543921E+07
1.5500047551330848E-05 8.6794012465184957E+07
1.5546123018235738E-05 8.6790721686423436E+07
1.5592196014788062E-05 8.6854814846950650E+07
1.5638266942612724E-05 8.6999459764083937E+07
1.5684335943546853E-05 8.7232949480298296E+07
1.5730403464483635E-05 8.7556611806506097E+07
1.5776469843988395E-05 8.7968337285508886E+07
1.5822535492148764E-05 8.8461392883021027E+07
1.5868600842458457E-05 8.9023952609495685E+07
1.5914666473063939E-05 8.9641269460993662E+07
1.5960732777714361E-05 9.0298277235463426E+07
1.6006800178655607E-05 9.0981523297663927E+07
1.6052868985002525E-05 9.1677397553267956E+07
1.6098939359391806E-05 9.2369543964474931E+07
1.6145011554780443E-05 9.3037357116811320E+07
1.6191085714014155E-05 9.3657465716673106E+07
1.6237161955487846E-05 9.4207867956226453E+07
1.6283240620447337E-05 9.4670219492964968E+07
1.6329321871759459E-05 9.5030584810941234E+07
1.6375405996911734E-05 9.5276460546967819E+07
1.6421493232249884E-05 9.5395759757493392E+07
1.6467583669937374E-05 9.5376249016242713E+07
1.6513677243199074E-05 9.5207153126373515E+07
1.6559773800293933E-05 9.4881722265566722E+07
1.6605873104791334E-05 9.4396873707978323E+07
1.6651974959224905E-05 9.3754122642646566E+07
1.6698079160851161E-05 9.2960306087053701E+07
1.6744185285742503E-05 9.2028528584145099E+07
1.6790293184722932E-05 9.0978915282600909E+07
1.6836402834848964E-05 8.9836855476621822E+07
1.6882514019649160E-05 8.8629210815548137E+07
1.6928626788697690E-05 8.7382660604637593E+07
1.6974741181663187E-05 8.6124118653098732E+07
1.7020857497382670E-05 8.4881653349812508E+07
1.7066975923399990E-05 8.3684756511949211E+07
1.7113096684076171E-05 8.2561497176760182E+07
1.7159220066886443E-05 8.1534285159865767E+07
1.7205346357232610E-05 8.0619161460851073E+07
1.7251475904314733E-05 7.9827092757412642E+07
1.7297608962718475E-05 7.9166258990108594E+07
1.7343745789266369E-05 7.8642162972918496E+07
1.7389886380529778E-05 7.8255514835268289E+07
1.7436030705617689E-05 7.8006404752017125E+07
1.7482178689529658E-05 7.7897422093660370E+07
1.7528330236506396E-05 7.7932238818110660E+07
1.7574485238329299E-05 7.8110966365350947E+07
1.7620643460104600E-05 7.8425979374261394E+07
1.7666804653432267E-05 7.8862191467696413E+07
1.7712968591969752E-05 7.9398727927851662E+07
1.7759134750840854E-05 8.0009065034339070E+07
1.7805302777880062E-05 8.0662589864457682E+07
1.7851472402142339E-05 8.1328453270505011E+07
1.7897643348416073E-05 8.1979290229074091E+07
1.7943815453631741E-05 8.2593154520020664E+07
1.7989988481038179E-05 8.3152229066828176E+07
1.8036162329842488E-05 8.3639007833264261E+07
1.8082336836657244E-05 8.4036651594003022E+07
1.8128511875659718E-05 8.4331047946203262E+07
1.8174687295649608E-05 8.4512005770901248E+07
1.8220863060192457E-05 8.4575486326688826E+07
1.8267039098090911E-05 8.4524717884466901E+07
1.8313215351825377E-05 8.4368445424450815E+07
1.8359391786976242E-05 8.4119757022783220E+07
1.8405568497365476E-05 8.3796797879715979E+07
1.8451745299604289E-05 8.3421890881330594E+07
1.8497922329956214E-05 8.3017578902164906E+07
1.8544099628042541E-05 8.2603135928053588E+07
1.8590277196446135E-05 8.2191291616715416E+07
1.8636455173001604E-05 8.1788938484777227E+07
1.8682633613609705E-05 8.1401089740700737E+07
1.8728812643628785E-05 8.1032076645272493E+07
1.8774992448245103E-05 8.0685383122526824E+07
1.8821173191556777E-05 8.0363025794340029E+07
1.8867354992576785E-05 8.0066248084478453E+07
1.8913538031313814E-05 7.9794990443794221E+07
1.8959722357939865E-05 7.9547605792550772E+07
1.9005908218001563E-05 7.9319757741468295E+07
1.9052095693841197E-05 7.9103174234306797E+07
1.9098284963813657E-05 7.8887388001082957E+07
1.9144476009356435E-05 7.8662159475813508E+07
1.9190669077464671E-05 7.8417513474317342E+07
1.9236864413729872E-05 7.8142934378488615E+07
1.9283062356380176E-05 7.7828884688605472E+07
1.9329263107007495E-05 7.7468342531436548E+07
1.9375467022810530E-05 7.7056566838275686E+07
1.9421674290518087E-05 7.6593974014990851E+07
1.9467885235956324E-05 7.6084758622526929E+07
1.9514099997664398E-05 7.5535020304879606E+07
1.9560318572575189E-05 7.4951125738547340E+07
1.9606541074816524E-05 7.4341182480088979E+07
1.9652767358488618E-05 7.3715395606802493E+07
1.9698997154514203E-05 7.3087412028503135E+07
1.9745230469399365E-05 7.2476646980565220E+07
1.9791467051575570E-05 7.1904002972764999E+07
1.9837706967436317E-05 7.1385938709997833E+07
1.9883950169774400E-05 7.0932149656826332E+07
1.9930196780042053E-05 7.0552541886256829E+07
1.9976446845366213E-05 7.0258640482142404E+07
2.0022700310830887E-05 7.0061188802034974E+07
2.0068957264027555E-05 6.9967323912170425E+07
2.0115217738057707E-05 6.9979761475350574E+07
2.0161481606724186E-05 7.0097848265368775E+07
2.0207748756088732E-05 7.0317524729170308E+07
2.0254019083159037E-05 7.0631822024471477E+07
2.0300292287332465E-05 7.1030951733518079E+07
2.0346568340942378E-05 7.1503814941288590E+07
2.0392847106747569E-05 7.2039327256562218E+07
2.0439128435372098E-05 7.2627091480673984E+07
2.0485412317757554E-05 7.3259471753040344E+07
2.0531698711078416E-05 7.3930944431271374E+07
2.0577987558529754E-05 7.4637073967550680E+07
2.0624278611514421E-05 7.5372432736599937E+07
2.0670571624387304E-05 7.6128828927684322E+07
2.0716866409369829E-05 7.6894051992398992E+07
2.0763162644449941E-05 7.7652119324191347E+07
2.0809459963679670E-05 7.8388913796066448E+07
2.0855758223131924E-05 7.9094607701784596E+07
2.0902057268052484E-05 7.9760519766091004E+07
2.0948356948236048E-05 8.0375996979159743E+07
2.0994657196893747E-05 8.0929180033840761E+07
2.1040957894353317E-05 8.1410073519826204E+07
2.1087259026411434E-05 8.1814049536037475E+07
2.1133560588011313E-05 8.2140155514758080E+07
2.1179862550507976E-05 8.2387755861198053E+07
2.1226164798174222E-05 8.2554852124586552E+07
2.1272467462172750E-05 8.2638441571687385E+07
2.1318770508319570E-05 8.2637698776489884E+07
2.1365074004001874E-05 8.2554327931894630E+07
2.1411377502401110E-05 8.2389692329482272E+07
2.1457680995651351E-05 8.2146081206622824E+07
2.1503984851892811E-05 8.1829855886632115E+07
2.1550289473079413E-05 8.1451795763314381E+07
2.1596595229559355E-05 8.1023716703562737E+07
2.1642902427867432E-05 8.0554931867235228E+07
2.1689211369918315E-05 8.0051684769488305E+07
2.1735522498152808E-05 7.9519123673236847E+07
2.1781836452747659E-05 7.8963256549108267E+07
2.1828153635855138E-05 7.8387795301430106E+07
2.1874473559557444E-05 7.7795504336395666E+07
2.1920796362169273E-05 7.7190530635705143E+07
2.1967122495604946E-05 7.6579621367109835E+07
2.2013452159172081E-05 7.5970824930181026E+07
2.2059785482778003E-05 7.5371884694678351E+07
2.2106122480071856E-05 7.4789609784003034E+07
2.2152463138983972E-05 7.4232699255938873E+07
2.2198807384134918E-05 7.3713452476243466E+07
2.2245154812796840E-05 7.3245705592227980E+07
2.2291504801927341E-05 7.2840350474714950E+07
2.2337857169780609E-05 7.2501379938368917E+07
2.2384211781869081E-05 7.2229134128352597E+07
2.2430568525904408E-05 7.2026025115243956E+07
2.2476927670114021E-05 7.1894003342545614E+07
2.2523289543777817E-05 7.1829147224635854E+07
2.2569654277103911E-05 7.1823201297858134E+07
2.2616021759528636E-05 7.1868013406433389E+07
2.2662391853627330E-05 7.1958398318997845E+07
2.2708764265308046E-05 7.2091357333313957E+07
2.2755138810912060E-05 7.2263890173089638E+07
2.2801515096538550E-05 7.2472419488019750E+07
2.2847893065316502E-05 7.2713484956273869E+07
2.2894272533731566E-05 7.2985683356094584E+07
2.2940653419306185E-05 7.3288553657923207E+07
2.2987035724729827E-05 7.3620763855122387E+07
2.3033419385646661E-05 7.3978584313694090E+07
2.3079804346457207E-05 7.4356340755123436E+07
2.3126190543168963E-05 7.4746923942103475E+07
2.3172577976688609E-05 7.5141632912393421E+07
2.3218966475834578E-05 7.5530557905640587E+07
2.3265356080099124E-05 7.5903397132550299E+07
2.3311746826303454E-05 7.6249932634801403E+07
2.3358138599860107E-05 7.6560663607005060E+07
2.3404531395993934E-05 7.6826809782314867E+07
2.3450925303038405E-05 7.7040800633743018E+07
2.3497320181901092E-05 7.7197346386821747E+07
2.3543714935056463E-05 7.7291133731396094E+07
2.3590109479365738E-05 7.7319027178747475E+07
2.3636503912108264E-05 7.7279617366516039E+07
2.3682898431000898E-05 7.7172868987468794E+07
2.3729293430218829E-05 7.7000090753358796E+07
2.3775689285335225E-05 7.6763515911929205E+07
2.3822086574637623E-05 7.6465217759825960E+07
2.3868485881533141E-05 7.6105311575701490E+07
2.3914887636066305E-05 7.5682122562923476E+07
2.3961292308373602E-05 7.5194298005714566E+07
2.4007700366036862E-05 7.4640750882556036E+07
2.4054111338240755E-05 7.4022742319929615E+07
2.4100525340852074E-05 7.3347094329965934E+07
2.4146942602928893E-05 7.2626449581706122E+07
2.4193363153088137E-05 7.1878000261949897E+07
2.4239786839995851E-05 7.1120884944176167E+07
2.4286213556956869E-05 7.0374104950693861E+07
2.4332642928907551E-05 6.9654842262556463E+07
2.4379074570170868E-05 6.8978020588393658E+07
2.4425508699725461E-05 6.8358658490212843E+07
2.4471945375046987E-05 6.7811059804308563E+07
2.4518384218060367E-05 6.7346286541752726E+07
2.4564825215514629E-05 6.6972332673114724E+07
2.4611268587299793E-05 6.6692734934089653E+07
2.4657714426302857E-05 6.6507013838631354E+07
2.4704162705834438E-05 6.6412926026595801E+07
2.4750613516999131E-05 6.6406357419330038E+07
2.4797066710614392E-05 6.6480452266949646E+07
2.4843522250764423E-05 6.6625626478778444E+07
2.4889980135306984E-05 6.6831218526832469E+07
2.4936440207221437E-05 6.7085589068770528E+07
2.4982902500383256E-05 6.7377083595975399E+07
2.5029366554248974E-05 6.7698409898878798E+07
2.5075832167384433E-05 6.8048161777418077E+07
2.5122299390480839E-05 6.8427336965195715E+07
2.5168768276465372E-05 6.8834820920415074E+07
2.5215238841289237E-05 6.9265113734617576E+07
2.5261711056884601E-05 6.9710303153953686E+07
2.5308184877589744E-05 7.0161156016151577E+07
2.5354660195640891E-05 7.0607622436318904E+07
2.5401137055576845E-05 7.1039472992860004E+07
2.5447615438750996E-05 7.1446759228609219E+07
2.5494095367792636E-05 7.1821102061918482E+07
2.5540576997804946E-05 7.2156717204779938E+07
2.5587060508590215E-05 7.2448740251775101E+07
2.5633545903289255E-05 7.2693566675266460E+07
2.5680033423860418E-05 7.2889831530868679E+07
2.5726522899429994E-05 7.3038221789999887E+07
2.5773014200340521E-05 7.3140159982856393E+07
2.5819507165722252E-05 7.3197110826735958E+07
2.5866001555109241E-05 7.3210480785228774E+07
2.5912497063272048E-05 7.3182425645440057E+07
2.5958993507275914E-05 7.3115370090288565E+07
2.6005490688794466E-05 7.3012069606318042E+07
2.6051988724657660E-05 7.2876494736727759E+07
2.6098487551012956E-05 7.2712453595659986E+07
2.6144987390251110E-05 7.2523435213890702E+07
2.6191488522673852E-05 7.2315651612280399E+07
2.6237991050396757E-05 7.2097102398565829E+07
2.6284495228555593E-05 7.1873967249975055E+07
2.6331001335368460E-05 7.1650821786719099E+07
2.6377509488025297E-05 7.1431889008273110E+07
2.6424019604961375E-05 7.1221605215889990E+07
2.6470531534226870E-05 7.1023036428245127E+07
2.6517045412231471E-05 7.0836953334427148E+07
2.6563561448425481E-05 7.0662145117753014E+07
2.6610079712424328E-05 7.0498991079537064E+07
2.6656600366326125E-05 7.0350912192780301E+07
2.6703123454567924E-05 7.0224322456745803E+07
2.6749648957990130E-05 7.0126661322671130E+07
2.6796176877192545E-05 7.0062477206672430E+07
2.6842707157665028E-05 7.0030574021759927E+07
2.6889239811472492E-05 7.0027073552240133E+07
2.6935774636076986E-05 7.0048033908274829E+07
2.6982311641563152E-05 7.0090969635008574E+07
2.7028850760783565E-05 7.0154570188942909E+07
2.7075391870133074E-05 7.0236644979556739E+07
2.7121934930200038E-05 7.0333214149982065E+07
2.7168479815776518E-05 7.0439686996533886E+07
2.7215026220024622E-05 7.0552783581605881E+07
2.7261574045995128E-05 7.0671035790216997E+07
2.7308123152483454E-05 7.0793725244175151E+07
2.7354673693977025E-05 7.0920262650435358E+07
2.7401225422020311E-05 7.1051034644733369E+07
2.7447778225466691E-05 7.1188697102931604E+07
2.7494332049965657E-05 7.1337478484919369E+07
2.7540886845465741E-05 7.1500420694358140E+07
2.7587442556918038E-05 7.1676849230775967E+07
2.7633999183668118E-05 7.1863556373109668E+07
2.7680556778957011E-05 7.2055473779143691E+07
2.7727115464852852E-05 7.2247529441198573E+07
2.7773675459308247E-05 7.2436710354074851E+07
2.7820236778581088E-05 7.2621344569420531E+07
2.7866799839050735E-05 7.2798810482649922E+07
2.7913364759397466E-05 7.2965610098594204E+07
2.7959931779381111E-05 7.3118628027782828E+07
2.8006501045010090E-05 7.3255265366188064E+07
2.8053072518178607E-05 7.3372783771242887E+07
2.8099645998108234E-05 7.3468657403223589E+07
2.8146221463942685E-05 7.3540483340680227E+07
2.8192798942383466E-05 7.3586316305420518E+07
2.8239378565182462E-05 7.3605289854979873E+07
2.8285960175138116E-05 7.3597240601590902E+07
2.8332543636110794E-05 7.3562064698435828E+07
2.8379128795240400E-05 7.3499818978245482E+07
2.8425715559797890E-05 7.3410475096420914E+07
2.8472304022204412E-05 7.3291994979833215E+07
2.8518894327385237E-05 7.3138204151080295E+07
2.8565486315998595E-05 7.2942272832586646E+07
2.8612080062689453E-05 7.2701690224386960E+07
2.8658675652677025E-05 7.2418076319834083E+07
2.8705273219952292E-05 7.2094462781454727E+07
2.8751872765869283E-05 7.1733636061619565E+07
2.8798474439206029E-05 7.1338566631713346E+07
2.8845078299168807E-05 7.0913857601605877E+07
2.8891684382726483E-05 7.0466613251834944E+07
2.8938292531406945E-05 7.0005387567773119E+07
2.8984902717946068E-05 6.9539277573864877E+07
2.9031514861692174E-05 6.9077271356111303E+07
2.9078128936966008E-05 6.8628082952785879E+07
2.9124744964464226E-05 6.8200147687090084E+07
2.9171362870252474E-05 6.7801609316972747E+07
2.9217982612275883E-05 6.7439664512347385E+07
2.9264604219931717E-05 6.7120988058003396E+07
2.9311227759853598E-05 6.6851410752268210E+07
2.9357853154096601E-05 6.6634927850343287E+07
2.9404480417632625E-05 6.6473076849177837E+07
2.9451109562672983E-05 6.6364652523019195E+07
2.9497740324317257E-05 6.6306237900179654E+07
2.9544372629265765E-05 6.6292354170747876E+07
2.9591006459954264E-05 6.6316762822601400E+07
2.9637641827971800E-05 6.6374578094754778E+07
2.9684278802529660E-05 6.6464882410989866E+07
2.9730917288324442E-05 6.6589095257489048E+07
2.9777557286457381E-05 6.6746112679679871E+07
2.9824198710055159E-05 6.6929616570406191E+07
2.9870841523082714E-05 6.7130479193827853E+07
2.9917485693633907E-05 6.7340130654725373E+07
2.9964131058855564E-05 6.7551963955485970E+07
