NodeMass
part
         1
coordinates
 5.00000e-07
 1.00000e-06
 1.00000e-06
 1.00000e-06
 1.00000e-06
 1.00000e-06
 1.00000e-06
 1.00000e-06
 1.00000e-06
 1.00000e-06
 1.00000e-06
 1.00000e-06
 1.00000e-06
 1.00000e-06
 1.00000e-06
 1.00000e-06
 1.00000e-06
 1.00000e-06
 1.00000e-06
 1.00000e-06
 1.00000e-06
 1.00000e-06
 1.00000e-06
 1.00000e-06
 1.00000e-06
 1.00000e-06
 1.00000e-06
 9.99997e-07
 9.99982e-07
 9.99901e-07
 9.99525e-07
 9.98042e-07
 9.93216e-07
 9.80614e-07
 9.54814e-07
 9.13421e-07
 8.59521e-07
 7.98774e-07
 7.35600e-07
 6.72952e-07
 6.13407e-07
 5.61946e-07
 5.30997e-07
 5.21507e-07
 5.18033e-07
 5.12581e-07
 5.07299e-07
 5.04233e-07
 5.02653e-07
 5.01941e-07
 5.01282e-07
 5.00550e-07
 5.00208e-07
 5.00041e-07
 4.99843e-07
 4.99705e-07
 4.99517e-07
 4.98731e-07
 4.95937e-07
 4.88384e-07
 4.71950e-07
 4.42271e-07
 3.97244e-07
 3.50828e-07
 3.23599e-07
 3.13253e-07
 3.06644e-07
 2.99779e-07
 2.89802e-07
 2.70268e-07
 2.39238e-07
 2.04855e-07
 1.76660e-07
 1.56361e-07
 1.42121e-07
 1.33142e-07
 1.28480e-07
 1.26362e-07
 1.25500e-07
 1.25176e-07
 1.25060e-07
 1.25020e-07
 1.25006e-07
 1.25002e-07
 1.25001e-07
 1.25000e-07
 1.25000e-07
 1.25000e-07
 1.25000e-07
 1.25000e-07
 1.25000e-07
 1.25000e-07
 1.25000e-07
 1.25000e-07
 1.25000e-07
 1.25000e-07
 1.25000e-07
 1.25000e-07
 1.25000e-07
 1.25000e-07
 6.25000e-08
 1.00000e-06
 2.00000e-06
 2.00000e-06
 2.00000e-06
 2.00000e-06
 2.00000e-06
 2.00000e-06
 2.00000e-06
 2.00000e-06
 2.00000e-06
 2.00000e-06
 2.00000e-06
 2.00000e-06
 2.00000e-06
 2.00000e-06
 2.00000e-06
 2.00000e-06
 2.00000e-06
 2.00000e-06
 2.00000e-06
 2.00000e-06
 2.00000e-06
 2.00000e-06
 2.00000e-06
 2.00000e-06
 2.00000e-06
 2.00000e-06
 1.99999e-06
 1.99996e-06
 1.99980e-06
 1.99905e-06
 1.99608e-06
 1.98643e-06
 1.96123e-06
 1.90963e-06
 1.82684e-06
 1.71904e-06
 1.59755e-06
 1.47120e-06
 1.34590e-06
 1.22681e-06
 1.12389e-06
 1.06199e-06
 1.04301e-06
 1.03607e-06
 1.02516e-06
 1.01460e-06
 1.00847e-06
 1.00531e-06
 1.00388e-06
 1.00256e-06
 1.00110e-06
 1.00041e-06
 1.00008e-06
 9.99679e-07
 9.99403e-07
 9.99024e-07
 9.97452e-07
 9.91866e-07
 9.76768e-07
 9.43907e-07
 8.84560e-07
 7.94516e-07
 7.01693e-07
 6.47249e-07
 6.26568e-07
 6.13355e-07
 5.99621e-07
 5.79653e-07
 5.40561e-07
 4.78477e-07
 4.09705e-07
 3.53319e-07
 3.12722e-07
 2.84243e-07
 2.66284e-07
 2.56960e-07
 2.52724e-07
 2.51000e-07
 2.50351e-07
 2.50119e-07
 2.50039e-07
 2.50013e-07
 2.50004e-07
 2.50001e-07
 2.50000e-07
 2.50000e-07
 2.50000e-07
 2.50000e-07
 2.50000e-07
 2.50000e-07
 2.50000e-07
 2.50000e-07
 2.50000e-07
 2.50000e-07
 2.50000e-07
 2.50000e-07
 2.50000e-07
 2.50000e-07
 2.50000e-07
 1.25000e-07
 1.00000e-06
 2.00000e-06
 2.00000e-06
 2.00000e-06
 2.00000e-06
 2.00000e-06
 2.00000e-06
 2.00000e-06
 2.00000e-06
 2.00000e-06
 2.00000e-06
 2.00000e-06
 2.00000e-06
 2.00000e-06
 2.00000e-06
 2.00000e-06
 2.00000e-06
 2.00000e-06
 2.00000e-06
 2.00000e-06
 2.00000e-06
 2.00000e-06
 2.00000e-06
 2.00000e-06
 2.00000e-06
 2.00000e-06
 2.00000e-06
 1.99999e-06
 1.99996e-06
 1.99980e-06
 1.99905e-06
 1.99608e-06
 1.98643e-06
 1.96123e-06
 1.90963e-06
 1.82684e-06
 1.71904e-06
 1.59755e-06
 1.47120e-06
 1.34590e-06
 1.22681e-06
 1.12389e-06
 1.06199e-06
 1.04301e-06
 1.03607e-06
 1.02516e-06
 1.01460e-06
 1.00847e-06
 1.00531e-06
 1.00388e-06
 1.00256e-06
 1.00109e-06
 1.00040e-06
 1.00006e-06
 9.99654e-07
 9.99373e-07
 9.98992e-07
 9.97421e-07
 9.91840e-07
 9.76746e-07
 9.43891e-07
 8.84554e-07
 7.94524e-07
 7.01720e-07
 6.47303e-07
 6.26647e-07
 6.13440e-07
 5.99701e-07
 5.79713e-07
 5.40585e-07
 4.78470e-07
 4.09693e-07
 3.53315e-07
 3.12723e-07
 2.84245e-07
 2.66284e-07
 2.56960e-07
 2.52724e-07
 2.51000e-07
 2.50351e-07
 2.50119e-07
 2.50039e-07
 2.50013e-07
 2.50004e-07
 2.50001e-07
 2.50000e-07
 2.50000e-07
 2.50000e-07
 2.50000e-07
 2.50000e-07
 2.50000e-07
 2.50000e-07
 2.50000e-07
 2.50000e-07
 2.50000e-07
 2.50000e-07
 2.50000e-07
 2.50000e-07
 2.50000e-07
 2.50000e-07
 1.25000e-07
 1.00000e-06
 2.00000e-06
 2.00000e-06
 2.00000e-06
 2.00000e-06
 2.00000e-06
 2.00000e-06
 2.00000e-06
 2.00000e-06
 2.00000e-06
 2.00000e-06
 2.00000e-06
 2.00000e-06
 2.00000e-06
 2.00000e-06
 2.00000e-06
 2.00000e-06
 2.00000e-06
 2.00000e-06
 2.00000e-06
 2.00000e-06
 2.00000e-06
 2.00000e-06
 2.00000e-06
 2.00000e-06
 2.00000e-06
 2.00000e-06
 1.99999e-06
 1.99996e-06
 1.99980e-06
 1.99905e-06
 1.99608e-06
 1.98643e-06
 1.96123e-06
 1.90963e-06
 1.82684e-06
 1.71904e-06
 1.59755e-06
 1.47120e-06
 1.34590e-06
 1.22681e-06
 1.12389e-06
 1.06200e-06
 1.04302e-06
 1.03607e-06
 1.02517e-06
 1.01460e-06
 1.00847e-06
 1.00532e-06
 1.00389e-06
 1.00256e-06
 1.00109e-06
 1.00039e-06
 1.00004e-06
 9.99626e-07
 9.99336e-07
 9.98947e-07
 9.97371e-07
 9.91789e-07
 9.76698e-07
 9.43851e-07
 8.84525e-07
 7.94509e-07
 7.01713e-07
 6.47306e-07
 6.26657e-07
 6.13449e-07
 5.99704e-07
 5.79707e-07
 5.40568e-07
 4.78451e-07
 4.09683e-07
 3.53315e-07
 3.12725e-07
 2.84247e-07
 2.66285e-07
 2.56960e-07
 2.52724e-07
 2.51000e-07
 2.50351e-07
 2.50119e-07
 2.50039e-07
 2.50013e-07
 2.50004e-07
 2.50001e-07
 2.50000e-07
 2.50000e-07
 2.50000e-07
 2.50000e-07
 2.50000e-07
 2.50000e-07
 2.50000e-07
 2.50000e-07
 2.50000e-07
 2.50000e-07
 2.50000e-07
 2.50000e-07
 2.50000e-07
 2.50000e-07
 2.50000e-07
 1.25000e-07
 1.00000e-06
 2.00000e-06
 2.00000e-06
 2.00000e-06
 2.00000e-06
 2.00000e-06
 2.00000e-06
 2.00000e-06
 2.00000e-06
 2.00000e-06
 2.00000e-06
 2.00000e-06
 2.00000e-06
 2.00000e-06
 2.00000e-06
 2.00000e-06
 2.00000e-06
 2.00000e-06
 2.00000e-06
 2.00000e-06
 2.00000e-06
 2.00000e-06
 2.00000e-06
 2.00000e-06
 2.00000e-06
 2.00000e-06
 2.00000e-06
 1.99999e-06
 1.99996e-06
 1.99980e-06
 1.99905e-06
 1.99608e-06
 1.98643e-06
 1.96123e-06
 1.90963e-06
 1.82684e-06
 1.71904e-06
 1.59755e-06
 1.47120e-06
 1.34590e-06
 1.22681e-06
 1.12389e-06
 1.06200e-06
 1.04302e-06
 1.03607e-06
 1.02517e-06
 1.01461e-06
 1.00848e-06
 1.00532e-06
 1.00389e-06
 1.00256e-06
 1.00109e-06
 1.00039e-06
 1.00003e-06
 9.99609e-07
 9.99307e-07
 9.98907e-07
 9.97323e-07
 9.91737e-07
 9.76650e-07
 9.43810e-07
 8.84494e-07
 7.94487e-07
 7.01693e-07
 6.47281e-07
 6.26623e-07
 6.13404e-07
 5.99655e-07
 5.79659e-07
 5.40529e-07
 4.78429e-07
 4.09677e-07
 3.53315e-07
 3.12727e-07
 2.84248e-07
 2.66286e-07
 2.56961e-07
 2.52724e-07
 2.51000e-07
 2.50351e-07
 2.50119e-07
 2.50039e-07
 2.50013e-07
 2.50004e-07
 2.50001e-07
 2.50000e-07
 2.50000e-07
 2.50000e-07
 2.50000e-07
 2.50000e-07
 2.50000e-07
 2.50000e-07
 2.50000e-07
 2.50000e-07
 2.50000e-07
 2.50000e-07
 2.50000e-07
 2.50000e-07
 2.50000e-07
 2.50000e-07
 1.25000e-07
 5.00000e-07
 1.00000e-06
 1.00000e-06
 1.00000e-06
 1.00000e-06
 1.00000e-06
 1.00000e-06
 1.00000e-06
 1.00000e-06
 1.00000e-06
 1.00000e-06
 1.00000e-06
 1.00000e-06
 1.00000e-06
 1.00000e-06
 1.00000e-06
 1.00000e-06
 1.00000e-06
 1.00000e-06
 1.00000e-06
 1.00000e-06
 1.00000e-06
 1.00000e-06
 1.00000e-06
 1.00000e-06
 1.00000e-06
 1.00000e-06
 9.99997e-07
 9.99982e-07
 9.99901e-07
 9.99525e-07
 9.98042e-07
 9.93216e-07
 9.80614e-07
 9.54814e-07
 9.13421e-07
 8.59521e-07
 7.98774e-07
 7.35599e-07
 6.72952e-07
 6.13407e-07
 5.61946e-07
 5.30998e-07
 5.21508e-07
 5.18035e-07
 5.12584e-07
 5.07303e-07
 5.04238e-07
 5.02659e-07
 5.01945e-07
 5.01282e-07
 5.00546e-07
 5.00192e-07
 5.00012e-07
 4.99801e-07
 4.99647e-07
 4.99445e-07
 4.98652e-07
 4.95859e-07
 4.88314e-07
 4.71893e-07
 4.42234e-07
 3.97230e-07
 3.50834e-07
 3.23628e-07
 3.13298e-07
 3.06686e-07
 2.99811e-07
 2.89814e-07
 2.70253e-07
 2.39209e-07
 2.04837e-07
 1.76658e-07
 1.56364e-07
 1.42124e-07
 1.33143e-07
 1.28480e-07
 1.26362e-07
 1.25500e-07
 1.25176e-07
 1.25060e-07
 1.25020e-07
 1.25006e-07
 1.25002e-07
 1.25001e-07
 1.25000e-07
 1.25000e-07
 1.25000e-07
 1.25000e-07
 1.25000e-07
 1.25000e-07
 1.25000e-07
 1.25000e-07
 1.25000e-07
 1.25000e-07
 1.25000e-07
 1.25000e-07
 1.25000e-07
 1.25000e-07
 1.25000e-07
 6.25000e-08
 1.00000e-06
 2.00000e-06
 2.00000e-06
 2.00000e-06
 2.00000e-06
 2.00000e-06
 2.00000e-06
 2.00000e-06
 2.00000e-06
 2.00000e-06
 2.00000e-06
 2.00000e-06
 2.00000e-06
 2.00000e-06
 2.00000e-06
 2.00000e-06
 2.00000e-06
 2.00000e-06
 2.00000e-06
 2.00000e-06
 2.00000e-06
 2.00000e-06
 2.00000e-06
 2.00000e-06
 2.00000e-06
 2.00000e-06
 2.00000e-06
 1.99999e-06
 1.99996e-06
 1.99980e-06
 1.99905e-06
 1.99608e-06
 1.98643e-06
 1.96123e-06
 1.90963e-06
 1.82684e-06
 1.71904e-06
 1.59755e-06
 1.47120e-06
 1.34590e-06
 1.22681e-06
 1.12389e-06
 1.06199e-06
 1.04301e-06
 1.03607e-06
 1.02516e-06
 1.01460e-06
 1.00847e-06
 1.00532e-06
 1.00389e-06
 1.00257e-06
 1.00110e-06
 1.00041e-06
 1.00006e-06
 9.99651e-07
 9.99359e-07
 9.98969e-07
 9.97394e-07
 9.91811e-07
 9.76718e-07
 9.43861e-07
 8.84514e-07
 7.94468e-07
 7.01645e-07
 6.47203e-07
 6.26517e-07
 6.13294e-07
 5.99554e-07
 5.79585e-07
 5.40502e-07
 4.78444e-07
 4.09696e-07
 3.53321e-07
 3.12727e-07
 2.84246e-07
 2.66285e-07
 2.56960e-07
 2.52724e-07
 2.51000e-07
 2.50351e-07
 2.50119e-07
 2.50039e-07
 2.50013e-07
 2.50004e-07
 2.50001e-07
 2.50000e-07
 2.50000e-07
 2.50000e-07
 2.50000e-07
 2.50000e-07
 2.50000e-07
 2.50000e-07
 2.50000e-07
 2.50000e-07
 2.50000e-07
 2.50000e-07
 2.50000e-07
 2.50000e-07
 2.50000e-07
 2.50000e-07
 1.25000e-07
 2.00000e-06
 4.00000e-06
 4.00000e-06
 4.00000e-06
 4.00000e-06
 4.00000e-06
 4.00000e-06
 4.00000e-06
 4.00000e-06
 4.00000e-06
 4.00000e-06
 4.00000e-06
 4.00000e-06
 4.00000e-06
 4.00000e-06
 4.00000e-06
 4.00000e-06
 4.00000e-06
 4.00000e-06
 4.00000e-06
 4.00000e-06
 4.00000e-06
 4.00000e-06
 4.00000e-06
 4.00000e-06
 4.00000e-06
 4.00000e-06
 3.99999e-06
 3.99993e-06
 3.99961e-06
 3.99810e-06
 3.99217e-06
 3.97286e-06
 3.92246e-06
 3.81926e-06
 3.65368e-06
 3.43808e-06
 3.19509e-06
 2.94240e-06
 2.69181e-06
 2.45363e-06
 2.24778e-06
 2.12399e-06
 2.08603e-06
 2.07214e-06
 2.05033e-06
 2.02921e-06
 2.01695e-06
 2.01063e-06
 2.00778e-06
 2.00512e-06
 2.00218e-06
 2.00079e-06
 2.00010e-06
 1.99928e-06
 1.99870e-06
 1.99792e-06
 1.99477e-06
 1.98361e-06
 1.95342e-06
 1.88771e-06
 1.76902e-06
 1.58894e-06
 1.40330e-06
 1.29443e-06
 1.25306e-06
 1.22661e-06
 1.19913e-06
 1.15918e-06
 1.08100e-06
 9.56875e-07
 8.19383e-07
 7.06640e-07
 6.25454e-07
 5.68494e-07
 5.32570e-07
 5.13920e-07
 5.05447e-07
 5.01999e-07
 5.00702e-07
 5.00239e-07
 5.00079e-07
 5.00025e-07
 5.00008e-07
 5.00002e-07
 5.00001e-07
 5.00000e-07
 5.00000e-07
 5.00000e-07
 5.00000e-07
 5.00000e-07
 5.00000e-07
 5.00000e-07
 5.00000e-07
 5.00000e-07
 5.00000e-07
 5.00000e-07
 5.00000e-07
 5.00000e-07
 5.00000e-07
 2.50000e-07
 2.00000e-06
 4.00000e-06
 4.00000e-06
 4.00000e-06
 4.00000e-06
 4.00000e-06
 4.00000e-06
 4.00000e-06
 4.00000e-06
 4.00000e-06
 4.00000e-06
 4.00000e-06
 4.00000e-06
 4.00000e-06
 4.00000e-06
 4.00000e-06
 4.00000e-06
 4.00000e-06
 4.00000e-06
 4.00000e-06
 4.00000e-06
 4.00000e-06
 4.00000e-06
 4.00000e-06
 4.00000e-06
 4.00000e-06
 4.00000e-06
 3.99999e-06
 3.99993e-06
 3.99961e-06
 3.99810e-06
 3.99217e-06
 3.97286e-06
 3.92246e-06
 3.81926e-06
 3.65368e-06
 3.43808e-06
 3.19509e-06
 2.94240e-06
 2.69181e-06
 2.45363e-06
 2.24778e-06
 2.12399e-06
 2.08603e-06
 2.07214e-06
 2.05034e-06
 2.02921e-06
 2.01695e-06
 2.01064e-06
 2.00777e-06
 2.00511e-06
 2.00215e-06
 2.00075e-06
 2.00005e-06
 1.99922e-06
 1.99863e-06
 1.99784e-06
 1.99469e-06
 1.98352e-06
 1.95335e-06
 1.88765e-06
 1.76899e-06
 1.58894e-06
 1.40333e-06
 1.29446e-06
 1.25310e-06
 1.22664e-06
 1.19914e-06
 1.15917e-06
 1.08097e-06
 9.56838e-07
 8.19361e-07
 7.06636e-07
 6.25457e-07
 5.68496e-07
 5.32571e-07
 5.13921e-07
 5.05447e-07
 5.01999e-07
 5.00702e-07
 5.00239e-07
 5.00079e-07
 5.00025e-07
 5.00008e-07
 5.00002e-07
 5.00001e-07
 5.00000e-07
 5.00000e-07
 5.00000e-07
 5.00000e-07
 5.00000e-07
 5.00000e-07
 5.00000e-07
 5.00000e-07
 5.00000e-07
 5.00000e-07
 5.00000e-07
 5.00000e-07
 5.00000e-07
 5.00000e-07
 2.50000e-07
 2.00000e-06
 4.00000e-06
 4.00000e-06
 4.00000e-06
 4.00000e-06
 4.00000e-06
 4.00000e-06
 4.00000e-06
 4.00000e-06
 4.00000e-06
 4.00000e-06
 4.00000e-06
 4.00000e-06
 4.00000e-06
 4.00000e-06
 4.00000e-06
 4.00000e-06
 4.00000e-06
 4.00000e-06
 4.00000e-06
 4.00000e-06
 4.00000e-06
 4.00000e-06
 4.00000e-06
 4.00000e-06
 4.00000e-06
 4.00000e-06
 3.99999e-06
 3.99993e-06
 3.99961e-06
 3.99810e-06
 3.99217e-06
 3.97286e-06
 3.92246e-06
 3.81926e-06
 3.65368e-06
 3.43808e-06
 3.19509e-06
 2.94240e-06
 2.69181e-06
 2.45363e-06
 2.24778e-06
 2.12399e-06
 2.08603e-06
 2.07214e-06
 2.05034e-06
 2.02921e-06
 2.01695e-06
 2.01064e-06
 2.00777e-06
 2.00509e-06
 2.00213e-06
 2.00071e-06
 2.00000e-06
 1.99916e-06
 1.99856e-06
 1.99777e-06
 1.99462e-06
 1.98345e-06
 1.95328e-06
 1.88759e-06
 1.76895e-06
 1.58892e-06
 1.40332e-06
 1.29446e-06
 1.25308e-06
 1.22660e-06
 1.19908e-06
 1.15910e-06
 1.08089e-06
 9.56783e-07
 8.19340e-07
 7.06634e-07
 6.25462e-07
 5.68500e-07
 5.32572e-07
 5.13921e-07
 5.05447e-07
 5.01999e-07
 5.00702e-07
 5.00239e-07
 5.00079e-07
 5.00025e-07
 5.00008e-07
 5.00002e-07
 5.00001e-07
 5.00000e-07
 5.00000e-07
 5.00000e-07
 5.00000e-07
 5.00000e-07
 5.00000e-07
 5.00000e-07
 5.00000e-07
 5.00000e-07
 5.00000e-07
 5.00000e-07
 5.00000e-07
 5.00000e-07
 5.00000e-07
 2.50000e-07
 2.00000e-06
 4.00000e-06
 4.00000e-06
 4.00000e-06
 4.00000e-06
 4.00000e-06
 4.00000e-06
 4.00000e-06
 4.00000e-06
 4.00000e-06
 4.00000e-06
 4.00000e-06
 4.00000e-06
 4.00000e-06
 4.00000e-06
 4.00000e-06
 4.00000e-06
 4.00000e-06
 4.00000e-06
 4.00000e-06
 4.00000e-06
 4.00000e-06
 4.00000e-06
 4.00000e-06
 4.00000e-06
 4.00000e-06
 4.00000e-06
 3.99999e-06
 3.99993e-06
 3.99961e-06
 3.99810e-06
 3.99217e-06
 3.97286e-06
 3.92246e-06
 3.81926e-06
 3.65368e-06
 3.43808e-06
 3.19509e-06
 2.94240e-06
 2.69181e-06
 2.45363e-06
 2.24779e-06
 2.12399e-06
 2.08603e-06
 2.07214e-06
 2.05034e-06
 2.02922e-06
 2.01695e-06
 2.01064e-06
 2.00776e-06
 2.00509e-06
 2.00212e-06
 2.00070e-06
 1.99997e-06
 1.99912e-06
 1.99852e-06
 1.99772e-06
 1.99456e-06
 1.98340e-06
 1.95323e-06
 1.88755e-06
 1.76892e-06
 1.58889e-06
 1.40329e-06
 1.29442e-06
 1.25302e-06
 1.22652e-06
 1.19899e-06
 1.15899e-06
 1.08079e-06
 9.56722e-07
 8.19320e-07
 7.06634e-07
 6.25466e-07
 5.68503e-07
 5.32574e-07
 5.13922e-07
 5.05448e-07
 5.01999e-07
 5.00702e-07
 5.00239e-07
 5.00079e-07
 5.00025e-07
 5.00008e-07
 5.00002e-07
 5.00001e-07
 5.00000e-07
 5.00000e-07
 5.00000e-07
 5.00000e-07
 5.00000e-07
 5.00000e-07
 5.00000e-07
 5.00000e-07
 5.00000e-07
 5.00000e-07
 5.00000e-07
 5.00000e-07
 5.00000e-07
 5.00000e-07
 2.50000e-07
 1.00000e-06
 2.00000e-06
 2.00000e-06
 2.00000e-06
 2.00000e-06
 2.00000e-06
 2.00000e-06
 2.00000e-06
 2.00000e-06
 2.00000e-06
 2.00000e-06
 2.00000e-06
 2.00000e-06
 2.00000e-06
 2.00000e-06
 2.00000e-06
 2.00000e-06
 2.00000e-06
 2.00000e-06
 2.00000e-06
 2.00000e-06
 2.00000e-06
 2.00000e-06
 2.00000e-06
 2.00000e-06
 2.00000e-06
 2.00000e-06
 1.99999e-06
 1.99996e-06
 1.99980e-06
 1.99905e-06
 1.99608e-06
 1.98643e-06
 1.96123e-06
 1.90963e-06
 1.82684e-06
 1.71904e-06
 1.59755e-06
 1.47120e-06
 1.34590e-06
 1.22681e-06
 1.12389e-06
 1.06200e-06
 1.04302e-06
 1.03607e-06
 1.02517e-06
 1.01461e-06
 1.00848e-06
 1.00532e-06
 1.00388e-06
 1.00254e-06
 1.00106e-06
 1.00035e-06
 9.99983e-07
 9.99553e-07
 9.99247e-07
 9.98843e-07
 9.97257e-07
 9.91675e-07
 9.76594e-07
 9.43761e-07
 8.84449e-07
 7.94442e-07
 7.01645e-07
 6.47206e-07
 6.26500e-07
 6.13241e-07
 5.99470e-07
 5.79468e-07
 5.40370e-07
 4.78345e-07
 4.09655e-07
 3.53316e-07
 3.12734e-07
 2.84252e-07
 2.66287e-07
 2.56961e-07
 2.52724e-07
 2.51000e-07
 2.50351e-07
 2.50119e-07
 2.50039e-07
 2.50013e-07
 2.50004e-07
 2.50001e-07
 2.50000e-07
 2.50000e-07
 2.50000e-07
 2.50000e-07
 2.50000e-07
 2.50000e-07
 2.50000e-07
 2.50000e-07
 2.50000e-07
 2.50000e-07
 2.50000e-07
 2.50000e-07
 2.50000e-07
 2.50000e-07
 2.50000e-07
 1.25000e-07
 1.00000e-06
 2.00000e-06
 2.00000e-06
 2.00000e-06
 2.00000e-06
 2.00000e-06
 2.00000e-06
 2.00000e-06
 2.00000e-06
 2.00000e-06
 2.00000e-06
 2.00000e-06
 2.00000e-06
 2.00000e-06
 2.00000e-06
 2.00000e-06
 2.00000e-06
 2.00000e-06
 2.00000e-06
 2.00000e-06
 2.00000e-06
 2.00000e-06
 2.00000e-06
 2.00000e-06
 2.00000e-06
 2.00000e-06
 2.00000e-06
 1.99999e-06
 1.99996e-06
 1.99980e-06
 1.99905e-06
 1.99608e-06
 1.98643e-06
 1.96123e-06
 1.90963e-06
 1.82684e-06
 1.71904e-06
 1.59755e-06
 1.47120e-06
 1.34590e-06
 1.22681e-06
 1.12389e-06
 1.06199e-06
 1.04301e-06
 1.03607e-06
 1.02518e-06
 1.01461e-06
 1.00849e-06
 1.00534e-06
 1.00390e-06
 1.00257e-06
 1.00108e-06
 1.00036e-06
 9.99994e-07
 9.99560e-07
 9.99245e-07
 9.98839e-07
 9.97259e-07
 9.91683e-07
 9.76602e-07
 9.43763e-07
 8.84435e-07
 7.94404e-07
 7.01590e-07
 6.47146e-07
 6.26439e-07
 6.13182e-07
 5.99413e-07
 5.79415e-07
 5.40328e-07
 4.78326e-07
 4.09655e-07
 3.53322e-07
 3.12738e-07
 2.84254e-07
 2.66288e-07
 2.56961e-07
 2.52724e-07
 2.51000e-07
 2.50351e-07
 2.50119e-07
 2.50039e-07
 2.50013e-07
 2.50004e-07
 2.50001e-07
 2.50000e-07
 2.50000e-07
 2.50000e-07
 2.50000e-07
 2.50000e-07
 2.50000e-07
 2.50000e-07
 2.50000e-07
 2.50000e-07
 2.50000e-07
 2.50000e-07
 2.50000e-07
 2.50000e-07
 2.50000e-07
 2.50000e-07
 1.25000e-07
 2.00000e-06
 4.00000e-06
 4.00000e-06
 4.00000e-06
 4.00000e-06
 4.00000e-06
 4.00000e-06
 4.00000e-06
 4.00000e-06
 4.00000e-06
 4.00000e-06
 4.00000e-06
 4.00000e-06
 4.00000e-06
 4.00000e-06
 4.00000e-06
 4.00000e-06
 4.00000e-06
 4.00000e-06
 4.00000e-06
 4.00000e-06
 4.00000e-06
 4.00000e-06
 4.00000e-06
 4.00000e-06
 4.00000e-06
 4.00000e-06
 3.99999e-06
 3.99993e-06
 3.99961e-06
 3.99810e-06
 3.99217e-06
 3.97286e-06
 3.92246e-06
 3.81926e-06
 3.65368e-06
 3.43808e-06
 3.19509e-06
 2.94240e-06
 2.69181e-06
 2.45363e-06
 2.24778e-06
 2.12399e-06
 2.08603e-06
 2.07215e-06
 2.05035e-06
 2.02923e-06
 2.01697e-06
 2.01066e-06
 2.00780e-06
 2.00512e-06
 2.00214e-06
 2.00070e-06
 1.99996e-06
 1.99909e-06
 1.99847e-06
 1.99766e-06
 1.99451e-06
 1.98336e-06
 1.95319e-06
 1.88750e-06
 1.76884e-06
 1.58878e-06
 1.40317e-06
 1.29429e-06
 1.25286e-06
 1.22633e-06
 1.19879e-06
 1.15878e-06
 1.08061e-06
 9.56618e-07
 8.19293e-07
 7.06640e-07
 6.25477e-07
 5.68509e-07
 5.32575e-07
 5.13922e-07
 5.05448e-07
 5.02000e-07
 5.00702e-07
 5.00239e-07
 5.00079e-07
 5.00025e-07
 5.00008e-07
 5.00002e-07
 5.00001e-07
 5.00000e-07
 5.00000e-07
 5.00000e-07
 5.00000e-07
 5.00000e-07
 5.00000e-07
 5.00000e-07
 5.00000e-07
 5.00000e-07
 5.00000e-07
 5.00000e-07
 5.00000e-07
 5.00000e-07
 5.00000e-07
 2.50000e-07
 2.00000e-06
 4.00000e-06
 4.00000e-06
 4.00000e-06
 4.00000e-06
 4.00000e-06
 4.00000e-06
 4.00000e-06
 4.00000e-06
 4.00000e-06
 4.00000e-06
 4.00000e-06
 4.00000e-06
 4.00000e-06
 4.00000e-06
 4.00000e-06
 4.00000e-06
 4.00000e-06
 4.00000e-06
 4.00000e-06
 4.00000e-06
 4.00000e-06
 4.00000e-06
 4.00000e-06
 4.00000e-06
 4.00000e-06
 4.00000e-06
 3.99999e-06
 3.99993e-06
 3.99961e-06
 3.99810e-06
 3.99217e-06
 3.97286e-06
 3.92246e-06
 3.81926e-06
 3.65368e-06
 3.43808e-06
 3.19509e-06
 2.94240e-06
 2.69181e-06
 2.45363e-06
 2.24778e-06
 2.12399e-06
 2.08603e-06
 2.07215e-06
 2.05036e-06
 2.02923e-06
 2.01697e-06
 2.01065e-06
 2.00777e-06
 2.00508e-06
 2.00208e-06
 2.00063e-06
 1.99990e-06
 1.99905e-06
 1.99844e-06
 1.99766e-06
 1.99451e-06
 1.98335e-06
 1.95319e-06
 1.88752e-06
 1.76887e-06
 1.58882e-06
 1.40320e-06
 1.29429e-06
 1.25283e-06
 1.22628e-06
 1.19872e-06
 1.15870e-06
 1.08053e-06
 9.56556e-07
 8.19260e-07
 7.06631e-07
 6.25477e-07
 5.68511e-07
 5.32576e-07
 5.13922e-07
 5.05448e-07
 5.02000e-07
 5.00702e-07
 5.00239e-07
 5.00079e-07
 5.00025e-07
 5.00008e-07
 5.00002e-07
 5.00001e-07
 5.00000e-07
 5.00000e-07
 5.00000e-07
 5.00000e-07
 5.00000e-07
 5.00000e-07
 5.00000e-07
 5.00000e-07
 5.00000e-07
 5.00000e-07
 5.00000e-07
 5.00000e-07
 5.00000e-07
 5.00000e-07
 2.50000e-07
 2.00000e-06
 4.00000e-06
 4.00000e-06
 4.00000e-06
 4.00000e-06
 4.00000e-06
 4.00000e-06
 4.00000e-06
 4.00000e-06
 4.00000e-06
 4.00000e-06
 4.00000e-06
 4.00000e-06
 4.00000e-06
 4.00000e-06
 4.00000e-06
 4.00000e-06
 4.00000e-06
 4.00000e-06
 4.00000e-06
 4.00000e-06
 4.00000e-06
 4.00000e-06
 4.00000e-06
 4.00000e-06
 4.00000e-06
 4.00000e-06
 3.99999e-06
 3.99993e-06
 3.99961e-06
 3.99810e-06
 3.99217e-06
 3.97286e-06
 3.92246e-06
 3.81926e-06
 3.65368e-06
 3.43808e-06
 3.19509e-06
 2.94240e-06
 2.69181e-06
 2.45363e-06
 2.24778e-06
 2.12399e-06
 2.08604e-06
 2.07216e-06
 2.05036e-06
 2.02923e-06
 2.01696e-06
 2.01063e-06
 2.00774e-06
 2.00504e-06
 2.00203e-06
 2.00058e-06
 1.99985e-06
 1.99901e-06
 1.99842e-06
 1.99764e-06
 1.99452e-06
 1.98341e-06
 1.95326e-06
 1.88760e-06
 1.76894e-06
 1.58886e-06
 1.40322e-06
 1.29430e-06
 1.25282e-06
 1.22625e-06
 1.19867e-06
 1.15865e-06
 1.08047e-06
 9.56505e-07
 8.19233e-07
 7.06623e-07
 6.25479e-07
 5.68513e-07
 5.32576e-07
 5.13922e-07
 5.05448e-07
 5.02000e-07
 5.00702e-07
 5.00239e-07
 5.00079e-07
 5.00025e-07
 5.00008e-07
 5.00002e-07
 5.00001e-07
 5.00000e-07
 5.00000e-07
 5.00000e-07
 5.00000e-07
 5.00000e-07
 5.00000e-07
 5.00000e-07
 5.00000e-07
 5.00000e-07
 5.00000e-07
 5.00000e-07
 5.00000e-07
 5.00000e-07
 5.00000e-07
 2.50000e-07
 2.00000e-06
 4.00000e-06
 4.00000e-06
 4.00000e-06
 4.00000e-06
 4.00000e-06
 4.00000e-06
 4.00000e-06
 4.00000e-06
 4.00000e-06
 4.00000e-06
 4.00000e-06
 4.00000e-06
 4.00000e-06
 4.00000e-06
 4.00000e-06
 4.00000e-06
 4.00000e-06
 4.00000e-06
 4.00000e-06
 4.00000e-06
 4.00000e-06
 4.00000e-06
 4.00000e-06
 4.00000e-06
 4.00000e-06
 4.00000e-06
 3.99999e-06
 3.99993e-06
 3.99961e-06
 3.99810e-06
 3.99217e-06
 3.97286e-06
 3.92246e-06
 3.81926e-06
 3.65368e-06
 3.43808e-06
 3.19509e-06
 2.94240e-06
 2.69181e-06
 2.45363e-06
 2.24778e-06
 2.12399e-06
 2.08604e-06
 2.07216e-06
 2.05037e-06
 2.02923e-06
 2.01695e-06
 2.01063e-06
 2.00772e-06
 2.00501e-06
 2.00200e-06
 2.00056e-06
 1.99984e-06
 1.99900e-06
 1.99841e-06
 1.99766e-06
 1.99456e-06
 1.98345e-06
 1.95330e-06
 1.88762e-06
 1.76895e-06
 1.58887e-06
 1.40323e-06
 1.29431e-06
 1.25281e-06
 1.22624e-06
 1.19865e-06
 1.15862e-06
 1.08043e-06
 9.56473e-07
 8.19215e-07
 7.06618e-07
 6.25480e-07
 5.68514e-07
 5.32577e-07
 5.13922e-07
 5.05448e-07
 5.02000e-07
 5.00702e-07
 5.00239e-07
 5.00079e-07
 5.00025e-07
 5.00008e-07
 5.00002e-07
 5.00001e-07
 5.00000e-07
 5.00000e-07
 5.00000e-07
 5.00000e-07
 5.00000e-07
 5.00000e-07
 5.00000e-07
 5.00000e-07
 5.00000e-07
 5.00000e-07
 5.00000e-07
 5.00000e-07
 5.00000e-07
 5.00000e-07
 2.50000e-07
 1.00000e-06
 2.00000e-06
 2.00000e-06
 2.00000e-06
 2.00000e-06
 2.00000e-06
 2.00000e-06
 2.00000e-06
 2.00000e-06
 2.00000e-06
 2.00000e-06
 2.00000e-06
 2.00000e-06
 2.00000e-06
 2.00000e-06
 2.00000e-06
 2.00000e-06
 2.00000e-06
 2.00000e-06
 2.00000e-06
 2.00000e-06
 2.00000e-06
 2.00000e-06
 2.00000e-06
 2.00000e-06
 2.00000e-06
 2.00000e-06
 1.99999e-06
 1.99996e-06
 1.99980e-06
 1.99905e-06
 1.99608e-06
 1.98643e-06
 1.96123e-06
 1.90963e-06
 1.82684e-06
 1.71904e-06
 1.59755e-06
 1.47120e-06
 1.34590e-06
 1.22681e-06
 1.12389e-06
 1.06200e-06
 1.04302e-06
 1.03608e-06
 1.02518e-06
 1.01461e-06
 1.00847e-06
 1.00531e-06
 1.00386e-06
 1.00250e-06
 1.00099e-06
 1.00028e-06
 9.99924e-07
 9.99505e-07
 9.99218e-07
 9.98845e-07
 9.97287e-07
 9.91719e-07
 9.76642e-07
 9.43808e-07
 8.84484e-07
 7.94450e-07
 7.01630e-07
 6.47158e-07
 6.26406e-07
 6.13116e-07
 5.99323e-07
 5.79303e-07
 5.40209e-07
 4.78232e-07
 4.09605e-07
 3.53308e-07
 3.12740e-07
 2.84257e-07
 2.66289e-07
 2.56961e-07
 2.52724e-07
 2.51000e-07
 2.50351e-07
 2.50119e-07
 2.50039e-07
 2.50013e-07
 2.50004e-07
 2.50001e-07
 2.50000e-07
 2.50000e-07
 2.50000e-07
 2.50000e-07
 2.50000e-07
 2.50000e-07
 2.50000e-07
 2.50000e-07
 2.50000e-07
 2.50000e-07
 2.50000e-07
 2.50000e-07
 2.50000e-07
 2.50000e-07
 2.50000e-07
 1.25000e-07
 1.00000e-06
 2.00000e-06
 2.00000e-06
 2.00000e-06
 2.00000e-06
 2.00000e-06
 2.00000e-06
 2.00000e-06
 2.00000e-06
 2.00000e-06
 2.00000e-06
 2.00000e-06
 2.00000e-06
 2.00000e-06
 2.00000e-06
 2.00000e-06
 2.00000e-06
 2.00000e-06
 2.00000e-06
 2.00000e-06
 2.00000e-06
 2.00000e-06
 2.00000e-06
 2.00000e-06
 2.00000e-06
 2.00000e-06
 2.00000e-06
 1.99999e-06
 1.99996e-06
 1.99980e-06
 1.99905e-06
 1.99608e-06
 1.98643e-06
 1.96123e-06
 1.90963e-06
 1.82684e-06
 1.71904e-06
 1.59755e-06
 1.47120e-06
 1.34590e-06
 1.22681e-06
 1.12389e-06
 1.06199e-06
 1.04302e-06
 1.03608e-06
 1.02519e-06
 1.01463e-06
 1.00851e-06
 1.00535e-06
 1.00390e-06
 1.00255e-06
 1.00104e-06
 1.00030e-06
 9.99911e-07
 9.99465e-07
 9.99144e-07
 9.98729e-07
 9.97136e-07
 9.91546e-07
 9.76460e-07
 9.43626e-07
 8.84315e-07
 7.94304e-07
 7.01503e-07
 6.47058e-07
 6.26339e-07
 6.13071e-07
 5.99290e-07
 5.79281e-07
 5.40200e-07
 4.78233e-07
 4.09610e-07
 3.53313e-07
 3.12743e-07
 2.84259e-07
 2.66290e-07
 2.56962e-07
 2.52724e-07
 2.51000e-07
 2.50351e-07
 2.50119e-07
 2.50039e-07
 2.50013e-07
 2.50004e-07
 2.50001e-07
 2.50000e-07
 2.50000e-07
 2.50000e-07
 2.50000e-07
 2.50000e-07
 2.50000e-07
 2.50000e-07
 2.50000e-07
 2.50000e-07
 2.50000e-07
 2.50000e-07
 2.50000e-07
 2.50000e-07
 2.50000e-07
 2.50000e-07
 1.25000e-07
 2.00000e-06
 4.00000e-06
 4.00000e-06
 4.00000e-06
 4.00000e-06
 4.00000e-06
 4.00000e-06
 4.00000e-06
 4.00000e-06
 4.00000e-06
 4.00000e-06
 4.00000e-06
 4.00000e-06
 4.00000e-06
 4.00000e-06
 4.00000e-06
 4.00000e-06
 4.00000e-06
 4.00000e-06
 4.00000e-06
 4.00000e-06
 4.00000e-06
 4.00000e-06
 4.00000e-06
 4.00000e-06
 4.00000e-06
 4.00000e-06
 3.99999e-06
 3.99993e-06
 3.99961e-06
 3.99810e-06
 3.99217e-06
 3.97286e-06
 3.92246e-06
 3.81926e-06
 3.65368e-06
 3.43808e-06
 3.19509e-06
 2.94240e-06
 2.69181e-06
 2.45362e-06
 2.24778e-06
 2.12398e-06
 2.08603e-06
 2.07216e-06
 2.05038e-06
 2.02927e-06
 2.01701e-06
 2.01067e-06
 2.00778e-06
 2.00507e-06
 2.00205e-06
 2.00056e-06
 1.99980e-06
 1.99892e-06
 1.99830e-06
 1.99751e-06
 1.99437e-06
 1.98323e-06
 1.95308e-06
 1.88742e-06
 1.76878e-06
 1.58873e-06
 1.40311e-06
 1.29418e-06
 1.25271e-06
 1.22616e-06
 1.19860e-06
 1.15858e-06
 1.08041e-06
 9.56472e-07
 8.19221e-07
 7.06625e-07
 6.25486e-07
 5.68518e-07
 5.32579e-07
 5.13924e-07
 5.05448e-07
 5.02000e-07
 5.00702e-07
 5.00239e-07
 5.00079e-07
 5.00025e-07
 5.00008e-07
 5.00002e-07
 5.00001e-07
 5.00000e-07
 5.00000e-07
 5.00000e-07
 5.00000e-07
 5.00000e-07
 5.00000e-07
 5.00000e-07
 5.00000e-07
 5.00000e-07
 5.00000e-07
 5.00000e-07
 5.00000e-07
 5.00000e-07
 5.00000e-07
 2.50000e-07
 2.00000e-06
 4.00000e-06
 4.00000e-06
 4.00000e-06
 4.00000e-06
 4.00000e-06
 4.00000e-06
 4.00000e-06
 4.00000e-06
 4.00000e-06
 4.00000e-06
 4.00000e-06
 4.00000e-06
 4.00000e-06
 4.00000e-06
 4.00000e-06
 4.00000e-06
 4.00000e-06
 4.00000e-06
 4.00000e-06
 4.00000e-06
 4.00000e-06
 4.00000e-06
 4.00000e-06
 4.00000e-06
 4.00000e-06
 4.00000e-06
 3.99999e-06
 3.99993e-06
 3.99961e-06
 3.99810e-06
 3.99217e-06
 3.97286e-06
 3.92246e-06
 3.81926e-06
 3.65368e-06
 3.43808e-06
 3.19509e-06
 2.94240e-06
 2.69181e-06
 2.45362e-06
 2.24778e-06
 2.12399e-06
 2.08604e-06
 2.07217e-06
 2.05039e-06
 2.02927e-06
 2.01699e-06
 2.01063e-06
 2.00772e-06
 2.00502e-06
 2.00200e-06
 2.00052e-06
 1.99977e-06
 1.99893e-06
 1.99839e-06
 1.99767e-06
 1.99460e-06
 1.98350e-06
 1.95337e-06
 1.88770e-06
 1.76903e-06
 1.58891e-06
 1.40323e-06
 1.29427e-06
 1.25277e-06
 1.22621e-06
 1.19864e-06
 1.15862e-06
 1.08045e-06
 9.56489e-07
 8.19223e-07
 7.06622e-07
 6.25484e-07
 5.68517e-07
 5.32579e-07
 5.13923e-07
 5.05448e-07
 5.02000e-07
 5.00702e-07
 5.00239e-07
 5.00079e-07
 5.00025e-07
 5.00008e-07
 5.00002e-07
 5.00001e-07
 5.00000e-07
 5.00000e-07
 5.00000e-07
 5.00000e-07
 5.00000e-07
 5.00000e-07
 5.00000e-07
 5.00000e-07
 5.00000e-07
 5.00000e-07
 5.00000e-07
 5.00000e-07
 5.00000e-07
 5.00000e-07
 2.50000e-07
 2.00000e-06
 4.00000e-06
 4.00000e-06
 4.00000e-06
 4.00000e-06
 4.00000e-06
 4.00000e-06
 4.00000e-06
 4.00000e-06
 4.00000e-06
 4.00000e-06
 4.00000e-06
 4.00000e-06
 4.00000e-06
 4.00000e-06
 4.00000e-06
 4.00000e-06
 4.00000e-06
 4.00000e-06
 4.00000e-06
 4.00000e-06
 4.00000e-06
 4.00000e-06
 4.00000e-06
 4.00000e-06
 4.00000e-06
 4.00000e-06
 3.99999e-06
 3.99993e-06
 3.99961e-06
 3.99810e-06
 3.99217e-06
 3.97286e-06
 3.92246e-06
 3.81926e-06
 3.65368e-06
 3.43808e-06
 3.19509e-06
 2.94240e-06
 2.69181e-06
 2.45362e-06
 2.24778e-06
 2.12399e-06
 2.08605e-06
 2.07217e-06
 2.05040e-06
 2.02926e-06
 2.01696e-06
 2.01059e-06
 2.00767e-06
 2.00496e-06
 2.00195e-06
 2.00050e-06
 1.99977e-06
 1.99896e-06
 1.99844e-06
 1.99771e-06
 1.99462e-06
 1.98353e-06
 1.95342e-06
 1.88778e-06
 1.76911e-06
 1.58897e-06
 1.40329e-06
 1.29433e-06
 1.25282e-06
 1.22626e-06
 1.19869e-06
 1.15868e-06
 1.08050e-06
 9.56522e-07
 8.19236e-07
 7.06623e-07
 6.25481e-07
 5.68515e-07
 5.32578e-07
 5.13923e-07
 5.05448e-07
 5.02000e-07
 5.00702e-07
 5.00239e-07
 5.00079e-07
 5.00025e-07
 5.00008e-07
 5.00002e-07
 5.00001e-07
 5.00000e-07
 5.00000e-07
 5.00000e-07
 5.00000e-07
 5.00000e-07
 5.00000e-07
 5.00000e-07
 5.00000e-07
 5.00000e-07
 5.00000e-07
 5.00000e-07
 5.00000e-07
 5.00000e-07
 5.00000e-07
 2.50000e-07
 2.00000e-06
 4.00000e-06
 4.00000e-06
 4.00000e-06
 4.00000e-06
 4.00000e-06
 4.00000e-06
 4.00000e-06
 4.00000e-06
 4.00000e-06
 4.00000e-06
 4.00000e-06
 4.00000e-06
 4.00000e-06
 4.00000e-06
 4.00000e-06
 4.00000e-06
 4.00000e-06
 4.00000e-06
 4.00000e-06
 4.00000e-06
 4.00000e-06
 4.00000e-06
 4.00000e-06
 4.00000e-06
 4.00000e-06
 4.00000e-06
 3.99999e-06
 3.99993e-06
 3.99961e-06
 3.99810e-06
 3.99217e-06
 3.97286e-06
 3.92246e-06
 3.81926e-06
 3.65368e-06
 3.43808e-06
 3.19509e-06
 2.94240e-06
 2.69181e-06
 2.45362e-06
 2.24778e-06
 2.12400e-06
 2.08605e-06
 2.07218e-06
 2.05040e-06
 2.02924e-06
 2.01693e-06
 2.01056e-06
 2.00765e-06
 2.00494e-06
 2.00193e-06
 2.00049e-06
 1.99979e-06
 1.99899e-06
 1.99845e-06
 1.99771e-06
 1.99461e-06
 1.98353e-06
 1.95342e-06
 1.88777e-06
 1.76910e-06
 1.58897e-06
 1.40330e-06
 1.29434e-06
 1.25284e-06
 1.22629e-06
 1.19874e-06
 1.15874e-06
 1.08056e-06
 9.56568e-07
 8.19258e-07
 7.06629e-07
 6.25480e-07
 5.68514e-07
 5.32577e-07
 5.13923e-07
 5.05448e-07
 5.02000e-07
 5.00702e-07
 5.00239e-07
 5.00079e-07
 5.00025e-07
 5.00008e-07
 5.00002e-07
 5.00001e-07
 5.00000e-07
 5.00000e-07
 5.00000e-07
 5.00000e-07
 5.00000e-07
 5.00000e-07
 5.00000e-07
 5.00000e-07
 5.00000e-07
 5.00000e-07
 5.00000e-07
 5.00000e-07
 5.00000e-07
 5.00000e-07
 2.50000e-07
 1.00000e-06
 2.00000e-06
 2.00000e-06
 2.00000e-06
 2.00000e-06
 2.00000e-06
 2.00000e-06
 2.00000e-06
 2.00000e-06
 2.00000e-06
 2.00000e-06
 2.00000e-06
 2.00000e-06
 2.00000e-06
 2.00000e-06
 2.00000e-06
 2.00000e-06
 2.00000e-06
 2.00000e-06
 2.00000e-06
 2.00000e-06
 2.00000e-06
 2.00000e-06
 2.00000e-06
 2.00000e-06
 2.00000e-06
 2.00000e-06
 1.99999e-06
 1.99996e-06
 1.99980e-06
 1.99905e-06
 1.99608e-06
 1.98643e-06
 1.96123e-06
 1.90963e-06
 1.82684e-06
 1.71904e-06
 1.59755e-06
 1.47120e-06
 1.34590e-06
 1.22681e-06
 1.12389e-06
 1.06200e-06
 1.04303e-06
 1.03609e-06
 1.02520e-06
 1.01462e-06
 1.00846e-06
 1.00528e-06
 1.00383e-06
 1.00247e-06
 1.00096e-06
 1.00024e-06
 9.99900e-07
 9.99503e-07
 9.99235e-07
 9.98886e-07
 9.97362e-07
 9.91817e-07
 9.76743e-07
 9.43898e-07
 8.84550e-07
 7.94480e-07
 7.01639e-07
 6.47163e-07
 6.26419e-07
 6.13152e-07
 5.99381e-07
 5.79383e-07
 5.40297e-07
 4.78296e-07
 4.09634e-07
 3.53316e-07
 3.12740e-07
 2.84257e-07
 2.66289e-07
 2.56961e-07
 2.52724e-07
 2.51000e-07
 2.50351e-07
 2.50119e-07
 2.50039e-07
 2.50013e-07
 2.50004e-07
 2.50001e-07
 2.50000e-07
 2.50000e-07
 2.50000e-07
 2.50000e-07
 2.50000e-07
 2.50000e-07
 2.50000e-07
 2.50000e-07
 2.50000e-07
 2.50000e-07
 2.50000e-07
 2.50000e-07
 2.50000e-07
 2.50000e-07
 2.50000e-07
 1.25000e-07
 1.00000e-06
 2.00000e-06
 2.00000e-06
 2.00000e-06
 2.00000e-06
 2.00000e-06
 2.00000e-06
 2.00000e-06
 2.00000e-06
 2.00000e-06
 2.00000e-06
 2.00000e-06
 2.00000e-06
 2.00000e-06
 2.00000e-06
 2.00000e-06
 2.00000e-06
 2.00000e-06
 2.00000e-06
 2.00000e-06
 2.00000e-06
 2.00000e-06
 2.00000e-06
 2.00000e-06
 2.00000e-06
 2.00000e-06
 2.00000e-06
 1.99999e-06
 1.99996e-06
 1.99980e-06
 1.99905e-06
 1.99608e-06
 1.98643e-06
 1.96123e-06
 1.90963e-06
 1.82684e-06
 1.71904e-06
 1.59755e-06
 1.47120e-06
 1.34590e-06
 1.22681e-06
 1.12389e-06
 1.06199e-06
 1.04302e-06
 1.03609e-06
 1.02520e-06
 1.01465e-06
 1.00852e-06
 1.00535e-06
 1.00388e-06
 1.00252e-06
 1.00100e-06
 1.00026e-06
 9.99865e-07
 9.99409e-07
 9.99074e-07
 9.98653e-07
 9.97063e-07
 9.91482e-07
 9.76407e-07
 9.43586e-07
 8.84285e-07
 7.94279e-07
 7.01482e-07
 6.47041e-07
 6.26342e-07
 6.13111e-07
 5.99365e-07
 5.79390e-07
 5.40326e-07
 4.78330e-07
 4.09655e-07
 3.53324e-07
 3.12744e-07
 2.84259e-07
 2.66290e-07
 2.56962e-07
 2.52724e-07
 2.51000e-07
 2.50351e-07
 2.50119e-07
 2.50039e-07
 2.50013e-07
 2.50004e-07
 2.50001e-07
 2.50000e-07
 2.50000e-07
 2.50000e-07
 2.50000e-07
 2.50000e-07
 2.50000e-07
 2.50000e-07
 2.50000e-07
 2.50000e-07
 2.50000e-07
 2.50000e-07
 2.50000e-07
 2.50000e-07
 2.50000e-07
 2.50000e-07
 1.25000e-07
 2.00000e-06
 4.00000e-06
 4.00000e-06
 4.00000e-06
 4.00000e-06
 4.00000e-06
 4.00000e-06
 4.00000e-06
 4.00000e-06
 4.00000e-06
 4.00000e-06
 4.00000e-06
 4.00000e-06
 4.00000e-06
 4.00000e-06
 4.00000e-06
 4.00000e-06
 4.00000e-06
 4.00000e-06
 4.00000e-06
 4.00000e-06
 4.00000e-06
 4.00000e-06
 4.00000e-06
 4.00000e-06
 4.00000e-06
 4.00000e-06
 3.99999e-06
 3.99993e-06
 3.99961e-06
 3.99810e-06
 3.99217e-06
 3.97286e-06
 3.92246e-06
 3.81926e-06
 3.65368e-06
 3.43808e-06
 3.19509e-06
 2.94240e-06
 2.69181e-06
 2.45362e-06
 2.24778e-06
 2.12398e-06
 2.08604e-06
 2.07218e-06
 2.05041e-06
 2.02931e-06
 2.01704e-06
 2.01066e-06
 2.00772e-06
 2.00500e-06
 2.00198e-06
 2.00049e-06
 1.99972e-06
 1.99885e-06
 1.99824e-06
 1.99745e-06
 1.99432e-06
 1.98322e-06
 1.95310e-06
 1.88748e-06
 1.76885e-06
 1.58876e-06
 1.40307e-06
 1.29411e-06
 1.25267e-06
 1.22621e-06
 1.19873e-06
 1.15881e-06
 1.08070e-06
 9.56700e-07
 8.19329e-07
 7.06652e-07
 6.25486e-07
 5.68516e-07
 5.32580e-07
 5.13924e-07
 5.05449e-07
 5.02000e-07
 5.00702e-07
 5.00239e-07
 5.00079e-07
 5.00025e-07
 5.00008e-07
 5.00002e-07
 5.00001e-07
 5.00000e-07
 5.00000e-07
 5.00000e-07
 5.00000e-07
 5.00000e-07
 5.00000e-07
 5.00000e-07
 5.00000e-07
 5.00000e-07
 5.00000e-07
 5.00000e-07
 5.00000e-07
 5.00000e-07
 5.00000e-07
 2.50000e-07
 2.00000e-06
 4.00000e-06
 4.00000e-06
 4.00000e-06
 4.00000e-06
 4.00000e-06
 4.00000e-06
 4.00000e-06
 4.00000e-06
 4.00000e-06
 4.00000e-06
 4.00000e-06
 4.00000e-06
 4.00000e-06
 4.00000e-06
 4.00000e-06
 4.00000e-06
 4.00000e-06
 4.00000e-06
 4.00000e-06
 4.00000e-06
 4.00000e-06
 4.00000e-06
 4.00000e-06
 4.00000e-06
 4.00000e-06
 4.00000e-06
 3.99999e-06
 3.99993e-06
 3.99961e-06
 3.99810e-06
 3.99217e-06
 3.97286e-06
 3.92246e-06
 3.81926e-06
 3.65368e-06
 3.43808e-06
 3.19509e-06
 2.94240e-06
 2.69181e-06
 2.45362e-06
 2.24778e-06
 2.12399e-06
 2.08604e-06
 2.07218e-06
 2.05042e-06
 2.02931e-06
 2.01700e-06
 2.01058e-06
 2.00763e-06
 2.00493e-06
 2.00194e-06
 2.00049e-06
 1.99975e-06
 1.99894e-06
 1.99844e-06
 1.99778e-06
 1.99474e-06
 1.98368e-06
 1.95356e-06
 1.88788e-06
 1.76917e-06
 1.58895e-06
 1.40294e-06
 1.29360e-06
 1.25203e-06
 1.22566e-06
 1.19834e-06
 1.15864e-06
 1.08076e-06
 9.56820e-07
 8.19391e-07
 7.06662e-07
 6.25481e-07
 5.68511e-07
 5.32578e-07
 5.13924e-07
 5.05448e-07
 5.02000e-07
 5.00702e-07
 5.00239e-07
 5.00079e-07
 5.00025e-07
 5.00008e-07
 5.00002e-07
 5.00001e-07
 5.00000e-07
 5.00000e-07
 5.00000e-07
 5.00000e-07
 5.00000e-07
 5.00000e-07
 5.00000e-07
 5.00000e-07
 5.00000e-07
 5.00000e-07
 5.00000e-07
 5.00000e-07
 5.00000e-07
 5.00000e-07
 2.50000e-07
 2.00000e-06
 4.00000e-06
 4.00000e-06
 4.00000e-06
 4.00000e-06
 4.00000e-06
 4.00000e-06
 4.00000e-06
 4.00000e-06
 4.00000e-06
 4.00000e-06
 4.00000e-06
 4.00000e-06
 4.00000e-06
 4.00000e-06
 4.00000e-06
 4.00000e-06
 4.00000e-06
 4.00000e-06
 4.00000e-06
 4.00000e-06
 4.00000e-06
 4.00000e-06
 4.00000e-06
 4.00000e-06
 4.00000e-06
 4.00000e-06
 3.99999e-06
 3.99993e-06
 3.99961e-06
 3.99810e-06
 3.99217e-06
 3.97286e-06
 3.92246e-06
 3.81926e-06
 3.65368e-06
 3.43808e-06
 3.19509e-06
 2.94240e-06
 2.69181e-06
 2.45362e-06
 2.24778e-06
 2.12399e-06
 2.08605e-06
 2.07219e-06
 2.05042e-06
 2.02929e-06
 2.01695e-06
 2.01051e-06
 2.00757e-06
 2.00490e-06
 2.00194e-06
 2.00051e-06
 1.99979e-06
 1.99902e-06
 1.99855e-06
 1.99789e-06
 1.99480e-06
 1.98366e-06
 1.95349e-06
 1.88779e-06
 1.76905e-06
 1.58876e-06
 1.40274e-06
 1.29354e-06
 1.25210e-06
 1.22578e-06
 1.19846e-06
 1.15871e-06
 1.08075e-06
 9.56818e-07
 8.19425e-07
 7.06681e-07
 6.25477e-07
 5.68505e-07
 5.32576e-07
 5.13923e-07
 5.05448e-07
 5.02000e-07
 5.00702e-07
 5.00239e-07
 5.00079e-07
 5.00025e-07
 5.00008e-07
 5.00002e-07
 5.00001e-07
 5.00000e-07
 5.00000e-07
 5.00000e-07
 5.00000e-07
 5.00000e-07
 5.00000e-07
 5.00000e-07
 5.00000e-07
 5.00000e-07
 5.00000e-07
 5.00000e-07
 5.00000e-07
 5.00000e-07
 5.00000e-07
 2.50000e-07
 2.00000e-06
 4.00000e-06
 4.00000e-06
 4.00000e-06
 4.00000e-06
 4.00000e-06
 4.00000e-06
 4.00000e-06
 4.00000e-06
 4.00000e-06
 4.00000e-06
 4.00000e-06
 4.00000e-06
 4.00000e-06
 4.00000e-06
 4.00000e-06
 4.00000e-06
 4.00000e-06
 4.00000e-06
 4.00000e-06
 4.00000e-06
 4.00000e-06
 4.00000e-06
 4.00000e-06
 4.00000e-06
 4.00000e-06
 4.00000e-06
 3.99999e-06
 3.99993e-06
 3.99961e-06
 3.99810e-06
 3.99217e-06
 3.97286e-06
 3.92246e-06
 3.81926e-06
 3.65368e-06
 3.43808e-06
 3.19509e-06
 2.94240e-06
 2.69181e-06
 2.45362e-06
 2.24778e-06
 2.12400e-06
 2.08606e-06
 2.07220e-06
 2.05043e-06
 2.02926e-06
 2.01689e-06
 2.01048e-06
 2.00758e-06
 2.00494e-06
 2.00197e-06
 2.00053e-06
 1.99979e-06
 1.99898e-06
 1.99845e-06
 1.99770e-06
 1.99458e-06
 1.98345e-06
 1.95332e-06
 1.88763e-06
 1.76886e-06
 1.58854e-06
 1.40284e-06
 1.29418e-06
 1.25301e-06
 1.22661e-06
 1.19909e-06
 1.15901e-06
 1.08071e-06
 9.56700e-07
 8.19405e-07
 7.06694e-07
 6.25474e-07
 5.68500e-07
 5.32574e-07
 5.13923e-07
 5.05448e-07
 5.02000e-07
 5.00702e-07
 5.00239e-07
 5.00079e-07
 5.00025e-07
 5.00008e-07
 5.00002e-07
 5.00001e-07
 5.00000e-07
 5.00000e-07
 5.00000e-07
 5.00000e-07
 5.00000e-07
 5.00000e-07
 5.00000e-07
 5.00000e-07
 5.00000e-07
 5.00000e-07
 5.00000e-07
 5.00000e-07
 5.00000e-07
 5.00000e-07
 2.50000e-07
 1.00000e-06
 2.00000e-06
 2.00000e-06
 2.00000e-06
 2.00000e-06
 2.00000e-06
 2.00000e-06
 2.00000e-06
 2.00000e-06
 2.00000e-06
 2.00000e-06
 2.00000e-06
 2.00000e-06
 2.00000e-06
 2.00000e-06
 2.00000e-06
 2.00000e-06
 2.00000e-06
 2.00000e-06
 2.00000e-06
 2.00000e-06
 2.00000e-06
 2.00000e-06
 2.00000e-06
 2.00000e-06
 2.00000e-06
 2.00000e-06
 1.99999e-06
 1.99996e-06
 1.99980e-06
 1.99905e-06
 1.99608e-06
 1.98643e-06
 1.96123e-06
 1.90963e-06
 1.82684e-06
 1.71904e-06
 1.59755e-06
 1.47120e-06
 1.34590e-06
 1.22681e-06
 1.12389e-06
 1.06200e-06
 1.04303e-06
 1.03610e-06
 1.02521e-06
 1.01462e-06
 1.00843e-06
 1.00523e-06
 1.00380e-06
 1.00249e-06
 1.00100e-06
 1.00026e-06
 9.99890e-07
 9.99471e-07
 9.99174e-07
 9.98790e-07
 9.97258e-07
 9.91735e-07
 9.76682e-07
 9.43823e-07
 8.84415e-07
 7.94252e-07
 7.01450e-07
 6.47182e-07
 6.26605e-07
 6.13391e-07
 5.99604e-07
 5.79530e-07
 5.40344e-07
 4.78333e-07
 4.09697e-07
 3.53346e-07
 3.12736e-07
 2.84249e-07
 2.66287e-07
 2.56961e-07
 2.52724e-07
 2.51000e-07
 2.50351e-07
 2.50119e-07
 2.50039e-07
 2.50013e-07
 2.50004e-07
 2.50001e-07
 2.50000e-07
 2.50000e-07
 2.50000e-07
 2.50000e-07
 2.50000e-07
 2.50000e-07
 2.50000e-07
 2.50000e-07
 2.50000e-07
 2.50000e-07
 2.50000e-07
 2.50000e-07
 2.50000e-07
 2.50000e-07
 2.50000e-07
 1.25000e-07
 5.00000e-07
 1.00000e-06
 1.00000e-06
 1.00000e-06
 1.00000e-06
 1.00000e-06
 1.00000e-06
 1.00000e-06
 1.00000e-06
 1.00000e-06
 1.00000e-06
 1.00000e-06
 1.00000e-06
 1.00000e-06
 1.00000e-06
 1.00000e-06
 1.00000e-06
 1.00000e-06
 1.00000e-06
 1.00000e-06
 1.00000e-06
 1.00000e-06
 1.00000e-06
 1.00000e-06
 1.00000e-06
 1.00000e-06
 1.00000e-06
 9.99997e-07
 9.99982e-07
 9.99901e-07
 9.99525e-07
 9.98042e-07
 9.93216e-07
 9.80614e-07
 9.54814e-07
 9.13420e-07
 8.59520e-07
 7.98773e-07
 7.35599e-07
 6.72952e-07
 6.13406e-07
 5.61945e-07
 5.30995e-07
 5.21509e-07
 5.18044e-07
 5.12605e-07
 5.07332e-07
 5.04264e-07
 5.02671e-07
 5.01935e-07
 5.01251e-07
 5.00495e-07
 5.00123e-07
 4.99927e-07
 4.99696e-07
 4.99522e-07
 4.99310e-07
 4.98523e-07
 4.95744e-07
 4.88216e-07
 4.71812e-07
 4.42162e-07
 3.97156e-07
 3.50752e-07
 3.23526e-07
 3.13178e-07
 3.06573e-07
 2.99713e-07
 2.89740e-07
 2.70221e-07
 2.39218e-07
 2.04859e-07
 1.76673e-07
 1.56373e-07
 1.42129e-07
 1.33145e-07
 1.28481e-07
 1.26362e-07
 1.25500e-07
 1.25176e-07
 1.25060e-07
 1.25020e-07
 1.25006e-07
 1.25002e-07
 1.25001e-07
 1.25000e-07
 1.25000e-07
 1.25000e-07
 1.25000e-07
 1.25000e-07
 1.25000e-07
 1.25000e-07
 1.25000e-07
 1.25000e-07
 1.25000e-07
 1.25000e-07
 1.25000e-07
 1.25000e-07
 1.25000e-07
 1.25000e-07
 6.25000e-08
 1.00000e-06
 2.00000e-06
 2.00000e-06
 2.00000e-06
 2.00000e-06
 2.00000e-06
 2.00000e-06
 2.00000e-06
 2.00000e-06
 2.00000e-06
 2.00000e-06
 2.00000e-06
 2.00000e-06
 2.00000e-06
 2.00000e-06
 2.00000e-06
 2.00000e-06
 2.00000e-06
 2.00000e-06
 2.00000e-06
 2.00000e-06
 2.00000e-06
 2.00000e-06
 2.00000e-06
 2.00000e-06
 2.00000e-06
 2.00000e-06
 1.99999e-06
 1.99996e-06
 1.99980e-06
 1.99905e-06
 1.99608e-06
 1.98643e-06
 1.96123e-06
 1.90963e-06
 1.82684e-06
 1.71904e-06
 1.59755e-06
 1.47120e-06
 1.34590e-06
 1.22681e-06
 1.12389e-06
 1.06199e-06
 1.04302e-06
 1.03609e-06
 1.02521e-06
 1.01466e-06
 1.00852e-06
 1.00532e-06
 1.00384e-06
 1.00248e-06
 1.00098e-06
 1.00024e-06
 9.99860e-07
 9.99416e-07
 9.99102e-07
 9.98707e-07
 9.97148e-07
 9.91606e-07
 9.76563e-07
 9.43755e-07
 8.84439e-07
 7.94386e-07
 7.01524e-07
 6.47033e-07
 6.26326e-07
 6.13122e-07
 5.99412e-07
 5.79483e-07
 5.40455e-07
 4.78448e-07
 4.09724e-07
 3.53346e-07
 3.12744e-07
 2.84257e-07
 2.66290e-07
 2.56962e-07
 2.52724e-07
 2.51000e-07
 2.50351e-07
 2.50119e-07
 2.50039e-07
 2.50013e-07
 2.50004e-07
 2.50001e-07
 2.50000e-07
 2.50000e-07
 2.50000e-07
 2.50000e-07
 2.50000e-07
 2.50000e-07
 2.50000e-07
 2.50000e-07
 2.50000e-07
 2.50000e-07
 2.50000e-07
 2.50000e-07
 2.50000e-07
 2.50000e-07
 2.50000e-07
 1.25000e-07
 1.00000e-06
 2.00000e-06
 2.00000e-06
 2.00000e-06
 2.00000e-06
 2.00000e-06
 2.00000e-06
 2.00000e-06
 2.00000e-06
 2.00000e-06
 2.00000e-06
 2.00000e-06
 2.00000e-06
 2.00000e-06
 2.00000e-06
 2.00000e-06
 2.00000e-06
 2.00000e-06
 2.00000e-06
 2.00000e-06
 2.00000e-06
 2.00000e-06
 2.00000e-06
 2.00000e-06
 2.00000e-06
 2.00000e-06
 2.00000e-06
 1.99999e-06
 1.99996e-06
 1.99980e-06
 1.99905e-06
 1.99608e-06
 1.98643e-06
 1.96123e-06
 1.90963e-06
 1.82684e-06
 1.71904e-06
 1.59755e-06
 1.47120e-06
 1.34590e-06
 1.22681e-06
 1.12389e-06
 1.06199e-06
 1.04302e-06
 1.03609e-06
 1.02522e-06
 1.01466e-06
 1.00851e-06
 1.00528e-06
 1.00379e-06
 1.00244e-06
 1.00096e-06
 1.00025e-06
 9.99885e-07
 9.99489e-07
 9.99242e-07
 9.98908e-07
 9.97389e-07
 9.91849e-07
 9.76780e-07
 9.43936e-07
 8.84579e-07
 7.94443e-07
 7.01300e-07
 6.46457e-07
 6.25641e-07
 6.12530e-07
 5.98979e-07
 5.79269e-07
 5.40457e-07
 4.78520e-07
 4.09760e-07
 3.53351e-07
 3.12741e-07
 2.84253e-07
 2.66288e-07
 2.56962e-07
 2.52724e-07
 2.51000e-07
 2.50351e-07
 2.50119e-07
 2.50039e-07
 2.50013e-07
 2.50004e-07
 2.50001e-07
 2.50000e-07
 2.50000e-07
 2.50000e-07
 2.50000e-07
 2.50000e-07
 2.50000e-07
 2.50000e-07
 2.50000e-07
 2.50000e-07
 2.50000e-07
 2.50000e-07
 2.50000e-07
 2.50000e-07
 2.50000e-07
 2.50000e-07
 1.25000e-07
 1.00000e-06
 2.00000e-06
 2.00000e-06
 2.00000e-06
 2.00000e-06
 2.00000e-06
 2.00000e-06
 2.00000e-06
 2.00000e-06
 2.00000e-06
 2.00000e-06
 2.00000e-06
 2.00000e-06
 2.00000e-06
 2.00000e-06
 2.00000e-06
 2.00000e-06
 2.00000e-06
 2.00000e-06
 2.00000e-06
 2.00000e-06
 2.00000e-06
 2.00000e-06
 2.00000e-06
 2.00000e-06
 2.00000e-06
 2.00000e-06
 1.99999e-06
 1.99996e-06
 1.99980e-06
 1.99905e-06
 1.99608e-06
 1.98643e-06
 1.96123e-06
 1.90963e-06
 1.82684e-06
 1.71904e-06
 1.59755e-06
 1.47120e-06
 1.34590e-06
 1.22681e-06
 1.12389e-06
 1.06200e-06
 1.04303e-06
 1.03610e-06
 1.02522e-06
 1.01465e-06
 1.00847e-06
 1.00524e-06
 1.00376e-06
 1.00244e-06
 1.00097e-06
 1.00027e-06
 9.99910e-07
 9.99527e-07
 9.99309e-07
 9.98998e-07
 9.97461e-07
 9.91869e-07
 9.76750e-07
 9.43869e-07
 8.84463e-07
 7.94236e-07
 7.01071e-07
 6.46359e-07
 6.25680e-07
 6.12619e-07
 5.99058e-07
 5.79286e-07
 5.40396e-07
 4.78469e-07
 4.09765e-07
 3.53362e-07
 3.12738e-07
 2.84249e-07
 2.66287e-07
 2.56962e-07
 2.52724e-07
 2.51000e-07
 2.50351e-07
 2.50119e-07
 2.50039e-07
 2.50013e-07
 2.50004e-07
 2.50001e-07
 2.50000e-07
 2.50000e-07
 2.50000e-07
 2.50000e-07
 2.50000e-07
 2.50000e-07
 2.50000e-07
 2.50000e-07
 2.50000e-07
 2.50000e-07
 2.50000e-07
 2.50000e-07
 2.50000e-07
 2.50000e-07
 2.50000e-07
 1.25000e-07
 1.00000e-06
 2.00000e-06
 2.00000e-06
 2.00000e-06
 2.00000e-06
 2.00000e-06
 2.00000e-06
 2.00000e-06
 2.00000e-06
 2.00000e-06
 2.00000e-06
 2.00000e-06
 2.00000e-06
 2.00000e-06
 2.00000e-06
 2.00000e-06
 2.00000e-06
 2.00000e-06
 2.00000e-06
 2.00000e-06
 2.00000e-06
 2.00000e-06
 2.00000e-06
 2.00000e-06
 2.00000e-06
 2.00000e-06
 2.00000e-06
 1.99999e-06
 1.99996e-06
 1.99980e-06
 1.99905e-06
 1.99608e-06
 1.98643e-06
 1.96123e-06
 1.90963e-06
 1.82684e-06
 1.71904e-06
 1.59755e-06
 1.47120e-06
 1.34590e-06
 1.22681e-06
 1.12389e-06
 1.06200e-06
 1.04303e-06
 1.03610e-06
 1.02522e-06
 1.01463e-06
 1.00844e-06
 1.00522e-06
 1.00378e-06
 1.00248e-06
 1.00101e-06
 1.00028e-06
 9.99902e-07
 9.99480e-07
 9.99205e-07
 9.98838e-07
 9.97275e-07
 9.91703e-07
 9.76617e-07
 9.43742e-07
 8.84296e-07
 7.94032e-07
 7.01172e-07
 6.47006e-07
 6.26577e-07
 6.13437e-07
 5.99666e-07
 5.79555e-07
 5.40313e-07
 4.78312e-07
 4.09719e-07
 3.53364e-07
 3.12735e-07
 2.84246e-07
 2.66286e-07
 2.56961e-07
 2.52724e-07
 2.51000e-07
 2.50351e-07
 2.50119e-07
 2.50039e-07
 2.50013e-07
 2.50004e-07
 2.50001e-07
 2.50000e-07
 2.50000e-07
 2.50000e-07
 2.50000e-07
 2.50000e-07
 2.50000e-07
 2.50000e-07
 2.50000e-07
 2.50000e-07
 2.50000e-07
 2.50000e-07
 2.50000e-07
 2.50000e-07
 2.50000e-07
 2.50000e-07
 1.25000e-07
 5.00000e-07
 1.00000e-06
 1.00000e-06
 1.00000e-06
 1.00000e-06
 1.00000e-06
 1.00000e-06
 1.00000e-06
 1.00000e-06
 1.00000e-06
 1.00000e-06
 1.00000e-06
 1.00000e-06
 1.00000e-06
 1.00000e-06
 1.00000e-06
 1.00000e-06
 1.00000e-06
 1.00000e-06
 1.00000e-06
 1.00000e-06
 1.00000e-06
 1.00000e-06
 1.00000e-06
 1.00000e-06
 1.00000e-06
 1.00000e-06
 9.99997e-07
 9.99982e-07
 9.99901e-07
 9.99525e-07
 9.98042e-07
 9.93216e-07
 9.80614e-07
 9.54814e-07
 9.13420e-07
 8.59520e-07
 7.98773e-07
 7.35599e-07
 6.72951e-07
 6.13406e-07
 5.61945e-07
 5.31000e-07
 5.21518e-07
 5.18052e-07
 5.12609e-07
 5.07314e-07
 5.04210e-07
 5.02604e-07
 5.01894e-07
 5.01252e-07
 5.00515e-07
 5.00140e-07
 4.99944e-07
 4.99722e-07
 4.99557e-07
 4.99351e-07
 4.98578e-07
 4.95821e-07
 4.88300e-07
 4.71865e-07
 4.42134e-07
 3.97010e-07
 3.50629e-07
 3.23598e-07
 3.13390e-07
 3.06800e-07
 2.99887e-07
 2.89796e-07
 2.70139e-07
 2.39132e-07
 2.04850e-07
 1.76680e-07
 1.56367e-07
 1.42122e-07
 1.33143e-07
 1.28481e-07
 1.26362e-07
 1.25500e-07
 1.25176e-07
 1.25060e-07
 1.25020e-07
 1.25006e-07
 1.25002e-07
 1.25001e-07
 1.25000e-07
 1.25000e-07
 1.25000e-07
 1.25000e-07
 1.25000e-07
 1.25000e-07
 1.25000e-07
 1.25000e-07
 1.25000e-07
 1.25000e-07
 1.25000e-07
 1.25000e-07
 1.25000e-07
 1.25000e-07
 1.25000e-07
 6.25000e-08
