Pressure
part
         1
hexa8
 1.00000e+00
 1.00000e+00
 1.00000e+00
 1.00000e+00
 1.00000e+00
 1.00000e+00
 1.00000e+00
 1.00000e+00
 1.00000e+00
 1.00000e+00
 1.00000e+00
 1.00000e+00
 1.00000e+00
 1.00000e+00
 1.00000e+00
 1.00000e+00
 1.00000e+00
 1.00000e+00
 1.00000e+00
 1.00000e+00
 1.00000e+00
 1.00000e+00
 1.00000e+00
 1.00000e+00
 9.99999e-01
 9.99995e-01
 9.99970e-01
 9.99847e-01
 9.99325e-01
 9.97449e-01
 9.91870e-01
 9.78487e-01
 9.52978e-01
 9.14023e-01
 8.64440e-01
 8.08647e-01
 7.50021e-01
 6.90419e-01
 6.30770e-01
 5.71612e-01
 5.13366e-01
 4.56505e-01
 4.01762e-01
 3.50644e-01
 3.07108e-01
 2.83069e-01
 2.86705e-01
 2.93487e-01
 2.98607e-01
 3.00814e-01
 3.01537e-01
 3.01565e-01
 3.01585e-01
 3.01596e-01
 3.01597e-01
 3.01588e-01
 3.01564e-01
 3.01520e-01
 3.01446e-01
 3.01324e-01
 3.01125e-01
 3.00801e-01
 3.00276e-01
 2.99430e-01
 2.98093e-01
 2.96021e-01
 2.92895e-01
 2.88328e-01
 2.81902e-01
 2.73232e-01
 2.62064e-01
 2.48366e-01
 2.32392e-01
 2.14702e-01
 1.96100e-01
 1.77542e-01
 1.59991e-01
 1.44281e-01
 1.31006e-01
 1.20462e-01
 1.12636e-01
 1.07260e-01
 1.03876e-01
 1.01935e-01
 1.00916e-01
 1.00418e-01
 1.00185e-01
 1.00080e-01
 1.00034e-01
 1.00014e-01
 1.00006e-01
 1.00002e-01
 1.00001e-01
 1.00000e-01
 1.00000e-01
 1.00000e-01
 1.00000e-01
 1.00000e-01
 1.00000e-01
 1.00000e-01
 1.00000e+00
 1.00000e+00
 1.00000e+00
 1.00000e+00
 1.00000e+00
 1.00000e+00
 1.00000e+00
 1.00000e+00
 1.00000e+00
 1.00000e+00
 1.00000e+00
 1.00000e+00
 1.00000e+00
 1.00000e+00
 1.00000e+00
 1.00000e+00
 1.00000e+00
 1.00000e+00
 1.00000e+00
 1.00000e+00
 1.00000e+00
 1.00000e+00
 1.00000e+00
 1.00000e+00
 9.99999e-01
 9.99995e-01
 9.99970e-01
 9.99847e-01
 9.99325e-01
 9.97449e-01
 9.91870e-01
 9.78487e-01
 9.52978e-01
 9.14023e-01
 8.64440e-01
 8.08647e-01
 7.50021e-01
 6.90419e-01
 6.30770e-01
 5.71612e-01
 5.13366e-01
 4.56505e-01
 4.01762e-01
 3.50644e-01
 3.07108e-01
 2.83069e-01
 2.86705e-01
 2.93487e-01
 2.98607e-01
 3.00814e-01
 3.01537e-01
 3.01565e-01
 3.01585e-01
 3.01596e-01
 3.01597e-01
 3.01588e-01
 3.01564e-01
 3.01520e-01
 3.01446e-01
 3.01324e-01
 3.01125e-01
 3.00801e-01
 3.00276e-01
 2.99430e-01
 2.98093e-01
 2.96021e-01
 2.92895e-01
 2.88328e-01
 2.81902e-01
 2.73232e-01
 2.62064e-01
 2.48366e-01
 2.32392e-01
 2.14702e-01
 1.96100e-01
 1.77542e-01
 1.59991e-01
 1.44281e-01
 1.31006e-01
 1.20462e-01
 1.12636e-01
 1.07260e-01
 1.03876e-01
 1.01935e-01
 1.00916e-01
 1.00418e-01
 1.00185e-01
 1.00080e-01
 1.00034e-01
 1.00014e-01
 1.00006e-01
 1.00002e-01
 1.00001e-01
 1.00000e-01
 1.00000e-01
 1.00000e-01
 1.00000e-01
 1.00000e-01
 1.00000e-01
 1.00000e-01
 1.00000e+00
 1.00000e+00
 1.00000e+00
 1.00000e+00
 1.00000e+00
 1.00000e+00
 1.00000e+00
 1.00000e+00
 1.00000e+00
 1.00000e+00
 1.00000e+00
 1.00000e+00
 1.00000e+00
 1.00000e+00
 1.00000e+00
 1.00000e+00
 1.00000e+00
 1.00000e+00
 1.00000e+00
 1.00000e+00
 1.00000e+00
 1.00000e+00
 1.00000e+00
 1.00000e+00
 9.99999e-01
 9.99995e-01
 9.99970e-01
 9.99847e-01
 9.99325e-01
 9.97449e-01
 9.91870e-01
 9.78487e-01
 9.52978e-01
 9.14023e-01
 8.64440e-01
 8.08647e-01
 7.50021e-01
 6.90419e-01
 6.30770e-01
 5.71612e-01
 5.13366e-01
 4.56505e-01
 4.01762e-01
 3.50644e-01
 3.07108e-01
 2.83069e-01
 2.86705e-01
 2.93487e-01
 2.98607e-01
 3.00814e-01
 3.01537e-01
 3.01565e-01
 3.01585e-01
 3.01596e-01
 3.01597e-01
 3.01588e-01
 3.01564e-01
 3.01520e-01
 3.01446e-01
 3.01324e-01
 3.01125e-01
 3.00801e-01
 3.00276e-01
 2.99430e-01
 2.98093e-01
 2.96021e-01
 2.92895e-01
 2.88328e-01
 2.81902e-01
 2.73232e-01
 2.62064e-01
 2.48366e-01
 2.32392e-01
 2.14702e-01
 1.96100e-01
 1.77542e-01
 1.59991e-01
 1.44281e-01
 1.31006e-01
 1.20462e-01
 1.12636e-01
 1.07260e-01
 1.03876e-01
 1.01935e-01
 1.00916e-01
 1.00418e-01
 1.00185e-01
 1.00080e-01
 1.00034e-01
 1.00014e-01
 1.00006e-01
 1.00002e-01
 1.00001e-01
 1.00000e-01
 1.00000e-01
 1.00000e-01
 1.00000e-01
 1.00000e-01
 1.00000e-01
 1.00000e-01
 1.00000e+00
 1.00000e+00
 1.00000e+00
 1.00000e+00
 1.00000e+00
 1.00000e+00
 1.00000e+00
 1.00000e+00
 1.00000e+00
 1.00000e+00
 1.00000e+00
 1.00000e+00
 1.00000e+00
 1.00000e+00
 1.00000e+00
 1.00000e+00
 1.00000e+00
 1.00000e+00
 1.00000e+00
 1.00000e+00
 1.00000e+00
 1.00000e+00
 1.00000e+00
 1.00000e+00
 9.99999e-01
 9.99995e-01
 9.99970e-01
 9.99847e-01
 9.99325e-01
 9.97449e-01
 9.91870e-01
 9.78487e-01
 9.52978e-01
 9.14023e-01
 8.64440e-01
 8.08647e-01
 7.50021e-01
 6.90419e-01
 6.30770e-01
 5.71612e-01
 5.13366e-01
 4.56505e-01
 4.01762e-01
 3.50644e-01
 3.07108e-01
 2.83069e-01
 2.86705e-01
 2.93487e-01
 2.98607e-01
 3.00814e-01
 3.01537e-01
 3.01565e-01
 3.01585e-01
 3.01596e-01
 3.01597e-01
 3.01588e-01
 3.01564e-01
 3.01520e-01
 3.01446e-01
 3.01324e-01
 3.01125e-01
 3.00801e-01
 3.00276e-01
 2.99430e-01
 2.98093e-01
 2.96021e-01
 2.92895e-01
 2.88328e-01
 2.81902e-01
 2.73232e-01
 2.62064e-01
 2.48366e-01
 2.32392e-01
 2.14702e-01
 1.96100e-01
 1.77542e-01
 1.59991e-01
 1.44281e-01
 1.31006e-01
 1.20462e-01
 1.12636e-01
 1.07260e-01
 1.03876e-01
 1.01935e-01
 1.00916e-01
 1.00418e-01
 1.00185e-01
 1.00080e-01
 1.00034e-01
 1.00014e-01
 1.00006e-01
 1.00002e-01
 1.00001e-01
 1.00000e-01
 1.00000e-01
 1.00000e-01
 1.00000e-01
 1.00000e-01
 1.00000e-01
 1.00000e-01
 1.00000e+00
 1.00000e+00
 1.00000e+00
 1.00000e+00
 1.00000e+00
 1.00000e+00
 1.00000e+00
 1.00000e+00
 1.00000e+00
 1.00000e+00
 1.00000e+00
 1.00000e+00
 1.00000e+00
 1.00000e+00
 1.00000e+00
 1.00000e+00
 1.00000e+00
 1.00000e+00
 1.00000e+00
 1.00000e+00
 1.00000e+00
 1.00000e+00
 1.00000e+00
 1.00000e+00
 9.99999e-01
 9.99995e-01
 9.99970e-01
 9.99847e-01
 9.99325e-01
 9.97449e-01
 9.91870e-01
 9.78487e-01
 9.52978e-01
 9.14023e-01
 8.64440e-01
 8.08647e-01
 7.50021e-01
 6.90419e-01
 6.30770e-01
 5.71612e-01
 5.13366e-01
 4.56505e-01
 4.01762e-01
 3.50644e-01
 3.07108e-01
 2.83069e-01
 2.86705e-01
 2.93487e-01
 2.98607e-01
 3.00814e-01
 3.01537e-01
 3.01565e-01
 3.01585e-01
 3.01596e-01
 3.01597e-01
 3.01588e-01
 3.01564e-01
 3.01520e-01
 3.01446e-01
 3.01324e-01
 3.01125e-01
 3.00801e-01
 3.00276e-01
 2.99430e-01
 2.98093e-01
 2.96021e-01
 2.92895e-01
 2.88328e-01
 2.81902e-01
 2.73232e-01
 2.62064e-01
 2.48366e-01
 2.32392e-01
 2.14702e-01
 1.96100e-01
 1.77542e-01
 1.59991e-01
 1.44281e-01
 1.31006e-01
 1.20462e-01
 1.12636e-01
 1.07260e-01
 1.03876e-01
 1.01935e-01
 1.00916e-01
 1.00418e-01
 1.00185e-01
 1.00080e-01
 1.00034e-01
 1.00014e-01
 1.00006e-01
 1.00002e-01
 1.00001e-01
 1.00000e-01
 1.00000e-01
 1.00000e-01
 1.00000e-01
 1.00000e-01
 1.00000e-01
 1.00000e-01
