Density
part
         1
hexa8
 1.00000e+00
 1.00000e+00
 1.00000e+00
 1.00000e+00
 1.00000e+00
 1.00000e+00
 1.00000e+00
 1.00000e+00
 1.00000e+00
 1.00000e+00
 1.00000e+00
 1.00000e+00
 1.00000e+00
 1.00000e+00
 1.00000e+00
 1.00000e+00
 1.00000e+00
 1.00000e+00
 1.00000e+00
 1.00000e+00
 1.00000e+00
 1.00000e+00
 1.00000e+00
 1.00000e+00
 1.00000e+00
 1.00000e+00
 1.00000e+00
 1.00000e+00
 1.00000e+00
 1.00000e+00
 1.00000e+00
 1.00000e+00
 1.00000e+00
 1.00000e+00
 1.00000e+00
 1.00000e+00
 1.00000e+00
 1.00000e+00
 1.00000e+00
 1.00000e+00
 1.00000e+00
 1.00000e+00
 1.00000e+00
 1.00000e+00
 1.00000e+00
 1.00000e+00
 1.00000e+00
 1.00000e+00
 1.00000e+00
 1.00000e+00
 1.00000e+00
 1.00000e+00
 1.00000e+00
 1.00000e+00
 1.00000e+00
 1.00000e+00
 1.00000e+00
 1.00000e+00
 1.00000e+00
 1.00000e+00
 1.00000e+00
 1.00000e+00
 1.00000e+00
 1.00000e+00
 1.00000e+00
 1.00000e+00
 1.00000e+00
 1.00000e+00
 1.00000e+00
 1.00000e+00
 1.00000e+00
 1.00000e+00
 1.00000e+00
 1.00000e+00
 1.00000e+00
 1.00000e+00
 1.00000e+00
 1.00000e+00
 1.00000e+00
 1.00000e+00
 1.00000e+00
 1.00000e+00
 1.00000e+00
 1.00000e+00
 1.00000e+00
 1.00000e+00
 1.00000e+00
 1.00000e+00
 1.00000e+00
 1.00000e+00
 1.00000e+00
 1.00000e+00
 1.00000e+00
 1.00000e+00
 1.00000e+00
 1.00000e+00
 1.00000e+00
 1.00000e+00
 1.00000e+00
 1.00000e+00
 1.00000e+00
 1.00000e+00
 1.00000e+00
 1.00000e+00
 1.00000e+00
 1.00000e+00
 1.00000e+00
 1.00000e+00
 1.00000e+00
 1.00000e+00
 1.00000e+00
 1.00000e+00
 1.00000e+00
 1.00000e+00
 1.00000e+00
 1.00000e+00
 1.00000e+00
 1.00000e+00
 1.00000e+00
 1.00000e+00
 1.00000e+00
 1.00000e+00
 1.00000e+00
 1.00000e+00
 1.00000e+00
 1.00000e+00
 1.00000e+00
 1.00000e+00
 1.00000e+00
 1.00000e+00
 1.00000e+00
 1.00000e+00
 1.00000e+00
 1.00000e+00
 1.00000e+00
 1.00000e+00
 1.00000e+00
 1.00000e+00
 1.00000e+00
 1.00000e+00
 1.00000e+00
 1.00000e+00
 1.00000e+00
 1.00000e+00
 1.00000e+00
 1.00000e+00
 1.00000e+00
 1.00000e+00
 1.00000e+00
 1.00000e+00
 1.00000e+00
 1.00000e+00
 1.00000e+00
 1.00000e+00
 1.00000e+00
 1.00000e+00
 1.00000e+00
 1.00000e+00
 1.00000e+00
 1.00000e+00
 1.00000e+00
 1.00000e+00
 1.00000e+00
 1.00000e+00
 1.00000e+00
 1.00000e+00
 1.00000e+00
 1.00000e+00
 1.00000e+00
 1.00000e+00
 1.00000e+00
 1.00000e+00
 1.00000e+00
 1.00000e+00
 1.00000e+00
 1.00000e+00
 1.00000e+00
 1.00000e+00
 1.00000e+00
 1.00000e+00
 9.99995e-01
 9.99995e-01
 9.99995e-01
 9.99995e-01
 9.99995e-01
 9.99953e-01
 9.99953e-01
 9.99953e-01
 9.99953e-01
 9.99953e-01
 9.99624e-01
 9.99624e-01
 9.99624e-01
 9.99624e-01
 9.99624e-01
 9.97606e-01
 9.97606e-01
 9.97606e-01
 9.97606e-01
 9.97606e-01
 9.88253e-01
 9.88253e-01
 9.88253e-01
 9.88253e-01
 9.88253e-01
 9.57634e-01
 9.57634e-01
 9.57634e-01
 9.57634e-01
 9.57634e-01
 8.91300e-01
 8.91300e-01
 8.91300e-01
 8.91300e-01
 8.91300e-01
 7.95356e-01
 7.95356e-01
 7.95356e-01
 7.95356e-01
 7.95356e-01
 6.88257e-01
 6.88257e-01
 6.88257e-01
 6.88257e-01
 6.88257e-01
 5.84126e-01
 5.84126e-01
 5.84126e-01
 5.84126e-01
 5.84126e-01
 5.22281e-01
 5.22281e-01
 5.22281e-01
 5.22281e-01
 5.22281e-01
 5.25914e-01
 5.25914e-01
 5.25914e-01
 5.25914e-01
 5.25914e-01
 5.18612e-01
 5.18612e-01
 5.18611e-01
 5.18611e-01
 5.18611e-01
 5.07400e-01
 5.07400e-01
 5.07399e-01
 5.07399e-01
 5.07399e-01
 5.05615e-01
 5.05615e-01
 5.05615e-01
 5.05615e-01
 5.05614e-01
 5.04707e-01
 5.04707e-01
 5.04706e-01
 5.04706e-01
 5.04705e-01
 5.03265e-01
 5.03265e-01
 5.03264e-01
 5.03264e-01
 5.03264e-01
 4.95820e-01
 4.95819e-01
 4.95819e-01
 4.95818e-01
 4.95818e-01
 4.72170e-01
 4.72169e-01
 4.72169e-01
 4.72168e-01
 4.72168e-01
 4.20474e-01
 4.20474e-01
 4.20473e-01
 4.20473e-01
 4.20473e-01
 3.55120e-01
 3.55119e-01
 3.55119e-01
 3.55118e-01
 3.55118e-01
 3.13975e-01
 3.13974e-01
 3.13974e-01
 3.13974e-01
 3.13973e-01
 2.76685e-01
 2.76685e-01
 2.76684e-01
 2.76684e-01
 2.76684e-01
 2.47109e-01
 2.47108e-01
 2.47108e-01
 2.47108e-01
 2.47108e-01
 2.08200e-01
 2.08200e-01
 2.08200e-01
 2.08200e-01
 2.08200e-01
 1.73008e-01
 1.73008e-01
 1.73008e-01
 1.73008e-01
 1.73008e-01
 1.51188e-01
 1.51188e-01
 1.51188e-01
 1.51188e-01
 1.51188e-01
 1.38299e-01
 1.38299e-01
 1.38299e-01
 1.38299e-01
 1.38299e-01
 1.30672e-01
 1.30672e-01
 1.30672e-01
 1.30672e-01
 1.30672e-01
 1.26935e-01
 1.26935e-01
 1.26935e-01
 1.26935e-01
 1.26935e-01
 1.25586e-01
 1.25586e-01
 1.25586e-01
 1.25586e-01
 1.25586e-01
 1.25164e-01
 1.25164e-01
 1.25164e-01
 1.25164e-01
 1.25164e-01
 1.25043e-01
 1.25043e-01
 1.25043e-01
 1.25043e-01
 1.25043e-01
 1.25011e-01
 1.25011e-01
 1.25011e-01
 1.25011e-01
 1.25011e-01
 1.25003e-01
 1.25003e-01
 1.25003e-01
 1.25003e-01
 1.25003e-01
 1.25001e-01
 1.25001e-01
 1.25001e-01
 1.25001e-01
 1.25001e-01
 1.25000e-01
 1.25000e-01
 1.25000e-01
 1.25000e-01
 1.25000e-01
 1.25000e-01
 1.25000e-01
 1.25000e-01
 1.25000e-01
 1.25000e-01
 1.25000e-01
 1.25000e-01
 1.25000e-01
 1.25000e-01
 1.25000e-01
 1.25000e-01
 1.25000e-01
 1.25000e-01
 1.25000e-01
 1.25000e-01
 1.25000e-01
 1.25000e-01
 1.25000e-01
 1.25000e-01
 1.25000e-01
 1.25000e-01
 1.25000e-01
 1.25000e-01
 1.25000e-01
 1.25000e-01
 1.25000e-01
 1.25000e-01
 1.25000e-01
 1.25000e-01
 1.25000e-01
 1.25000e-01
 1.25000e-01
 1.25000e-01
 1.25000e-01
 1.25000e-01
 1.25000e-01
 1.25000e-01
 1.25000e-01
 1.25000e-01
 1.25000e-01
 1.25000e-01
 1.25000e-01
 1.25000e-01
 1.25000e-01
 1.25000e-01
 1.25000e-01
 1.25000e-01
 1.25000e-01
 1.25000e-01
 1.25000e-01
 1.25000e-01
 1.25000e-01
 1.25000e-01
 1.25000e-01
 1.25000e-01
 1.25000e-01
 1.25000e-01
 1.25000e-01
 1.25000e-01
 1.25000e-01
 1.25000e-01
 1.25000e-01
 1.25000e-01
 1.25000e-01
 1.25000e-01
 1.25000e-01
 1.25000e-01
 1.25000e-01
 1.25000e-01
 1.25000e-01
 1.25000e-01
 1.25000e-01
 1.25000e-01
 1.25000e-01
 1.25000e-01
 1.25000e-01
 1.25000e-01
 1.25000e-01
 1.25000e-01
 1.25000e-01
 1.25000e-01
 1.25000e-01
 1.25000e-01
 1.25000e-01
 1.25000e-01
 1.25000e-01
 1.25000e-01
 1.25000e-01
 1.25000e-01
 1.25000e-01
 1.25000e-01
 1.25000e-01
 1.25000e-01
 1.25000e-01
 1.25000e-01
 1.25000e-01
 1.25000e-01
 1.25000e-01
 1.25000e-01
 1.25000e-01
 1.25000e-01
 1.25000e-01
 1.25000e-01
 1.25000e-01
 1.25000e-01
 1.25000e-01
 1.25000e-01
 1.25000e-01
 1.25000e-01
 1.25000e-01
 1.25000e-01
 1.25000e-01
 1.25000e-01
 1.25000e-01
 1.25000e-01
 1.25000e-01
 1.25000e-01
 1.25000e-01
 1.25000e-01
 1.25000e-01
 1.25000e-01
 1.25000e-01
 1.25000e-01
 1.25000e-01
 1.25000e-01
 1.25000e-01
 1.25000e-01
 1.25000e-01
 1.25000e-01
 1.25000e-01
 1.25000e-01
 1.25000e-01
 1.25000e-01
 1.25000e-01
 1.25000e-01
 1.00000e+00
 1.00000e+00
 1.00000e+00
 1.00000e+00
 1.00000e+00
 1.00000e+00
 1.00000e+00
 1.00000e+00
 1.00000e+00
 1.00000e+00
 1.00000e+00
 1.00000e+00
 1.00000e+00
 1.00000e+00
 1.00000e+00
 1.00000e+00
 1.00000e+00
 1.00000e+00
 1.00000e+00
 1.00000e+00
 1.00000e+00
 1.00000e+00
 1.00000e+00
 1.00000e+00
 1.00000e+00
 1.00000e+00
 1.00000e+00
 1.00000e+00
 1.00000e+00
 1.00000e+00
 1.00000e+00
 1.00000e+00
 1.00000e+00
 1.00000e+00
 1.00000e+00
 1.00000e+00
 1.00000e+00
 1.00000e+00
 1.00000e+00
 1.00000e+00
 1.00000e+00
 1.00000e+00
 1.00000e+00
 1.00000e+00
 1.00000e+00
 1.00000e+00
 1.00000e+00
 1.00000e+00
 1.00000e+00
 1.00000e+00
 1.00000e+00
 1.00000e+00
 1.00000e+00
 1.00000e+00
 1.00000e+00
 1.00000e+00
 1.00000e+00
 1.00000e+00
 1.00000e+00
 1.00000e+00
 1.00000e+00
 1.00000e+00
 1.00000e+00
 1.00000e+00
 1.00000e+00
 1.00000e+00
 1.00000e+00
 1.00000e+00
 1.00000e+00
 1.00000e+00
 1.00000e+00
 1.00000e+00
 1.00000e+00
 1.00000e+00
 1.00000e+00
 1.00000e+00
 1.00000e+00
 1.00000e+00
 1.00000e+00
 1.00000e+00
 1.00000e+00
 1.00000e+00
 1.00000e+00
 1.00000e+00
 1.00000e+00
 1.00000e+00
 1.00000e+00
 1.00000e+00
 1.00000e+00
 1.00000e+00
 1.00000e+00
 1.00000e+00
 1.00000e+00
 1.00000e+00
 1.00000e+00
 1.00000e+00
 1.00000e+00
 1.00000e+00
 1.00000e+00
 1.00000e+00
 1.00000e+00
 1.00000e+00
 1.00000e+00
 1.00000e+00
 1.00000e+00
 1.00000e+00
 1.00000e+00
 1.00000e+00
 1.00000e+00
 1.00000e+00
 1.00000e+00
 1.00000e+00
 1.00000e+00
 1.00000e+00
 1.00000e+00
 1.00000e+00
 1.00000e+00
 1.00000e+00
 1.00000e+00
 1.00000e+00
 1.00000e+00
 1.00000e+00
 1.00000e+00
 1.00000e+00
 1.00000e+00
 1.00000e+00
 1.00000e+00
 1.00000e+00
 1.00000e+00
 1.00000e+00
 1.00000e+00
 1.00000e+00
 1.00000e+00
 1.00000e+00
 1.00000e+00
 1.00000e+00
 1.00000e+00
 1.00000e+00
 1.00000e+00
 1.00000e+00
 1.00000e+00
 1.00000e+00
 1.00000e+00
 1.00000e+00
 1.00000e+00
 1.00000e+00
 1.00000e+00
 1.00000e+00
 1.00000e+00
 1.00000e+00
 1.00000e+00
 1.00000e+00
 1.00000e+00
 1.00000e+00
 1.00000e+00
 1.00000e+00
 1.00000e+00
 1.00000e+00
 1.00000e+00
 1.00000e+00
 1.00000e+00
 1.00000e+00
 1.00000e+00
 1.00000e+00
 1.00000e+00
 1.00000e+00
 1.00000e+00
 1.00000e+00
 1.00000e+00
 1.00000e+00
 1.00000e+00
 1.00000e+00
 1.00000e+00
 1.00000e+00
 1.00000e+00
 1.00000e+00
 1.00000e+00
 1.00000e+00
 1.00000e+00
 1.00000e+00
 9.99995e-01
 9.99995e-01
 9.99995e-01
 9.99995e-01
 9.99995e-01
 9.99953e-01
 9.99953e-01
 9.99953e-01
 9.99953e-01
 9.99953e-01
 9.99624e-01
 9.99624e-01
 9.99624e-01
 9.99624e-01
 9.99624e-01
 9.97606e-01
 9.97606e-01
 9.97606e-01
 9.97606e-01
 9.97606e-01
 9.88253e-01
 9.88253e-01
 9.88253e-01
 9.88253e-01
 9.88253e-01
 9.57635e-01
 9.57635e-01
 9.57635e-01
 9.57635e-01
 9.57635e-01
 8.91302e-01
 8.91302e-01
 8.91302e-01
 8.91302e-01
 8.91302e-01
 7.95359e-01
 7.95359e-01
 7.95359e-01
 7.95359e-01
 7.95359e-01
 6.88262e-01
 6.88262e-01
 6.88262e-01
 6.88262e-01
 6.88262e-01
 5.84132e-01
 5.84132e-01
 5.84132e-01
 5.84132e-01
 5.84132e-01
 5.22279e-01
 5.22279e-01
 5.22279e-01
 5.22279e-01
 5.22279e-01
 5.25926e-01
 5.25926e-01
 5.25926e-01
 5.25926e-01
 5.25926e-01
 5.18628e-01
 5.18628e-01
 5.18627e-01
 5.18627e-01
 5.18627e-01
 5.07389e-01
 5.07389e-01
 5.07389e-01
 5.07388e-01
 5.07388e-01
 5.05650e-01
 5.05649e-01
 5.05648e-01
 5.05647e-01
 5.05647e-01
 5.04734e-01
 5.04734e-01
 5.04733e-01
 5.04733e-01
 5.04732e-01
 5.03281e-01
 5.03280e-01
 5.03279e-01
 5.03278e-01
 5.03278e-01
 4.95829e-01
 4.95827e-01
 4.95828e-01
 4.95827e-01
 4.95826e-01
 4.72183e-01
 4.72181e-01
 4.72183e-01
 4.72181e-01
 4.72181e-01
 4.20504e-01
 4.20502e-01
 4.20504e-01
 4.20502e-01
 4.20502e-01
 3.55176e-01
 3.55175e-01
 3.55175e-01
 3.55175e-01
 3.55174e-01
 3.14030e-01
 3.14030e-01
 3.14029e-01
 3.14029e-01
 3.14028e-01
 2.76721e-01
 2.76721e-01
 2.76720e-01
 2.76720e-01
 2.76720e-01
 2.47121e-01
 2.47121e-01
 2.47120e-01
 2.47120e-01
 2.47120e-01
 2.08190e-01
 2.08190e-01
 2.08190e-01
 2.08189e-01
 2.08189e-01
 1.73002e-01
 1.73002e-01
 1.73002e-01
 1.73001e-01
 1.73001e-01
 1.51188e-01
 1.51188e-01
 1.51187e-01
 1.51187e-01
 1.51187e-01
 1.38300e-01
 1.38300e-01
 1.38300e-01
 1.38300e-01
 1.38300e-01
 1.30672e-01
 1.30672e-01
 1.30672e-01
 1.30672e-01
 1.30672e-01
 1.26935e-01
 1.26935e-01
 1.26935e-01
 1.26935e-01
 1.26935e-01
 1.25586e-01
 1.25586e-01
 1.25586e-01
 1.25586e-01
 1.25586e-01
 1.25164e-01
 1.25164e-01
 1.25164e-01
 1.25164e-01
 1.25164e-01
 1.25043e-01
 1.25043e-01
 1.25043e-01
 1.25043e-01
 1.25043e-01
 1.25011e-01
 1.25011e-01
 1.25011e-01
 1.25011e-01
 1.25011e-01
 1.25003e-01
 1.25003e-01
 1.25003e-01
 1.25003e-01
 1.25003e-01
 1.25001e-01
 1.25001e-01
 1.25001e-01
 1.25001e-01
 1.25001e-01
 1.25000e-01
 1.25000e-01
 1.25000e-01
 1.25000e-01
 1.25000e-01
 1.25000e-01
 1.25000e-01
 1.25000e-01
 1.25000e-01
 1.25000e-01
 1.25000e-01
 1.25000e-01
 1.25000e-01
 1.25000e-01
 1.25000e-01
 1.25000e-01
 1.25000e-01
 1.25000e-01
 1.25000e-01
 1.25000e-01
 1.25000e-01
 1.25000e-01
 1.25000e-01
 1.25000e-01
 1.25000e-01
 1.25000e-01
 1.25000e-01
 1.25000e-01
 1.25000e-01
 1.25000e-01
 1.25000e-01
 1.25000e-01
 1.25000e-01
 1.25000e-01
 1.25000e-01
 1.25000e-01
 1.25000e-01
 1.25000e-01
 1.25000e-01
 1.25000e-01
 1.25000e-01
 1.25000e-01
 1.25000e-01
 1.25000e-01
 1.25000e-01
 1.25000e-01
 1.25000e-01
 1.25000e-01
 1.25000e-01
 1.25000e-01
 1.25000e-01
 1.25000e-01
 1.25000e-01
 1.25000e-01
 1.25000e-01
 1.25000e-01
 1.25000e-01
 1.25000e-01
 1.25000e-01
 1.25000e-01
 1.25000e-01
 1.25000e-01
 1.25000e-01
 1.25000e-01
 1.25000e-01
 1.25000e-01
 1.25000e-01
 1.25000e-01
 1.25000e-01
 1.25000e-01
 1.25000e-01
 1.25000e-01
 1.25000e-01
 1.25000e-01
 1.25000e-01
 1.25000e-01
 1.25000e-01
 1.25000e-01
 1.25000e-01
 1.25000e-01
 1.25000e-01
 1.25000e-01
 1.25000e-01
 1.25000e-01
 1.25000e-01
 1.25000e-01
 1.25000e-01
 1.25000e-01
 1.25000e-01
 1.25000e-01
 1.25000e-01
 1.25000e-01
 1.25000e-01
 1.25000e-01
 1.25000e-01
 1.25000e-01
 1.25000e-01
 1.25000e-01
 1.25000e-01
 1.25000e-01
 1.25000e-01
 1.25000e-01
 1.25000e-01
 1.25000e-01
 1.25000e-01
 1.25000e-01
 1.25000e-01
 1.25000e-01
 1.25000e-01
 1.25000e-01
 1.25000e-01
 1.25000e-01
 1.25000e-01
 1.25000e-01
 1.25000e-01
 1.25000e-01
 1.25000e-01
 1.25000e-01
 1.25000e-01
 1.25000e-01
 1.25000e-01
 1.25000e-01
 1.25000e-01
 1.25000e-01
 1.25000e-01
 1.25000e-01
 1.25000e-01
 1.25000e-01
 1.25000e-01
 1.25000e-01
 1.25000e-01
 1.25000e-01
 1.25000e-01
 1.25000e-01
 1.25000e-01
 1.25000e-01
 1.25000e-01
 1.25000e-01
 1.25000e-01
 1.25000e-01
 1.00000e+00
 1.00000e+00
 1.00000e+00
 1.00000e+00
 1.00000e+00
 1.00000e+00
 1.00000e+00
 1.00000e+00
 1.00000e+00
 1.00000e+00
 1.00000e+00
 1.00000e+00
 1.00000e+00
 1.00000e+00
 1.00000e+00
 1.00000e+00
 1.00000e+00
 1.00000e+00
 1.00000e+00
 1.00000e+00
 1.00000e+00
 1.00000e+00
 1.00000e+00
 1.00000e+00
 1.00000e+00
 1.00000e+00
 1.00000e+00
 1.00000e+00
 1.00000e+00
 1.00000e+00
 1.00000e+00
 1.00000e+00
 1.00000e+00
 1.00000e+00
 1.00000e+00
 1.00000e+00
 1.00000e+00
 1.00000e+00
 1.00000e+00
 1.00000e+00
 1.00000e+00
 1.00000e+00
 1.00000e+00
 1.00000e+00
 1.00000e+00
 1.00000e+00
 1.00000e+00
 1.00000e+00
 1.00000e+00
 1.00000e+00
 1.00000e+00
 1.00000e+00
 1.00000e+00
 1.00000e+00
 1.00000e+00
 1.00000e+00
 1.00000e+00
 1.00000e+00
 1.00000e+00
 1.00000e+00
 1.00000e+00
 1.00000e+00
 1.00000e+00
 1.00000e+00
 1.00000e+00
 1.00000e+00
 1.00000e+00
 1.00000e+00
 1.00000e+00
 1.00000e+00
 1.00000e+00
 1.00000e+00
 1.00000e+00
 1.00000e+00
 1.00000e+00
 1.00000e+00
 1.00000e+00
 1.00000e+00
 1.00000e+00
 1.00000e+00
 1.00000e+00
 1.00000e+00
 1.00000e+00
 1.00000e+00
 1.00000e+00
 1.00000e+00
 1.00000e+00
 1.00000e+00
 1.00000e+00
 1.00000e+00
 1.00000e+00
 1.00000e+00
 1.00000e+00
 1.00000e+00
 1.00000e+00
 1.00000e+00
 1.00000e+00
 1.00000e+00
 1.00000e+00
 1.00000e+00
 1.00000e+00
 1.00000e+00
 1.00000e+00
 1.00000e+00
 1.00000e+00
 1.00000e+00
 1.00000e+00
 1.00000e+00
 1.00000e+00
 1.00000e+00
 1.00000e+00
 1.00000e+00
 1.00000e+00
 1.00000e+00
 1.00000e+00
 1.00000e+00
 1.00000e+00
 1.00000e+00
 1.00000e+00
 1.00000e+00
 1.00000e+00
 1.00000e+00
 1.00000e+00
 1.00000e+00
 1.00000e+00
 1.00000e+00
 1.00000e+00
 1.00000e+00
 1.00000e+00
 1.00000e+00
 1.00000e+00
 1.00000e+00
 1.00000e+00
 1.00000e+00
 1.00000e+00
 1.00000e+00
 1.00000e+00
 1.00000e+00
 1.00000e+00
 1.00000e+00
 1.00000e+00
 1.00000e+00
 1.00000e+00
 1.00000e+00
 1.00000e+00
 1.00000e+00
 1.00000e+00
 1.00000e+00
 1.00000e+00
 1.00000e+00
 1.00000e+00
 1.00000e+00
 1.00000e+00
 1.00000e+00
 1.00000e+00
 1.00000e+00
 1.00000e+00
 1.00000e+00
 1.00000e+00
 1.00000e+00
 1.00000e+00
 1.00000e+00
 1.00000e+00
 1.00000e+00
 1.00000e+00
 1.00000e+00
 1.00000e+00
 1.00000e+00
 1.00000e+00
 1.00000e+00
 1.00000e+00
 1.00000e+00
 1.00000e+00
 1.00000e+00
 1.00000e+00
 1.00000e+00
 1.00000e+00
 1.00000e+00
 1.00000e+00
 1.00000e+00
 9.99995e-01
 9.99995e-01
 9.99995e-01
 9.99995e-01
 9.99995e-01
 9.99953e-01
 9.99953e-01
 9.99953e-01
 9.99953e-01
 9.99953e-01
 9.99624e-01
 9.99624e-01
 9.99624e-01
 9.99624e-01
 9.99624e-01
 9.97606e-01
 9.97606e-01
 9.97606e-01
 9.97606e-01
 9.97606e-01
 9.88253e-01
 9.88253e-01
 9.88253e-01
 9.88253e-01
 9.88253e-01
 9.57636e-01
 9.57636e-01
 9.57636e-01
 9.57636e-01
 9.57636e-01
 8.91305e-01
 8.91305e-01
 8.91305e-01
 8.91305e-01
 8.91305e-01
 7.95365e-01
 7.95365e-01
 7.95365e-01
 7.95365e-01
 7.95365e-01
 6.88271e-01
 6.88271e-01
 6.88271e-01
 6.88271e-01
 6.88271e-01
 5.84147e-01
 5.84147e-01
 5.84147e-01
 5.84147e-01
 5.84147e-01
 5.22276e-01
 5.22276e-01
 5.22275e-01
 5.22275e-01
 5.22274e-01
 5.25915e-01
 5.25915e-01
 5.25915e-01
 5.25914e-01
 5.25914e-01
 5.18619e-01
 5.18619e-01
 5.18618e-01
 5.18618e-01
 5.18618e-01
 5.07430e-01
 5.07430e-01
 5.07430e-01
 5.07430e-01
 5.07429e-01
 5.05566e-01
 5.05566e-01
 5.05567e-01
 5.05566e-01
 5.05565e-01
 5.04670e-01
 5.04669e-01
 5.04668e-01
 5.04669e-01
 5.04669e-01
 5.03214e-01
 5.03216e-01
 5.03216e-01
 5.03217e-01
 5.03217e-01
 4.95742e-01
 4.95746e-01
 4.95743e-01
 4.95746e-01
 4.95745e-01
 4.72092e-01
 4.72097e-01
 4.72092e-01
 4.72097e-01
 4.72096e-01
 4.20445e-01
 4.20449e-01
 4.20445e-01
 4.20449e-01
 4.20448e-01
 3.55161e-01
 3.55164e-01
 3.55162e-01
 3.55164e-01
 3.55163e-01
 3.14028e-01
 3.14028e-01
 3.14027e-01
 3.14028e-01
 3.14027e-01
 2.76707e-01
 2.76707e-01
 2.76707e-01
 2.76706e-01
 2.76706e-01
 2.47098e-01
 2.47097e-01
 2.47097e-01
 2.47097e-01
 2.47096e-01
 2.08170e-01
 2.08170e-01
 2.08169e-01
 2.08168e-01
 2.08168e-01
 1.72994e-01
 1.72994e-01
 1.72994e-01
 1.72993e-01
 1.72993e-01
 1.51186e-01
 1.51186e-01
 1.51185e-01
 1.51185e-01
 1.51185e-01
 1.38300e-01
 1.38300e-01
 1.38300e-01
 1.38299e-01
 1.38299e-01
 1.30672e-01
 1.30672e-01
 1.30672e-01
 1.30672e-01
 1.30672e-01
 1.26935e-01
 1.26935e-01
 1.26935e-01
 1.26935e-01
 1.26935e-01
 1.25586e-01
 1.25586e-01
 1.25586e-01
 1.25586e-01
 1.25586e-01
 1.25164e-01
 1.25164e-01
 1.25164e-01
 1.25164e-01
 1.25164e-01
 1.25043e-01
 1.25043e-01
 1.25043e-01
 1.25043e-01
 1.25043e-01
 1.25011e-01
 1.25011e-01
 1.25011e-01
 1.25011e-01
 1.25011e-01
 1.25003e-01
 1.25003e-01
 1.25003e-01
 1.25003e-01
 1.25003e-01
 1.25001e-01
 1.25001e-01
 1.25001e-01
 1.25001e-01
 1.25001e-01
 1.25000e-01
 1.25000e-01
 1.25000e-01
 1.25000e-01
 1.25000e-01
 1.25000e-01
 1.25000e-01
 1.25000e-01
 1.25000e-01
 1.25000e-01
 1.25000e-01
 1.25000e-01
 1.25000e-01
 1.25000e-01
 1.25000e-01
 1.25000e-01
 1.25000e-01
 1.25000e-01
 1.25000e-01
 1.25000e-01
 1.25000e-01
 1.25000e-01
 1.25000e-01
 1.25000e-01
 1.25000e-01
 1.25000e-01
 1.25000e-01
 1.25000e-01
 1.25000e-01
 1.25000e-01
 1.25000e-01
 1.25000e-01
 1.25000e-01
 1.25000e-01
 1.25000e-01
 1.25000e-01
 1.25000e-01
 1.25000e-01
 1.25000e-01
 1.25000e-01
 1.25000e-01
 1.25000e-01
 1.25000e-01
 1.25000e-01
 1.25000e-01
 1.25000e-01
 1.25000e-01
 1.25000e-01
 1.25000e-01
 1.25000e-01
 1.25000e-01
 1.25000e-01
 1.25000e-01
 1.25000e-01
 1.25000e-01
 1.25000e-01
 1.25000e-01
 1.25000e-01
 1.25000e-01
 1.25000e-01
 1.25000e-01
 1.25000e-01
 1.25000e-01
 1.25000e-01
 1.25000e-01
 1.25000e-01
 1.25000e-01
 1.25000e-01
 1.25000e-01
 1.25000e-01
 1.25000e-01
 1.25000e-01
 1.25000e-01
 1.25000e-01
 1.25000e-01
 1.25000e-01
 1.25000e-01
 1.25000e-01
 1.25000e-01
 1.25000e-01
 1.25000e-01
 1.25000e-01
 1.25000e-01
 1.25000e-01
 1.25000e-01
 1.25000e-01
 1.25000e-01
 1.25000e-01
 1.25000e-01
 1.25000e-01
 1.25000e-01
 1.25000e-01
 1.25000e-01
 1.25000e-01
 1.25000e-01
 1.25000e-01
 1.25000e-01
 1.25000e-01
 1.25000e-01
 1.25000e-01
 1.25000e-01
 1.25000e-01
 1.25000e-01
 1.25000e-01
 1.25000e-01
 1.25000e-01
 1.25000e-01
 1.25000e-01
 1.25000e-01
 1.25000e-01
 1.25000e-01
 1.25000e-01
 1.25000e-01
 1.25000e-01
 1.25000e-01
 1.25000e-01
 1.25000e-01
 1.25000e-01
 1.25000e-01
 1.25000e-01
 1.25000e-01
 1.25000e-01
 1.25000e-01
 1.25000e-01
 1.25000e-01
 1.25000e-01
 1.25000e-01
 1.25000e-01
 1.25000e-01
 1.25000e-01
 1.25000e-01
 1.25000e-01
 1.25000e-01
 1.25000e-01
 1.25000e-01
 1.25000e-01
 1.25000e-01
 1.25000e-01
 1.25000e-01
 1.25000e-01
 1.00000e+00
 1.00000e+00
 1.00000e+00
 1.00000e+00
 1.00000e+00
 1.00000e+00
 1.00000e+00
 1.00000e+00
 1.00000e+00
 1.00000e+00
 1.00000e+00
 1.00000e+00
 1.00000e+00
 1.00000e+00
 1.00000e+00
 1.00000e+00
 1.00000e+00
 1.00000e+00
 1.00000e+00
 1.00000e+00
 1.00000e+00
 1.00000e+00
 1.00000e+00
 1.00000e+00
 1.00000e+00
 1.00000e+00
 1.00000e+00
 1.00000e+00
 1.00000e+00
 1.00000e+00
 1.00000e+00
 1.00000e+00
 1.00000e+00
 1.00000e+00
 1.00000e+00
 1.00000e+00
 1.00000e+00
 1.00000e+00
 1.00000e+00
 1.00000e+00
 1.00000e+00
 1.00000e+00
 1.00000e+00
 1.00000e+00
 1.00000e+00
 1.00000e+00
 1.00000e+00
 1.00000e+00
 1.00000e+00
 1.00000e+00
 1.00000e+00
 1.00000e+00
 1.00000e+00
 1.00000e+00
 1.00000e+00
 1.00000e+00
 1.00000e+00
 1.00000e+00
 1.00000e+00
 1.00000e+00
 1.00000e+00
 1.00000e+00
 1.00000e+00
 1.00000e+00
 1.00000e+00
 1.00000e+00
 1.00000e+00
 1.00000e+00
 1.00000e+00
 1.00000e+00
 1.00000e+00
 1.00000e+00
 1.00000e+00
 1.00000e+00
 1.00000e+00
 1.00000e+00
 1.00000e+00
 1.00000e+00
 1.00000e+00
 1.00000e+00
 1.00000e+00
 1.00000e+00
 1.00000e+00
 1.00000e+00
 1.00000e+00
 1.00000e+00
 1.00000e+00
 1.00000e+00
 1.00000e+00
 1.00000e+00
 1.00000e+00
 1.00000e+00
 1.00000e+00
 1.00000e+00
 1.00000e+00
 1.00000e+00
 1.00000e+00
 1.00000e+00
 1.00000e+00
 1.00000e+00
 1.00000e+00
 1.00000e+00
 1.00000e+00
 1.00000e+00
 1.00000e+00
 1.00000e+00
 1.00000e+00
 1.00000e+00
 1.00000e+00
 1.00000e+00
 1.00000e+00
 1.00000e+00
 1.00000e+00
 1.00000e+00
 1.00000e+00
 1.00000e+00
 1.00000e+00
 1.00000e+00
 1.00000e+00
 1.00000e+00
 1.00000e+00
 1.00000e+00
 1.00000e+00
 1.00000e+00
 1.00000e+00
 1.00000e+00
 1.00000e+00
 1.00000e+00
 1.00000e+00
 1.00000e+00
 1.00000e+00
 1.00000e+00
 1.00000e+00
 1.00000e+00
 1.00000e+00
 1.00000e+00
 1.00000e+00
 1.00000e+00
 1.00000e+00
 1.00000e+00
 1.00000e+00
 1.00000e+00
 1.00000e+00
 1.00000e+00
 1.00000e+00
 1.00000e+00
 1.00000e+00
 1.00000e+00
 1.00000e+00
 1.00000e+00
 1.00000e+00
 1.00000e+00
 1.00000e+00
 1.00000e+00
 1.00000e+00
 1.00000e+00
 1.00000e+00
 1.00000e+00
 1.00000e+00
 1.00000e+00
 1.00000e+00
 1.00000e+00
 1.00000e+00
 1.00000e+00
 1.00000e+00
 1.00000e+00
 1.00000e+00
 1.00000e+00
 1.00000e+00
 1.00000e+00
 1.00000e+00
 1.00000e+00
 1.00000e+00
 1.00000e+00
 1.00000e+00
 1.00000e+00
 1.00000e+00
 1.00000e+00
 1.00000e+00
 1.00000e+00
 9.99995e-01
 9.99995e-01
 9.99995e-01
 9.99995e-01
 9.99995e-01
 9.99953e-01
 9.99953e-01
 9.99953e-01
 9.99953e-01
 9.99953e-01
 9.99624e-01
 9.99624e-01
 9.99624e-01
 9.99624e-01
 9.99624e-01
 9.97607e-01
 9.97607e-01
 9.97607e-01
 9.97607e-01
 9.97607e-01
 9.88253e-01
 9.88253e-01
 9.88253e-01
 9.88253e-01
 9.88253e-01
 9.57637e-01
 9.57637e-01
 9.57637e-01
 9.57637e-01
 9.57637e-01
 8.91308e-01
 8.91308e-01
 8.91308e-01
 8.91308e-01
 8.91308e-01
 7.95372e-01
 7.95372e-01
 7.95372e-01
 7.95372e-01
 7.95372e-01
 6.88282e-01
 6.88282e-01
 6.88282e-01
 6.88282e-01
 6.88282e-01
 5.84169e-01
 5.84169e-01
 5.84169e-01
 5.84169e-01
 5.84169e-01
 5.22270e-01
 5.22270e-01
 5.22269e-01
 5.22268e-01
 5.22268e-01
 5.25879e-01
 5.25878e-01
 5.25877e-01
 5.25877e-01
 5.25876e-01
 5.18561e-01
 5.18561e-01
 5.18560e-01
 5.18560e-01
 5.18560e-01
 5.07315e-01
 5.07317e-01
 5.07320e-01
 5.07320e-01
 5.07320e-01
 5.05529e-01
 5.05533e-01
 5.05535e-01
 5.05536e-01
 5.05534e-01
 5.04510e-01
 5.04515e-01
 5.04518e-01
 5.04519e-01
 5.04519e-01
 5.03017e-01
 5.03017e-01
 5.03025e-01
 5.03028e-01
 5.03027e-01
 4.95590e-01
 4.95593e-01
 4.95602e-01
 4.95605e-01
 4.95605e-01
 4.72007e-01
 4.72014e-01
 4.72021e-01
 4.72024e-01
 4.72025e-01
 4.20405e-01
 4.20410e-01
 4.20417e-01
 4.20420e-01
 4.20421e-01
 3.55134e-01
 3.55134e-01
 3.55141e-01
 3.55143e-01
 3.55143e-01
 3.13981e-01
 3.13981e-01
 3.13984e-01
 3.13985e-01
 3.13985e-01
 2.76652e-01
 2.76653e-01
 2.76653e-01
 2.76653e-01
 2.76653e-01
 2.47050e-01
 2.47050e-01
 2.47050e-01
 2.47050e-01
 2.47049e-01
 2.08141e-01
 2.08141e-01
 2.08140e-01
 2.08139e-01
 2.08139e-01
 1.72978e-01
 1.72978e-01
 1.72977e-01
 1.72977e-01
 1.72976e-01
 1.51176e-01
 1.51176e-01
 1.51176e-01
 1.51176e-01
 1.51175e-01
 1.38294e-01
 1.38294e-01
 1.38294e-01
 1.38294e-01
 1.38294e-01
 1.30670e-01
 1.30670e-01
 1.30670e-01
 1.30670e-01
 1.30669e-01
 1.26935e-01
 1.26935e-01
 1.26935e-01
 1.26935e-01
 1.26935e-01
 1.25586e-01
 1.25586e-01
 1.25586e-01
 1.25586e-01
 1.25586e-01
 1.25164e-01
 1.25164e-01
 1.25164e-01
 1.25164e-01
 1.25164e-01
 1.25043e-01
 1.25043e-01
 1.25043e-01
 1.25043e-01
 1.25043e-01
 1.25011e-01
 1.25011e-01
 1.25011e-01
 1.25011e-01
 1.25011e-01
 1.25003e-01
 1.25003e-01
 1.25003e-01
 1.25003e-01
 1.25003e-01
 1.25001e-01
 1.25001e-01
 1.25001e-01
 1.25001e-01
 1.25001e-01
 1.25000e-01
 1.25000e-01
 1.25000e-01
 1.25000e-01
 1.25000e-01
 1.25000e-01
 1.25000e-01
 1.25000e-01
 1.25000e-01
 1.25000e-01
 1.25000e-01
 1.25000e-01
 1.25000e-01
 1.25000e-01
 1.25000e-01
 1.25000e-01
 1.25000e-01
 1.25000e-01
 1.25000e-01
 1.25000e-01
 1.25000e-01
 1.25000e-01
 1.25000e-01
 1.25000e-01
 1.25000e-01
 1.25000e-01
 1.25000e-01
 1.25000e-01
 1.25000e-01
 1.25000e-01
 1.25000e-01
 1.25000e-01
 1.25000e-01
 1.25000e-01
 1.25000e-01
 1.25000e-01
 1.25000e-01
 1.25000e-01
 1.25000e-01
 1.25000e-01
 1.25000e-01
 1.25000e-01
 1.25000e-01
 1.25000e-01
 1.25000e-01
 1.25000e-01
 1.25000e-01
 1.25000e-01
 1.25000e-01
 1.25000e-01
 1.25000e-01
 1.25000e-01
 1.25000e-01
 1.25000e-01
 1.25000e-01
 1.25000e-01
 1.25000e-01
 1.25000e-01
 1.25000e-01
 1.25000e-01
 1.25000e-01
 1.25000e-01
 1.25000e-01
 1.25000e-01
 1.25000e-01
 1.25000e-01
 1.25000e-01
 1.25000e-01
 1.25000e-01
 1.25000e-01
 1.25000e-01
 1.25000e-01
 1.25000e-01
 1.25000e-01
 1.25000e-01
 1.25000e-01
 1.25000e-01
 1.25000e-01
 1.25000e-01
 1.25000e-01
 1.25000e-01
 1.25000e-01
 1.25000e-01
 1.25000e-01
 1.25000e-01
 1.25000e-01
 1.25000e-01
 1.25000e-01
 1.25000e-01
 1.25000e-01
 1.25000e-01
 1.25000e-01
 1.25000e-01
 1.25000e-01
 1.25000e-01
 1.25000e-01
 1.25000e-01
 1.25000e-01
 1.25000e-01
 1.25000e-01
 1.25000e-01
 1.25000e-01
 1.25000e-01
 1.25000e-01
 1.25000e-01
 1.25000e-01
 1.25000e-01
 1.25000e-01
 1.25000e-01
 1.25000e-01
 1.25000e-01
 1.25000e-01
 1.25000e-01
 1.25000e-01
 1.25000e-01
 1.25000e-01
 1.25000e-01
 1.25000e-01
 1.25000e-01
 1.25000e-01
 1.25000e-01
 1.25000e-01
 1.25000e-01
 1.25000e-01
 1.25000e-01
 1.25000e-01
 1.25000e-01
 1.25000e-01
 1.25000e-01
 1.25000e-01
 1.25000e-01
 1.25000e-01
 1.25000e-01
 1.25000e-01
 1.25000e-01
 1.25000e-01
 1.25000e-01
 1.25000e-01
 1.25000e-01
 1.25000e-01
 1.00000e+00
 1.00000e+00
 1.00000e+00
 1.00000e+00
 1.00000e+00
 1.00000e+00
 1.00000e+00
 1.00000e+00
 1.00000e+00
 1.00000e+00
 1.00000e+00
 1.00000e+00
 1.00000e+00
 1.00000e+00
 1.00000e+00
 1.00000e+00
 1.00000e+00
 1.00000e+00
 1.00000e+00
 1.00000e+00
 1.00000e+00
 1.00000e+00
 1.00000e+00
 1.00000e+00
 1.00000e+00
 1.00000e+00
 1.00000e+00
 1.00000e+00
 1.00000e+00
 1.00000e+00
 1.00000e+00
 1.00000e+00
 1.00000e+00
 1.00000e+00
 1.00000e+00
 1.00000e+00
 1.00000e+00
 1.00000e+00
 1.00000e+00
 1.00000e+00
 1.00000e+00
 1.00000e+00
 1.00000e+00
 1.00000e+00
 1.00000e+00
 1.00000e+00
 1.00000e+00
 1.00000e+00
 1.00000e+00
 1.00000e+00
 1.00000e+00
 1.00000e+00
 1.00000e+00
 1.00000e+00
 1.00000e+00
 1.00000e+00
 1.00000e+00
 1.00000e+00
 1.00000e+00
 1.00000e+00
 1.00000e+00
 1.00000e+00
 1.00000e+00
 1.00000e+00
 1.00000e+00
 1.00000e+00
 1.00000e+00
 1.00000e+00
 1.00000e+00
 1.00000e+00
 1.00000e+00
 1.00000e+00
 1.00000e+00
 1.00000e+00
 1.00000e+00
 1.00000e+00
 1.00000e+00
 1.00000e+00
 1.00000e+00
 1.00000e+00
 1.00000e+00
 1.00000e+00
 1.00000e+00
 1.00000e+00
 1.00000e+00
 1.00000e+00
 1.00000e+00
 1.00000e+00
 1.00000e+00
 1.00000e+00
 1.00000e+00
 1.00000e+00
 1.00000e+00
 1.00000e+00
 1.00000e+00
 1.00000e+00
 1.00000e+00
 1.00000e+00
 1.00000e+00
 1.00000e+00
 1.00000e+00
 1.00000e+00
 1.00000e+00
 1.00000e+00
 1.00000e+00
 1.00000e+00
 1.00000e+00
 1.00000e+00
 1.00000e+00
 1.00000e+00
 1.00000e+00
 1.00000e+00
 1.00000e+00
 1.00000e+00
 1.00000e+00
 1.00000e+00
 1.00000e+00
 1.00000e+00
 1.00000e+00
 1.00000e+00
 1.00000e+00
 1.00000e+00
 1.00000e+00
 1.00000e+00
 1.00000e+00
 1.00000e+00
 1.00000e+00
 1.00000e+00
 1.00000e+00
 1.00000e+00
 1.00000e+00
 1.00000e+00
 1.00000e+00
 1.00000e+00
 1.00000e+00
 1.00000e+00
 1.00000e+00
 1.00000e+00
 1.00000e+00
 1.00000e+00
 1.00000e+00
 1.00000e+00
 1.00000e+00
 1.00000e+00
 1.00000e+00
 1.00000e+00
 1.00000e+00
 1.00000e+00
 1.00000e+00
 1.00000e+00
 1.00000e+00
 1.00000e+00
 1.00000e+00
 1.00000e+00
 1.00000e+00
 1.00000e+00
 1.00000e+00
 1.00000e+00
 1.00000e+00
 1.00000e+00
 1.00000e+00
 1.00000e+00
 1.00000e+00
 1.00000e+00
 1.00000e+00
 1.00000e+00
 1.00000e+00
 1.00000e+00
 1.00000e+00
 1.00000e+00
 1.00000e+00
 1.00000e+00
 1.00000e+00
 1.00000e+00
 1.00000e+00
 1.00000e+00
 1.00000e+00
 1.00000e+00
 1.00000e+00
 1.00000e+00
 9.99995e-01
 9.99995e-01
 9.99995e-01
 9.99995e-01
 9.99995e-01
 9.99953e-01
 9.99953e-01
 9.99953e-01
 9.99953e-01
 9.99953e-01
 9.99624e-01
 9.99624e-01
 9.99624e-01
 9.99624e-01
 9.99624e-01
 9.97607e-01
 9.97607e-01
 9.97607e-01
 9.97607e-01
 9.97607e-01
 9.88253e-01
 9.88253e-01
 9.88253e-01
 9.88253e-01
 9.88253e-01
 9.57638e-01
 9.57638e-01
 9.57638e-01
 9.57638e-01
 9.57638e-01
 8.91310e-01
 8.91310e-01
 8.91310e-01
 8.91310e-01
 8.91310e-01
 7.95376e-01
 7.95376e-01
 7.95376e-01
 7.95376e-01
 7.95376e-01
 6.88290e-01
 6.88290e-01
 6.88290e-01
 6.88290e-01
 6.88290e-01
 5.84187e-01
 5.84187e-01
 5.84187e-01
 5.84187e-01
 5.84187e-01
 5.22263e-01
 5.22263e-01
 5.22261e-01
 5.22261e-01
 5.22260e-01
 5.25847e-01
 5.25846e-01
 5.25845e-01
 5.25844e-01
 5.25844e-01
 5.18486e-01
 5.18487e-01
 5.18487e-01
 5.18486e-01
 5.18486e-01
 5.07143e-01
 5.07146e-01
 5.07150e-01
 5.07151e-01
 5.07151e-01
 5.05426e-01
 5.05435e-01
 5.05441e-01
 5.05443e-01
 5.05440e-01
 5.04622e-01
 5.04628e-01
 5.04637e-01
 5.04637e-01
 5.04636e-01
 5.03232e-01
 5.03241e-01
 5.03244e-01
 5.03252e-01
 5.03251e-01
 4.95791e-01
 4.95787e-01
 4.95803e-01
 4.95811e-01
 4.95810e-01
 4.72067e-01
 4.72066e-01
 4.72087e-01
 4.72094e-01
 4.72094e-01
 4.20219e-01
 4.20248e-01
 4.20276e-01
 4.20282e-01
 4.20282e-01
 3.54847e-01
 3.54913e-01
 3.54949e-01
 3.54953e-01
 3.54953e-01
 3.14007e-01
 3.14051e-01
 3.14071e-01
 3.14072e-01
 3.14072e-01
 2.76825e-01
 2.76846e-01
 2.76854e-01
 2.76855e-01
 2.76854e-01
 2.47248e-01
 2.47252e-01
 2.47253e-01
 2.47253e-01
 2.47252e-01
 2.08261e-01
 2.08256e-01
 2.08253e-01
 2.08252e-01
 2.08251e-01
 1.73015e-01
 1.73013e-01
 1.73012e-01
 1.73011e-01
 1.73011e-01
 1.51182e-01
 1.51182e-01
 1.51181e-01
 1.51181e-01
 1.51181e-01
 1.38290e-01
 1.38290e-01
 1.38290e-01
 1.38290e-01
 1.38290e-01
 1.30667e-01
 1.30667e-01
 1.30667e-01
 1.30667e-01
 1.30667e-01
 1.26934e-01
 1.26934e-01
 1.26934e-01
 1.26934e-01
 1.26934e-01
 1.25586e-01
 1.25586e-01
 1.25586e-01
 1.25586e-01
 1.25586e-01
 1.25164e-01
 1.25164e-01
 1.25164e-01
 1.25164e-01
 1.25164e-01
 1.25043e-01
 1.25043e-01
 1.25043e-01
 1.25043e-01
 1.25043e-01
 1.25011e-01
 1.25011e-01
 1.25011e-01
 1.25011e-01
 1.25011e-01
 1.25003e-01
 1.25003e-01
 1.25003e-01
 1.25003e-01
 1.25003e-01
 1.25001e-01
 1.25001e-01
 1.25001e-01
 1.25001e-01
 1.25001e-01
 1.25000e-01
 1.25000e-01
 1.25000e-01
 1.25000e-01
 1.25000e-01
 1.25000e-01
 1.25000e-01
 1.25000e-01
 1.25000e-01
 1.25000e-01
 1.25000e-01
 1.25000e-01
 1.25000e-01
 1.25000e-01
 1.25000e-01
 1.25000e-01
 1.25000e-01
 1.25000e-01
 1.25000e-01
 1.25000e-01
 1.25000e-01
 1.25000e-01
 1.25000e-01
 1.25000e-01
 1.25000e-01
 1.25000e-01
 1.25000e-01
 1.25000e-01
 1.25000e-01
 1.25000e-01
 1.25000e-01
 1.25000e-01
 1.25000e-01
 1.25000e-01
 1.25000e-01
 1.25000e-01
 1.25000e-01
 1.25000e-01
 1.25000e-01
 1.25000e-01
 1.25000e-01
 1.25000e-01
 1.25000e-01
 1.25000e-01
 1.25000e-01
 1.25000e-01
 1.25000e-01
 1.25000e-01
 1.25000e-01
 1.25000e-01
 1.25000e-01
 1.25000e-01
 1.25000e-01
 1.25000e-01
 1.25000e-01
 1.25000e-01
 1.25000e-01
 1.25000e-01
 1.25000e-01
 1.25000e-01
 1.25000e-01
 1.25000e-01
 1.25000e-01
 1.25000e-01
 1.25000e-01
 1.25000e-01
 1.25000e-01
 1.25000e-01
 1.25000e-01
 1.25000e-01
 1.25000e-01
 1.25000e-01
 1.25000e-01
 1.25000e-01
 1.25000e-01
 1.25000e-01
 1.25000e-01
 1.25000e-01
 1.25000e-01
 1.25000e-01
 1.25000e-01
 1.25000e-01
 1.25000e-01
 1.25000e-01
 1.25000e-01
 1.25000e-01
 1.25000e-01
 1.25000e-01
 1.25000e-01
 1.25000e-01
 1.25000e-01
 1.25000e-01
 1.25000e-01
 1.25000e-01
 1.25000e-01
 1.25000e-01
 1.25000e-01
 1.25000e-01
 1.25000e-01
 1.25000e-01
 1.25000e-01
 1.25000e-01
 1.25000e-01
 1.25000e-01
 1.25000e-01
 1.25000e-01
 1.25000e-01
 1.25000e-01
 1.25000e-01
 1.25000e-01
 1.25000e-01
 1.25000e-01
 1.25000e-01
 1.25000e-01
 1.25000e-01
 1.25000e-01
 1.25000e-01
 1.25000e-01
 1.25000e-01
 1.25000e-01
 1.25000e-01
 1.25000e-01
 1.25000e-01
 1.25000e-01
 1.25000e-01
 1.25000e-01
 1.25000e-01
 1.25000e-01
 1.25000e-01
 1.25000e-01
 1.25000e-01
 1.25000e-01
 1.25000e-01
 1.25000e-01
 1.25000e-01
 1.25000e-01
 1.25000e-01
 1.25000e-01
 1.25000e-01
 1.25000e-01
