Density
part
         1
hexa8
 1.00000e+00
 1.00000e+00
 1.00000e+00
 1.00000e+00
 1.00000e+00
 1.00000e+00
 1.00000e+00
 1.00000e+00
 1.00000e+00
 1.00000e+00
 1.00000e+00
 1.00000e+00
 1.00000e+00
 1.00000e+00
 1.00000e+00
 1.00000e+00
 1.00000e+00
 1.00000e+00
 1.00000e+00
 1.00000e+00
 1.00000e+00
 1.00000e+00
 1.00000e+00
 1.00000e+00
 1.00000e+00
 1.00000e+00
 1.00000e+00
 1.00000e+00
 1.00000e+00
 1.00000e+00
 1.00000e+00
 1.00000e+00
 1.00000e+00
 1.00000e+00
 1.00000e+00
 1.00000e+00
 1.00000e+00
 1.00000e+00
 1.00000e+00
 1.00000e+00
 1.00000e+00
 1.00000e+00
 1.00000e+00
 1.00000e+00
 1.00000e+00
 1.00000e+00
 1.00000e+00
 1.00000e+00
 1.00000e+00
 1.00000e+00
 1.00000e+00
 1.00000e+00
 1.00000e+00
 1.00000e+00
 1.00000e+00
 1.00000e+00
 1.00000e+00
 1.00000e+00
 1.00000e+00
 1.00000e+00
 1.00000e+00
 1.00000e+00
 1.00000e+00
 1.00000e+00
 1.00000e+00
 1.00000e+00
 1.00000e+00
 1.00000e+00
 1.00000e+00
 1.00000e+00
 1.00000e+00
 1.00000e+00
 1.00000e+00
 1.00000e+00
 1.00000e+00
 1.00000e+00
 1.00000e+00
 1.00000e+00
 1.00000e+00
 1.00000e+00
 1.00000e+00
 1.00000e+00
 1.00000e+00
 1.00000e+00
 1.00000e+00
 9.99999e-01
 9.99999e-01
 9.99999e-01
 9.99999e-01
 9.99999e-01
 9.99997e-01
 9.99997e-01
 9.99997e-01
 9.99997e-01
 9.99997e-01
 9.99980e-01
 9.99980e-01
 9.99980e-01
 9.99980e-01
 9.99980e-01
 9.99897e-01
 9.99897e-01
 9.99897e-01
 9.99896e-01
 9.99897e-01
 9.99509e-01
 9.99509e-01
 9.99508e-01
 9.99509e-01
 9.99509e-01
 9.97904e-01
 9.97898e-01
 9.97894e-01
 9.97895e-01
 9.97901e-01
 9.92069e-01
 9.91999e-01
 9.91962e-01
 9.91985e-01
 9.92047e-01
 9.74384e-01
 9.73868e-01
 9.73620e-01
 9.73792e-01
 9.74270e-01
 1.00000e+00
 1.00000e+00
 1.00000e+00
 1.00000e+00
 1.00000e+00
 1.00000e+00
 1.00000e+00
 1.00000e+00
 1.00000e+00
 1.00000e+00
 1.00000e+00
 1.00000e+00
 1.00000e+00
 1.00000e+00
 1.00000e+00
 1.00000e+00
 1.00000e+00
 1.00000e+00
 1.00000e+00
 1.00000e+00
 1.00000e+00
 1.00000e+00
 1.00000e+00
 1.00000e+00
 1.00000e+00
 1.00000e+00
 1.00000e+00
 1.00000e+00
 1.00000e+00
 1.00000e+00
 1.00000e+00
 1.00000e+00
 1.00000e+00
 1.00000e+00
 1.00000e+00
 1.00000e+00
 1.00000e+00
 1.00000e+00
 1.00000e+00
 1.00000e+00
 1.00000e+00
 1.00000e+00
 1.00000e+00
 1.00000e+00
 1.00000e+00
 1.00000e+00
 1.00000e+00
 1.00000e+00
 1.00000e+00
 1.00000e+00
 1.00000e+00
 1.00000e+00
 1.00000e+00
 1.00000e+00
 1.00000e+00
 1.00000e+00
 1.00000e+00
 1.00000e+00
 1.00000e+00
 1.00000e+00
 1.00000e+00
 1.00000e+00
 1.00000e+00
 1.00000e+00
 1.00000e+00
 1.00000e+00
 1.00000e+00
 1.00000e+00
 1.00000e+00
 1.00000e+00
 1.00000e+00
 1.00000e+00
 1.00000e+00
 1.00000e+00
 1.00000e+00
 1.00000e+00
 1.00000e+00
 1.00000e+00
 1.00000e+00
 1.00000e+00
 1.00000e+00
 1.00000e+00
 1.00000e+00
 1.00000e+00
 1.00000e+00
 9.99999e-01
 9.99999e-01
 9.99999e-01
 9.99999e-01
 9.99999e-01
 9.99997e-01
 9.99997e-01
 9.99997e-01
 9.99997e-01
 9.99997e-01
 9.99980e-01
 9.99980e-01
 9.99980e-01
 9.99980e-01
 9.99980e-01
 9.99897e-01
 9.99896e-01
 9.99896e-01
 9.99896e-01
 9.99896e-01
 9.99509e-01
 9.99508e-01
 9.99508e-01
 9.99508e-01
 9.99508e-01
 9.97897e-01
 9.97889e-01
 9.97885e-01
 9.97887e-01
 9.97894e-01
 9.91996e-01
 9.91914e-01
 9.91874e-01
 9.91900e-01
 9.91974e-01
 9.73852e-01
 9.73218e-01
 9.72938e-01
 9.73136e-01
 9.73730e-01
 1.00000e+00
 1.00000e+00
 1.00000e+00
 1.00000e+00
 1.00000e+00
 1.00000e+00
 1.00000e+00
 1.00000e+00
 1.00000e+00
 1.00000e+00
 1.00000e+00
 1.00000e+00
 1.00000e+00
 1.00000e+00
 1.00000e+00
 1.00000e+00
 1.00000e+00
 1.00000e+00
 1.00000e+00
 1.00000e+00
 1.00000e+00
 1.00000e+00
 1.00000e+00
 1.00000e+00
 1.00000e+00
 1.00000e+00
 1.00000e+00
 1.00000e+00
 1.00000e+00
 1.00000e+00
 1.00000e+00
 1.00000e+00
 1.00000e+00
 1.00000e+00
 1.00000e+00
 1.00000e+00
 1.00000e+00
 1.00000e+00
 1.00000e+00
 1.00000e+00
 1.00000e+00
 1.00000e+00
 1.00000e+00
 1.00000e+00
 1.00000e+00
 1.00000e+00
 1.00000e+00
 1.00000e+00
 1.00000e+00
 1.00000e+00
 1.00000e+00
 1.00000e+00
 1.00000e+00
 1.00000e+00
 1.00000e+00
 1.00000e+00
 1.00000e+00
 1.00000e+00
 1.00000e+00
 1.00000e+00
 1.00000e+00
 1.00000e+00
 1.00000e+00
 1.00000e+00
 1.00000e+00
 1.00000e+00
 1.00000e+00
 1.00000e+00
 1.00000e+00
 1.00000e+00
 1.00000e+00
 1.00000e+00
 1.00000e+00
 1.00000e+00
 1.00000e+00
 1.00000e+00
 1.00000e+00
 1.00000e+00
 1.00000e+00
 1.00000e+00
 1.00000e+00
 1.00000e+00
 1.00000e+00
 1.00000e+00
 1.00000e+00
 9.99999e-01
 9.99999e-01
 9.99999e-01
 9.99999e-01
 9.99999e-01
 9.99997e-01
 9.99997e-01
 9.99997e-01
 9.99997e-01
 9.99997e-01
 9.99980e-01
 9.99980e-01
 9.99980e-01
 9.99980e-01
 9.99980e-01
 9.99896e-01
 9.99896e-01
 9.99896e-01
 9.99896e-01
 9.99896e-01
 9.99508e-01
 9.99508e-01
 9.99507e-01
 9.99507e-01
 9.99508e-01
 9.97892e-01
 9.97884e-01
 9.97880e-01
 9.97882e-01
 9.97889e-01
 9.91954e-01
 9.91869e-01
 9.91827e-01
 9.91855e-01
 9.91932e-01
 9.73579e-01
 9.72910e-01
 9.72609e-01
 9.72825e-01
 9.73452e-01
 1.00000e+00
 1.00000e+00
 1.00000e+00
 1.00000e+00
 1.00000e+00
 1.00000e+00
 1.00000e+00
 1.00000e+00
 1.00000e+00
 1.00000e+00
 1.00000e+00
 1.00000e+00
 1.00000e+00
 1.00000e+00
 1.00000e+00
 1.00000e+00
 1.00000e+00
 1.00000e+00
 1.00000e+00
 1.00000e+00
 1.00000e+00
 1.00000e+00
 1.00000e+00
 1.00000e+00
 1.00000e+00
 1.00000e+00
 1.00000e+00
 1.00000e+00
 1.00000e+00
 1.00000e+00
 1.00000e+00
 1.00000e+00
 1.00000e+00
 1.00000e+00
 1.00000e+00
 1.00000e+00
 1.00000e+00
 1.00000e+00
 1.00000e+00
 1.00000e+00
 1.00000e+00
 1.00000e+00
 1.00000e+00
 1.00000e+00
 1.00000e+00
 1.00000e+00
 1.00000e+00
 1.00000e+00
 1.00000e+00
 1.00000e+00
 1.00000e+00
 1.00000e+00
 1.00000e+00
 1.00000e+00
 1.00000e+00
 1.00000e+00
 1.00000e+00
 1.00000e+00
 1.00000e+00
 1.00000e+00
 1.00000e+00
 1.00000e+00
 1.00000e+00
 1.00000e+00
 1.00000e+00
 1.00000e+00
 1.00000e+00
 1.00000e+00
 1.00000e+00
 1.00000e+00
 1.00000e+00
 1.00000e+00
 1.00000e+00
 1.00000e+00
 1.00000e+00
 1.00000e+00
 1.00000e+00
 1.00000e+00
 1.00000e+00
 1.00000e+00
 1.00000e+00
 1.00000e+00
 1.00000e+00
 1.00000e+00
 1.00000e+00
 9.99999e-01
 9.99999e-01
 9.99999e-01
 9.99999e-01
 9.99999e-01
 9.99997e-01
 9.99997e-01
 9.99997e-01
 9.99997e-01
 9.99997e-01
 9.99980e-01
 9.99980e-01
 9.99980e-01
 9.99980e-01
 9.99980e-01
 9.99896e-01
 9.99896e-01
 9.99896e-01
 9.99896e-01
 9.99896e-01
 9.99508e-01
 9.99508e-01
 9.99507e-01
 9.99507e-01
 9.99508e-01
 9.97893e-01
 9.97886e-01
 9.97882e-01
 9.97884e-01
 9.97890e-01
 9.91973e-01
 9.91891e-01
 9.91850e-01
 9.91876e-01
 9.91951e-01
 9.73730e-01
 9.73082e-01
 9.72796e-01
 9.72998e-01
 9.73605e-01
 1.00000e+00
 1.00000e+00
 1.00000e+00
 1.00000e+00
 1.00000e+00
 1.00000e+00
 1.00000e+00
 1.00000e+00
 1.00000e+00
 1.00000e+00
 1.00000e+00
 1.00000e+00
 1.00000e+00
 1.00000e+00
 1.00000e+00
 1.00000e+00
 1.00000e+00
 1.00000e+00
 1.00000e+00
 1.00000e+00
 1.00000e+00
 1.00000e+00
 1.00000e+00
 1.00000e+00
 1.00000e+00
 1.00000e+00
 1.00000e+00
 1.00000e+00
 1.00000e+00
 1.00000e+00
 1.00000e+00
 1.00000e+00
 1.00000e+00
 1.00000e+00
 1.00000e+00
 1.00000e+00
 1.00000e+00
 1.00000e+00
 1.00000e+00
 1.00000e+00
 1.00000e+00
 1.00000e+00
 1.00000e+00
 1.00000e+00
 1.00000e+00
 1.00000e+00
 1.00000e+00
 1.00000e+00
 1.00000e+00
 1.00000e+00
 1.00000e+00
 1.00000e+00
 1.00000e+00
 1.00000e+00
 1.00000e+00
 1.00000e+00
 1.00000e+00
 1.00000e+00
 1.00000e+00
 1.00000e+00
 1.00000e+00
 1.00000e+00
 1.00000e+00
 1.00000e+00
 1.00000e+00
 1.00000e+00
 1.00000e+00
 1.00000e+00
 1.00000e+00
 1.00000e+00
 1.00000e+00
 1.00000e+00
 1.00000e+00
 1.00000e+00
 1.00000e+00
 1.00000e+00
 1.00000e+00
 1.00000e+00
 1.00000e+00
 1.00000e+00
 1.00000e+00
 1.00000e+00
 1.00000e+00
 1.00000e+00
 1.00000e+00
 9.99999e-01
 9.99999e-01
 9.99999e-01
 9.99999e-01
 9.99999e-01
 9.99997e-01
 9.99997e-01
 9.99997e-01
 9.99997e-01
 9.99997e-01
 9.99980e-01
 9.99980e-01
 9.99980e-01
 9.99980e-01
 9.99980e-01
 9.99896e-01
 9.99896e-01
 9.99896e-01
 9.99896e-01
 9.99896e-01
 9.99509e-01
 9.99508e-01
 9.99508e-01
 9.99508e-01
 9.99508e-01
 9.97899e-01
 9.97892e-01
 9.97888e-01
 9.97890e-01
 9.97895e-01
 9.92033e-01
 9.91962e-01
 9.91924e-01
 9.91948e-01
 9.92011e-01
 9.74199e-01
 9.73666e-01
 9.73409e-01
 9.73588e-01
 9.74081e-01
part
         2
hexa8
 9.33836e-01
 9.31589e-01
 9.30600e-01
 9.31293e-01
 9.33415e-01
 8.69850e-01
 8.64846e-01
 8.62824e-01
 8.64189e-01
 8.68935e-01
 7.98202e-01
 7.91892e-01
 7.89422e-01
 7.91012e-01
 7.96938e-01
 7.33796e-01
 7.28875e-01
 7.26812e-01
 7.28077e-01
 7.32527e-01
 6.85559e-01
 6.83777e-01
 6.82653e-01
 6.83299e-01
 6.84630e-01
 6.52184e-01
 6.53252e-01
 6.53023e-01
 6.53119e-01
 6.51711e-01
 6.29783e-01
 6.32525e-01
 6.33027e-01
 6.32664e-01
 6.29741e-01
 6.15349e-01
 6.18514e-01
 6.19518e-01
 6.18816e-01
 6.15627e-01
 6.06413e-01
 6.09043e-01
 6.10281e-01
 6.09406e-01
 6.06855e-01
 6.00790e-01
 6.02529e-01
 6.03716e-01
 6.02870e-01
 6.01234e-01
 5.97342e-01
 5.97981e-01
 5.98974e-01
 5.98264e-01
 5.97710e-01
 5.94407e-01
 5.94588e-01
 5.95185e-01
 5.94794e-01
 5.94640e-01
 5.92578e-01
 5.92250e-01
 5.92661e-01
 5.92397e-01
 5.92709e-01
 5.90750e-01
 5.90097e-01
 5.90117e-01
 5.90174e-01
 5.90792e-01
 5.88952e-01
 5.88736e-01
 5.88619e-01
 5.88801e-01
 5.88965e-01
 5.87806e-01
 5.87405e-01
 5.87403e-01
 5.87470e-01
 5.87830e-01
 5.86797e-01
 5.86320e-01
 5.86082e-01
 5.86375e-01
 5.86812e-01
 5.85729e-01
 5.85562e-01
 5.85320e-01
 5.85626e-01
 5.85761e-01
 5.85177e-01
 5.84784e-01
 5.84733e-01
 5.84862e-01
 5.85237e-01
 5.84781e-01
 5.84208e-01
 5.84038e-01
 5.84289e-01
 5.84858e-01
 5.84302e-01
 5.83752e-01
 5.83346e-01
 5.83834e-01
 5.84399e-01
 5.83805e-01
 5.83262e-01
 5.82954e-01
 5.83347e-01
 5.83902e-01
 5.83532e-01
 5.82861e-01
 5.82606e-01
 5.82947e-01
 5.83626e-01
 5.83305e-01
 5.82520e-01
 5.82190e-01
 5.82607e-01
 5.83402e-01
 5.83056e-01
 5.82169e-01
 5.81651e-01
 5.82258e-01
 5.83157e-01
 9.31533e-01
 9.28661e-01
 9.27515e-01
 9.28322e-01
 9.31061e-01
 8.64740e-01
 8.58342e-01
 8.56063e-01
 8.57584e-01
 8.63699e-01
 7.91773e-01
 7.83735e-01
 7.81082e-01
 7.82734e-01
 7.90345e-01
 7.28791e-01
 7.22569e-01
 7.20525e-01
 7.21696e-01
 7.27397e-01
 6.83744e-01
 6.81114e-01
 6.80147e-01
 6.80618e-01
 6.82761e-01
 6.53256e-01
 6.53716e-01
 6.53660e-01
 6.53609e-01
 6.52793e-01
 6.32553e-01
 6.34803e-01
 6.35419e-01
 6.34994e-01
 6.32555e-01
 6.18556e-01
 6.21308e-01
 6.22319e-01
 6.21664e-01
 6.18867e-01
 6.09088e-01
 6.11490e-01
 6.12617e-01
 6.11896e-01
 6.09518e-01
 6.02570e-01
 6.04342e-01
 6.05337e-01
 6.04712e-01
 6.02961e-01
 5.98015e-01
 5.98986e-01
 5.99711e-01
 5.99274e-01
 5.98292e-01
 5.94616e-01
 5.95231e-01
 5.95646e-01
 5.95440e-01
 5.94767e-01
 5.92272e-01
 5.92089e-01
 5.92156e-01
 5.92209e-01
 5.92311e-01
 5.90112e-01
 5.90178e-01
 5.90031e-01
 5.90238e-01
 5.90075e-01
 5.88749e-01
 5.88420e-01
 5.88188e-01
 5.88480e-01
 5.88717e-01
 5.87420e-01
 5.86969e-01
 5.86714e-01
 5.87010e-01
 5.87396e-01
 5.86329e-01
 5.86059e-01
 5.85817e-01
 5.86109e-01
 5.86327e-01
 5.85574e-01
 5.85169e-01
 5.84918e-01
 5.85232e-01
 5.85596e-01
 5.84799e-01
 5.84120e-01
 5.83892e-01
 5.84194e-01
 5.84848e-01
 5.84225e-01
 5.83334e-01
 5.83068e-01
 5.83403e-01
 5.84266e-01
 5.83769e-01
 5.82742e-01
 5.82344e-01
 5.82808e-01
 5.83818e-01
 5.83281e-01
 5.82096e-01
 5.81588e-01
 5.82166e-01
 5.83346e-01
 5.82882e-01
 5.81319e-01
 5.80747e-01
 5.81382e-01
 5.82938e-01
 5.82540e-01
 5.80779e-01
 5.80079e-01
 5.80834e-01
 5.82606e-01
 5.82190e-01
 5.80322e-01
 5.79501e-01
 5.80374e-01
 5.82265e-01
 9.30454e-01
 9.27405e-01
 9.26154e-01
 9.27044e-01
 9.29954e-01
 8.62550e-01
 8.55850e-01
 8.53360e-01
 8.55044e-01
 8.61446e-01
 7.89122e-01
 7.80849e-01
 7.77914e-01
 7.79800e-01
 7.87613e-01
 7.26603e-01
 7.20363e-01
 7.18008e-01
 7.19469e-01
 7.25148e-01
 6.82564e-01
 6.80069e-01
 6.78757e-01
 6.79583e-01
 6.81552e-01
 6.53014e-01
 6.53634e-01
 6.53221e-01
 6.53557e-01
 6.52549e-01
 6.33068e-01
 6.35421e-01
 6.35712e-01
 6.35647e-01
 6.33084e-01
 6.19594e-01
 6.22345e-01
 6.23119e-01
 6.22730e-01
 6.19922e-01
 6.10370e-01
 6.12657e-01
 6.13630e-01
 6.13072e-01
 6.10806e-01
 6.03807e-01
 6.05388e-01
 6.06439e-01
 6.05766e-01
 6.04192e-01
 5.99059e-01
 5.99758e-01
 6.00540e-01
 6.00037e-01
 5.99315e-01
 5.95262e-01
 5.95696e-01
 5.96460e-01
 5.95890e-01
 5.95373e-01
 5.92728e-01
 5.92197e-01
 5.92464e-01
 5.92309e-01
 5.92745e-01
 5.90174e-01
 5.90067e-01
 5.90308e-01
 5.90110e-01
 5.90096e-01
 5.88663e-01
 5.88221e-01
 5.88238e-01
 5.88261e-01
 5.88588e-01
 5.87443e-01
 5.86740e-01
 5.86726e-01
 5.86775e-01
 5.87391e-01
 5.86116e-01
 5.85839e-01
 5.85781e-01
 5.85885e-01
 5.86091e-01
 5.85349e-01
 5.84936e-01
 5.84771e-01
 5.84997e-01
 5.85361e-01
 5.84759e-01
 5.83907e-01
 5.83629e-01
 5.83977e-01
 5.84787e-01
 5.84062e-01
 5.83082e-01
 5.82753e-01
 5.83148e-01
 5.84106e-01
 5.83368e-01
 5.82357e-01
 5.81936e-01
 5.82424e-01
 5.83405e-01
 5.82976e-01
 5.81602e-01
 5.81060e-01
 5.81674e-01
 5.83004e-01
 5.82631e-01
 5.80761e-01
 5.80151e-01
 5.80829e-01
 5.82654e-01
 5.82218e-01
 5.80094e-01
 5.79443e-01
 5.80148e-01
 5.82246e-01
 5.81683e-01
 5.79518e-01
 5.78770e-01
 5.79576e-01
 5.81714e-01
 9.31072e-01
 9.28112e-01
 9.26928e-01
 9.27761e-01
 9.30584e-01
 8.63773e-01
 8.57167e-01
 8.54810e-01
 8.56379e-01
 8.62695e-01
 7.90555e-01
 7.82272e-01
 7.79539e-01
 7.81238e-01
 7.89079e-01
 7.27758e-01
 7.21370e-01
 7.19286e-01
 7.20477e-01
 7.26331e-01
 6.83166e-01
 6.80468e-01
 6.79505e-01
 6.79976e-01
 6.82176e-01
 6.53109e-01
 6.53569e-01
 6.53544e-01
 6.53485e-01
 6.52660e-01
 6.32728e-01
 6.35017e-01
 6.35671e-01
 6.35238e-01
 6.32755e-01
 6.18924e-01
 6.21725e-01
 6.22769e-01
 6.22109e-01
 6.19259e-01
 6.09539e-01
 6.11986e-01
 6.13120e-01
 6.12412e-01
 6.09986e-01
 6.03008e-01
 6.04817e-01
 6.05824e-01
 6.05198e-01
 6.03405e-01
 5.98403e-01
 5.99383e-01
 6.00098e-01
 5.99677e-01
 5.98679e-01
 5.94924e-01
 5.95558e-01
 5.95954e-01
 5.95766e-01
 5.95068e-01
 5.92514e-01
 5.92306e-01
 5.92371e-01
 5.92428e-01
 5.92549e-01
 5.90276e-01
 5.90332e-01
 5.90167e-01
 5.90390e-01
 5.90231e-01
 5.88888e-01
 5.88567e-01
 5.88315e-01
 5.88624e-01
 5.88850e-01
 5.87551e-01
 5.87079e-01
 5.86824e-01
 5.87119e-01
 5.87523e-01
 5.86438e-01
 5.86166e-01
 5.85929e-01
 5.86215e-01
 5.86432e-01
 5.85680e-01
 5.85281e-01
 5.85037e-01
 5.85342e-01
 5.85700e-01
 5.84909e-01
 5.84239e-01
 5.84013e-01
 5.84311e-01
 5.84957e-01
 5.84336e-01
 5.83448e-01
 5.83185e-01
 5.83516e-01
 5.84375e-01
 5.83881e-01
 5.82856e-01
 5.82464e-01
 5.82920e-01
 5.83927e-01
 5.83392e-01
 5.82217e-01
 5.81718e-01
 5.82283e-01
 5.83456e-01
 5.82995e-01
 5.81433e-01
 5.80876e-01
 5.81495e-01
 5.83046e-01
 5.82661e-01
 5.80889e-01
 5.80199e-01
 5.80942e-01
 5.82722e-01
 5.82319e-01
 5.80436e-01
 5.79629e-01
 5.80490e-01
 5.82392e-01
 9.33178e-01
 9.30831e-01
 9.29795e-01
 9.30520e-01
 9.32737e-01
 8.68499e-01
 8.63258e-01
 8.61132e-01
 8.62564e-01
 8.67535e-01
 7.96451e-01
 7.89845e-01
 7.87248e-01
 7.88919e-01
 7.95128e-01
 7.32154e-01
 7.27026e-01
 7.24874e-01
 7.26202e-01
 7.30846e-01
 6.84442e-01
 6.82586e-01
 6.81421e-01
 6.82111e-01
 6.83508e-01
 6.51665e-01
 6.52763e-01
 6.52531e-01
 6.52654e-01
 6.51212e-01
 6.29798e-01
 6.32623e-01
 6.33145e-01
 6.32794e-01
 6.29788e-01
 6.15756e-01
 6.18998e-01
 6.20026e-01
 6.19324e-01
 6.16060e-01
 6.07029e-01
 6.09687e-01
 6.10937e-01
 6.10064e-01
 6.07482e-01
 6.01423e-01
 6.03141e-01
 6.04334e-01
 6.03488e-01
 6.01872e-01
 5.97906e-01
 5.98473e-01
 5.99458e-01
 5.98759e-01
 5.98270e-01
 5.94825e-01
 5.94939e-01
 5.95505e-01
 5.95141e-01
 5.95059e-01
 5.92874e-01
 5.92470e-01
 5.92874e-01
 5.92614e-01
 5.93007e-01
 5.90944e-01
 5.90216e-01
 5.90215e-01
 5.90288e-01
 5.90986e-01
 5.89093e-01
 5.88844e-01
 5.88688e-01
 5.88903e-01
 5.89107e-01
 5.87938e-01
 5.87514e-01
 5.87488e-01
 5.87574e-01
 5.87963e-01
 5.86907e-01
 5.86431e-01
 5.86182e-01
 5.86484e-01
 5.86921e-01
 5.85841e-01
 5.85690e-01
 5.85448e-01
 5.85751e-01
 5.85875e-01
 5.85307e-01
 5.84932e-01
 5.84877e-01
 5.85005e-01
 5.85370e-01
 5.84932e-01
 5.84353e-01
 5.84198e-01
 5.84430e-01
 5.85008e-01
 5.84476e-01
 5.83905e-01
 5.83500e-01
 5.83984e-01
 5.84568e-01
 5.83980e-01
 5.83431e-01
 5.83104e-01
 5.83514e-01
 5.84081e-01
 5.83709e-01
 5.83024e-01
 5.82760e-01
 5.83106e-01
 5.83809e-01
 5.83489e-01
 5.82698e-01
 5.82357e-01
 5.82782e-01
 5.83590e-01
 5.83248e-01
 5.82365e-01
 5.81828e-01
 5.82454e-01
 5.83352e-01
part
         3
hexa8
 5.82680e-01
 5.81736e-01
 5.81290e-01
 5.81830e-01
 5.82778e-01
 5.82651e-01
 5.81259e-01
 5.81031e-01
 5.81362e-01
 5.82739e-01
 5.82837e-01
 5.80904e-01
 5.80713e-01
 5.81006e-01
 5.82910e-01
 5.82748e-01
 5.80553e-01
 5.80195e-01
 5.80651e-01
 5.82830e-01
 5.82261e-01
 5.80215e-01
 5.79477e-01
 5.80307e-01
 5.82361e-01
 5.81457e-01
 5.79843e-01
 5.78845e-01
 5.79928e-01
 5.81564e-01
 5.80706e-01
 5.79347e-01
 5.78231e-01
 5.79425e-01
 5.80803e-01
 5.79967e-01
 5.78677e-01
 5.77568e-01
 5.78742e-01
 5.80053e-01
 5.79078e-01
 5.77857e-01
 5.76823e-01
 5.77899e-01
 5.79147e-01
 5.77881e-01
 5.76871e-01
 5.75943e-01
 5.76884e-01
 5.77923e-01
 5.76253e-01
 5.75481e-01
 5.74740e-01
 5.75470e-01
 5.76265e-01
 5.73982e-01
 5.72966e-01
 5.72641e-01
 5.72948e-01
 5.73977e-01
 5.70380e-01
 5.67635e-01
 5.68095e-01
 5.67633e-01
 5.70378e-01
 5.63477e-01
 5.56082e-01
 5.57704e-01
 5.56124e-01
 5.63506e-01
 5.48878e-01
 5.32497e-01
 5.35413e-01
 5.32600e-01
 5.48972e-01
 5.19022e-01
 4.89009e-01
 4.92800e-01
 4.89188e-01
 5.19221e-01
 4.64071e-01
 4.22580e-01
 4.25907e-01
 4.22763e-01
 4.64403e-01
 3.99239e-01
 3.79447e-01
 3.81599e-01
 3.79562e-01
 3.99498e-01
 3.66343e-01
 3.58653e-01
 3.59962e-01
 3.58747e-01
 3.66519e-01
 3.46313e-01
 3.45668e-01
 3.46141e-01
 3.45745e-01
 3.46416e-01
 3.34284e-01
 3.37390e-01
 3.37544e-01
 3.37451e-01
 3.34339e-01
 3.23340e-01
 3.25631e-01
 3.25824e-01
 3.25662e-01
 3.23342e-01
 3.03774e-01
 3.03253e-01
 3.03509e-01
 3.03239e-01
 3.03705e-01
 2.72160e-01
 2.69245e-01
 2.69247e-01
 2.69201e-01
 2.72038e-01
 2.34294e-01
 2.31888e-01
 2.31498e-01
 2.31852e-01
 2.34192e-01
 5.81757e-01
 5.79811e-01
 5.78910e-01
 5.79867e-01
 5.81850e-01
 5.81286e-01
 5.79123e-01
 5.78299e-01
 5.79190e-01
 5.81371e-01
 5.80936e-01
 5.78481e-01
 5.77817e-01
 5.78556e-01
 5.81002e-01
 5.80588e-01
 5.78047e-01
 5.77360e-01
 5.78125e-01
 5.80651e-01
 5.80249e-01
 5.77699e-01
 5.76864e-01
 5.77778e-01
 5.80321e-01
 5.79877e-01
 5.77371e-01
 5.76452e-01
 5.77451e-01
 5.79961e-01
 5.79379e-01
 5.77080e-01
 5.76288e-01
 5.77159e-01
 5.79478e-01
 5.78706e-01
 5.76856e-01
 5.76294e-01
 5.76930e-01
 5.78813e-01
 5.77882e-01
 5.76673e-01
 5.76377e-01
 5.76737e-01
 5.77978e-01
 5.76894e-01
 5.76303e-01
 5.76359e-01
 5.76350e-01
 5.76961e-01
 5.75505e-01
 5.74984e-01
 5.75474e-01
 5.75002e-01
 5.75536e-01
 5.73000e-01
 5.71040e-01
 5.71995e-01
 5.71013e-01
 5.72996e-01
 5.67694e-01
 5.61371e-01
 5.62830e-01
 5.61274e-01
 5.67656e-01
 5.56194e-01
 5.41003e-01
 5.43126e-01
 5.40797e-01
 5.56112e-01
 5.32701e-01
 5.03175e-01
 5.06160e-01
 5.02807e-01
 5.32554e-01
 4.89373e-01
 4.40995e-01
 4.44268e-01
 4.40519e-01
 4.89127e-01
 4.22958e-01
 3.89391e-01
 3.91158e-01
 3.89201e-01
 4.22755e-01
 3.79590e-01
 3.66531e-01
 3.67631e-01
 3.66514e-01
 3.79600e-01
 3.58678e-01
 3.55203e-01
 3.55842e-01
 3.55276e-01
 3.58772e-01
 3.45628e-01
 3.47770e-01
 3.48041e-01
 3.47889e-01
 3.45744e-01
 3.37323e-01
 3.41148e-01
 3.41444e-01
 3.41255e-01
 3.37429e-01
 3.25597e-01
 3.27267e-01
 3.27771e-01
 3.27305e-01
 3.25610e-01
 3.03286e-01
 3.01526e-01
 3.01971e-01
 3.01481e-01
 3.03166e-01
 2.69326e-01
 2.65506e-01
 2.65481e-01
 2.65417e-01
 2.69127e-01
 2.31953e-01
 2.29401e-01
 2.29067e-01
 2.29334e-01
 2.31799e-01
 5.81329e-01
 5.78930e-01
 5.78047e-01
 5.78999e-01
 5.81363e-01
 5.81076e-01
 5.78324e-01
 5.77389e-01
 5.78396e-01
 5.81112e-01
 5.80763e-01
 5.77846e-01
 5.76944e-01
 5.77915e-01
 5.80810e-01
 5.80249e-01
 5.77398e-01
 5.76531e-01
 5.77474e-01
 5.80318e-01
 5.79533e-01
 5.76913e-01
 5.76103e-01
 5.76999e-01
 5.79624e-01
 5.78908e-01
 5.76507e-01
 5.75813e-01
 5.76591e-01
 5.79009e-01
 5.78299e-01
 5.76346e-01
 5.75735e-01
 5.76422e-01
 5.78410e-01
 5.77642e-01
 5.76353e-01
 5.75810e-01
 5.76419e-01
 5.77759e-01
 5.76902e-01
 5.76436e-01
 5.75939e-01
 5.76492e-01
 5.77015e-01
 5.76027e-01
 5.76422e-01
 5.75982e-01
 5.76461e-01
 5.76120e-01
 5.74835e-01
 5.75553e-01
 5.75223e-01
 5.75568e-01
 5.74893e-01
 5.72755e-01
 5.72119e-01
 5.72060e-01
 5.72097e-01
 5.72771e-01
 5.68252e-01
 5.63049e-01
 5.63611e-01
 5.62969e-01
 5.68224e-01
 5.57948e-01
 5.43506e-01
 5.45175e-01
 5.43335e-01
 5.57875e-01
 5.35823e-01
 5.06760e-01
 5.09878e-01
 5.06459e-01
 5.35687e-01
 4.93435e-01
 4.45086e-01
 4.49761e-01
 4.44639e-01
 4.93225e-01
 4.26608e-01
 3.91557e-01
 3.94347e-01
 3.91352e-01
 4.26407e-01
 3.81853e-01
 3.67746e-01
 3.69760e-01
 3.67728e-01
 3.81869e-01
 3.59991e-01
 3.55819e-01
 3.56942e-01
 3.55901e-01
 3.60092e-01
 3.46055e-01
 3.47943e-01
 3.48445e-01
 3.48076e-01
 3.46168e-01
 3.37409e-01
 3.41334e-01
 3.41671e-01
 3.41461e-01
 3.37509e-01
 3.25739e-01
 3.27707e-01
 3.28060e-01
 3.27762e-01
 3.25743e-01
 3.03534e-01
 3.01990e-01
 3.02240e-01
 3.01942e-01
 3.03402e-01
 2.69371e-01
 2.65571e-01
 2.65380e-01
 2.65465e-01
 2.69157e-01
 2.31624e-01
 2.29148e-01
 2.28668e-01
 2.29074e-01
 2.31455e-01
 5.81898e-01
 5.79937e-01
 5.79054e-01
 5.79995e-01
 5.81993e-01
 5.81432e-01
 5.79269e-01
 5.78455e-01
 5.79336e-01
 5.81522e-01
 5.81080e-01
 5.78638e-01
 5.77976e-01
 5.78709e-01
 5.81147e-01
 5.80731e-01
 5.78212e-01
 5.77539e-01
 5.78287e-01
 5.80793e-01
 5.80396e-01
 5.77872e-01
 5.77071e-01
 5.77950e-01
 5.80463e-01
 5.80030e-01
 5.77553e-01
 5.76668e-01
 5.77633e-01
 5.80107e-01
 5.79543e-01
 5.77268e-01
 5.76503e-01
 5.77351e-01
 5.79636e-01
 5.78880e-01
 5.77044e-01
 5.76502e-01
 5.77123e-01
 5.78983e-01
 5.78056e-01
 5.76857e-01
 5.76577e-01
 5.76929e-01
 5.78152e-01
 5.77059e-01
 5.76485e-01
 5.76550e-01
 5.76542e-01
 5.77129e-01
 5.75664e-01
 5.75177e-01
 5.75667e-01
 5.75206e-01
 5.75698e-01
 5.73168e-01
 5.71279e-01
 5.72227e-01
 5.71259e-01
 5.73163e-01
 5.67906e-01
 5.61715e-01
 5.63171e-01
 5.61615e-01
 5.67858e-01
 5.56505e-01
 5.41540e-01
 5.43669e-01
 5.41317e-01
 5.56403e-01
 5.33189e-01
 5.04015e-01
 5.06988e-01
 5.03613e-01
 5.33010e-01
 4.90125e-01
 4.42043e-01
 4.45383e-01
 4.41515e-01
 4.89846e-01
 4.23688e-01
 3.89889e-01
 3.91736e-01
 3.89670e-01
 4.23448e-01
 3.79882e-01
 3.66722e-01
 3.67851e-01
 3.66696e-01
 3.79877e-01
 3.58770e-01
 3.55242e-01
 3.55884e-01
 3.55322e-01
 3.58859e-01
 3.45603e-01
 3.47717e-01
 3.47978e-01
 3.47852e-01
 3.45719e-01
 3.37239e-01
 3.41064e-01
 3.41343e-01
 3.41190e-01
 3.37346e-01
 3.25512e-01
 3.27194e-01
 3.27685e-01
 3.27245e-01
 3.25523e-01
 3.03240e-01
 3.01500e-01
 3.01946e-01
 3.01450e-01
 3.03116e-01
 2.69345e-01
 2.65549e-01
 2.65535e-01
 2.65444e-01
 2.69142e-01
 2.32007e-01
 2.29468e-01
 2.29138e-01
 2.29395e-01
 2.31849e-01
 5.82878e-01
 5.81958e-01
 5.81478e-01
 5.82056e-01
 5.82977e-01
 5.82847e-01
 5.81485e-01
 5.81233e-01
 5.81592e-01
 5.82934e-01
 5.83033e-01
 5.81123e-01
 5.80937e-01
 5.81226e-01
 5.83103e-01
 5.82964e-01
 5.80780e-01
 5.80455e-01
 5.80875e-01
 5.83042e-01
 5.82519e-01
 5.80460e-01
 5.79766e-01
 5.80547e-01
 5.82615e-01
 5.81748e-01
 5.80112e-01
 5.79152e-01
 5.80190e-01
 5.81850e-01
 5.80991e-01
 5.79645e-01
 5.78556e-01
 5.79716e-01
 5.81084e-01
 5.80247e-01
 5.78998e-01
 5.77908e-01
 5.79057e-01
 5.80330e-01
 5.79355e-01
 5.78178e-01
 5.77166e-01
 5.78219e-01
 5.79423e-01
 5.78152e-01
 5.77173e-01
 5.76272e-01
 5.77188e-01
 5.78194e-01
 5.76514e-01
 5.75761e-01
 5.75045e-01
 5.75751e-01
 5.76524e-01
 5.74232e-01
 5.73236e-01
 5.72924e-01
 5.73214e-01
 5.74216e-01
 5.70620e-01
 5.67924e-01
 5.68386e-01
 5.67911e-01
 5.70600e-01
 5.63725e-01
 5.56439e-01
 5.58063e-01
 5.56459e-01
 5.63730e-01
 5.49182e-01
 5.32988e-01
 5.35926e-01
 5.33061e-01
 5.49249e-01
 5.19458e-01
 4.89727e-01
 4.93525e-01
 4.89869e-01
 5.19626e-01
 4.64707e-01
 4.23273e-01
 4.26683e-01
 4.23424e-01
 4.65015e-01
 3.99579e-01
 3.79724e-01
 3.81926e-01
 3.79826e-01
 3.99839e-01
 3.66443e-01
 3.58721e-01
 3.60052e-01
 3.58812e-01
 3.66627e-01
 3.46281e-01
 3.45608e-01
 3.46090e-01
 3.45686e-01
 3.46393e-01
 3.34176e-01
 3.37263e-01
 3.37418e-01
 3.37324e-01
 3.34239e-01
 3.23201e-01
 3.25470e-01
 3.25658e-01
 3.25498e-01
 3.23207e-01
 3.03643e-01
 3.03105e-01
 3.03350e-01
 3.03086e-01
 3.03571e-01
 2.72093e-01
 2.69175e-01
 2.69166e-01
 2.69126e-01
 2.71963e-01
 2.34303e-01
 2.31898e-01
 2.31506e-01
 2.31858e-01
 2.34194e-01
part
         4
hexa8
 2.03089e-01
 2.01651e-01
 2.01230e-01
 2.01630e-01
 2.03027e-01
 1.79391e-01
 1.78577e-01
 1.78358e-01
 1.78566e-01
 1.79358e-01
 1.61531e-01
 1.60797e-01
 1.60546e-01
 1.60794e-01
 1.61515e-01
 1.48049e-01
 1.47652e-01
 1.47506e-01
 1.47651e-01
 1.48043e-01
 1.38921e-01
 1.38745e-01
 1.38672e-01
 1.38744e-01
 1.38918e-01
 1.33013e-01
 1.32947e-01
 1.32917e-01
 1.32947e-01
 1.33012e-01
 1.29372e-01
 1.29351e-01
 1.29341e-01
 1.29351e-01
 1.29371e-01
 1.27257e-01
 1.27252e-01
 1.27249e-01
 1.27252e-01
 1.27257e-01
 1.26106e-01
 1.26105e-01
 1.26104e-01
 1.26105e-01
 1.26106e-01
 1.25517e-01
 1.25516e-01
 1.25516e-01
 1.25516e-01
 1.25516e-01
 1.25231e-01
 1.25231e-01
 1.25231e-01
 1.25231e-01
 1.25231e-01
 1.25099e-01
 1.25099e-01
 1.25099e-01
 1.25099e-01
 1.25099e-01
 1.25041e-01
 1.25041e-01
 1.25041e-01
 1.25041e-01
 1.25041e-01
 1.25016e-01
 1.25016e-01
 1.25016e-01
 1.25016e-01
 1.25016e-01
 1.25006e-01
 1.25006e-01
 1.25006e-01
 1.25006e-01
 1.25006e-01
 1.25002e-01
 1.25002e-01
 1.25002e-01
 1.25002e-01
 1.25002e-01
 1.25001e-01
 1.25001e-01
 1.25001e-01
 1.25001e-01
 1.25001e-01
 1.25000e-01
 1.25000e-01
 1.25000e-01
 1.25000e-01
 1.25000e-01
 1.25000e-01
 1.25000e-01
 1.25000e-01
 1.25000e-01
 1.25000e-01
 1.25000e-01
 1.25000e-01
 1.25000e-01
 1.25000e-01
 1.25000e-01
 1.25000e-01
 1.25000e-01
 1.25000e-01
 1.25000e-01
 1.25000e-01
 1.25000e-01
 1.25000e-01
 1.25000e-01
 1.25000e-01
 1.25000e-01
 1.25000e-01
 1.25000e-01
 1.25000e-01
 1.25000e-01
 1.25000e-01
 1.25000e-01
 1.25000e-01
 1.25000e-01
 1.25000e-01
 1.25000e-01
 1.25000e-01
 1.25000e-01
 1.25000e-01
 1.25000e-01
 1.25000e-01
 2.01692e-01
 1.99965e-01
 1.99607e-01
 1.99923e-01
 2.01602e-01
 1.78603e-01
 1.77508e-01
 1.77304e-01
 1.77486e-01
 1.78555e-01
 1.60813e-01
 1.59934e-01
 1.59691e-01
 1.59926e-01
 1.60792e-01
 1.47661e-01
 1.47198e-01
 1.47054e-01
 1.47195e-01
 1.47653e-01
 1.38749e-01
 1.38545e-01
 1.38471e-01
 1.38544e-01
 1.38747e-01
 1.32949e-01
 1.32874e-01
 1.32842e-01
 1.32873e-01
 1.32948e-01
 1.29352e-01
 1.29329e-01
 1.29319e-01
 1.29329e-01
 1.29352e-01
 1.27252e-01
 1.27247e-01
 1.27244e-01
 1.27246e-01
 1.27252e-01
 1.26105e-01
 1.26104e-01
 1.26103e-01
 1.26104e-01
 1.26105e-01
 1.25516e-01
 1.25516e-01
 1.25516e-01
 1.25516e-01
 1.25516e-01
 1.25231e-01
 1.25231e-01
 1.25231e-01
 1.25231e-01
 1.25231e-01
 1.25099e-01
 1.25099e-01
 1.25099e-01
 1.25099e-01
 1.25099e-01
 1.25041e-01
 1.25041e-01
 1.25041e-01
 1.25041e-01
 1.25041e-01
 1.25016e-01
 1.25016e-01
 1.25016e-01
 1.25016e-01
 1.25016e-01
 1.25006e-01
 1.25006e-01
 1.25006e-01
 1.25006e-01
 1.25006e-01
 1.25002e-01
 1.25002e-01
 1.25002e-01
 1.25002e-01
 1.25002e-01
 1.25001e-01
 1.25001e-01
 1.25001e-01
 1.25001e-01
 1.25001e-01
 1.25000e-01
 1.25000e-01
 1.25000e-01
 1.25000e-01
 1.25000e-01
 1.25000e-01
 1.25000e-01
 1.25000e-01
 1.25000e-01
 1.25000e-01
 1.25000e-01
 1.25000e-01
 1.25000e-01
 1.25000e-01
 1.25000e-01
 1.25000e-01
 1.25000e-01
 1.25000e-01
 1.25000e-01
 1.25000e-01
 1.25000e-01
 1.25000e-01
 1.25000e-01
 1.25000e-01
 1.25000e-01
 1.25000e-01
 1.25000e-01
 1.25000e-01
 1.25000e-01
 1.25000e-01
 1.25000e-01
 1.25000e-01
 1.25000e-01
 1.25000e-01
 1.25000e-01
 1.25000e-01
 1.25000e-01
 1.25000e-01
 1.25000e-01
 1.25000e-01
 2.01320e-01
 1.99670e-01
 1.99225e-01
 1.99624e-01
 2.01220e-01
 1.78418e-01
 1.77346e-01
 1.77094e-01
 1.77323e-01
 1.78365e-01
 1.60584e-01
 1.59718e-01
 1.59449e-01
 1.59709e-01
 1.60561e-01
 1.47529e-01
 1.47069e-01
 1.46915e-01
 1.47066e-01
 1.47520e-01
 1.38684e-01
 1.38479e-01
 1.38401e-01
 1.38478e-01
 1.38681e-01
 1.32923e-01
 1.32846e-01
 1.32813e-01
 1.32846e-01
 1.32922e-01
 1.29344e-01
 1.29320e-01
 1.29309e-01
 1.29320e-01
 1.29343e-01
 1.27250e-01
 1.27244e-01
 1.27241e-01
 1.27244e-01
 1.27250e-01
 1.26105e-01
 1.26103e-01
 1.26103e-01
 1.26103e-01
 1.26105e-01
 1.25516e-01
 1.25516e-01
 1.25516e-01
 1.25516e-01
 1.25516e-01
 1.25231e-01
 1.25231e-01
 1.25231e-01
 1.25231e-01
 1.25231e-01
 1.25099e-01
 1.25099e-01
 1.25099e-01
 1.25099e-01
 1.25099e-01
 1.25041e-01
 1.25041e-01
 1.25041e-01
 1.25041e-01
 1.25041e-01
 1.25016e-01
 1.25016e-01
 1.25016e-01
 1.25016e-01
 1.25016e-01
 1.25006e-01
 1.25006e-01
 1.25006e-01
 1.25006e-01
 1.25006e-01
 1.25002e-01
 1.25002e-01
 1.25002e-01
 1.25002e-01
 1.25002e-01
 1.25001e-01
 1.25001e-01
 1.25001e-01
 1.25001e-01
 1.25001e-01
 1.25000e-01
 1.25000e-01
 1.25000e-01
 1.25000e-01
 1.25000e-01
 1.25000e-01
 1.25000e-01
 1.25000e-01
 1.25000e-01
 1.25000e-01
 1.25000e-01
 1.25000e-01
 1.25000e-01
 1.25000e-01
 1.25000e-01
 1.25000e-01
 1.25000e-01
 1.25000e-01
 1.25000e-01
 1.25000e-01
 1.25000e-01
 1.25000e-01
 1.25000e-01
 1.25000e-01
 1.25000e-01
 1.25000e-01
 1.25000e-01
 1.25000e-01
 1.25000e-01
 1.25000e-01
 1.25000e-01
 1.25000e-01
 1.25000e-01
 1.25000e-01
 1.25000e-01
 1.25000e-01
 1.25000e-01
 1.25000e-01
 1.25000e-01
 1.25000e-01
 2.01748e-01
 2.00032e-01
 1.99676e-01
 1.99987e-01
 2.01655e-01
 1.78649e-01
 1.77561e-01
 1.77359e-01
 1.77539e-01
 1.78600e-01
 1.60848e-01
 1.59974e-01
 1.59733e-01
 1.59966e-01
 1.60826e-01
 1.47684e-01
 1.47223e-01
 1.47080e-01
 1.47220e-01
 1.47676e-01
 1.38762e-01
 1.38559e-01
 1.38485e-01
 1.38558e-01
 1.38760e-01
 1.32956e-01
 1.32880e-01
 1.32849e-01
 1.32880e-01
 1.32955e-01
 1.29355e-01
 1.29332e-01
 1.29322e-01
 1.29332e-01
 1.29355e-01
 1.27254e-01
 1.27248e-01
 1.27245e-01
 1.27248e-01
 1.27254e-01
 1.26106e-01
 1.26104e-01
 1.26104e-01
 1.26104e-01
 1.26106e-01
 1.25517e-01
 1.25516e-01
 1.25516e-01
 1.25516e-01
 1.25517e-01
 1.25231e-01
 1.25231e-01
 1.25231e-01
 1.25231e-01
 1.25231e-01
 1.25099e-01
 1.25099e-01
 1.25099e-01
 1.25099e-01
 1.25099e-01
 1.25041e-01
 1.25041e-01
 1.25041e-01
 1.25041e-01
 1.25041e-01
 1.25016e-01
 1.25016e-01
 1.25016e-01
 1.25016e-01
 1.25016e-01
 1.25006e-01
 1.25006e-01
 1.25006e-01
 1.25006e-01
 1.25006e-01
 1.25002e-01
 1.25002e-01
 1.25002e-01
 1.25002e-01
 1.25002e-01
 1.25001e-01
 1.25001e-01
 1.25001e-01
 1.25001e-01
 1.25001e-01
 1.25000e-01
 1.25000e-01
 1.25000e-01
 1.25000e-01
 1.25000e-01
 1.25000e-01
 1.25000e-01
 1.25000e-01
 1.25000e-01
 1.25000e-01
 1.25000e-01
 1.25000e-01
 1.25000e-01
 1.25000e-01
 1.25000e-01
 1.25000e-01
 1.25000e-01
 1.25000e-01
 1.25000e-01
 1.25000e-01
 1.25000e-01
 1.25000e-01
 1.25000e-01
 1.25000e-01
 1.25000e-01
 1.25000e-01
 1.25000e-01
 1.25000e-01
 1.25000e-01
 1.25000e-01
 1.25000e-01
 1.25000e-01
 1.25000e-01
 1.25000e-01
 1.25000e-01
 1.25000e-01
 1.25000e-01
 1.25000e-01
 1.25000e-01
 1.25000e-01
 2.03132e-01
 2.01696e-01
 2.01276e-01
 2.01672e-01
 2.03066e-01
 1.79440e-01
 1.78628e-01
 1.78410e-01
 1.78616e-01
 1.79403e-01
 1.61573e-01
 1.60843e-01
 1.60593e-01
 1.60838e-01
 1.61556e-01
 1.48080e-01
 1.47685e-01
 1.47540e-01
 1.47684e-01
 1.48074e-01
 1.38940e-01
 1.38764e-01
 1.38693e-01
 1.38764e-01
 1.38937e-01
 1.33023e-01
 1.32957e-01
 1.32928e-01
 1.32957e-01
 1.33022e-01
 1.29376e-01
 1.29356e-01
 1.29346e-01
 1.29356e-01
 1.29376e-01
 1.27259e-01
 1.27254e-01
 1.27251e-01
 1.27254e-01
 1.27259e-01
 1.26107e-01
 1.26106e-01
 1.26105e-01
 1.26106e-01
 1.26107e-01
 1.25517e-01
 1.25517e-01
 1.25517e-01
 1.25517e-01
 1.25517e-01
 1.25231e-01
 1.25231e-01
 1.25231e-01
 1.25231e-01
 1.25231e-01
 1.25099e-01
 1.25099e-01
 1.25099e-01
 1.25099e-01
 1.25099e-01
 1.25041e-01
 1.25041e-01
 1.25041e-01
 1.25041e-01
 1.25041e-01
 1.25016e-01
 1.25016e-01
 1.25016e-01
 1.25016e-01
 1.25016e-01
 1.25006e-01
 1.25006e-01
 1.25006e-01
 1.25006e-01
 1.25006e-01
 1.25002e-01
 1.25002e-01
 1.25002e-01
 1.25002e-01
 1.25002e-01
 1.25001e-01
 1.25001e-01
 1.25001e-01
 1.25001e-01
 1.25001e-01
 1.25000e-01
 1.25000e-01
 1.25000e-01
 1.25000e-01
 1.25000e-01
 1.25000e-01
 1.25000e-01
 1.25000e-01
 1.25000e-01
 1.25000e-01
 1.25000e-01
 1.25000e-01
 1.25000e-01
 1.25000e-01
 1.25000e-01
 1.25000e-01
 1.25000e-01
 1.25000e-01
 1.25000e-01
 1.25000e-01
 1.25000e-01
 1.25000e-01
 1.25000e-01
 1.25000e-01
 1.25000e-01
 1.25000e-01
 1.25000e-01
 1.25000e-01
 1.25000e-01
 1.25000e-01
 1.25000e-01
 1.25000e-01
 1.25000e-01
 1.25000e-01
 1.25000e-01
 1.25000e-01
 1.25000e-01
 1.25000e-01
 1.25000e-01
 1.25000e-01
