Density
part
         1
hexa8
 1.00000e+00
 1.00000e+00
 1.00000e+00
 1.00000e+00
 1.00000e+00
 1.00000e+00
 1.00000e+00
 1.00000e+00
 1.00000e+00
 1.00000e+00
 1.00000e+00
 1.00000e+00
 1.00000e+00
 1.00000e+00
 1.00000e+00
 1.00000e+00
 1.00000e+00
 1.00000e+00
 1.00000e+00
 1.00000e+00
 1.00000e+00
 1.00000e+00
 1.00000e+00
 1.00000e+00
 1.00000e+00
 1.00000e+00
 1.00000e+00
 1.00000e+00
 1.00000e+00
 1.00000e+00
 1.00000e+00
 1.00000e+00
 1.00000e+00
 1.00000e+00
 1.00000e+00
 1.00000e+00
 1.00000e+00
 1.00000e+00
 1.00000e+00
 1.00000e+00
 1.00000e+00
 1.00000e+00
 1.00000e+00
 1.00000e+00
 1.00000e+00
 1.00000e+00
 1.00000e+00
 1.00000e+00
 1.00000e+00
 1.00000e+00
 1.00000e+00
 1.00000e+00
 1.00000e+00
 1.00000e+00
 1.00000e+00
 1.00000e+00
 1.00000e+00
 1.00000e+00
 1.00000e+00
 1.00000e+00
 1.00000e+00
 1.00000e+00
 1.00000e+00
 1.00000e+00
 1.00000e+00
 1.00000e+00
 1.00000e+00
 1.00000e+00
 1.00000e+00
 1.00000e+00
 1.00000e+00
 1.00000e+00
 1.00000e+00
 1.00000e+00
 1.00000e+00
 1.00000e+00
 1.00000e+00
 1.00000e+00
 1.00000e+00
 1.00000e+00
 1.00000e+00
 1.00000e+00
 1.00000e+00
 1.00000e+00
 1.00000e+00
 1.00000e+00
 1.00000e+00
 1.00000e+00
 1.00000e+00
 1.00000e+00
 1.00000e+00
 1.00000e+00
 1.00000e+00
 1.00000e+00
 1.00000e+00
 1.00000e+00
 1.00000e+00
 1.00000e+00
 1.00000e+00
 1.00000e+00
 1.00000e+00
 1.00000e+00
 1.00000e+00
 1.00000e+00
 1.00000e+00
 1.00000e+00
 1.00000e+00
 1.00000e+00
 1.00000e+00
 1.00000e+00
 1.00000e+00
 1.00000e+00
 1.00000e+00
 1.00000e+00
 1.00000e+00
 1.00000e+00
 1.00000e+00
 1.00000e+00
 1.00000e+00
 1.00000e+00
 1.00000e+00
 1.00000e+00
 1.00000e+00
 1.00000e+00
 1.00000e+00
 1.00000e+00
 1.00000e+00
 1.00000e+00
 1.00000e+00
 1.00000e+00
 9.99999e-01
 9.99999e-01
 9.99999e-01
 9.99999e-01
 9.99999e-01
 9.99995e-01
 9.99995e-01
 9.99995e-01
 9.99995e-01
 9.99995e-01
 9.99969e-01
 9.99969e-01
 9.99969e-01
 9.99969e-01
 9.99969e-01
 9.99833e-01
 9.99833e-01
 9.99833e-01
 9.99833e-01
 9.99833e-01
 9.99217e-01
 9.99217e-01
 9.99217e-01
 9.99217e-01
 9.99217e-01
 9.96868e-01
 9.96868e-01
 9.96868e-01
 9.96868e-01
 9.96868e-01
 9.89565e-01
 9.89565e-01
 9.89565e-01
 9.89565e-01
 9.89565e-01
 9.71665e-01
 9.71665e-01
 9.71665e-01
 9.71665e-01
 9.71665e-01
 9.37967e-01
 9.37967e-01
 9.37967e-01
 9.37967e-01
 9.37967e-01
 8.88879e-01
 8.88879e-01
 8.88879e-01
 8.88879e-01
 8.88879e-01
 8.30169e-01
 8.30169e-01
 8.30169e-01
 8.30169e-01
 8.30169e-01
 7.67388e-01
 7.67388e-01
 7.67388e-01
 7.67388e-01
 7.67388e-01
 7.03823e-01
 7.03823e-01
 7.03823e-01
 7.03823e-01
 7.03823e-01
 6.42096e-01
 6.42096e-01
 6.42096e-01
 6.42096e-01
 6.42096e-01
 5.84734e-01
 5.84734e-01
 5.84734e-01
 5.84734e-01
 5.84734e-01
 5.39173e-01
 5.39173e-01
 5.39173e-01
 5.39173e-01
 5.39173e-01
 5.22845e-01
 5.22845e-01
 5.22845e-01
 5.22845e-01
 5.22845e-01
 5.20207e-01
 5.20207e-01
 5.20207e-01
 5.20207e-01
 5.20207e-01
 5.15900e-01
 5.15900e-01
 5.15900e-01
 5.15899e-01
 5.15899e-01
 5.09299e-01
 5.09299e-01
 5.09299e-01
 5.09298e-01
 5.09298e-01
 5.05322e-01
 5.05322e-01
 5.05321e-01
 5.05321e-01
 5.05321e-01
 5.03166e-01
 5.03166e-01
 5.03166e-01
 5.03166e-01
 5.03166e-01
 5.02140e-01
 5.02140e-01
 5.02141e-01
 5.02141e-01
 5.02141e-01
 5.01670e-01
 5.01671e-01
 5.01671e-01
 5.01672e-01
 5.01672e-01
 5.00757e-01
 5.00757e-01
 5.00758e-01
 5.00758e-01
 5.00759e-01
 5.00146e-01
 5.00146e-01
 5.00147e-01
 5.00149e-01
 5.00150e-01
 4.99990e-01
 4.99991e-01
 4.99993e-01
 4.99995e-01
 4.99996e-01
 4.99731e-01
 4.99733e-01
 4.99735e-01
 4.99737e-01
 4.99738e-01
 4.99531e-01
 4.99533e-01
 4.99536e-01
 4.99538e-01
 4.99540e-01
 4.99412e-01
 4.99413e-01
 4.99417e-01
 4.99419e-01
 4.99421e-01
 4.99127e-01
 4.99128e-01
 4.99133e-01
 4.99135e-01
 4.99138e-01
 4.97838e-01
 4.97838e-01
 4.97844e-01
 4.97845e-01
 4.97849e-01
 4.93566e-01
 4.93566e-01
 4.93571e-01
 4.93572e-01
 4.93576e-01
 4.82784e-01
 4.82785e-01
 4.82790e-01
 4.82791e-01
 4.82794e-01
 4.60767e-01
 4.60767e-01
 4.60771e-01
 4.60773e-01
 4.60775e-01
 4.23508e-01
 4.23509e-01
 4.23512e-01
 4.23513e-01
 4.23515e-01
 3.70784e-01
 3.70785e-01
 3.70786e-01
 3.70788e-01
 3.70789e-01
 3.30697e-01
 3.30698e-01
 3.30699e-01
 3.30701e-01
 3.30702e-01
 3.16329e-01
 3.16330e-01
 3.16331e-01
 3.16332e-01
 3.16333e-01
 3.10021e-01
 3.10022e-01
 3.10022e-01
 3.10023e-01
 3.10024e-01
 3.03121e-01
 3.03121e-01
 3.03122e-01
 3.03122e-01
 3.03123e-01
 2.96290e-01
 2.96290e-01
 2.96291e-01
 2.96291e-01
 2.96292e-01
 2.83154e-01
 2.83154e-01
 2.83154e-01
 2.83155e-01
 2.83155e-01
 2.57199e-01
 2.57199e-01
 2.57199e-01
 2.57199e-01
 2.57200e-01
 2.21078e-01
 2.21078e-01
 2.21078e-01
 2.21078e-01
 2.21078e-01
 1.88452e-01
 1.88452e-01
 1.88453e-01
 1.88453e-01
 1.88453e-01
 1.64729e-01
 1.64729e-01
 1.64729e-01
 1.64729e-01
 1.64729e-01
 1.47894e-01
 1.47894e-01
 1.47894e-01
 1.47894e-01
 1.47894e-01
 1.36287e-01
 1.36287e-01
 1.36287e-01
 1.36287e-01
 1.36287e-01
 1.29964e-01
 1.29964e-01
 1.29964e-01
 1.29964e-01
 1.29964e-01
 1.26981e-01
 1.26981e-01
 1.26981e-01
 1.26981e-01
 1.26981e-01
 1.25736e-01
 1.25736e-01
 1.25736e-01
 1.25736e-01
 1.25736e-01
 1.25261e-01
 1.25261e-01
 1.25261e-01
 1.25261e-01
 1.25261e-01
 1.25089e-01
 1.25089e-01
 1.25089e-01
 1.25089e-01
 1.25089e-01
 1.25030e-01
 1.25030e-01
 1.25030e-01
 1.25030e-01
 1.25030e-01
 1.25010e-01
 1.25010e-01
 1.25010e-01
 1.25010e-01
 1.25010e-01
 1.25003e-01
 1.25003e-01
 1.25003e-01
 1.25003e-01
 1.25003e-01
 1.25001e-01
 1.25001e-01
 1.25001e-01
 1.25001e-01
 1.25001e-01
 1.25000e-01
 1.25000e-01
 1.25000e-01
 1.25000e-01
 1.25000e-01
 1.25000e-01
 1.25000e-01
 1.25000e-01
 1.25000e-01
 1.25000e-01
 1.25000e-01
 1.25000e-01
 1.25000e-01
 1.25000e-01
 1.25000e-01
 1.25000e-01
 1.25000e-01
 1.25000e-01
 1.25000e-01
 1.25000e-01
 1.25000e-01
 1.25000e-01
 1.25000e-01
 1.25000e-01
 1.25000e-01
 1.25000e-01
 1.25000e-01
 1.25000e-01
 1.25000e-01
 1.25000e-01
 1.25000e-01
 1.25000e-01
 1.25000e-01
 1.25000e-01
 1.25000e-01
 1.25000e-01
 1.25000e-01
 1.25000e-01
 1.25000e-01
 1.25000e-01
 1.25000e-01
 1.25000e-01
 1.25000e-01
 1.25000e-01
 1.25000e-01
 1.25000e-01
 1.25000e-01
 1.25000e-01
 1.25000e-01
 1.25000e-01
 1.25000e-01
 1.25000e-01
 1.25000e-01
 1.25000e-01
 1.25000e-01
 1.25000e-01
 1.25000e-01
 1.25000e-01
 1.25000e-01
 1.25000e-01
 1.25000e-01
 1.25000e-01
 1.25000e-01
 1.25000e-01
 1.25000e-01
 1.25000e-01
 1.25000e-01
 1.25000e-01
 1.25000e-01
 1.25000e-01
 1.25000e-01
 1.25000e-01
 1.25000e-01
 1.25000e-01
 1.25000e-01
 1.25000e-01
 1.25000e-01
 1.25000e-01
 1.25000e-01
 1.25000e-01
 1.00000e+00
 1.00000e+00
 1.00000e+00
 1.00000e+00
 1.00000e+00
 1.00000e+00
 1.00000e+00
 1.00000e+00
 1.00000e+00
 1.00000e+00
 1.00000e+00
 1.00000e+00
 1.00000e+00
 1.00000e+00
 1.00000e+00
 1.00000e+00
 1.00000e+00
 1.00000e+00
 1.00000e+00
 1.00000e+00
 1.00000e+00
 1.00000e+00
 1.00000e+00
 1.00000e+00
 1.00000e+00
 1.00000e+00
 1.00000e+00
 1.00000e+00
 1.00000e+00
 1.00000e+00
 1.00000e+00
 1.00000e+00
 1.00000e+00
 1.00000e+00
 1.00000e+00
 1.00000e+00
 1.00000e+00
 1.00000e+00
 1.00000e+00
 1.00000e+00
 1.00000e+00
 1.00000e+00
 1.00000e+00
 1.00000e+00
 1.00000e+00
 1.00000e+00
 1.00000e+00
 1.00000e+00
 1.00000e+00
 1.00000e+00
 1.00000e+00
 1.00000e+00
 1.00000e+00
 1.00000e+00
 1.00000e+00
 1.00000e+00
 1.00000e+00
 1.00000e+00
 1.00000e+00
 1.00000e+00
 1.00000e+00
 1.00000e+00
 1.00000e+00
 1.00000e+00
 1.00000e+00
 1.00000e+00
 1.00000e+00
 1.00000e+00
 1.00000e+00
 1.00000e+00
 1.00000e+00
 1.00000e+00
 1.00000e+00
 1.00000e+00
 1.00000e+00
 1.00000e+00
 1.00000e+00
 1.00000e+00
 1.00000e+00
 1.00000e+00
 1.00000e+00
 1.00000e+00
 1.00000e+00
 1.00000e+00
 1.00000e+00
 1.00000e+00
 1.00000e+00
 1.00000e+00
 1.00000e+00
 1.00000e+00
 1.00000e+00
 1.00000e+00
 1.00000e+00
 1.00000e+00
 1.00000e+00
 1.00000e+00
 1.00000e+00
 1.00000e+00
 1.00000e+00
 1.00000e+00
 1.00000e+00
 1.00000e+00
 1.00000e+00
 1.00000e+00
 1.00000e+00
 1.00000e+00
 1.00000e+00
 1.00000e+00
 1.00000e+00
 1.00000e+00
 1.00000e+00
 1.00000e+00
 1.00000e+00
 1.00000e+00
 1.00000e+00
 1.00000e+00
 1.00000e+00
 1.00000e+00
 1.00000e+00
 1.00000e+00
 1.00000e+00
 1.00000e+00
 1.00000e+00
 1.00000e+00
 1.00000e+00
 1.00000e+00
 1.00000e+00
 1.00000e+00
 1.00000e+00
 1.00000e+00
 9.99999e-01
 9.99999e-01
 9.99999e-01
 9.99999e-01
 9.99999e-01
 9.99995e-01
 9.99995e-01
 9.99995e-01
 9.99995e-01
 9.99995e-01
 9.99969e-01
 9.99969e-01
 9.99969e-01
 9.99969e-01
 9.99969e-01
 9.99833e-01
 9.99833e-01
 9.99833e-01
 9.99833e-01
 9.99833e-01
 9.99217e-01
 9.99217e-01
 9.99217e-01
 9.99217e-01
 9.99217e-01
 9.96868e-01
 9.96868e-01
 9.96868e-01
 9.96868e-01
 9.96868e-01
 9.89565e-01
 9.89565e-01
 9.89565e-01
 9.89565e-01
 9.89565e-01
 9.71665e-01
 9.71665e-01
 9.71665e-01
 9.71665e-01
 9.71665e-01
 9.37967e-01
 9.37967e-01
 9.37967e-01
 9.37967e-01
 9.37967e-01
 8.88880e-01
 8.88880e-01
 8.88880e-01
 8.88880e-01
 8.88880e-01
 8.30170e-01
 8.30170e-01
 8.30170e-01
 8.30170e-01
 8.30170e-01
 7.67389e-01
 7.67389e-01
 7.67389e-01
 7.67389e-01
 7.67389e-01
 7.03824e-01
 7.03824e-01
 7.03824e-01
 7.03824e-01
 7.03824e-01
 6.42097e-01
 6.42097e-01
 6.42097e-01
 6.42097e-01
 6.42097e-01
 5.84737e-01
 5.84737e-01
 5.84737e-01
 5.84737e-01
 5.84737e-01
 5.39175e-01
 5.39175e-01
 5.39175e-01
 5.39175e-01
 5.39175e-01
 5.22836e-01
 5.22836e-01
 5.22836e-01
 5.22836e-01
 5.22836e-01
 5.20198e-01
 5.20198e-01
 5.20198e-01
 5.20198e-01
 5.20198e-01
 5.15889e-01
 5.15889e-01
 5.15889e-01
 5.15889e-01
 5.15889e-01
 5.09289e-01
 5.09289e-01
 5.09289e-01
 5.09289e-01
 5.09289e-01
 5.05293e-01
 5.05294e-01
 5.05294e-01
 5.05294e-01
 5.05293e-01
 5.03108e-01
 5.03108e-01
 5.03108e-01
 5.03108e-01
 5.03109e-01
 5.02102e-01
 5.02102e-01
 5.02103e-01
 5.02104e-01
 5.02105e-01
 5.01651e-01
 5.01652e-01
 5.01653e-01
 5.01654e-01
 5.01655e-01
 5.00727e-01
 5.00728e-01
 5.00730e-01
 5.00731e-01
 5.00731e-01
 5.00137e-01
 5.00138e-01
 5.00140e-01
 5.00141e-01
 5.00143e-01
 5.00044e-01
 5.00043e-01
 5.00045e-01
 5.00047e-01
 5.00048e-01
 4.99827e-01
 4.99826e-01
 4.99829e-01
 4.99831e-01
 4.99832e-01
 4.99654e-01
 4.99655e-01
 4.99656e-01
 4.99658e-01
 4.99659e-01
 4.99559e-01
 4.99562e-01
 4.99560e-01
 4.99564e-01
 4.99564e-01
 4.99294e-01
 4.99299e-01
 4.99295e-01
 4.99300e-01
 4.99299e-01
 4.98013e-01
 4.98018e-01
 4.98014e-01
 4.98020e-01
 4.98018e-01
 4.93732e-01
 4.93736e-01
 4.93733e-01
 4.93739e-01
 4.93737e-01
 4.82931e-01
 4.82934e-01
 4.82932e-01
 4.82936e-01
 4.82935e-01
 4.60889e-01
 4.60892e-01
 4.60891e-01
 4.60894e-01
 4.60894e-01
 4.23607e-01
 4.23608e-01
 4.23608e-01
 4.23610e-01
 4.23611e-01
 3.70866e-01
 3.70866e-01
 3.70868e-01
 3.70869e-01
 3.70870e-01
 3.30796e-01
 3.30796e-01
 3.30797e-01
 3.30798e-01
 3.30799e-01
 3.16424e-01
 3.16425e-01
 3.16426e-01
 3.16427e-01
 3.16427e-01
 3.10111e-01
 3.10112e-01
 3.10113e-01
 3.10113e-01
 3.10114e-01
 3.03204e-01
 3.03204e-01
 3.03205e-01
 3.03206e-01
 3.03206e-01
 2.96364e-01
 2.96365e-01
 2.96365e-01
 2.96366e-01
 2.96366e-01
 2.83202e-01
 2.83202e-01
 2.83203e-01
 2.83203e-01
 2.83204e-01
 2.57213e-01
 2.57213e-01
 2.57213e-01
 2.57214e-01
 2.57214e-01
 2.21071e-01
 2.21071e-01
 2.21071e-01
 2.21072e-01
 2.21072e-01
 1.88449e-01
 1.88449e-01
 1.88449e-01
 1.88450e-01
 1.88450e-01
 1.64729e-01
 1.64729e-01
 1.64729e-01
 1.64729e-01
 1.64729e-01
 1.47896e-01
 1.47896e-01
 1.47896e-01
 1.47896e-01
 1.47896e-01
 1.36288e-01
 1.36288e-01
 1.36288e-01
 1.36288e-01
 1.36288e-01
 1.29964e-01
 1.29964e-01
 1.29964e-01
 1.29964e-01
 1.29964e-01
 1.26981e-01
 1.26981e-01
 1.26981e-01
 1.26981e-01
 1.26981e-01
 1.25737e-01
 1.25737e-01
 1.25737e-01
 1.25737e-01
 1.25737e-01
 1.25261e-01
 1.25261e-01
 1.25261e-01
 1.25261e-01
 1.25261e-01
 1.25089e-01
 1.25089e-01
 1.25089e-01
 1.25089e-01
 1.25089e-01
 1.25030e-01
 1.25030e-01
 1.25030e-01
 1.25030e-01
 1.25030e-01
 1.25010e-01
 1.25010e-01
 1.25010e-01
 1.25010e-01
 1.25010e-01
 1.25003e-01
 1.25003e-01
 1.25003e-01
 1.25003e-01
 1.25003e-01
 1.25001e-01
 1.25001e-01
 1.25001e-01
 1.25001e-01
 1.25001e-01
 1.25000e-01
 1.25000e-01
 1.25000e-01
 1.25000e-01
 1.25000e-01
 1.25000e-01
 1.25000e-01
 1.25000e-01
 1.25000e-01
 1.25000e-01
 1.25000e-01
 1.25000e-01
 1.25000e-01
 1.25000e-01
 1.25000e-01
 1.25000e-01
 1.25000e-01
 1.25000e-01
 1.25000e-01
 1.25000e-01
 1.25000e-01
 1.25000e-01
 1.25000e-01
 1.25000e-01
 1.25000e-01
 1.25000e-01
 1.25000e-01
 1.25000e-01
 1.25000e-01
 1.25000e-01
 1.25000e-01
 1.25000e-01
 1.25000e-01
 1.25000e-01
 1.25000e-01
 1.25000e-01
 1.25000e-01
 1.25000e-01
 1.25000e-01
 1.25000e-01
 1.25000e-01
 1.25000e-01
 1.25000e-01
 1.25000e-01
 1.25000e-01
 1.25000e-01
 1.25000e-01
 1.25000e-01
 1.25000e-01
 1.25000e-01
 1.25000e-01
 1.25000e-01
 1.25000e-01
 1.25000e-01
 1.25000e-01
 1.25000e-01
 1.25000e-01
 1.25000e-01
 1.25000e-01
 1.25000e-01
 1.25000e-01
 1.25000e-01
 1.25000e-01
 1.25000e-01
 1.25000e-01
 1.25000e-01
 1.25000e-01
 1.25000e-01
 1.25000e-01
 1.25000e-01
 1.25000e-01
 1.25000e-01
 1.25000e-01
 1.25000e-01
 1.25000e-01
 1.25000e-01
 1.25000e-01
 1.25000e-01
 1.25000e-01
 1.25000e-01
 1.00000e+00
 1.00000e+00
 1.00000e+00
 1.00000e+00
 1.00000e+00
 1.00000e+00
 1.00000e+00
 1.00000e+00
 1.00000e+00
 1.00000e+00
 1.00000e+00
 1.00000e+00
 1.00000e+00
 1.00000e+00
 1.00000e+00
 1.00000e+00
 1.00000e+00
 1.00000e+00
 1.00000e+00
 1.00000e+00
 1.00000e+00
 1.00000e+00
 1.00000e+00
 1.00000e+00
 1.00000e+00
 1.00000e+00
 1.00000e+00
 1.00000e+00
 1.00000e+00
 1.00000e+00
 1.00000e+00
 1.00000e+00
 1.00000e+00
 1.00000e+00
 1.00000e+00
 1.00000e+00
 1.00000e+00
 1.00000e+00
 1.00000e+00
 1.00000e+00
 1.00000e+00
 1.00000e+00
 1.00000e+00
 1.00000e+00
 1.00000e+00
 1.00000e+00
 1.00000e+00
 1.00000e+00
 1.00000e+00
 1.00000e+00
 1.00000e+00
 1.00000e+00
 1.00000e+00
 1.00000e+00
 1.00000e+00
 1.00000e+00
 1.00000e+00
 1.00000e+00
 1.00000e+00
 1.00000e+00
 1.00000e+00
 1.00000e+00
 1.00000e+00
 1.00000e+00
 1.00000e+00
 1.00000e+00
 1.00000e+00
 1.00000e+00
 1.00000e+00
 1.00000e+00
 1.00000e+00
 1.00000e+00
 1.00000e+00
 1.00000e+00
 1.00000e+00
 1.00000e+00
 1.00000e+00
 1.00000e+00
 1.00000e+00
 1.00000e+00
 1.00000e+00
 1.00000e+00
 1.00000e+00
 1.00000e+00
 1.00000e+00
 1.00000e+00
 1.00000e+00
 1.00000e+00
 1.00000e+00
 1.00000e+00
 1.00000e+00
 1.00000e+00
 1.00000e+00
 1.00000e+00
 1.00000e+00
 1.00000e+00
 1.00000e+00
 1.00000e+00
 1.00000e+00
 1.00000e+00
 1.00000e+00
 1.00000e+00
 1.00000e+00
 1.00000e+00
 1.00000e+00
 1.00000e+00
 1.00000e+00
 1.00000e+00
 1.00000e+00
 1.00000e+00
 1.00000e+00
 1.00000e+00
 1.00000e+00
 1.00000e+00
 1.00000e+00
 1.00000e+00
 1.00000e+00
 1.00000e+00
 1.00000e+00
 1.00000e+00
 1.00000e+00
 1.00000e+00
 1.00000e+00
 1.00000e+00
 1.00000e+00
 1.00000e+00
 1.00000e+00
 1.00000e+00
 1.00000e+00
 1.00000e+00
 9.99999e-01
 9.99999e-01
 9.99999e-01
 9.99999e-01
 9.99999e-01
 9.99995e-01
 9.99995e-01
 9.99995e-01
 9.99995e-01
 9.99995e-01
 9.99969e-01
 9.99969e-01
 9.99969e-01
 9.99969e-01
 9.99969e-01
 9.99833e-01
 9.99833e-01
 9.99833e-01
 9.99833e-01
 9.99833e-01
 9.99217e-01
 9.99217e-01
 9.99217e-01
 9.99217e-01
 9.99217e-01
 9.96868e-01
 9.96868e-01
 9.96868e-01
 9.96868e-01
 9.96868e-01
 9.89565e-01
 9.89565e-01
 9.89565e-01
 9.89565e-01
 9.89565e-01
 9.71665e-01
 9.71665e-01
 9.71665e-01
 9.71665e-01
 9.71665e-01
 9.37968e-01
 9.37968e-01
 9.37968e-01
 9.37968e-01
 9.37968e-01
 8.88881e-01
 8.88881e-01
 8.88881e-01
 8.88881e-01
 8.88881e-01
 8.30171e-01
 8.30171e-01
 8.30171e-01
 8.30171e-01
 8.30171e-01
 7.67391e-01
 7.67391e-01
 7.67391e-01
 7.67391e-01
 7.67391e-01
 7.03827e-01
 7.03827e-01
 7.03827e-01
 7.03827e-01
 7.03827e-01
 6.42100e-01
 6.42100e-01
 6.42100e-01
 6.42100e-01
 6.42100e-01
 5.84741e-01
 5.84741e-01
 5.84741e-01
 5.84741e-01
 5.84741e-01
 5.39180e-01
 5.39180e-01
 5.39180e-01
 5.39180e-01
 5.39180e-01
 5.22821e-01
 5.22821e-01
 5.22821e-01
 5.22820e-01
 5.22820e-01
 5.20177e-01
 5.20177e-01
 5.20177e-01
 5.20177e-01
 5.20177e-01
 5.15862e-01
 5.15862e-01
 5.15862e-01
 5.15863e-01
 5.15863e-01
 5.09257e-01
 5.09257e-01
 5.09258e-01
 5.09258e-01
 5.09259e-01
 5.05276e-01
 5.05277e-01
 5.05277e-01
 5.05278e-01
 5.05278e-01
 5.03062e-01
 5.03062e-01
 5.03063e-01
 5.03063e-01
 5.03064e-01
 5.02063e-01
 5.02064e-01
 5.02065e-01
 5.02067e-01
 5.02069e-01
 5.01654e-01
 5.01654e-01
 5.01656e-01
 5.01658e-01
 5.01659e-01
 5.00785e-01
 5.00786e-01
 5.00788e-01
 5.00789e-01
 5.00791e-01
 5.00227e-01
 5.00227e-01
 5.00228e-01
 5.00229e-01
 5.00230e-01
 5.00115e-01
 5.00117e-01
 5.00117e-01
 5.00116e-01
 5.00119e-01
 4.99907e-01
 4.99906e-01
 4.99904e-01
 4.99906e-01
 4.99907e-01
 4.99758e-01
 4.99754e-01
 4.99755e-01
 4.99755e-01
 4.99754e-01
 4.99668e-01
 4.99663e-01
 4.99664e-01
 4.99662e-01
 4.99662e-01
 4.99391e-01
 4.99387e-01
 4.99386e-01
 4.99383e-01
 4.99384e-01
 4.98096e-01
 4.98094e-01
 4.98089e-01
 4.98087e-01
 4.98088e-01
 4.93813e-01
 4.93811e-01
 4.93806e-01
 4.93804e-01
 4.93804e-01
 4.83019e-01
 4.83018e-01
 4.83013e-01
 4.83012e-01
 4.83012e-01
 4.60987e-01
 4.60986e-01
 4.60984e-01
 4.60982e-01
 4.60982e-01
 4.23705e-01
 4.23704e-01
 4.23704e-01
 4.23703e-01
 4.23703e-01
 3.70963e-01
 3.70962e-01
 3.70963e-01
 3.70963e-01
 3.70963e-01
 3.30889e-01
 3.30889e-01
 3.30889e-01
 3.30889e-01
 3.30889e-01
 3.16504e-01
 3.16504e-01
 3.16504e-01
 3.16505e-01
 3.16505e-01
 3.10176e-01
 3.10176e-01
 3.10176e-01
 3.10178e-01
 3.10177e-01
 3.03256e-01
 3.03257e-01
 3.03257e-01
 3.03258e-01
 3.03258e-01
 2.96403e-01
 2.96403e-01
 2.96404e-01
 2.96404e-01
 2.96405e-01
 2.83221e-01
 2.83221e-01
 2.83222e-01
 2.83222e-01
 2.83223e-01
 2.57210e-01
 2.57210e-01
 2.57211e-01
 2.57211e-01
 2.57212e-01
 2.21062e-01
 2.21062e-01
 2.21062e-01
 2.21063e-01
 2.21063e-01
 1.88448e-01
 1.88448e-01
 1.88448e-01
 1.88449e-01
 1.88449e-01
 1.64732e-01
 1.64732e-01
 1.64732e-01
 1.64733e-01
 1.64733e-01
 1.47899e-01
 1.47899e-01
 1.47899e-01
 1.47899e-01
 1.47899e-01
 1.36289e-01
 1.36289e-01
 1.36289e-01
 1.36289e-01
 1.36289e-01
 1.29965e-01
 1.29965e-01
 1.29965e-01
 1.29965e-01
 1.29965e-01
 1.26981e-01
 1.26981e-01
 1.26981e-01
 1.26981e-01
 1.26981e-01
 1.25737e-01
 1.25737e-01
 1.25737e-01
 1.25737e-01
 1.25737e-01
 1.25261e-01
 1.25261e-01
 1.25261e-01
 1.25261e-01
 1.25261e-01
 1.25089e-01
 1.25089e-01
 1.25089e-01
 1.25089e-01
 1.25089e-01
 1.25030e-01
 1.25030e-01
 1.25030e-01
 1.25030e-01
 1.25030e-01
 1.25010e-01
 1.25010e-01
 1.25010e-01
 1.25010e-01
 1.25010e-01
 1.25003e-01
 1.25003e-01
 1.25003e-01
 1.25003e-01
 1.25003e-01
 1.25001e-01
 1.25001e-01
 1.25001e-01
 1.25001e-01
 1.25001e-01
 1.25000e-01
 1.25000e-01
 1.25000e-01
 1.25000e-01
 1.25000e-01
 1.25000e-01
 1.25000e-01
 1.25000e-01
 1.25000e-01
 1.25000e-01
 1.25000e-01
 1.25000e-01
 1.25000e-01
 1.25000e-01
 1.25000e-01
 1.25000e-01
 1.25000e-01
 1.25000e-01
 1.25000e-01
 1.25000e-01
 1.25000e-01
 1.25000e-01
 1.25000e-01
 1.25000e-01
 1.25000e-01
 1.25000e-01
 1.25000e-01
 1.25000e-01
 1.25000e-01
 1.25000e-01
 1.25000e-01
 1.25000e-01
 1.25000e-01
 1.25000e-01
 1.25000e-01
 1.25000e-01
 1.25000e-01
 1.25000e-01
 1.25000e-01
 1.25000e-01
 1.25000e-01
 1.25000e-01
 1.25000e-01
 1.25000e-01
 1.25000e-01
 1.25000e-01
 1.25000e-01
 1.25000e-01
 1.25000e-01
 1.25000e-01
 1.25000e-01
 1.25000e-01
 1.25000e-01
 1.25000e-01
 1.25000e-01
 1.25000e-01
 1.25000e-01
 1.25000e-01
 1.25000e-01
 1.25000e-01
 1.25000e-01
 1.25000e-01
 1.25000e-01
 1.25000e-01
 1.25000e-01
 1.25000e-01
 1.25000e-01
 1.25000e-01
 1.25000e-01
 1.25000e-01
 1.25000e-01
 1.25000e-01
 1.25000e-01
 1.25000e-01
 1.25000e-01
 1.25000e-01
 1.25000e-01
 1.25000e-01
 1.25000e-01
 1.25000e-01
 1.00000e+00
 1.00000e+00
 1.00000e+00
 1.00000e+00
 1.00000e+00
 1.00000e+00
 1.00000e+00
 1.00000e+00
 1.00000e+00
 1.00000e+00
 1.00000e+00
 1.00000e+00
 1.00000e+00
 1.00000e+00
 1.00000e+00
 1.00000e+00
 1.00000e+00
 1.00000e+00
 1.00000e+00
 1.00000e+00
 1.00000e+00
 1.00000e+00
 1.00000e+00
 1.00000e+00
 1.00000e+00
 1.00000e+00
 1.00000e+00
 1.00000e+00
 1.00000e+00
 1.00000e+00
 1.00000e+00
 1.00000e+00
 1.00000e+00
 1.00000e+00
 1.00000e+00
 1.00000e+00
 1.00000e+00
 1.00000e+00
 1.00000e+00
 1.00000e+00
 1.00000e+00
 1.00000e+00
 1.00000e+00
 1.00000e+00
 1.00000e+00
 1.00000e+00
 1.00000e+00
 1.00000e+00
 1.00000e+00
 1.00000e+00
 1.00000e+00
 1.00000e+00
 1.00000e+00
 1.00000e+00
 1.00000e+00
 1.00000e+00
 1.00000e+00
 1.00000e+00
 1.00000e+00
 1.00000e+00
 1.00000e+00
 1.00000e+00
 1.00000e+00
 1.00000e+00
 1.00000e+00
 1.00000e+00
 1.00000e+00
 1.00000e+00
 1.00000e+00
 1.00000e+00
 1.00000e+00
 1.00000e+00
 1.00000e+00
 1.00000e+00
 1.00000e+00
 1.00000e+00
 1.00000e+00
 1.00000e+00
 1.00000e+00
 1.00000e+00
 1.00000e+00
 1.00000e+00
 1.00000e+00
 1.00000e+00
 1.00000e+00
 1.00000e+00
 1.00000e+00
 1.00000e+00
 1.00000e+00
 1.00000e+00
 1.00000e+00
 1.00000e+00
 1.00000e+00
 1.00000e+00
 1.00000e+00
 1.00000e+00
 1.00000e+00
 1.00000e+00
 1.00000e+00
 1.00000e+00
 1.00000e+00
 1.00000e+00
 1.00000e+00
 1.00000e+00
 1.00000e+00
 1.00000e+00
 1.00000e+00
 1.00000e+00
 1.00000e+00
 1.00000e+00
 1.00000e+00
 1.00000e+00
 1.00000e+00
 1.00000e+00
 1.00000e+00
 1.00000e+00
 1.00000e+00
 1.00000e+00
 1.00000e+00
 1.00000e+00
 1.00000e+00
 1.00000e+00
 1.00000e+00
 1.00000e+00
 1.00000e+00
 1.00000e+00
 1.00000e+00
 1.00000e+00
 1.00000e+00
 1.00000e+00
 9.99999e-01
 9.99999e-01
 9.99999e-01
 9.99999e-01
 9.99999e-01
 9.99995e-01
 9.99995e-01
 9.99995e-01
 9.99995e-01
 9.99995e-01
 9.99969e-01
 9.99969e-01
 9.99969e-01
 9.99969e-01
 9.99969e-01
 9.99833e-01
 9.99833e-01
 9.99833e-01
 9.99833e-01
 9.99833e-01
 9.99217e-01
 9.99217e-01
 9.99217e-01
 9.99217e-01
 9.99217e-01
 9.96868e-01
 9.96868e-01
 9.96868e-01
 9.96868e-01
 9.96868e-01
 9.89565e-01
 9.89565e-01
 9.89565e-01
 9.89565e-01
 9.89565e-01
 9.71665e-01
 9.71665e-01
 9.71665e-01
 9.71665e-01
 9.71665e-01
 9.37968e-01
 9.37968e-01
 9.37968e-01
 9.37968e-01
 9.37968e-01
 8.88882e-01
 8.88882e-01
 8.88882e-01
 8.88882e-01
 8.88882e-01
 8.30173e-01
 8.30173e-01
 8.30173e-01
 8.30173e-01
 8.30173e-01
 7.67393e-01
 7.67393e-01
 7.67393e-01
 7.67393e-01
 7.67393e-01
 7.03829e-01
 7.03829e-01
 7.03829e-01
 7.03829e-01
 7.03829e-01
 6.42103e-01
 6.42103e-01
 6.42103e-01
 6.42103e-01
 6.42103e-01
 5.84743e-01
 5.84743e-01
 5.84743e-01
 5.84743e-01
 5.84743e-01
 5.39188e-01
 5.39188e-01
 5.39188e-01
 5.39188e-01
 5.39188e-01
 5.22806e-01
 5.22805e-01
 5.22805e-01
 5.22804e-01
 5.22804e-01
 5.20147e-01
 5.20147e-01
 5.20146e-01
 5.20146e-01
 5.20146e-01
 5.15822e-01
 5.15823e-01
 5.15823e-01
 5.15823e-01
 5.15824e-01
 5.09213e-01
 5.09214e-01
 5.09215e-01
 5.09216e-01
 5.09216e-01
 5.05271e-01
 5.05272e-01
 5.05274e-01
 5.05275e-01
 5.05275e-01
 5.03090e-01
 5.03092e-01
 5.03093e-01
 5.03094e-01
 5.03095e-01
 5.02102e-01
 5.02102e-01
 5.02103e-01
 5.02105e-01
 5.02107e-01
 5.01693e-01
 5.01692e-01
 5.01693e-01
 5.01695e-01
 5.01697e-01
 5.00833e-01
 5.00832e-01
 5.00832e-01
 5.00835e-01
 5.00837e-01
 5.00273e-01
 5.00273e-01
 5.00271e-01
 5.00272e-01
 5.00273e-01
 5.00137e-01
 5.00134e-01
 5.00135e-01
 5.00132e-01
 5.00133e-01
 4.99888e-01
 4.99889e-01
 4.99886e-01
 4.99882e-01
 4.99884e-01
 4.99672e-01
 4.99670e-01
 4.99667e-01
 4.99666e-01
 4.99663e-01
 4.99551e-01
 4.99545e-01
 4.99543e-01
 4.99543e-01
 4.99537e-01
 4.99278e-01
 4.99270e-01
 4.99272e-01
 4.99270e-01
 4.99263e-01
 4.98004e-01
 4.97997e-01
 4.97999e-01
 4.97997e-01
 4.97989e-01
 4.93748e-01
 4.93742e-01
 4.93745e-01
 4.93742e-01
 4.93735e-01
 4.82990e-01
 4.82985e-01
 4.82986e-01
 4.82983e-01
 4.82977e-01
 4.60995e-01
 4.60990e-01
 4.60990e-01
 4.60988e-01
 4.60983e-01
 4.23736e-01
 4.23733e-01
 4.23732e-01
 4.23730e-01
 4.23728e-01
 3.71003e-01
 3.71002e-01
 3.71001e-01
 3.71000e-01
 3.71000e-01
 3.30900e-01
 3.30898e-01
 3.30896e-01
 3.30895e-01
 3.30894e-01
 3.16516e-01
 3.16514e-01
 3.16514e-01
 3.16513e-01
 3.16513e-01
 3.10173e-01
 3.10172e-01
 3.10172e-01
 3.10171e-01
 3.10172e-01
 3.03235e-01
 3.03235e-01
 3.03235e-01
 3.03235e-01
 3.03236e-01
 2.96380e-01
 2.96380e-01
 2.96380e-01
 2.96381e-01
 2.96381e-01
 2.83194e-01
 2.83195e-01
 2.83195e-01
 2.83196e-01
 2.83195e-01
 2.57189e-01
 2.57190e-01
 2.57190e-01
 2.57191e-01
 2.57191e-01
 2.21058e-01
 2.21058e-01
 2.21059e-01
 2.21060e-01
 2.21061e-01
 1.88453e-01
 1.88453e-01
 1.88454e-01
 1.88454e-01
 1.88455e-01
 1.64737e-01
 1.64737e-01
 1.64737e-01
 1.64738e-01
 1.64738e-01
 1.47901e-01
 1.47901e-01
 1.47901e-01
 1.47901e-01
 1.47901e-01
 1.36291e-01
 1.36291e-01
 1.36291e-01
 1.36291e-01
 1.36291e-01
 1.29965e-01
 1.29965e-01
 1.29966e-01
 1.29966e-01
 1.29966e-01
 1.26982e-01
 1.26982e-01
 1.26982e-01
 1.26982e-01
 1.26982e-01
 1.25737e-01
 1.25737e-01
 1.25737e-01
 1.25737e-01
 1.25737e-01
 1.25261e-01
 1.25261e-01
 1.25261e-01
 1.25261e-01
 1.25261e-01
 1.25089e-01
 1.25089e-01
 1.25089e-01
 1.25089e-01
 1.25089e-01
 1.25030e-01
 1.25030e-01
 1.25030e-01
 1.25030e-01
 1.25030e-01
 1.25010e-01
 1.25010e-01
 1.25010e-01
 1.25010e-01
 1.25010e-01
 1.25003e-01
 1.25003e-01
 1.25003e-01
 1.25003e-01
 1.25003e-01
 1.25001e-01
 1.25001e-01
 1.25001e-01
 1.25001e-01
 1.25001e-01
 1.25000e-01
 1.25000e-01
 1.25000e-01
 1.25000e-01
 1.25000e-01
 1.25000e-01
 1.25000e-01
 1.25000e-01
 1.25000e-01
 1.25000e-01
 1.25000e-01
 1.25000e-01
 1.25000e-01
 1.25000e-01
 1.25000e-01
 1.25000e-01
 1.25000e-01
 1.25000e-01
 1.25000e-01
 1.25000e-01
 1.25000e-01
 1.25000e-01
 1.25000e-01
 1.25000e-01
 1.25000e-01
 1.25000e-01
 1.25000e-01
 1.25000e-01
 1.25000e-01
 1.25000e-01
 1.25000e-01
 1.25000e-01
 1.25000e-01
 1.25000e-01
 1.25000e-01
 1.25000e-01
 1.25000e-01
 1.25000e-01
 1.25000e-01
 1.25000e-01
 1.25000e-01
 1.25000e-01
 1.25000e-01
 1.25000e-01
 1.25000e-01
 1.25000e-01
 1.25000e-01
 1.25000e-01
 1.25000e-01
 1.25000e-01
 1.25000e-01
 1.25000e-01
 1.25000e-01
 1.25000e-01
 1.25000e-01
 1.25000e-01
 1.25000e-01
 1.25000e-01
 1.25000e-01
 1.25000e-01
 1.25000e-01
 1.25000e-01
 1.25000e-01
 1.25000e-01
 1.25000e-01
 1.25000e-01
 1.25000e-01
 1.25000e-01
 1.25000e-01
 1.25000e-01
 1.25000e-01
 1.25000e-01
 1.25000e-01
 1.25000e-01
 1.25000e-01
 1.25000e-01
 1.25000e-01
 1.25000e-01
 1.25000e-01
 1.25000e-01
 1.00000e+00
 1.00000e+00
 1.00000e+00
 1.00000e+00
 1.00000e+00
 1.00000e+00
 1.00000e+00
 1.00000e+00
 1.00000e+00
 1.00000e+00
 1.00000e+00
 1.00000e+00
 1.00000e+00
 1.00000e+00
 1.00000e+00
 1.00000e+00
 1.00000e+00
 1.00000e+00
 1.00000e+00
 1.00000e+00
 1.00000e+00
 1.00000e+00
 1.00000e+00
 1.00000e+00
 1.00000e+00
 1.00000e+00
 1.00000e+00
 1.00000e+00
 1.00000e+00
 1.00000e+00
 1.00000e+00
 1.00000e+00
 1.00000e+00
 1.00000e+00
 1.00000e+00
 1.00000e+00
 1.00000e+00
 1.00000e+00
 1.00000e+00
 1.00000e+00
 1.00000e+00
 1.00000e+00
 1.00000e+00
 1.00000e+00
 1.00000e+00
 1.00000e+00
 1.00000e+00
 1.00000e+00
 1.00000e+00
 1.00000e+00
 1.00000e+00
 1.00000e+00
 1.00000e+00
 1.00000e+00
 1.00000e+00
 1.00000e+00
 1.00000e+00
 1.00000e+00
 1.00000e+00
 1.00000e+00
 1.00000e+00
 1.00000e+00
 1.00000e+00
 1.00000e+00
 1.00000e+00
 1.00000e+00
 1.00000e+00
 1.00000e+00
 1.00000e+00
 1.00000e+00
 1.00000e+00
 1.00000e+00
 1.00000e+00
 1.00000e+00
 1.00000e+00
 1.00000e+00
 1.00000e+00
 1.00000e+00
 1.00000e+00
 1.00000e+00
 1.00000e+00
 1.00000e+00
 1.00000e+00
 1.00000e+00
 1.00000e+00
 1.00000e+00
 1.00000e+00
 1.00000e+00
 1.00000e+00
 1.00000e+00
 1.00000e+00
 1.00000e+00
 1.00000e+00
 1.00000e+00
 1.00000e+00
 1.00000e+00
 1.00000e+00
 1.00000e+00
 1.00000e+00
 1.00000e+00
 1.00000e+00
 1.00000e+00
 1.00000e+00
 1.00000e+00
 1.00000e+00
 1.00000e+00
 1.00000e+00
 1.00000e+00
 1.00000e+00
 1.00000e+00
 1.00000e+00
 1.00000e+00
 1.00000e+00
 1.00000e+00
 1.00000e+00
 1.00000e+00
 1.00000e+00
 1.00000e+00
 1.00000e+00
 1.00000e+00
 1.00000e+00
 1.00000e+00
 1.00000e+00
 1.00000e+00
 1.00000e+00
 1.00000e+00
 1.00000e+00
 1.00000e+00
 1.00000e+00
 1.00000e+00
 9.99999e-01
 9.99999e-01
 9.99999e-01
 9.99999e-01
 9.99999e-01
 9.99995e-01
 9.99995e-01
 9.99995e-01
 9.99995e-01
 9.99995e-01
 9.99969e-01
 9.99969e-01
 9.99969e-01
 9.99969e-01
 9.99969e-01
 9.99833e-01
 9.99833e-01
 9.99833e-01
 9.99833e-01
 9.99833e-01
 9.99217e-01
 9.99217e-01
 9.99217e-01
 9.99217e-01
 9.99217e-01
 9.96868e-01
 9.96868e-01
 9.96868e-01
 9.96868e-01
 9.96868e-01
 9.89565e-01
 9.89565e-01
 9.89565e-01
 9.89565e-01
 9.89565e-01
 9.71665e-01
 9.71665e-01
 9.71665e-01
 9.71665e-01
 9.71665e-01
 9.37969e-01
 9.37969e-01
 9.37969e-01
 9.37969e-01
 9.37969e-01
 8.88883e-01
 8.88883e-01
 8.88883e-01
 8.88883e-01
 8.88883e-01
 8.30174e-01
 8.30174e-01
 8.30174e-01
 8.30174e-01
 8.30174e-01
 7.67394e-01
 7.67394e-01
 7.67394e-01
 7.67394e-01
 7.67394e-01
 7.03830e-01
 7.03830e-01
 7.03830e-01
 7.03830e-01
 7.03830e-01
 6.42105e-01
 6.42105e-01
 6.42105e-01
 6.42105e-01
 6.42105e-01
 5.84744e-01
 5.84744e-01
 5.84744e-01
 5.84744e-01
 5.84744e-01
 5.39194e-01
 5.39194e-01
 5.39194e-01
 5.39194e-01
 5.39194e-01
 5.22797e-01
 5.22796e-01
 5.22795e-01
 5.22795e-01
 5.22794e-01
 5.20124e-01
 5.20123e-01
 5.20123e-01
 5.20123e-01
 5.20123e-01
 5.15791e-01
 5.15792e-01
 5.15792e-01
 5.15793e-01
 5.15793e-01
 5.09183e-01
 5.09184e-01
 5.09186e-01
 5.09187e-01
 5.09187e-01
 5.05260e-01
 5.05262e-01
 5.05264e-01
 5.05266e-01
 5.05267e-01
 5.03154e-01
 5.03156e-01
 5.03158e-01
 5.03159e-01
 5.03160e-01
 5.02192e-01
 5.02191e-01
 5.02191e-01
 5.02194e-01
 5.02196e-01
 5.01729e-01
 5.01726e-01
 5.01726e-01
 5.01728e-01
 5.01731e-01
 5.00792e-01
 5.00789e-01
 5.00787e-01
 5.00790e-01
 5.00793e-01
 5.00177e-01
 5.00172e-01
 5.00171e-01
 5.00170e-01
 5.00172e-01
 5.00071e-01
 5.00072e-01
 5.00066e-01
 5.00066e-01
 5.00064e-01
 4.99858e-01
 4.99856e-01
 4.99856e-01
 4.99849e-01
 4.99848e-01
 4.99696e-01
 4.99703e-01
 4.99699e-01
 4.99694e-01
 4.99690e-01
 4.99601e-01
 4.99611e-01
 4.99609e-01
 4.99604e-01
 4.99597e-01
 4.99330e-01
 4.99336e-01
 4.99340e-01
 4.99332e-01
 4.99325e-01
 4.98044e-01
 4.98047e-01
 4.98055e-01
 4.98045e-01
 4.98038e-01
 4.93765e-01
 4.93769e-01
 4.93776e-01
 4.93767e-01
 4.93760e-01
 4.82960e-01
 4.82968e-01
 4.82975e-01
 4.82967e-01
 4.82960e-01
 4.60889e-01
 4.60905e-01
 4.60911e-01
 4.60905e-01
 4.60899e-01
 4.23534e-01
 4.23561e-01
 4.23570e-01
 4.23566e-01
 4.23563e-01
 3.70729e-01
 3.70770e-01
 3.70781e-01
 3.70780e-01
 3.70778e-01
 3.30877e-01
 3.30910e-01
 3.30919e-01
 3.30916e-01
 3.30918e-01
 3.16700e-01
 3.16720e-01
 3.16726e-01
 3.16725e-01
 3.16725e-01
 3.10336e-01
 3.10348e-01
 3.10348e-01
 3.10348e-01
 3.10343e-01
 3.03305e-01
 3.03311e-01
 3.03308e-01
 3.03309e-01
 3.03288e-01
 2.96320e-01
 2.96322e-01
 2.96317e-01
 2.96317e-01
 2.96286e-01
 2.82938e-01
 2.82935e-01
 2.82929e-01
 2.82929e-01
 2.82898e-01
 2.56938e-01
 2.56933e-01
 2.56930e-01
 2.56931e-01
 2.56918e-01
 2.20989e-01
 2.20987e-01
 2.20987e-01
 2.20988e-01
 2.20990e-01
 1.88474e-01
 1.88473e-01
 1.88474e-01
 1.88475e-01
 1.88475e-01
 1.64748e-01
 1.64748e-01
 1.64749e-01
 1.64749e-01
 1.64749e-01
 1.47901e-01
 1.47902e-01
 1.47902e-01
 1.47902e-01
 1.47902e-01
 1.36291e-01
 1.36292e-01
 1.36292e-01
 1.36292e-01
 1.36292e-01
 1.29966e-01
 1.29966e-01
 1.29966e-01
 1.29966e-01
 1.29966e-01
 1.26982e-01
 1.26982e-01
 1.26982e-01
 1.26982e-01
 1.26982e-01
 1.25737e-01
 1.25737e-01
 1.25737e-01
 1.25737e-01
 1.25737e-01
 1.25261e-01
 1.25261e-01
 1.25261e-01
 1.25261e-01
 1.25261e-01
 1.25089e-01
 1.25089e-01
 1.25089e-01
 1.25089e-01
 1.25089e-01
 1.25030e-01
 1.25030e-01
 1.25030e-01
 1.25030e-01
 1.25030e-01
 1.25010e-01
 1.25010e-01
 1.25010e-01
 1.25010e-01
 1.25010e-01
 1.25003e-01
 1.25003e-01
 1.25003e-01
 1.25003e-01
 1.25003e-01
 1.25001e-01
 1.25001e-01
 1.25001e-01
 1.25001e-01
 1.25001e-01
 1.25000e-01
 1.25000e-01
 1.25000e-01
 1.25000e-01
 1.25000e-01
 1.25000e-01
 1.25000e-01
 1.25000e-01
 1.25000e-01
 1.25000e-01
 1.25000e-01
 1.25000e-01
 1.25000e-01
 1.25000e-01
 1.25000e-01
 1.25000e-01
 1.25000e-01
 1.25000e-01
 1.25000e-01
 1.25000e-01
 1.25000e-01
 1.25000e-01
 1.25000e-01
 1.25000e-01
 1.25000e-01
 1.25000e-01
 1.25000e-01
 1.25000e-01
 1.25000e-01
 1.25000e-01
 1.25000e-01
 1.25000e-01
 1.25000e-01
 1.25000e-01
 1.25000e-01
 1.25000e-01
 1.25000e-01
 1.25000e-01
 1.25000e-01
 1.25000e-01
 1.25000e-01
 1.25000e-01
 1.25000e-01
 1.25000e-01
 1.25000e-01
 1.25000e-01
 1.25000e-01
 1.25000e-01
 1.25000e-01
 1.25000e-01
 1.25000e-01
 1.25000e-01
 1.25000e-01
 1.25000e-01
 1.25000e-01
 1.25000e-01
 1.25000e-01
 1.25000e-01
 1.25000e-01
 1.25000e-01
 1.25000e-01
 1.25000e-01
 1.25000e-01
 1.25000e-01
 1.25000e-01
 1.25000e-01
 1.25000e-01
 1.25000e-01
 1.25000e-01
 1.25000e-01
 1.25000e-01
 1.25000e-01
 1.25000e-01
 1.25000e-01
 1.25000e-01
 1.25000e-01
 1.25000e-01
 1.25000e-01
 1.25000e-01
 1.25000e-01
