1.0000000000000001E-05 1.6032171249389648E-01
2.0500000000000004E-05 1.6013550758361816E-01
3.1525000000000007E-05 1.6003513336181641E-01
4.3101250000000010E-05 1.6076040267944336E-01
5.5256312500000013E-05 1.6018247604370117E-01
6.8019128125000017E-05 1.6004800796508789E-01
8.1420084531250018E-05 1.5921831130981445E-01
9.5491088757812526E-05 1.6092085838317871E-01
1.1026564319570316E-04 1.5972399711608887E-01
1.2577892535548833E-04 1.6032719612121582E-01
1.4206787162326275E-04 1.6023063659667969E-01
1.5917126520442591E-04 1.6053628921508789E-01
1.7712982846464722E-04 1.5901827812194824E-01
1.9598631988787958E-04 1.6005373001098633E-01
2.1578563588227356E-04 1.6046357154846191E-01
2.3657491767638725E-04 1.6065764427185059E-01
2.5840366356020660E-04 1.6029047966003418E-01
2.8132384673821697E-04 1.5959692001342773E-01
3.0539003907512785E-04 1.6089320182800293E-01
3.3065954102888426E-04 1.5928435325622559E-01
3.5719251808032847E-04 1.5876770019531250E-01
3.8505214398434494E-04 1.5801358222961426E-01
4.1430475118356224E-04 1.5794706344604492E-01
4.4501998874274035E-04 1.5855026245117188E-01
4.7727098817987741E-04 1.5864658355712891E-01
5.1113453758887132E-04 1.5944695472717285E-01
5.4669126446831495E-04 1.6104650497436523E-01
5.8402582769173075E-04 1.6103506088256836E-01
6.2322711907631734E-04 1.6133642196655273E-01
6.6438847503013320E-04 1.5936207771301270E-01
7.0760789878163990E-04 1.5911269187927246E-01
7.5298829372072191E-04 1.5889668464660645E-01
8.0063770840675804E-04 1.5901827812194824E-01
8.5066959382709597E-04 1.5914058685302734E-01
9.0320307351845076E-04 1.5880370140075684E-01
9.5836322719437339E-04 1.5841460227966309E-01
1.0162813885540921E-03 1.5845394134521484E-01
1.0770954579817967E-03 1.5804719924926758E-01
1.1409502308808866E-03 1.5792989730834961E-01
1.2079977424249309E-03 1.5811920166015625E-01
1.2783976295461775E-03 1.5935873985290527E-01
1.3523175110234863E-03 1.5869855880737305E-01
1.4299333865746607E-03 1.5894317626953125E-01
1.5114300559033939E-03 1.5879893302917480E-01
1.5970015586985638E-03 1.6010022163391113E-01
1.6868516366334921E-03 1.5997862815856934E-01
1.7811942184651668E-03 1.5820384025573730E-01
1.8802539293884253E-03 1.5825629234313965E-01
1.9842666258578466E-03 1.5843558311462402E-01
2.0934799571507390E-03 1.7344856262207031E-01
2.2081539550082760E-03 1.5819978713989258E-01
2.3285616527586898E-03 1.6016697883605957E-01
2.4549897353966245E-03 1.6078042984008789E-01
2.5877392221664557E-03 1.6129326820373535E-01
2.7271261832747785E-03 1.6016483306884766E-01
2.8734824924385176E-03 1.6165328025817871E-01
3.0271566170604436E-03 1.6020774841308594E-01
3.1885144479134658E-03 1.6026592254638672E-01
3.3579401703091394E-03 1.6096878051757812E-01
3.5358371788245966E-03 1.6112184524536133E-01
3.7226290377658268E-03 1.6136503219604492E-01
3.9187604896541179E-03 1.6046738624572754E-01
4.1246985141368238E-03 1.5878748893737793E-01
4.3409334398436649E-03 1.5903687477111816E-01
4.5679801118358480E-03 1.5983486175537109E-01
4.8063791174276409E-03 1.6018986701965332E-01
5.0566980732990232E-03 1.5942883491516113E-01
5.3195329769639742E-03 1.6044831275939941E-01
5.5955096258121732E-03 1.5896701812744141E-01
5.8852851071027820E-03 1.6063809394836426E-01
6.1895493624579212E-03 1.5989708900451660E-01
6.5090268305808179E-03 1.6044902801513672E-01
6.8444781721098587E-03 1.5957856178283691E-01
7.1967020807153521E-03 1.6018104553222656E-01
7.5665371847511197E-03 1.6038894653320312E-01
7.9548640439886763E-03 1.6022634506225586E-01
8.3626072461881109E-03 1.5990686416625977E-01
8.7907376084975161E-03 1.6012406349182129E-01
9.2402744889223919E-03 1.5993952751159668E-01
9.7122882133685116E-03 1.5956544876098633E-01
1.0207902624036938E-02 1.6057205200195312E-01
1.0728297755238786E-02 1.6077303886413574E-01
1.1274712643000725E-02 1.6145467758178711E-01
1.1848448275150761E-02 1.6039729118347168E-01
1.2450870688908299E-02 1.6051340103149414E-01
1.3083414223353716E-02 1.6116285324096680E-01
1.3747584934521401E-02 1.6293430328369141E-01
1.4444964181247473E-02 1.6060972213745117E-01
1.5177212390309848E-02 1.6210460662841797E-01
1.5946073009825340E-02 1.6242432594299316E-01
1.6753376660316607E-02 1.6262507438659668E-01
1.7601045493332440E-02 1.6195106506347656E-01
1.8491097767999062E-02 1.6245841979980469E-01
1.9425652656399017E-02 1.6278767585754395E-01
2.0406935289218969E-02 1.6198205947875977E-01
2.1437282053679920E-02 1.6214966773986816E-01
2.2519146156363919E-02 1.6256904602050781E-01
2.3655103464182117E-02 1.6239380836486816E-01
2.4847858637391224E-02 1.6230082511901855E-01
2.6100251569260786E-02 1.7632293701171875E-01
2.7415264147723824E-02 1.6321396827697754E-01
2.8796027355110016E-02 1.6219210624694824E-01
3.0245828722865516E-02 1.6271924972534180E-01
3.1768120159008796E-02 1.6224980354309082E-01
3.3366526166959239E-02 1.6385889053344727E-01
3.5044852475307205E-02 1.6261243820190430E-01
3.6807095099072568E-02 1.6312789916992188E-01
3.8657449854026193E-02 1.6294932365417480E-01
4.0600322346727502E-02 1.6328787803649902E-01
4.2595358492230201E-02 1.6321158409118652E-01
4.4588595312381338E-02 1.6509842872619629E-01
4.6589019718419944E-02 1.6357374191284180E-01
4.8597136105559317E-02 1.6322374343872070E-01
5.0596829802511456E-02 1.6327834129333496E-01
5.2593324903966628E-02 1.6276097297668457E-01
5.4591682130679227E-02 1.6405940055847168E-01
5.6597773088815070E-02 1.6377520561218262E-01
5.8606751512060226E-02 1.6475105285644531E-01
6.0613209544639404E-02 1.6308999061584473E-01
6.2620145320992471E-02 1.6316556930541992E-01
6.4631012958630052E-02 1.6305565834045410E-01
6.6649704256802264E-02 1.6377258300781250E-01
6.8668113677152684E-02 1.6338729858398438E-01
7.0686625037746934E-02 1.6457915306091309E-01
7.2707914857476602E-02 1.6167306900024414E-01
7.4734262434678123E-02 1.6155767440795898E-01
7.6765385271402753E-02 1.6121220588684082E-01
7.8796814224641742E-02 1.6111540794372559E-01
8.0829689281653114E-02 1.6140079498291016E-01
8.2866202605562322E-02 1.6469168663024902E-01
8.4907968372343559E-02 1.6280770301818848E-01
8.6951043800556974E-02 1.6232466697692871E-01
8.8995514338335274E-02 1.6181898117065430E-01
9.1042474167801479E-02 1.6410779953002930E-01
9.3093193058243096E-02 1.6124296188354492E-01
9.5145869104326944E-02 1.6189813613891602E-01
9.7199925514137892E-02 1.6297221183776855E-01
9.9255976479394797E-02 1.6246914863586426E-01
1.0131468142429276E-01 1.6327238082885742E-01
1.0337499950706362E-01 1.6283559799194336E-01
1.0543656778916143E-01 1.6222929954528809E-01
1.0749982738747399E-01 1.6420030593872070E-01
1.0956498098197529E-01 1.6387343406677246E-01
1.1163152512340997E-01 1.6263937950134277E-01
1.1369927923412297E-01 1.6208720207214355E-01
1.1576790895629507E-01 1.6262984275817871E-01
1.1783766994926063E-01 1.6268372535705566E-01
1.1990807156700177E-01 1.6294527053833008E-01
1.2197938753852612E-01 1.6256213188171387E-01
1.2405183243623547E-01 1.7602157592773438E-01
1.2612474305870677E-01 1.6215300559997559E-01
1.2819893598055107E-01 1.6307830810546875E-01
1.3027433602336624E-01 1.6264605522155762E-01
1.3235088507916301E-01 1.6285181045532227E-01
1.3442834771656248E-01 1.6266727447509766E-01
1.3650701777907123E-01 1.6324734687805176E-01
1.3858666237858114E-01 1.6266012191772461E-01
1.4066717049196867E-01 1.6253232955932617E-01
1.4274852908285091E-01 1.6307902336120605E-01
1.4483075152552768E-01 1.6192245483398438E-01
1.4691380430543780E-01 1.6257858276367188E-01
1.4899777377769091E-01 1.6248536109924316E-01
1.5108238553024170E-01 1.6242098808288574E-01
1.5316763658924112E-01 1.6113948822021484E-01
1.5525351262150713E-01 1.6317200660705566E-01
1.5733992445603423E-01 1.6193461418151855E-01
1.5942692260219707E-01 1.6292142868041992E-01
1.6151450068958656E-01 1.6199898719787598E-01
1.6360246763997321E-01 1.6257619857788086E-01
1.6569061157445447E-01 1.6291427612304688E-01
1.6777875240643716E-01 1.6180825233459473E-01
1.6986693593210794E-01 1.6114664077758789E-01
1.7195518398794291E-01 1.6349005699157715E-01
1.7404402129237442E-01 1.6203284263610840E-01
1.7613295901908171E-01 1.6235470771789551E-01
1.7822199030197688E-01 1.6118431091308594E-01
1.8031104061947092E-01 1.6166114807128906E-01
1.8240014367011828E-01 1.6183567047119141E-01
1.8448969104142887E-01 1.6256928443908691E-01
1.8657932239637001E-01 1.6171026229858398E-01
1.8866903170953778E-01 1.6239452362060547E-01
1.9075880562420425E-01 1.6347098350524902E-01
1.9284858751912545E-01 1.6383552551269531E-01
1.9493882690121414E-01 1.6295528411865234E-01
1.9702914271090338E-01 1.6351532936096191E-01
1.9911950431436073E-01 1.6231942176818848E-01
