Density
part
         1
hexa8
 0.00000e+00
 0.00000e+00
 0.00000e+00
 0.00000e+00
 0.00000e+00
 0.00000e+00
 4.93272e-14
 7.38194e-10
 4.49384e-08
 7.54735e-07
 6.12840e-06
 2.12537e-05
 9.27366e-05
 1.17134e-04
 2.17901e-05
 2.32073e-06
 1.29092e-07
 2.01685e-09
 1.32190e-13
 0.00000e+00
 0.00000e+00
 0.00000e+00
 0.00000e+00
 0.00000e+00
 0.00000e+00
 0.00000e+00
 0.00000e+00
 0.00000e+00
 0.00000e+00
 0.00000e+00
 0.00000e+00
 1.32190e-13
 2.01685e-09
 1.29092e-07
 2.32073e-06
 2.17901e-05
 1.17134e-04
 9.27366e-05
 2.12537e-05
 6.12840e-06
 7.54735e-07
 4.49384e-08
 7.38194e-10
 4.93272e-14
 0.00000e+00
 0.00000e+00
 0.00000e+00
 0.00000e+00
 0.00000e+00
 0.00000e+00
 0.00000e+00
 0.00000e+00
 0.00000e+00
 0.00000e+00
 0.00000e+00
 0.00000e+00
 6.55769e-13
 2.60989e-09
 1.09927e-07
 1.52885e-06
 1.13227e-05
 3.75480e-05
 1.41041e-04
 1.76605e-04
 3.41867e-05
 4.02589e-06
 2.69402e-07
 5.97393e-09
 1.41888e-12
 0.00000e+00
 0.00000e+00
 0.00000e+00
 0.00000e+00
 0.00000e+00
 0.00000e+00
 0.00000e+00
 0.00000e+00
 0.00000e+00
 0.00000e+00
 0.00000e+00
 0.00000e+00
 1.41888e-12
 5.97393e-09
 2.69402e-07
 4.02589e-06
 3.41867e-05
 1.76605e-04
 1.41041e-04
 3.75480e-05
 1.13227e-05
 1.52885e-06
 1.09927e-07
 2.60989e-09
 6.55769e-13
 0.00000e+00
 0.00000e+00
 0.00000e+00
 0.00000e+00
 0.00000e+00
 0.00000e+00
 0.00000e+00
 0.00000e+00
 0.00000e+00
 0.00000e+00
 0.00000e+00
 0.00000e+00
 1.67732e-11
 1.40415e-08
 3.41559e-07
 3.33497e-06
 1.94740e-05
 5.39555e-05
 1.83160e-04
 2.33514e-04
 5.32729e-05
 8.06591e-06
 7.62607e-07
 2.91465e-08
 3.27755e-11
 0.00000e+00
 0.00000e+00
 0.00000e+00
 0.00000e+00
 0.00000e+00
 0.00000e+00
 0.00000e+00
 0.00000e+00
 0.00000e+00
 0.00000e+00
 0.00000e+00
 0.00000e+00
 3.27755e-11
 2.91465e-08
 7.62607e-07
 8.06591e-06
 5.32729e-05
 2.33514e-04
 1.83160e-04
 5.39555e-05
 1.94740e-05
 3.33497e-06
 3.41559e-07
 1.40415e-08
 1.67732e-11
 0.00000e+00
 0.00000e+00
 0.00000e+00
 0.00000e+00
 0.00000e+00
 0.00000e+00
 0.00000e+00
 0.00000e+00
 0.00000e+00
 0.00000e+00
 0.00000e+00
 0.00000e+00
 7.56125e-10
 1.26894e-07
 1.63408e-06
 1.02940e-05
 4.44286e-05
 9.69016e-05
 2.68092e-04
 3.78172e-04
 1.11565e-04
 2.31945e-05
 3.39843e-06
 2.46794e-07
 1.39014e-09
 0.00000e+00
 0.00000e+00
 0.00000e+00
 0.00000e+00
 0.00000e+00
 0.00000e+00
 0.00000e+00
 0.00000e+00
 0.00000e+00
 0.00000e+00
 0.00000e+00
 0.00000e+00
 1.39014e-09
 2.46794e-07
 3.39843e-06
 2.31945e-05
 1.11565e-04
 3.78172e-04
 2.68092e-04
 9.69016e-05
 4.44286e-05
 1.02940e-05
 1.63408e-06
 1.26894e-07
 7.56125e-10
 0.00000e+00
 0.00000e+00
 0.00000e+00
 0.00000e+00
 0.00000e+00
 0.00000e+00
 0.00000e+00
 0.00000e+00
 0.00000e+00
 0.00000e+00
 0.00000e+00
 0.00000e+00
 5.93477e-08
 1.93698e-06
 1.19895e-05
 4.38533e-05
 1.25718e-04
 1.85310e-04
 3.94331e-04
 6.55607e-04
 2.89966e-04
 9.31901e-05
 2.36027e-05
 3.58943e-06
 1.04379e-07
 0.00000e+00
 0.00000e+00
 0.00000e+00
 0.00000e+00
 0.00000e+00
 0.00000e+00
 0.00000e+00
 0.00000e+00
 0.00000e+00
 0.00000e+00
 0.00000e+00
 0.00000e+00
 1.04379e-07
 3.58943e-06
 2.36027e-05
 9.31901e-05
 2.89966e-04
 6.55607e-04
 3.94331e-04
 1.85310e-04
 1.25718e-04
 4.38533e-05
 1.19895e-05
 1.93698e-06
 5.93477e-08
 0.00000e+00
 0.00000e+00
 0.00000e+00
 0.00000e+00
 0.00000e+00
 0.00000e+00
 0.00000e+00
 0.00000e+00
 0.00000e+00
 0.00000e+00
 0.00000e+00
 0.00000e+00
 9.40603e-06
 5.66690e-05
 1.48437e-04
 2.83066e-04
 4.66362e-04
 4.30051e-04
 6.63585e-04
 1.39123e-03
 1.05015e-03
 5.74662e-04
 2.80041e-04
 1.00998e-04
 1.59477e-05
 0.00000e+00
 0.00000e+00
 0.00000e+00
 0.00000e+00
 0.00000e+00
 0.00000e+00
 0.00000e+00
 0.00000e+00
 0.00000e+00
 0.00000e+00
 0.00000e+00
 0.00000e+00
 1.59477e-05
 1.00998e-04
 2.80041e-04
 5.74662e-04
 1.05015e-03
 1.39123e-03
 6.63585e-04
 4.30051e-04
 4.66362e-04
 2.83066e-04
 1.48437e-04
 5.66690e-05
 9.40603e-06
 0.00000e+00
 0.00000e+00
 0.00000e+00
 0.00000e+00
 0.00000e+00
 0.00000e+00
 1.00109e-02
 7.76635e-03
 6.08932e-03
 5.10871e-03
 4.49964e-03
 4.05459e-03
 3.75553e-03
 3.44726e-03
 3.11181e-03
 2.72011e-03
 2.20301e-03
 1.26952e-03
 1.26228e-03
 3.77013e-03
 4.85481e-03
 5.37234e-03
 5.70815e-03
 5.96233e-03
 6.17113e-03
 6.35686e-03
 6.68268e-03
 7.11312e-03
 7.65183e-03
 8.09960e-03
 8.35834e-03
 8.35834e-03
 8.09960e-03
 7.65183e-03
 7.11312e-03
 6.68268e-03
 6.35686e-03
 6.17113e-03
 5.96233e-03
 5.70815e-03
 5.37234e-03
 4.85481e-03
 3.77013e-03
 1.26228e-03
 1.26952e-03
 2.20301e-03
 2.72011e-03
 3.11181e-03
 3.44726e-03
 3.75553e-03
 4.05459e-03
 4.49964e-03
 5.10871e-03
 6.08932e-03
 7.76635e-03
 1.00109e-02
 8.58518e-03
 6.69531e-03
 4.93050e-03
 3.76892e-03
 3.17412e-03
 2.79092e-03
 2.75666e-03
 2.75202e-03
 2.70728e-03
 2.55398e-03
 2.21710e-03
 1.45646e-03
 1.45543e-03
 3.96210e-03
 4.82024e-03
 5.14969e-03
 5.24920e-03
 5.24982e-03
 5.21495e-03
 5.21260e-03
 5.84671e-03
 6.80976e-03
 8.59564e-03
 1.03149e-02
 1.13082e-02
 1.13082e-02
 1.03149e-02
 8.59564e-03
 6.80976e-03
 5.84671e-03
 5.21260e-03
 5.21495e-03
 5.24982e-03
 5.24920e-03
 5.14969e-03
 4.82024e-03
 3.96210e-03
 1.45543e-03
 1.45646e-03
 2.21710e-03
 2.55398e-03
 2.70728e-03
 2.75202e-03
 2.75666e-03
 2.79092e-03
 3.17412e-03
 3.76892e-03
 4.93050e-03
 6.69531e-03
 8.58518e-03
 5.81597e-03
 4.10661e-03
 2.30479e-03
 1.37204e-03
 9.77346e-04
 7.63009e-04
 8.00468e-04
 1.01636e-03
 1.43318e-03
 1.96114e-03
 1.97852e-03
 1.44439e-03
 1.50729e-03
 3.86243e-03
 4.36441e-03
 3.92264e-03
 2.74608e-03
 1.83992e-03
 1.36264e-03
 1.26741e-03
 1.60051e-03
 2.27282e-03
 3.93117e-03
 7.45040e-03
 1.07017e-02
 1.07017e-02
 7.45040e-03
 3.93117e-03
 2.27282e-03
 1.60051e-03
 1.26741e-03
 1.36264e-03
 1.83992e-03
 2.74608e-03
 3.92264e-03
 4.36441e-03
 3.86243e-03
 1.50729e-03
 1.44439e-03
 1.97852e-03
 1.96114e-03
 1.43318e-03
 1.01636e-03
 8.00468e-04
 7.63009e-04
 9.77346e-04
 1.37204e-03
 2.30479e-03
 4.10661e-03
 5.81597e-03
 4.78390e-03
 2.85194e-03
 1.10905e-03
 4.85893e-04
 2.71678e-04
 1.80816e-04
 1.95615e-04
 2.95967e-04
 5.64106e-04
 1.16858e-03
 1.66250e-03
 1.36016e-03
 1.47806e-03
 3.62000e-03
 3.69466e-03
 2.22816e-03
 1.01022e-03
 4.83358e-04
 2.99964e-04
 2.76075e-04
 4.13059e-04
 7.15709e-04
 1.64965e-03
 4.79144e-03
 1.02408e-02
 1.02408e-02
 4.79144e-03
 1.64965e-03
 7.15709e-04
 4.13059e-04
 2.76075e-04
 2.99964e-04
 4.83358e-04
 1.01022e-03
 2.22816e-03
 3.69466e-03
 3.62000e-03
 1.47806e-03
 1.36016e-03
 1.66250e-03
 1.16858e-03
 5.64106e-04
 2.95967e-04
 1.95615e-04
 1.80816e-04
 2.71678e-04
 4.85893e-04
 1.10905e-03
 2.85194e-03
 4.78390e-03
 4.22531e-03
 2.04977e-03
 5.30536e-04
 1.61308e-04
 6.84160e-05
 3.50356e-05
 3.99321e-05
 8.81216e-05
 2.50910e-04
 6.83386e-04
 1.33750e-03
 1.23006e-03
 1.40021e-03
 3.32591e-03
 2.99712e-03
 1.30582e-03
 4.39425e-04
 1.45624e-04
 7.24179e-05
 7.03813e-05
 1.34726e-04
 2.57792e-04
 7.03452e-04
 2.89537e-03
 9.86280e-03
 9.86280e-03
 2.89537e-03
 7.03452e-04
 2.57792e-04
 1.34726e-04
 7.03813e-05
 7.24179e-05
 1.45624e-04
 4.39425e-04
 1.30582e-03
 2.99712e-03
 3.32591e-03
 1.40021e-03
 1.23006e-03
 1.33750e-03
 6.83386e-04
 2.50910e-04
 8.81216e-05
 3.99321e-05
 3.50356e-05
 6.84160e-05
 1.61308e-04
 5.30536e-04
 2.04977e-03
 4.22531e-03
 3.90508e-03
 1.58812e-03
 2.78674e-04
 6.58557e-05
 2.74508e-05
 1.14046e-05
 1.05594e-05
 3.26576e-05
 1.34052e-04
 4.59720e-04
 1.06815e-03
 1.08588e-03
 1.27916e-03
 3.01674e-03
 2.40100e-03
 8.81002e-04
 2.33097e-04
 5.88089e-05
 2.70250e-05
 3.86405e-05
 8.81624e-05
 1.59776e-04
 3.80187e-04
 1.79872e-03
 9.53213e-03
 9.53213e-03
 1.79872e-03
 3.80187e-04
 1.59776e-04
 8.81624e-05
 3.86405e-05
 2.70250e-05
 5.88089e-05
 2.33097e-04
 8.81002e-04
 2.40100e-03
 3.01674e-03
 1.27916e-03
 1.08588e-03
 1.06815e-03
 4.59720e-04
 1.34052e-04
 3.26576e-05
 1.05594e-05
 1.14046e-05
 2.74508e-05
 6.58557e-05
 2.78674e-04
 1.58812e-03
 3.90508e-03
 3.73161e-03
 1.38197e-03
 1.98089e-04
 4.89791e-05
 2.57500e-05
 1.20447e-05
 2.64176e-06
 2.60859e-05
 1.19216e-04
 4.02452e-04
 9.63320e-04
 9.44155e-04
 1.12249e-03
 2.76043e-03
 2.24664e-03
 8.04942e-04
 2.12675e-04
 4.60930e-05
 6.10312e-06
 3.43405e-05
 8.88760e-05
 1.55583e-04
 3.08547e-04
 1.34900e-03
 9.24094e-03
 9.24094e-03
 1.34900e-03
 3.08547e-04
 1.55583e-04
 8.88760e-05
 3.43405e-05
 6.10312e-06
 4.60930e-05
 2.12675e-04
 8.04942e-04
 2.24664e-03
 2.76043e-03
 1.12249e-03
 9.44155e-04
 9.63320e-04
 4.02452e-04
 1.19216e-04
 2.60859e-05
 2.64176e-06
 1.20447e-05
 2.57500e-05
 4.89791e-05
 1.98089e-04
 1.38197e-03
 3.73161e-03
 3.66501e-03
 1.35064e-03
 2.01205e-04
 7.38007e-05
 5.20749e-05
 3.39866e-05
 2.39017e-05
 5.43344e-05
 1.59885e-04
 4.54193e-04
 8.54294e-04
 8.12633e-04
 9.58125e-04
 2.47059e-03
 2.13951e-03
 9.58010e-04
 3.04948e-04
 1.00929e-04
 4.72186e-05
 7.62959e-05
 1.50440e-04
 2.33710e-04
 3.66453e-04
 1.32470e-03
 9.03651e-03
 9.03651e-03
 1.32470e-03
 3.66453e-04
 2.33710e-04
 1.50440e-04
 7.62959e-05
 4.72186e-05
 1.00929e-04
 3.04948e-04
 9.58010e-04
 2.13951e-03
 2.47059e-03
 9.58125e-04
 8.12633e-04
 8.54294e-04
 4.54193e-04
 1.59885e-04
 5.43344e-05
 2.39017e-05
 3.39866e-05
 5.20749e-05
 7.38007e-05
 2.01205e-04
 1.35064e-03
 3.66501e-03
 3.90216e-03
 1.61719e-03
 2.82816e-04
 1.06249e-04
 9.33144e-05
 9.78214e-05
 8.98150e-05
 1.39297e-04
 2.74294e-04
 5.34992e-04
 7.30541e-04
 6.80912e-04
 7.93580e-04
 2.12930e-03
 1.99186e-03
 1.30025e-03
 5.77417e-04
 2.88211e-04
 1.86558e-04
 2.21276e-04
 2.84283e-04
 3.20330e-04
 4.65250e-04
 1.56468e-03
 9.29465e-03
 9.29465e-03
 1.56468e-03
 4.65250e-04
 3.20330e-04
 2.84283e-04
 2.21276e-04
 1.86558e-04
 2.88211e-04
 5.77417e-04
 1.30025e-03
 1.99186e-03
 2.12930e-03
 7.93580e-04
 6.80912e-04
 7.30541e-04
 5.34992e-04
 2.74294e-04
 1.39297e-04
 8.98150e-05
 9.78214e-05
 9.33144e-05
 1.06249e-04
 2.82816e-04
 1.61719e-03
 3.90216e-03
 4.30899e-03
 2.09814e-03
 4.30364e-04
 1.58069e-04
 1.31530e-04
 1.70044e-04
 2.20460e-04
 2.72888e-04
 3.96336e-04
 5.12419e-04
 5.85501e-04
 5.43873e-04
 6.26032e-04
 1.72096e-03
 1.74784e-03
 1.45482e-03
 1.04538e-03
 6.83263e-04
 5.27804e-04
 4.94220e-04
 4.35968e-04
 4.41993e-04
 6.44118e-04
 1.99647e-03
 1.01794e-02
 1.01794e-02
 1.99647e-03
 6.44118e-04
 4.41993e-04
 4.35968e-04
 4.94220e-04
 5.27804e-04
 6.83263e-04
 1.04538e-03
 1.45482e-03
 1.74784e-03
 1.72096e-03
 6.26032e-04
 5.43873e-04
 5.85501e-04
 5.12419e-04
 3.96336e-04
 2.72888e-04
 2.20460e-04
 1.70044e-04
 1.31530e-04
 1.58069e-04
 4.30364e-04
 2.09814e-03
 4.30899e-03
 5.13756e-03
 3.30537e-03
 8.64978e-04
 2.90937e-04
 1.70626e-04
 1.70994e-04
 2.40371e-04
 2.95020e-04
 3.57651e-04
 4.03055e-04
 4.14992e-04
 3.93252e-04
 4.47997e-04
 1.21032e-03
 1.37970e-03
 1.30152e-03
 1.12706e-03
 9.24763e-04
 7.91144e-04
 6.51656e-04
 5.41096e-04
 6.03864e-04
 1.06655e-03
 3.03010e-03
 1.17160e-02
 1.17160e-02
 3.03010e-03
 1.06655e-03
 6.03864e-04
 5.41096e-04
 6.51656e-04
 7.91144e-04
 9.24763e-04
 1.12706e-03
 1.30152e-03
 1.37970e-03
 1.21032e-03
 4.47997e-04
 3.93252e-04
 4.14992e-04
 4.03055e-04
 3.57651e-04
 2.95020e-04
 2.40371e-04
 1.70994e-04
 1.70626e-04
 2.90937e-04
 8.64978e-04
 3.30537e-03
 5.13756e-03
 6.19088e-03
 5.79651e-03
 2.37002e-03
 1.05605e-03
 4.32760e-04
 1.79825e-04
 1.19480e-04
 1.60672e-04
 1.81037e-04
 1.90487e-04
 1.92345e-04
 1.94382e-04
 2.20300e-04
 5.04161e-04
 7.06476e-04
 7.60139e-04
 7.32626e-04
 6.64367e-04
 5.33287e-04
 5.63365e-04
 7.71374e-04
 1.32163e-03
 2.56013e-03
 5.45129e-03
 1.42779e-02
 1.42779e-02
 5.45129e-03
 2.56013e-03
 1.32163e-03
 7.71374e-04
 5.63365e-04
 5.33287e-04
 6.64367e-04
 7.32626e-04
 7.60139e-04
 7.06476e-04
 5.04161e-04
 2.20300e-04
 1.94382e-04
 1.92345e-04
 1.90487e-04
 1.81037e-04
 1.60672e-04
 1.19480e-04
 1.79825e-04
 4.32760e-04
 1.05605e-03
 2.37002e-03
 5.79651e-03
 6.19088e-03
 8.27352e-03
 9.63314e-03
 7.21772e-03
 6.17229e-03
 5.48809e-03
 5.01310e-03
 4.68841e-03
 4.50264e-03
 4.44971e-03
 4.55729e-03
 4.95166e-03
 5.57293e-03
 6.43376e-03
 7.14103e-03
 7.57380e-03
 7.79111e-03
 7.86299e-03
 7.88634e-03
 7.91959e-03
 8.07095e-03
 8.42929e-03
 9.09457e-03
 1.02748e-02
 1.25929e-02
 1.93495e-02
 1.93495e-02
 1.25929e-02
 1.02748e-02
 9.09457e-03
 8.42929e-03
 8.07095e-03
 7.91959e-03
 7.88634e-03
 7.86299e-03
 7.79111e-03
 7.57380e-03
 7.14103e-03
 6.43376e-03
 5.57293e-03
 4.95166e-03
 4.55729e-03
 4.44971e-03
 4.50264e-03
 4.68841e-03
 5.01310e-03
 5.48809e-03
 6.17229e-03
 7.21772e-03
 9.63314e-03
 8.27352e-03
 1.03108e-02
 1.26511e-02
 1.03247e-02
 9.46656e-03
 9.00062e-03
 8.75393e-03
 8.65276e-03
 8.68021e-03
 9.35852e-03
 1.04748e-02
 1.21763e-02
 1.63576e-02
 2.60058e-02
 3.53967e-02
 3.66388e-02
 3.59308e-02
 3.45654e-02
 3.28919e-02
 3.12920e-02
 2.97228e-02
 2.81437e-02
 2.64846e-02
 2.50562e-02
 2.48664e-02
 2.73511e-02
 2.73511e-02
 2.48664e-02
 2.50562e-02
 2.64846e-02
 2.81437e-02
 2.97228e-02
 3.12920e-02
 3.28919e-02
 3.45654e-02
 3.59308e-02
 3.66388e-02
 3.53967e-02
 2.60058e-02
 1.63576e-02
 1.21763e-02
 1.04748e-02
 9.35852e-03
 8.68021e-03
 8.65276e-03
 8.75393e-03
 9.00062e-03
 9.46656e-03
 1.03247e-02
 1.26511e-02
 1.03108e-02
 1.02515e-02
 1.19927e-02
 8.08442e-03
 5.99659e-03
 4.95029e-03
 4.62220e-03
 4.82535e-03
 5.71783e-03
 6.49081e-03
 7.59901e-03
 9.29432e-03
 1.37123e-02
 3.23248e-02
 4.66021e-02
 4.47622e-02
 4.09462e-02
 3.70238e-02
 3.29781e-02
 3.12694e-02
 2.98799e-02
 2.83671e-02
 2.66461e-02
 2.55922e-02
 2.56487e-02
 2.88327e-02
 2.88327e-02
 2.56487e-02
 2.55922e-02
 2.66461e-02
 2.83671e-02
 2.98799e-02
 3.12694e-02
 3.29781e-02
 3.70238e-02
 4.09462e-02
 4.47622e-02
 4.66021e-02
 3.23248e-02
 1.37123e-02
 9.29432e-03
 7.59901e-03
 6.49081e-03
 5.71783e-03
 4.82535e-03
 4.62220e-03
 4.95029e-03
 5.99659e-03
 8.08442e-03
 1.19927e-02
 1.02515e-02
 1.00368e-02
 1.06315e-02
 5.54868e-03
 4.00499e-03
 3.69440e-03
 3.88302e-03
 4.42704e-03
 4.94211e-03
 6.16915e-03
 7.37491e-03
 9.04120e-03
 1.26240e-02
 3.76674e-02
 5.26085e-02
 4.61084e-02
 3.50613e-02
 2.68296e-02
 2.04950e-02
 1.99572e-02
 2.13267e-02
 2.35515e-02
 2.46283e-02
 2.49023e-02
 2.54685e-02
 2.95291e-02
 2.95291e-02
 2.54685e-02
 2.49023e-02
 2.46283e-02
 2.35515e-02
 2.13267e-02
 1.99572e-02
 2.04950e-02
 2.68296e-02
 3.50613e-02
 4.61084e-02
 5.26085e-02
 3.76674e-02
 1.26240e-02
 9.04120e-03
 7.37491e-03
 6.16915e-03
 4.94211e-03
 4.42704e-03
 3.88302e-03
 3.69440e-03
 4.00499e-03
 5.54868e-03
 1.06315e-02
 1.00368e-02
 9.74323e-03
 9.40591e-03
 4.10322e-03
 3.04628e-03
 2.82267e-03
 2.73896e-03
 2.68423e-03
 3.03848e-03
 4.73088e-03
 6.97995e-03
 9.05987e-03
 1.16028e-02
 4.18094e-02
 5.63532e-02
 4.02795e-02
 2.34455e-02
 1.54392e-02
 1.06019e-02
 9.99281e-03
 1.16530e-02
 1.58894e-02
 2.10148e-02
 2.34121e-02
 2.50425e-02
 3.01423e-02
 3.01423e-02
 2.50425e-02
 2.34121e-02
 2.10148e-02
 1.58894e-02
 1.16530e-02
 9.99281e-03
 1.06019e-02
 1.54392e-02
 2.34455e-02
 4.02795e-02
 5.63532e-02
 4.18094e-02
 1.16028e-02
 9.05987e-03
 6.97995e-03
 4.73088e-03
 3.03848e-03
 2.68423e-03
 2.73896e-03
 2.82267e-03
 3.04628e-03
 4.10322e-03
 9.40591e-03
 9.74323e-03
 9.78744e-03
 8.31933e-03
 3.46124e-03
 2.40226e-03
 1.83229e-03
 1.29210e-03
 9.93924e-04
 1.39452e-03
 2.71292e-03
 5.58811e-03
 8.99872e-03
 1.09300e-02
 4.53956e-02
 5.89401e-02
 3.26357e-02
 1.70068e-02
 1.00343e-02
 6.48080e-03
 5.26713e-03
 6.50609e-03
 1.02864e-02
 1.68203e-02
 2.15730e-02
 2.44705e-02
 3.08301e-02
 3.08301e-02
 2.44705e-02
 2.15730e-02
 1.68203e-02
 1.02864e-02
 6.50609e-03
 5.26713e-03
 6.48080e-03
 1.00343e-02
 1.70068e-02
 3.26357e-02
 5.89401e-02
 4.53956e-02
 1.09300e-02
 8.99872e-03
 5.58811e-03
 2.71292e-03
 1.39452e-03
 9.93924e-04
 1.29210e-03
 1.83229e-03
 2.40226e-03
 3.46124e-03
 8.31933e-03
 9.78744e-03
 1.00492e-02
 8.36439e-03
 2.90253e-03
 1.74256e-03
 1.12716e-03
 5.72907e-04
 3.27115e-04
 6.53481e-04
 1.74664e-03
 4.45892e-03
 9.06125e-03
 1.07009e-02
 4.86601e-02
 6.08131e-02
 2.79185e-02
 1.42203e-02
 8.08451e-03
 5.11692e-03
 3.38966e-03
 4.35056e-03
 8.08788e-03
 1.44020e-02
 1.97319e-02
 2.37327e-02
 3.17200e-02
 3.17200e-02
 2.37327e-02
 1.97319e-02
 1.44020e-02
 8.08788e-03
 4.35056e-03
 3.38966e-03
 5.11692e-03
 8.08451e-03
 1.42203e-02
 2.79185e-02
 6.08131e-02
 4.86601e-02
 1.07009e-02
 9.06125e-03
 4.45892e-03
 1.74664e-03
 6.53481e-04
 3.27115e-04
 5.72907e-04
 1.12716e-03
 1.74256e-03
 2.90253e-03
 8.36439e-03
 1.00492e-02
 1.06136e-02
 8.76905e-03
 3.12895e-03
 1.61159e-03
 9.37585e-04
 4.62555e-04
 2.50293e-04
 4.93913e-04
 1.48893e-03
 4.02036e-03
 9.13328e-03
 1.15941e-02
 5.17945e-02
 6.23200e-02
 2.63329e-02
 1.36076e-02
 7.88173e-03
 5.14153e-03
 4.14410e-03
 5.45423e-03
 9.12713e-03
 1.47037e-02
 1.92361e-02
 2.39057e-02
 3.28677e-02
 3.28677e-02
 2.39057e-02
 1.92361e-02
 1.47037e-02
 9.12713e-03
 5.45423e-03
 4.14410e-03
 5.14153e-03
 7.88173e-03
 1.36076e-02
 2.63329e-02
 6.23200e-02
 5.17945e-02
 1.15941e-02
 9.13328e-03
 4.02036e-03
 1.48893e-03
 4.93913e-04
 2.50293e-04
 4.62555e-04
 9.37585e-04
 1.61159e-03
 3.12895e-03
 8.76905e-03
 1.06136e-02
 1.15883e-02
 9.54991e-03
 4.16441e-03
 1.93656e-03
 1.12681e-03
 6.00325e-04
 5.59088e-04
 8.88536e-04
 2.01456e-03
 4.63347e-03
 9.91221e-03
 1.26941e-02
 5.57244e-02
 6.59431e-02
 2.83139e-02
 1.58941e-02
 1.07363e-02
 8.37318e-03
 7.47603e-03
 8.25328e-03
 1.14912e-02
 1.57261e-02
 1.96357e-02
 2.49909e-02
 3.42485e-02
 3.42485e-02
 2.49909e-02
 1.96357e-02
 1.57261e-02
 1.14912e-02
 8.25328e-03
 7.47603e-03
 8.37318e-03
 1.07363e-02
 1.58941e-02
 2.83139e-02
 6.59431e-02
 5.57244e-02
 1.26941e-02
 9.91221e-03
 4.63347e-03
 2.01456e-03
 8.88536e-04
 5.59088e-04
 6.00325e-04
 1.12681e-03
 1.93656e-03
 4.16441e-03
 9.54991e-03
 1.15883e-02
 1.32126e-02
 1.08554e-02
 6.32331e-03
 3.20413e-03
 2.00517e-03
 1.31102e-03
 1.37186e-03
 1.93742e-03
 3.44784e-03
 6.47824e-03
 1.19701e-02
 1.43311e-02
 6.15363e-02
 7.39976e-02
 3.33859e-02
 1.95317e-02
 1.38133e-02
 1.16222e-02
 1.10234e-02
 1.20089e-02
 1.44507e-02
 1.74319e-02
 2.10950e-02
 2.75889e-02
 3.59630e-02
 3.59630e-02
 2.75889e-02
 2.10950e-02
 1.74319e-02
 1.44507e-02
 1.20089e-02
 1.10234e-02
 1.16222e-02
 1.38133e-02
 1.95317e-02
 3.33859e-02
 7.39976e-02
 6.15363e-02
 1.43311e-02
 1.19701e-02
 6.47824e-03
 3.44784e-03
 1.93742e-03
 1.37186e-03
 1.31102e-03
 2.00517e-03
 3.20413e-03
 6.32331e-03
 1.08554e-02
 1.32126e-02
 1.60629e-02
 1.31236e-02
 9.66298e-03
 6.23580e-03
 4.57281e-03
 3.67829e-03
 3.87232e-03
 4.74118e-03
 6.61985e-03
 9.84726e-03
 1.49405e-02
 1.63188e-02
 6.97341e-02
 8.70624e-02
 4.26315e-02
 2.69122e-02
 1.98269e-02
 1.67695e-02
 1.58000e-02
 1.61656e-02
 1.83913e-02
 2.06176e-02
 2.50656e-02
 3.20908e-02
 3.82626e-02
 3.82626e-02
 3.20908e-02
 2.50656e-02
 2.06176e-02
 1.83913e-02
 1.61656e-02
 1.58000e-02
 1.67695e-02
 1.98269e-02
 2.69122e-02
 4.26315e-02
 8.70624e-02
 6.97341e-02
 1.63188e-02
 1.49405e-02
 9.84726e-03
 6.61985e-03
 4.74118e-03
 3.87232e-03
 3.67829e-03
 4.57281e-03
 6.23580e-03
 9.66298e-03
 1.31236e-02
 1.60629e-02
 2.19724e-02
 1.74869e-02
 1.45864e-02
 1.17566e-02
 1.00574e-02
 9.21269e-03
 9.51848e-03
 1.05396e-02
 1.24639e-02
 1.54377e-02
 1.93796e-02
 1.92172e-02
 8.29452e-02
 1.12207e-01
 6.06603e-02
 4.07182e-02
 3.12697e-02
 2.67888e-02
 2.49372e-02
 2.45363e-02
 2.61945e-02
 2.85636e-02
 3.35633e-02
 3.84358e-02
 4.17481e-02
 4.17481e-02
 3.84358e-02
 3.35633e-02
 2.85636e-02
 2.61945e-02
 2.45363e-02
 2.49372e-02
 2.67888e-02
 3.12697e-02
 4.07182e-02
 6.06603e-02
 1.12207e-01
 8.29452e-02
 1.92172e-02
 1.93796e-02
 1.54377e-02
 1.24639e-02
 1.05396e-02
 9.51848e-03
 9.21269e-03
 1.00574e-02
 1.17566e-02
 1.45864e-02
 1.74869e-02
 2.19724e-02
 4.17918e-02
 3.22447e-02
 2.64834e-02
 2.33710e-02
 2.17528e-02
 2.05892e-02
 2.07372e-02
 2.15199e-02
 2.29694e-02
 2.52047e-02
 2.63117e-02
 2.37147e-02
 1.06171e-01
 1.65084e-01
 1.06384e-01
 7.60551e-02
 5.85375e-02
 4.88037e-02
 4.41549e-02
 4.28427e-02
 4.27919e-02
 4.46037e-02
 4.63023e-02
 4.76636e-02
 4.84035e-02
 4.84035e-02
 4.76636e-02
 4.63023e-02
 4.46037e-02
 4.27919e-02
 4.28427e-02
 4.41549e-02
 4.88037e-02
 5.85375e-02
 7.60551e-02
 1.06384e-01
 1.65084e-01
 1.06171e-01
 2.37147e-02
 2.63117e-02
 2.52047e-02
 2.29694e-02
 2.15199e-02
 2.07372e-02
 2.05892e-02
 2.17528e-02
 2.33710e-02
 2.64834e-02
 3.22447e-02
 4.17918e-02
 1.33535e-01
 1.03162e-01
 8.23657e-02
 7.12738e-02
 6.47446e-02
 6.07482e-02
 5.85290e-02
 5.60036e-02
 5.28905e-02
 4.88262e-02
 4.30911e-02
 3.17391e-02
 1.60302e-01
 3.23062e-01
 3.20588e-01
 3.13313e-01
 3.09231e-01
 3.06256e-01
 3.03297e-01
 2.98914e-01
 2.95012e-01
 2.91228e-01
 2.87893e-01
 2.84968e-01
 2.81686e-01
 2.81686e-01
 2.84968e-01
 2.87893e-01
 2.91228e-01
 2.95012e-01
 2.98914e-01
 3.03297e-01
 3.06256e-01
 3.09231e-01
 3.13313e-01
 3.20588e-01
 3.23062e-01
 1.60302e-01
 3.17391e-02
 4.30911e-02
 4.88262e-02
 5.28905e-02
 5.60036e-02
 5.85290e-02
 6.07482e-02
 6.47446e-02
 7.12738e-02
 8.23657e-02
 1.03162e-01
 1.33535e-01
 6.96295e-02
 5.44685e-02
 4.28505e-02
 3.53002e-02
 3.09854e-02
 2.92450e-02
 3.00692e-02
 3.25361e-02
 3.65671e-02
 3.96135e-02
 3.87829e-02
 3.13400e-02
 1.76036e-01
 3.64517e-01
 3.73353e-01
 3.84445e-01
 4.02410e-01
 4.16713e-01
 4.25461e-01
 4.27946e-01
 4.13628e-01
 3.92862e-01
 3.62799e-01
 3.38471e-01
 3.22896e-01
 3.22896e-01
 3.38471e-01
 3.62799e-01
 3.92862e-01
 4.13628e-01
 4.27946e-01
 4.25461e-01
 4.16713e-01
 4.02410e-01
 3.84445e-01
 3.73353e-01
 3.64517e-01
 1.76036e-01
 3.13400e-02
 3.87829e-02
 3.96135e-02
 3.65671e-02
 3.25361e-02
 3.00692e-02
 2.92450e-02
 3.09854e-02
 3.53002e-02
 4.28505e-02
 5.44685e-02
 6.96295e-02
 4.50663e-02
 3.44904e-02
 2.33965e-02
 1.62314e-02
 1.27755e-02
 1.12046e-02
 1.18083e-02
 1.40254e-02
 1.88277e-02
 2.70819e-02
 3.31902e-02
 2.97555e-02
 1.82940e-01
 3.87681e-01
 4.11602e-01
 4.47988e-01
 4.90189e-01
 5.20860e-01
 5.36363e-01
 5.38247e-01
 5.08327e-01
 4.77004e-01
 4.13109e-01
 3.48657e-01
 3.08559e-01
 3.08559e-01
 3.48657e-01
 4.13109e-01
 4.77004e-01
 5.08327e-01
 5.38247e-01
 5.36363e-01
 5.20860e-01
 4.90189e-01
 4.47988e-01
 4.11602e-01
 3.87681e-01
 1.82940e-01
 2.97555e-02
 3.31902e-02
 2.70819e-02
 1.88277e-02
 1.40254e-02
 1.18083e-02
 1.12046e-02
 1.27755e-02
 1.62314e-02
 2.33965e-02
 3.44904e-02
 4.50663e-02
 3.48256e-02
 2.48635e-02
 1.33643e-02
 7.67543e-03
 5.39112e-03
 4.02923e-03
 4.26466e-03
 5.68602e-03
 9.29732e-03
 1.64904e-02
 2.70032e-02
 2.74245e-02
 1.87309e-01
 4.05485e-01
 4.44370e-01
 5.13539e-01
 5.79875e-01
 6.17448e-01
 6.28571e-01
 6.08370e-01
 5.71202e-01
 5.35953e-01
 4.82790e-01
 3.90660e-01
 3.05213e-01
 3.05213e-01
 3.90660e-01
 4.82790e-01
 5.35953e-01
 5.71202e-01
 6.08370e-01
 6.28571e-01
 6.17448e-01
 5.79875e-01
 5.13539e-01
 4.44370e-01
 4.05485e-01
 1.87309e-01
 2.74245e-02
 2.70032e-02
 1.64904e-02
 9.29732e-03
 5.68602e-03
 4.26466e-03
 4.02923e-03
 5.39112e-03
 7.67543e-03
 1.33643e-02
 2.48635e-02
 3.48256e-02
 2.93366e-02
 1.92881e-02
 8.19575e-03
 4.41311e-03
 2.85674e-03
 1.70656e-03
 1.70299e-03
 2.47087e-03
 5.10027e-03
 1.14557e-02
 2.30787e-02
 2.50711e-02
 1.89587e-01
 4.18195e-01
 4.70701e-01
 5.65441e-01
 6.43821e-01
 6.83733e-01
 6.89818e-01
 6.39885e-01
 5.95179e-01
 5.55551e-01
 5.12257e-01
 4.25450e-01
 3.03728e-01
 3.03728e-01
 4.25450e-01
 5.12257e-01
 5.55551e-01
 5.95179e-01
 6.39885e-01
 6.89818e-01
 6.83733e-01
 6.43821e-01
 5.65441e-01
 4.70701e-01
 4.18195e-01
 1.89587e-01
 2.50711e-02
 2.30787e-02
 1.14557e-02
 5.10027e-03
 2.47087e-03
 1.70299e-03
 1.70656e-03
 2.85674e-03
 4.41311e-03
 8.19575e-03
 1.92881e-02
 2.93366e-02
 2.61097e-02
 1.60786e-02
 6.09635e-03
 3.49479e-03
 2.09827e-03
 1.03992e-03
 8.45837e-04
 1.27089e-03
 3.03996e-03
 8.23781e-03
 1.94462e-02
 2.31924e-02
 1.89271e-01
 4.26956e-01
 4.88637e-01
 6.10066e-01
 7.08836e-01
 7.45294e-01
 7.45493e-01
 6.71812e-01
 6.00967e-01
 5.59201e-01
 5.20581e-01
 4.47017e-01
 3.03037e-01
 3.03037e-01
 4.47017e-01
 5.20581e-01
 5.59201e-01
 6.00967e-01
 6.71812e-01
 7.45493e-01
 7.45294e-01
 7.08836e-01
 6.10066e-01
 4.88637e-01
 4.26956e-01
 1.89271e-01
 2.31924e-02
 1.94462e-02
 8.23781e-03
 3.03996e-03
 1.27089e-03
 8.45837e-04
 1.03992e-03
 2.09827e-03
 3.49479e-03
 6.09635e-03
 1.60786e-02
 2.61097e-02
 2.41986e-02
 1.45796e-02
 5.59996e-03
 3.39777e-03
 1.94227e-03
 8.40326e-04
 2.55738e-04
 1.06645e-03
 3.03286e-03
 8.27842e-03
 1.88771e-02
 2.06712e-02
 1.87685e-01
 4.28498e-01
 4.84849e-01
 6.00815e-01
 7.09933e-01
 7.69499e-01
 8.35324e-01
 7.04751e-01
 5.94661e-01
 5.46897e-01
 5.17701e-01
 4.54650e-01
 3.02853e-01
 3.02853e-01
 4.54650e-01
 5.17701e-01
 5.46897e-01
 5.94661e-01
 7.04751e-01
 8.35324e-01
 7.69499e-01
 7.09933e-01
 6.00815e-01
 4.84849e-01
 4.28498e-01
 1.87685e-01
 2.06712e-02
 1.88771e-02
 8.27842e-03
 3.03286e-03
 1.06645e-03
 2.55738e-04
 8.40326e-04
 1.94227e-03
 3.39777e-03
 5.59996e-03
 1.45796e-02
 2.41986e-02
 2.32082e-02
 1.42614e-02
 6.37830e-03
 4.28116e-03
 2.61899e-03
 1.44704e-03
 9.86204e-04
 1.76369e-03
 4.01255e-03
 9.67336e-03
 1.81728e-02
 2.14027e-02
 1.85366e-01
 4.24280e-01
 4.75742e-01
 5.69056e-01
 6.76228e-01
 7.46624e-01
 7.56429e-01
 6.96185e-01
 5.96376e-01
 5.36548e-01
 5.00502e-01
 4.47192e-01
 3.02801e-01
 3.02801e-01
 4.47192e-01
 5.00502e-01
 5.36548e-01
 5.96376e-01
 6.96185e-01
 7.56429e-01
 7.46624e-01
 6.76228e-01
 5.69056e-01
 4.75742e-01
 4.24280e-01
 1.85366e-01
 2.14027e-02
 1.81728e-02
 9.67336e-03
 4.01255e-03
 1.76369e-03
 9.86204e-04
 1.44704e-03
 2.61899e-03
 4.28116e-03
 6.37830e-03
 1.42614e-02
 2.32082e-02
 2.29912e-02
 1.58794e-02
 7.59029e-03
 5.54727e-03
 4.26524e-03
 3.29265e-03
 2.89048e-03
 3.75269e-03
 6.43160e-03
 1.19629e-02
 1.84991e-02
 2.44438e-02
 1.82460e-01
 4.13700e-01
 4.61591e-01
 5.24002e-01
 6.00395e-01
 6.72305e-01
 6.59972e-01
 6.12611e-01
 5.51200e-01
 5.14373e-01
 4.85481e-01
 4.28138e-01
 2.87843e-01
 2.87843e-01
 4.28138e-01
 4.85481e-01
 5.14373e-01
 5.51200e-01
 6.12611e-01
 6.59972e-01
 6.72305e-01
 6.00395e-01
 5.24002e-01
 4.61591e-01
 4.13700e-01
 1.82460e-01
 2.44438e-02
 1.84991e-02
 1.19629e-02
 6.43160e-03
 3.75269e-03
 2.89048e-03
 3.29265e-03
 4.26524e-03
 5.54727e-03
 7.59029e-03
 1.58794e-02
 2.29912e-02
 2.40703e-02
 1.89144e-02
 9.63169e-03
 7.64714e-03
 6.78354e-03
 6.28064e-03
 6.12379e-03
 7.28078e-03
 1.00945e-02
 1.46206e-02
 1.98169e-02
 3.09523e-02
 1.78717e-01
 3.94841e-01
 4.43144e-01
 4.81211e-01
 5.16091e-01
 5.56429e-01
 5.49553e-01
 5.31965e-01
 5.09511e-01
 4.87536e-01
 4.61108e-01
 4.04912e-01
 2.72969e-01
 2.72969e-01
 4.04912e-01
 4.61108e-01
 4.87536e-01
 5.09511e-01
 5.31965e-01
 5.49553e-01
 5.56429e-01
 5.16091e-01
 4.81211e-01
 4.43144e-01
 3.94841e-01
 1.78717e-01
 3.09523e-02
 1.98169e-02
 1.46206e-02
 1.00945e-02
 7.28078e-03
 6.12379e-03
 6.28064e-03
 6.78354e-03
 7.64714e-03
 9.63169e-03
 1.89144e-02
 2.40703e-02
 2.55724e-02
 2.44430e-02
 1.33760e-02
 1.06540e-02
 9.79513e-03
 9.63400e-03
 1.03694e-02
 1.15881e-02
 1.43180e-02
 1.79356e-02
 2.40794e-02
 4.27860e-02
 1.73173e-01
 3.61959e-01
 4.17874e-01
 4.47490e-01
 4.65522e-01
 4.84723e-01
 4.85039e-01
 4.80092e-01
 4.70227e-01
 4.54691e-01
 4.25833e-01
 3.59999e-01
 2.37174e-01
 2.37174e-01
 3.59999e-01
 4.25833e-01
 4.54691e-01
 4.70227e-01
 4.80092e-01
 4.85039e-01
 4.84723e-01
 4.65522e-01
 4.47490e-01
 4.17874e-01
 3.61959e-01
 1.73173e-01
 4.27860e-02
 2.40794e-02
 1.79356e-02
 1.43180e-02
 1.15881e-02
 1.03694e-02
 9.63400e-03
 9.79513e-03
 1.06540e-02
 1.33760e-02
 2.44430e-02
 2.55724e-02
 2.79525e-02
 3.10447e-02
 2.17507e-02
 1.79130e-02
 1.61602e-02
 1.56384e-02
 1.64749e-02
 1.91028e-02
 2.18501e-02
 2.76665e-02
 3.85819e-02
 6.71075e-02
 1.62256e-01
 2.97904e-01
 3.63597e-01
 3.95200e-01
 4.11573e-01
 4.21653e-01
 4.25026e-01
 4.21308e-01
 4.10228e-01
 3.88279e-01
 3.49699e-01
 2.84407e-01
 2.00888e-01
 2.00888e-01
 2.84407e-01
 3.49699e-01
 3.88279e-01
 4.10228e-01
 4.21308e-01
 4.25026e-01
 4.21653e-01
 4.11573e-01
 3.95200e-01
 3.63597e-01
 2.97904e-01
 1.62256e-01
 6.71075e-02
 3.85819e-02
 2.76665e-02
 2.18501e-02
 1.91028e-02
 1.64749e-02
 1.56384e-02
 1.61602e-02
 1.79130e-02
 2.17507e-02
 3.10447e-02
 2.79525e-02
 2.96417e-02
 3.60075e-02
 3.12437e-02
 3.03246e-02
 3.01510e-02
 3.02842e-02
 3.10062e-02
 3.28332e-02
 3.62376e-02
 4.08058e-02
 4.93694e-02
 6.35769e-02
 1.03528e-01
 1.44705e-01
 1.76288e-01
 1.97527e-01
 2.10058e-01
 2.17058e-01
 2.15979e-01
 2.11877e-01
 2.04412e-01
 1.93352e-01
 1.78215e-01
 1.53818e-01
 1.49098e-01
 1.49098e-01
 1.53818e-01
 1.78215e-01
 1.93352e-01
 2.04412e-01
 2.11877e-01
 2.15979e-01
 2.17058e-01
 2.10058e-01
 1.97527e-01
 1.76288e-01
 1.44705e-01
 1.03528e-01
 6.35769e-02
 4.93694e-02
 4.08058e-02
 3.62376e-02
 3.28332e-02
 3.10062e-02
 3.02842e-02
 3.01510e-02
 3.03246e-02
 3.12437e-02
 3.60075e-02
 2.96417e-02
 1.72976e-02
 1.14547e-02
 4.99821e-03
 2.33440e-03
 9.39299e-04
 2.41510e-04
 0.00000e+00
 0.00000e+00
 0.00000e+00
 0.00000e+00
 0.00000e+00
 0.00000e+00
 0.00000e+00
 0.00000e+00
 0.00000e+00
 0.00000e+00
 0.00000e+00
 0.00000e+00
 0.00000e+00
 8.44532e-04
 3.21179e-03
 7.67876e-03
 1.52490e-02
 2.82341e-02
 7.11338e-02
 7.11338e-02
 2.82341e-02
 1.52490e-02
 7.67876e-03
 3.21179e-03
 8.44532e-04
 0.00000e+00
 0.00000e+00
 0.00000e+00
 0.00000e+00
 0.00000e+00
 0.00000e+00
 0.00000e+00
 0.00000e+00
 0.00000e+00
 0.00000e+00
 0.00000e+00
 0.00000e+00
 0.00000e+00
 2.41510e-04
 9.39299e-04
 2.33440e-03
 4.99821e-03
 1.14547e-02
 1.72976e-02
 1.17631e-02
 4.84191e-03
 1.19173e-03
 2.96301e-04
 5.58229e-05
 4.94001e-06
 0.00000e+00
 0.00000e+00
 0.00000e+00
 0.00000e+00
 0.00000e+00
 0.00000e+00
 0.00000e+00
 0.00000e+00
 0.00000e+00
 0.00000e+00
 0.00000e+00
 0.00000e+00
 0.00000e+00
 1.70528e-05
 1.87429e-04
 9.47589e-04
 3.47616e-03
 1.12520e-02
 5.02598e-02
 5.02598e-02
 1.12520e-02
 3.47616e-03
 9.47589e-04
 1.87429e-04
 1.70528e-05
 0.00000e+00
 0.00000e+00
 0.00000e+00
 0.00000e+00
 0.00000e+00
 0.00000e+00
 0.00000e+00
 0.00000e+00
 0.00000e+00
 0.00000e+00
 0.00000e+00
 0.00000e+00
 0.00000e+00
 4.94001e-06
 5.58229e-05
 2.96301e-04
 1.19173e-03
 4.84191e-03
 1.17631e-02
 8.76252e-03
 2.67488e-03
 4.24423e-04
 6.25760e-05
 6.14703e-06
 2.08611e-07
 0.00000e+00
 0.00000e+00
 0.00000e+00
 0.00000e+00
 0.00000e+00
 0.00000e+00
 0.00000e+00
 0.00000e+00
 0.00000e+00
 0.00000e+00
 0.00000e+00
 0.00000e+00
 0.00000e+00
 7.05006e-07
 2.00131e-05
 1.91565e-04
 1.16658e-03
 5.80655e-03
 4.12035e-02
 4.12035e-02
 5.80655e-03
 1.16658e-03
 1.91565e-04
 2.00131e-05
 7.05006e-07
 0.00000e+00
 0.00000e+00
 0.00000e+00
 0.00000e+00
 0.00000e+00
 0.00000e+00
 0.00000e+00
 0.00000e+00
 0.00000e+00
 0.00000e+00
 0.00000e+00
 0.00000e+00
 0.00000e+00
 2.08611e-07
 6.14703e-06
 6.25760e-05
 4.24423e-04
 2.67488e-03
 8.76252e-03
 7.58752e-03
 1.90471e-03
 2.12716e-04
 2.04960e-05
 1.15596e-06
 1.60577e-08
 0.00000e+00
 0.00000e+00
 0.00000e+00
 0.00000e+00
 0.00000e+00
 0.00000e+00
 0.00000e+00
 0.00000e+00
 0.00000e+00
 0.00000e+00
 0.00000e+00
 0.00000e+00
 0.00000e+00
 5.21052e-08
 3.57375e-06
 5.86651e-05
 5.36847e-04
 3.82646e-03
 3.58962e-02
 3.58962e-02
 3.82646e-03
 5.36847e-04
 5.86651e-05
 3.57375e-06
 5.21052e-08
 0.00000e+00
 0.00000e+00
 0.00000e+00
 0.00000e+00
 0.00000e+00
 0.00000e+00
 0.00000e+00
 0.00000e+00
 0.00000e+00
 0.00000e+00
 0.00000e+00
 0.00000e+00
 0.00000e+00
 1.60577e-08
 1.15596e-06
 2.04960e-05
 2.12716e-04
 1.90471e-03
 7.58752e-03
 6.79434e-03
 1.46235e-03
 1.32033e-04
 9.72005e-06
 3.68378e-07
 2.40361e-09
 0.00000e+00
 0.00000e+00
 0.00000e+00
 0.00000e+00
 0.00000e+00
 0.00000e+00
 0.00000e+00
 0.00000e+00
 0.00000e+00
 0.00000e+00
 0.00000e+00
 0.00000e+00
 0.00000e+00
 7.17911e-09
 1.07122e-06
 2.66004e-05
 3.21432e-04
 2.77340e-03
 3.40046e-02
 3.40046e-02
 2.77340e-03
 3.21432e-04
 2.66004e-05
 1.07122e-06
 7.17911e-09
 0.00000e+00
 0.00000e+00
 0.00000e+00
 0.00000e+00
 0.00000e+00
 0.00000e+00
 0.00000e+00
 0.00000e+00
 0.00000e+00
 0.00000e+00
 0.00000e+00
 0.00000e+00
 0.00000e+00
 2.40361e-09
 3.68378e-07
 9.72005e-06
 1.32033e-04
 1.46235e-03
 6.79434e-03
 1.45509e-02
 1.46964e-03
 1.21165e-04
 7.80179e-06
 2.41693e-07
 1.01541e-09
 0.00000e+00
 0.00000e+00
 0.00000e+00
 0.00000e+00
 0.00000e+00
 0.00000e+00
 0.00000e+00
 0.00000e+00
 0.00000e+00
 0.00000e+00
 0.00000e+00
 0.00000e+00
 0.00000e+00
 2.35933e-09
 5.68622e-07
 1.76517e-05
 2.48687e-04
 2.53516e-03
 3.51848e-02
 3.51848e-02
 2.53516e-03
 2.48687e-04
 1.76517e-05
 5.68622e-07
 2.35933e-09
 0.00000e+00
 0.00000e+00
 0.00000e+00
 0.00000e+00
 0.00000e+00
 0.00000e+00
 0.00000e+00
 0.00000e+00
 0.00000e+00
 0.00000e+00
 0.00000e+00
 0.00000e+00
 0.00000e+00
 1.01541e-09
 2.41693e-07
 7.80179e-06
 1.21165e-04
 1.46964e-03
 1.45509e-02
