NodeMass
part
         1
coordinates
 0.00000e+00
 0.00000e+00
 0.00000e+00
 0.00000e+00
 0.00000e+00
 0.00000e+00
 0.00000e+00
 0.00000e+00
 0.00000e+00
 0.00000e+00
 0.00000e+00
 0.00000e+00
 0.00000e+00
 0.00000e+00
 0.00000e+00
 0.00000e+00
 0.00000e+00
 0.00000e+00
 0.00000e+00
 0.00000e+00
 0.00000e+00
 0.00000e+00
 0.00000e+00
 0.00000e+00
 0.00000e+00
 0.00000e+00
 0.00000e+00
 0.00000e+00
 0.00000e+00
 0.00000e+00
 0.00000e+00
 0.00000e+00
 0.00000e+00
 0.00000e+00
 0.00000e+00
 0.00000e+00
 0.00000e+00
 0.00000e+00
 0.00000e+00
 0.00000e+00
 0.00000e+00
 0.00000e+00
 0.00000e+00
 0.00000e+00
 0.00000e+00
 0.00000e+00
 0.00000e+00
 0.00000e+00
 0.00000e+00
 0.00000e+00
 0.00000e+00
 0.00000e+00
 0.00000e+00
 0.00000e+00
 0.00000e+00
 0.00000e+00
 0.00000e+00
 0.00000e+00
 0.00000e+00
 0.00000e+00
 0.00000e+00
 0.00000e+00
 0.00000e+00
 0.00000e+00
 0.00000e+00
 0.00000e+00
 0.00000e+00
 0.00000e+00
 0.00000e+00
 0.00000e+00
 0.00000e+00
 0.00000e+00
 0.00000e+00
 0.00000e+00
 0.00000e+00
 0.00000e+00
 0.00000e+00
 0.00000e+00
 0.00000e+00
 0.00000e+00
 0.00000e+00
 0.00000e+00
 0.00000e+00
 0.00000e+00
 0.00000e+00
 0.00000e+00
 0.00000e+00
 0.00000e+00
 0.00000e+00
 0.00000e+00
 0.00000e+00
 0.00000e+00
 0.00000e+00
 0.00000e+00
 0.00000e+00
 0.00000e+00
 0.00000e+00
 0.00000e+00
 0.00000e+00
 0.00000e+00
 0.00000e+00
 0.00000e+00
 0.00000e+00
 0.00000e+00
 0.00000e+00
 0.00000e+00
 0.00000e+00
 0.00000e+00
 0.00000e+00
 7.12609e-34
 3.31240e-32
 7.61267e-31
 1.15314e-29
 1.29488e-28
 1.14946e-27
 8.40000e-27
 5.19611e-26
 2.77646e-25
 1.30133e-24
 5.41456e-24
 2.01913e-23
 6.80045e-23
 2.08170e-22
 5.82155e-22
 1.49354e-21
 3.52702e-21
 7.68673e-21
 1.54895e-20
 2.88932e-20
 4.90246e-20
 6.80691e-20
 7.70781e-20
 7.83604e-20
 7.52614e-20
 6.63796e-20
 4.99816e-20
 2.98493e-20
 1.45616e-20
 6.64609e-21
 2.87368e-21
 1.18111e-21
 4.62539e-22
 1.72958e-22
 6.18755e-23
 2.12154e-23
 6.98308e-24
 2.20979e-24
 6.73229e-25
 1.97714e-25
 5.60281e-26
 1.53801e-26
 3.99165e-27
 7.14607e-28
 0.00000e+00
 0.00000e+00
 0.00000e+00
 0.00000e+00
 0.00000e+00
 8.50557e-34
 4.00563e-32
 9.64277e-31
 1.57802e-29
 1.96510e-28
 1.97402e-27
 1.65591e-26
 1.18658e-25
 7.38175e-25
 4.03647e-24
 1.95947e-23
 8.51440e-23
 3.33485e-22
 1.18439e-21
 3.83382e-21
 1.13602e-20
 3.09299e-20
 7.76168e-20
 1.79979e-19
 3.86401e-19
 7.69150e-19
 1.42068e-18
 2.38911e-18
 3.29448e-18
 3.71814e-18
 3.77857e-18
 3.63323e-18
 3.21559e-18
 2.44145e-18
 1.47517e-18
 7.27005e-19
 3.34961e-19
 1.46283e-19
 6.07709e-20
 2.40719e-20
 9.11066e-21
 3.30099e-21
 1.14696e-21
 3.82787e-22
 1.22886e-22
 3.79989e-23
 1.13321e-23
 3.26236e-24
 9.10283e-25
 2.40105e-25
 4.35153e-26
 0.00000e+00
 0.00000e+00
 0.00000e+00
 0.00000e+00
 1.24231e-33
 9.60443e-32
 3.12991e-30
 6.27464e-29
 9.01178e-28
 1.00527e-26
 9.14752e-26
 7.01239e-25
 4.63125e-24
 2.67826e-23
 1.37289e-22
 6.29769e-22
 2.60492e-21
 9.77662e-21
 3.34681e-20
 1.04962e-19
 3.02698e-19
 8.05255e-19
 1.98126e-18
 4.51806e-18
 9.56473e-18
 1.88187e-17
 3.44310e-17
 5.73918e-17
 7.85978e-17
 8.84102e-17
 8.98121e-17
 8.64523e-17
 7.67737e-17
 5.87706e-17
 3.59229e-17
 1.78849e-17
 8.31725e-18
 3.66757e-18
 1.53936e-18
 6.16399e-19
 2.35951e-19
 8.65019e-20
 3.04231e-20
 1.02807e-20
 3.34274e-21
 1.04714e-21
 3.16417e-22
 9.23124e-23
 2.61084e-23
 6.97774e-24
 1.27689e-24
 0.00000e+00
 0.00000e+00
 0.00000e+00
 8.50557e-34
 9.60443e-32
 4.38504e-30
 1.14107e-28
 2.00860e-27
 2.63477e-26
 2.73546e-25
 2.34016e-24
 1.69704e-23
 1.06503e-22
 5.87521e-22
 2.88328e-21
 1.27076e-20
 5.06809e-20
 1.84041e-19
 6.11633e-19
 1.86817e-18
 5.26297e-18
 1.37157e-17
 3.31456e-17
 7.44207e-17
 1.55471e-16
 3.02487e-16
 5.48347e-16
 9.06003e-16
 1.23219e-15
 1.38138e-15
 1.40272e-15
 1.35169e-15
 1.20434e-15
 9.29323e-16
 5.74693e-16
 2.89194e-16
 1.35677e-16
 6.03975e-17
 2.56043e-17
 1.03600e-17
 4.00874e-18
 1.48602e-18
 5.28584e-19
 1.80683e-19
 5.94332e-20
 1.88361e-20
 5.75865e-21
 1.69975e-21
 4.86397e-22
 1.31460e-22
 2.42508e-23
 0.00000e+00
 0.00000e+00
 0.00000e+00
 4.00527e-32
 3.12974e-30
 1.14103e-28
 2.58457e-27
 4.14239e-26
 5.06945e-25
 4.97882e-24
 4.06267e-23
 2.82488e-22
 1.70595e-21
 9.08033e-21
 4.30965e-20
 1.84086e-19
 7.13036e-19
 2.52001e-18
 8.16805e-18
 2.43841e-17
 6.72833e-17
 1.72103e-16
 4.09057e-16
 9.05116e-16
 1.86702e-15
 3.59335e-15
 6.45530e-15
 1.05717e-14
 1.42772e-14
 1.59518e-14
 1.61913e-14
 1.56186e-14
 1.39615e-14
 1.08583e-14
 6.79411e-15
 3.45707e-15
 1.63587e-15
 7.35066e-16
 3.14680e-16
 1.28623e-16
 5.02906e-17
 1.88409e-17
 6.77391e-18
 2.34053e-18
 7.78205e-19
 2.49291e-19
 7.70281e-20
 2.29760e-20
 6.64385e-21
 1.81352e-21
 3.36880e-22
 0.00000e+00
 0.00000e+00
 7.12609e-34
 9.64120e-31
 6.27386e-29
 2.00842e-27
 4.14219e-26
 6.18912e-25
 7.16864e-24
 6.72870e-23
 5.28105e-22
 3.54713e-21
 2.07545e-20
 1.07269e-19
 4.95229e-19
 2.06080e-18
 7.78751e-18
 2.68889e-17
 8.52700e-17
 2.49425e-16
 6.75410e-16
 1.69813e-15
 3.97373e-15
 8.67109e-15
 1.76684e-14
 3.36474e-14
 5.99080e-14
 9.72359e-14
 1.30383e-13
 1.45175e-13
 1.47290e-13
 1.42226e-13
 1.27548e-13
 9.99710e-14
 6.33019e-14
 3.25851e-14
 1.55500e-14
 7.05271e-15
 3.04862e-15
 1.25858e-15
 4.97108e-16
 1.88153e-16
 6.83443e-17
 2.38568e-17
 8.01293e-18
 2.59267e-18
 8.09031e-19
 2.43660e-19
 7.11329e-20
 1.95913e-20
 3.66181e-21
 0.00000e+00
 0.00000e+00
 3.31240e-32
 1.57768e-29
 9.01011e-28
 2.63438e-26
 5.06895e-25
 7.16827e-24
 7.93691e-23
 7.17134e-22
 5.44463e-21
 3.54986e-20
 2.02124e-19
 1.01850e-18
 4.59090e-18
 1.86747e-17
 6.90563e-17
 2.33566e-16
 7.26294e-16
 2.08549e-15
 5.55000e-15
 1.37307e-14
 3.16589e-14
 6.81638e-14
 1.37245e-13
 2.58657e-13
 4.56461e-13
 7.34150e-13
 9.77232e-13
 1.08431e-12
 1.09960e-12
 1.06288e-12
 9.56245e-13
 7.55293e-13
 4.84087e-13
 2.52223e-13
 1.21382e-13
 5.55696e-14
 2.42538e-14
 1.01121e-14
 4.03404e-15
 1.54219e-15
 5.65770e-16
 1.99440e-16
 6.76368e-17
 2.20926e-17
 6.95797e-18
 2.11452e-18
 6.22787e-19
 1.72946e-19
 3.25065e-20
 0.00000e+00
 0.00000e+00
 7.61267e-31
 1.96462e-28
 1.00504e-26
 2.73492e-25
 4.97807e-24
 6.72802e-23
 7.17098e-22
 6.26970e-21
 4.62374e-20
 2.93656e-19
 1.63214e-18
 8.04073e-18
 3.54780e-17
 1.41406e-16
 5.12790e-16
 1.70218e-15
 5.19880e-15
 1.46740e-14
 3.84207e-14
 9.36108e-14
 2.12795e-13
 4.52244e-13
 8.99976e-13
 1.67870e-12
 2.93623e-12
 4.67862e-12
 6.18106e-12
 6.83395e-12
 6.92699e-12
 6.70236e-12
 6.04930e-12
 4.81484e-12
 3.12444e-12
 1.64873e-12
 8.00216e-13
 3.69814e-13
 1.62982e-13
 6.86238e-14
 2.76480e-14
 1.06739e-14
 3.95398e-15
 1.40713e-15
 4.81659e-16
 1.58756e-16
 5.04403e-17
 1.54596e-17
 4.59123e-18
 1.28479e-18
 2.42728e-19
 0.00000e+00
 0.00000e+00
 1.15314e-29
 1.97351e-27
 9.14508e-26
 2.33960e-24
 4.06189e-23
 5.28028e-22
 5.44412e-21
 4.62353e-20
 3.32232e-19
 2.06072e-18
 1.12058e-17
 5.40842e-17
 2.34034e-16
 9.15582e-16
 3.26119e-15
 1.06394e-14
 3.19556e-14
 8.87551e-14
 2.28828e-13
 5.49422e-13
 1.23188e-12
 2.58494e-12
 5.08489e-12
 9.38748e-12
 1.62737e-11
 2.56819e-11
 3.36660e-11
 3.70871e-11
 3.75732e-11
 3.63912e-11
 3.29507e-11
 2.64284e-11
 1.73693e-11
 9.28881e-12
 4.54759e-12
 2.12183e-12
 9.44333e-13
 4.01563e-13
 1.63387e-13
 6.36941e-14
 2.38201e-14
 8.55604e-15
 2.95519e-15
 9.82553e-16
 3.14812e-16
 9.72712e-17
 2.91156e-17
 8.20661e-18
 1.55781e-18
 0.00000e+00
 0.00000e+00
 1.29488e-28
 1.65549e-26
 7.01040e-25
 1.69659e-23
 2.82424e-22
 3.54648e-21
 3.54939e-20
 2.93630e-19
 2.06064e-18
 1.25076e-17
 6.66583e-17
 3.15683e-16
 1.34161e-15
 5.15845e-15
 1.80687e-14
 5.79976e-14
 1.71469e-13
 4.69008e-13
 1.19144e-12
 2.82041e-12
 6.23934e-12
 1.29291e-11
 2.51418e-11
 4.59376e-11
 7.89189e-11
 1.23305e-10
 1.60337e-10
 1.75976e-10
 1.78189e-10
 1.72756e-10
 1.56927e-10
 1.26835e-10
 8.44575e-11
 4.58071e-11
 2.26275e-11
 1.06611e-11
 4.79235e-12
 2.05831e-12
 8.45791e-13
 3.32923e-13
 1.25682e-13
 4.55570e-14
 1.58737e-14
 5.32242e-15
 1.71917e-15
 5.35320e-16
 1.61438e-16
 4.58158e-17
 8.73565e-18
 0.00000e+00
 0.00000e+00
 1.14946e-27
 1.18629e-25
 4.62992e-24
 1.06474e-22
 1.70553e-21
 2.07501e-20
 2.02091e-19
 1.63194e-18
 1.12049e-17
 6.66558e-17
 3.48623e-16
 1.62197e-15
 6.77731e-15
 2.56368e-14
 8.83892e-14
 2.79374e-13
 8.13621e-13
 2.19296e-12
 5.49174e-12
 1.28217e-11
 2.79918e-11
 5.72856e-11
 1.10118e-10
 1.99109e-10
 3.38927e-10
 5.24050e-10
 6.75723e-10
 7.38823e-10
 7.47705e-10
 7.25630e-10
 6.61286e-10
 5.38625e-10
 3.63545e-10
 2.00130e-10
 9.97874e-11
 4.74886e-11
 2.15656e-11
 9.35672e-12
 3.88325e-12
 1.54340e-12
 5.88117e-13
 2.15101e-13
 7.55952e-14
 2.55558e-14
 8.31953e-15
 2.60995e-15
 7.92757e-16
 2.26454e-16
 4.33584e-17
 0.00000e+00
 0.00000e+00
 8.40000e-27
 7.38015e-25
 2.67752e-23
 5.87355e-22
 9.07796e-21
 1.07245e-19
 1.01831e-18
 8.03954e-18
 5.40784e-17
 3.15661e-16
 1.62192e-15
 7.42013e-15
 3.05094e-14
 1.13629e-13
 3.85888e-13
 1.20179e-12
 3.44959e-12
 9.16631e-12
 2.26369e-11
 5.21379e-11
 1.12343e-10
 2.27064e-10
 4.31423e-10
 7.71831e-10
 1.30151e-09
 1.99047e-09
 2.54404e-09
 2.77084e-09
 2.80255e-09
 2.72253e-09
 2.48925e-09
 2.04339e-09
 1.39864e-09
 7.82160e-10
 3.93869e-10
 1.89390e-10
 8.69115e-11
 3.81004e-11
 1.59726e-11
 6.41027e-12
 2.46550e-12
 9.09788e-13
 3.22448e-13
 1.09885e-13
 3.60454e-14
 1.13897e-14
 3.48355e-15
 1.00132e-15
 1.92477e-16
 0.00000e+00
 0.00000e+00
 5.19611e-26
 4.03570e-24
 1.37254e-22
 2.88250e-21
 4.30853e-20
 4.95113e-19
 4.58998e-18
 3.54721e-17
 2.34004e-16
 1.34148e-15
 6.77692e-15
 3.05086e-14
 1.23520e-13
 4.53211e-13
 1.51685e-12
 4.65697e-12
 1.31804e-11
 3.45398e-11
 8.41382e-11
 1.91203e-10
 4.06641e-10
 8.11646e-10
 1.52403e-09
 2.69710e-09
 4.50413e-09
 6.80912e-09
 8.62261e-09
 9.35425e-09
 9.45568e-09
 9.19490e-09
 8.43492e-09
 6.97894e-09
 4.84688e-09
 2.75615e-09
 1.40266e-09
 6.81757e-10
 3.16262e-10
 1.40121e-10
 5.93463e-11
 2.40519e-11
 9.33733e-12
 3.47606e-12
 1.24229e-12
 4.26691e-13
 1.41009e-13
 4.48691e-14
 1.38151e-14
 3.99498e-15
 7.70812e-16
 0.00000e+00
 0.00000e+00
 2.77646e-25
 1.95915e-23
 6.29623e-22
 1.27044e-20
 1.84040e-19
 2.06033e-18
 1.86709e-17
 1.41382e-16
 9.15453e-16
 5.15789e-15
 2.56348e-14
 1.13624e-13
 4.53201e-13
 1.63892e-12
 5.40811e-12
 1.63740e-11
 4.57084e-11
 1.18157e-10
 2.83956e-10
 6.36711e-10
 1.33648e-09
 2.63394e-09
 4.88650e-09
 8.55169e-09
 1.41388e-08
 2.11123e-08
 2.64752e-08
 2.86069e-08
 2.88991e-08
 2.81305e-08
 2.58923e-08
 2.15949e-08
 1.52266e-08
 8.81351e-09
 4.53700e-09
 2.23021e-09
 1.04627e-09
 4.68642e-10
 2.00572e-10
 8.20976e-11
 3.21708e-11
 1.20820e-11
 4.35361e-12
 1.50693e-12
 5.01620e-13
 1.60706e-13
 4.98025e-14
 1.44853e-14
 2.80488e-15
 0.00000e+00
 0.00000e+00
 1.30133e-24
 8.51324e-23
 2.60439e-21
 5.06694e-20
 7.12873e-19
 7.78583e-18
 6.90428e-17
 5.12702e-16
 3.26072e-15
 1.80666e-14
 8.83812e-14
 3.85863e-13
 1.51679e-12
 5.40802e-12
 1.75994e-11
 5.25606e-11
 1.44746e-10
 3.69148e-10
 8.75275e-10
 1.93649e-09
 4.01129e-09
 7.80390e-09
 1.42996e-08
 2.47376e-08
 4.04750e-08
 5.96446e-08
 7.40258e-08
 7.96638e-08
 8.04252e-08
 7.83658e-08
 7.23768e-08
 6.08565e-08
 4.35938e-08
 2.57152e-08
 1.34045e-08
 6.66816e-09
 3.16524e-09
 1.43387e-09
 6.20284e-10
 2.56458e-10
 1.01444e-10
 3.84331e-11
 1.39624e-11
 4.86972e-12
 1.63256e-12
 5.26512e-13
 1.64196e-13
 4.80261e-14
 9.33150e-15
 0.00000e+00
 0.00000e+00
 5.41456e-24
 3.33447e-22
 9.77496e-21
 1.84005e-19
 2.51951e-18
 2.68836e-17
 2.33523e-16
 1.70190e-15
 1.06379e-14
 5.79909e-14
 2.79348e-13
 1.20171e-12
 4.65674e-12
 1.63735e-11
 5.25600e-11
 1.54860e-10
 4.20763e-10
 1.05873e-09
 2.47671e-09
 5.40606e-09
 1.10486e-08
 2.12117e-08
 3.83724e-08
 6.55863e-08
 1.06137e-07
 1.54201e-07
 1.89297e-07
 2.02889e-07
 2.04688e-07
 1.99651e-07
 1.85032e-07
 1.56870e-07
 1.14244e-07
 6.87696e-08
 3.63482e-08
 1.83134e-08
 8.80107e-09
 4.03407e-09
 1.76442e-09
 7.37002e-10
 2.94297e-10
 1.12476e-10
 4.11930e-11
 1.44751e-11
 4.88667e-12
 1.58624e-12
 4.97723e-13
 1.46376e-13
 2.85348e-14
 0.00000e+00
 0.00000e+00
 2.01913e-23
 1.18428e-21
 3.34634e-20
 6.11534e-19
 8.16666e-18
 8.52557e-17
 7.26180e-16
 5.19806e-15
 3.19516e-14
 1.71451e-13
 8.13550e-13
 3.44936e-12
 1.31797e-11
 4.57069e-11
 1.44744e-10
 4.20761e-10
 1.12797e-09
 2.80020e-09
 6.46218e-09
 1.39136e-08
 2.80473e-08
 5.31149e-08
 9.48088e-08
 1.60001e-07
 2.55857e-07
 3.66148e-07
 4.44347e-07
 4.74269e-07
 4.78130e-07
 4.66842e-07
 4.34182e-07
 3.71202e-07
 2.75056e-07
 1.69211e-07
 9.08394e-08
 4.64022e-08
 2.25939e-08
 1.04840e-08
 4.63778e-09
 1.95746e-09
 7.89124e-10
 3.04233e-10
 1.12318e-10
 3.97607e-11
 1.35149e-11
 4.41496e-12
 1.39363e-12
 4.12035e-13
 8.05782e-14
 0.00000e+00
 0.00000e+00
 6.80045e-23
 3.83356e-21
 1.04950e-19
 1.86793e-18
 2.43808e-17
 2.49391e-16
 2.08523e-15
 1.46722e-14
 8.87459e-14
 4.68965e-13
 2.19280e-12
 9.16577e-12
 3.45383e-11
 1.18153e-10
 3.69142e-10
 1.05873e-09
 2.80020e-09
 6.85773e-09
 1.56098e-08
 3.31435e-08
 6.58729e-08
 1.22984e-07
 2.16454e-07
 3.60380e-07
 5.68730e-07
 8.00886e-07
 9.60337e-07
 1.02060e-06
 1.02814e-06
 1.00489e-06
 9.37909e-07
 8.08725e-07
 6.10227e-07
 3.84320e-07
 2.10003e-07
 1.08904e-07
 5.37725e-08
 2.52741e-08
 1.13118e-08
 4.82508e-09
 1.96386e-09
 7.63737e-10
 2.84202e-10
 1.01342e-10
 3.46786e-11
 1.13991e-11
 3.61936e-12
 1.07564e-12
 2.11000e-13
 0.00000e+00
 0.00000e+00
 2.08170e-22
 1.13597e-20
 3.02674e-19
 5.26246e-18
 6.72765e-17
 6.75341e-16
 5.54946e-15
 3.84173e-14
 2.28810e-13
 1.19136e-12
 5.49144e-12
 2.26359e-11
 8.41357e-11
 2.83951e-10
 8.75269e-10
 2.47671e-09
 6.46223e-09
 1.56099e-08
 3.50378e-08
 7.33374e-08
 1.43643e-07
 2.64217e-07
 4.58118e-07
 7.51666e-07
 1.16876e-06
 1.61763e-06
 1.91561e-06
 2.02691e-06
 2.04030e-06
 1.99615e-06
 1.86970e-06
 1.62612e-06
 1.25058e-06
 8.07966e-07
 4.50611e-07
 2.37633e-07
 1.19107e-07
 5.67413e-08
 2.57019e-08
 1.10810e-08
 4.55342e-09
 1.78611e-09
 6.69860e-10
 2.40572e-10
 8.28644e-11
 2.74040e-11
 8.75097e-12
 2.61385e-12
 5.14262e-13
 0.00000e+00
 0.00000e+00
 5.82155e-22
 3.09288e-20
 8.05211e-19
 1.37147e-17
 1.72091e-16
 1.69801e-15
 1.37298e-14
 9.36054e-14
 5.49395e-13
 2.82030e-12
 1.28213e-11
 5.21368e-11
 1.91201e-10
 6.36711e-10
 1.93651e-09
 5.40615e-09
 1.39139e-08
 3.31441e-08
 7.33384e-08
 1.51261e-07
 2.91802e-07
 5.28404e-07
 9.01628e-07
 1.45586e-06
 2.22541e-06
 3.02276e-06
 3.53366e-06
 3.72262e-06
 3.74431e-06
 3.66674e-06
 3.44630e-06
 3.02328e-06
 2.37123e-06
 1.57606e-06
 9.01142e-07
 4.83917e-07
 2.46494e-07
 1.19084e-07
 5.46037e-08
 2.37949e-08
 9.87089e-09
 3.90487e-09
 1.47572e-09
 5.33695e-10
 1.85011e-10
 6.15478e-11
 1.97639e-11
 5.93234e-12
 1.17050e-12
 0.00000e+00
 0.00000e+00
 1.49354e-21
 7.76151e-20
 1.98119e-18
 3.31442e-17
 4.09041e-16
 3.97359e-15
 3.16579e-14
 2.12790e-13
 1.23185e-12
 6.23928e-12
 2.79917e-11
 1.12344e-10
 4.06647e-10
 1.33651e-09
 4.01141e-09
 1.10490e-08
 2.80485e-08
 6.58755e-08
 1.43648e-07
 2.91808e-07
 5.54098e-07
 9.86955e-07
 1.65538e-06
 2.62592e-06
 3.93361e-06
 5.23263e-06
 6.03682e-06
 6.33347e-06
 6.36592e-06
 6.23918e-06
 5.88269e-06
 5.20406e-06
 4.16418e-06
 2.85873e-06
 1.68663e-06
 9.23560e-07
 4.78534e-07
 2.34527e-07
 1.08858e-07
 4.79403e-08
 2.00721e-08
 8.00616e-09
 3.04824e-09
 1.10988e-09
 3.87152e-10
 1.29535e-10
 4.18206e-11
 1.26125e-11
 2.49536e-12
 0.00000e+00
 0.00000e+00
 3.52702e-21
 1.79977e-19
 4.51799e-18
 7.44194e-17
 9.05103e-16
 8.67101e-15
 6.81636e-14
 4.52245e-13
 2.58497e-12
 1.29294e-11
 5.72871e-11
 2.27071e-10
 8.11678e-10
 2.63406e-09
 7.80432e-09
 2.12130e-08
 5.31183e-08
 1.22992e-07
 2.64232e-07
 5.28429e-07
 9.86981e-07
 1.72766e-06
 2.84503e-06
 4.42616e-06
 6.46796e-06
 8.39496e-06
 9.54633e-06
 9.97119e-06
 1.00165e-05
 9.83036e-06
 9.30296e-06
 8.29822e-06
 6.77631e-06
 4.83216e-06
 2.96744e-06
 1.66019e-06
 8.75245e-07
 4.35072e-07
 2.04345e-07
 9.09096e-08
 3.84028e-08
 1.54395e-08
 5.92056e-09
 2.16979e-09
 7.61407e-10
 2.56163e-10
 8.31317e-11
 2.51853e-11
 4.99573e-12
 0.00000e+00
 0.00000e+00
 7.68673e-21
 3.86400e-19
 9.56471e-18
 1.55471e-16
 1.86703e-15
 1.76687e-14
 1.37248e-13
 9.00003e-13
 5.08508e-12
 2.51429e-11
 1.10123e-10
 4.31448e-10
 1.52413e-09
 4.88685e-09
 1.43007e-08
 3.83757e-08
 9.48174e-08
 2.16474e-07
 4.58158e-07
 9.01697e-07
 1.65547e-06
 2.84512e-06
 4.59475e-06
 7.00129e-06
 9.82321e-06
 1.21464e-05
 1.33943e-05
 1.38427e-05
 1.38899e-05
 1.36917e-05
 1.31167e-05
 1.19705e-05
 1.01256e-05
 7.60975e-06
 4.92503e-06
 2.82514e-06
 1.51488e-06
 7.63011e-07
 3.62321e-07
 1.62726e-07
 6.93181e-08
 2.80786e-08
 1.08405e-08
 3.99750e-09
 1.41074e-09
 4.77102e-10
 1.55592e-10
 4.73391e-11
 9.41245e-12
 0.00000e+00
 0.00000e+00
 1.54895e-20
 7.69152e-19
 1.88189e-17
 3.02492e-16
 3.59344e-15
 3.36485e-14
 2.58668e-13
 1.67879e-12
 9.38803e-12
 4.59406e-11
 1.99123e-10
 7.71891e-10
 2.69733e-09
 8.55247e-09
 2.47400e-08
 6.55933e-08
 1.60019e-07
 3.60422e-07
 7.51753e-07
 1.45601e-06
 2.62614e-06
 4.42632e-06
 7.00158e-06
 1.02278e-05
 1.32963e-05
 1.53445e-05
 1.63401e-05
 1.66875e-05
 1.67236e-05
 1.65674e-05
 1.61023e-05
 1.51240e-05
 1.34161e-05
 1.08433e-05
 7.61202e-06
 4.58473e-06
 2.49165e-06
 1.26875e-06
 6.08337e-07
 2.75603e-07
 1.18321e-07
 4.82650e-08
 1.87522e-08
 6.95481e-09
 2.46733e-09
 8.38466e-10
 2.74677e-10
 8.38989e-11
 1.67169e-11
 0.00000e+00
 0.00000e+00
 2.88932e-20
 1.42069e-18
 3.44316e-17
 5.48362e-16
 6.45555e-15
 5.99108e-14
 4.56487e-13
 2.93642e-12
 1.62749e-11
 7.89254e-11
 3.38956e-10
 1.30163e-09
 4.50460e-09
 1.41403e-08
 4.04794e-08
 1.06150e-07
 2.55889e-07
 5.68805e-07
 1.16892e-06
 2.22569e-06
 3.93407e-06
 6.46848e-06
 9.82406e-06
 1.32969e-05
 1.58781e-05
 1.73533e-05
 1.80614e-05
 1.83090e-05
 1.83344e-05
 1.82200e-05
 1.78728e-05
 1.71269e-05
 1.57821e-05
 1.36140e-05
 1.05076e-05
 6.91033e-06
 3.88969e-06
 2.00036e-06
 9.68461e-07
 4.42483e-07
 1.91358e-07
 7.85581e-08
 3.06965e-08
 1.14437e-08
 4.07902e-09
 1.39216e-09
 4.57911e-10
 1.40354e-10
 2.80149e-11
 0.00000e+00
 0.00000e+00
 4.90246e-20
 2.38914e-18
 5.73931e-17
 9.06034e-16
 1.05722e-14
 9.72415e-14
 7.34200e-13
 4.67898e-12
 2.56841e-11
 1.23316e-10
 5.24101e-10
 1.99067e-09
 6.80984e-09
 2.11146e-08
 5.96514e-08
 1.54219e-07
 3.66192e-07
 8.00982e-07
 1.61782e-06
 3.02311e-06
 5.23326e-06
 8.39591e-06
 1.21472e-05
 1.53448e-05
 1.73533e-05
 1.84568e-05
 1.89784e-05
 1.91598e-05
 1.91783e-05
 1.90929e-05
 1.88287e-05
 1.82457e-05
 1.71620e-05
 1.53638e-05
 1.26614e-05
 9.04315e-06
 5.38931e-06
 2.81773e-06
 1.38078e-06
 6.37399e-07
 2.78155e-07
 1.15113e-07
 4.53047e-08
 1.69990e-08
 6.09466e-09
 2.09117e-09
 6.91243e-10
 2.12710e-10
 4.24900e-11
 0.00000e+00
 0.00000e+00
 6.80691e-20
 3.29452e-18
 7.85998e-17
 1.23224e-15
 1.42780e-14
 1.30391e-13
 9.77302e-13
 6.18156e-12
 3.36689e-11
 1.60352e-10
 6.75790e-10
 2.54431e-09
 8.62350e-09
 2.64781e-08
 7.40340e-08
 1.89318e-07
 4.44394e-07
 9.60436e-07
 1.91580e-06
 3.53399e-06
 6.03739e-06
 9.54715e-06
 1.33948e-05
 1.63401e-05
 1.80615e-05
 1.89784e-05
 1.94042e-05
 1.95513e-05
 1.95664e-05
 1.94963e-05
 1.92763e-05
 1.87809e-05
 1.78380e-05
 1.62346e-05
 1.37558e-05
 1.02673e-05
 6.37918e-06
 3.38285e-06
 1.67223e-06
 7.77714e-07
 3.41679e-07
 1.42269e-07
 5.63033e-08
 2.12324e-08
 7.64754e-09
 2.63504e-09
 8.74472e-10
 2.69903e-10
 5.39015e-11
 0.00000e+00
 0.00000e+00
 7.70781e-20
 3.71818e-18
 8.84125e-17
 1.38144e-15
 1.59526e-14
 1.45184e-13
 1.08439e-12
 6.83450e-12
 3.70903e-11
 1.75992e-10
 7.38894e-10
 2.77112e-09
 9.35521e-09
 2.86099e-08
 7.96721e-08
 2.02910e-07
 4.74316e-07
 1.02070e-06
 2.02709e-06
 3.72293e-06
 6.33395e-06
 9.97178e-06
 1.38431e-05
 1.66877e-05
 1.83091e-05
 1.91598e-05
 1.95513e-05
 1.96860e-05
 1.96997e-05
 1.96351e-05
 1.94308e-05
 1.89669e-05
 1.80754e-05
 1.65429e-05
 1.41441e-05
 1.07112e-05
 6.74889e-06
 3.59725e-06
 1.78346e-06
 8.31607e-07
 3.66249e-07
 1.52845e-07
 6.06167e-08
 2.29043e-08
 8.26503e-09
 2.85272e-09
 9.48281e-10
 2.93033e-10
 5.84867e-11
 0.00000e+00
 0.00000e+00
 7.83604e-20
 3.77862e-18
 8.98144e-17
 1.40277e-15
 1.61921e-14
 1.47299e-13
 1.09968e-12
 6.92753e-12
 3.75764e-11
 1.78205e-10
 7.47777e-10
 2.80283e-09
 9.45665e-09
 2.89021e-08
 8.04335e-08
 2.04709e-07
 4.78178e-07
 1.02824e-06
 2.04048e-06
 3.74461e-06
 6.36638e-06
 1.00170e-05
 1.38904e-05
 1.67238e-05
 1.83345e-05
 1.91783e-05
 1.95664e-05
 1.96997e-05
 1.97131e-05
 1.96488e-05
 1.94456e-05
 1.89841e-05
 1.80976e-05
 1.65734e-05
 1.41853e-05
 1.07611e-05
 6.79206e-06
 3.62296e-06
 1.79721e-06
 8.38454e-07
 3.69443e-07
 1.54244e-07
 6.11957e-08
 2.31312e-08
 8.34951e-09
 2.88269e-09
 9.58508e-10
 2.96226e-10
 5.90938e-11
 0.00000e+00
 0.00000e+00
 7.52614e-20
 3.63328e-18
 8.64543e-17
 1.35173e-15
 1.56193e-14
 1.42234e-13
 1.06295e-12
 6.70287e-12
 3.63942e-11
 1.72771e-10
 7.25699e-10
 2.72280e-09
 9.19585e-09
 2.81335e-08
 7.83741e-08
 1.99672e-07
 4.66890e-07
 1.00499e-06
 1.99634e-06
 3.66705e-06
 6.23965e-06
 9.83095e-06
 1.36922e-05
 1.65676e-05
 1.82201e-05
 1.90929e-05
 1.94963e-05
 1.96351e-05
 1.96488e-05
 1.95812e-05
 1.93693e-05
 1.88919e-05
 1.79817e-05
 1.64290e-05
 1.40140e-05
 1.05748e-05
 6.64080e-06
 3.53715e-06
 1.75382e-06
 8.17887e-07
 3.60223e-07
 1.50327e-07
 5.96148e-08
 2.25237e-08
 8.12678e-09
 2.80466e-09
 9.32207e-10
 2.87960e-10
 5.73915e-11
 0.00000e+00
 0.00000e+00
 6.63796e-20
 3.21562e-18
 7.67751e-17
 1.20438e-15
 1.39620e-14
 1.27554e-13
 9.56302e-13
 6.04972e-12
 3.29533e-11
 1.56941e-10
 6.61348e-10
 2.48950e-09
 8.43580e-09
 2.58951e-08
 7.23848e-08
 1.85053e-07
 4.34229e-07
 9.38009e-07
 1.86989e-06
 3.44664e-06
 5.88322e-06
 9.30364e-06
 1.31172e-05
 1.61026e-05
 1.78729e-05
 1.88287e-05
 1.92763e-05
 1.94308e-05
 1.94455e-05
 1.93693e-05
 1.91340e-05
 1.86123e-05
 1.76361e-05
 1.60030e-05
 1.35109e-05
 1.00348e-05
 6.20976e-06
 3.29404e-06
 1.63023e-06
 7.58920e-07
 3.33659e-07
 1.39000e-07
 5.50309e-08
 2.07590e-08
 7.47894e-09
 2.57746e-09
 8.55566e-10
 2.63904e-10
 5.24855e-11
 0.00000e+00
 0.00000e+00
 4.99816e-20
 2.44145e-18
 5.87709e-17
 9.29334e-16
 1.08585e-14
 9.99741e-14
 7.55326e-13
 4.81511e-12
 2.64301e-11
 1.26845e-10
 5.38673e-10
 2.04359e-09
 6.97967e-09
 2.15974e-08
 6.08638e-08
 1.56889e-07
 3.71247e-07
 8.08824e-07
 1.62632e-06
 3.02364e-06
 5.20466e-06
 8.29921e-06
 1.19713e-05
 1.51242e-05
 1.71270e-05
 1.82457e-05
 1.87809e-05
 1.89669e-05
 1.89841e-05
 1.88919e-05
 1.86122e-05
 1.80071e-05
 1.69062e-05
 1.51205e-05
 1.24835e-05
 8.96790e-06
 5.38712e-06
 2.83456e-06
 1.39538e-06
 6.46321e-07
 2.82793e-07
 1.17280e-07
 4.62373e-08
 1.73737e-08
 6.23642e-09
 2.14191e-09
 7.08716e-10
 2.17880e-10
 4.31477e-11
 0.00000e+00
 0.00000e+00
 2.98493e-20
 1.47515e-18
 3.59224e-17
 5.74684e-16
 6.79405e-15
 6.33020e-14
 4.84093e-13
 3.12452e-12
 1.73700e-11
 8.44624e-11
 3.63572e-10
 1.39876e-09
 4.84738e-09
 1.52284e-08
 4.35992e-08
 1.14260e-07
 2.75094e-07
 6.10314e-07
 1.25076e-06
 2.37156e-06
 4.16480e-06
 6.77741e-06
 1.01267e-05
 1.34167e-05
 1.57822e-05
 1.71620e-05
 1.78379e-05
 1.80753e-05
 1.80975e-05
 1.79816e-05
 1.76361e-05
 1.69062e-05
 1.56188e-05
 1.36053e-05
 1.07521e-05
 7.26761e-06
 4.14877e-06
 2.14508e-06
 1.04126e-06
 4.76437e-07
 2.06218e-07
 8.47000e-08
 3.31027e-08
 1.23401e-08
 4.39756e-09
 1.50033e-09
 4.93382e-10
 1.50755e-10
 2.96440e-11
 0.00000e+00
 0.00000e+00
 1.45616e-20
 7.26986e-19
 1.78842e-17
 2.89180e-16
 3.45691e-15
 3.25839e-14
 2.52216e-13
 1.64871e-12
 9.28893e-12
 4.58084e-11
 2.00139e-10
 7.82216e-10
 2.75639e-09
 8.81443e-09
 2.57183e-08
 6.87788e-08
 1.69235e-07
 3.84378e-07
 8.08091e-07
 1.57631e-06
 2.85919e-06
 4.83289e-06
 7.61126e-06
 1.08446e-05
 1.36141e-05
 1.53636e-05
 1.62343e-05
 1.65427e-05
 1.65732e-05
 1.64289e-05
 1.60029e-05
 1.51204e-05
 1.36051e-05
 1.13114e-05
 8.24197e-06
 5.05945e-06
 2.71690e-06
 1.36814e-06
 6.50330e-07
 2.92467e-07
 1.24750e-07
 5.05922e-08
 1.95528e-08
 7.21676e-09
 2.54889e-09
 8.62611e-10
 2.81580e-10
 8.54334e-11
 1.66771e-11
 0.00000e+00
 0.00000e+00
 6.64609e-21
 3.34947e-19
 8.31669e-18
 1.35666e-16
 1.63574e-15
 1.55489e-14
 1.21375e-13
 8.00182e-13
 4.54750e-12
 2.26276e-11
 9.97899e-11
 3.93889e-10
 1.40276e-09
 4.53739e-09
 1.34059e-08
 3.63524e-08
 9.08506e-08
 2.10030e-07
 4.50670e-07
 9.01272e-07
 1.68687e-06
 2.96782e-06
 4.92624e-06
 7.61405e-06
 1.05079e-05
 1.26602e-05
 1.37552e-05
 1.41437e-05
 1.41849e-05
 1.40137e-05
 1.35107e-05
 1.24834e-05
 1.07520e-05
 8.24165e-06
 5.36211e-06
 2.99604e-06
 1.54733e-06
 7.61671e-07
 3.55767e-07
 1.57761e-07
 6.65158e-08
 2.67137e-08
 1.02385e-08
 3.75173e-09
 1.31670e-09
 4.43106e-10
 1.43910e-10
 4.34652e-11
 8.45295e-12
 0.00000e+00
 0.00000e+00
 2.87368e-21
 1.46274e-19
 3.66721e-18
 6.03903e-17
 7.34976e-16
 7.05189e-15
 5.55640e-14
 3.69785e-13
 2.12171e-12
 1.06608e-11
 4.74886e-11
 1.89395e-10
 6.81790e-10
 2.23036e-09
 6.66870e-09
 1.83151e-08
 4.64069e-08
 1.08915e-07
 2.37657e-07
 4.83965e-07
 9.23647e-07
 1.66035e-06
 2.82556e-06
 4.58598e-06
 6.90987e-06
 9.04097e-06
 1.02660e-05
 1.07103e-05
 1.07605e-05
 1.05742e-05
 1.00343e-05
 8.96741e-06
 7.26678e-06
 5.05876e-06
 2.99593e-06
 1.61523e-06
 8.25798e-07
 4.00819e-07
 1.84794e-07
 8.10117e-08
 3.38173e-08
 1.34634e-08
 5.12060e-09
 1.86358e-09
 6.50050e-10
 2.17559e-10
 7.03026e-11
 2.11362e-11
 4.09468e-12
 0.00000e+00
 0.00000e+00
 1.18111e-21
 6.07659e-20
 1.53916e-18
 2.56002e-17
 3.14626e-16
 3.04812e-15
 2.42502e-14
 1.62962e-13
 9.44249e-13
 4.79207e-12
 2.15650e-11
 8.69117e-11
 3.16271e-10
 1.04632e-09
 3.16543e-09
 8.80169e-09
 2.25956e-08
 5.37764e-08
 1.19115e-07
 2.46508e-07
 4.78556e-07
 8.75273e-07
 1.51490e-06
 2.49146e-06
 3.88837e-06
 5.38734e-06
 6.37780e-06
 6.74798e-06
 6.79132e-06
 6.64012e-06
 6.20911e-06
 5.38641e-06
 4.14773e-06
 2.71636e-06
 1.54744e-06
 8.25787e-07
 4.17332e-07
 2.00208e-07
 9.12945e-08
 3.96231e-08
 1.63915e-08
 6.47321e-09
 2.44414e-09
 8.83697e-10
 3.06421e-10
 1.01999e-10
 3.27964e-11
 9.81510e-12
 1.89409e-12
 0.00000e+00
 0.00000e+00
 4.62539e-22
 2.40693e-20
 6.16292e-19
 1.03579e-17
 1.28595e-16
 1.25831e-15
 1.01101e-14
 6.86128e-14
 4.01513e-13
 2.05813e-12
 9.35623e-12
 3.80996e-11
 1.40122e-10
 4.68654e-10
 1.43393e-09
 4.03425e-09
 1.04845e-08
 2.52751e-08
 5.67428e-08
 1.19085e-07
 2.34524e-07
 4.35051e-07
 7.62926e-07
 1.26845e-06
 1.99952e-06
 2.81662e-06
 3.38201e-06
 3.59665e-06
 3.62246e-06
 3.53668e-06
 3.29360e-06
 2.83412e-06
 2.14473e-06
 1.36796e-06
 7.61617e-07
 4.00801e-07
 2.00203e-07
 9.50261e-08
 4.29088e-08
 1.84566e-08
 7.57302e-09
 2.96852e-09
 1.11329e-09
 4.00043e-10
 1.37934e-10
 4.56779e-11
 1.46167e-11
 4.35506e-12
 8.37240e-13
 0.00000e+00
 0.00000e+00
 1.72958e-22
 9.10943e-21
 2.35900e-19
 4.00770e-18
 5.02769e-17
 4.96978e-16
 4.03309e-15
 2.76425e-14
 1.63361e-13
 8.45692e-13
 3.88295e-12
 1.59719e-11
 5.93455e-11
 2.00574e-10
 6.20295e-10
 1.76446e-09
 4.63785e-09
 1.13119e-08
 2.57015e-08
 5.46014e-08
 1.08849e-07
 2.04319e-07
 3.62246e-07
 6.08138e-07
 9.68026e-07
 1.38024e-06
 1.67181e-06
 1.78315e-06
 1.79694e-06
 1.75357e-06
 1.62999e-06
 1.39516e-06
 1.04109e-06
 6.50234e-07
 3.55730e-07
 1.84781e-07
 9.12904e-08
 4.29079e-08
 1.92031e-08
 8.19302e-09
 3.33682e-09
 1.29911e-09
 4.84177e-10
 1.72987e-10
 5.93314e-11
 1.95525e-11
 6.22830e-12
 1.84790e-12
 3.53948e-13
 0.00000e+00
 0.00000e+00
 6.18755e-23
 3.30044e-21
 8.64791e-20
 1.48556e-18
 1.88348e-17
 1.88095e-16
 1.54176e-15
 1.06714e-14
 6.36819e-14
 3.32875e-13
 1.54324e-12
 6.40987e-12
 2.40511e-11
 8.20965e-11
 2.56457e-10
 7.36998e-10
 1.95743e-09
 4.82492e-09
 1.10803e-08
 2.37927e-08
 4.79337e-08
 9.08917e-08
 1.62681e-07
 2.75500e-07
 4.42281e-07
 6.37157e-07
 7.77520e-07
 8.31456e-07
 8.38320e-07
 8.17761e-07
 7.58804e-07
 6.46218e-07
 4.76355e-07
 2.92419e-07
 1.57740e-07
 8.10039e-08
 3.96205e-08
 1.84558e-08
 8.19286e-09
 3.46965e-09
 1.40354e-09
 5.43033e-10
 2.01227e-10
 7.15138e-11
 2.44075e-11
 8.00682e-12
 2.53963e-12
 7.50483e-13
 1.43243e-13
 0.00000e+00
 0.00000e+00
 2.12154e-23
 1.14674e-21
 3.04136e-20
 5.28390e-19
 6.77135e-18
 6.83197e-17
 5.65587e-16
 3.95290e-15
 2.38148e-14
 1.25661e-13
 5.88046e-13
 2.46530e-12
 9.33685e-12
 3.21697e-11
 1.01441e-10
 2.94287e-10
 7.89086e-10
 1.96372e-09
 4.55294e-09
 9.86948e-09
 2.00683e-08
 3.83932e-08
 6.92958e-08
 1.18274e-07
 1.91271e-07
 2.78052e-07
 3.41595e-07
 3.66181e-07
 3.69381e-07
 3.60165e-07
 3.33605e-07
 2.82745e-07
 2.06181e-07
 1.24727e-07
 6.65058e-08
 3.38133e-08
 1.63901e-08
 7.57256e-09
 3.33669e-09
 1.40351e-09
 5.64216e-10
 2.17047e-10
 8.00037e-11
 2.82929e-11
 9.61225e-12
 3.13987e-12
 9.91930e-13
 2.92022e-13
 5.55501e-14
 0.00000e+00
 0.00000e+00
 6.98308e-24
 3.82699e-22
 1.02770e-20
 1.80607e-19
 2.33952e-18
 2.38471e-17
 1.99367e-16
 1.40670e-15
 8.55392e-15
 4.55484e-14
 2.15071e-13
 9.09699e-13
 3.47581e-12
 1.20813e-11
 3.84311e-11
 1.12469e-10
 3.04208e-10
 7.63652e-10
 1.78585e-09
 3.90413e-09
 8.00426e-09
 1.54350e-08
 2.80688e-08
 4.82455e-08
 7.85236e-08
 1.15072e-07
 1.42234e-07
 1.52816e-07
 1.54218e-07
 1.50302e-07
 1.38976e-07
 1.17259e-07
 8.46836e-08
 5.05822e-08
 2.67092e-08
 1.34616e-08
 6.47252e-09
 2.96828e-09
 1.29904e-09
 5.43015e-10
 2.17044e-10
 8.30529e-11
 3.04633e-11
 1.07241e-11
 3.62796e-12
 1.18038e-12
 3.71505e-13
 1.08983e-13
 2.06649e-14
 0.00000e+00
 0.00000e+00
 2.20979e-24
 1.22853e-22
 3.34136e-21
 5.94049e-20
 7.77829e-19
 8.00931e-18
 6.76097e-17
 4.81497e-16
 2.95439e-15
 1.58703e-14
 7.55834e-14
 3.22411e-13
 1.24218e-12
 4.35329e-12
 1.39613e-11
 4.11893e-11
 1.12305e-10
 2.84160e-10
 6.69735e-10
 1.47538e-09
 3.04740e-09
 5.91865e-09
 1.08365e-08
 1.87446e-08
 3.06836e-08
 4.52890e-08
 5.62895e-08
 6.06051e-08
 6.11848e-08
 5.96044e-08
 5.50212e-08
 4.62287e-08
 3.30959e-08
 1.95486e-08
 1.02366e-08
 5.11980e-09
 2.44383e-09
 1.11318e-09
 4.84143e-10
 2.01218e-10
 8.00014e-11
 3.04629e-11
 1.11228e-11
 3.89902e-12
 1.31381e-12
 4.25875e-13
 1.33567e-13
 3.90522e-14
 7.38225e-15
 0.00000e+00
 0.00000e+00
 6.73228e-25
 3.79874e-23
 1.04665e-21
 1.88262e-20
 2.49158e-19
 2.59139e-18
 2.20831e-17
 1.58699e-16
 9.82267e-16
 5.32122e-15
 2.55515e-14
 1.09871e-13
 4.26647e-13
 1.50679e-12
 4.86923e-12
 1.44734e-11
 3.97549e-11
 1.01324e-10
 2.40518e-10
 5.33553e-10
 1.10954e-09
 2.16904e-09
 3.99597e-09
 6.95201e-09
 1.14390e-08
 1.69933e-08
 2.12273e-08
 2.28999e-08
 2.31270e-08
 2.25196e-08
 2.07553e-08
 1.73703e-08
 1.23374e-08
 7.21512e-09
 3.75097e-09
 1.86326e-09
 8.83573e-10
 3.99999e-10
 1.72973e-10
 7.15094e-11
 2.82917e-11
 1.07239e-11
 3.89897e-12
 1.36135e-12
 4.57023e-13
 1.47631e-13
 4.61494e-14
 1.34508e-14
 2.53525e-15
 0.00000e+00
 0.00000e+00
 1.97714e-25
 1.13282e-23
 3.16254e-22
 5.75530e-21
 7.69836e-20
 8.08601e-19
 6.95474e-18
 5.04209e-17
 3.14715e-16
 1.71876e-15
 8.31800e-15
 3.60402e-14
 1.40992e-13
 5.01563e-13
 1.63236e-12
 4.88596e-12
 1.35125e-11
 3.46711e-11
 8.28432e-11
 1.84956e-10
 3.87024e-10
 7.61131e-10
 1.41020e-09
 2.46635e-09
 4.07744e-09
 6.09271e-09
 7.64570e-09
 8.26339e-09
 8.34794e-09
 8.12527e-09
 7.47751e-09
 6.23514e-09
 4.39655e-09
 2.54828e-09
 1.31641e-09
 6.49929e-10
 3.06373e-10
 1.37917e-10
 5.93256e-11
 2.44057e-11
 9.61174e-12
 3.62783e-12
 1.31378e-12
 4.57018e-13
 1.52895e-13
 4.92285e-14
 1.53412e-14
 4.45819e-15
 8.37941e-16
 0.00000e+00
 0.00000e+00
 5.60277e-26
 3.26109e-24
 9.22593e-23
 1.69866e-21
 2.29615e-20
 2.43519e-19
 2.11347e-18
 1.54532e-17
 9.72389e-17
 5.35181e-16
 2.60941e-15
 1.13878e-14
 4.48626e-14
 1.60683e-13
 5.26430e-13
 1.58595e-12
 4.41401e-12
 1.13962e-11
 2.73959e-11
 6.15276e-11
 1.29489e-10
 2.56065e-10
 4.76914e-10
 8.38136e-10
 1.39163e-09
 2.09052e-09
 2.63441e-09
 2.85214e-09
 2.88214e-09
 2.80412e-09
 2.57695e-09
 2.14146e-09
 1.49998e-09
 8.62400e-10
 4.43007e-10
 2.17517e-10
 1.01983e-10
 4.56720e-11
 1.95505e-11
 8.00622e-12
 3.13970e-12
 1.18034e-12
 4.25866e-13
 1.47630e-13
 4.92286e-14
 1.58020e-14
 4.91011e-15
 1.42291e-15
 2.66743e-16
 0.00000e+00
 0.00000e+00
 1.53818e-26
 9.10002e-25
 2.60952e-23
 4.86120e-22
 6.64018e-21
 7.10982e-20
 6.22536e-19
 4.58980e-18
 2.91090e-17
 1.61413e-16
 7.92676e-16
 3.48331e-15
 1.38144e-14
 4.97996e-14
 1.64183e-13
 4.97669e-13
 1.39342e-12
 3.61867e-12
 8.74893e-12
 1.97586e-11
 4.18081e-11
 8.31053e-11
 1.55541e-10
 2.74589e-10
 4.57768e-10
 6.91060e-10
 8.74280e-10
 9.48091e-10
 9.58319e-10
 9.32018e-10
 8.55378e-10
 7.08536e-10
 4.93233e-10
 2.81486e-10
 1.43865e-10
 7.02823e-11
 3.27878e-11
 1.46133e-11
 6.22699e-12
 2.53915e-12
 9.91762e-13
 3.71447e-13
 1.33548e-13
 4.61431e-14
 1.53393e-14
 4.90945e-15
 1.52132e-15
 4.39580e-16
 8.20649e-17
 0.00000e+00
 0.00000e+00
 3.98323e-27
 2.39492e-25
 6.95866e-24
 1.31098e-22
 1.80864e-21
 1.95408e-20
 1.72525e-19
 1.28185e-18
 8.18903e-18
 4.57236e-17
 2.26024e-16
 9.99513e-16
 3.98807e-15
 1.44611e-14
 4.79480e-14
 1.46143e-13
 4.11392e-13
 1.07399e-12
 2.60993e-12
 5.92370e-12
 1.25948e-11
 2.51515e-11
 4.72791e-11
 8.38000e-11
 1.40203e-10
 2.12542e-10
 2.69778e-10
 2.92952e-10
 2.96166e-10
 2.87920e-10
 2.63899e-10
 2.17920e-10
 1.50825e-10
 8.54942e-11
 4.35001e-11
 2.11553e-11
 9.82501e-12
 4.35992e-12
 1.85015e-12
 7.51473e-13
 2.92435e-13
 1.09147e-13
 3.91145e-14
 1.34735e-14
 4.46606e-15
 1.42552e-15
 4.40478e-16
 1.27921e-16
 2.47056e-17
 0.00000e+00
 0.00000e+00
 7.04034e-28
 4.28593e-26
 1.25770e-24
 2.38923e-23
 3.32022e-22
 3.61058e-21
 3.20668e-20
 2.39562e-19
 1.53825e-18
 8.63012e-18
 4.28549e-17
 1.90330e-16
 7.62558e-16
 2.77607e-15
 9.23963e-15
 2.82660e-14
 7.98534e-14
 2.09193e-13
 5.10083e-13
 1.16151e-12
 2.47737e-12
 4.96208e-12
 9.35371e-12
 1.66211e-11
 2.78697e-11
 4.23371e-11
 5.38071e-11
 5.84486e-11
 5.90821e-11
 5.74058e-11
 5.25424e-11
 4.32570e-11
 2.97812e-11
 1.67842e-11
 8.51139e-12
 4.12517e-12
 1.90924e-12
 8.44401e-13
 3.57172e-13
 1.44626e-13
 5.61171e-14
 2.08871e-14
 7.46560e-15
 2.56524e-15
 8.48296e-16
 2.70176e-16
 8.31748e-17
 2.49824e-17
 5.63554e-18
 0.00000e+00
 0.00000e+00
 0.00000e+00
 0.00000e+00
 0.00000e+00
 0.00000e+00
 0.00000e+00
 0.00000e+00
 0.00000e+00
 0.00000e+00
 0.00000e+00
 0.00000e+00
 0.00000e+00
 0.00000e+00
 0.00000e+00
 0.00000e+00
 0.00000e+00
 0.00000e+00
 0.00000e+00
 0.00000e+00
 0.00000e+00
 0.00000e+00
 0.00000e+00
 0.00000e+00
 0.00000e+00
 0.00000e+00
 0.00000e+00
 0.00000e+00
 0.00000e+00
 0.00000e+00
 0.00000e+00
 0.00000e+00
 0.00000e+00
 0.00000e+00
 0.00000e+00
 0.00000e+00
 0.00000e+00
 0.00000e+00
 0.00000e+00
 0.00000e+00
 0.00000e+00
 0.00000e+00
 0.00000e+00
 0.00000e+00
 0.00000e+00
 0.00000e+00
 0.00000e+00
 0.00000e+00
 0.00000e+00
 0.00000e+00
 0.00000e+00
 0.00000e+00
 0.00000e+00
 0.00000e+00
 0.00000e+00
 0.00000e+00
 0.00000e+00
 0.00000e+00
 0.00000e+00
 0.00000e+00
 0.00000e+00
 0.00000e+00
 0.00000e+00
 0.00000e+00
 0.00000e+00
 0.00000e+00
 0.00000e+00
 0.00000e+00
 0.00000e+00
 0.00000e+00
 0.00000e+00
 0.00000e+00
 0.00000e+00
 0.00000e+00
 0.00000e+00
 0.00000e+00
 0.00000e+00
 0.00000e+00
 0.00000e+00
 0.00000e+00
 0.00000e+00
 0.00000e+00
 0.00000e+00
 0.00000e+00
 0.00000e+00
 0.00000e+00
 0.00000e+00
 0.00000e+00
 0.00000e+00
 0.00000e+00
 0.00000e+00
 0.00000e+00
 0.00000e+00
 0.00000e+00
 0.00000e+00
 0.00000e+00
 0.00000e+00
 0.00000e+00
 0.00000e+00
 0.00000e+00
 0.00000e+00
 0.00000e+00
 0.00000e+00
 0.00000e+00
 0.00000e+00
 0.00000e+00
 0.00000e+00
 0.00000e+00
 0.00000e+00
 7.12609e-34
 3.31240e-32
 7.61267e-31
 1.15314e-29
 1.29488e-28
 1.14946e-27
 8.40000e-27
 5.19611e-26
 2.77646e-25
 1.30133e-24
 5.41456e-24
 2.01913e-23
 6.80045e-23
 2.08170e-22
 5.82155e-22
 1.49354e-21
 3.52702e-21
 7.68673e-21
 1.54895e-20
 2.88932e-20
 4.90246e-20
 6.80691e-20
 7.70781e-20
 7.83604e-20
 7.52614e-20
 6.63796e-20
 4.99816e-20
 2.98493e-20
 1.45616e-20
 6.64609e-21
 2.87368e-21
 1.18111e-21
 4.62539e-22
 1.72958e-22
 6.18755e-23
 2.12154e-23
 6.98308e-24
 2.20979e-24
 6.73229e-25
 1.97714e-25
 5.60281e-26
 1.53801e-26
 3.99165e-27
 7.14607e-28
 0.00000e+00
 0.00000e+00
 0.00000e+00
 0.00000e+00
 0.00000e+00
 8.50557e-34
 4.00563e-32
 9.64277e-31
 1.57802e-29
 1.96510e-28
 1.97402e-27
 1.65591e-26
 1.18658e-25
 7.38175e-25
 4.03647e-24
 1.95947e-23
 8.51440e-23
 3.33485e-22
 1.18439e-21
 3.83382e-21
 1.13602e-20
 3.09299e-20
 7.76168e-20
 1.79979e-19
 3.86401e-19
 7.69150e-19
 1.42068e-18
 2.38911e-18
 3.29448e-18
 3.71814e-18
 3.77857e-18
 3.63323e-18
 3.21559e-18
 2.44145e-18
 1.47517e-18
 7.27005e-19
 3.34961e-19
 1.46283e-19
 6.07709e-20
 2.40719e-20
 9.11066e-21
 3.30099e-21
 1.14696e-21
 3.82787e-22
 1.22886e-22
 3.79989e-23
 1.13321e-23
 3.26236e-24
 9.10283e-25
 2.40105e-25
 4.35153e-26
 0.00000e+00
 0.00000e+00
 0.00000e+00
 0.00000e+00
 1.24231e-33
 9.60443e-32
 3.12991e-30
 6.27464e-29
 9.01178e-28
 1.00527e-26
 9.14752e-26
 7.01239e-25
 4.63125e-24
 2.67826e-23
 1.37289e-22
 6.29769e-22
 2.60492e-21
 9.77662e-21
 3.34681e-20
 1.04962e-19
 3.02698e-19
 8.05255e-19
 1.98126e-18
 4.51806e-18
 9.56473e-18
 1.88187e-17
 3.44310e-17
 5.73918e-17
 7.85978e-17
 8.84102e-17
 8.98121e-17
 8.64523e-17
 7.67737e-17
 5.87706e-17
 3.59229e-17
 1.78849e-17
 8.31725e-18
 3.66757e-18
 1.53936e-18
 6.16399e-19
 2.35951e-19
 8.65019e-20
 3.04231e-20
 1.02807e-20
 3.34274e-21
 1.04714e-21
 3.16417e-22
 9.23124e-23
 2.61084e-23
 6.97774e-24
 1.27689e-24
 0.00000e+00
 0.00000e+00
 0.00000e+00
 8.50557e-34
 9.60443e-32
 4.38504e-30
 1.14107e-28
 2.00860e-27
 2.63477e-26
 2.73546e-25
 2.34016e-24
 1.69704e-23
 1.06503e-22
 5.87521e-22
 2.88328e-21
 1.27076e-20
 5.06809e-20
 1.84041e-19
 6.11633e-19
 1.86817e-18
 5.26297e-18
 1.37157e-17
 3.31456e-17
 7.44207e-17
 1.55471e-16
 3.02487e-16
 5.48347e-16
 9.06003e-16
 1.23219e-15
 1.38138e-15
 1.40272e-15
 1.35169e-15
 1.20434e-15
 9.29323e-16
 5.74693e-16
 2.89194e-16
 1.35677e-16
 6.03975e-17
 2.56043e-17
 1.03600e-17
 4.00874e-18
 1.48602e-18
 5.28584e-19
 1.80683e-19
 5.94332e-20
 1.88361e-20
 5.75865e-21
 1.69975e-21
 4.86397e-22
 1.31460e-22
 2.42508e-23
 0.00000e+00
 0.00000e+00
 0.00000e+00
 4.00527e-32
 3.12974e-30
 1.14103e-28
 2.58457e-27
 4.14239e-26
 5.06945e-25
 4.97882e-24
 4.06267e-23
 2.82488e-22
 1.70595e-21
 9.08033e-21
 4.30965e-20
 1.84086e-19
 7.13036e-19
 2.52001e-18
 8.16805e-18
 2.43841e-17
 6.72833e-17
 1.72103e-16
 4.09057e-16
 9.05116e-16
 1.86702e-15
 3.59335e-15
 6.45530e-15
 1.05717e-14
 1.42772e-14
 1.59518e-14
 1.61913e-14
 1.56186e-14
 1.39615e-14
 1.08583e-14
 6.79411e-15
 3.45707e-15
 1.63587e-15
 7.35066e-16
 3.14680e-16
 1.28623e-16
 5.02906e-17
 1.88409e-17
 6.77391e-18
 2.34053e-18
 7.78205e-19
 2.49291e-19
 7.70281e-20
 2.29760e-20
 6.64385e-21
 1.81352e-21
 3.36880e-22
 0.00000e+00
 0.00000e+00
 7.12609e-34
 9.64120e-31
 6.27386e-29
 2.00842e-27
 4.14219e-26
 6.18912e-25
 7.16864e-24
 6.72870e-23
 5.28105e-22
 3.54713e-21
 2.07545e-20
 1.07269e-19
 4.95229e-19
 2.06080e-18
 7.78751e-18
 2.68889e-17
 8.52700e-17
 2.49425e-16
 6.75410e-16
 1.69813e-15
 3.97373e-15
 8.67109e-15
 1.76684e-14
 3.36474e-14
 5.99080e-14
 9.72359e-14
 1.30383e-13
 1.45175e-13
 1.47290e-13
 1.42226e-13
 1.27548e-13
 9.99710e-14
 6.33019e-14
 3.25851e-14
 1.55500e-14
 7.05271e-15
 3.04862e-15
 1.25858e-15
 4.97108e-16
 1.88153e-16
 6.83443e-17
 2.38568e-17
 8.01293e-18
 2.59267e-18
 8.09031e-19
 2.43660e-19
 7.11329e-20
 1.95913e-20
 3.66181e-21
 0.00000e+00
 0.00000e+00
 3.31240e-32
 1.57768e-29
 9.01011e-28
 2.63438e-26
 5.06895e-25
 7.16827e-24
 7.93691e-23
 7.17134e-22
 5.44463e-21
 3.54986e-20
 2.02124e-19
 1.01850e-18
 4.59090e-18
 1.86747e-17
 6.90563e-17
 2.33566e-16
 7.26294e-16
 2.08549e-15
 5.55000e-15
 1.37307e-14
 3.16589e-14
 6.81638e-14
 1.37245e-13
 2.58657e-13
 4.56461e-13
 7.34150e-13
 9.77232e-13
 1.08431e-12
 1.09960e-12
 1.06288e-12
 9.56245e-13
 7.55293e-13
 4.84087e-13
 2.52223e-13
 1.21382e-13
 5.55696e-14
 2.42538e-14
 1.01121e-14
 4.03404e-15
 1.54219e-15
 5.65770e-16
 1.99440e-16
 6.76368e-17
 2.20926e-17
 6.95797e-18
 2.11452e-18
 6.22787e-19
 1.72946e-19
 3.25065e-20
 0.00000e+00
 0.00000e+00
 7.61267e-31
 1.96462e-28
 1.00504e-26
 2.73492e-25
 4.97807e-24
 6.72802e-23
 7.17098e-22
 6.26970e-21
 4.62374e-20
 2.93656e-19
 1.63214e-18
 8.04073e-18
 3.54780e-17
 1.41406e-16
 5.12790e-16
 1.70218e-15
 5.19880e-15
 1.46740e-14
 3.84207e-14
 9.36108e-14
 2.12795e-13
 4.52244e-13
 8.99976e-13
 1.67870e-12
 2.93623e-12
 4.67862e-12
 6.18106e-12
 6.83395e-12
 6.92699e-12
 6.70236e-12
 6.04930e-12
 4.81484e-12
 3.12444e-12
 1.64873e-12
 8.00216e-13
 3.69814e-13
 1.62982e-13
 6.86238e-14
 2.76480e-14
 1.06739e-14
 3.95398e-15
 1.40713e-15
 4.81659e-16
 1.58756e-16
 5.04403e-17
 1.54596e-17
 4.59123e-18
 1.28479e-18
 2.42728e-19
 0.00000e+00
 0.00000e+00
 1.15314e-29
 1.97351e-27
 9.14508e-26
 2.33960e-24
 4.06189e-23
 5.28028e-22
 5.44412e-21
 4.62353e-20
 3.32232e-19
 2.06072e-18
 1.12058e-17
 5.40842e-17
 2.34034e-16
 9.15582e-16
 3.26119e-15
 1.06394e-14
 3.19556e-14
 8.87551e-14
 2.28828e-13
 5.49422e-13
 1.23188e-12
 2.58494e-12
 5.08489e-12
 9.38748e-12
 1.62737e-11
 2.56819e-11
 3.36660e-11
 3.70871e-11
 3.75732e-11
 3.63912e-11
 3.29507e-11
 2.64284e-11
 1.73693e-11
 9.28881e-12
 4.54759e-12
 2.12183e-12
 9.44333e-13
 4.01563e-13
 1.63387e-13
 6.36941e-14
 2.38201e-14
 8.55604e-15
 2.95519e-15
 9.82553e-16
 3.14812e-16
 9.72712e-17
 2.91156e-17
 8.20661e-18
 1.55781e-18
 0.00000e+00
 0.00000e+00
 1.29488e-28
 1.65549e-26
 7.01040e-25
 1.69659e-23
 2.82424e-22
 3.54648e-21
 3.54939e-20
 2.93630e-19
 2.06064e-18
 1.25076e-17
 6.66583e-17
 3.15683e-16
 1.34161e-15
 5.15845e-15
 1.80687e-14
 5.79976e-14
 1.71469e-13
 4.69008e-13
 1.19144e-12
 2.82041e-12
 6.23934e-12
 1.29291e-11
 2.51418e-11
 4.59376e-11
 7.89189e-11
 1.23305e-10
 1.60337e-10
 1.75976e-10
 1.78189e-10
 1.72756e-10
 1.56927e-10
 1.26835e-10
 8.44575e-11
 4.58071e-11
 2.26275e-11
 1.06611e-11
 4.79235e-12
 2.05831e-12
 8.45791e-13
 3.32923e-13
 1.25682e-13
 4.55570e-14
 1.58737e-14
 5.32242e-15
 1.71917e-15
 5.35320e-16
 1.61438e-16
 4.58158e-17
 8.73565e-18
 0.00000e+00
 0.00000e+00
 1.14946e-27
 1.18629e-25
 4.62992e-24
 1.06474e-22
 1.70553e-21
 2.07501e-20
 2.02091e-19
 1.63194e-18
 1.12049e-17
 6.66558e-17
 3.48623e-16
 1.62197e-15
 6.77731e-15
 2.56368e-14
 8.83892e-14
 2.79374e-13
 8.13621e-13
 2.19296e-12
 5.49174e-12
 1.28217e-11
 2.79918e-11
 5.72856e-11
 1.10118e-10
 1.99109e-10
 3.38927e-10
 5.24050e-10
 6.75723e-10
 7.38823e-10
 7.47705e-10
 7.25630e-10
 6.61286e-10
 5.38625e-10
 3.63545e-10
 2.00130e-10
 9.97874e-11
 4.74886e-11
 2.15656e-11
 9.35672e-12
 3.88325e-12
 1.54340e-12
 5.88117e-13
 2.15101e-13
 7.55952e-14
 2.55558e-14
 8.31953e-15
 2.60995e-15
 7.92757e-16
 2.26454e-16
 4.33584e-17
 0.00000e+00
 0.00000e+00
 8.40000e-27
 7.38015e-25
 2.67752e-23
 5.87355e-22
 9.07796e-21
 1.07245e-19
 1.01831e-18
 8.03954e-18
 5.40784e-17
 3.15661e-16
 1.62192e-15
 7.42013e-15
 3.05094e-14
 1.13629e-13
 3.85888e-13
 1.20179e-12
 3.44959e-12
 9.16631e-12
 2.26369e-11
 5.21379e-11
 1.12343e-10
 2.27064e-10
 4.31423e-10
 7.71831e-10
 1.30151e-09
 1.99047e-09
 2.54404e-09
 2.77084e-09
 2.80255e-09
 2.72253e-09
 2.48925e-09
 2.04339e-09
 1.39864e-09
 7.82160e-10
 3.93869e-10
 1.89390e-10
 8.69115e-11
 3.81004e-11
 1.59726e-11
 6.41027e-12
 2.46550e-12
 9.09788e-13
 3.22448e-13
 1.09885e-13
 3.60454e-14
 1.13897e-14
 3.48355e-15
 1.00132e-15
 1.92477e-16
 0.00000e+00
 0.00000e+00
 5.19611e-26
 4.03570e-24
 1.37254e-22
 2.88250e-21
 4.30853e-20
 4.95113e-19
 4.58998e-18
 3.54721e-17
 2.34004e-16
 1.34148e-15
 6.77692e-15
 3.05086e-14
 1.23520e-13
 4.53211e-13
 1.51685e-12
 4.65697e-12
 1.31804e-11
 3.45398e-11
 8.41382e-11
 1.91203e-10
 4.06641e-10
 8.11646e-10
 1.52403e-09
 2.69710e-09
 4.50413e-09
 6.80912e-09
 8.62261e-09
 9.35425e-09
 9.45568e-09
 9.19490e-09
 8.43492e-09
 6.97894e-09
 4.84688e-09
 2.75615e-09
 1.40266e-09
 6.81757e-10
 3.16262e-10
 1.40121e-10
 5.93463e-11
 2.40519e-11
 9.33733e-12
 3.47606e-12
 1.24229e-12
 4.26691e-13
 1.41009e-13
 4.48691e-14
 1.38151e-14
 3.99498e-15
 7.70812e-16
 0.00000e+00
 0.00000e+00
 2.77646e-25
 1.95915e-23
 6.29623e-22
 1.27044e-20
 1.84040e-19
 2.06033e-18
 1.86709e-17
 1.41382e-16
 9.15453e-16
 5.15789e-15
 2.56348e-14
 1.13624e-13
 4.53201e-13
 1.63892e-12
 5.40811e-12
 1.63740e-11
 4.57084e-11
 1.18157e-10
 2.83956e-10
 6.36711e-10
 1.33648e-09
 2.63394e-09
 4.88650e-09
 8.55169e-09
 1.41388e-08
 2.11123e-08
 2.64752e-08
 2.86069e-08
 2.88991e-08
 2.81305e-08
 2.58923e-08
 2.15949e-08
 1.52266e-08
 8.81351e-09
 4.53700e-09
 2.23021e-09
 1.04627e-09
 4.68642e-10
 2.00572e-10
 8.20976e-11
 3.21708e-11
 1.20820e-11
 4.35361e-12
 1.50693e-12
 5.01620e-13
 1.60706e-13
 4.98025e-14
 1.44853e-14
 2.80488e-15
 0.00000e+00
 0.00000e+00
 1.30133e-24
 8.51324e-23
 2.60439e-21
 5.06694e-20
 7.12873e-19
 7.78583e-18
 6.90428e-17
 5.12702e-16
 3.26072e-15
 1.80666e-14
 8.83812e-14
 3.85863e-13
 1.51679e-12
 5.40802e-12
 1.75994e-11
 5.25606e-11
 1.44746e-10
 3.69148e-10
 8.75275e-10
 1.93649e-09
 4.01129e-09
 7.80390e-09
 1.42996e-08
 2.47376e-08
 4.04750e-08
 5.96446e-08
 7.40258e-08
 7.96638e-08
 8.04252e-08
 7.83658e-08
 7.23768e-08
 6.08565e-08
 4.35938e-08
 2.57152e-08
 1.34045e-08
 6.66816e-09
 3.16524e-09
 1.43387e-09
 6.20284e-10
 2.56458e-10
 1.01444e-10
 3.84331e-11
 1.39624e-11
 4.86972e-12
 1.63256e-12
 5.26512e-13
 1.64196e-13
 4.80261e-14
 9.33150e-15
 0.00000e+00
 0.00000e+00
 5.41456e-24
 3.33447e-22
 9.77496e-21
 1.84005e-19
 2.51951e-18
 2.68836e-17
 2.33523e-16
 1.70190e-15
 1.06379e-14
 5.79909e-14
 2.79348e-13
 1.20171e-12
 4.65674e-12
 1.63735e-11
 5.25600e-11
 1.54860e-10
 4.20763e-10
 1.05873e-09
 2.47671e-09
 5.40606e-09
 1.10486e-08
 2.12117e-08
 3.83724e-08
 6.55863e-08
 1.06137e-07
 1.54201e-07
 1.89297e-07
 2.02889e-07
 2.04688e-07
 1.99651e-07
 1.85032e-07
 1.56870e-07
 1.14244e-07
 6.87696e-08
 3.63482e-08
 1.83134e-08
 8.80107e-09
 4.03407e-09
 1.76442e-09
 7.37002e-10
 2.94297e-10
 1.12476e-10
 4.11930e-11
 1.44751e-11
 4.88667e-12
 1.58624e-12
 4.97723e-13
 1.46376e-13
 2.85348e-14
 0.00000e+00
 0.00000e+00
 2.01913e-23
 1.18428e-21
 3.34634e-20
 6.11534e-19
 8.16666e-18
 8.52557e-17
 7.26180e-16
 5.19806e-15
 3.19516e-14
 1.71451e-13
 8.13550e-13
 3.44936e-12
 1.31797e-11
 4.57069e-11
 1.44744e-10
 4.20761e-10
 1.12797e-09
 2.80020e-09
 6.46218e-09
 1.39136e-08
 2.80473e-08
 5.31149e-08
 9.48088e-08
 1.60001e-07
 2.55857e-07
 3.66148e-07
 4.44347e-07
 4.74269e-07
 4.78130e-07
 4.66842e-07
 4.34182e-07
 3.71202e-07
 2.75056e-07
 1.69211e-07
 9.08394e-08
 4.64022e-08
 2.25939e-08
 1.04840e-08
 4.63778e-09
 1.95746e-09
 7.89124e-10
 3.04233e-10
 1.12318e-10
 3.97607e-11
 1.35149e-11
 4.41496e-12
 1.39363e-12
 4.12035e-13
 8.05782e-14
 0.00000e+00
 0.00000e+00
 6.80045e-23
 3.83356e-21
 1.04950e-19
 1.86793e-18
 2.43808e-17
 2.49391e-16
 2.08523e-15
 1.46722e-14
 8.87459e-14
 4.68965e-13
 2.19280e-12
 9.16577e-12
 3.45383e-11
 1.18153e-10
 3.69142e-10
 1.05873e-09
 2.80020e-09
 6.85773e-09
 1.56098e-08
 3.31435e-08
 6.58729e-08
 1.22984e-07
 2.16454e-07
 3.60380e-07
 5.68730e-07
 8.00886e-07
 9.60337e-07
 1.02060e-06
 1.02814e-06
 1.00489e-06
 9.37909e-07
 8.08725e-07
 6.10227e-07
 3.84320e-07
 2.10003e-07
 1.08904e-07
 5.37725e-08
 2.52741e-08
 1.13118e-08
 4.82508e-09
 1.96386e-09
 7.63737e-10
 2.84202e-10
 1.01342e-10
 3.46786e-11
 1.13991e-11
 3.61936e-12
 1.07564e-12
 2.11000e-13
 0.00000e+00
 0.00000e+00
 2.08170e-22
 1.13597e-20
 3.02674e-19
 5.26246e-18
 6.72765e-17
 6.75341e-16
 5.54946e-15
 3.84173e-14
 2.28810e-13
 1.19136e-12
 5.49144e-12
 2.26359e-11
 8.41357e-11
 2.83951e-10
 8.75269e-10
 2.47671e-09
 6.46223e-09
 1.56099e-08
 3.50378e-08
 7.33374e-08
 1.43643e-07
 2.64217e-07
 4.58118e-07
 7.51666e-07
 1.16876e-06
 1.61763e-06
 1.91561e-06
 2.02691e-06
 2.04030e-06
 1.99615e-06
 1.86970e-06
 1.62612e-06
 1.25058e-06
 8.07966e-07
 4.50611e-07
 2.37633e-07
 1.19107e-07
 5.67413e-08
 2.57019e-08
 1.10810e-08
 4.55342e-09
 1.78611e-09
 6.69860e-10
 2.40572e-10
 8.28644e-11
 2.74040e-11
 8.75097e-12
 2.61385e-12
 5.14262e-13
 0.00000e+00
 0.00000e+00
 5.82155e-22
 3.09288e-20
 8.05211e-19
 1.37147e-17
 1.72091e-16
 1.69801e-15
 1.37298e-14
 9.36054e-14
 5.49395e-13
 2.82030e-12
 1.28213e-11
 5.21368e-11
 1.91201e-10
 6.36711e-10
 1.93651e-09
 5.40615e-09
 1.39139e-08
 3.31441e-08
 7.33384e-08
 1.51261e-07
 2.91802e-07
 5.28404e-07
 9.01628e-07
 1.45586e-06
 2.22541e-06
 3.02276e-06
 3.53366e-06
 3.72262e-06
 3.74431e-06
 3.66674e-06
 3.44630e-06
 3.02328e-06
 2.37123e-06
 1.57606e-06
 9.01142e-07
 4.83917e-07
 2.46494e-07
 1.19084e-07
 5.46037e-08
 2.37949e-08
 9.87089e-09
 3.90487e-09
 1.47572e-09
 5.33695e-10
 1.85011e-10
 6.15478e-11
 1.97639e-11
 5.93234e-12
 1.17050e-12
 0.00000e+00
 0.00000e+00
 1.49354e-21
 7.76151e-20
 1.98119e-18
 3.31442e-17
 4.09041e-16
 3.97359e-15
 3.16579e-14
 2.12790e-13
 1.23185e-12
 6.23928e-12
 2.79917e-11
 1.12344e-10
 4.06647e-10
 1.33651e-09
 4.01141e-09
 1.10490e-08
 2.80485e-08
 6.58755e-08
 1.43648e-07
 2.91808e-07
 5.54098e-07
 9.86955e-07
 1.65538e-06
 2.62592e-06
 3.93361e-06
 5.23263e-06
 6.03682e-06
 6.33347e-06
 6.36592e-06
 6.23918e-06
 5.88269e-06
 5.20406e-06
 4.16418e-06
 2.85873e-06
 1.68663e-06
 9.23560e-07
 4.78534e-07
 2.34527e-07
 1.08858e-07
 4.79403e-08
 2.00721e-08
 8.00616e-09
 3.04824e-09
 1.10988e-09
 3.87152e-10
 1.29535e-10
 4.18206e-11
 1.26125e-11
 2.49536e-12
 0.00000e+00
 0.00000e+00
 3.52702e-21
 1.79977e-19
 4.51799e-18
 7.44194e-17
 9.05103e-16
 8.67101e-15
 6.81636e-14
 4.52245e-13
 2.58497e-12
 1.29294e-11
 5.72871e-11
 2.27071e-10
 8.11678e-10
 2.63406e-09
 7.80432e-09
 2.12130e-08
 5.31183e-08
 1.22992e-07
 2.64232e-07
 5.28429e-07
 9.86981e-07
 1.72766e-06
 2.84503e-06
 4.42616e-06
 6.46796e-06
 8.39496e-06
 9.54633e-06
 9.97119e-06
 1.00165e-05
 9.83036e-06
 9.30296e-06
 8.29822e-06
 6.77631e-06
 4.83216e-06
 2.96744e-06
 1.66019e-06
 8.75245e-07
 4.35072e-07
 2.04345e-07
 9.09096e-08
 3.84028e-08
 1.54395e-08
 5.92056e-09
 2.16979e-09
 7.61407e-10
 2.56163e-10
 8.31317e-11
 2.51853e-11
 4.99573e-12
 0.00000e+00
 0.00000e+00
 7.68673e-21
 3.86400e-19
 9.56471e-18
 1.55471e-16
 1.86703e-15
 1.76687e-14
 1.37248e-13
 9.00003e-13
 5.08508e-12
 2.51429e-11
 1.10123e-10
 4.31448e-10
 1.52413e-09
 4.88685e-09
 1.43007e-08
 3.83757e-08
 9.48174e-08
 2.16474e-07
 4.58158e-07
 9.01697e-07
 1.65547e-06
 2.84512e-06
 4.59475e-06
 7.00129e-06
 9.82321e-06
 1.21464e-05
 1.33943e-05
 1.38427e-05
 1.38899e-05
 1.36917e-05
 1.31167e-05
 1.19705e-05
 1.01256e-05
 7.60975e-06
 4.92503e-06
 2.82514e-06
 1.51488e-06
 7.63011e-07
 3.62321e-07
 1.62726e-07
 6.93181e-08
 2.80786e-08
 1.08405e-08
 3.99750e-09
 1.41074e-09
 4.77102e-10
 1.55592e-10
 4.73391e-11
 9.41245e-12
 0.00000e+00
 0.00000e+00
 1.54895e-20
 7.69152e-19
 1.88189e-17
 3.02492e-16
 3.59344e-15
 3.36485e-14
 2.58668e-13
 1.67879e-12
 9.38803e-12
 4.59406e-11
 1.99123e-10
 7.71891e-10
 2.69733e-09
 8.55247e-09
 2.47400e-08
 6.55933e-08
 1.60019e-07
 3.60422e-07
 7.51753e-07
 1.45601e-06
 2.62614e-06
 4.42632e-06
 7.00158e-06
 1.02278e-05
 1.32963e-05
 1.53445e-05
 1.63401e-05
 1.66875e-05
 1.67236e-05
 1.65674e-05
 1.61023e-05
 1.51240e-05
 1.34161e-05
 1.08433e-05
 7.61202e-06
 4.58473e-06
 2.49165e-06
 1.26875e-06
 6.08337e-07
 2.75603e-07
 1.18321e-07
 4.82650e-08
 1.87522e-08
 6.95481e-09
 2.46733e-09
 8.38466e-10
 2.74677e-10
 8.38989e-11
 1.67169e-11
 0.00000e+00
 0.00000e+00
 2.88932e-20
 1.42069e-18
 3.44316e-17
 5.48362e-16
 6.45555e-15
 5.99108e-14
 4.56487e-13
 2.93642e-12
 1.62749e-11
 7.89254e-11
 3.38956e-10
 1.30163e-09
 4.50460e-09
 1.41403e-08
 4.04794e-08
 1.06150e-07
 2.55889e-07
 5.68805e-07
 1.16892e-06
 2.22569e-06
 3.93407e-06
 6.46848e-06
 9.82406e-06
 1.32969e-05
 1.58781e-05
 1.73533e-05
 1.80614e-05
 1.83090e-05
 1.83344e-05
 1.82200e-05
 1.78728e-05
 1.71269e-05
 1.57821e-05
 1.36140e-05
 1.05076e-05
 6.91033e-06
 3.88969e-06
 2.00036e-06
 9.68461e-07
 4.42483e-07
 1.91358e-07
 7.85581e-08
 3.06965e-08
 1.14437e-08
 4.07902e-09
 1.39216e-09
 4.57911e-10
 1.40354e-10
 2.80149e-11
 0.00000e+00
 0.00000e+00
 4.90246e-20
 2.38914e-18
 5.73931e-17
 9.06034e-16
 1.05722e-14
 9.72415e-14
 7.34200e-13
 4.67898e-12
 2.56841e-11
 1.23316e-10
 5.24101e-10
 1.99067e-09
 6.80984e-09
 2.11146e-08
 5.96514e-08
 1.54219e-07
 3.66192e-07
 8.00982e-07
 1.61782e-06
 3.02311e-06
 5.23326e-06
 8.39591e-06
 1.21472e-05
 1.53448e-05
 1.73533e-05
 1.84568e-05
 1.89784e-05
 1.91598e-05
 1.91783e-05
 1.90929e-05
 1.88287e-05
 1.82457e-05
 1.71620e-05
 1.53638e-05
 1.26614e-05
 9.04315e-06
 5.38931e-06
 2.81773e-06
 1.38078e-06
 6.37399e-07
 2.78155e-07
 1.15113e-07
 4.53047e-08
 1.69990e-08
 6.09466e-09
 2.09117e-09
 6.91243e-10
 2.12710e-10
 4.24900e-11
 0.00000e+00
 0.00000e+00
 6.80691e-20
 3.29452e-18
 7.85998e-17
 1.23224e-15
 1.42780e-14
 1.30391e-13
 9.77302e-13
 6.18156e-12
 3.36689e-11
 1.60352e-10
 6.75790e-10
 2.54431e-09
 8.62350e-09
 2.64781e-08
 7.40340e-08
 1.89318e-07
 4.44394e-07
 9.60436e-07
 1.91580e-06
 3.53399e-06
 6.03739e-06
 9.54715e-06
 1.33948e-05
 1.63401e-05
 1.80615e-05
 1.89784e-05
 1.94042e-05
 1.95513e-05
 1.95664e-05
 1.94963e-05
 1.92763e-05
 1.87809e-05
 1.78380e-05
 1.62346e-05
 1.37558e-05
 1.02673e-05
 6.37918e-06
 3.38285e-06
 1.67223e-06
 7.77714e-07
 3.41679e-07
 1.42269e-07
 5.63033e-08
 2.12324e-08
 7.64754e-09
 2.63504e-09
 8.74472e-10
 2.69903e-10
 5.39015e-11
 0.00000e+00
 0.00000e+00
 7.70781e-20
 3.71818e-18
 8.84125e-17
 1.38144e-15
 1.59526e-14
 1.45184e-13
 1.08439e-12
 6.83450e-12
 3.70903e-11
 1.75992e-10
 7.38894e-10
 2.77112e-09
 9.35521e-09
 2.86099e-08
 7.96721e-08
 2.02910e-07
 4.74316e-07
 1.02070e-06
 2.02709e-06
 3.72293e-06
 6.33395e-06
 9.97178e-06
 1.38431e-05
 1.66877e-05
 1.83091e-05
 1.91598e-05
 1.95513e-05
 1.96860e-05
 1.96997e-05
 1.96351e-05
 1.94308e-05
 1.89669e-05
 1.80754e-05
 1.65429e-05
 1.41441e-05
 1.07112e-05
 6.74889e-06
 3.59725e-06
 1.78346e-06
 8.31607e-07
 3.66249e-07
 1.52845e-07
 6.06167e-08
 2.29043e-08
 8.26503e-09
 2.85272e-09
 9.48281e-10
 2.93033e-10
 5.84867e-11
 0.00000e+00
 0.00000e+00
 7.83604e-20
 3.77862e-18
 8.98144e-17
 1.40277e-15
 1.61921e-14
 1.47299e-13
 1.09968e-12
 6.92753e-12
 3.75764e-11
 1.78205e-10
 7.47777e-10
 2.80283e-09
 9.45665e-09
 2.89021e-08
 8.04335e-08
 2.04709e-07
 4.78178e-07
 1.02824e-06
 2.04048e-06
 3.74461e-06
 6.36638e-06
 1.00170e-05
 1.38904e-05
 1.67238e-05
 1.83345e-05
 1.91783e-05
 1.95664e-05
 1.96997e-05
 1.97131e-05
 1.96488e-05
 1.94456e-05
 1.89841e-05
 1.80976e-05
 1.65734e-05
 1.41853e-05
 1.07611e-05
 6.79206e-06
 3.62296e-06
 1.79721e-06
 8.38454e-07
 3.69443e-07
 1.54244e-07
 6.11957e-08
 2.31312e-08
 8.34951e-09
 2.88269e-09
 9.58508e-10
 2.96226e-10
 5.90938e-11
 0.00000e+00
 0.00000e+00
 7.52614e-20
 3.63328e-18
 8.64543e-17
 1.35173e-15
 1.56193e-14
 1.42234e-13
 1.06295e-12
 6.70287e-12
 3.63942e-11
 1.72771e-10
 7.25699e-10
 2.72280e-09
 9.19585e-09
 2.81335e-08
 7.83741e-08
 1.99672e-07
 4.66890e-07
 1.00499e-06
 1.99634e-06
 3.66705e-06
 6.23965e-06
 9.83095e-06
 1.36922e-05
 1.65676e-05
 1.82201e-05
 1.90929e-05
 1.94963e-05
 1.96351e-05
 1.96488e-05
 1.95812e-05
 1.93693e-05
 1.88919e-05
 1.79817e-05
 1.64290e-05
 1.40140e-05
 1.05748e-05
 6.64080e-06
 3.53715e-06
 1.75382e-06
 8.17887e-07
 3.60223e-07
 1.50327e-07
 5.96148e-08
 2.25237e-08
 8.12678e-09
 2.80466e-09
 9.32207e-10
 2.87960e-10
 5.73915e-11
 0.00000e+00
 0.00000e+00
 6.63796e-20
 3.21562e-18
 7.67751e-17
 1.20438e-15
 1.39620e-14
 1.27554e-13
 9.56302e-13
 6.04972e-12
 3.29533e-11
 1.56941e-10
 6.61348e-10
 2.48950e-09
 8.43580e-09
 2.58951e-08
 7.23848e-08
 1.85053e-07
 4.34229e-07
 9.38009e-07
 1.86989e-06
 3.44664e-06
 5.88322e-06
 9.30364e-06
 1.31172e-05
 1.61026e-05
 1.78729e-05
 1.88287e-05
 1.92763e-05
 1.94308e-05
 1.94455e-05
 1.93693e-05
 1.91340e-05
 1.86123e-05
 1.76361e-05
 1.60030e-05
 1.35109e-05
 1.00348e-05
 6.20976e-06
 3.29404e-06
 1.63023e-06
 7.58920e-07
 3.33659e-07
 1.39000e-07
 5.50309e-08
 2.07590e-08
 7.47894e-09
 2.57746e-09
 8.55566e-10
 2.63904e-10
 5.24855e-11
 0.00000e+00
 0.00000e+00
 4.99816e-20
 2.44145e-18
 5.87709e-17
 9.29334e-16
 1.08585e-14
 9.99741e-14
 7.55326e-13
 4.81511e-12
 2.64301e-11
 1.26845e-10
 5.38673e-10
 2.04359e-09
 6.97967e-09
 2.15974e-08
 6.08638e-08
 1.56889e-07
 3.71247e-07
 8.08824e-07
 1.62632e-06
 3.02364e-06
 5.20466e-06
 8.29921e-06
 1.19713e-05
 1.51242e-05
 1.71270e-05
 1.82457e-05
 1.87809e-05
 1.89669e-05
 1.89841e-05
 1.88919e-05
 1.86122e-05
 1.80071e-05
 1.69062e-05
 1.51205e-05
 1.24835e-05
 8.96790e-06
 5.38712e-06
 2.83456e-06
 1.39538e-06
 6.46321e-07
 2.82793e-07
 1.17280e-07
 4.62373e-08
 1.73737e-08
 6.23642e-09
 2.14191e-09
 7.08716e-10
 2.17880e-10
 4.31477e-11
 0.00000e+00
 0.00000e+00
 2.98493e-20
 1.47515e-18
 3.59224e-17
 5.74684e-16
 6.79405e-15
 6.33020e-14
 4.84093e-13
 3.12452e-12
 1.73700e-11
 8.44624e-11
 3.63572e-10
 1.39876e-09
 4.84738e-09
 1.52284e-08
 4.35992e-08
 1.14260e-07
 2.75094e-07
 6.10314e-07
 1.25076e-06
 2.37156e-06
 4.16480e-06
 6.77741e-06
 1.01267e-05
 1.34167e-05
 1.57822e-05
 1.71620e-05
 1.78379e-05
 1.80753e-05
 1.80975e-05
 1.79816e-05
 1.76361e-05
 1.69062e-05
 1.56188e-05
 1.36053e-05
 1.07521e-05
 7.26761e-06
 4.14877e-06
 2.14508e-06
 1.04126e-06
 4.76437e-07
 2.06218e-07
 8.47000e-08
 3.31027e-08
 1.23401e-08
 4.39756e-09
 1.50033e-09
 4.93382e-10
 1.50755e-10
 2.96440e-11
 0.00000e+00
 0.00000e+00
 1.45616e-20
 7.26986e-19
 1.78842e-17
 2.89180e-16
 3.45691e-15
 3.25839e-14
 2.52216e-13
 1.64871e-12
 9.28893e-12
 4.58084e-11
 2.00139e-10
 7.82216e-10
 2.75639e-09
 8.81443e-09
 2.57183e-08
 6.87788e-08
 1.69235e-07
 3.84378e-07
 8.08091e-07
 1.57631e-06
 2.85919e-06
 4.83289e-06
 7.61126e-06
 1.08446e-05
 1.36141e-05
 1.53636e-05
 1.62343e-05
 1.65427e-05
 1.65732e-05
 1.64289e-05
 1.60029e-05
 1.51204e-05
 1.36051e-05
 1.13114e-05
 8.24197e-06
 5.05945e-06
 2.71690e-06
 1.36814e-06
 6.50330e-07
 2.92467e-07
 1.24750e-07
 5.05922e-08
 1.95528e-08
 7.21676e-09
 2.54889e-09
 8.62611e-10
 2.81580e-10
 8.54334e-11
 1.66771e-11
 0.00000e+00
 0.00000e+00
 6.64609e-21
 3.34947e-19
 8.31669e-18
 1.35666e-16
 1.63574e-15
 1.55489e-14
 1.21375e-13
 8.00182e-13
 4.54750e-12
 2.26276e-11
 9.97899e-11
 3.93889e-10
 1.40276e-09
 4.53739e-09
 1.34059e-08
 3.63524e-08
 9.08506e-08
 2.10030e-07
 4.50670e-07
 9.01272e-07
 1.68687e-06
 2.96782e-06
 4.92624e-06
 7.61405e-06
 1.05079e-05
 1.26602e-05
 1.37552e-05
 1.41437e-05
 1.41849e-05
 1.40137e-05
 1.35107e-05
 1.24834e-05
 1.07520e-05
 8.24165e-06
 5.36211e-06
 2.99604e-06
 1.54733e-06
 7.61671e-07
 3.55767e-07
 1.57761e-07
 6.65158e-08
 2.67137e-08
 1.02385e-08
 3.75173e-09
 1.31670e-09
 4.43106e-10
 1.43910e-10
 4.34652e-11
 8.45295e-12
 0.00000e+00
 0.00000e+00
 2.87368e-21
 1.46274e-19
 3.66721e-18
 6.03903e-17
 7.34976e-16
 7.05189e-15
 5.55640e-14
 3.69785e-13
 2.12171e-12
 1.06608e-11
 4.74886e-11
 1.89395e-10
 6.81790e-10
 2.23036e-09
 6.66870e-09
 1.83151e-08
 4.64069e-08
 1.08915e-07
 2.37657e-07
 4.83965e-07
 9.23647e-07
 1.66035e-06
 2.82556e-06
 4.58598e-06
 6.90987e-06
 9.04097e-06
 1.02660e-05
 1.07103e-05
 1.07605e-05
 1.05742e-05
 1.00343e-05
 8.96741e-06
 7.26678e-06
 5.05876e-06
 2.99593e-06
 1.61523e-06
 8.25798e-07
 4.00819e-07
 1.84794e-07
 8.10117e-08
 3.38173e-08
 1.34634e-08
 5.12060e-09
 1.86358e-09
 6.50050e-10
 2.17559e-10
 7.03026e-11
 2.11362e-11
 4.09468e-12
 0.00000e+00
 0.00000e+00
 1.18111e-21
 6.07659e-20
 1.53916e-18
 2.56002e-17
 3.14626e-16
 3.04812e-15
 2.42502e-14
 1.62962e-13
 9.44249e-13
 4.79207e-12
 2.15650e-11
 8.69117e-11
 3.16271e-10
 1.04632e-09
 3.16543e-09
 8.80169e-09
 2.25956e-08
 5.37764e-08
 1.19115e-07
 2.46508e-07
 4.78556e-07
 8.75273e-07
 1.51490e-06
 2.49146e-06
 3.88837e-06
 5.38734e-06
 6.37780e-06
 6.74798e-06
 6.79132e-06
 6.64012e-06
 6.20911e-06
 5.38641e-06
 4.14773e-06
 2.71636e-06
 1.54744e-06
 8.25787e-07
 4.17332e-07
 2.00208e-07
 9.12945e-08
 3.96231e-08
 1.63915e-08
 6.47321e-09
 2.44414e-09
 8.83697e-10
 3.06421e-10
 1.01999e-10
 3.27964e-11
 9.81510e-12
 1.89409e-12
 0.00000e+00
 0.00000e+00
 4.62539e-22
 2.40693e-20
 6.16292e-19
 1.03579e-17
 1.28595e-16
 1.25831e-15
 1.01101e-14
 6.86128e-14
 4.01513e-13
 2.05813e-12
 9.35623e-12
 3.80996e-11
 1.40122e-10
 4.68654e-10
 1.43393e-09
 4.03425e-09
 1.04845e-08
 2.52751e-08
 5.67428e-08
 1.19085e-07
 2.34524e-07
 4.35051e-07
 7.62926e-07
 1.26845e-06
 1.99952e-06
 2.81662e-06
 3.38201e-06
 3.59665e-06
 3.62246e-06
 3.53668e-06
 3.29360e-06
 2.83412e-06
 2.14473e-06
 1.36796e-06
 7.61617e-07
 4.00801e-07
 2.00203e-07
 9.50261e-08
 4.29088e-08
 1.84566e-08
 7.57302e-09
 2.96852e-09
 1.11329e-09
 4.00043e-10
 1.37934e-10
 4.56779e-11
 1.46167e-11
 4.35506e-12
 8.37240e-13
 0.00000e+00
 0.00000e+00
 1.72958e-22
 9.10943e-21
 2.35900e-19
 4.00770e-18
 5.02769e-17
 4.96978e-16
 4.03309e-15
 2.76425e-14
 1.63361e-13
 8.45692e-13
 3.88295e-12
 1.59719e-11
 5.93455e-11
 2.00574e-10
 6.20295e-10
 1.76446e-09
 4.63785e-09
 1.13119e-08
 2.57015e-08
 5.46014e-08
 1.08849e-07
 2.04319e-07
 3.62246e-07
 6.08138e-07
 9.68026e-07
 1.38024e-06
 1.67181e-06
 1.78315e-06
 1.79694e-06
 1.75357e-06
 1.62999e-06
 1.39516e-06
 1.04109e-06
 6.50234e-07
 3.55730e-07
 1.84781e-07
 9.12904e-08
 4.29079e-08
 1.92031e-08
 8.19302e-09
 3.33682e-09
 1.29911e-09
 4.84177e-10
 1.72987e-10
 5.93314e-11
 1.95525e-11
 6.22830e-12
 1.84790e-12
 3.53948e-13
 0.00000e+00
 0.00000e+00
 6.18755e-23
 3.30044e-21
 8.64791e-20
 1.48556e-18
 1.88348e-17
 1.88095e-16
 1.54176e-15
 1.06714e-14
 6.36819e-14
 3.32875e-13
 1.54324e-12
 6.40987e-12
 2.40511e-11
 8.20965e-11
 2.56457e-10
 7.36998e-10
 1.95743e-09
 4.82492e-09
 1.10803e-08
 2.37927e-08
 4.79337e-08
 9.08917e-08
 1.62681e-07
 2.75500e-07
 4.42281e-07
 6.37157e-07
 7.77520e-07
 8.31456e-07
 8.38320e-07
 8.17761e-07
 7.58804e-07
 6.46218e-07
 4.76355e-07
 2.92419e-07
 1.57740e-07
 8.10039e-08
 3.96205e-08
 1.84558e-08
 8.19286e-09
 3.46965e-09
 1.40354e-09
 5.43033e-10
 2.01227e-10
 7.15138e-11
 2.44075e-11
 8.00682e-12
 2.53963e-12
 7.50483e-13
 1.43243e-13
 0.00000e+00
 0.00000e+00
 2.12154e-23
 1.14674e-21
 3.04136e-20
 5.28390e-19
 6.77135e-18
 6.83197e-17
 5.65587e-16
 3.95290e-15
 2.38148e-14
 1.25661e-13
 5.88046e-13
 2.46530e-12
 9.33685e-12
 3.21697e-11
 1.01441e-10
 2.94287e-10
 7.89086e-10
 1.96372e-09
 4.55294e-09
 9.86948e-09
 2.00683e-08
 3.83932e-08
 6.92958e-08
 1.18274e-07
 1.91271e-07
 2.78052e-07
 3.41595e-07
 3.66181e-07
 3.69381e-07
 3.60165e-07
 3.33605e-07
 2.82745e-07
 2.06181e-07
 1.24727e-07
 6.65058e-08
 3.38133e-08
 1.63901e-08
 7.57256e-09
 3.33669e-09
 1.40351e-09
 5.64216e-10
 2.17047e-10
 8.00037e-11
 2.82929e-11
 9.61225e-12
 3.13987e-12
 9.91930e-13
 2.92022e-13
 5.55501e-14
 0.00000e+00
 0.00000e+00
 6.98308e-24
 3.82699e-22
 1.02770e-20
 1.80607e-19
 2.33952e-18
 2.38471e-17
 1.99367e-16
 1.40670e-15
 8.55392e-15
 4.55484e-14
 2.15071e-13
 9.09699e-13
 3.47581e-12
 1.20813e-11
 3.84311e-11
 1.12469e-10
 3.04208e-10
 7.63652e-10
 1.78585e-09
 3.90413e-09
 8.00426e-09
 1.54350e-08
 2.80688e-08
 4.82455e-08
 7.85236e-08
 1.15072e-07
 1.42234e-07
 1.52816e-07
 1.54218e-07
 1.50302e-07
 1.38976e-07
 1.17259e-07
 8.46836e-08
 5.05822e-08
 2.67092e-08
 1.34616e-08
 6.47252e-09
 2.96828e-09
 1.29904e-09
 5.43015e-10
 2.17044e-10
 8.30529e-11
 3.04633e-11
 1.07241e-11
 3.62796e-12
 1.18038e-12
 3.71505e-13
 1.08983e-13
 2.06649e-14
 0.00000e+00
 0.00000e+00
 2.20979e-24
 1.22853e-22
 3.34136e-21
 5.94049e-20
 7.77829e-19
 8.00931e-18
 6.76097e-17
 4.81497e-16
 2.95439e-15
 1.58703e-14
 7.55834e-14
 3.22411e-13
 1.24218e-12
 4.35329e-12
 1.39613e-11
 4.11893e-11
 1.12305e-10
 2.84160e-10
 6.69735e-10
 1.47538e-09
 3.04740e-09
 5.91865e-09
 1.08365e-08
 1.87446e-08
 3.06836e-08
 4.52890e-08
 5.62895e-08
 6.06051e-08
 6.11848e-08
 5.96044e-08
 5.50212e-08
 4.62287e-08
 3.30959e-08
 1.95486e-08
 1.02366e-08
 5.11980e-09
 2.44383e-09
 1.11318e-09
 4.84143e-10
 2.01218e-10
 8.00014e-11
 3.04629e-11
 1.11228e-11
 3.89902e-12
 1.31381e-12
 4.25875e-13
 1.33567e-13
 3.90522e-14
 7.38225e-15
 0.00000e+00
 0.00000e+00
 6.73228e-25
 3.79874e-23
 1.04665e-21
 1.88262e-20
 2.49158e-19
 2.59139e-18
 2.20831e-17
 1.58699e-16
 9.82267e-16
 5.32122e-15
 2.55515e-14
 1.09871e-13
 4.26647e-13
 1.50679e-12
 4.86923e-12
 1.44734e-11
 3.97549e-11
 1.01324e-10
 2.40518e-10
 5.33553e-10
 1.10954e-09
 2.16904e-09
 3.99597e-09
 6.95201e-09
 1.14390e-08
 1.69933e-08
 2.12273e-08
 2.28999e-08
 2.31270e-08
 2.25196e-08
 2.07553e-08
 1.73703e-08
 1.23374e-08
 7.21512e-09
 3.75097e-09
 1.86326e-09
 8.83573e-10
 3.99999e-10
 1.72973e-10
 7.15094e-11
 2.82917e-11
 1.07239e-11
 3.89897e-12
 1.36135e-12
 4.57023e-13
 1.47631e-13
 4.61494e-14
 1.34508e-14
 2.53525e-15
 0.00000e+00
 0.00000e+00
 1.97714e-25
 1.13282e-23
 3.16254e-22
 5.75530e-21
 7.69836e-20
 8.08601e-19
 6.95474e-18
 5.04209e-17
 3.14715e-16
 1.71876e-15
 8.31800e-15
 3.60402e-14
 1.40992e-13
 5.01563e-13
 1.63236e-12
 4.88596e-12
 1.35125e-11
 3.46711e-11
 8.28432e-11
 1.84956e-10
 3.87024e-10
 7.61131e-10
 1.41020e-09
 2.46635e-09
 4.07744e-09
 6.09271e-09
 7.64570e-09
 8.26339e-09
 8.34794e-09
 8.12527e-09
 7.47751e-09
 6.23514e-09
 4.39655e-09
 2.54828e-09
 1.31641e-09
 6.49929e-10
 3.06373e-10
 1.37917e-10
 5.93256e-11
 2.44057e-11
 9.61174e-12
 3.62783e-12
 1.31378e-12
 4.57018e-13
 1.52895e-13
 4.92285e-14
 1.53412e-14
 4.45819e-15
 8.37941e-16
 0.00000e+00
 0.00000e+00
 5.60277e-26
 3.26109e-24
 9.22593e-23
 1.69866e-21
 2.29615e-20
 2.43519e-19
 2.11347e-18
 1.54532e-17
 9.72389e-17
 5.35181e-16
 2.60941e-15
 1.13878e-14
 4.48626e-14
 1.60683e-13
 5.26430e-13
 1.58595e-12
 4.41401e-12
 1.13962e-11
 2.73959e-11
 6.15276e-11
 1.29489e-10
 2.56065e-10
 4.76914e-10
 8.38136e-10
 1.39163e-09
 2.09052e-09
 2.63441e-09
 2.85214e-09
 2.88214e-09
 2.80412e-09
 2.57695e-09
 2.14146e-09
 1.49998e-09
 8.62400e-10
 4.43007e-10
 2.17517e-10
 1.01983e-10
 4.56720e-11
 1.95505e-11
 8.00622e-12
 3.13970e-12
 1.18034e-12
 4.25866e-13
 1.47630e-13
 4.92286e-14
 1.58020e-14
 4.91011e-15
 1.42291e-15
 2.66743e-16
 0.00000e+00
 0.00000e+00
 1.53818e-26
 9.10002e-25
 2.60952e-23
 4.86120e-22
 6.64018e-21
 7.10982e-20
 6.22536e-19
 4.58980e-18
 2.91090e-17
 1.61413e-16
 7.92676e-16
 3.48331e-15
 1.38144e-14
 4.97996e-14
 1.64183e-13
 4.97669e-13
 1.39342e-12
 3.61867e-12
 8.74893e-12
 1.97586e-11
 4.18081e-11
 8.31053e-11
 1.55541e-10
 2.74589e-10
 4.57768e-10
 6.91060e-10
 8.74280e-10
 9.48091e-10
 9.58319e-10
 9.32018e-10
 8.55378e-10
 7.08536e-10
 4.93233e-10
 2.81486e-10
 1.43865e-10
 7.02823e-11
 3.27878e-11
 1.46133e-11
 6.22699e-12
 2.53915e-12
 9.91762e-13
 3.71447e-13
 1.33548e-13
 4.61431e-14
 1.53393e-14
 4.90945e-15
 1.52132e-15
 4.39580e-16
 8.20649e-17
 0.00000e+00
 0.00000e+00
 3.98323e-27
 2.39492e-25
 6.95866e-24
 1.31098e-22
 1.80864e-21
 1.95408e-20
 1.72525e-19
 1.28185e-18
 8.18903e-18
 4.57236e-17
 2.26024e-16
 9.99513e-16
 3.98807e-15
 1.44611e-14
 4.79480e-14
 1.46143e-13
 4.11392e-13
 1.07399e-12
 2.60993e-12
 5.92370e-12
 1.25948e-11
 2.51515e-11
 4.72791e-11
 8.38000e-11
 1.40203e-10
 2.12542e-10
 2.69778e-10
 2.92952e-10
 2.96166e-10
 2.87920e-10
 2.63899e-10
 2.17920e-10
 1.50825e-10
 8.54942e-11
 4.35001e-11
 2.11553e-11
 9.82501e-12
 4.35992e-12
 1.85015e-12
 7.51473e-13
 2.92435e-13
 1.09147e-13
 3.91145e-14
 1.34735e-14
 4.46606e-15
 1.42552e-15
 4.40478e-16
 1.27921e-16
 2.47056e-17
 0.00000e+00
 0.00000e+00
 7.04034e-28
 4.28593e-26
 1.25770e-24
 2.38923e-23
 3.32022e-22
 3.61058e-21
 3.20668e-20
 2.39562e-19
 1.53825e-18
 8.63012e-18
 4.28549e-17
 1.90330e-16
 7.62558e-16
 2.77607e-15
 9.23963e-15
 2.82660e-14
 7.98534e-14
 2.09193e-13
 5.10083e-13
 1.16151e-12
 2.47737e-12
 4.96208e-12
 9.35371e-12
 1.66211e-11
 2.78697e-11
 4.23371e-11
 5.38071e-11
 5.84486e-11
 5.90821e-11
 5.74058e-11
 5.25424e-11
 4.32570e-11
 2.97812e-11
 1.67842e-11
 8.51139e-12
 4.12517e-12
 1.90924e-12
 8.44401e-13
 3.57172e-13
 1.44626e-13
 5.61171e-14
 2.08871e-14
 7.46560e-15
 2.56524e-15
 8.48296e-16
 2.70176e-16
 8.31748e-17
 2.49824e-17
 5.63554e-18
