Density
part
         1
hexa8
 9.05025e-29
 2.36706e-22
 1.26518e-18
 4.12083e-16
 2.32642e-14
 4.22528e-13
 3.72863e-12
 2.05264e-11
 8.16590e-11
 2.56456e-10
 6.72595e-10
 1.52887e-09
 3.08947e-09
 5.64909e-09
 9.46355e-09
 1.46501e-08
 2.10739e-08
 2.82820e-08
 3.56505e-08
 4.19050e-08
 4.44996e-08
 4.35997e-08
 3.85546e-08
 2.89567e-08
 1.60802e-08
 8.94077e-26
 9.50440e-20
 3.21062e-16
 7.23656e-14
 2.90583e-12
 3.88324e-11
 2.63829e-10
 1.16835e-09
 3.88514e-09
 1.05286e-08
 2.44765e-08
 5.04983e-08
 9.46396e-08
 1.63792e-07
 2.64912e-07
 4.03886e-07
 5.84099e-07
 8.04793e-07
 1.05938e-06
 1.33519e-06
 1.60854e-06
 1.90695e-06
 2.10222e-06
 2.09510e-06
 1.98540e-06
 1.99480e-23
 8.93196e-18
 1.94296e-14
 3.06310e-12
 8.80839e-11
 8.79337e-10
 4.70951e-09
 1.72527e-08
 4.93512e-08
 1.18529e-07
 2.49917e-07
 4.76386e-07
 8.37708e-07
 1.37860e-06
 2.14556e-06
 3.18268e-06
 4.52635e-06
 6.19925e-06
 8.20360e-06
 1.05139e-05
 1.30704e-05
 1.58348e-05
 1.85280e-05
 2.10793e-05
 2.38549e-05
 1.77915e-21
 3.49672e-16
 4.99662e-13
 5.54203e-11
 1.13508e-09
 8.50696e-09
 3.63261e-08
 1.12244e-07
 2.82357e-07
 6.14643e-07
 1.20076e-06
 2.15586e-06
 3.61582e-06
 5.73114e-06
 8.65804e-06
 1.25476e-05
 1.75327e-05
 2.37149e-05
 3.11527e-05
 3.98509e-05
 4.97515e-05
 6.07216e-05
 7.25437e-05
 8.49562e-05
 9.81435e-05
 7.99423e-20
 7.22977e-15
 6.91857e-12
 5.38760e-10
 7.66263e-09
 4.23622e-08
 1.44614e-07
 3.88038e-07
 8.89637e-07
 1.82199e-06
 3.41966e-06
 5.98075e-06
 9.85429e-06
 1.54154e-05
 2.30548e-05
 3.31300e-05
 4.59202e-05
 6.15933e-05
 8.01901e-05
 1.01621e-04
 1.25678e-04
 1.52059e-04
 1.80427e-04
 2.10455e-04
 2.41871e-04
 2.05181e-18
 9.00841e-14
 5.86116e-11
 3.14368e-09
 2.64788e-08
 1.04613e-07
 3.18145e-07
 8.19486e-07
 1.87862e-06
 3.92049e-06
 7.53425e-06
 1.34999e-05
 2.26486e-05
 3.58287e-05
 5.43726e-05
 7.88672e-05
 1.09605e-04
 1.46579e-04
 1.89484e-04
 2.37676e-04
 2.90091e-04
 3.45157e-04
 4.01196e-04
 4.55714e-04
 5.05063e-04
 3.25821e-17
 7.37515e-13
 3.30107e-10
 8.17913e-09
 4.19692e-08
 1.60767e-07
 5.29442e-07
 1.53385e-06
 3.88050e-06
 8.66187e-06
 1.73965e-05
 3.19749e-05
 5.35168e-05
 8.26481e-05
 1.19144e-04
 1.63268e-04
 2.15464e-04
 2.76404e-04
 3.46945e-04
 4.27974e-04
 5.20361e-04
 6.24571e-04
 7.40058e-04
 8.64489e-04
 9.95229e-04
 3.39048e-16
 4.22550e-12
 1.08309e-09
 1.04636e-08
 5.38855e-08
 2.66676e-07
 1.10313e-06
 3.54866e-06
 9.27556e-06
 2.03515e-05
 3.76988e-05
 6.10926e-05
 9.03890e-05
 1.25664e-04
 1.67101e-04
 2.15437e-04
 2.71724e-04
 3.37334e-04
 4.14032e-04
 5.04133e-04
 6.10262e-04
 7.35553e-04
 8.83688e-04
 1.05878e-03
 1.26468e-03
 2.42169e-15
 1.78094e-11
 1.57543e-09
 1.09289e-08
 8.62776e-08
 6.03759e-07
 2.61802e-06
 8.09484e-06
 1.85140e-05
 3.39248e-05
 5.39968e-05
 7.83992e-05
 1.07113e-04
 1.40453e-04
 1.79533e-04
 2.25180e-04
 2.78402e-04
 3.40504e-04
 4.13440e-04
 4.99679e-04
 6.02352e-04
 7.25059e-04
 8.72299e-04
 1.05008e-03
 1.26571e-03
 1.23729e-14
 5.31613e-11
 1.58761e-09
 1.27420e-08
 2.00080e-07
 1.40393e-06
 5.45770e-06
 1.35603e-05
 2.57776e-05
 4.16061e-05
 6.06315e-05
 8.30390e-05
 1.09369e-04
 1.39571e-04
 1.73948e-04
 2.13422e-04
 2.59076e-04
 3.12164e-04
 3.74136e-04
 4.47265e-04
 5.35375e-04
 6.43886e-04
 7.79391e-04
 9.48715e-04
 1.15843e-03
 4.70622e-14
 8.21391e-11
 1.18404e-09
 2.48819e-08
 4.69109e-07
 2.77486e-06
 8.33857e-06
 1.73788e-05
 2.93659e-05
 4.39076e-05
 6.12673e-05
 8.08564e-05
 1.03264e-04
 1.30158e-04
 1.62391e-04
 2.00204e-04
 2.43744e-04
 2.93245e-04
 3.48975e-04
 4.11355e-04
 4.81509e-04
 5.63440e-04
 6.65259e-04
 7.99775e-04
 9.82724e-04
 1.39254e-13
 8.97916e-11
 1.02245e-09
 6.32104e-08
 9.39649e-07
 4.17803e-06
 1.03951e-05
 1.92098e-05
 3.02219e-05
 4.30953e-05
 5.73973e-05
 7.54756e-05
 9.85441e-05
 1.27261e-04
 1.62513e-04
 2.04695e-04
 2.53185e-04
 3.06799e-04
 3.63348e-04
 4.20055e-04
 4.78242e-04
 5.41652e-04
 6.14640e-04
 7.03923e-04
 8.26254e-04
part
         2
hexa8
 5.28253e-09
 1.46935e-09
 3.56436e-10
 1.15592e-10
 1.14503e-10
 2.16528e-10
 4.73908e-10
 9.23077e-10
 1.44133e-09
 1.60628e-09
 1.57376e-09
 1.36787e-09
 9.51372e-10
 4.81514e-10
 2.03997e-10
 6.98901e-11
 1.83834e-11
 3.52736e-12
 4.65985e-13
 3.97874e-14
 2.05034e-15
 5.86284e-17
 8.20772e-19
 4.47552e-21
 5.38797e-24
 1.76189e-06
 1.46645e-06
 1.12675e-06
 7.60627e-07
 4.55266e-07
 2.42143e-07
 1.12972e-07
 4.88361e-08
 2.71708e-08
 2.60431e-08
 3.65324e-08
 6.90309e-08
 1.15501e-07
 1.28228e-07
 1.19604e-07
 8.50309e-08
 3.47856e-08
 9.87084e-09
 2.12844e-09
 3.24834e-10
 3.26008e-11
 1.96195e-12
 6.18227e-14
 8.02763e-16
 2.41047e-18
 2.49268e-05
 2.48702e-05
 2.43047e-05
 2.30363e-05
 2.10185e-05
 1.83320e-05
 1.51539e-05
 1.16842e-05
 8.04652e-06
 4.83898e-06
 2.52659e-06
 1.27173e-06
 8.74844e-07
 8.90356e-07
 1.18414e-06
 1.56413e-06
 1.52773e-06
 1.08652e-06
 3.75432e-07
 7.71704e-08
 1.08840e-08
 9.55256e-10
 4.54036e-11
 9.16054e-13
 4.38469e-15
 1.10140e-04
 1.20705e-04
 1.32755e-04
 1.39449e-04
 1.39187e-04
 1.35905e-04
 1.28563e-04
 1.16958e-04
 1.01538e-04
 8.33865e-05
 6.38667e-05
 4.41343e-05
 2.66982e-05
 1.42870e-05
 8.54309e-06
 7.35162e-06
 7.54385e-06
 7.40109e-06
 5.68409e-06
 2.20340e-06
 4.18956e-07
 4.99382e-08
 3.28739e-09
 9.40125e-11
 6.52617e-13
 2.74491e-04
 3.08742e-04
 3.45053e-04
 3.76641e-04
 4.09698e-04
 4.35283e-04
 4.36522e-04
 4.28244e-04
 4.06628e-04
 3.70191e-04
 3.19894e-04
 2.58896e-04
 1.91448e-04
 1.24065e-04
 7.19729e-05
 4.08659e-05
 2.90636e-05
 2.60357e-05
 2.27183e-05
 1.43524e-05
 4.04057e-06
 6.39391e-07
 5.60499e-08
 2.17434e-09
 2.10102e-11
 5.53779e-04
 6.05125e-04
 6.59952e-04
 7.18255e-04
 7.80131e-04
 8.42084e-04
 9.08895e-04
 9.51191e-04
 9.49204e-04
 9.24169e-04
 8.65438e-04
 7.69117e-04
 6.37952e-04
 4.82264e-04
 3.14754e-04
 1.80464e-04
 1.04327e-04
 7.51708e-05
 6.25619e-05
 4.57504e-05
 1.87345e-05
 3.67742e-06
 4.04066e-07
 2.01659e-08
 2.59377e-10
 1.13145e-03
 1.22417e-03
 1.28305e-03
 1.33256e-03
 1.38316e-03
 1.43959e-03
 1.50865e-03
 1.58790e-03
 1.67753e-03
 1.69475e-03
 1.66885e-03
 1.58598e-03
 1.42753e-03
 1.19145e-03
 8.91987e-04
 5.61065e-04
 3.14514e-04
 1.92974e-04
 1.45855e-04
 1.08728e-04
 5.50984e-05
 1.32241e-05
 1.75037e-06
 1.07077e-07
 1.75063e-09
 1.49973e-03
 1.76168e-03
 2.03892e-03
 2.35129e-03
 2.49849e-03
 2.51368e-03
 2.52428e-03
 2.54686e-03
 2.59660e-03
 2.66906e-03
 2.68600e-03
 2.64807e-03
 2.52024e-03
 2.26248e-03
 1.86092e-03
 1.33444e-03
 7.79284e-04
 4.44449e-04
 3.02594e-04
 2.22460e-04
 1.25638e-04
 3.54409e-05
 5.47128e-06
 3.95574e-07
 7.90560e-09
 1.52528e-03
 1.84289e-03
 2.22272e-03
 2.66857e-03
 3.16786e-03
 3.80006e-03
 4.03150e-03
 4.00980e-03
 3.96518e-03
 3.96469e-03
 3.96952e-03
 3.95121e-03
 3.86598e-03
 3.64145e-03
 3.20718e-03
 2.53032e-03
 1.64999e-03
 9.19621e-04
 5.76297e-04
 4.11364e-04
 2.44244e-04
 7.82142e-05
 1.36995e-05
 1.13725e-06
 2.68932e-08
 1.41430e-03
 1.73420e-03
 2.12836e-03
 2.61129e-03
 3.20131e-03
 3.92511e-03
 4.85988e-03
 5.73197e-03
 5.75092e-03
 5.70749e-03
 5.63835e-03
 5.56585e-03
 5.47381e-03
 5.28545e-03
 4.87624e-03
 4.12687e-03
 2.99348e-03
 1.72212e-03
 1.02102e-03
 7.03965e-04
 4.27679e-04
 1.50648e-04
 2.92615e-05
 2.72474e-06
 7.41759e-08
 1.22561e-03
 1.54353e-03
 1.94363e-03
 2.44513e-03
 3.07175e-03
 3.84682e-03
 4.82228e-03
 6.06803e-03
 7.54483e-03
 7.72922e-03
 7.68294e-03
 7.57030e-03
 7.41988e-03
 7.21401e-03
 6.83124e-03
 6.07292e-03
 4.76666e-03
 2.97230e-03
 1.70018e-03
 1.13156e-03
 6.95094e-04
 2.62643e-04
 5.55022e-05
 5.68666e-06
 1.74038e-07
 1.00776e-03
 1.28351e-03
 1.67149e-03
 2.18593e-03
 2.84363e-03
 3.67074e-03
 4.70711e-03
 6.03075e-03
 7.80772e-03
 9.65920e-03
 9.93203e-03
 9.88293e-03
 9.72022e-03
 9.46526e-03
 9.06618e-03
 8.31351e-03
 6.90883e-03
 4.69318e-03
 2.66338e-03
 1.72323e-03
 1.06325e-03
 4.23466e-04
 9.58671e-05
 1.06366e-05
 3.58397e-07
part
         3
hexa8
 3.38259e-13
 7.89693e-11
 1.45130e-09
 1.44803e-07
 1.51598e-06
 5.26816e-06
 1.14611e-05
 1.96144e-05
 2.89896e-05
 3.96721e-05
 5.44535e-05
 7.47089e-05
 1.03750e-04
 1.45675e-04
 2.02896e-04
 2.74608e-04
 3.56474e-04
 4.44429e-04
 5.24063e-04
 5.68967e-04
 5.93791e-04
 6.15990e-04
 6.43860e-04
 6.88658e-04
 7.59416e-04
 5.81487e-13
 4.48447e-11
 3.62250e-09
 2.77753e-07
 2.01524e-06
 5.94509e-06
 1.17670e-05
 1.86894e-05
 2.64090e-05
 3.79960e-05
 5.60296e-05
 8.82318e-05
 1.45532e-04
 2.39109e-04
 3.74513e-04
 5.47024e-04
 7.43216e-04
 9.50007e-04
 1.07197e-03
 1.07683e-03
 1.03746e-03
 9.63505e-04
 8.71834e-04
 8.12888e-04
 8.05330e-04
 7.18525e-13
 2.63044e-11
 9.32485e-09
 4.37181e-07
 2.39671e-06
 6.23450e-06
 1.14281e-05
 1.67657e-05
 2.51946e-05
 4.00216e-05
 7.29709e-05
 1.45647e-04
 2.89158e-04
 5.32582e-04
 8.85362e-04
 1.32968e-03
 1.83675e-03
 2.26311e-03
 2.34714e-03
 2.26945e-03
 2.08457e-03
 1.82039e-03
 1.51614e-03
 1.20154e-03
 1.00816e-03
 7.49639e-13
 2.43083e-11
 2.06884e-08
 5.77959e-07
 2.63042e-06
 6.26106e-06
 1.01147e-05
 1.56182e-05
 2.60329e-05
 5.36828e-05
 1.29077e-04
 3.10506e-04
 6.77084e-04
 1.29054e-03
 2.15118e-03
 3.20778e-03
 4.32465e-03
 4.79210e-03
 4.71900e-03
 4.42997e-03
 3.93732e-03
 3.31644e-03
 2.64877e-03
 1.96947e-03
 1.45676e-03
 6.80105e-13
 4.58465e-11
 3.96199e-08
 6.93714e-07
 2.72917e-06
 5.82597e-06
 9.10460e-06
 1.54414e-05
 3.31653e-05
 9.36165e-05
 2.73197e-04
 7.13452e-04
 1.58702e-03
 2.98768e-03
 4.84572e-03
 7.06706e-03
 8.55560e-03
 8.62459e-03
 8.29312e-03
 7.56531e-03
 6.53157e-03
 5.33839e-03
 4.09427e-03
 2.93831e-03
 2.07142e-03
 4.19334e-13
 1.34704e-10
 6.55192e-08
 7.76079e-07
 2.73554e-06
 5.05670e-06
 8.57061e-06
 1.72475e-05
 5.32906e-05
 1.88976e-04
 5.98881e-04
 1.58965e-03
 3.47355e-03
 6.30841e-03
 9.79056e-03
 1.32762e-02
 1.40359e-02
 1.37472e-02
 1.28711e-02
 1.14330e-02
 9.60917e-03
 7.62085e-03
 5.58934e-03
 3.85292e-03
 2.62043e-03
 1.99432e-13
 3.73688e-10
 8.94120e-08
 8.21552e-07
 2.55673e-06
 4.47770e-06
 8.51923e-06
 2.39302e-05
 9.91651e-05
 3.91791e-04
 1.26211e-03
 3.29707e-03
 6.93890e-03
 1.20007e-02
 1.75856e-02
 2.06429e-02
 2.06745e-02
 1.99868e-02
 1.84188e-02
 1.60764e-02
 1.32315e-02
 1.01780e-02
 7.13895e-03
 4.71584e-03
 3.07329e-03
 9.61573e-14
 9.05226e-10
 1.08985e-07
 8.36130e-07
 2.23429e-06
 4.12287e-06
 9.35800e-06
 3.93042e-05
 1.93162e-04
 7.84344e-04
 2.48397e-03
 6.28521e-03
 1.25915e-02
 2.05838e-02
 2.67131e-02
 2.91311e-02
 2.90157e-02
 2.78848e-02
 2.55178e-02
 2.20593e-02
 1.78922e-02
 1.34254e-02
 9.10968e-03
 5.75652e-03
 3.56644e-03
 8.00077e-14
 1.92527e-09
 1.23324e-07
 8.22713e-07
 1.95774e-06
 4.01988e-06
 1.23942e-05
 7.02615e-05
 3.68647e-04
 1.47750e-03
 4.52729e-03
 1.09976e-02
 2.08176e-02
 3.12849e-02
 3.68647e-02
 3.98229e-02
 3.97388e-02
 3.82707e-02
 3.50527e-02
 3.02137e-02
 2.42849e-02
 1.79055e-02
 1.18368e-02
 7.17839e-03
 4.23332e-03
 2.36017e-13
 3.62569e-09
 1.31997e-07
 7.36880e-07
 1.72002e-06
 4.12848e-06
 1.92770e-05
 1.27603e-04
 6.69620e-04
 2.59763e-03
 7.64200e-03
 1.77247e-02
 3.15800e-02
 4.27432e-02
 4.95981e-02
 5.33588e-02
 5.38611e-02
 5.21852e-02
 4.80093e-02
 4.13667e-02
 3.30222e-02
 2.40062e-02
 1.55425e-02
 9.06221e-03
 5.10059e-03
 1.22319e-12
 5.77758e-09
 1.35573e-07
 6.40841e-07
 1.57485e-06
 4.81415e-06
 3.25430e-05
 2.25402e-04
 1.14587e-03
 4.26251e-03
 1.19903e-02
 2.64710e-02
 4.38019e-02
 5.66154e-02
 6.50970e-02
 7.02355e-02
 7.23427e-02
 7.05962e-02
 6.54043e-02
 5.65732e-02
 4.51558e-02
 3.27197e-02
 2.09419e-02
 1.17851e-02
 6.30583e-03
 5.69755e-12
 7.62835e-09
 1.35658e-07
 5.59900e-07
 1.53345e-06
 6.67875e-06
 5.58912e-05
 3.79818e-04
 1.84424e-03
 6.54828e-03
 1.75778e-02
 3.69239e-02
 5.73348e-02
 7.29469e-02
 8.40039e-02
 9.15741e-02
 9.57788e-02
 9.47537e-02
 8.88915e-02
 7.79424e-02
 6.31695e-02
 4.65024e-02
 2.97641e-02
 1.63548e-02
 8.20678e-03
part
         4
hexa8
 8.69058e-04
 1.05266e-03
 1.35911e-03
 1.83734e-03
 2.50994e-03
 3.39361e-03
 4.51482e-03
 5.93105e-03
 7.77528e-03
 1.03388e-02
 1.21530e-02
 1.24508e-02
 1.23757e-02
 1.21227e-02
 1.16810e-02
 1.09052e-02
 9.43448e-03
 6.89574e-03
 3.99161e-03
 2.52186e-03
 1.55606e-03
 6.44727e-04
 1.54312e-04
 1.82749e-05
 6.64866e-07
 8.35737e-04
 9.32617e-04
 1.13251e-03
 1.49758e-03
 2.11065e-03
 3.01723e-03
 4.23203e-03
 5.78127e-03
 7.75321e-03
 1.03821e-02
 1.36805e-02
 1.50792e-02
 1.52604e-02
 1.50972e-02
 1.46491e-02
 1.38238e-02
 1.22822e-02
 9.47751e-03
 5.72089e-03
 3.54650e-03
 2.18454e-03
 9.32943e-04
 2.33651e-04
 2.91929e-05
 1.12713e-06
 9.46704e-04
 9.59081e-04
 1.04426e-03
 1.27740e-03
 1.75687e-03
 2.59620e-03
 3.86423e-03
 5.56892e-03
 7.74413e-03
 1.05566e-02
 1.44617e-02
 1.75534e-02
 1.83816e-02
 1.83737e-02
 1.79934e-02
 1.71226e-02
 1.54826e-02
 1.24243e-02
 7.85819e-03
 4.82280e-03
 2.96472e-03
 1.29574e-03
 3.36525e-04
 4.38821e-05
 1.76761e-06
 1.16694e-03
 1.07945e-03
 1.09598e-03
 1.21563e-03
 1.55046e-03
 2.25542e-03
 3.48703e-03
 5.31335e-03
 7.73962e-03
 1.08514e-02
 1.50322e-02
 1.96983e-02
 2.16676e-02
 2.19766e-02
 2.17050e-02
 2.08246e-02
 1.90595e-02
 1.57263e-02
 1.03794e-02
 6.36185e-03
 3.90647e-03
 1.73767e-03
 4.64392e-04
 6.25806e-05
 2.58599e-06
 1.50926e-03
 1.25571e-03
 1.20359e-03
 1.25769e-03
 1.48634e-03
 2.04439e-03
 3.14408e-03
 4.99874e-03
 7.71756e-03
 1.12446e-02
 1.58249e-02
 2.16492e-02
 2.51108e-02
 2.59409e-02
 2.58060e-02
 2.49514e-02
 2.30400e-02
 1.93848e-02
 1.32542e-02
 8.16503e-03
 5.01516e-03
 2.26054e-03
 6.17374e-04
 8.51915e-05
 3.54963e-06
 1.83742e-03
 1.44988e-03
 1.32963e-03
 1.34564e-03
 1.52223e-03
 2.03128e-03
 3.09379e-03
 4.98835e-03
 7.86726e-03
 1.18038e-02
 1.69270e-02
 2.37598e-02
 2.88048e-02
 3.03214e-02
 3.03436e-02
 2.95337e-02
 2.74517e-02
 2.34069e-02
 1.64496e-02
 1.02249e-02
 6.29104e-03
 2.86272e-03
 7.93962e-04
 1.11203e-04
 4.59256e-06
 2.08372e-03
 1.61197e-03
 1.45772e-03
 1.46043e-03
 1.61355e-03
 2.10779e-03
 3.19007e-03
 5.15518e-03
 8.26901e-03
 1.26643e-02
 1.84492e-02
 2.62689e-02
 3.29090e-02
 3.51913e-02
 3.53969e-02
 3.46128e-02
 3.23234e-02
 2.78009e-02
 1.99301e-02
 1.25269e-02
 7.72894e-03
 3.53863e-03
 9.90789e-04
 1.39637e-04
 5.62610e-06
 2.32836e-03
 1.77549e-03
 1.60349e-03
 1.60771e-03
 1.77518e-03
 2.30881e-03
 3.47450e-03
 5.60367e-03
 9.04116e-03
 1.39884e-02
 2.05633e-02
 2.94554e-02
 3.76356e-02
 4.06632e-02
 4.10503e-02
 4.02501e-02
 3.76856e-02
 3.25720e-02
 2.36563e-02
 1.50507e-02
 9.31800e-03
 4.27822e-03
 1.20248e-03
 1.69848e-04
 6.55793e-06
 2.66384e-03
 2.00621e-03
 1.81826e-03
 1.83491e-03
 2.06006e-03
 2.70800e-03
 4.05338e-03
 6.46576e-03
 1.03557e-02
 1.59894e-02
 2.35092e-02
 3.36557e-02
 4.32399e-02
 4.68817e-02
 4.74026e-02
 4.65177e-02
 4.35693e-02
 3.77180e-02
 2.75823e-02
 1.77721e-02
 1.10415e-02
 5.06658e-03
 1.42377e-03
 1.98993e-04
 6.96122e-06
 3.15132e-03
 2.39327e-03
 2.19722e-03
 2.24746e-03
 2.59473e-03
 3.45591e-03
 5.10471e-03
 7.95060e-03
 1.24661e-02
 1.89652e-02
 2.76230e-02
 3.92764e-02
 5.00035e-02
 5.40112e-02
 5.45687e-02
 5.34911e-02
 5.00007e-02
 4.32249e-02
 3.16524e-02
 2.06638e-02
 1.28766e-02
 5.88644e-03
 1.63953e-03
 2.22865e-04
 6.84339e-06
 3.92032e-03
 3.10094e-03
 2.92800e-03
 3.07080e-03
 3.64707e-03
 4.84152e-03
 6.93534e-03
 1.03957e-02
 1.57517e-02
 2.33375e-02
 3.33715e-02
 4.67945e-02
 5.82065e-02
 6.22226e-02
 6.26788e-02
 6.12396e-02
 5.69940e-02
 4.90608e-02
 3.58437e-02
 2.36984e-02
 1.47950e-02
 6.70800e-03
 1.85616e-03
 2.50378e-04
 6.31627e-06
 5.28845e-03
 4.50889e-03
 4.44117e-03
 4.80760e-03
 5.72166e-03
 7.33594e-03
 1.00024e-02
 1.42675e-02
 2.06906e-02
 2.95839e-02
 4.12460e-02
 5.65427e-02
 6.79147e-02
 7.15174e-02
 7.17146e-02
 6.96683e-02
 6.44262e-02
 5.50806e-02
 3.99138e-02
 2.68107e-02
 1.67428e-02
 7.54334e-03
 2.05825e-03
 2.57917e-04
 5.14665e-06
part
         5
hexa8
 2.27028e-11
 9.05148e-09
 1.27542e-07
 4.89254e-07
 1.58916e-06
 1.06367e-05
 9.46109e-05
 6.12029e-04
 2.81873e-03
 9.52670e-03
 2.43973e-02
 4.87276e-02
 7.31096e-02
 9.21859e-02
 1.07229e-01
 1.18592e-01
 1.25726e-01
 1.27325e-01
 1.22090e-01
 1.10229e-01
 9.21601e-02
 6.93110e-02
 4.48465e-02
 2.47295e-02
 1.19312e-02
 7.52701e-11
 9.95865e-09
 1.09605e-07
 4.37835e-07
 1.91452e-06
 1.76603e-05
 1.51584e-04
 9.20537e-04
 4.00256e-03
 1.28731e-02
 3.15552e-02
 6.06779e-02
 8.91791e-02
 1.13183e-01
 1.33092e-01
 1.49556e-01
 1.62160e-01
 1.69019e-01
 1.67811e-01
 1.57471e-01
 1.36395e-01
 1.04988e-01
 6.96230e-02
 4.11967e-02
 2.34161e-02
 1.38368e-10
 1.02773e-08
 9.41829e-08
 4.14382e-07
 2.65228e-06
 2.78526e-05
 2.26025e-04
 1.28895e-03
 5.33659e-03
 1.65222e-02
 3.92130e-02
 7.33078e-02
 1.07612e-01
 1.37881e-01
 1.64840e-01
 1.89013e-01
 2.10525e-01
 2.26613e-01
 2.32507e-01
 2.26087e-01
 2.02931e-01
 1.60867e-01
 1.13311e-01
 7.55599e-02
 5.09827e-02
 1.81200e-10
 9.89953e-09
 8.04834e-08
 4.14577e-07
 3.68345e-06
 3.90110e-05
 3.00500e-04
 1.64727e-03
 6.62203e-03
 2.00314e-02
 4.66105e-02
 8.56880e-02
 1.25974e-01
 1.62964e-01
 1.97066e-01
 2.28553e-01
 2.57714e-01
 2.82106e-01
 2.95657e-01
 2.96264e-01
 2.81412e-01
 2.43390e-01
 1.83409e-01
 1.32525e-01
 9.83745e-02
 1.98126e-10
 8.25832e-09
 6.82295e-08
 4.34682e-07
 4.75536e-06
 4.96949e-05
 3.70260e-04
 1.97583e-03
 7.78958e-03
 2.32393e-02
 5.35175e-02
 9.77007e-02
 1.44239e-01
 1.87401e-01
 2.27312e-01
 2.64339e-01
 2.98831e-01
 3.28619e-01
 3.48261e-01
 3.54343e-01
 3.48225e-01
 3.24287e-01
 2.76886e-01
 2.15954e-01
 1.67123e-01
 1.97778e-10
 6.78056e-09
 5.77158e-08
 4.63944e-07
 5.69918e-06
 5.86505e-05
 4.26522e-04
 2.23671e-03
 8.72386e-03
 2.58848e-02
 5.95223e-02
 1.08852e-01
 1.61309e-01
 2.09623e-01
 2.53822e-01
 2.94399e-01
 3.31822e-01
 3.64442e-01
 3.88195e-01
 3.99299e-01
 3.99744e-01
 3.88429e-01
 3.60061e-01
 3.11103e-01
 2.54528e-01
 1.76799e-10
 5.39948e-09
 4.87556e-08
 4.85334e-07
 6.36143e-06
 6.45435e-05
 4.62070e-04
 2.40079e-03
 9.33327e-03
 2.77403e-02
 6.42077e-02
 1.18495e-01
 1.76095e-01
 2.28294e-01
 2.75182e-01
 3.17451e-01
 3.55819e-01
 3.89270e-01
 4.15161e-01
 4.30671e-01
 4.35670e-01
 4.33277e-01
 4.20334e-01
 3.93712e-01
 3.51476e-01
 1.42813e-10
 4.13130e-09
 4.08251e-08
 4.91724e-07
 6.64536e-06
 6.68518e-05
 4.74939e-04
 2.46096e-03
 9.58426e-03
 2.86753e-02
 6.72171e-02
 1.25925e-01
 1.87653e-01
 2.42519e-01
 2.90783e-01
 3.33391e-01
 3.71455e-01
 4.04548e-01
 4.31021e-01
 4.49167e-01
 4.58282e-01
 4.60297e-01
 4.56988e-01
 4.45485e-01
 4.24204e-01
 1.07877e-10
 3.03559e-09
 3.33243e-08
 4.61537e-07
 6.44164e-06
 6.41492e-05
 4.52890e-04
 2.36828e-03
 9.43509e-03
 2.87920e-02
 6.84242e-02
 1.30582e-01
 1.95443e-01
 2.52052e-01
 3.00857e-01
 3.43050e-01
 3.80207e-01
 4.12434e-01
 4.38637e-01
 4.57790e-01
 4.69565e-01
 4.74689e-01
 4.75466e-01
 4.72586e-01
 4.63655e-01
 7.61216e-11
 2.13710e-09
 2.61603e-08
 3.93216e-07
 5.50595e-06
 5.47356e-05
 3.87577e-04
 2.04159e-03
 8.29135e-03
 2.67000e-02
 6.73685e-02
 1.32375e-01
 1.99444e-01
 2.57209e-01
 3.06165e-01
 3.47700e-01
 3.83780e-01
 4.15136e-01
 4.40968e-01
 4.60267e-01
 4.73054e-01
 4.80193e-01
 4.83015e-01
 4.83354e-01
 4.81331e-01
 4.98816e-11
 1.43543e-09
 1.96920e-08
 3.23727e-07
 4.61312e-06
 4.59282e-05
 3.26889e-04
 1.73930e-03
 7.15585e-03
 2.33426e-02
 6.16758e-02
 1.30288e-01
 2.00349e-01
 2.58866e-01
 3.07875e-01
 3.48894e-01
 3.84060e-01
 4.14440e-01
 4.39718e-01
 4.59202e-01
 4.72660e-01
 4.80734e-01
 4.84722e-01
 4.86096e-01
 4.86191e-01
 3.02464e-11
 9.11136e-10
 1.37967e-08
 2.37626e-07
 3.40915e-06
 3.43000e-05
 2.47860e-04
 1.34645e-03
 5.71182e-03
 1.94167e-02
 5.34944e-02
 1.19369e-01
 1.95317e-01
 2.56565e-01
 3.06001e-01
 3.45493e-01
 3.77500e-01
 4.04900e-01
 4.29102e-01
 4.49602e-01
 4.65347e-01
 4.75988e-01
 4.82129e-01
 4.84952e-01
 4.85762e-01
 1.68588e-11
 5.40782e-10
 8.94252e-09
 1.60940e-07
 2.34561e-06
 2.39470e-05
 1.76057e-04
 9.75222e-04
 4.22133e-03
 1.46833e-02
 4.19208e-02
 9.97586e-02
 1.77925e-01
 2.41966e-01
 2.93000e-01
 3.33373e-01
 3.65467e-01
 3.91949e-01
 4.14887e-01
 4.35018e-01
 4.51938e-01
 4.64981e-01
 4.73952e-01
 4.79282e-01
 4.81801e-01
part
         6
hexa8
 8.12267e-03
 7.73555e-03
 7.96542e-03
 8.60289e-03
 9.80211e-03
 1.18626e-02
 1.52550e-02
 2.05836e-02
 2.83761e-02
 3.88796e-02
 5.25748e-02
 6.95305e-02
 7.98516e-02
 8.25925e-02
 8.22924e-02
 7.92159e-02
 7.26230e-02
 6.14538e-02
 4.40247e-02
 3.00834e-02
 1.88054e-02
 8.27046e-03
 2.17863e-03
 2.52236e-04
 3.41563e-06
 1.67809e-02
 1.61502e-02
 1.58145e-02
 1.60461e-02
 1.71643e-02
 1.95633e-02
 2.37553e-02
 3.03119e-02
 3.96421e-02
 5.19583e-02
 6.79873e-02
 8.52365e-02
 9.34543e-02
 9.50623e-02
 9.39111e-02
 8.93733e-02
 8.11331e-02
 6.78096e-02
 4.79513e-02
 3.33886e-02
 2.06831e-02
 8.98296e-03
 2.29036e-03
 2.37872e-04
 1.47193e-06
 3.86806e-02
 3.38910e-02
 3.08731e-02
 2.94643e-02
 2.98476e-02
 3.23674e-02
 3.73484e-02
 4.52018e-02
 5.61700e-02
 7.06458e-02
 8.84509e-02
 1.03626e-01
 1.09001e-01
 1.09307e-01
 1.06715e-01
 1.00241e-01
 8.99910e-02
 7.43856e-02
 5.19173e-02
 3.67461e-02
 2.25543e-02
 9.50566e-03
 2.35673e-03
 2.16567e-04
 5.14431e-07
 7.70781e-02
 6.43031e-02
 5.62306e-02
 5.19385e-02
 5.06276e-02
 5.28351e-02
 5.83964e-02
 6.74184e-02
 8.00099e-02
 9.65173e-02
 1.13557e-01
 1.24322e-01
 1.26728e-01
 1.25311e-01
 1.20535e-01
 1.11673e-01
 9.90117e-02
 7.96393e-02
 5.59768e-02
 4.00080e-02
 2.40783e-02
 9.85599e-03
 2.35320e-03
 1.89409e-04
 2.06639e-07
 1.33164e-01
 1.10412e-01
 9.55519e-02
 8.69564e-02
 8.33054e-02
 8.42218e-02
 8.98848e-02
 9.96211e-02
 1.13446e-01
 1.29340e-01
 1.42103e-01
 1.47393e-01
 1.46741e-01
 1.42850e-01
 1.35109e-01
 1.23519e-01
 1.08616e-01
 8.36529e-02
 6.01747e-02
 4.35288e-02
 2.52424e-02
 1.01020e-02
 2.31941e-03
 1.57580e-04
 1.83303e-07
 2.08309e-01
 1.75413e-01
 1.52804e-01
 1.38898e-01
 1.32072e-01
 1.30396e-01
 1.35048e-01
 1.44255e-01
 1.56357e-01
 1.67300e-01
 1.73253e-01
 1.73177e-01
 1.68756e-01
 1.61453e-01
 1.50123e-01
 1.35530e-01
 1.17319e-01
 8.76205e-02
 6.45463e-02
 4.61757e-02
 2.62407e-02
 1.00849e-02
 2.24480e-03
 1.21781e-04
 2.86454e-07
 3.02616e-01
 2.62332e-01
 2.32031e-01
 2.11806e-01
 2.00100e-01
 1.95146e-01
 1.95629e-01
 2.00951e-01
 2.06366e-01
 2.09411e-01
 2.07291e-01
 2.01037e-01
 1.92375e-01
 1.80479e-01
 1.65438e-01
 1.49042e-01
 1.21413e-01
 9.17013e-02
 6.88922e-02
 4.85480e-02
 2.63345e-02
 9.95225e-03
 2.12432e-03
 8.13029e-05
 6.07890e-07
 3.92995e-01
 3.60477e-01
 3.30262e-01
 3.05612e-01
 2.87926e-01
 2.76612e-01
 2.69928e-01
 2.65856e-01
 2.60570e-01
 2.52567e-01
 2.41955e-01
 2.30148e-01
 2.16516e-01
 1.99727e-01
 1.82016e-01
 1.58175e-01
 1.24828e-01
 9.59780e-02
 7.25690e-02
 4.96660e-02
 2.60921e-02
 9.66657e-03
 1.95666e-03
 4.93767e-05
 1.21105e-06
 4.47578e-01
 4.27688e-01
 4.07026e-01
 3.87373e-01
 3.69537e-01
 3.53720e-01
 3.39199e-01
 3.24639e-01
 3.08320e-01
 2.91948e-01
 2.76068e-01
 2.59922e-01
 2.41118e-01
 2.20860e-01
 1.96450e-01
 1.61669e-01
 1.28423e-01
 1.00536e-01
 7.69030e-02
 4.95272e-02
 2.54574e-02
 9.21259e-03
 1.74439e-03
 3.51320e-05
 2.12682e-06
 4.74786e-01
 4.64407e-01
 4.51974e-01
 4.38212e-01
 4.23673e-01
 4.08228e-01
 3.91423e-01
 3.72716e-01
 3.52499e-01
 3.32458e-01
 3.12428e-01
 2.91429e-01
 2.66134e-01
 2.37693e-01
 2.01075e-01
 1.65054e-01
 1.32953e-01
 1.05559e-01
 7.81421e-02
 4.87464e-02
 2.43841e-02
 8.58575e-03
 1.49137e-03
 3.33686e-05
 3.07345e-06
 4.84687e-01
 4.80316e-01
 4.73370e-01
 4.64205e-01
 4.53024e-01
 4.39596e-01
 4.23667e-01
 4.05217e-01
 3.84740e-01
 3.63034e-01
 3.39270e-01
 3.11739e-01
 2.79374e-01
 2.42581e-01
 2.04483e-01
 1.69442e-01
 1.38419e-01
 1.10031e-01
 7.75147e-02
 4.71082e-02
 2.28821e-02
 7.78552e-03
 1.18978e-03
 3.85349e-05
 3.40516e-06
 4.85608e-01
 4.83677e-01
 4.79183e-01
 4.72006e-01
 4.62390e-01
 4.50433e-01
 4.35916e-01
 4.18610e-01
 3.98518e-01
 3.75568e-01
 3.48959e-01
 3.17869e-01
 2.82534e-01
 2.45012e-01
 2.08870e-01
 1.75657e-01
 1.45036e-01
 1.09811e-01
 7.55421e-02
 4.45425e-02
 2.09866e-02
 6.83231e-03
 8.61038e-04
 5.81501e-05
 3.38399e-06
 4.82517e-01
 4.82029e-01
 4.78656e-01
 4.71781e-01
 4.62361e-01
 4.50884e-01
 4.36994e-01
 4.20205e-01
 4.00300e-01
 3.76981e-01
 3.49664e-01
 3.18076e-01
 2.83202e-01
 2.48656e-01
 2.15568e-01
 1.82934e-01
 1.45186e-01
 1.07669e-01
 7.18715e-02
 4.10909e-02
 1.87512e-02
 5.80099e-03
 7.13501e-04
 9.93561e-05
 3.10179e-06
part
         7
hexa8
 8.55335e-12
 2.96169e-10
 5.26649e-09
 9.80064e-08
 1.45726e-06
 1.52004e-05
 1.14478e-04
 6.51232e-04
 2.90183e-03
 1.04104e-02
 3.06767e-02
 7.52617e-02
 1.48904e-01
 2.15862e-01
 2.70318e-01
 3.14671e-01
 3.49829e-01
 3.77256e-01
 3.99286e-01
 4.17982e-01
 4.34264e-01
 4.48042e-01
 4.58887e-01
 4.66590e-01
 4.71324e-01
 3.88393e-12
 1.46752e-10
 2.75981e-09
 5.25888e-08
 8.00960e-07
 8.59187e-06
 6.66977e-05
 3.91853e-04
 1.80691e-03
 6.72392e-03
 2.06181e-02
 5.28221e-02
 1.13498e-01
 1.85232e-01
 2.42329e-01
 2.88680e-01
 3.26503e-01
 3.56740e-01
 3.80479e-01
 3.99329e-01
 4.14851e-01
 4.27966e-01
 4.38895e-01
 4.47483e-01
 4.53574e-01
 1.54648e-12
 6.44450e-11
 1.26154e-09
 2.43517e-08
 3.81388e-07
 4.23773e-06
 3.41460e-05
 2.08486e-04
 1.00047e-03
 3.88075e-03
 1.24320e-02
 3.34179e-02
 7.63253e-02
 1.44623e-01
 2.06626e-01
 2.55194e-01
 2.94836e-01
 3.27693e-01
 3.54485e-01
 3.75814e-01
 3.92621e-01
 4.05968e-01
 4.16657e-01
 4.25080e-01
 4.31315e-01
 5.23892e-13
 2.43909e-11
 4.89988e-10
 9.43524e-09
 1.52301e-07
 1.76696e-06
 1.48998e-05
 9.52587e-05
 4.78956e-04
 1.94844e-03
 6.55605e-03
 1.85598e-02
 4.47979e-02
 9.31657e-02
 1.57651e-01
 2.12539e-01
 2.55094e-01
 2.89832e-01
 3.18904e-01
 3.43169e-01
 3.62954e-01
 3.78664e-01
 3.90850e-01
 4.00060e-01
 4.06688e-01
 1.44606e-13
 7.66063e-12
 1.56399e-10
 2.92967e-09
 4.86095e-08
 5.93961e-07
 5.29418e-06
 3.57735e-05
 1.90066e-04
 8.17157e-04
 2.90721e-03
 8.71001e-03
 2.22774e-02
 4.91736e-02
 9.45801e-02
 1.52430e-01
 2.03325e-01
 2.42796e-01
 2.74272e-01
 3.00404e-01
 3.22419e-01
 3.40806e-01
 3.55732e-01
 3.67362e-01
 3.75918e-01
 3.05017e-14
 1.88978e-12
 3.92849e-11
 6.86756e-10
 1.15142e-08
 1.49330e-07
 1.42490e-06
 1.03035e-05
 5.85179e-05
 2.68750e-04
 1.02110e-03
 3.26793e-03
 8.93706e-03
 2.11286e-02
 4.35967e-02
 7.91496e-02
 1.27078e-01
 1.74291e-01
 2.14572e-01
 2.46082e-01
 2.71003e-01
 2.91559e-01
 3.08572e-01
 3.22444e-01
 3.33323e-01
 4.44999e-15
 3.35773e-13
 7.31622e-12
 1.12782e-10
 1.80016e-09
 2.47292e-08
 2.56632e-07
 2.02140e-06
 1.24816e-05
 6.22174e-05
 2.56284e-04
 8.88710e-04
 2.63344e-03
 6.75112e-03
 1.51340e-02
 2.99623e-02
 5.29218e-02
 8.43005e-02
 1.22410e-01
 1.60211e-01
 1.94429e-01
 2.22620e-01
 2.44786e-01
 2.62017e-01
 2.75532e-01
 3.81828e-16
 3.70843e-14
 9.15991e-13
 1.22610e-11
 1.58174e-10
 2.15705e-09
 2.45696e-08
 2.16075e-07
 1.48882e-06
 8.26059e-06
 3.77880e-05
 1.45247e-04
 4.76385e-04
 1.35039e-03
 3.34540e-03
 7.31954e-03
 1.42996e-02
 2.52551e-02
 4.08926e-02
 6.15748e-02
 8.71778e-02
 1.14887e-01
 1.41237e-01
 1.65189e-01
 1.85191e-01
 1.47091e-17
 1.96349e-15
 6.26131e-14
 8.80304e-13
 8.28902e-12
 8.29814e-11
 9.22470e-10
 8.93298e-09
 6.94005e-08
 4.36508e-07
 2.27219e-06
 9.97826e-06
 3.75442e-05
 1.22553e-04
 3.50583e-04
 8.86269e-04
 1.99438e-03
 4.02337e-03
 7.33461e-03
 1.22051e-02
 1.87803e-02
 2.71332e-02
 3.73680e-02
 4.96177e-02
 6.37070e-02
 1.60708e-19
 3.07534e-17
 1.39285e-15
 2.65184e-14
 2.76136e-13
 2.04248e-12
 1.53291e-11
 1.31578e-10
 1.06303e-09
 7.23863e-09
 4.13298e-08
 2.01655e-07
 8.56171e-07
 3.20767e-06
 1.07141e-05
 3.21395e-05
 8.70332e-05
 2.13555e-04
 4.76170e-04
 9.67400e-04
 1.79660e-03
 3.06490e-03
 4.84026e-03
 7.15946e-03
 1.00692e-02
 2.58866e-22
 7.28128e-20
 4.85622e-18
 1.36653e-16
 2.07098e-15
 1.99305e-14
 1.46346e-13
 1.02044e-12
 7.39254e-12
 5.05735e-11
 2.98947e-10
 1.49887e-09
 6.47304e-09
 2.46755e-08
 8.51542e-08
 2.72053e-07
 8.17959e-07
 2.33367e-06
 6.32164e-06
 1.61866e-05
 3.89233e-05
 8.73555e-05
 1.82106e-04
 3.51720e-04
 6.29767e-04
 2.04408e-26
 9.22025e-24
 9.79624e-22
 4.37491e-20
 1.04961e-18
 1.57791e-17
 1.70505e-16
 1.53527e-15
 1.29151e-14
 1.02357e-13
 7.20419e-13
 4.30701e-12
 2.15942e-11
 9.12472e-11
 3.28953e-10
 1.02834e-09
 2.84873e-09
 7.21847e-09
 1.75318e-08
 4.32745e-08
 1.13745e-07
 3.19920e-07
 9.30775e-07
 2.68388e-06
 7.42016e-06
 1.90671e-33
 2.11816e-30
 5.38068e-28
 5.54062e-26
 2.91942e-24
 8.94389e-23
 1.73347e-21
 2.28313e-20
 2.23850e-19
 1.90518e-18
 1.69462e-17
 1.62444e-16
 1.47804e-15
 1.15780e-14
 7.55683e-14
 4.09317e-13
 1.84616e-12
 6.94938e-12
 2.17294e-11
 5.53582e-11
 1.10389e-10
 1.69402e-10
 2.72778e-10
 7.89372e-10
 4.33089e-09
part
         8
hexa8
 4.73633e-01
 4.74203e-01
 4.72854e-01
 4.66811e-01
 4.57226e-01
 4.46349e-01
 4.33496e-01
 4.17355e-01
 3.97728e-01
 3.74551e-01
 3.47522e-01
 3.16815e-01
 2.84586e-01
 2.53247e-01
 2.20233e-01
 1.83064e-01
 1.42313e-01
 1.02546e-01
 6.63089e-02
 3.67779e-02
 1.61729e-02
 4.65371e-03
 7.03272e-04
 1.34698e-04
 2.45649e-06
 4.57286e-01
 4.58748e-01
 4.58686e-01
 4.54215e-01
 4.44517e-01
 4.34263e-01
 4.23335e-01
 4.08795e-01
 3.90133e-01
 3.67957e-01
 3.42548e-01
 3.14487e-01
 2.84857e-01
 2.53728e-01
 2.18897e-01
 1.78230e-01
 1.34588e-01
 9.41507e-02
 5.91183e-02
 3.17940e-02
 1.33622e-02
 3.77368e-03
 7.65550e-04
 1.39532e-04
 1.56731e-06
 4.35439e-01
 4.37398e-01
 4.37764e-01
 4.34654e-01
 4.25452e-01
 4.16117e-01
 4.06894e-01
 3.94834e-01
 3.78255e-01
 3.58065e-01
 3.35193e-01
 3.09973e-01
 2.81880e-01
 2.49000e-01
 2.09713e-01
 1.64909e-01
 1.21376e-01
 8.27044e-02
 5.05324e-02
 2.62867e-02
 1.09067e-02
 3.49454e-03
 9.17261e-04
 1.29051e-04
 8.39555e-07
 4.11069e-01
 4.13282e-01
 4.13909e-01
 4.12071e-01
 4.04236e-01
 3.95044e-01
 3.86546e-01
 3.76567e-01
 3.62492e-01
 3.44212e-01
 3.22830e-01
 2.98230e-01
 2.68807e-01
 2.32262e-01
 1.87985e-01
 1.43792e-01
 1.03583e-01
 6.89308e-02
 4.11804e-02
 2.14858e-02
 9.48143e-03
 3.41793e-03
 9.53595e-04
 9.56813e-05
 3.88558e-07
 3.81776e-01
 3.85029e-01
 3.86278e-01
 3.85931e-01
 3.80609e-01
 3.70545e-01
 3.60966e-01
 3.51139e-01
 3.38207e-01
 3.20457e-01
 2.98561e-01
 2.72289e-01
 2.40088e-01
 2.00465e-01
 1.57458e-01
 1.18096e-01
 8.38682e-02
 5.54526e-02
 3.35288e-02
 1.81020e-02
 8.45669e-03
 3.27009e-03
 8.57072e-04
 4.71207e-05
 1.47274e-07
 3.41410e-01
 3.46521e-01
 3.49186e-01
 3.49897e-01
 3.47530e-01
 3.38106e-01
 3.25854e-01
 3.14120e-01
 3.00567e-01
 2.82229e-01
 2.59312e-01
 2.31897e-01
 1.98983e-01
 1.61295e-01
 1.25409e-01
 9.37354e-02
 6.64701e-02
 4.41035e-02
 2.69654e-02
 1.48902e-02
 7.17891e-03
 2.72759e-03
 5.57652e-04
 1.74595e-05
 4.34120e-08
 2.85980e-01
 2.93230e-01
 2.97761e-01
 2.99712e-01
 2.99695e-01
 2.93984e-01
 2.81187e-01
 2.67180e-01
 2.52768e-01
 2.34437e-01
 2.11389e-01
 1.84345e-01
 1.53422e-01
 1.22760e-01
 9.48068e-02
 7.01866e-02
 4.93358e-02
 3.25620e-02
 1.98368e-02
 1.08166e-02
 4.93633e-03
 1.57109e-03
 2.05090e-04
 5.15283e-06
 9.27418e-09
 2.01093e-01
 2.12776e-01
 2.21095e-01
 2.26139e-01
 2.28219e-01
 2.27956e-01
 2.21160e-01
 2.07782e-01
 1.93041e-01
 1.76456e-01
 1.55010e-01
 1.29324e-01
 1.04286e-01
 8.13000e-02
 6.10455e-02
 4.37547e-02
 2.96744e-02
 1.87488e-02
 1.07301e-02
 5.29045e-03
 2.04288e-03
 5.19170e-04
 5.55182e-05
 1.10676e-06
 1.29350e-09
 7.77193e-02
 9.03626e-02
 1.01185e-01
 1.09618e-01
 1.15399e-01
 1.18473e-01
 1.19110e-01
 1.15061e-01
 1.04080e-01
 9.14556e-02
 7.75822e-02
 6.16735e-02
 4.77232e-02
 3.58309e-02
 2.59098e-02
 1.78823e-02
 1.15861e-02
 6.89616e-03
 3.65189e-03
 1.63304e-03
 5.62274e-04
 1.24043e-04
 1.06544e-05
 1.57474e-07
 1.02492e-10
 1.37014e-02
 1.74308e-02
 2.10085e-02
 2.42238e-02
 2.68435e-02
 2.86783e-02
 2.96282e-02
 2.97893e-02
 2.83643e-02
 2.49254e-02
 2.11364e-02
 1.71398e-02
 1.33528e-02
 9.99561e-03
 7.12978e-03
 4.79024e-03
 2.98400e-03
 1.68485e-03
 8.32914e-04
 3.40858e-04
 1.04503e-04
 1.95206e-05
 1.28617e-06
 1.32684e-08
 4.14520e-12
 1.05393e-03
 1.57109e-03
 2.12467e-03
 2.66927e-03
 3.17379e-03
 3.59524e-03
 3.89524e-03
 4.04983e-03
 4.06970e-03
 3.83240e-03
 3.33300e-03
 2.76413e-03
 2.17892e-03
 1.63226e-03
 1.15250e-03
 7.57589e-04
 4.55820e-04
 2.44859e-04
 1.13024e-04
 4.21034e-05
 1.13017e-05
 1.72512e-06
 8.34531e-08
 5.70099e-10
 7.61603e-14
 1.92902e-05
 4.08200e-05
 6.97780e-05
 1.05081e-04
 1.42663e-04
 1.78247e-04
 2.09092e-04
 2.31945e-04
 2.44328e-04
 2.46114e-04
 2.31605e-04
 2.01161e-04
 1.63475e-04
 1.23748e-04
 8.72369e-05
 5.64871e-05
 3.29552e-05
 1.68421e-05
 7.21852e-06
 2.41469e-06
 5.52791e-07
 6.59724e-08
 2.25620e-09
 9.76780e-12
 5.13833e-16
 2.93929e-08
 1.23759e-07
 3.23879e-07
 6.61062e-07
 1.13590e-06
 1.71175e-06
 2.32860e-06
 2.89931e-06
 3.35514e-06
 3.63519e-06
 3.69982e-06
 3.49202e-06
 3.02492e-06
 2.39745e-06
 1.72294e-06
 1.11399e-06
 6.34841e-07
 3.08763e-07
 1.21762e-07
 3.58516e-08
 6.76612e-09
 6.02942e-10
 1.41240e-11
 3.74189e-14
 7.31930e-19
