Density
part
         1
hexa8
 0.00000e+00
 0.00000e+00
 0.00000e+00
 0.00000e+00
 0.00000e+00
 0.00000e+00
 1.05149e-27
 7.47158e-24
 1.91110e-22
 9.45271e-22
 1.30012e-21
 5.47682e-22
 8.96806e-20
 1.22003e-18
 2.18967e-18
 1.29887e-18
 2.16411e-19
 7.70718e-21
 9.49887e-25
 0.00000e+00
 0.00000e+00
 0.00000e+00
 0.00000e+00
 0.00000e+00
 0.00000e+00
 0.00000e+00
 0.00000e+00
 0.00000e+00
 0.00000e+00
 0.00000e+00
 0.00000e+00
 9.49887e-25
 7.70718e-21
 2.16411e-19
 1.29887e-18
 2.18967e-18
 1.22003e-18
 8.96806e-20
 5.47682e-22
 1.30012e-21
 9.45271e-22
 1.91110e-22
 7.47158e-24
 1.05149e-27
 0.00000e+00
 0.00000e+00
 0.00000e+00
 0.00000e+00
 0.00000e+00
 0.00000e+00
 0.00000e+00
 0.00000e+00
 0.00000e+00
 0.00000e+00
 0.00000e+00
 0.00000e+00
 6.50080e-26
 1.01837e-22
 1.59338e-21
 5.98702e-21
 7.02024e-21
 2.71468e-21
 3.85788e-19
 5.38977e-18
 1.04822e-17
 7.28789e-18
 1.57778e-18
 9.15900e-20
 5.04540e-23
 0.00000e+00
 0.00000e+00
 0.00000e+00
 0.00000e+00
 0.00000e+00
 0.00000e+00
 0.00000e+00
 0.00000e+00
 0.00000e+00
 0.00000e+00
 0.00000e+00
 0.00000e+00
 5.04540e-23
 9.15900e-20
 1.57778e-18
 7.28789e-18
 1.04822e-17
 5.38977e-18
 3.85788e-19
 2.71468e-21
 7.02024e-21
 5.98702e-21
 1.59338e-21
 1.01837e-22
 6.50080e-26
 0.00000e+00
 0.00000e+00
 0.00000e+00
 0.00000e+00
 0.00000e+00
 0.00000e+00
 0.00000e+00
 0.00000e+00
 0.00000e+00
 0.00000e+00
 0.00000e+00
 0.00000e+00
 5.22975e-24
 1.67583e-21
 1.46300e-20
 3.64387e-20
 3.32992e-20
 1.05390e-20
 1.23862e-18
 1.85903e-17
 4.35468e-17
 3.95833e-17
 1.27181e-17
 1.32651e-18
 3.55573e-21
 0.00000e+00
 0.00000e+00
 0.00000e+00
 0.00000e+00
 0.00000e+00
 0.00000e+00
 0.00000e+00
 0.00000e+00
 0.00000e+00
 0.00000e+00
 0.00000e+00
 0.00000e+00
 3.55573e-21
 1.32651e-18
 1.27181e-17
 3.95833e-17
 4.35468e-17
 1.85903e-17
 1.23862e-18
 1.05390e-20
 3.32992e-20
 3.64387e-20
 1.46300e-20
 1.67583e-21
 5.22975e-24
 0.00000e+00
 0.00000e+00
 0.00000e+00
 0.00000e+00
 0.00000e+00
 0.00000e+00
 0.00000e+00
 0.00000e+00
 0.00000e+00
 0.00000e+00
 0.00000e+00
 0.00000e+00
 5.84256e-22
 3.78858e-20
 1.74125e-19
 2.58773e-19
 1.76484e-19
 4.11363e-20
 3.99739e-18
 6.52401e-17
 2.07072e-16
 2.52674e-16
 1.35176e-16
 2.67505e-17
 3.53497e-19
 0.00000e+00
 0.00000e+00
 0.00000e+00
 0.00000e+00
 0.00000e+00
 0.00000e+00
 0.00000e+00
 0.00000e+00
 0.00000e+00
 0.00000e+00
 0.00000e+00
 0.00000e+00
 3.53497e-19
 2.67505e-17
 1.35176e-16
 2.52674e-16
 2.07072e-16
 6.52401e-17
 3.99739e-18
 4.11363e-20
 1.76484e-19
 2.58773e-19
 1.74125e-19
 3.78858e-20
 5.84256e-22
 0.00000e+00
 0.00000e+00
 0.00000e+00
 0.00000e+00
 0.00000e+00
 0.00000e+00
 0.00000e+00
 0.00000e+00
 0.00000e+00
 0.00000e+00
 0.00000e+00
 0.00000e+00
 9.88089e-20
 1.27411e-18
 2.68451e-18
 2.26857e-18
 1.02453e-18
 1.72073e-19
 1.32894e-17
 2.33088e-16
 1.11710e-15
 1.95264e-15
 1.95890e-15
 8.10600e-16
 5.37796e-17
 0.00000e+00
 0.00000e+00
 0.00000e+00
 0.00000e+00
 0.00000e+00
 0.00000e+00
 0.00000e+00
 0.00000e+00
 0.00000e+00
 0.00000e+00
 0.00000e+00
 0.00000e+00
 5.37796e-17
 8.10600e-16
 1.95890e-15
 1.95264e-15
 1.11710e-15
 2.33088e-16
 1.32894e-17
 1.72073e-19
 1.02453e-18
 2.26857e-18
 2.68451e-18
 1.27411e-18
 9.88089e-20
 0.00000e+00
 0.00000e+00
 0.00000e+00
 0.00000e+00
 0.00000e+00
 0.00000e+00
 0.00000e+00
 0.00000e+00
 0.00000e+00
 0.00000e+00
 0.00000e+00
 0.00000e+00
 3.11326e-17
 7.36777e-17
 5.69141e-17
 2.68954e-17
 6.82576e-18
 9.27091e-19
 5.33605e-17
 1.09768e-15
 6.60423e-15
 2.19385e-14
 3.73114e-14
 4.27006e-14
 1.53412e-14
 0.00000e+00
 0.00000e+00
 0.00000e+00
 0.00000e+00
 0.00000e+00
 0.00000e+00
 0.00000e+00
 0.00000e+00
 0.00000e+00
 0.00000e+00
 0.00000e+00
 0.00000e+00
 1.53412e-14
 4.27006e-14
 3.73114e-14
 2.19385e-14
 6.60423e-15
 1.09768e-15
 5.33605e-17
 9.27091e-19
 6.82576e-18
 2.68954e-17
 5.69141e-17
 7.36777e-17
 3.11326e-17
 0.00000e+00
 0.00000e+00
 0.00000e+00
 0.00000e+00
 0.00000e+00
 0.00000e+00
 8.45620e-13
 1.23870e-12
 1.10854e-12
 7.87823e-13
 3.95800e-13
 1.45418e-13
 4.51752e-14
 1.32690e-14
 3.49460e-15
 7.67367e-16
 1.26109e-16
 1.23089e-17
 4.70730e-16
 1.25480e-14
 1.06977e-13
 5.57529e-13
 2.16969e-12
 7.03229e-12
 2.04010e-11
 5.57921e-11
 1.30014e-10
 2.30690e-10
 3.13437e-10
 3.49487e-10
 2.60889e-10
 2.60889e-10
 3.49487e-10
 3.13437e-10
 2.30690e-10
 1.30014e-10
 5.57921e-11
 2.04010e-11
 7.03229e-12
 2.16969e-12
 5.57529e-13
 1.06977e-13
 1.25480e-14
 4.70730e-16
 1.23089e-17
 1.26109e-16
 7.67367e-16
 3.49460e-15
 1.32690e-14
 4.51752e-14
 1.45418e-13
 3.95800e-13
 7.87823e-13
 1.10854e-12
 1.23870e-12
 8.45620e-13
 1.31199e-11
 2.22474e-11
 1.97996e-11
 1.35162e-11
 6.14014e-12
 2.16351e-12
 6.59468e-13
 1.81632e-13
 4.30903e-14
 8.25884e-15
 1.16037e-15
 9.64609e-17
 2.47989e-15
 7.76797e-14
 7.87710e-13
 4.84926e-12
 2.18177e-11
 7.89618e-11
 2.44593e-10
 6.79241e-10
 1.62721e-09
 3.15661e-09
 4.51305e-09
 5.12686e-09
 3.58441e-09
 3.58441e-09
 5.12686e-09
 4.51305e-09
 3.15661e-09
 1.62721e-09
 6.79241e-10
 2.44593e-10
 7.89618e-11
 2.18177e-11
 4.84926e-12
 7.87710e-13
 7.76797e-14
 2.47989e-15
 9.64609e-17
 1.16037e-15
 8.25884e-15
 4.30903e-14
 1.81632e-13
 6.59468e-13
 2.16351e-12
 6.14014e-12
 1.35162e-11
 1.97996e-11
 2.22474e-11
 1.31199e-11
 8.50098e-11
 1.68874e-10
 1.46565e-10
 9.08315e-11
 3.41059e-11
 1.12281e-11
 3.16467e-12
 7.82752e-13
 1.63776e-13
 2.74958e-14
 3.39296e-15
 2.50760e-16
 5.37448e-15
 1.84259e-13
 2.08298e-12
 1.43928e-11
 7.24229e-11
 2.89649e-10
 9.73366e-10
 2.85790e-09
 7.39495e-09
 1.62624e-08
 2.62545e-08
 3.12545e-08
 2.03670e-08
 2.03670e-08
 3.12545e-08
 2.62545e-08
 1.62624e-08
 7.39495e-09
 2.85790e-09
 9.73366e-10
 2.89649e-10
 7.24229e-11
 1.43928e-11
 2.08298e-12
 1.84259e-13
 5.37448e-15
 2.50760e-16
 3.39296e-15
 2.74958e-14
 1.63776e-13
 7.82752e-13
 3.16467e-12
 1.12281e-11
 3.41059e-11
 9.08315e-11
 1.46565e-10
 1.68874e-10
 8.50098e-11
 3.61820e-10
 8.36110e-10
 6.92525e-10
 3.52598e-10
 1.07904e-10
 2.82274e-11
 6.99186e-12
 1.58493e-12
 3.13204e-13
 5.04298e-14
 5.98021e-15
 4.22510e-16
 7.44794e-15
 2.65175e-13
 3.04006e-12
 2.09605e-11
 1.05027e-10
 4.24295e-10
 1.48650e-09
 4.78927e-09
 1.53985e-08
 4.70008e-08
 9.50320e-08
 1.23454e-07
 7.53104e-08
 7.53104e-08
 1.23454e-07
 9.50320e-08
 4.70008e-08
 1.53985e-08
 4.78927e-09
 1.48650e-09
 4.24295e-10
 1.05027e-10
 2.09605e-11
 3.04006e-12
 2.65175e-13
 7.44794e-15
 4.22510e-16
 5.98021e-15
 5.04298e-14
 3.13204e-13
 1.58493e-12
 6.99186e-12
 2.82274e-11
 1.07904e-10
 3.52598e-10
 6.92525e-10
 8.36110e-10
 3.61820e-10
 1.20773e-09
 3.16513e-09
 2.46202e-09
 9.34637e-10
 1.85961e-10
 3.51644e-11
 6.80888e-12
 1.30394e-12
 2.40493e-13
 3.85780e-14
 4.65739e-15
 3.33809e-16
 6.01449e-15
 2.12641e-13
 2.37302e-12
 1.55835e-11
 7.31720e-11
 2.81646e-10
 1.03550e-09
 4.10607e-09
 1.80367e-08
 8.13317e-08
 2.50649e-07
 3.73023e-07
 2.15914e-07
 2.15914e-07
 3.73023e-07
 2.50649e-07
 8.13317e-08
 1.80367e-08
 4.10607e-09
 1.03550e-09
 2.81646e-10
 7.31720e-11
 1.55835e-11
 2.37302e-12
 2.12641e-13
 6.01449e-15
 3.33809e-16
 4.65739e-15
 3.85780e-14
 2.40493e-13
 1.30394e-12
 6.80888e-12
 3.51644e-11
 1.85961e-10
 9.34637e-10
 2.46202e-09
 3.16513e-09
 1.20773e-09
 3.50793e-09
 1.00075e-08
 7.33444e-09
 1.92818e-09
 2.19607e-10
 2.04729e-11
 2.55802e-12
 4.71972e-13
 9.65073e-14
 1.73082e-14
 2.28669e-15
 1.73626e-16
 3.46987e-15
 1.19518e-13
 1.23380e-12
 7.04124e-12
 2.67574e-11
 7.94787e-11
 2.52841e-10
 1.43282e-09
 1.25658e-08
 1.08208e-07
 5.37310e-07
 9.46920e-07
 5.31072e-07
 5.31072e-07
 9.46920e-07
 5.37310e-07
 1.08208e-07
 1.25658e-08
 1.43282e-09
 2.52841e-10
 7.94787e-11
 2.67574e-11
 7.04124e-12
 1.23380e-12
 1.19518e-13
 3.46987e-15
 1.73626e-16
 2.28669e-15
 1.73082e-14
 9.65073e-14
 4.71972e-13
 2.55802e-12
 2.04729e-11
 2.19607e-10
 1.92818e-09
 7.33444e-09
 1.00075e-08
 3.50793e-09
 9.50617e-09
 2.80389e-08
 2.01290e-08
 4.10458e-09
 2.47176e-10
 1.40708e-12
 7.15218e-14
 5.80726e-14
 1.86224e-14
 4.17851e-15
 6.21652e-16
 4.86574e-17
 1.13475e-15
 3.93274e-14
 3.87897e-13
 1.98171e-12
 6.12098e-12
 1.20261e-11
 9.11152e-12
 4.49464e-11
 8.71030e-09
 1.67199e-07
 1.07361e-06
 2.14797e-06
 1.19700e-06
 1.19700e-06
 2.14797e-06
 1.07361e-06
 1.67199e-07
 8.71030e-09
 4.49464e-11
 9.11152e-12
 1.20261e-11
 6.12098e-12
 1.98171e-12
 3.87897e-13
 3.93274e-14
 1.13475e-15
 4.86574e-17
 6.21652e-16
 4.17851e-15
 1.86224e-14
 5.80726e-14
 7.15218e-14
 1.40708e-12
 2.47176e-10
 4.10458e-09
 2.01290e-08
 2.80389e-08
 9.50617e-09
 2.52278e-08
 7.30524e-08
 5.54034e-08
 1.33603e-08
 1.19129e-09
 1.33596e-11
 2.53161e-15
 6.30277e-15
 3.00214e-15
 8.59383e-16
 1.48606e-16
 1.61262e-17
 3.54860e-16
 1.18342e-14
 1.06555e-13
 4.72622e-13
 1.19053e-12
 1.65104e-12
 5.44837e-13
 3.32943e-10
 3.40218e-08
 4.47845e-07
 2.38391e-06
 4.56812e-06
 2.58972e-06
 2.58972e-06
 4.56812e-06
 2.38391e-06
 4.47845e-07
 3.40218e-08
 3.32943e-10
 5.44837e-13
 1.65104e-12
 1.19053e-12
 4.72622e-13
 1.06555e-13
 1.18342e-14
 3.54860e-16
 1.61262e-17
 1.48606e-16
 8.59383e-16
 3.00214e-15
 6.30277e-15
 2.53161e-15
 1.33596e-11
 1.19129e-09
 1.33603e-08
 5.54034e-08
 7.30524e-08
 2.52278e-08
 6.22243e-08
 1.94134e-07
 1.69975e-07
 5.29494e-08
 7.03693e-09
 1.71149e-10
 2.01574e-16
 6.17016e-16
 4.10153e-16
 1.47697e-16
 3.06241e-17
 5.82177e-18
 1.02072e-16
 3.13694e-15
 2.48108e-14
 9.38803e-14
 2.05443e-13
 2.05262e-13
 7.09619e-14
 3.52656e-09
 1.63077e-07
 1.46958e-06
 6.22560e-06
 1.01012e-05
 5.33902e-06
 5.33902e-06
 1.01012e-05
 6.22560e-06
 1.46958e-06
 1.63077e-07
 3.52656e-09
 7.09619e-14
 2.05262e-13
 2.05443e-13
 9.38803e-14
 2.48108e-14
 3.13694e-15
 1.02072e-16
 5.82177e-18
 3.06241e-17
 1.47697e-16
 4.10153e-16
 6.17016e-16
 2.01574e-16
 1.71149e-10
 7.03693e-09
 5.29494e-08
 1.69975e-07
 1.94134e-07
 6.22243e-08
 1.47751e-07
 5.44308e-07
 5.85981e-07
 2.67677e-07
 5.79514e-08
 3.23150e-09
 1.93520e-17
 5.21442e-17
 4.83912e-17
 2.03914e-17
 5.30429e-18
 1.91092e-18
 2.51992e-17
 6.88450e-16
 4.65913e-15
 1.49833e-14
 2.93760e-14
 2.43445e-14
 8.82970e-15
 5.73587e-08
 1.13708e-06
 6.37936e-06
 1.90707e-05
 2.37322e-05
 1.08934e-05
 1.08934e-05
 2.37322e-05
 1.90707e-05
 6.37936e-06
 1.13708e-06
 5.73587e-08
 8.82970e-15
 2.43445e-14
 2.93760e-14
 1.49833e-14
 4.65913e-15
 6.88450e-16
 2.51992e-17
 1.91092e-18
 5.30429e-18
 2.03914e-17
 4.83912e-17
 5.21442e-17
 1.93520e-17
 3.23150e-09
 5.79514e-08
 2.67677e-07
 5.85981e-07
 5.44308e-07
 1.47751e-07
 3.35984e-07
 1.64751e-06
 2.29356e-06
 1.74405e-06
 6.81586e-07
 9.29224e-08
 1.43558e-18
 3.82216e-18
 4.42998e-18
 2.12821e-18
 7.48756e-19
 4.81168e-19
 4.83863e-18
 1.14442e-16
 6.53767e-16
 1.79871e-15
 3.20620e-15
 2.47287e-15
 9.04386e-16
 1.45164e-06
 1.15730e-05
 3.69955e-05
 6.75696e-05
 6.16580e-05
 2.19841e-05
 2.19841e-05
 6.16580e-05
 6.75696e-05
 3.69955e-05
 1.15730e-05
 1.45164e-06
 9.04386e-16
 2.47287e-15
 3.20620e-15
 1.79871e-15
 6.53767e-16
 1.14442e-16
 4.83863e-18
 4.81168e-19
 7.48756e-19
 2.12821e-18
 4.42998e-18
 3.82216e-18
 1.43558e-18
 9.29224e-08
 6.81586e-07
 1.74405e-06
 2.29356e-06
 1.64751e-06
 3.35984e-07
 7.43113e-07
 5.23102e-06
 1.08725e-05
 1.35817e-05
 1.19521e-05
 4.53387e-06
 7.28032e-20
 2.03033e-19
 2.60075e-19
 1.44786e-19
 7.40409e-20
 7.17770e-20
 5.79355e-19
 1.17769e-17
 5.70868e-17
 1.36749e-16
 2.22897e-16
 1.68179e-16
 6.20430e-17
 6.29837e-05
 1.78234e-04
 2.91966e-04
 2.74069e-04
 1.78802e-04
 4.25286e-05
 4.25286e-05
 1.78802e-04
 2.74069e-04
 2.91966e-04
 1.78234e-04
 6.29837e-05
 6.20430e-17
 1.68179e-16
 2.22897e-16
 1.36749e-16
 5.70868e-17
 1.17769e-17
 5.79355e-19
 7.17770e-20
 7.40409e-20
 1.44786e-19
 2.60075e-19
 2.03033e-19
 7.28032e-20
 4.53387e-06
 1.19521e-05
 1.35817e-05
 1.08725e-05
 5.23102e-06
 7.43113e-07
 2.02923e-06
 1.70295e-05
 6.12222e-05
 1.48850e-04
 2.90329e-04
 5.04433e-04
 8.28674e-04
 1.31274e-03
 1.98390e-03
 2.97731e-03
 4.46007e-03
 6.63444e-03
 8.99419e-03
 1.23451e-02
 1.27122e-02
 1.23526e-02
 1.14350e-02
 1.00377e-02
 8.23305e-03
 6.29669e-03
 4.44060e-03
 2.81209e-03
 1.46755e-03
 5.25549e-04
 9.05130e-05
 9.05130e-05
 5.25549e-04
 1.46755e-03
 2.81209e-03
 4.44060e-03
 6.29669e-03
 8.23305e-03
 1.00377e-02
 1.14350e-02
 1.23526e-02
 1.27122e-02
 1.23451e-02
 8.99419e-03
 6.63444e-03
 4.46007e-03
 2.97731e-03
 1.98390e-03
 1.31274e-03
 8.28674e-04
 5.04433e-04
 2.90329e-04
 1.48850e-04
 6.12222e-05
 1.70295e-05
 2.02923e-06
 1.43738e-05
 1.20073e-04
 4.27423e-04
 1.02754e-03
 1.96827e-03
 3.30904e-03
 5.14401e-03
 7.69338e-03
 1.17205e-02
 1.83300e-02
 3.02860e-02
 5.52254e-02
 9.17267e-02
 1.01699e-01
 9.85444e-02
 9.20094e-02
 8.42972e-02
 7.62393e-02
 6.79285e-02
 5.84129e-02
 4.69565e-02
 3.29478e-02
 1.60869e-02
 4.81390e-03
 7.12932e-04
 7.12932e-04
 4.81390e-03
 1.60869e-02
 3.29478e-02
 4.69565e-02
 5.84129e-02
 6.79285e-02
 7.62393e-02
 8.42972e-02
 9.20094e-02
 9.85444e-02
 1.01699e-01
 9.17267e-02
 5.52254e-02
 3.02860e-02
 1.83300e-02
 1.17205e-02
 7.69338e-03
 5.14401e-03
 3.30904e-03
 1.96827e-03
 1.02754e-03
 4.27423e-04
 1.20073e-04
 1.43738e-05
 1.37804e-05
 1.12540e-04
 3.81710e-04
 8.40761e-04
 1.40259e-03
 1.97101e-03
 2.60158e-03
 3.70962e-03
 5.96837e-03
 1.09707e-02
 2.33700e-02
 5.81204e-02
 1.22378e-01
 1.17756e-01
 1.06076e-01
 8.71684e-02
 7.06453e-02
 5.94567e-02
 5.71297e-02
 5.41861e-02
 4.86055e-02
 3.94256e-02
 2.59438e-02
 9.48910e-03
 1.49899e-03
 1.49899e-03
 9.48910e-03
 2.59438e-02
 3.94256e-02
 4.86055e-02
 5.41861e-02
 5.71297e-02
 5.94567e-02
 7.06453e-02
 8.71684e-02
 1.06076e-01
 1.17756e-01
 1.22378e-01
 5.81204e-02
 2.33700e-02
 1.09707e-02
 5.96837e-03
 3.70962e-03
 2.60158e-03
 1.97101e-03
 1.40259e-03
 8.40761e-04
 3.81710e-04
 1.12540e-04
 1.37804e-05
 1.17544e-05
 9.55261e-05
 2.90134e-04
 4.35149e-04
 4.52759e-04
 3.80912e-04
 3.61796e-04
 6.02916e-04
 1.06208e-03
 2.48773e-03
 7.58539e-03
 3.18722e-02
 1.26375e-01
 1.11458e-01
 7.03604e-02
 3.53998e-02
 2.14352e-02
 1.52353e-02
 1.52084e-02
 1.91441e-02
 2.81191e-02
 2.98523e-02
 2.38466e-02
 1.06803e-02
 1.68190e-03
 1.68190e-03
 1.06803e-02
 2.38466e-02
 2.98523e-02
 2.81191e-02
 1.91441e-02
 1.52084e-02
 1.52353e-02
 2.14352e-02
 3.53998e-02
 7.03604e-02
 1.11458e-01
 1.26375e-01
 3.18722e-02
 7.58539e-03
 2.48773e-03
 1.06208e-03
 6.02916e-04
 3.61796e-04
 3.80912e-04
 4.52759e-04
 4.35149e-04
 2.90134e-04
 9.55261e-05
 1.17544e-05
 8.88510e-06
 7.16017e-05
 1.56331e-04
 1.58178e-04
 9.43419e-05
 4.54217e-05
 2.85970e-05
 5.24434e-05
 1.17698e-04
 3.98221e-04
 1.99136e-03
 1.55190e-02
 1.26138e-01
 9.61680e-02
 3.56647e-02
 1.11299e-02
 4.61572e-03
 2.51166e-03
 2.57460e-03
 4.21951e-03
 9.15547e-03
 1.77934e-02
 1.84728e-02
 9.92831e-03
 1.55754e-03
 1.55754e-03
 9.92831e-03
 1.84728e-02
 1.77934e-02
 9.15547e-03
 4.21951e-03
 2.57460e-03
 2.51166e-03
 4.61572e-03
 1.11299e-02
 3.56647e-02
 9.61680e-02
 1.26138e-01
 1.55190e-02
 1.99136e-03
 3.98221e-04
 1.17698e-04
 5.24434e-05
 2.85970e-05
 4.54217e-05
 9.43419e-05
 1.58178e-04
 1.56331e-04
 7.16017e-05
 8.88510e-06
 5.84289e-06
 4.32389e-05
 7.23762e-05
 5.78973e-05
 2.19711e-05
 4.88191e-06
 7.72168e-07
 1.79132e-06
 6.16240e-06
 3.58935e-05
 3.47511e-04
 5.93926e-03
 1.23933e-01
 8.44485e-02
 1.67290e-02
 2.97973e-03
 7.25349e-04
 2.72732e-04
 2.81859e-04
 9.24534e-04
 3.56759e-03
 9.96115e-03
 1.29909e-02
 8.07794e-03
 1.29957e-03
 1.29957e-03
 8.07794e-03
 1.29909e-02
 9.96115e-03
 3.56759e-03
 9.24534e-04
 2.81859e-04
 2.72732e-04
 7.25349e-04
 2.97973e-03
 1.67290e-02
 8.44485e-02
 1.23933e-01
 5.93926e-03
 3.47511e-04
 3.58935e-05
 6.16240e-06
 1.79132e-06
 7.72168e-07
 4.88191e-06
 2.19711e-05
 5.78973e-05
 7.23762e-05
 4.32389e-05
 5.84289e-06
 3.03404e-06
 2.19325e-05
 3.40877e-05
 2.37464e-05
 6.59784e-06
 7.49958e-07
 3.40686e-09
 7.38272e-09
 4.17433e-08
 7.08734e-07
 2.17307e-05
 1.28730e-03
 1.21876e-01
 7.61541e-02
 8.43254e-03
 8.85300e-04
 1.01316e-04
 3.13231e-05
 2.60616e-05
 2.97208e-04
 1.86116e-03
 6.58101e-03
 9.08588e-03
 5.85435e-03
 9.28531e-04
 9.28531e-04
 5.85435e-03
 9.08588e-03
 6.58101e-03
 1.86116e-03
 2.97208e-04
 2.60616e-05
 3.13231e-05
 1.01316e-04
 8.85300e-04
 8.43254e-03
 7.61541e-02
 1.21876e-01
 1.28730e-03
 2.17307e-05
 7.08734e-07
 4.17433e-08
 7.38272e-09
 3.40686e-09
 7.49958e-07
 6.59784e-06
 2.37464e-05
 3.40877e-05
 2.19325e-05
 3.03404e-06
 1.38082e-06
 9.82434e-06
 1.55629e-05
 1.07648e-05
 3.18402e-06
 4.09702e-07
 4.75239e-08
 8.53963e-09
 1.84695e-09
 3.57484e-10
 5.07254e-11
 4.09843e-12
 1.20534e-01
 7.20322e-02
 6.27420e-03
 5.47795e-04
 4.67631e-05
 3.66386e-05
 1.12970e-04
 4.24997e-04
 1.91028e-03
 4.85764e-03
 6.11332e-03
 3.56545e-03
 5.34030e-04
 5.34030e-04
 3.56545e-03
 6.11332e-03
 4.85764e-03
 1.91028e-03
 4.24997e-04
 1.12970e-04
 3.66386e-05
 4.67631e-05
 5.47795e-04
 6.27420e-03
 7.20322e-02
 1.20534e-01
 4.09843e-12
 5.07254e-11
 3.57484e-10
 1.84695e-09
 8.53963e-09
 4.75239e-08
 4.09702e-07
 3.18402e-06
 1.07648e-05
 1.55629e-05
 9.82434e-06
 1.38082e-06
 6.03758e-07
 3.72977e-06
 6.35832e-06
 4.70397e-06
 1.94759e-06
 4.55584e-07
 1.04510e-07
 2.27734e-08
 4.75920e-09
 8.56600e-10
 1.14342e-10
 8.96786e-12
 1.20774e-01
 7.20203e-02
 6.82576e-03
 6.48515e-04
 8.15401e-05
 8.38299e-05
 2.78334e-04
 7.17581e-04
 1.85830e-03
 3.12236e-03
 3.55217e-03
 1.77527e-03
 2.88849e-04
 2.88849e-04
 1.77527e-03
 3.55217e-03
 3.12236e-03
 1.85830e-03
 7.17581e-04
 2.78334e-04
 8.38299e-05
 8.15401e-05
 6.48515e-04
 6.82576e-03
 7.20203e-02
 1.20774e-01
 8.96786e-12
 1.14342e-10
 8.56600e-10
 4.75920e-09
 2.27734e-08
 1.04510e-07
 4.55584e-07
 1.94759e-06
 4.70397e-06
 6.35832e-06
 3.72977e-06
 6.03758e-07
 2.40631e-07
 1.16138e-06
 2.16199e-06
 1.73468e-06
 9.45632e-07
 3.31118e-07
 9.92177e-08
 2.63204e-08
 5.95068e-09
 1.07680e-09
 1.41699e-10
 1.10398e-11
 1.30068e-01
 8.73439e-02
 1.00687e-02
 1.16130e-03
 1.38169e-04
 1.00886e-04
 3.05656e-04
 7.07599e-04
 1.23654e-03
 1.55172e-03
 1.63351e-03
 7.16988e-04
 1.42073e-04
 1.42073e-04
 7.16988e-04
 1.63351e-03
 1.55172e-03
 1.23654e-03
 7.07599e-04
 3.05656e-04
 1.00886e-04
 1.38169e-04
 1.16130e-03
 1.00687e-02
 8.73439e-02
 1.30068e-01
 1.10398e-11
 1.41699e-10
 1.07680e-09
 5.95068e-09
 2.63204e-08
 9.92177e-08
 3.31118e-07
 9.45632e-07
 1.73468e-06
 2.16199e-06
 1.16138e-06
 2.40631e-07
 8.03043e-08
 2.84485e-07
 5.62206e-07
 4.82880e-07
 3.12338e-07
 1.34948e-07
 4.61931e-08
 1.33791e-08
 3.19871e-09
 6.05953e-10
 8.48233e-11
 7.31127e-12
 1.42974e-01
 1.11434e-01
 1.67542e-02
 2.68942e-03
 3.49201e-04
 8.83291e-05
 1.45536e-04
 3.29243e-04
 4.72388e-04
 5.57936e-04
 5.45202e-04
 2.26315e-04
 5.92444e-05
 5.92444e-05
 2.26315e-04
 5.45202e-04
 5.57936e-04
 4.72388e-04
 3.29243e-04
 1.45536e-04
 8.83291e-05
 3.49201e-04
 2.68942e-03
 1.67542e-02
 1.11434e-01
 1.42974e-01
 7.31127e-12
 8.48233e-11
 6.05953e-10
 3.19871e-09
 1.33791e-08
 4.61931e-08
 1.34948e-07
 3.12338e-07
 4.82880e-07
 5.62206e-07
 2.84485e-07
 8.03043e-08
 1.95569e-08
 4.99222e-08
 1.00005e-07
 8.99345e-08
 6.32700e-08
 3.12488e-08
 1.15632e-08
 3.71939e-09
 1.01231e-09
 2.25949e-10
 3.92872e-11
 4.40165e-12
 1.72093e-01
 1.65869e-01
 3.72881e-02
 9.20628e-03
 1.88515e-03
 2.62804e-04
 4.23901e-05
 6.59195e-05
 1.00944e-04
 1.18159e-04
 1.07635e-04
 4.53901e-05
 1.56020e-05
 1.56020e-05
 4.53901e-05
 1.07635e-04
 1.18159e-04
 1.00944e-04
 6.59195e-05
 4.23901e-05
 2.62804e-04
 1.88515e-03
 9.20628e-03
 3.72881e-02
 1.65869e-01
 1.72093e-01
 4.40165e-12
 3.92872e-11
 2.25949e-10
 1.01231e-09
 3.71939e-09
 1.15632e-08
 3.12488e-08
 6.32700e-08
 8.99345e-08
 1.00005e-07
 4.99222e-08
 1.95569e-08
 2.59765e-09
 4.93484e-09
 9.51165e-09
 8.75985e-09
 6.40628e-09
 3.37725e-09
 1.29911e-09
 5.23467e-10
 2.11167e-10
 7.69237e-11
 2.16733e-11
 3.51994e-12
 2.29465e-01
 2.89389e-01
 1.14521e-01
 4.92549e-02
 1.93867e-02
 5.93487e-03
 8.95778e-04
 9.87357e-05
 8.59074e-05
 7.61323e-05
 6.48558e-05
 5.11205e-05
 4.32701e-05
 4.32701e-05
 5.11205e-05
 6.48558e-05
 7.61323e-05
 8.59074e-05
 9.87357e-05
 8.95778e-04
 5.93487e-03
 1.93867e-02
 4.92549e-02
 1.14521e-01
 2.89389e-01
 2.29465e-01
 3.51994e-12
 2.16733e-11
 7.69237e-11
 2.11167e-10
 5.23467e-10
 1.29911e-09
 3.37725e-09
 6.40628e-09
 8.75985e-09
 9.51165e-09
 4.93484e-09
 2.59765e-09
 5.06790e-08
 6.80928e-08
 1.01469e-07
 9.38568e-08
 7.21308e-08
 4.36485e-08
 1.93339e-08
 8.07023e-09
 3.02568e-09
 9.48812e-10
 2.22952e-10
 3.05732e-11
 3.49811e-01
 6.32310e-01
 4.99085e-01
 4.15359e-01
 3.53850e-01
 3.05800e-01
 2.66666e-01
 2.34721e-01
 2.11845e-01
 1.95849e-01
 1.85083e-01
 1.78699e-01
 1.76334e-01
 1.76334e-01
 1.78699e-01
 1.85083e-01
 1.95849e-01
 2.11845e-01
 2.34721e-01
 2.66666e-01
 3.05800e-01
 3.53850e-01
 4.15359e-01
 4.99085e-01
 6.32310e-01
 3.49811e-01
 3.05732e-11
 2.22952e-10
 9.48812e-10
 3.02568e-09
 8.07023e-09
 1.93339e-08
 4.36485e-08
 7.21308e-08
 9.38568e-08
 1.01469e-07
 6.80928e-08
 5.06790e-08
 5.28093e-07
 9.14727e-07
 1.44099e-06
 1.30980e-06
 9.86010e-07
 5.79204e-07
 2.56203e-07
 1.00401e-07
 3.34513e-08
 8.92871e-09
 1.73793e-09
 1.97317e-10
 3.58066e-01
 6.24449e-01
 4.21326e-01
 2.81034e-01
 1.88556e-01
 1.42859e-01
 1.24785e-01
 1.19525e-01
 1.15861e-01
 1.01223e-01
 8.69168e-02
 7.37842e-02
 6.50502e-02
 6.50502e-02
 7.37842e-02
 8.69168e-02
 1.01223e-01
 1.15861e-01
 1.19525e-01
 1.24785e-01
 1.42859e-01
 1.88556e-01
 2.81034e-01
 4.21326e-01
 6.24449e-01
 3.58066e-01
 1.97317e-10
 1.73793e-09
 8.92871e-09
 3.34513e-08
 1.00401e-07
 2.56203e-07
 5.79204e-07
 9.86010e-07
 1.30980e-06
 1.44099e-06
 9.14727e-07
 5.28093e-07
 2.26793e-06
 5.41207e-06
 8.26641e-06
 7.19258e-06
 5.19691e-06
 2.83724e-06
 1.18382e-06
 4.21269e-07
 1.24222e-07
 2.90211e-08
 4.95050e-09
 4.99385e-10
 3.64100e-01
 6.02699e-01
 3.14125e-01
 1.68840e-01
 1.34922e-01
 1.38167e-01
 1.85844e-01
 2.32587e-01
 2.51241e-01
 1.91505e-01
 1.27453e-01
 7.52840e-02
 5.02769e-02
 5.02769e-02
 7.52840e-02
 1.27453e-01
 1.91505e-01
 2.51241e-01
 2.32587e-01
 1.85844e-01
 1.38167e-01
 1.34922e-01
 1.68840e-01
 3.14125e-01
 6.02699e-01
 3.64100e-01
 4.99385e-10
 4.95050e-09
 2.90211e-08
 1.24222e-07
 4.21269e-07
 1.18382e-06
 2.83724e-06
 5.19691e-06
 7.19258e-06
 8.26641e-06
 5.41207e-06
 2.26793e-06
 6.49629e-06
 2.13930e-05
 2.89259e-05
 2.33687e-05
 1.47727e-05
 6.35347e-06
 2.51665e-06
 8.77955e-07
 2.57124e-07
 5.94200e-08
 9.88198e-09
 9.56585e-10
 3.68019e-01
 5.76359e-01
 2.58393e-01
 1.67734e-01
 1.71878e-01
 3.10365e-01
 4.90482e-01
 5.94020e-01
 6.21568e-01
 5.18020e-01
 3.29001e-01
 1.45682e-01
 5.27694e-02
 5.27694e-02
 1.45682e-01
 3.29001e-01
 5.18020e-01
 6.21568e-01
 5.94020e-01
 4.90482e-01
 3.10365e-01
 1.71878e-01
 1.67734e-01
 2.58393e-01
 5.76359e-01
 3.68019e-01
 9.56585e-10
 9.88198e-09
 5.94200e-08
 2.57124e-07
 8.77955e-07
 2.51665e-06
 6.35347e-06
 1.47727e-05
 2.33687e-05
 2.89259e-05
 2.13930e-05
 6.49629e-06
 1.50154e-05
 6.14866e-05
 7.41635e-05
 5.22266e-05
 2.17584e-05
 7.32950e-06
 2.49797e-06
 7.94194e-07
 2.26194e-07
 5.26118e-08
 8.86774e-09
 8.64265e-10
 3.74129e-01
 5.83595e-01
 2.60517e-01
 1.79915e-01
 2.44940e-01
 5.27971e-01
 7.44480e-01
 8.36854e-01
 8.53534e-01
 7.68921e-01
 5.72684e-01
 2.70064e-01
 6.52424e-02
 6.52424e-02
 2.70064e-01
 5.72684e-01
 7.68921e-01
 8.53534e-01
 8.36854e-01
 7.44480e-01
 5.27971e-01
 2.44940e-01
 1.79915e-01
 2.60517e-01
 5.83595e-01
 3.74129e-01
 8.64265e-10
 8.86774e-09
 5.26118e-08
 2.26194e-07
 7.94194e-07
 2.49797e-06
 7.32950e-06
 2.17584e-05
 5.22266e-05
 7.41635e-05
 6.14866e-05
 1.50154e-05
 3.09500e-05
 1.39591e-04
 1.56215e-04
 8.74510e-05
 2.21262e-05
 4.21588e-06
 1.13180e-06
 4.17297e-07
 1.36537e-07
 3.42679e-08
 6.02815e-09
 5.99125e-10
 3.83084e-01
 6.09960e-01
 2.79148e-01
 1.98457e-01
 3.06169e-01
 6.37586e-01
 8.55139e-01
 9.37284e-01
 9.42172e-01
 8.89709e-01
 7.33727e-01
 3.87182e-01
 8.28480e-02
 8.28480e-02
 3.87182e-01
 7.33727e-01
 8.89709e-01
 9.42172e-01
 9.37284e-01
 8.55139e-01
 6.37586e-01
 3.06169e-01
 1.98457e-01
 2.79148e-01
 6.09960e-01
 3.83084e-01
 5.99125e-10
 6.02815e-09
 3.42679e-08
 1.36537e-07
 4.17297e-07
 1.13180e-06
 4.21588e-06
 2.21262e-05
 8.74510e-05
 1.56215e-04
 1.39591e-04
 3.09500e-05
 6.00135e-05
 2.70373e-04
 2.92636e-04
 1.25802e-04
 2.21173e-05
 1.53679e-06
 6.54629e-08
 7.75391e-08
 3.75908e-08
 1.14360e-08
 2.20625e-09
 2.27600e-10
 3.95530e-01
 6.59787e-01
 3.24019e-01
 2.18900e-01
 2.76245e-01
 5.51024e-01
 9.27966e-01
 9.52926e-01
 9.59025e-01
 9.28812e-01
 8.12891e-01
 4.79557e-01
 1.00388e-01
 1.00388e-01
 4.79557e-01
 8.12891e-01
 9.28812e-01
 9.59025e-01
 9.52926e-01
 9.27966e-01
 5.51024e-01
 2.76245e-01
 2.18900e-01
 3.24019e-01
 6.59787e-01
 3.95530e-01
 2.27600e-10
 2.20625e-09
 1.14360e-08
 3.75908e-08
 7.75391e-08
 6.54629e-08
 1.53679e-06
 2.21173e-05
 1.25802e-04
 2.92636e-04
 2.70373e-04
 6.00135e-05
 1.10461e-04
 4.70927e-04
 5.13070e-04
 2.28084e-04
 5.33014e-05
 5.91726e-06
 1.09705e-07
 2.67982e-07
 1.14605e-06
 1.00451e-05
 1.60020e-04
 4.98957e-03
 4.05820e-01
 7.17060e-01
 4.20513e-01
 2.66965e-01
 2.86153e-01
 4.16556e-01
 6.40704e-01
 8.39145e-01
 9.29084e-01
 9.30187e-01
 8.37450e-01
 5.30815e-01
 1.16898e-01
 1.16898e-01
 5.30815e-01
 8.37450e-01
 9.30187e-01
 9.29084e-01
 8.39145e-01
 6.40704e-01
 4.16556e-01
 2.86153e-01
 2.66965e-01
 4.20513e-01
 7.17060e-01
 4.05820e-01
 4.98957e-03
 1.60020e-04
 1.00451e-05
 1.14605e-06
 2.67982e-07
 1.09705e-07
 5.91726e-06
 5.33014e-05
 2.28084e-04
 5.13070e-04
 4.70927e-04
 1.10461e-04
 1.57599e-04
 8.01471e-04
 9.60997e-04
 5.20684e-04
 1.72535e-04
 3.90031e-05
 1.06934e-05
 1.80262e-05
 4.74276e-05
 2.03717e-04
 1.40765e-03
 1.65895e-02
 4.10398e-01
 7.79370e-01
 5.72705e-01
 3.78158e-01
 3.65041e-01
 4.33546e-01
 5.61143e-01
 7.57604e-01
 8.98189e-01
 9.07465e-01
 8.36136e-01
 5.44338e-01
 1.23379e-01
 1.23379e-01
 5.44338e-01
 8.36136e-01
 9.07465e-01
 8.98189e-01
 7.57604e-01
 5.61143e-01
 4.33546e-01
 3.65041e-01
 3.78158e-01
 5.72705e-01
 7.79370e-01
 4.10398e-01
 1.65895e-02
 1.40765e-03
 2.03717e-04
 4.74276e-05
 1.80262e-05
 1.06934e-05
 3.90031e-05
 1.72535e-04
 5.20684e-04
 9.60997e-04
 8.01471e-04
 1.57599e-04
 1.92440e-04
 1.17970e-03
 1.87444e-03
 1.43114e-03
 7.55043e-04
 3.46894e-04
 2.28218e-04
 3.31915e-04
 6.24903e-04
 1.70046e-03
 6.57221e-03
 3.81131e-02
 4.11019e-01
 8.00511e-01
 7.41556e-01
 6.02560e-01
 5.60684e-01
 5.98471e-01
 6.90788e-01
 8.24946e-01
 8.95158e-01
 8.84569e-01
 7.83568e-01
 4.88700e-01
 1.09315e-01
 1.09315e-01
 4.88700e-01
 7.83568e-01
 8.84569e-01
 8.95158e-01
 8.24946e-01
 6.90788e-01
 5.98471e-01
 5.60684e-01
 6.02560e-01
 7.41556e-01
 8.00511e-01
 4.11019e-01
 3.81131e-02
 6.57221e-03
 1.70046e-03
 6.24903e-04
 3.31915e-04
 2.28218e-04
 3.46894e-04
 7.55043e-04
 1.43114e-03
 1.87444e-03
 1.17970e-03
 1.92440e-04
 2.12718e-04
 1.43480e-03
 3.16706e-03
 4.05206e-03
 3.79694e-03
 2.77370e-03
 2.34244e-03
 3.20421e-03
 4.75828e-03
 9.30720e-03
 2.28592e-02
 7.54736e-02
 4.06624e-01
 7.83658e-01
 8.16477e-01
 8.00667e-01
 7.98692e-01
 8.14526e-01
 8.49793e-01
 8.83227e-01
 8.78068e-01
 8.31634e-01
 6.92408e-01
 3.84126e-01
 8.07015e-02
 8.07015e-02
 3.84126e-01
 6.92408e-01
 8.31634e-01
 8.78068e-01
 8.83227e-01
 8.49793e-01
 8.14526e-01
 7.98692e-01
 8.00667e-01
 8.16477e-01
 7.83658e-01
 4.06624e-01
 7.54736e-02
 2.28592e-02
 9.30720e-03
 4.75828e-03
 3.20421e-03
 2.34244e-03
 2.77370e-03
 3.79694e-03
 4.05206e-03
 3.16706e-03
 1.43480e-03
 2.12718e-04
 2.20211e-04
 1.45340e-03
 3.86629e-03
 6.93755e-03
 1.00599e-02
 1.30984e-02
 1.60694e-02
 1.98116e-02
 2.72855e-02
 4.09475e-02
 6.93579e-02
 1.37969e-01
 3.76323e-01
 6.75257e-01
 7.67855e-01
 7.90711e-01
 8.06830e-01
 8.17320e-01
 8.17743e-01
 8.01028e-01
 7.49597e-01
 6.43779e-01
 4.65219e-01
 2.23492e-01
 5.24235e-02
 5.24235e-02
 2.23492e-01
 4.65219e-01
 6.43779e-01
 7.49597e-01
 8.01028e-01
 8.17743e-01
 8.17320e-01
 8.06830e-01
 7.90711e-01
 7.67855e-01
 6.75257e-01
 3.76323e-01
 1.37969e-01
 6.93579e-02
 4.09475e-02
 2.72855e-02
 1.98116e-02
 1.60694e-02
 1.30984e-02
 1.00599e-02
 6.93755e-03
 3.86629e-03
 1.45340e-03
 2.20211e-04
 1.57144e-04
 1.09357e-03
 3.13078e-03
 6.08298e-03
 9.58690e-03
 1.35737e-02
 1.81481e-02
 2.37398e-02
 3.16268e-02
 4.32324e-02
 6.25315e-02
 9.79967e-02
 1.83298e-01
 2.76338e-01
 3.33859e-01
 3.68172e-01
 3.77494e-01
 3.70435e-01
 3.49926e-01
 3.18273e-01
 2.77666e-01
 2.28058e-01
 1.68074e-01
 9.16604e-02
 2.78150e-02
 2.78150e-02
 9.16604e-02
 1.68074e-01
 2.28058e-01
 2.77666e-01
 3.18273e-01
 3.49926e-01
 3.70435e-01
 3.77494e-01
 3.68172e-01
 3.33859e-01
 2.76338e-01
 1.83298e-01
 9.79967e-02
 6.25315e-02
 4.32324e-02
 3.16268e-02
 2.37398e-02
 1.81481e-02
 1.35737e-02
 9.58690e-03
 6.08298e-03
 3.13078e-03
 1.09357e-03
 1.57144e-04
 4.27238e-05
 2.22967e-04
 3.55468e-04
 3.87726e-04
 2.49665e-04
 8.81836e-05
 0.00000e+00
 0.00000e+00
 0.00000e+00
 0.00000e+00
 0.00000e+00
 0.00000e+00
 0.00000e+00
 0.00000e+00
 0.00000e+00
 0.00000e+00
 0.00000e+00
 0.00000e+00
 0.00000e+00
 1.18919e-03
 4.07513e-03
 8.38324e-03
 1.41302e-02
 1.37726e-02
 1.04979e-02
 1.04979e-02
 1.37726e-02
 1.41302e-02
 8.38324e-03
 4.07513e-03
 1.18919e-03
 0.00000e+00
 0.00000e+00
 0.00000e+00
 0.00000e+00
 0.00000e+00
 0.00000e+00
 0.00000e+00
 0.00000e+00
 0.00000e+00
 0.00000e+00
 0.00000e+00
 0.00000e+00
 0.00000e+00
 8.81836e-05
 2.49665e-04
 3.87726e-04
 3.55468e-04
 2.22967e-04
 4.27238e-05
 1.75982e-05
 5.77601e-05
 6.36388e-05
 3.48669e-05
 1.11511e-05
 1.38556e-06
 0.00000e+00
 0.00000e+00
 0.00000e+00
 0.00000e+00
 0.00000e+00
 0.00000e+00
 0.00000e+00
 0.00000e+00
 0.00000e+00
 0.00000e+00
 0.00000e+00
 0.00000e+00
 0.00000e+00
 2.21621e-05
 2.15634e-04
 9.20616e-04
 2.72216e-03
 4.52368e-03
 6.71181e-03
 6.71181e-03
 4.52368e-03
 2.72216e-03
 9.20616e-04
 2.15634e-04
 2.21621e-05
 0.00000e+00
 0.00000e+00
 0.00000e+00
 0.00000e+00
 0.00000e+00
 0.00000e+00
 0.00000e+00
 0.00000e+00
 0.00000e+00
 0.00000e+00
 0.00000e+00
 0.00000e+00
 0.00000e+00
 1.38556e-06
 1.11511e-05
 3.48669e-05
 6.36388e-05
 5.77601e-05
 1.75982e-05
 7.52322e-06
 1.87016e-05
 1.45406e-05
 4.76927e-06
 8.48227e-07
 4.18752e-08
 0.00000e+00
 0.00000e+00
 0.00000e+00
 0.00000e+00
 0.00000e+00
 0.00000e+00
 0.00000e+00
 0.00000e+00
 0.00000e+00
 0.00000e+00
 0.00000e+00
 0.00000e+00
 0.00000e+00
 8.21878e-07
 2.01724e-05
 1.59372e-04
 7.43977e-04
 1.83048e-03
 5.29081e-03
 5.29081e-03
 1.83048e-03
 7.43977e-04
 1.59372e-04
 2.01724e-05
 8.21878e-07
 0.00000e+00
 0.00000e+00
 0.00000e+00
 0.00000e+00
 0.00000e+00
 0.00000e+00
 0.00000e+00
 0.00000e+00
 0.00000e+00
 0.00000e+00
 0.00000e+00
 0.00000e+00
 0.00000e+00
 4.18752e-08
 8.48227e-07
 4.76927e-06
 1.45406e-05
 1.87016e-05
 7.52322e-06
 3.36631e-06
 7.02106e-06
 3.95827e-06
 9.04739e-07
 9.76845e-08
 2.03546e-09
 0.00000e+00
 0.00000e+00
 0.00000e+00
 0.00000e+00
 0.00000e+00
 0.00000e+00
 0.00000e+00
 0.00000e+00
 0.00000e+00
 0.00000e+00
 0.00000e+00
 0.00000e+00
 0.00000e+00
 5.16217e-08
 2.98958e-06
 3.96189e-05
 2.63522e-04
 8.55788e-04
 5.04464e-03
 5.04464e-03
 8.55788e-04
 2.63522e-04
 3.96189e-05
 2.98958e-06
 5.16217e-08
 0.00000e+00
 0.00000e+00
 0.00000e+00
 0.00000e+00
 0.00000e+00
 0.00000e+00
 0.00000e+00
 0.00000e+00
 0.00000e+00
 0.00000e+00
 0.00000e+00
 0.00000e+00
 0.00000e+00
 2.03546e-09
 9.76845e-08
 9.04739e-07
 3.95827e-06
 7.02106e-06
 3.36631e-06
 1.50150e-06
 3.05616e-06
 1.35778e-06
 2.32951e-07
 1.63929e-08
 1.51108e-10
 0.00000e+00
 0.00000e+00
 0.00000e+00
 0.00000e+00
 0.00000e+00
 0.00000e+00
 0.00000e+00
 0.00000e+00
 0.00000e+00
 0.00000e+00
 0.00000e+00
 0.00000e+00
 0.00000e+00
 5.40883e-09
 6.94960e-07
 1.42079e-05
 1.25270e-04
 4.98108e-04
 5.20191e-03
 5.20191e-03
 4.98108e-04
 1.25270e-04
 1.42079e-05
 6.94960e-07
 5.40883e-09
 0.00000e+00
 0.00000e+00
 0.00000e+00
 0.00000e+00
 0.00000e+00
 0.00000e+00
 0.00000e+00
 0.00000e+00
 0.00000e+00
 0.00000e+00
 0.00000e+00
 0.00000e+00
 0.00000e+00
 1.51108e-10
 1.63929e-08
 2.32951e-07
 1.35778e-06
 3.05616e-06
 1.50150e-06
 8.72352e-07
 1.07085e-06
 4.34526e-07
 6.34614e-08
 3.32719e-09
 1.56077e-11
 0.00000e+00
 0.00000e+00
 0.00000e+00
 0.00000e+00
 0.00000e+00
 0.00000e+00
 0.00000e+00
 0.00000e+00
 0.00000e+00
 0.00000e+00
 0.00000e+00
 0.00000e+00
 0.00000e+00
 8.95901e-10
 2.13762e-07
 5.70800e-06
 5.73198e-05
 2.41819e-04
 6.24322e-03
 6.24322e-03
 2.41819e-04
 5.73198e-05
 5.70800e-06
 2.13762e-07
 8.95901e-10
 0.00000e+00
 0.00000e+00
 0.00000e+00
 0.00000e+00
 0.00000e+00
 0.00000e+00
 0.00000e+00
 0.00000e+00
 0.00000e+00
 0.00000e+00
 0.00000e+00
 0.00000e+00
 0.00000e+00
 1.56077e-11
 3.32719e-09
 6.34614e-08
 4.34526e-07
 1.07085e-06
 8.72352e-07
