1.0000000000000001E-05 8.1290000000000008E-03
2.0500000000000004E-05 2.0135000000000000E-02
3.1525000000000007E-05 2.8131000000000000E-02
4.3101250000000010E-05 3.6153000000000005E-02
5.5256312500000013E-05 4.8122000000000005E-02
6.8019128125000017E-05 5.6123000000000006E-02
8.1420084531250018E-05 6.8122000000000002E-02
9.5491088757812526E-05 8.0143999999999993E-02
1.1026564319570316E-04 8.8118000000000002E-02
1.2577892535548833E-04 9.6118000000000009E-02
1.4206787162326275E-04 1.0811500000000000E-01
1.5917126520442591E-04 1.1611900000000001E-01
1.7712982846464722E-04 1.2411500000000000E-01
1.9598631988787958E-04 1.3211799999999999E-01
2.1578563588227356E-04 1.4011399999999999E-01
2.3657491767638725E-04 1.4811500000000000E-01
2.5840366356020660E-04 1.5611300000000000E-01
2.8132384673821697E-04 1.6410200000000000E-01
3.0539003907512785E-04 1.7210200000000000E-01
3.3065954102888426E-04 1.8007200000000001E-01
3.5719251808032847E-04 1.8807500000000002E-01
3.8505214398434494E-04 1.9607400000000003E-01
4.1430475118356224E-04 2.0405700000000004E-01
4.4501998874274035E-04 2.1206600000000003E-01
4.7727098817987741E-04 2.2005900000000003E-01
5.1113453758887132E-04 2.2805400000000003E-01
5.4669126446831495E-04 2.3605700000000004E-01
5.8402582769173075E-04 2.4405700000000005E-01
6.2322711907631734E-04 2.5202400000000003E-01
6.6438847503013320E-04 2.6002300000000006E-01
7.0760789878163990E-04 2.6402800000000010E-01
7.5298829372072191E-04 2.7602300000000007E-01
8.0063770840675804E-04 2.8402400000000005E-01
8.5066959382709597E-04 2.9202400000000006E-01
9.0320307351845076E-04 2.9602000000000006E-01
9.5836322719437339E-04 3.0802100000000004E-01
1.0162813885540921E-03 3.1602700000000006E-01
1.0770954579817967E-03 3.2402500000000006E-01
1.1409502308808866E-03 3.3202200000000004E-01
1.2079977424249309E-03 3.4000000000000002E-01
1.2783976295461775E-03 3.4800000000000003E-01
1.3523175110234863E-03 3.5603300000000004E-01
1.4299333865746607E-03 3.5998300000000005E-01
1.5114300559033939E-03 3.6798500000000001E-01
1.5970015586985638E-03 3.7998100000000007E-01
1.6868516366334921E-03 3.8796500000000006E-01
1.7811942184651668E-03 3.9196400000000009E-01
1.8802539293884253E-03 3.9996200000000004E-01
1.9842666258578466E-03 4.0795300000000001E-01
2.0934799571507390E-03 4.2394700000000002E-01
2.2081539550082760E-03 4.3194800000000005E-01
2.3285616527586898E-03 4.3994900000000003E-01
2.4549897353966245E-03 4.4791700000000007E-01
2.5877392221664557E-03 4.5592100000000002E-01
2.7271261832747785E-03 4.6392000000000005E-01
2.8734824924385176E-03 4.7191800000000000E-01
3.0271566170604436E-03 4.7992100000000004E-01
3.1885144479134658E-03 4.8792000000000002E-01
3.3579401703091394E-03 4.9189899999999998E-01
3.5358371788245966E-03 5.0389700000000004E-01
3.7226290377658268E-03 5.1190199999999997E-01
3.9187604896541179E-03 5.1990100000000006E-01
4.1246985141368238E-03 5.2391000000000010E-01
4.3409334398436649E-03 5.3190200000000010E-01
4.5679801118358480E-03 5.3991100000000014E-01
4.8063791174276409E-03 5.4789800000000011E-01
5.0566980732990232E-03 5.5590100000000020E-01
5.3195329769639742E-03 5.6390100000000021E-01
5.5955096258121732E-03 5.7190400000000019E-01
5.8852851071027820E-03 5.7990100000000011E-01
6.1895493624579212E-03 5.8790100000000012E-01
6.5090268305808179E-03 5.9589900000000007E-01
6.8444781721098587E-03 6.0390900000000014E-01
7.1967020807153521E-03 6.1187600000000009E-01
7.5665371847511197E-03 6.1985800000000002E-01
7.9548640439886763E-03 6.2785500000000005E-01
8.3626072461881109E-03 6.3587600000000000E-01
8.7907376084975161E-03 6.4388600000000007E-01
9.2402744889223919E-03 6.5183800000000003E-01
9.7122882133685116E-03 6.5984200000000004E-01
1.0207902624036938E-02 6.6783899999999996E-01
1.0728297755238786E-02 6.7584000000000000E-01
1.1274712643000725E-02 6.8381900000000007E-01
1.1848448275150761E-02 6.9182100000000002E-01
1.2450870688908299E-02 6.9979800000000003E-01
1.3083414223353716E-02 7.0780000000000010E-01
1.3747584934521401E-02 7.1581000000000006E-01
1.4444964181247473E-02 7.2380700000000009E-01
1.5177212390309848E-02 7.3179800000000006E-01
1.5946073009825340E-02 7.3979800000000007E-01
1.6753376660316607E-02 7.4779700000000005E-01
1.7601045493332440E-02 7.5580000000000003E-01
1.8491097767999062E-02 7.6780100000000007E-01
1.9425652656399017E-02 7.7180700000000002E-01
2.0406935289218969E-02 7.8379900000000013E-01
2.1437282053679920E-02 7.8779700000000008E-01
2.2519146156363919E-02 7.9979800000000001E-01
2.3655103464182117E-02 8.0779900000000004E-01
2.4847858637391224E-02 8.1581500000000007E-01
2.6100251569260786E-02 8.2779400000000003E-01
2.7415264147723824E-02 8.3579700000000001E-01
2.8796027355110016E-02 8.4380200000000005E-01
3.0245828722865516E-02 8.5176700000000005E-01
3.1768120159008796E-02 8.5976600000000003E-01
3.3366526166959239E-02 8.6776600000000004E-01
3.5044852475307205E-02 8.7576900000000002E-01
3.6807095099072568E-02 8.8376500000000002E-01
3.8657449854026193E-02 8.9176499999999992E-01
4.0600322346727502E-02 8.9975599999999989E-01
4.2640338464063877E-02 9.0774899999999992E-01
4.4685836824011164E-02 9.1576899999999994E-01
4.6742354537847607E-02 9.2374899999999993E-01
4.8779320913946225E-02 9.3174699999999988E-01
5.0805896054438998E-02 9.3972299999999986E-01
5.2831383009727964E-02 9.4772299999999987E-01
5.4863550691744888E-02 9.5573599999999992E-01
5.6893410437035226E-02 9.6372300000000000E-01
5.8912885234894762E-02 9.7172499999999995E-01
6.0929101257923175E-02 9.7972199999999998E-01
6.2948766938256226E-02 9.8772199999999999E-01
6.4975021979794045E-02 9.9572099999999997E-01
6.6992136983980516E-02 1.0037380000000000E+00
6.9005016755475629E-02 1.0117210000000001E+00
7.1019099255168722E-02 1.0197220000000002E+00
7.3039222895497094E-02 1.0277200000000002E+00
7.5057132042552294E-02 1.0357010000000002E+00
7.7070590043027701E-02 1.0437050000000001E+00
7.9083600080388644E-02 1.0517120000000000E+00
8.1100319112745220E-02 1.0596850000000000E+00
8.3120020494215893E-02 1.0676860000000001E+00
8.5136056432166679E-02 1.0756740000000002E+00
8.7150753509825207E-02 1.0836750000000002E+00
8.9167308916322074E-02 1.0916720000000000E+00
9.1188207882629754E-02 1.0996720000000000E+00
9.3206922673780182E-02 1.1076750000000000E+00
9.5223848183979262E-02 1.1156740000000001E+00
9.7240861580847798E-02 1.1236710000000001E+00
9.9260382044884868E-02 1.1356700000000002E+00
1.0128121926534932E-01 1.1396710000000001E+00
1.0330062273163315E-01 1.1476729999999999E+00
1.0531982271416862E-01 1.1596860000000000E+00
1.0734040086162830E-01 1.1676540000000000E+00
1.0936385014105636E-01 1.1756540000000000E+00
1.1138633398757851E-01 1.1796350000000000E+00
1.1340868984860256E-01 1.1916369999999998E+00
1.1543182365624335E-01 1.1996359999999999E+00
1.1745706324648506E-01 1.2076380000000000E+00
1.1948288072502407E-01 1.2156529999999999E+00
1.2150879818841094E-01 1.2236359999999999E+00
1.2353544844630909E-01 1.2356330000000000E+00
1.2556352492001588E-01 1.2436380000000000E+00
1.2759289543182278E-01 1.2516350000000001E+00
1.2962256004163641E-01 1.2596179999999999E+00
1.3165297721373179E-01 1.2676159999999999E+00
1.3368451877966805E-01 1.2756179999999999E+00
1.3571702556281695E-01 1.2836019999999999E+00
1.3774994852197073E-01 1.2916089999999998E+00
1.3978351974307837E-01 1.2996009999999998E+00
1.4181804796721059E-01 1.3075999999999999E+00
1.4385330985889166E-01 1.3156009999999998E+00
1.4588907422011455E-01 1.3236049999999997E+00
1.4792542724070423E-01 1.3355989999999995E+00
1.4996248354947678E-01 1.3395969999999997E+00
1.5200015167124656E-01 1.3475989999999995E+00
1.5403834558544310E-01 1.3595989999999996E+00
1.5607722869029383E-01 1.3675989999999996E+00
1.5811683039130983E-01 1.3755999999999997E+00
1.6015688085203159E-01 1.3835989999999996E+00
1.6219744411350842E-01 1.3915999999999995E+00
1.6423870194022527E-01 1.3995979999999997E+00
1.6628075944354118E-01 1.4075989999999996E+00
1.6832323037277278E-01 1.4155759999999997E+00
1.7036621690630516E-01 1.4235769999999996E+00
1.7240984029796352E-01 1.4315799999999999E+00
1.7445422914284633E-01 1.4395759999999997E+00
1.7649905905984506E-01 1.4475789999999997E+00
1.7854441705699303E-01 1.4555669999999996E+00
1.8059039704895530E-01 1.4635549999999997E+00
1.8263708178002974E-01 1.4715559999999996E+00
1.8468427490692110E-01 1.4795579999999997E+00
1.8673198744665234E-01 1.4915579999999997E+00
1.8878028385273909E-01 1.4995549999999997E+00
1.9082922234572447E-01 1.5075579999999997E+00
1.9287861284327878E-01 1.5155549999999995E+00
1.9492848459202342E-01 1.5235559999999997E+00
1.9697888888118167E-01 1.5315559999999995E+00
1.9902986423153490E-01 1.5395559999999995E+00
