1.2577892535548833E-04 2.4999974712784430E+00
3.3065954102888426E-04 2.4999825749843811E+00
6.6438847503013320E-04 2.4999301978425787E+00
1.2079977424249309E-03 2.4997739318194996E+00
2.0934799571507390E-03 2.4993554684321917E+00
3.5358371788245966E-03 2.4983653201085176E+00
5.8852851071027820E-03 2.4963516679591913E+00
9.7122882133685116E-03 2.4927504988618896E+00
1.5946073009825340E-02 2.4865081148359369E+00
2.6100251569260786E-02 2.4756995754890481E+00
4.2640338464063877E-02 2.4575274681433816E+00
6.4238469893760641E-02 2.4336531334529328E+00
8.5863983829666604E-02 2.4097392650494918E+00
1.0735578058516849E-01 2.3860030318867156E+00
1.2872207577986403E-01 2.3624231495600165E+00
1.5000641039344009E-01 2.3389417092043101E+00
1.7124443321110250E-01 2.3155216726169043E+00
1.9246943465908975E-01 2.2921215330112918E+00
