Density
part
         1
hexa8
 0.00000e+00
 0.00000e+00
 0.00000e+00
 0.00000e+00
 0.00000e+00
 0.00000e+00
 0.00000e+00
 0.00000e+00
 0.00000e+00
 0.00000e+00
 0.00000e+00
 0.00000e+00
 0.00000e+00
 0.00000e+00
 0.00000e+00
 0.00000e+00
 0.00000e+00
 0.00000e+00
 0.00000e+00
 0.00000e+00
 0.00000e+00
 0.00000e+00
 0.00000e+00
 0.00000e+00
 0.00000e+00
 0.00000e+00
 0.00000e+00
 0.00000e+00
 0.00000e+00
 0.00000e+00
 0.00000e+00
 0.00000e+00
 0.00000e+00
 0.00000e+00
 0.00000e+00
 0.00000e+00
 0.00000e+00
 0.00000e+00
 0.00000e+00
 0.00000e+00
 0.00000e+00
 0.00000e+00
 0.00000e+00
 0.00000e+00
 0.00000e+00
 0.00000e+00
 0.00000e+00
 0.00000e+00
 0.00000e+00
 0.00000e+00
 0.00000e+00
 0.00000e+00
 0.00000e+00
 0.00000e+00
 0.00000e+00
 0.00000e+00
 0.00000e+00
 0.00000e+00
 0.00000e+00
 0.00000e+00
 0.00000e+00
 0.00000e+00
 0.00000e+00
 0.00000e+00
 0.00000e+00
 0.00000e+00
 0.00000e+00
 0.00000e+00
 0.00000e+00
 0.00000e+00
 0.00000e+00
 0.00000e+00
 0.00000e+00
 0.00000e+00
 0.00000e+00
 0.00000e+00
 0.00000e+00
 0.00000e+00
 0.00000e+00
 0.00000e+00
 0.00000e+00
 0.00000e+00
 0.00000e+00
 0.00000e+00
 0.00000e+00
 0.00000e+00
 0.00000e+00
 0.00000e+00
 0.00000e+00
 0.00000e+00
 0.00000e+00
 0.00000e+00
 0.00000e+00
 0.00000e+00
 0.00000e+00
 0.00000e+00
 0.00000e+00
 0.00000e+00
 0.00000e+00
 0.00000e+00
 0.00000e+00
 0.00000e+00
 0.00000e+00
 0.00000e+00
 0.00000e+00
 0.00000e+00
 0.00000e+00
 1.21064e-11
 4.19751e-10
 7.17690e-09
 8.06628e-08
 6.70211e-07
 4.38950e-06
 2.35949e-05
 1.07010e-04
 4.17757e-04
 1.42504e-03
 4.29667e-03
 1.15535e-02
 2.78965e-02
 6.07978e-02
 1.20033e-01
 2.12635e-01
 2.81567e-01
 2.98552e-01
 2.94518e-01
 2.69915e-01
 2.13080e-01
 1.25462e-01
 5.72938e-02
 2.44121e-02
 9.75752e-03
 3.66947e-03
 1.30243e-03
 4.37555e-04
 1.39495e-04
 4.22998e-05
 1.22262e-05
 3.37488e-06
 8.91252e-07
 2.25542e-07
 5.47753e-08
 1.27843e-08
 2.87116e-09
 6.21220e-10
 1.29635e-10
 2.61183e-11
 5.08393e-12
 9.65834e-13
 1.50163e-13
 0.00000e+00
 0.00000e+00
 0.00000e+00
 0.00000e+00
 0.00000e+00
 1.44500e-11
 5.09537e-10
 8.86158e-09
 1.01307e-07
 8.56074e-07
 5.70054e-06
 3.11387e-05
 1.43409e-04
 5.67984e-04
 1.96349e-03
 5.99302e-03
 1.62991e-02
 3.97966e-02
 8.77940e-02
 1.75990e-01
 3.22274e-01
 5.41916e-01
 7.62880e-01
 8.63790e-01
 8.87242e-01
 8.80775e-01
 8.42128e-01
 7.47405e-01
 5.80648e-01
 3.48549e-01
 1.69585e-01
 7.68643e-02
 3.25638e-02
 1.29363e-02
 4.83545e-03
 1.70600e-03
 5.69741e-04
 1.80577e-04
 5.44444e-05
 1.56488e-05
 4.29629e-06
 1.12866e-06
 2.84185e-07
 6.86848e-08
 1.59567e-08
 3.56785e-09
 7.68729e-10
 1.59719e-10
 3.23693e-11
 5.32213e-12
 0.00000e+00
 0.00000e+00
 0.00000e+00
 0.00000e+00
 2.11054e-11
 7.42675e-10
 1.28849e-08
 1.46846e-07
 1.23584e-06
 8.18564e-06
 4.44096e-05
 2.02798e-04
 7.94942e-04
 2.71433e-03
 8.16470e-03
 2.18264e-02
 5.22146e-02
 1.12395e-01
 2.18653e-01
 3.85869e-01
 6.17167e-01
 8.14223e-01
 9.18174e-01
 9.61300e-01
 9.70909e-01
 9.67779e-01
 9.49191e-01
 9.00440e-01
 8.05096e-01
 6.48231e-01
 4.23625e-01
 2.15221e-01
 1.00244e-01
 4.33924e-02
 1.75474e-02
 6.65725e-03
 2.37846e-03
 8.02895e-04
 2.56838e-04
 7.80612e-05
 2.25944e-05
 6.24131e-06
 1.64849e-06
 4.17050e-07
 1.01221e-07
 2.36030e-08
 5.29500e-09
 1.14370e-09
 2.40807e-10
 4.09065e-11
 0.00000e+00
 0.00000e+00
 0.00000e+00
 1.44500e-11
 5.27128e-10
 9.45747e-09
 1.11198e-07
 9.63235e-07
 6.55238e-06
 3.64328e-05
 1.70173e-04
 6.81036e-04
 2.37004e-03
 7.25436e-03
 1.97056e-02
 4.78425e-02
 1.04410e-01
 2.05753e-01
 3.67434e-01
 5.94604e-01
 7.96126e-01
 9.07249e-01
 9.61861e-01
 9.83929e-01
 9.88943e-01
 9.87480e-01
 9.78006e-01
 9.51339e-01
 8.94574e-01
 7.91747e-01
 6.27803e-01
 3.98479e-01
 1.99767e-01
 9.22031e-02
 3.95748e-02
 1.58725e-02
 5.97431e-03
 2.11832e-03
 7.09905e-04
 2.25519e-04
 6.80883e-05
 1.95829e-05
 5.37658e-06
 1.41184e-06
 3.55189e-07
 8.57463e-08
 1.98924e-08
 4.43852e-09
 9.65081e-10
 1.68525e-10
 0.00000e+00
 0.00000e+00
 0.00000e+00
 4.12920e-11
 1.43645e-09
 2.45662e-08
 2.75227e-07
 2.27105e-06
 1.47122e-05
 7.78829e-05
 3.46261e-04
 1.31864e-03
 4.36546e-03
 1.27071e-02
 3.28123e-02
 7.56961e-02
 1.56898e-01
 2.93532e-01
 4.97520e-01
 7.30299e-01
 8.71751e-01
 9.44140e-01
 9.78034e-01
 9.91479e-01
 9.94632e-01
 9.93871e-01
 9.88349e-01
 9.71775e-01
 9.33996e-01
 8.60440e-01
 7.34220e-01
 5.42097e-01
 3.04356e-01
 1.46230e-01
 6.51976e-02
 2.70681e-02
 1.05157e-02
 3.83890e-03
 1.32174e-03
 4.30569e-04
 1.33082e-04
 3.91263e-05
 1.09665e-05
 2.93626e-06
 7.52404e-07
 1.84825e-07
 4.35915e-08
 9.87986e-09
 2.18114e-09
 3.85781e-10
 0.00000e+00
 0.00000e+00
 1.21064e-11
 4.67152e-10
 8.76628e-09
 1.06837e-07
 9.52263e-07
 6.62522e-06
 3.74870e-05
 1.77428e-04
 7.16921e-04
 2.51120e-03
 7.71586e-03
 2.09902e-02
 5.09316e-02
 1.10887e-01
 2.17663e-01
 3.86747e-01
 6.19860e-01
 8.11542e-01
 9.13701e-01
 9.63556e-01
 9.86058e-01
 9.94853e-01
 9.96969e-01
 9.96545e-01
 9.93106e-01
 9.82246e-01
 9.56133e-01
 9.02349e-01
 8.04565e-01
 6.46638e-01
 4.21189e-01
 2.13000e-01
 9.86541e-02
 4.24347e-02
 1.70439e-02
 6.42059e-03
 2.27733e-03
 7.63136e-04
 2.42327e-04
 7.31107e-05
 2.10072e-05
 5.76091e-06
 1.51073e-06
 3.79501e-07
 9.14699e-08
 2.11722e-08
 4.77305e-09
 8.59503e-10
 0.00000e+00
 0.00000e+00
 2.53991e-11
 9.13834e-10
 1.61317e-08
 1.86230e-07
 1.58105e-06
 1.05239e-05
 5.71768e-05
 2.60624e-04
 1.01669e-03
 3.44510e-03
 1.02575e-02
 2.70779e-02
 6.38299e-02
 1.35131e-01
 2.58126e-01
 4.46606e-01
 6.84752e-01
 8.47911e-01
 9.31834e-01
 9.71738e-01
 9.89365e-01
 9.96201e-01
 9.97885e-01
 9.97603e-01
 9.95061e-01
 9.86719e-01
 9.65922e-01
 9.21510e-01
 8.37855e-01
 6.97958e-01
 4.90385e-01
 2.59740e-01
 1.22909e-01
 5.38722e-02
 2.20097e-02
 8.42290e-03
 3.03161e-03
 1.02987e-03
 3.31241e-04
 1.01146e-04
 2.93941e-05
 8.14775e-06
 2.15845e-06
 5.47462e-07
 1.33168e-07
 3.10935e-08
 7.06950e-09
 1.28215e-09
 0.00000e+00
 0.00000e+00
 3.27537e-11
 1.15564e-09
 2.00340e-08
 2.27410e-07
 1.90042e-06
 1.24634e-05
 6.67718e-05
 3.00342e-04
 1.15688e-03
 3.87300e-03
 1.13982e-02
 2.97533e-02
 6.93783e-02
 1.45334e-01
 2.74767e-01
 4.70630e-01
 7.07409e-01
 8.59896e-01
 9.37689e-01
 9.74345e-01
 9.90403e-01
 9.96600e-01
 9.98127e-01
 9.97877e-01
 9.95581e-01
 9.87982e-01
 9.68849e-01
 9.27550e-01
 8.48870e-01
 7.15728e-01
 5.15695e-01
 2.80513e-01
 1.33703e-01
 5.90928e-02
 2.43301e-02
 9.37859e-03
 3.39870e-03
 1.16205e-03
 3.76048e-04
 1.15498e-04
 3.37516e-05
 9.40528e-06
 2.50424e-06
 6.38255e-07
 1.55977e-07
 3.65822e-08
 8.35404e-09
 1.52076e-09
 0.00000e+00
 0.00000e+00
 3.27537e-11
 1.15564e-09
 2.00340e-08
 2.27410e-07
 1.90042e-06
 1.24634e-05
 6.67718e-05
 3.00342e-04
 1.15688e-03
 3.87300e-03
 1.13982e-02
 2.97533e-02
 6.93783e-02
 1.45334e-01
 2.74767e-01
 4.70630e-01
 7.07409e-01
 8.59896e-01
 9.37689e-01
 9.74345e-01
 9.90403e-01
 9.96600e-01
 9.98127e-01
 9.97877e-01
 9.95581e-01
 9.87982e-01
 9.68849e-01
 9.27550e-01
 8.48870e-01
 7.15728e-01
 5.15695e-01
 2.80513e-01
 1.33703e-01
 5.90928e-02
 2.43301e-02
 9.37859e-03
 3.39870e-03
 1.16205e-03
 3.76048e-04
 1.15498e-04
 3.37516e-05
 9.40528e-06
 2.50424e-06
 6.38255e-07
 1.55977e-07
 3.65822e-08
 8.35404e-09
 1.52076e-09
 0.00000e+00
 0.00000e+00
 2.53991e-11
 9.13834e-10
 1.61317e-08
 1.86230e-07
 1.58105e-06
 1.05239e-05
 5.71768e-05
 2.60624e-04
 1.01669e-03
 3.44510e-03
 1.02575e-02
 2.70779e-02
 6.38299e-02
 1.35131e-01
 2.58126e-01
 4.46606e-01
 6.84752e-01
 8.47911e-01
 9.31834e-01
 9.71738e-01
 9.89365e-01
 9.96201e-01
 9.97885e-01
 9.97603e-01
 9.95061e-01
 9.86719e-01
 9.65922e-01
 9.21510e-01
 8.37855e-01
 6.97958e-01
 4.90385e-01
 2.59740e-01
 1.22909e-01
 5.38722e-02
 2.20097e-02
 8.42290e-03
 3.03161e-03
 1.02987e-03
 3.31241e-04
 1.01146e-04
 2.93941e-05
 8.14775e-06
 2.15845e-06
 5.47462e-07
 1.33168e-07
 3.10935e-08
 7.06950e-09
 1.28215e-09
 0.00000e+00
 0.00000e+00
 1.21064e-11
 4.67152e-10
 8.76628e-09
 1.06837e-07
 9.52263e-07
 6.62522e-06
 3.74870e-05
 1.77428e-04
 7.16921e-04
 2.51120e-03
 7.71586e-03
 2.09902e-02
 5.09316e-02
 1.10887e-01
 2.17663e-01
 3.86747e-01
 6.19860e-01
 8.11542e-01
 9.13701e-01
 9.63556e-01
 9.86058e-01
 9.94853e-01
 9.96969e-01
 9.96545e-01
 9.93106e-01
 9.82246e-01
 9.56133e-01
 9.02349e-01
 8.04565e-01
 6.46638e-01
 4.21189e-01
 2.13000e-01
 9.86541e-02
 4.24347e-02
 1.70439e-02
 6.42059e-03
 2.27733e-03
 7.63136e-04
 2.42327e-04
 7.31107e-05
 2.10072e-05
 5.76091e-06
 1.51073e-06
 3.79501e-07
 9.14699e-08
 2.11722e-08
 4.77305e-09
 8.59503e-10
 0.00000e+00
 0.00000e+00
 0.00000e+00
 4.12920e-11
 1.43645e-09
 2.45662e-08
 2.75227e-07
 2.27105e-06
 1.47122e-05
 7.78829e-05
 3.46261e-04
 1.31864e-03
 4.36546e-03
 1.27071e-02
 3.28123e-02
 7.56961e-02
 1.56898e-01
 2.93532e-01
 4.97520e-01
 7.30299e-01
 8.71751e-01
 9.44140e-01
 9.78034e-01
 9.91479e-01
 9.94632e-01
 9.93871e-01
 9.88349e-01
 9.71775e-01
 9.33996e-01
 8.60440e-01
 7.34220e-01
 5.42097e-01
 3.04356e-01
 1.46230e-01
 6.51976e-02
 2.70681e-02
 1.05157e-02
 3.83890e-03
 1.32174e-03
 4.30569e-04
 1.33082e-04
 3.91263e-05
 1.09665e-05
 2.93626e-06
 7.52404e-07
 1.84825e-07
 4.35915e-08
 9.87986e-09
 2.18114e-09
 3.85781e-10
 0.00000e+00
 0.00000e+00
 0.00000e+00
 1.44500e-11
 5.27128e-10
 9.45747e-09
 1.11198e-07
 9.63235e-07
 6.55238e-06
 3.64328e-05
 1.70173e-04
 6.81036e-04
 2.37004e-03
 7.25436e-03
 1.97056e-02
 4.78425e-02
 1.04410e-01
 2.05753e-01
 3.67434e-01
 5.94604e-01
 7.96126e-01
 9.07249e-01
 9.61861e-01
 9.83929e-01
 9.88943e-01
 9.87480e-01
 9.78006e-01
 9.51339e-01
 8.94574e-01
 7.91747e-01
 6.27803e-01
 3.98479e-01
 1.99767e-01
 9.22031e-02
 3.95748e-02
 1.58725e-02
 5.97431e-03
 2.11832e-03
 7.09905e-04
 2.25519e-04
 6.80883e-05
 1.95829e-05
 5.37658e-06
 1.41184e-06
 3.55189e-07
 8.57463e-08
 1.98924e-08
 4.43852e-09
 9.65081e-10
 1.68525e-10
 0.00000e+00
 0.00000e+00
 0.00000e+00
 0.00000e+00
 2.11054e-11
 7.42675e-10
 1.28849e-08
 1.46846e-07
 1.23584e-06
 8.18564e-06
 4.44096e-05
 2.02798e-04
 7.94942e-04
 2.71433e-03
 8.16470e-03
 2.18264e-02
 5.22146e-02
 1.12395e-01
 2.18653e-01
 3.85869e-01
 6.17167e-01
 8.14223e-01
 9.18174e-01
 9.61300e-01
 9.70909e-01
 9.67779e-01
 9.49191e-01
 9.00440e-01
 8.05096e-01
 6.48231e-01
 4.23625e-01
 2.15221e-01
 1.00244e-01
 4.33924e-02
 1.75474e-02
 6.65725e-03
 2.37846e-03
 8.02895e-04
 2.56838e-04
 7.80612e-05
 2.25944e-05
 6.24131e-06
 1.64849e-06
 4.17050e-07
 1.01221e-07
 2.36030e-08
 5.29500e-09
 1.14370e-09
 2.40807e-10
 4.09065e-11
 0.00000e+00
 0.00000e+00
 0.00000e+00
 0.00000e+00
 0.00000e+00
 1.44500e-11
 5.09537e-10
 8.86158e-09
 1.01307e-07
 8.56074e-07
 5.70054e-06
 3.11387e-05
 1.43409e-04
 5.67984e-04
 1.96349e-03
 5.99302e-03
 1.62991e-02
 3.97966e-02
 8.77940e-02
 1.75990e-01
 3.22274e-01
 5.41916e-01
 7.62880e-01
 8.63790e-01
 8.87242e-01
 8.80775e-01
 8.42128e-01
 7.47405e-01
 5.80648e-01
 3.48549e-01
 1.69585e-01
 7.68643e-02
 3.25638e-02
 1.29363e-02
 4.83545e-03
 1.70600e-03
 5.69741e-04
 1.80577e-04
 5.44444e-05
 1.56488e-05
 4.29629e-06
 1.12866e-06
 2.84185e-07
 6.86848e-08
 1.59567e-08
 3.56785e-09
 7.68729e-10
 1.59719e-10
 3.23693e-11
 5.32213e-12
 0.00000e+00
 0.00000e+00
 0.00000e+00
 0.00000e+00
 0.00000e+00
 0.00000e+00
 0.00000e+00
 1.21064e-11
 4.19751e-10
 7.17690e-09
 8.06628e-08
 6.70211e-07
 4.38950e-06
 2.35949e-05
 1.07010e-04
 4.17757e-04
 1.42504e-03
 4.29667e-03
 1.15535e-02
 2.78965e-02
 6.07978e-02
 1.20033e-01
 2.12635e-01
 2.81567e-01
 2.98552e-01
 2.94518e-01
 2.69915e-01
 2.13080e-01
 1.25462e-01
 5.72938e-02
 2.44121e-02
 9.75752e-03
 3.66947e-03
 1.30243e-03
 4.37555e-04
 1.39495e-04
 4.22998e-05
 1.22262e-05
 3.37488e-06
 8.91252e-07
 2.25542e-07
 5.47753e-08
 1.27843e-08
 2.87116e-09
 6.21220e-10
 1.29635e-10
 2.61183e-11
 5.08393e-12
 9.65834e-13
 1.50163e-13
 0.00000e+00
 0.00000e+00
 0.00000e+00
 0.00000e+00
 0.00000e+00
 0.00000e+00
 0.00000e+00
 0.00000e+00
 0.00000e+00
 0.00000e+00
 0.00000e+00
 0.00000e+00
 0.00000e+00
 0.00000e+00
 0.00000e+00
 0.00000e+00
 0.00000e+00
 0.00000e+00
 0.00000e+00
 0.00000e+00
 0.00000e+00
 0.00000e+00
 0.00000e+00
 0.00000e+00
 0.00000e+00
 0.00000e+00
 0.00000e+00
 0.00000e+00
 0.00000e+00
 0.00000e+00
 0.00000e+00
 0.00000e+00
 0.00000e+00
 0.00000e+00
 0.00000e+00
 0.00000e+00
 0.00000e+00
 0.00000e+00
 0.00000e+00
 0.00000e+00
 0.00000e+00
 0.00000e+00
 0.00000e+00
 0.00000e+00
 0.00000e+00
 0.00000e+00
 0.00000e+00
 0.00000e+00
 0.00000e+00
 0.00000e+00
 0.00000e+00
 0.00000e+00
 0.00000e+00
 0.00000e+00
 0.00000e+00
 0.00000e+00
 0.00000e+00
 0.00000e+00
 0.00000e+00
 0.00000e+00
 0.00000e+00
 0.00000e+00
 0.00000e+00
 0.00000e+00
 0.00000e+00
 0.00000e+00
 0.00000e+00
 0.00000e+00
 0.00000e+00
 0.00000e+00
 0.00000e+00
 0.00000e+00
 0.00000e+00
 0.00000e+00
 0.00000e+00
 0.00000e+00
 0.00000e+00
 0.00000e+00
 0.00000e+00
 0.00000e+00
 0.00000e+00
 0.00000e+00
 0.00000e+00
 0.00000e+00
 0.00000e+00
 0.00000e+00
 0.00000e+00
 0.00000e+00
 0.00000e+00
 0.00000e+00
 0.00000e+00
 0.00000e+00
 0.00000e+00
 0.00000e+00
 0.00000e+00
 0.00000e+00
 0.00000e+00
 0.00000e+00
 0.00000e+00
 0.00000e+00
 0.00000e+00
 0.00000e+00
 0.00000e+00
 0.00000e+00
 0.00000e+00
 0.00000e+00
 0.00000e+00
 0.00000e+00
 0.00000e+00
 0.00000e+00
 0.00000e+00
 0.00000e+00
 0.00000e+00
 0.00000e+00
 0.00000e+00
 0.00000e+00
 0.00000e+00
 0.00000e+00
 0.00000e+00
 0.00000e+00
 0.00000e+00
 0.00000e+00
 0.00000e+00
 0.00000e+00
 0.00000e+00
 0.00000e+00
 0.00000e+00
 0.00000e+00
 0.00000e+00
 0.00000e+00
 0.00000e+00
 0.00000e+00
 0.00000e+00
 0.00000e+00
 0.00000e+00
 0.00000e+00
 0.00000e+00
 0.00000e+00
 0.00000e+00
 0.00000e+00
 0.00000e+00
 0.00000e+00
 0.00000e+00
 0.00000e+00
 0.00000e+00
 0.00000e+00
 0.00000e+00
 0.00000e+00
 0.00000e+00
 0.00000e+00
 0.00000e+00
 0.00000e+00
 0.00000e+00
 0.00000e+00
 0.00000e+00
 0.00000e+00
 0.00000e+00
 0.00000e+00
 0.00000e+00
 0.00000e+00
 0.00000e+00
 0.00000e+00
 0.00000e+00
 0.00000e+00
 0.00000e+00
 0.00000e+00
 0.00000e+00
 0.00000e+00
 0.00000e+00
 0.00000e+00
 0.00000e+00
 0.00000e+00
 0.00000e+00
 0.00000e+00
 0.00000e+00
 0.00000e+00
 0.00000e+00
 0.00000e+00
 0.00000e+00
 0.00000e+00
 0.00000e+00
 0.00000e+00
 0.00000e+00
 0.00000e+00
 0.00000e+00
 0.00000e+00
 0.00000e+00
 0.00000e+00
 0.00000e+00
 0.00000e+00
 0.00000e+00
 0.00000e+00
 0.00000e+00
 0.00000e+00
 0.00000e+00
 0.00000e+00
 0.00000e+00
 0.00000e+00
 0.00000e+00
 0.00000e+00
 0.00000e+00
 0.00000e+00
 0.00000e+00
 0.00000e+00
 0.00000e+00
 0.00000e+00
 0.00000e+00
 0.00000e+00
 0.00000e+00
 0.00000e+00
 0.00000e+00
 0.00000e+00
 0.00000e+00
 0.00000e+00
 0.00000e+00
 0.00000e+00
 0.00000e+00
 0.00000e+00
 0.00000e+00
 0.00000e+00
 0.00000e+00
 0.00000e+00
 0.00000e+00
 0.00000e+00
 0.00000e+00
 0.00000e+00
 0.00000e+00
 0.00000e+00
 0.00000e+00
 0.00000e+00
 0.00000e+00
 0.00000e+00
 0.00000e+00
 0.00000e+00
 0.00000e+00
 0.00000e+00
 0.00000e+00
 0.00000e+00
 0.00000e+00
 0.00000e+00
 0.00000e+00
 0.00000e+00
 0.00000e+00
 0.00000e+00
 0.00000e+00
 0.00000e+00
 0.00000e+00
 0.00000e+00
 0.00000e+00
 0.00000e+00
 0.00000e+00
 0.00000e+00
 0.00000e+00
 0.00000e+00
 0.00000e+00
 0.00000e+00
 0.00000e+00
 0.00000e+00
 0.00000e+00
 0.00000e+00
 0.00000e+00
 0.00000e+00
 0.00000e+00
 0.00000e+00
 0.00000e+00
 0.00000e+00
 0.00000e+00
 0.00000e+00
 0.00000e+00
 0.00000e+00
 0.00000e+00
 0.00000e+00
 0.00000e+00
 0.00000e+00
 0.00000e+00
 0.00000e+00
 0.00000e+00
 0.00000e+00
 0.00000e+00
 0.00000e+00
 0.00000e+00
 0.00000e+00
 0.00000e+00
 0.00000e+00
 0.00000e+00
 0.00000e+00
 0.00000e+00
 0.00000e+00
 0.00000e+00
 0.00000e+00
 0.00000e+00
 0.00000e+00
 0.00000e+00
 0.00000e+00
 0.00000e+00
 0.00000e+00
 0.00000e+00
 0.00000e+00
 0.00000e+00
 0.00000e+00
 0.00000e+00
 0.00000e+00
 0.00000e+00
 0.00000e+00
 0.00000e+00
 0.00000e+00
 0.00000e+00
 0.00000e+00
 0.00000e+00
 0.00000e+00
 0.00000e+00
 0.00000e+00
 0.00000e+00
 0.00000e+00
 0.00000e+00
 0.00000e+00
 0.00000e+00
 0.00000e+00
 0.00000e+00
 0.00000e+00
 0.00000e+00
 0.00000e+00
 0.00000e+00
 0.00000e+00
 0.00000e+00
 0.00000e+00
 0.00000e+00
 0.00000e+00
 0.00000e+00
 0.00000e+00
 0.00000e+00
 0.00000e+00
 0.00000e+00
 0.00000e+00
 0.00000e+00
 0.00000e+00
 0.00000e+00
 0.00000e+00
 0.00000e+00
 0.00000e+00
 0.00000e+00
 0.00000e+00
 0.00000e+00
 0.00000e+00
 0.00000e+00
 0.00000e+00
 0.00000e+00
 0.00000e+00
 0.00000e+00
 0.00000e+00
 0.00000e+00
 0.00000e+00
 0.00000e+00
 0.00000e+00
 0.00000e+00
 0.00000e+00
 0.00000e+00
 0.00000e+00
 0.00000e+00
 0.00000e+00
 0.00000e+00
 0.00000e+00
 0.00000e+00
 0.00000e+00
 0.00000e+00
 0.00000e+00
 0.00000e+00
 0.00000e+00
 0.00000e+00
 0.00000e+00
 0.00000e+00
 0.00000e+00
 0.00000e+00
 0.00000e+00
 0.00000e+00
 0.00000e+00
 0.00000e+00
 0.00000e+00
 0.00000e+00
 0.00000e+00
 0.00000e+00
 0.00000e+00
 0.00000e+00
 0.00000e+00
 0.00000e+00
 0.00000e+00
 0.00000e+00
 0.00000e+00
 0.00000e+00
 0.00000e+00
 0.00000e+00
 0.00000e+00
 0.00000e+00
 0.00000e+00
 0.00000e+00
 0.00000e+00
 0.00000e+00
 0.00000e+00
 0.00000e+00
 0.00000e+00
 0.00000e+00
 0.00000e+00
 0.00000e+00
 0.00000e+00
 0.00000e+00
 0.00000e+00
 0.00000e+00
 0.00000e+00
 0.00000e+00
 0.00000e+00
 0.00000e+00
 0.00000e+00
 0.00000e+00
 0.00000e+00
 0.00000e+00
 0.00000e+00
 0.00000e+00
 0.00000e+00
 0.00000e+00
 0.00000e+00
 0.00000e+00
 0.00000e+00
 0.00000e+00
 0.00000e+00
 0.00000e+00
 0.00000e+00
 0.00000e+00
 0.00000e+00
 0.00000e+00
 0.00000e+00
 0.00000e+00
 0.00000e+00
 0.00000e+00
 0.00000e+00
 0.00000e+00
 0.00000e+00
 0.00000e+00
 0.00000e+00
 0.00000e+00
 0.00000e+00
 0.00000e+00
 0.00000e+00
 0.00000e+00
 0.00000e+00
 0.00000e+00
 0.00000e+00
 0.00000e+00
 0.00000e+00
 0.00000e+00
 0.00000e+00
 0.00000e+00
 0.00000e+00
 0.00000e+00
 0.00000e+00
 0.00000e+00
 0.00000e+00
 0.00000e+00
 0.00000e+00
 0.00000e+00
 0.00000e+00
 0.00000e+00
 0.00000e+00
 0.00000e+00
 0.00000e+00
 0.00000e+00
 0.00000e+00
 0.00000e+00
 0.00000e+00
 0.00000e+00
 0.00000e+00
 0.00000e+00
 0.00000e+00
 0.00000e+00
 0.00000e+00
 0.00000e+00
 0.00000e+00
 0.00000e+00
 0.00000e+00
 0.00000e+00
 0.00000e+00
 0.00000e+00
 0.00000e+00
 0.00000e+00
 0.00000e+00
 0.00000e+00
 0.00000e+00
 0.00000e+00
 0.00000e+00
 0.00000e+00
 0.00000e+00
 0.00000e+00
 0.00000e+00
 0.00000e+00
 0.00000e+00
 0.00000e+00
 0.00000e+00
 0.00000e+00
 0.00000e+00
 0.00000e+00
 0.00000e+00
 0.00000e+00
 0.00000e+00
 0.00000e+00
 0.00000e+00
 0.00000e+00
 0.00000e+00
 0.00000e+00
 0.00000e+00
 0.00000e+00
 0.00000e+00
 0.00000e+00
 0.00000e+00
 0.00000e+00
 0.00000e+00
 0.00000e+00
 0.00000e+00
 0.00000e+00
 0.00000e+00
 0.00000e+00
 0.00000e+00
 0.00000e+00
 0.00000e+00
 0.00000e+00
 0.00000e+00
 0.00000e+00
 0.00000e+00
 0.00000e+00
 0.00000e+00
 0.00000e+00
 0.00000e+00
 0.00000e+00
 0.00000e+00
 0.00000e+00
 0.00000e+00
 0.00000e+00
 0.00000e+00
 0.00000e+00
 0.00000e+00
 0.00000e+00
 0.00000e+00
 0.00000e+00
 0.00000e+00
 0.00000e+00
 0.00000e+00
 0.00000e+00
 0.00000e+00
 0.00000e+00
 0.00000e+00
 0.00000e+00
 0.00000e+00
 0.00000e+00
 0.00000e+00
 0.00000e+00
 0.00000e+00
 0.00000e+00
 0.00000e+00
 0.00000e+00
 0.00000e+00
 0.00000e+00
 0.00000e+00
 0.00000e+00
 0.00000e+00
 0.00000e+00
 0.00000e+00
 0.00000e+00
 0.00000e+00
 0.00000e+00
 0.00000e+00
 0.00000e+00
 0.00000e+00
 0.00000e+00
 0.00000e+00
 0.00000e+00
 0.00000e+00
 0.00000e+00
 0.00000e+00
 0.00000e+00
 0.00000e+00
 0.00000e+00
 0.00000e+00
 0.00000e+00
 0.00000e+00
 0.00000e+00
 0.00000e+00
 0.00000e+00
 0.00000e+00
 0.00000e+00
 0.00000e+00
 0.00000e+00
 0.00000e+00
 0.00000e+00
 0.00000e+00
 0.00000e+00
 0.00000e+00
 0.00000e+00
 0.00000e+00
 0.00000e+00
 0.00000e+00
 0.00000e+00
 0.00000e+00
 0.00000e+00
 0.00000e+00
 0.00000e+00
 0.00000e+00
 0.00000e+00
 0.00000e+00
 0.00000e+00
 0.00000e+00
 0.00000e+00
 0.00000e+00
 0.00000e+00
 0.00000e+00
 0.00000e+00
 0.00000e+00
 0.00000e+00
 0.00000e+00
 0.00000e+00
 0.00000e+00
 0.00000e+00
 0.00000e+00
 0.00000e+00
 0.00000e+00
 0.00000e+00
 0.00000e+00
 0.00000e+00
 0.00000e+00
 0.00000e+00
 0.00000e+00
 0.00000e+00
 0.00000e+00
 0.00000e+00
 0.00000e+00
 0.00000e+00
 0.00000e+00
 0.00000e+00
 0.00000e+00
 0.00000e+00
 0.00000e+00
 0.00000e+00
 0.00000e+00
 0.00000e+00
 0.00000e+00
 0.00000e+00
 0.00000e+00
 0.00000e+00
 0.00000e+00
 0.00000e+00
 0.00000e+00
 0.00000e+00
 0.00000e+00
 0.00000e+00
 0.00000e+00
 0.00000e+00
 0.00000e+00
 0.00000e+00
 0.00000e+00
 0.00000e+00
 0.00000e+00
 0.00000e+00
 0.00000e+00
 0.00000e+00
 0.00000e+00
 0.00000e+00
 0.00000e+00
 0.00000e+00
 0.00000e+00
 0.00000e+00
 0.00000e+00
 0.00000e+00
 0.00000e+00
 0.00000e+00
 0.00000e+00
 0.00000e+00
 0.00000e+00
 0.00000e+00
 0.00000e+00
 0.00000e+00
 0.00000e+00
 0.00000e+00
 0.00000e+00
 0.00000e+00
 0.00000e+00
 0.00000e+00
 0.00000e+00
 0.00000e+00
 0.00000e+00
 0.00000e+00
 0.00000e+00
 0.00000e+00
 0.00000e+00
 0.00000e+00
 0.00000e+00
 0.00000e+00
 0.00000e+00
 0.00000e+00
 0.00000e+00
 0.00000e+00
 0.00000e+00
 0.00000e+00
 0.00000e+00
 0.00000e+00
 0.00000e+00
 0.00000e+00
 0.00000e+00
 0.00000e+00
 0.00000e+00
 0.00000e+00
 0.00000e+00
 0.00000e+00
 0.00000e+00
 0.00000e+00
 0.00000e+00
 0.00000e+00
 0.00000e+00
 0.00000e+00
 0.00000e+00
 0.00000e+00
 0.00000e+00
 0.00000e+00
 0.00000e+00
 0.00000e+00
 0.00000e+00
 0.00000e+00
 0.00000e+00
 0.00000e+00
 0.00000e+00
 0.00000e+00
 0.00000e+00
 0.00000e+00
 0.00000e+00
 0.00000e+00
 0.00000e+00
 0.00000e+00
 0.00000e+00
 0.00000e+00
 0.00000e+00
 0.00000e+00
 0.00000e+00
 0.00000e+00
 0.00000e+00
 0.00000e+00
 0.00000e+00
 0.00000e+00
 0.00000e+00
 0.00000e+00
 0.00000e+00
 0.00000e+00
 0.00000e+00
 0.00000e+00
 0.00000e+00
 0.00000e+00
 0.00000e+00
 0.00000e+00
 0.00000e+00
 0.00000e+00
 0.00000e+00
 0.00000e+00
 0.00000e+00
 0.00000e+00
 0.00000e+00
 0.00000e+00
 0.00000e+00
 0.00000e+00
 0.00000e+00
 0.00000e+00
 0.00000e+00
 0.00000e+00
 0.00000e+00
 0.00000e+00
 0.00000e+00
 0.00000e+00
 0.00000e+00
 0.00000e+00
 0.00000e+00
 0.00000e+00
 0.00000e+00
 0.00000e+00
 0.00000e+00
 0.00000e+00
 0.00000e+00
 0.00000e+00
 0.00000e+00
 0.00000e+00
 0.00000e+00
 0.00000e+00
 0.00000e+00
 0.00000e+00
 0.00000e+00
 0.00000e+00
 0.00000e+00
 0.00000e+00
 0.00000e+00
 0.00000e+00
 0.00000e+00
 0.00000e+00
 0.00000e+00
 0.00000e+00
 0.00000e+00
 0.00000e+00
 0.00000e+00
 0.00000e+00
 0.00000e+00
 0.00000e+00
 0.00000e+00
 0.00000e+00
 0.00000e+00
 0.00000e+00
 0.00000e+00
 0.00000e+00
 0.00000e+00
 0.00000e+00
 0.00000e+00
 0.00000e+00
 0.00000e+00
 0.00000e+00
 0.00000e+00
 0.00000e+00
 0.00000e+00
 0.00000e+00
 0.00000e+00
 0.00000e+00
 0.00000e+00
 0.00000e+00
 0.00000e+00
 0.00000e+00
 0.00000e+00
 0.00000e+00
 0.00000e+00
 0.00000e+00
 0.00000e+00
 0.00000e+00
 0.00000e+00
 0.00000e+00
 0.00000e+00
 0.00000e+00
 0.00000e+00
 0.00000e+00
 0.00000e+00
 0.00000e+00
 0.00000e+00
 0.00000e+00
 0.00000e+00
 0.00000e+00
 0.00000e+00
 0.00000e+00
 0.00000e+00
 0.00000e+00
 0.00000e+00
 0.00000e+00
 0.00000e+00
 0.00000e+00
 0.00000e+00
 0.00000e+00
 0.00000e+00
 0.00000e+00
 0.00000e+00
 0.00000e+00
 0.00000e+00
 0.00000e+00
 0.00000e+00
 0.00000e+00
 0.00000e+00
 0.00000e+00
 0.00000e+00
 0.00000e+00
 0.00000e+00
 0.00000e+00
 0.00000e+00
 0.00000e+00
 0.00000e+00
 0.00000e+00
 0.00000e+00
 0.00000e+00
 0.00000e+00
 0.00000e+00
 0.00000e+00
 0.00000e+00
 0.00000e+00
 0.00000e+00
 0.00000e+00
 0.00000e+00
 0.00000e+00
 0.00000e+00
 0.00000e+00
 0.00000e+00
 0.00000e+00
 0.00000e+00
 0.00000e+00
 0.00000e+00
 0.00000e+00
 0.00000e+00
 0.00000e+00
 0.00000e+00
 0.00000e+00
 0.00000e+00
 0.00000e+00
 0.00000e+00
 0.00000e+00
 0.00000e+00
 0.00000e+00
 0.00000e+00
 0.00000e+00
 0.00000e+00
 0.00000e+00
 0.00000e+00
 0.00000e+00
 0.00000e+00
 0.00000e+00
 0.00000e+00
 0.00000e+00
 0.00000e+00
 0.00000e+00
 0.00000e+00
 0.00000e+00
 0.00000e+00
 0.00000e+00
 0.00000e+00
 0.00000e+00
 0.00000e+00
 0.00000e+00
 0.00000e+00
 0.00000e+00
 0.00000e+00
 0.00000e+00
 0.00000e+00
 0.00000e+00
 0.00000e+00
 0.00000e+00
 0.00000e+00
 0.00000e+00
 0.00000e+00
 0.00000e+00
 0.00000e+00
 0.00000e+00
 0.00000e+00
 0.00000e+00
 0.00000e+00
 0.00000e+00
 0.00000e+00
 0.00000e+00
 0.00000e+00
 0.00000e+00
 0.00000e+00
 0.00000e+00
 0.00000e+00
 0.00000e+00
 0.00000e+00
 0.00000e+00
 0.00000e+00
 0.00000e+00
 0.00000e+00
 0.00000e+00
 0.00000e+00
 0.00000e+00
 0.00000e+00
 0.00000e+00
 0.00000e+00
 0.00000e+00
 0.00000e+00
 0.00000e+00
 0.00000e+00
 0.00000e+00
 0.00000e+00
 0.00000e+00
 0.00000e+00
 0.00000e+00
 0.00000e+00
 0.00000e+00
 0.00000e+00
 0.00000e+00
 0.00000e+00
 0.00000e+00
 0.00000e+00
 0.00000e+00
 0.00000e+00
 0.00000e+00
 0.00000e+00
 0.00000e+00
 0.00000e+00
 0.00000e+00
 0.00000e+00
 0.00000e+00
 0.00000e+00
 0.00000e+00
 0.00000e+00
 0.00000e+00
 0.00000e+00
 0.00000e+00
 0.00000e+00
 0.00000e+00
 0.00000e+00
 0.00000e+00
 0.00000e+00
 0.00000e+00
 0.00000e+00
 0.00000e+00
 0.00000e+00
 0.00000e+00
 0.00000e+00
 0.00000e+00
 0.00000e+00
 0.00000e+00
 0.00000e+00
 0.00000e+00
 0.00000e+00
 0.00000e+00
 0.00000e+00
 0.00000e+00
 0.00000e+00
 0.00000e+00
 0.00000e+00
 0.00000e+00
 0.00000e+00
 0.00000e+00
 0.00000e+00
 0.00000e+00
 0.00000e+00
 0.00000e+00
 0.00000e+00
 0.00000e+00
 0.00000e+00
 0.00000e+00
 0.00000e+00
 0.00000e+00
 0.00000e+00
 0.00000e+00
 0.00000e+00
 0.00000e+00
 0.00000e+00
 0.00000e+00
 0.00000e+00
 0.00000e+00
 0.00000e+00
 0.00000e+00
 0.00000e+00
 0.00000e+00
 0.00000e+00
 0.00000e+00
 0.00000e+00
 0.00000e+00
 0.00000e+00
 0.00000e+00
 0.00000e+00
 0.00000e+00
 0.00000e+00
 0.00000e+00
 0.00000e+00
 0.00000e+00
 0.00000e+00
 0.00000e+00
 0.00000e+00
 0.00000e+00
 0.00000e+00
 0.00000e+00
 0.00000e+00
 0.00000e+00
 0.00000e+00
 0.00000e+00
 0.00000e+00
 0.00000e+00
 0.00000e+00
 0.00000e+00
 0.00000e+00
 0.00000e+00
 0.00000e+00
 0.00000e+00
 0.00000e+00
 0.00000e+00
 0.00000e+00
 0.00000e+00
 0.00000e+00
 0.00000e+00
 0.00000e+00
 0.00000e+00
 0.00000e+00
 0.00000e+00
 0.00000e+00
 0.00000e+00
 0.00000e+00
 0.00000e+00
 0.00000e+00
 0.00000e+00
 0.00000e+00
 0.00000e+00
 0.00000e+00
 0.00000e+00
 0.00000e+00
 0.00000e+00
 0.00000e+00
 0.00000e+00
 0.00000e+00
 0.00000e+00
 0.00000e+00
 0.00000e+00
 0.00000e+00
 0.00000e+00
 0.00000e+00
 0.00000e+00
 0.00000e+00
 0.00000e+00
 0.00000e+00
 0.00000e+00
 0.00000e+00
 0.00000e+00
 0.00000e+00
 0.00000e+00
 0.00000e+00
 0.00000e+00
 0.00000e+00
 0.00000e+00
 0.00000e+00
 0.00000e+00
 0.00000e+00
 0.00000e+00
 0.00000e+00
 0.00000e+00
 0.00000e+00
 0.00000e+00
 0.00000e+00
 0.00000e+00
 0.00000e+00
 0.00000e+00
 0.00000e+00
 0.00000e+00
 0.00000e+00
 0.00000e+00
 0.00000e+00
 0.00000e+00
 0.00000e+00
 0.00000e+00
 0.00000e+00
 0.00000e+00
 0.00000e+00
 0.00000e+00
 0.00000e+00
 0.00000e+00
 0.00000e+00
 0.00000e+00
 0.00000e+00
 0.00000e+00
 0.00000e+00
 0.00000e+00
 0.00000e+00
 0.00000e+00
 0.00000e+00
 0.00000e+00
 0.00000e+00
 0.00000e+00
 0.00000e+00
 0.00000e+00
 0.00000e+00
 0.00000e+00
 0.00000e+00
 0.00000e+00
 0.00000e+00
 0.00000e+00
 0.00000e+00
 0.00000e+00
 0.00000e+00
 0.00000e+00
 0.00000e+00
 0.00000e+00
 0.00000e+00
 0.00000e+00
 0.00000e+00
 0.00000e+00
 0.00000e+00
 0.00000e+00
 0.00000e+00
 0.00000e+00
 0.00000e+00
 0.00000e+00
 0.00000e+00
 0.00000e+00
 0.00000e+00
 0.00000e+00
 0.00000e+00
 0.00000e+00
 0.00000e+00
 0.00000e+00
 0.00000e+00
 0.00000e+00
 0.00000e+00
 0.00000e+00
 0.00000e+00
 0.00000e+00
 0.00000e+00
 0.00000e+00
 0.00000e+00
 0.00000e+00
 0.00000e+00
 0.00000e+00
 0.00000e+00
 0.00000e+00
 0.00000e+00
 0.00000e+00
 0.00000e+00
 0.00000e+00
 0.00000e+00
 0.00000e+00
 0.00000e+00
 0.00000e+00
 0.00000e+00
 0.00000e+00
 0.00000e+00
 0.00000e+00
 0.00000e+00
 0.00000e+00
 0.00000e+00
 0.00000e+00
 0.00000e+00
 0.00000e+00
 0.00000e+00
 0.00000e+00
 0.00000e+00
 0.00000e+00
 0.00000e+00
 0.00000e+00
 0.00000e+00
 0.00000e+00
 0.00000e+00
 0.00000e+00
 0.00000e+00
 0.00000e+00
 0.00000e+00
 0.00000e+00
 0.00000e+00
 0.00000e+00
 0.00000e+00
 0.00000e+00
 0.00000e+00
 0.00000e+00
 0.00000e+00
 0.00000e+00
 0.00000e+00
 0.00000e+00
 0.00000e+00
 0.00000e+00
 0.00000e+00
 0.00000e+00
 0.00000e+00
 0.00000e+00
 0.00000e+00
 0.00000e+00
 0.00000e+00
 0.00000e+00
 0.00000e+00
 0.00000e+00
 0.00000e+00
 0.00000e+00
 0.00000e+00
 0.00000e+00
 0.00000e+00
 0.00000e+00
 0.00000e+00
 0.00000e+00
 0.00000e+00
 0.00000e+00
 0.00000e+00
 0.00000e+00
 0.00000e+00
 0.00000e+00
 0.00000e+00
 0.00000e+00
 0.00000e+00
 0.00000e+00
 0.00000e+00
 0.00000e+00
 0.00000e+00
 0.00000e+00
 0.00000e+00
 0.00000e+00
 0.00000e+00
 0.00000e+00
 0.00000e+00
 0.00000e+00
 0.00000e+00
 0.00000e+00
 0.00000e+00
 0.00000e+00
 0.00000e+00
 0.00000e+00
 0.00000e+00
 0.00000e+00
 0.00000e+00
 0.00000e+00
 0.00000e+00
 0.00000e+00
 0.00000e+00
 0.00000e+00
 0.00000e+00
 0.00000e+00
 0.00000e+00
 0.00000e+00
 0.00000e+00
 0.00000e+00
 0.00000e+00
 0.00000e+00
 0.00000e+00
 0.00000e+00
 0.00000e+00
 0.00000e+00
 0.00000e+00
 0.00000e+00
 0.00000e+00
 0.00000e+00
 0.00000e+00
 0.00000e+00
 0.00000e+00
 0.00000e+00
 0.00000e+00
 0.00000e+00
 0.00000e+00
 0.00000e+00
 0.00000e+00
 0.00000e+00
 0.00000e+00
 0.00000e+00
 0.00000e+00
 0.00000e+00
 0.00000e+00
 0.00000e+00
 0.00000e+00
 0.00000e+00
 0.00000e+00
 0.00000e+00
 0.00000e+00
 0.00000e+00
 0.00000e+00
 0.00000e+00
 0.00000e+00
 0.00000e+00
 0.00000e+00
 0.00000e+00
 0.00000e+00
 0.00000e+00
 0.00000e+00
 0.00000e+00
 0.00000e+00
 0.00000e+00
 0.00000e+00
 0.00000e+00
 0.00000e+00
 0.00000e+00
 0.00000e+00
 0.00000e+00
 0.00000e+00
 0.00000e+00
 0.00000e+00
 0.00000e+00
 0.00000e+00
 0.00000e+00
 0.00000e+00
 0.00000e+00
 0.00000e+00
 0.00000e+00
 0.00000e+00
 0.00000e+00
 0.00000e+00
 0.00000e+00
 0.00000e+00
 0.00000e+00
 0.00000e+00
 0.00000e+00
 0.00000e+00
 0.00000e+00
 0.00000e+00
 0.00000e+00
 0.00000e+00
 0.00000e+00
 0.00000e+00
 0.00000e+00
 0.00000e+00
 0.00000e+00
 0.00000e+00
 0.00000e+00
 0.00000e+00
 0.00000e+00
 0.00000e+00
 0.00000e+00
 0.00000e+00
 0.00000e+00
 0.00000e+00
 0.00000e+00
 0.00000e+00
 0.00000e+00
 0.00000e+00
 0.00000e+00
 0.00000e+00
 0.00000e+00
 0.00000e+00
 0.00000e+00
 0.00000e+00
 0.00000e+00
 0.00000e+00
 0.00000e+00
 0.00000e+00
 0.00000e+00
 0.00000e+00
 0.00000e+00
 0.00000e+00
 0.00000e+00
 0.00000e+00
 0.00000e+00
 0.00000e+00
 0.00000e+00
 0.00000e+00
 0.00000e+00
 0.00000e+00
 0.00000e+00
 0.00000e+00
 0.00000e+00
 0.00000e+00
 0.00000e+00
 0.00000e+00
 0.00000e+00
 0.00000e+00
 0.00000e+00
 0.00000e+00
 0.00000e+00
 0.00000e+00
 0.00000e+00
 0.00000e+00
 0.00000e+00
 0.00000e+00
 0.00000e+00
 0.00000e+00
 0.00000e+00
 0.00000e+00
 0.00000e+00
 0.00000e+00
 0.00000e+00
 0.00000e+00
 0.00000e+00
 0.00000e+00
 0.00000e+00
 0.00000e+00
 0.00000e+00
 0.00000e+00
 0.00000e+00
 0.00000e+00
 0.00000e+00
 0.00000e+00
 0.00000e+00
 0.00000e+00
 0.00000e+00
 0.00000e+00
 0.00000e+00
 0.00000e+00
 0.00000e+00
 0.00000e+00
 0.00000e+00
 0.00000e+00
 0.00000e+00
 0.00000e+00
 0.00000e+00
 0.00000e+00
 0.00000e+00
 0.00000e+00
 0.00000e+00
 0.00000e+00
 0.00000e+00
 0.00000e+00
 0.00000e+00
 0.00000e+00
 0.00000e+00
 0.00000e+00
 0.00000e+00
 0.00000e+00
 0.00000e+00
 0.00000e+00
 0.00000e+00
 0.00000e+00
 0.00000e+00
 0.00000e+00
 0.00000e+00
 0.00000e+00
 0.00000e+00
 0.00000e+00
 0.00000e+00
 0.00000e+00
 0.00000e+00
 0.00000e+00
 0.00000e+00
 0.00000e+00
 0.00000e+00
 0.00000e+00
 0.00000e+00
 0.00000e+00
 0.00000e+00
 0.00000e+00
 0.00000e+00
 0.00000e+00
 0.00000e+00
 0.00000e+00
 0.00000e+00
 0.00000e+00
 0.00000e+00
 0.00000e+00
 0.00000e+00
 0.00000e+00
 0.00000e+00
 0.00000e+00
 0.00000e+00
 0.00000e+00
 0.00000e+00
 0.00000e+00
 0.00000e+00
 0.00000e+00
 0.00000e+00
 0.00000e+00
 0.00000e+00
 0.00000e+00
 0.00000e+00
 0.00000e+00
 0.00000e+00
 0.00000e+00
 0.00000e+00
 0.00000e+00
 0.00000e+00
 0.00000e+00
 0.00000e+00
 0.00000e+00
 0.00000e+00
 0.00000e+00
 0.00000e+00
 0.00000e+00
 0.00000e+00
 0.00000e+00
 0.00000e+00
 0.00000e+00
 0.00000e+00
 0.00000e+00
 0.00000e+00
 0.00000e+00
 0.00000e+00
 0.00000e+00
 0.00000e+00
 0.00000e+00
 0.00000e+00
 0.00000e+00
 0.00000e+00
 0.00000e+00
 0.00000e+00
 0.00000e+00
 0.00000e+00
 0.00000e+00
 0.00000e+00
 0.00000e+00
 0.00000e+00
 0.00000e+00
 0.00000e+00
 0.00000e+00
 0.00000e+00
 0.00000e+00
 0.00000e+00
 0.00000e+00
 0.00000e+00
 0.00000e+00
 0.00000e+00
 0.00000e+00
 0.00000e+00
 0.00000e+00
 0.00000e+00
 0.00000e+00
 0.00000e+00
 0.00000e+00
 0.00000e+00
 0.00000e+00
 0.00000e+00
 0.00000e+00
 0.00000e+00
 0.00000e+00
 0.00000e+00
 0.00000e+00
 0.00000e+00
 0.00000e+00
 0.00000e+00
 0.00000e+00
 0.00000e+00
 0.00000e+00
 0.00000e+00
 0.00000e+00
 0.00000e+00
 0.00000e+00
 0.00000e+00
 0.00000e+00
 0.00000e+00
 0.00000e+00
 0.00000e+00
 0.00000e+00
 0.00000e+00
 0.00000e+00
 0.00000e+00
 0.00000e+00
 0.00000e+00
 0.00000e+00
 0.00000e+00
 0.00000e+00
 0.00000e+00
