Density
part
         1
hexa8
 0.00000e+00
 0.00000e+00
 0.00000e+00
 0.00000e+00
 0.00000e+00
 0.00000e+00
 0.00000e+00
 0.00000e+00
 0.00000e+00
 0.00000e+00
 0.00000e+00
 0.00000e+00
 0.00000e+00
 0.00000e+00
 0.00000e+00
 0.00000e+00
 0.00000e+00
 0.00000e+00
 0.00000e+00
 0.00000e+00
 0.00000e+00
 0.00000e+00
 0.00000e+00
 0.00000e+00
 0.00000e+00
 0.00000e+00
 0.00000e+00
 0.00000e+00
 0.00000e+00
 0.00000e+00
 0.00000e+00
 0.00000e+00
 0.00000e+00
 0.00000e+00
 0.00000e+00
 0.00000e+00
 0.00000e+00
 0.00000e+00
 0.00000e+00
 0.00000e+00
 0.00000e+00
 0.00000e+00
 0.00000e+00
 0.00000e+00
 0.00000e+00
 0.00000e+00
 0.00000e+00
 0.00000e+00
 0.00000e+00
 0.00000e+00
 0.00000e+00
 0.00000e+00
 0.00000e+00
 0.00000e+00
 0.00000e+00
 0.00000e+00
 0.00000e+00
 0.00000e+00
 0.00000e+00
 0.00000e+00
 0.00000e+00
 0.00000e+00
 0.00000e+00
 0.00000e+00
 0.00000e+00
 0.00000e+00
 0.00000e+00
 0.00000e+00
 0.00000e+00
 0.00000e+00
 0.00000e+00
 0.00000e+00
 0.00000e+00
 0.00000e+00
 0.00000e+00
 0.00000e+00
 0.00000e+00
 0.00000e+00
 0.00000e+00
 0.00000e+00
 0.00000e+00
 0.00000e+00
 0.00000e+00
 0.00000e+00
 0.00000e+00
 0.00000e+00
 0.00000e+00
 0.00000e+00
 0.00000e+00
 0.00000e+00
 0.00000e+00
 0.00000e+00
 0.00000e+00
 0.00000e+00
 0.00000e+00
 0.00000e+00
 0.00000e+00
 0.00000e+00
 0.00000e+00
 0.00000e+00
 0.00000e+00
 0.00000e+00
 0.00000e+00
 0.00000e+00
 0.00000e+00
 0.00000e+00
 0.00000e+00
 2.30209e-02
 1.46439e-01
 4.14129e-01
 5.50364e-01
 5.64470e-01
 5.86433e-01
 6.08050e-01
 5.59199e-01
 3.71946e-01
 1.22083e-01
 2.82089e-02
 5.33069e-03
 8.43933e-04
 1.14337e-04
 1.34583e-05
 1.39218e-06
 1.27733e-07
 1.04734e-08
 7.72245e-10
 5.14695e-11
 3.11422e-12
 1.71682e-13
 8.64977e-15
 3.99303e-16
 1.69261e-17
 6.60001e-19
 2.37087e-20
 7.85517e-22
 2.40259e-23
 6.78828e-25
 1.77242e-26
 4.27723e-28
 9.53916e-30
 1.96544e-31
 3.73901e-33
 6.56186e-35
 1.06115e-36
 1.57899e-38
 2.15804e-40
 2.70322e-42
 3.09543e-44
 3.23106e-46
 2.95849e-48
 0.00000e+00
 0.00000e+00
 0.00000e+00
 0.00000e+00
 0.00000e+00
 2.44879e-02
 1.63269e-01
 3.31775e-01
 3.78317e-01
 4.44823e-01
 6.20944e-01
 8.86038e-01
 9.27069e-01
 8.09894e-01
 5.92087e-01
 5.16291e-01
 4.49379e-01
 3.08678e-01
 1.09718e-01
 2.58616e-02
 4.94864e-03
 7.89147e-04
 1.07339e-04
 1.26644e-05
 1.31213e-06
 1.20526e-07
 9.89119e-09
 7.29836e-10
 4.86736e-11
 2.94683e-12
 1.62554e-13
 8.19515e-15
 3.78572e-16
 1.60585e-17
 6.26623e-19
 2.25259e-20
 7.46856e-22
 2.28592e-23
 6.46291e-25
 1.68852e-26
 4.07718e-28
 9.09803e-30
 1.87551e-31
 3.56962e-33
 6.26733e-35
 1.01393e-36
 1.50928e-38
 2.06348e-40
 2.58635e-42
 2.85763e-44
 0.00000e+00
 0.00000e+00
 0.00000e+00
 0.00000e+00
 2.50206e-02
 1.11827e-01
 2.57025e-01
 4.45307e-01
 7.01960e-01
 9.04544e-01
 9.76851e-01
 9.95492e-01
 9.99270e-01
 9.99909e-01
 9.72997e-01
 8.74735e-01
 7.07758e-01
 5.02950e-01
 2.52780e-01
 8.13356e-02
 1.99483e-02
 3.92042e-03
 6.38171e-04
 8.81289e-05
 1.05115e-05
 1.09778e-06
 1.01454e-07
 8.36662e-09
 6.19823e-10
 4.14756e-11
 2.51815e-12
 1.39240e-13
 7.03408e-15
 3.25503e-16
 1.38283e-17
 5.40306e-19
 1.94457e-20
 6.45414e-22
 1.97735e-23
 5.59556e-25
 1.46316e-26
 3.53589e-28
 7.89630e-30
 1.62901e-31
 3.10272e-33
 5.45144e-35
 8.82543e-37
 1.31459e-38
 1.79906e-40
 2.17377e-42
 0.00000e+00
 0.00000e+00
 0.00000e+00
 2.90039e-02
 1.28364e-01
 2.85913e-01
 4.73637e-01
 7.15883e-01
 9.07792e-01
 9.77470e-01
 9.95592e-01
 9.99285e-01
 9.99901e-01
 9.99988e-01
 9.99999e-01
 9.71290e-01
 8.73798e-01
 7.19653e-01
 5.34325e-01
 2.91012e-01
 9.43828e-02
 2.30252e-02
 4.49853e-03
 7.29281e-04
 1.00446e-04
 1.19596e-05
 1.24745e-06
 1.15180e-07
 9.49216e-09
 7.02877e-10
 4.70193e-11
 2.85428e-12
 1.57819e-13
 7.97293e-15
 3.68984e-16
 1.56776e-17
 6.12664e-19
 2.20538e-20
 7.32113e-22
 2.24338e-23
 6.34951e-25
 1.66059e-26
 4.01365e-28
 8.96461e-30
 1.84967e-31
 3.52347e-33
 6.19146e-35
 1.00246e-36
 1.49390e-38
 1.96775e-40
 0.00000e+00
 0.00000e+00
 0.00000e+00
 8.42144e-03
 7.21841e-02
 2.83295e-01
 6.66797e-01
 9.08849e-01
 9.79979e-01
 9.96358e-01
 9.99440e-01
 9.99926e-01
 9.99991e-01
 9.99999e-01
 1.00000e+00
 1.00000e+00
 9.87965e-01
 9.06603e-01
 6.60892e-01
 2.71072e-01
 7.06492e-02
 1.49720e-02
 2.63614e-03
 3.93533e-04
 5.06524e-05
 5.69518e-06
 5.65204e-07
 4.99295e-08
 3.95366e-09
 2.82275e-10
 1.82603e-11
 1.07475e-12
 5.77537e-14
 2.84185e-15
 1.28363e-16
 5.33307e-18
 2.04149e-19
 7.21007e-21
 2.35187e-22
 7.09107e-24
 1.97728e-25
 5.10049e-27
 1.21720e-28
 2.68686e-30
 5.48373e-32
 1.03411e-33
 1.80017e-35
 2.88935e-37
 4.27095e-39
 5.58358e-41
 0.00000e+00
 0.00000e+00
 3.29443e-02
 1.35567e-01
 2.78049e-01
 4.40036e-01
 6.70220e-01
 8.91465e-01
 9.73523e-01
 9.94843e-01
 9.99166e-01
 9.99885e-01
 9.99986e-01
 9.99999e-01
 1.00000e+00
 1.00000e+00
 9.65195e-01
 8.49246e-01
 6.84130e-01
 5.07946e-01
 2.85881e-01
 9.45838e-02
 2.32759e-02
 4.56801e-03
 7.42705e-04
 1.02519e-04
 1.22274e-05
 1.27710e-06
 1.18043e-07
 9.73658e-09
 7.21517e-10
 4.82991e-11
 2.93389e-12
 1.62326e-13
 8.20595e-15
 3.80017e-16
 1.61570e-17
 6.31812e-19
 2.27578e-20
 7.55962e-22
 2.31788e-23
 6.56427e-25
 1.71774e-26
 4.15402e-28
 9.28292e-30
 1.91628e-31
 3.65205e-33
 6.42021e-35
 1.04033e-36
 1.49095e-38
 0.00000e+00
 0.00000e+00
 1.32691e-02
 1.00435e-01
 3.56977e-01
 7.46187e-01
 9.34641e-01
 9.86286e-01
 9.97607e-01
 9.99645e-01
 9.99955e-01
 9.99995e-01
 9.99999e-01
 1.00000e+00
 1.00000e+00
 1.00000e+00
 1.00000e+00
 9.92597e-01
 9.33732e-01
 7.32239e-01
 3.52318e-01
 9.77693e-02
 2.16644e-02
 3.96966e-03
 6.14343e-04
 8.16688e-05
 9.45390e-06
 9.63396e-07
 8.71861e-08
 7.05766e-09
 5.14098e-10
 3.38679e-11
 2.02647e-12
 1.10528e-13
 5.51205e-15
 2.51992e-16
 1.05837e-17
 4.09111e-19
 1.45759e-20
 4.79211e-22
 1.45511e-23
 4.08327e-25
 1.05931e-26
 2.54096e-28
 5.63474e-30
 1.15477e-31
 2.18570e-33
 3.81752e-35
 6.14793e-37
 8.76023e-39
 0.00000e+00
 0.00000e+00
 1.07669e-02
 8.60522e-02
 3.20106e-01
 7.09201e-01
 9.23098e-01
 9.83518e-01
 9.97068e-01
 9.99558e-01
 9.99943e-01
 9.99994e-01
 9.99999e-01
 1.00000e+00
 1.00000e+00
 1.00000e+00
 1.00000e+00
 9.90454e-01
 9.21191e-01
 6.99117e-01
 3.12368e-01
 8.40583e-02
 1.82548e-02
 3.28693e-03
 5.00658e-04
 6.56012e-05
 7.49414e-06
 7.54383e-07
 6.74928e-08
 5.40506e-09
 3.89762e-10
 2.54347e-11
 1.50841e-12
 8.15897e-14
 4.03727e-15
 1.83224e-16
 7.64270e-18
 2.93524e-19
 1.03943e-20
 3.39775e-22
 1.02613e-23
 2.86473e-25
 7.39582e-27
 1.76584e-28
 3.89870e-30
 7.95654e-32
 1.49999e-33
 2.60993e-35
 4.18791e-37
 5.94693e-39
 0.00000e+00
 0.00000e+00
 1.07669e-02
 8.60522e-02
 3.20106e-01
 7.09201e-01
 9.23098e-01
 9.83518e-01
 9.97068e-01
 9.99558e-01
 9.99943e-01
 9.99994e-01
 9.99999e-01
 1.00000e+00
 1.00000e+00
 1.00000e+00
 1.00000e+00
 9.90454e-01
 9.21191e-01
 6.99117e-01
 3.12368e-01
 8.40583e-02
 1.82548e-02
 3.28693e-03
 5.00658e-04
 6.56012e-05
 7.49414e-06
 7.54383e-07
 6.74928e-08
 5.40506e-09
 3.89762e-10
 2.54347e-11
 1.50841e-12
 8.15897e-14
 4.03727e-15
 1.83224e-16
 7.64270e-18
 2.93524e-19
 1.03943e-20
 3.39775e-22
 1.02613e-23
 2.86473e-25
 7.39582e-27
 1.76584e-28
 3.89870e-30
 7.95654e-32
 1.49999e-33
 2.60993e-35
 4.18791e-37
 5.94693e-39
 0.00000e+00
 0.00000e+00
 1.32691e-02
 1.00435e-01
 3.56977e-01
 7.46187e-01
 9.34641e-01
 9.86286e-01
 9.97607e-01
 9.99645e-01
 9.99955e-01
 9.99995e-01
 9.99999e-01
 1.00000e+00
 1.00000e+00
 1.00000e+00
 1.00000e+00
 9.92597e-01
 9.33732e-01
 7.32239e-01
 3.52318e-01
 9.77693e-02
 2.16644e-02
 3.96966e-03
 6.14343e-04
 8.16688e-05
 9.45390e-06
 9.63396e-07
 8.71861e-08
 7.05766e-09
 5.14098e-10
 3.38679e-11
 2.02647e-12
 1.10528e-13
 5.51205e-15
 2.51992e-16
 1.05837e-17
 4.09111e-19
 1.45759e-20
 4.79211e-22
 1.45511e-23
 4.08327e-25
 1.05931e-26
 2.54096e-28
 5.63474e-30
 1.15477e-31
 2.18570e-33
 3.81752e-35
 6.14793e-37
 8.76023e-39
 0.00000e+00
 0.00000e+00
 3.29443e-02
 1.35567e-01
 2.78049e-01
 4.40036e-01
 6.70220e-01
 8.91465e-01
 9.73523e-01
 9.94843e-01
 9.99166e-01
 9.99885e-01
 9.99986e-01
 9.99999e-01
 1.00000e+00
 1.00000e+00
 9.65195e-01
 8.49246e-01
 6.84130e-01
 5.07946e-01
 2.85881e-01
 9.45838e-02
 2.32759e-02
 4.56801e-03
 7.42705e-04
 1.02519e-04
 1.22274e-05
 1.27710e-06
 1.18043e-07
 9.73658e-09
 7.21517e-10
 4.82991e-11
 2.93389e-12
 1.62326e-13
 8.20595e-15
 3.80017e-16
 1.61570e-17
 6.31812e-19
 2.27578e-20
 7.55962e-22
 2.31788e-23
 6.56427e-25
 1.71774e-26
 4.15402e-28
 9.28292e-30
 1.91628e-31
 3.65205e-33
 6.42021e-35
 1.04033e-36
 1.49095e-38
 0.00000e+00
 0.00000e+00
 0.00000e+00
 8.42144e-03
 7.21841e-02
 2.83295e-01
 6.66797e-01
 9.08849e-01
 9.79979e-01
 9.96358e-01
 9.99440e-01
 9.99926e-01
 9.99991e-01
 9.99999e-01
 1.00000e+00
 1.00000e+00
 9.87965e-01
 9.06603e-01
 6.60892e-01
 2.71072e-01
 7.06492e-02
 1.49720e-02
 2.63614e-03
 3.93533e-04
 5.06524e-05
 5.69518e-06
 5.65204e-07
 4.99295e-08
 3.95366e-09
 2.82275e-10
 1.82603e-11
 1.07475e-12
 5.77537e-14
 2.84185e-15
 1.28363e-16
 5.33307e-18
 2.04149e-19
 7.21007e-21
 2.35187e-22
 7.09107e-24
 1.97728e-25
 5.10049e-27
 1.21720e-28
 2.68686e-30
 5.48373e-32
 1.03411e-33
 1.80017e-35
 2.88935e-37
 4.27095e-39
 5.58358e-41
 0.00000e+00
 0.00000e+00
 0.00000e+00
 2.90039e-02
 1.28364e-01
 2.85913e-01
 4.73637e-01
 7.15883e-01
 9.07792e-01
 9.77470e-01
 9.95592e-01
 9.99285e-01
 9.99901e-01
 9.99988e-01
 9.99999e-01
 9.71290e-01
 8.73798e-01
 7.19653e-01
 5.34325e-01
 2.91012e-01
 9.43828e-02
 2.30252e-02
 4.49853e-03
 7.29281e-04
 1.00446e-04
 1.19596e-05
 1.24745e-06
 1.15180e-07
 9.49216e-09
 7.02877e-10
 4.70193e-11
 2.85428e-12
 1.57819e-13
 7.97293e-15
 3.68984e-16
 1.56776e-17
 6.12664e-19
 2.20538e-20
 7.32113e-22
 2.24338e-23
 6.34951e-25
 1.66059e-26
 4.01365e-28
 8.96461e-30
 1.84967e-31
 3.52347e-33
 6.19146e-35
 1.00246e-36
 1.49390e-38
 1.96775e-40
 0.00000e+00
 0.00000e+00
 0.00000e+00
 0.00000e+00
 2.50206e-02
 1.11827e-01
 2.57025e-01
 4.45307e-01
 7.01960e-01
 9.04544e-01
 9.76851e-01
 9.95492e-01
 9.99270e-01
 9.99909e-01
 9.72997e-01
 8.74735e-01
 7.07758e-01
 5.02950e-01
 2.52780e-01
 8.13356e-02
 1.99483e-02
 3.92042e-03
 6.38171e-04
 8.81289e-05
 1.05115e-05
 1.09778e-06
 1.01454e-07
 8.36662e-09
 6.19823e-10
 4.14756e-11
 2.51815e-12
 1.39240e-13
 7.03408e-15
 3.25503e-16
 1.38283e-17
 5.40306e-19
 1.94457e-20
 6.45414e-22
 1.97735e-23
 5.59556e-25
 1.46316e-26
 3.53589e-28
 7.89630e-30
 1.62901e-31
 3.10272e-33
 5.45144e-35
 8.82543e-37
 1.31459e-38
 1.79906e-40
 2.17377e-42
 0.00000e+00
 0.00000e+00
 0.00000e+00
 0.00000e+00
 0.00000e+00
 2.44879e-02
 1.63269e-01
 3.31775e-01
 3.78317e-01
 4.44823e-01
 6.20944e-01
 8.86038e-01
 9.27069e-01
 8.09894e-01
 5.92087e-01
 5.16291e-01
 4.49379e-01
 3.08678e-01
 1.09718e-01
 2.58616e-02
 4.94864e-03
 7.89147e-04
 1.07339e-04
 1.26644e-05
 1.31213e-06
 1.20526e-07
 9.89119e-09
 7.29836e-10
 4.86736e-11
 2.94683e-12
 1.62554e-13
 8.19515e-15
 3.78572e-16
 1.60585e-17
 6.26623e-19
 2.25259e-20
 7.46856e-22
 2.28592e-23
 6.46291e-25
 1.68852e-26
 4.07718e-28
 9.09803e-30
 1.87551e-31
 3.56962e-33
 6.26733e-35
 1.01393e-36
 1.50928e-38
 2.06348e-40
 2.58635e-42
 2.85763e-44
 0.00000e+00
 0.00000e+00
 0.00000e+00
 0.00000e+00
 0.00000e+00
 0.00000e+00
 0.00000e+00
 2.30209e-02
 1.46439e-01
 4.14129e-01
 5.50364e-01
 5.64470e-01
 5.86433e-01
 6.08050e-01
 5.59199e-01
 3.71946e-01
 1.22083e-01
 2.82089e-02
 5.33069e-03
 8.43933e-04
 1.14337e-04
 1.34583e-05
 1.39218e-06
 1.27733e-07
 1.04734e-08
 7.72245e-10
 5.14695e-11
 3.11422e-12
 1.71682e-13
 8.64977e-15
 3.99303e-16
 1.69261e-17
 6.60001e-19
 2.37087e-20
 7.85517e-22
 2.40259e-23
 6.78828e-25
 1.77242e-26
 4.27723e-28
 9.53916e-30
 1.96544e-31
 3.73901e-33
 6.56186e-35
 1.06115e-36
 1.57899e-38
 2.15804e-40
 2.70322e-42
 3.09543e-44
 3.23106e-46
 2.95849e-48
 0.00000e+00
 0.00000e+00
 0.00000e+00
 0.00000e+00
 0.00000e+00
 0.00000e+00
 0.00000e+00
 0.00000e+00
 0.00000e+00
 0.00000e+00
 0.00000e+00
 0.00000e+00
 0.00000e+00
 0.00000e+00
 0.00000e+00
 0.00000e+00
 0.00000e+00
 0.00000e+00
 0.00000e+00
 0.00000e+00
 0.00000e+00
 0.00000e+00
 0.00000e+00
 0.00000e+00
 0.00000e+00
 0.00000e+00
 0.00000e+00
 0.00000e+00
 0.00000e+00
 0.00000e+00
 0.00000e+00
 0.00000e+00
 0.00000e+00
 0.00000e+00
 0.00000e+00
 0.00000e+00
 0.00000e+00
 0.00000e+00
 0.00000e+00
 0.00000e+00
 0.00000e+00
 0.00000e+00
 0.00000e+00
 0.00000e+00
 0.00000e+00
 0.00000e+00
 0.00000e+00
 0.00000e+00
 0.00000e+00
 0.00000e+00
 0.00000e+00
 0.00000e+00
 0.00000e+00
 0.00000e+00
 0.00000e+00
 0.00000e+00
 0.00000e+00
 0.00000e+00
 0.00000e+00
 0.00000e+00
 0.00000e+00
 0.00000e+00
 0.00000e+00
 0.00000e+00
 0.00000e+00
 0.00000e+00
 0.00000e+00
 0.00000e+00
 0.00000e+00
 0.00000e+00
 0.00000e+00
 0.00000e+00
 0.00000e+00
 0.00000e+00
 0.00000e+00
 0.00000e+00
 0.00000e+00
 0.00000e+00
 0.00000e+00
 0.00000e+00
 0.00000e+00
 0.00000e+00
 0.00000e+00
 0.00000e+00
 0.00000e+00
 0.00000e+00
 0.00000e+00
 0.00000e+00
 0.00000e+00
 0.00000e+00
 0.00000e+00
 0.00000e+00
 0.00000e+00
 0.00000e+00
 0.00000e+00
 0.00000e+00
 0.00000e+00
 0.00000e+00
 0.00000e+00
 0.00000e+00
 0.00000e+00
 0.00000e+00
 0.00000e+00
 0.00000e+00
 0.00000e+00
 0.00000e+00
 0.00000e+00
 0.00000e+00
 0.00000e+00
 0.00000e+00
 0.00000e+00
 0.00000e+00
 0.00000e+00
 0.00000e+00
 0.00000e+00
 0.00000e+00
 0.00000e+00
 0.00000e+00
 0.00000e+00
 0.00000e+00
 0.00000e+00
 0.00000e+00
 0.00000e+00
 0.00000e+00
 0.00000e+00
 0.00000e+00
 0.00000e+00
 0.00000e+00
 0.00000e+00
 0.00000e+00
 0.00000e+00
 0.00000e+00
 0.00000e+00
 0.00000e+00
 0.00000e+00
 0.00000e+00
 0.00000e+00
 0.00000e+00
 0.00000e+00
 0.00000e+00
 0.00000e+00
 0.00000e+00
 0.00000e+00
 0.00000e+00
 0.00000e+00
 0.00000e+00
 0.00000e+00
 0.00000e+00
 0.00000e+00
 0.00000e+00
 0.00000e+00
 0.00000e+00
 0.00000e+00
 0.00000e+00
 0.00000e+00
 0.00000e+00
 0.00000e+00
 0.00000e+00
 0.00000e+00
 0.00000e+00
 0.00000e+00
 0.00000e+00
 0.00000e+00
 0.00000e+00
 0.00000e+00
 0.00000e+00
 0.00000e+00
 0.00000e+00
 0.00000e+00
 0.00000e+00
 0.00000e+00
 0.00000e+00
 0.00000e+00
 0.00000e+00
 0.00000e+00
 0.00000e+00
 0.00000e+00
 0.00000e+00
 0.00000e+00
 0.00000e+00
 0.00000e+00
 0.00000e+00
 0.00000e+00
 0.00000e+00
 0.00000e+00
 0.00000e+00
 0.00000e+00
 0.00000e+00
 0.00000e+00
 0.00000e+00
 0.00000e+00
 0.00000e+00
 0.00000e+00
 0.00000e+00
 0.00000e+00
 0.00000e+00
 0.00000e+00
 0.00000e+00
 0.00000e+00
 0.00000e+00
 0.00000e+00
 0.00000e+00
 0.00000e+00
 0.00000e+00
 0.00000e+00
 0.00000e+00
 0.00000e+00
 0.00000e+00
 0.00000e+00
 0.00000e+00
 0.00000e+00
 0.00000e+00
 0.00000e+00
 0.00000e+00
 0.00000e+00
 0.00000e+00
 0.00000e+00
 0.00000e+00
 0.00000e+00
 0.00000e+00
 0.00000e+00
 0.00000e+00
 0.00000e+00
 0.00000e+00
 0.00000e+00
 0.00000e+00
 0.00000e+00
 0.00000e+00
 0.00000e+00
 0.00000e+00
 0.00000e+00
 0.00000e+00
 0.00000e+00
 0.00000e+00
 0.00000e+00
 0.00000e+00
 0.00000e+00
 0.00000e+00
 0.00000e+00
 0.00000e+00
 0.00000e+00
 0.00000e+00
 0.00000e+00
 0.00000e+00
 0.00000e+00
 0.00000e+00
 0.00000e+00
 0.00000e+00
 0.00000e+00
 0.00000e+00
 0.00000e+00
 0.00000e+00
 0.00000e+00
 0.00000e+00
 0.00000e+00
 0.00000e+00
 0.00000e+00
 0.00000e+00
 0.00000e+00
 0.00000e+00
 0.00000e+00
 0.00000e+00
 0.00000e+00
 0.00000e+00
 0.00000e+00
 0.00000e+00
 0.00000e+00
 0.00000e+00
 0.00000e+00
 0.00000e+00
 0.00000e+00
 0.00000e+00
 0.00000e+00
 0.00000e+00
 0.00000e+00
 0.00000e+00
 0.00000e+00
 0.00000e+00
 0.00000e+00
 0.00000e+00
 0.00000e+00
 0.00000e+00
 0.00000e+00
 0.00000e+00
 0.00000e+00
 0.00000e+00
 0.00000e+00
 0.00000e+00
 0.00000e+00
 0.00000e+00
 0.00000e+00
 0.00000e+00
 0.00000e+00
 0.00000e+00
 0.00000e+00
 0.00000e+00
 0.00000e+00
 0.00000e+00
 0.00000e+00
 0.00000e+00
 0.00000e+00
 0.00000e+00
 0.00000e+00
 0.00000e+00
 0.00000e+00
 0.00000e+00
 0.00000e+00
 0.00000e+00
 0.00000e+00
 0.00000e+00
 0.00000e+00
 0.00000e+00
 0.00000e+00
 0.00000e+00
 0.00000e+00
 0.00000e+00
 0.00000e+00
 0.00000e+00
 0.00000e+00
 0.00000e+00
 0.00000e+00
 0.00000e+00
 0.00000e+00
 0.00000e+00
 0.00000e+00
 0.00000e+00
 0.00000e+00
 0.00000e+00
 0.00000e+00
 0.00000e+00
 0.00000e+00
 0.00000e+00
 0.00000e+00
 0.00000e+00
 0.00000e+00
 0.00000e+00
 0.00000e+00
 0.00000e+00
 0.00000e+00
 0.00000e+00
 0.00000e+00
 0.00000e+00
 0.00000e+00
 0.00000e+00
 0.00000e+00
 0.00000e+00
 0.00000e+00
 0.00000e+00
 0.00000e+00
 0.00000e+00
 0.00000e+00
 0.00000e+00
 0.00000e+00
 0.00000e+00
 0.00000e+00
 0.00000e+00
 0.00000e+00
 0.00000e+00
 0.00000e+00
 0.00000e+00
 0.00000e+00
 0.00000e+00
 0.00000e+00
 0.00000e+00
 0.00000e+00
 0.00000e+00
 0.00000e+00
 0.00000e+00
 0.00000e+00
 0.00000e+00
 0.00000e+00
 0.00000e+00
 0.00000e+00
 0.00000e+00
 0.00000e+00
 0.00000e+00
 0.00000e+00
 0.00000e+00
 0.00000e+00
 0.00000e+00
 0.00000e+00
 0.00000e+00
 0.00000e+00
 0.00000e+00
 0.00000e+00
 0.00000e+00
 0.00000e+00
 0.00000e+00
 0.00000e+00
 0.00000e+00
 0.00000e+00
 0.00000e+00
 0.00000e+00
 0.00000e+00
 0.00000e+00
 0.00000e+00
 0.00000e+00
 0.00000e+00
 0.00000e+00
 0.00000e+00
 0.00000e+00
 0.00000e+00
 0.00000e+00
 0.00000e+00
 0.00000e+00
 0.00000e+00
 0.00000e+00
 0.00000e+00
 0.00000e+00
 0.00000e+00
 0.00000e+00
 0.00000e+00
 0.00000e+00
 0.00000e+00
 0.00000e+00
 0.00000e+00
 0.00000e+00
 0.00000e+00
 0.00000e+00
 0.00000e+00
 0.00000e+00
 0.00000e+00
 0.00000e+00
 0.00000e+00
 0.00000e+00
 0.00000e+00
 0.00000e+00
 0.00000e+00
 0.00000e+00
 0.00000e+00
 0.00000e+00
 0.00000e+00
 0.00000e+00
 0.00000e+00
 0.00000e+00
 0.00000e+00
 0.00000e+00
 0.00000e+00
 0.00000e+00
 0.00000e+00
 0.00000e+00
 0.00000e+00
 0.00000e+00
 0.00000e+00
 0.00000e+00
 0.00000e+00
 0.00000e+00
 0.00000e+00
 0.00000e+00
 0.00000e+00
 0.00000e+00
 0.00000e+00
 0.00000e+00
 0.00000e+00
 0.00000e+00
 0.00000e+00
 0.00000e+00
 0.00000e+00
 0.00000e+00
 0.00000e+00
 0.00000e+00
 0.00000e+00
 0.00000e+00
 0.00000e+00
 0.00000e+00
 0.00000e+00
 0.00000e+00
 0.00000e+00
 0.00000e+00
 0.00000e+00
 0.00000e+00
 0.00000e+00
 0.00000e+00
 0.00000e+00
 0.00000e+00
 0.00000e+00
 0.00000e+00
 0.00000e+00
 0.00000e+00
 0.00000e+00
 0.00000e+00
 0.00000e+00
 0.00000e+00
 0.00000e+00
 0.00000e+00
 0.00000e+00
 0.00000e+00
 0.00000e+00
 0.00000e+00
 0.00000e+00
 0.00000e+00
 0.00000e+00
 0.00000e+00
 0.00000e+00
 0.00000e+00
 0.00000e+00
 0.00000e+00
 0.00000e+00
 0.00000e+00
 0.00000e+00
 0.00000e+00
 0.00000e+00
 0.00000e+00
 0.00000e+00
 0.00000e+00
 0.00000e+00
 0.00000e+00
 0.00000e+00
 0.00000e+00
 0.00000e+00
 0.00000e+00
 0.00000e+00
 0.00000e+00
 0.00000e+00
 0.00000e+00
 0.00000e+00
 0.00000e+00
 0.00000e+00
 0.00000e+00
 0.00000e+00
 0.00000e+00
 0.00000e+00
 0.00000e+00
 0.00000e+00
 0.00000e+00
 0.00000e+00
 0.00000e+00
 0.00000e+00
 0.00000e+00
 0.00000e+00
 0.00000e+00
 0.00000e+00
 0.00000e+00
 0.00000e+00
 0.00000e+00
 0.00000e+00
 0.00000e+00
 0.00000e+00
 0.00000e+00
 0.00000e+00
 0.00000e+00
 0.00000e+00
 0.00000e+00
 0.00000e+00
 0.00000e+00
 0.00000e+00
 0.00000e+00
 0.00000e+00
 0.00000e+00
 0.00000e+00
 0.00000e+00
 0.00000e+00
 0.00000e+00
 0.00000e+00
 0.00000e+00
 0.00000e+00
 0.00000e+00
 0.00000e+00
 0.00000e+00
 0.00000e+00
 0.00000e+00
 0.00000e+00
 0.00000e+00
 0.00000e+00
 0.00000e+00
 0.00000e+00
 0.00000e+00
 0.00000e+00
 0.00000e+00
 0.00000e+00
 0.00000e+00
 0.00000e+00
 0.00000e+00
 0.00000e+00
 0.00000e+00
 0.00000e+00
 0.00000e+00
 0.00000e+00
 0.00000e+00
 0.00000e+00
 0.00000e+00
 0.00000e+00
 0.00000e+00
 0.00000e+00
 0.00000e+00
 0.00000e+00
 0.00000e+00
 0.00000e+00
 0.00000e+00
 0.00000e+00
 0.00000e+00
 0.00000e+00
 0.00000e+00
 0.00000e+00
 0.00000e+00
 0.00000e+00
 0.00000e+00
 0.00000e+00
 0.00000e+00
 0.00000e+00
 0.00000e+00
 0.00000e+00
 0.00000e+00
 0.00000e+00
 0.00000e+00
 0.00000e+00
 0.00000e+00
 0.00000e+00
 0.00000e+00
 0.00000e+00
 0.00000e+00
 0.00000e+00
 0.00000e+00
 0.00000e+00
 0.00000e+00
 0.00000e+00
 0.00000e+00
 0.00000e+00
 0.00000e+00
 0.00000e+00
 0.00000e+00
 0.00000e+00
 0.00000e+00
 0.00000e+00
 0.00000e+00
 0.00000e+00
 0.00000e+00
 0.00000e+00
 0.00000e+00
 0.00000e+00
 0.00000e+00
 0.00000e+00
 0.00000e+00
 0.00000e+00
 0.00000e+00
 0.00000e+00
 0.00000e+00
 0.00000e+00
 0.00000e+00
 0.00000e+00
 0.00000e+00
 0.00000e+00
 0.00000e+00
 0.00000e+00
 0.00000e+00
 0.00000e+00
 0.00000e+00
 0.00000e+00
 0.00000e+00
 0.00000e+00
 0.00000e+00
 0.00000e+00
 0.00000e+00
 0.00000e+00
 0.00000e+00
 0.00000e+00
 0.00000e+00
 0.00000e+00
 0.00000e+00
 0.00000e+00
 0.00000e+00
 0.00000e+00
 0.00000e+00
 0.00000e+00
 0.00000e+00
 0.00000e+00
 0.00000e+00
 0.00000e+00
 0.00000e+00
 0.00000e+00
 0.00000e+00
 0.00000e+00
 0.00000e+00
 0.00000e+00
 0.00000e+00
 0.00000e+00
 0.00000e+00
 0.00000e+00
 0.00000e+00
 0.00000e+00
 0.00000e+00
 0.00000e+00
 0.00000e+00
 0.00000e+00
 0.00000e+00
 0.00000e+00
 0.00000e+00
 0.00000e+00
 0.00000e+00
 0.00000e+00
 0.00000e+00
 0.00000e+00
 0.00000e+00
 0.00000e+00
 0.00000e+00
 0.00000e+00
 0.00000e+00
 0.00000e+00
 0.00000e+00
 0.00000e+00
 0.00000e+00
 0.00000e+00
 0.00000e+00
 0.00000e+00
 0.00000e+00
 0.00000e+00
 0.00000e+00
 0.00000e+00
 0.00000e+00
 0.00000e+00
 0.00000e+00
 0.00000e+00
 0.00000e+00
 0.00000e+00
 0.00000e+00
 0.00000e+00
 0.00000e+00
 0.00000e+00
 0.00000e+00
 0.00000e+00
 0.00000e+00
 0.00000e+00
 0.00000e+00
 0.00000e+00
 0.00000e+00
 0.00000e+00
 0.00000e+00
 0.00000e+00
 0.00000e+00
 0.00000e+00
 0.00000e+00
 0.00000e+00
 0.00000e+00
 0.00000e+00
 0.00000e+00
 0.00000e+00
 0.00000e+00
 0.00000e+00
 0.00000e+00
 0.00000e+00
 0.00000e+00
 0.00000e+00
 0.00000e+00
 0.00000e+00
 0.00000e+00
 0.00000e+00
 0.00000e+00
 0.00000e+00
 0.00000e+00
 0.00000e+00
 0.00000e+00
 0.00000e+00
 0.00000e+00
 0.00000e+00
 0.00000e+00
 0.00000e+00
 0.00000e+00
 0.00000e+00
 0.00000e+00
 0.00000e+00
 0.00000e+00
 0.00000e+00
 0.00000e+00
 0.00000e+00
 0.00000e+00
 0.00000e+00
 0.00000e+00
 0.00000e+00
 0.00000e+00
 0.00000e+00
 0.00000e+00
 0.00000e+00
 0.00000e+00
 0.00000e+00
 0.00000e+00
 0.00000e+00
 0.00000e+00
 0.00000e+00
 0.00000e+00
 0.00000e+00
 0.00000e+00
 0.00000e+00
 0.00000e+00
 0.00000e+00
 0.00000e+00
 0.00000e+00
 0.00000e+00
 0.00000e+00
 0.00000e+00
 0.00000e+00
 0.00000e+00
 0.00000e+00
 0.00000e+00
 0.00000e+00
 0.00000e+00
 0.00000e+00
 0.00000e+00
 0.00000e+00
 0.00000e+00
 0.00000e+00
 0.00000e+00
 0.00000e+00
 0.00000e+00
 0.00000e+00
 0.00000e+00
 0.00000e+00
 0.00000e+00
 0.00000e+00
 0.00000e+00
 0.00000e+00
 0.00000e+00
 0.00000e+00
 0.00000e+00
 0.00000e+00
 0.00000e+00
 0.00000e+00
 0.00000e+00
 0.00000e+00
 0.00000e+00
 0.00000e+00
 0.00000e+00
 0.00000e+00
 0.00000e+00
 0.00000e+00
 0.00000e+00
 0.00000e+00
 0.00000e+00
 0.00000e+00
 0.00000e+00
 0.00000e+00
 0.00000e+00
 0.00000e+00
 0.00000e+00
 0.00000e+00
 0.00000e+00
 0.00000e+00
 0.00000e+00
 0.00000e+00
 0.00000e+00
 0.00000e+00
 0.00000e+00
 0.00000e+00
 0.00000e+00
 0.00000e+00
 0.00000e+00
 0.00000e+00
 0.00000e+00
 0.00000e+00
 0.00000e+00
 0.00000e+00
 0.00000e+00
 0.00000e+00
 0.00000e+00
 0.00000e+00
 0.00000e+00
 0.00000e+00
 0.00000e+00
 0.00000e+00
 0.00000e+00
 0.00000e+00
 0.00000e+00
 0.00000e+00
 0.00000e+00
 0.00000e+00
 0.00000e+00
 0.00000e+00
 0.00000e+00
 0.00000e+00
 0.00000e+00
 0.00000e+00
 0.00000e+00
 0.00000e+00
 0.00000e+00
 0.00000e+00
 0.00000e+00
 0.00000e+00
 0.00000e+00
 0.00000e+00
 0.00000e+00
 0.00000e+00
 0.00000e+00
 0.00000e+00
 0.00000e+00
 0.00000e+00
 0.00000e+00
 0.00000e+00
 0.00000e+00
 0.00000e+00
 0.00000e+00
 0.00000e+00
 0.00000e+00
 0.00000e+00
 0.00000e+00
 0.00000e+00
 0.00000e+00
 0.00000e+00
 0.00000e+00
 0.00000e+00
 0.00000e+00
 0.00000e+00
 0.00000e+00
 0.00000e+00
 0.00000e+00
 0.00000e+00
 0.00000e+00
 0.00000e+00
 0.00000e+00
 0.00000e+00
 0.00000e+00
 0.00000e+00
 0.00000e+00
 0.00000e+00
 0.00000e+00
 0.00000e+00
 0.00000e+00
 0.00000e+00
 0.00000e+00
 0.00000e+00
 0.00000e+00
 0.00000e+00
 0.00000e+00
 0.00000e+00
 0.00000e+00
 0.00000e+00
 0.00000e+00
 0.00000e+00
 0.00000e+00
 0.00000e+00
 0.00000e+00
 0.00000e+00
 0.00000e+00
 0.00000e+00
 0.00000e+00
 0.00000e+00
 0.00000e+00
 0.00000e+00
 0.00000e+00
 0.00000e+00
 0.00000e+00
 0.00000e+00
 0.00000e+00
 0.00000e+00
 0.00000e+00
 0.00000e+00
 0.00000e+00
 0.00000e+00
 0.00000e+00
 0.00000e+00
 0.00000e+00
 0.00000e+00
 0.00000e+00
 0.00000e+00
 0.00000e+00
 0.00000e+00
 0.00000e+00
 0.00000e+00
 0.00000e+00
 0.00000e+00
 0.00000e+00
 0.00000e+00
 0.00000e+00
 0.00000e+00
 0.00000e+00
 0.00000e+00
 0.00000e+00
 0.00000e+00
 0.00000e+00
 0.00000e+00
 0.00000e+00
 0.00000e+00
 0.00000e+00
 0.00000e+00
 0.00000e+00
 0.00000e+00
 0.00000e+00
 0.00000e+00
 0.00000e+00
 0.00000e+00
 0.00000e+00
 0.00000e+00
 0.00000e+00
 0.00000e+00
 0.00000e+00
 0.00000e+00
 0.00000e+00
 0.00000e+00
 0.00000e+00
 0.00000e+00
 0.00000e+00
 0.00000e+00
 0.00000e+00
 0.00000e+00
 0.00000e+00
 0.00000e+00
 0.00000e+00
 0.00000e+00
 0.00000e+00
 0.00000e+00
 0.00000e+00
 0.00000e+00
 0.00000e+00
 0.00000e+00
 0.00000e+00
 0.00000e+00
 0.00000e+00
 0.00000e+00
 0.00000e+00
 0.00000e+00
 0.00000e+00
 0.00000e+00
 0.00000e+00
 0.00000e+00
 0.00000e+00
 0.00000e+00
 0.00000e+00
 0.00000e+00
 0.00000e+00
 0.00000e+00
 0.00000e+00
 0.00000e+00
 0.00000e+00
 0.00000e+00
 0.00000e+00
 0.00000e+00
 0.00000e+00
 0.00000e+00
 0.00000e+00
 0.00000e+00
 0.00000e+00
 0.00000e+00
 0.00000e+00
 0.00000e+00
 0.00000e+00
 0.00000e+00
 0.00000e+00
 0.00000e+00
 0.00000e+00
 0.00000e+00
 0.00000e+00
 0.00000e+00
 0.00000e+00
 0.00000e+00
 0.00000e+00
 0.00000e+00
 0.00000e+00
 0.00000e+00
 0.00000e+00
 0.00000e+00
 0.00000e+00
 0.00000e+00
 0.00000e+00
 0.00000e+00
 0.00000e+00
 0.00000e+00
 0.00000e+00
 0.00000e+00
 0.00000e+00
 0.00000e+00
 0.00000e+00
 0.00000e+00
 0.00000e+00
 0.00000e+00
 0.00000e+00
 0.00000e+00
 0.00000e+00
 0.00000e+00
 0.00000e+00
 0.00000e+00
 0.00000e+00
 0.00000e+00
 0.00000e+00
 0.00000e+00
 0.00000e+00
 0.00000e+00
 0.00000e+00
 0.00000e+00
 0.00000e+00
 0.00000e+00
 0.00000e+00
 0.00000e+00
 0.00000e+00
 0.00000e+00
 0.00000e+00
 0.00000e+00
 0.00000e+00
 0.00000e+00
 0.00000e+00
 0.00000e+00
 0.00000e+00
 0.00000e+00
 0.00000e+00
 0.00000e+00
 0.00000e+00
 0.00000e+00
 0.00000e+00
 0.00000e+00
 0.00000e+00
 0.00000e+00
 0.00000e+00
 0.00000e+00
 0.00000e+00
 0.00000e+00
 0.00000e+00
 0.00000e+00
 0.00000e+00
 0.00000e+00
 0.00000e+00
 0.00000e+00
 0.00000e+00
 0.00000e+00
 0.00000e+00
 0.00000e+00
 0.00000e+00
 0.00000e+00
 0.00000e+00
 0.00000e+00
 0.00000e+00
 0.00000e+00
 0.00000e+00
 0.00000e+00
 0.00000e+00
 0.00000e+00
 0.00000e+00
 0.00000e+00
 0.00000e+00
 0.00000e+00
 0.00000e+00
 0.00000e+00
 0.00000e+00
 0.00000e+00
 0.00000e+00
 0.00000e+00
 0.00000e+00
 0.00000e+00
 0.00000e+00
 0.00000e+00
 0.00000e+00
 0.00000e+00
 0.00000e+00
 0.00000e+00
 0.00000e+00
 0.00000e+00
 0.00000e+00
 0.00000e+00
 0.00000e+00
 0.00000e+00
 0.00000e+00
 0.00000e+00
 0.00000e+00
 0.00000e+00
 0.00000e+00
 0.00000e+00
 0.00000e+00
 0.00000e+00
 0.00000e+00
 0.00000e+00
 0.00000e+00
 0.00000e+00
 0.00000e+00
 0.00000e+00
 0.00000e+00
 0.00000e+00
 0.00000e+00
 0.00000e+00
 0.00000e+00
 0.00000e+00
 0.00000e+00
 0.00000e+00
 0.00000e+00
 0.00000e+00
 0.00000e+00
 0.00000e+00
 0.00000e+00
 0.00000e+00
 0.00000e+00
 0.00000e+00
 0.00000e+00
 0.00000e+00
 0.00000e+00
 0.00000e+00
 0.00000e+00
 0.00000e+00
 0.00000e+00
 0.00000e+00
 0.00000e+00
 0.00000e+00
 0.00000e+00
 0.00000e+00
 0.00000e+00
 0.00000e+00
 0.00000e+00
 0.00000e+00
 0.00000e+00
 0.00000e+00
 0.00000e+00
 0.00000e+00
 0.00000e+00
 0.00000e+00
 0.00000e+00
 0.00000e+00
 0.00000e+00
 0.00000e+00
 0.00000e+00
 0.00000e+00
 0.00000e+00
 0.00000e+00
 0.00000e+00
 0.00000e+00
 0.00000e+00
 0.00000e+00
 0.00000e+00
 0.00000e+00
 0.00000e+00
 0.00000e+00
 0.00000e+00
 0.00000e+00
 0.00000e+00
 0.00000e+00
 0.00000e+00
 0.00000e+00
 0.00000e+00
 0.00000e+00
 0.00000e+00
 0.00000e+00
 0.00000e+00
 0.00000e+00
 0.00000e+00
 0.00000e+00
 0.00000e+00
 0.00000e+00
 0.00000e+00
 0.00000e+00
 0.00000e+00
 0.00000e+00
 0.00000e+00
 0.00000e+00
 0.00000e+00
 0.00000e+00
 0.00000e+00
 0.00000e+00
 0.00000e+00
 0.00000e+00
 0.00000e+00
 0.00000e+00
 0.00000e+00
 0.00000e+00
 0.00000e+00
 0.00000e+00
 0.00000e+00
 0.00000e+00
 0.00000e+00
 0.00000e+00
 0.00000e+00
 0.00000e+00
 0.00000e+00
 0.00000e+00
 0.00000e+00
 0.00000e+00
 0.00000e+00
 0.00000e+00
 0.00000e+00
 0.00000e+00
 0.00000e+00
 0.00000e+00
 0.00000e+00
 0.00000e+00
 0.00000e+00
 0.00000e+00
 0.00000e+00
 0.00000e+00
 0.00000e+00
 0.00000e+00
 0.00000e+00
 0.00000e+00
 0.00000e+00
 0.00000e+00
 0.00000e+00
 0.00000e+00
 0.00000e+00
 0.00000e+00
 0.00000e+00
 0.00000e+00
 0.00000e+00
 0.00000e+00
 0.00000e+00
 0.00000e+00
 0.00000e+00
 0.00000e+00
 0.00000e+00
 0.00000e+00
 0.00000e+00
 0.00000e+00
 0.00000e+00
 0.00000e+00
 0.00000e+00
 0.00000e+00
 0.00000e+00
 0.00000e+00
 0.00000e+00
 0.00000e+00
 0.00000e+00
 0.00000e+00
 0.00000e+00
 0.00000e+00
 0.00000e+00
 0.00000e+00
 0.00000e+00
 0.00000e+00
 0.00000e+00
 0.00000e+00
 0.00000e+00
 0.00000e+00
 0.00000e+00
 0.00000e+00
 0.00000e+00
 0.00000e+00
 0.00000e+00
 0.00000e+00
 0.00000e+00
 0.00000e+00
 0.00000e+00
 0.00000e+00
 0.00000e+00
 0.00000e+00
 0.00000e+00
 0.00000e+00
 0.00000e+00
 0.00000e+00
 0.00000e+00
 0.00000e+00
 0.00000e+00
 0.00000e+00
 0.00000e+00
 0.00000e+00
 0.00000e+00
 0.00000e+00
 0.00000e+00
 0.00000e+00
 0.00000e+00
 0.00000e+00
 0.00000e+00
 0.00000e+00
 0.00000e+00
 0.00000e+00
 0.00000e+00
 0.00000e+00
 0.00000e+00
 0.00000e+00
 0.00000e+00
 0.00000e+00
 0.00000e+00
 0.00000e+00
 0.00000e+00
 0.00000e+00
 0.00000e+00
 0.00000e+00
 0.00000e+00
 0.00000e+00
 0.00000e+00
 0.00000e+00
 0.00000e+00
 0.00000e+00
 0.00000e+00
 0.00000e+00
 0.00000e+00
 0.00000e+00
 0.00000e+00
 0.00000e+00
 0.00000e+00
 0.00000e+00
 0.00000e+00
 0.00000e+00
 0.00000e+00
 0.00000e+00
 0.00000e+00
 0.00000e+00
 0.00000e+00
 0.00000e+00
 0.00000e+00
 0.00000e+00
 0.00000e+00
 0.00000e+00
 0.00000e+00
 0.00000e+00
 0.00000e+00
 0.00000e+00
 0.00000e+00
 0.00000e+00
 0.00000e+00
 0.00000e+00
 0.00000e+00
 0.00000e+00
 0.00000e+00
 0.00000e+00
 0.00000e+00
 0.00000e+00
 0.00000e+00
 0.00000e+00
 0.00000e+00
 0.00000e+00
 0.00000e+00
 0.00000e+00
 0.00000e+00
 0.00000e+00
 0.00000e+00
 0.00000e+00
 0.00000e+00
 0.00000e+00
 0.00000e+00
 0.00000e+00
 0.00000e+00
 0.00000e+00
 0.00000e+00
 0.00000e+00
 0.00000e+00
 0.00000e+00
 0.00000e+00
 0.00000e+00
 0.00000e+00
 0.00000e+00
 0.00000e+00
 0.00000e+00
 0.00000e+00
 0.00000e+00
 0.00000e+00
 0.00000e+00
 0.00000e+00
 0.00000e+00
 0.00000e+00
 0.00000e+00
 0.00000e+00
 0.00000e+00
 0.00000e+00
 0.00000e+00
 0.00000e+00
 0.00000e+00
 0.00000e+00
 0.00000e+00
 0.00000e+00
 0.00000e+00
 0.00000e+00
 0.00000e+00
 0.00000e+00
 0.00000e+00
 0.00000e+00
 0.00000e+00
 0.00000e+00
 0.00000e+00
 0.00000e+00
 0.00000e+00
 0.00000e+00
 0.00000e+00
 0.00000e+00
 0.00000e+00
 0.00000e+00
 0.00000e+00
 0.00000e+00
 0.00000e+00
 0.00000e+00
 0.00000e+00
 0.00000e+00
 0.00000e+00
 0.00000e+00
 0.00000e+00
 0.00000e+00
 0.00000e+00
 0.00000e+00
 0.00000e+00
 0.00000e+00
 0.00000e+00
 0.00000e+00
 0.00000e+00
 0.00000e+00
 0.00000e+00
 0.00000e+00
 0.00000e+00
 0.00000e+00
 0.00000e+00
 0.00000e+00
 0.00000e+00
 0.00000e+00
 0.00000e+00
 0.00000e+00
 0.00000e+00
 0.00000e+00
 0.00000e+00
 0.00000e+00
 0.00000e+00
 0.00000e+00
 0.00000e+00
 0.00000e+00
 0.00000e+00
 0.00000e+00
 0.00000e+00
 0.00000e+00
 0.00000e+00
 0.00000e+00
 0.00000e+00
 0.00000e+00
 0.00000e+00
 0.00000e+00
 0.00000e+00
 0.00000e+00
 0.00000e+00
 0.00000e+00
 0.00000e+00
 0.00000e+00
 0.00000e+00
 0.00000e+00
 0.00000e+00
 0.00000e+00
 0.00000e+00
 0.00000e+00
 0.00000e+00
 0.00000e+00
 0.00000e+00
 0.00000e+00
 0.00000e+00
 0.00000e+00
 0.00000e+00
 0.00000e+00
 0.00000e+00
 0.00000e+00
 0.00000e+00
 0.00000e+00
 0.00000e+00
 0.00000e+00
 0.00000e+00
 0.00000e+00
 0.00000e+00
 0.00000e+00
 0.00000e+00
 0.00000e+00
 0.00000e+00
 0.00000e+00
 0.00000e+00
 0.00000e+00
 0.00000e+00
 0.00000e+00
 0.00000e+00
 0.00000e+00
 0.00000e+00
 0.00000e+00
 0.00000e+00
 0.00000e+00
 0.00000e+00
 0.00000e+00
 0.00000e+00
 0.00000e+00
 0.00000e+00
 0.00000e+00
 0.00000e+00
 0.00000e+00
 0.00000e+00
 0.00000e+00
 0.00000e+00
 0.00000e+00
 0.00000e+00
 0.00000e+00
 0.00000e+00
 0.00000e+00
 0.00000e+00
 0.00000e+00
 0.00000e+00
 0.00000e+00
 0.00000e+00
 0.00000e+00
 0.00000e+00
 0.00000e+00
 0.00000e+00
 0.00000e+00
 0.00000e+00
 0.00000e+00
 0.00000e+00
 0.00000e+00
 0.00000e+00
 0.00000e+00
 0.00000e+00
 0.00000e+00
 0.00000e+00
 0.00000e+00
 0.00000e+00
 0.00000e+00
 0.00000e+00
 0.00000e+00
 0.00000e+00
 0.00000e+00
 0.00000e+00
 0.00000e+00
 0.00000e+00
 0.00000e+00
 0.00000e+00
 0.00000e+00
 0.00000e+00
 0.00000e+00
 0.00000e+00
 0.00000e+00
 0.00000e+00
 0.00000e+00
 0.00000e+00
