PseudoViscosity
part
         1
hexa8
6.39532e+112
7.66656e+116
2.22803e+120
2.79485e+123
1.91792e+126
8.20270e+128
2.37517e+131
4.93106e+133
7.65508e+135
9.17579e+137
8.70835e+139
6.67634e+141
4.20214e+143
2.19987e+145
9.67905e+146
3.60819e+148
1.14638e+150
3.11580e+151
7.25513e+152
1.44558e+154
2.45399e+155
3.51944e+156
4.20658e+157
4.11120e+158
3.23195e+159
2.14701e+160
9.55475e+160
4.57308e+161
2.12339e+162
8.30272e+162
2.96539e+163
9.91237e+163
3.05861e+164
6.57830e+164
8.57389e+164
7.82268e+164
2.39516e+164
1.35467e+147
1.39159e+148
1.49289e+149
1.27251e+150
7.54062e+150
3.65852e+151
1.42120e+152
2.65247e+152
1.89647e+152
3.57947e+151
1.57182e+130
8.58797e+127
6.74405e+119
2.85627e+128
1.10267e+132
1.03165e+135
4.16477e+137
9.19483e+139
1.26475e+142
1.17741e+144
7.85616e+145
3.91827e+147
1.50830e+149
4.59483e+150
1.13004e+152
2.27971e+153
3.82051e+154
5.37137e+155
6.38126e+156
6.43606e+157
5.52195e+158
4.02555e+159
2.48024e+160
1.27644e+161
5.36602e+161
1.77090e+162
4.31317e+162
7.47935e+162
1.23501e+163
2.67475e+163
8.26277e+163
2.57795e+164
7.58902e+164
2.19303e+165
6.14448e+165
1.57340e+166
2.47841e+166
2.76757e+166
2.18109e+166
5.43075e+165
3.14155e+149
6.01731e+150
6.74528e+151
6.52352e+152
3.80823e+153
2.06443e+154
9.02709e+154
1.91480e+155
1.60280e+155
3.81355e+154
4.59730e+133
4.08848e+131
9.27432e+123
6.31596e+136
1.41536e+140
7.69608e+142
1.80818e+145
2.32669e+147
1.86804e+149
1.01652e+151
3.96961e+152
1.15988e+154
2.61727e+155
4.67432e+156
6.73604e+157
7.95271e+158
7.78389e+159
6.37279e+160
4.39143e+161
2.55558e+162
1.25626e+163
5.20176e+163
1.80427e+164
4.14279e+164
5.56527e+164
5.81306e+164
4.63694e+164
2.19781e+164
 0.00000e+00
 0.00000e+00
6.17582e-319
4.94066e-319
4.74303e-317
1.97626e-318
5.60765e-317
1.48220e-318
 0.00000e+00
9.88131e-319
2.30976e-317
 0.00000e+00
4.41532e+149
1.84940e+152
2.33207e+153
2.90794e+154
3.98737e+155
2.52539e+156
1.27678e+157
3.23766e+157
3.18867e+157
9.64023e+156
3.25342e+136
4.70186e+134
3.07461e+127
4.58117e+142
7.13408e+145
2.70056e+148
4.42449e+150
3.97564e+152
2.23118e+154
8.49063e+155
2.31820e+157
4.73088e+158
7.44133e+159
9.23626e+160
9.21292e+161
7.49041e+162
5.01878e+163
2.79491e+164
1.30141e+165
5.08126e+165
1.58236e+166
2.51105e+166
2.70205e+166
1.66852e+166
2.81794e+161
2.13629e+161
1.03334e+161
1.64129e+160
 0.00000e+00
2.29741e-317
1.59806e-315
2.30976e-317
1.77728e-315
1.88597e-315
1.85275e-317
1.54828e-315
4.57011e-317
8.34971e-316
5.42114e-316
1.11165e-318
1.38956e-316
5.49648e-317
 0.00000e+00
1.47762e+154
7.33741e+156
1.14592e+158
6.95895e+158
2.26001e+159
2.63507e+159
1.02691e+159
9.91659e+138
2.32483e+137
4.37342e+130
9.02446e+146
1.06338e+150
3.06273e+152
3.83984e+154
2.65548e+156
1.15334e+158
3.41385e+159
7.28190e+160
1.16503e+162
1.43998e+163
1.40554e+164
1.10119e+165
7.02056e+165
3.70157e+166
1.11887e+167
1.50688e+167
1.02599e+167
2.68219e+163
3.83517e+163
3.60856e+163
1.87307e+163
 6.82786e-14
 0.00000e+00
 0.00000e+00
 0.00000e+00
8.64615e-319
1.12276e-316
 0.00000e+00
 0.00000e+00
 0.00000e+00
 0.00000e+00
3.70549e-319
3.05827e-316
2.01419e-314
3.93894e-316
1.31724e-314
2.35916e-317
2.44056e-315
1.48528e-315
 0.00000e+00
 4.89589e-20
2.41447e+156
1.17747e+159
1.77381e+160
7.92117e+160
1.13845e+161
5.82375e+160
1.64941e+141
6.26127e+139
3.38168e+133
1.71087e+150
1.47406e+153
3.07525e+155
2.76398e+157
1.35484e+159
4.11958e+160
8.42245e+161
1.22248e+163
1.30827e+164
1.06071e+165
6.39919e+165
2.03881e+166
2.78185e+166
1.88981e+166
3.50822e+164
4.53528e+164
2.90990e+164
 2.88225e-12
8.64862e-316
5.89173e-317
6.15235e-315
1.32857e-314
5.26427e-316
 0.00000e+00
 0.00000e+00
8.40332e-315
3.73109e-313
5.22474e-317
3.09038e-315
7.92148e-315
8.62145e-317
4.81455e-315
1.61647e-314
1.27935e-314
1.61147e-313
1.53160e-317
1.05693e-315
2.96439e-318
4.96536e-316
5.18769e-318
 1.61908e-17
 2.59555e-15
2.14750e+158
1.12095e+161
1.45148e+162
2.89848e+162
1.99228e+162
1.70457e+143
1.04591e+142
1.61874e+136
1.25042e+151
9.50662e+153
1.74832e+156
1.38104e+158
5.91580e+159
1.55691e+161
2.71315e+162
3.27437e+163
2.79007e+164
1.64503e+165
3.59112e+165
9.29893e+163
1.27766e+164
4.38814e+163
3.48193e-316
 0.00000e+00
7.96681e-317
8.63627e-315
2.13082e-314
1.23516e-319
1.51925e-317
1.01551e-314
4.14676e-313
 0.00000e+00
2.28848e-314
1.84628e-312
3.39996e-312
7.43968e-314
3.20234e-312
3.21031e-312
1.28612e-313
2.76407e-312
8.01650e-314
2.55860e-312
1.19814e-312
7.01647e-315
4.71716e-313
1.04790e-314
1.08237e-313
1.05112e-316
1.22161e-314
 0.00000e+00
 0.00000e+00
1.11516e+160
6.78637e+162
4.66155e+163
4.36914e+163
1.18797e+145
1.17658e+144
5.20891e+138
7.68602e+154
3.39512e+157
3.59967e+159
1.62755e+161
3.96185e+162
5.86205e+163
5.57547e+164
3.35455e+165
6.32424e+165
3.97565e+165
1.27412e+163
 2.54505e-13
2.77788e-316
7.44804e-317
4.50230e-315
 0.00000e+00
2.47033e-319
 4.07313e-72
 1.77399e-70
3.06113e-314
1.20407e-312
1.50255e-313
5.53392e-312
1.99221e-313
8.99751e-312
1.16880e-311
9.69587e-314
4.88629e-313
1.79947e-311
5.67489e-313
1.77486e-311
1.54921e-311
1.27055e-311
 0.00000e+00
 0.00000e+00
4.76946e-314
2.91410e-312
1.48617e-312
1.68371e-314
3.28554e-317
3.08124e-315
4.61828e-316
1.35868e-318
2.65190e-316
9.91773e+161
4.66996e+164
6.41756e+164
5.90532e+146
9.43401e+145
1.19282e+141
5.18085e+155
2.15986e+158
2.15507e+160
9.13061e+161
2.06826e+163
2.79513e+164
2.23393e+165
4.59904e+165
4.37211e+163
2.90961e+163
9.01670e-318
7.36034e-316
2.22330e-318
1.27172e-315
7.07911e-314
 0.00000e+00
 0.00000e+00
 4.75203e-09
 1.90656e-07
1.25685e-314
4.56176e-313
5.03823e-316
1.34590e-314
2.93722e-316
1.54132e-312
 2.40277e-04
6.56952e-311
1.04157e-312
3.19445e-312
 0.00000e+00
 0.00000e+00
1.34195e-312
5.41096e-311
 0.00000e+00
 0.00000e+00
2.30452e-313
1.28682e-311
5.13218e-314
3.65440e-312
8.08081e-315
7.89037e-313
 6.15877e-10
 7.73292e-08
8.64615e-319
1.86743e+162
1.33047e+165
6.56514e+165
2.17911e+148
5.61970e+147
2.02655e+143
1.21947e+156
4.96279e+158
4.74475e+160
1.88161e+162
3.89808e+163
4.75779e+164
1.72921e+165
3.61590e+163
 3.26061e-12
1.24752e-317
1.13598e-315
7.16395e-318
 0.00000e+00
 6.89006e-95
 3.60986e-93
9.27412e-313
1.40060e-313
 3.75690e-11
 1.35752e-09
8.65492e-314
1.17600e-315
 0.00000e+00
 0.00000e+00
 0.00000e+00
 1.27825e-02
 3.93133e-01
1.06997e-311
3.21780e-310
2.14576e-310
 0.00000e+00
 0.00000e+00
4.41692e-312
1.67076e-310
1.66604e-312
 0.00000e+00
2.33892e-314
2.10570e-312
2.21151e-313
1.50987e-311
2.75543e-313
2.33339e-312
 7.14034e-08
 9.72007e-06
 4.03523e-11
 7.90907e-09
9.35894e+163
4.79301e+166
6.14138e+149
2.56633e+149
2.63674e+145
4.87495e+157
8.63786e+159
3.76282e+161
7.36421e+162
8.48568e+163
5.50292e+164
1.24710e+163
 7.93757e-12
1.54890e-316
7.44804e-317
6.47905e-315
2.06976e-315
1.32230e-313
 8.06126e-97
 4.12256e-95
4.26667e-312
3.05994e-313
2.47016e-311
4.57437e-311
6.48214e-316
5.11540e-312
1.92771e-310
 1.92427e-02
 5.77287e-01
 9.39762e-06
4.60963e-310
3.18258e-310
3.20361e-310
3.07987e-310
2.39850e-312
8.41848e-314
3.22366e-312
6.82825e-312
2.66998e-310
 7.15487e-09
 3.32148e-07
2.08809e-310
2.47129e-312
6.92059e-311
2.17049e-311
1.10844e-315
1.07699e-313
1.04073e-160
 4.67565e-09
 1.04958e-06
2.94004e+164
1.44652e+167
1.34693e+151
9.20578e+150
2.69330e+147
3.27917e+158
5.70954e+160
2.31897e+162
3.86021e+163
3.12664e+164
6.96469e+164
 1.38468e-08
 6.85665e-17
 8.69754e-15
9.88131e-319
8.69556e-317
4.12644e-315
5.35797e-313
1.93846e-312
7.98851e-312
6.60622e-313
 1.48198e-04
 5.59022e-03
1.24878e-310
 0.00000e+00
1.00560e-311
3.08921e-310
 8.20834e-05
 1.49148e-03
3.57571e-310
3.43920e-310
1.13642e-311
3.32465e-310
1.05534e-311
3.24678e-310
9.48616e-312
3.17205e-310
1.62263e-311
4.65120e-310
 5.49791e-07
 2.44829e-05
2.57301e-310
2.06207e-310
 0.00000e+00
 0.00000e+00
8.51756e-314
8.78930e-312
2.05636e-312
2.97770e-313
1.02543e-315
3.15672e+164
1.51953e+167
2.32669e+152
2.63430e+152
2.20293e+149
1.06335e+159
1.97899e+161
8.32467e+162
1.44578e+164
8.70590e+164
7.04690e+162
 1.61591e-10
 8.88865e-19
 1.22225e-16
8.23607e-316
1.30815e-313
4.10963e-313
1.69468e-312
7.65766e-312
9.77666e-313
3.72710e-311
 2.08261e-06
 7.24694e-05
1.44919e-312
 0.00000e+00
1.17715e-311
3.58413e-310
4.26608e-314
1.26585e-311
3.40886e-310
2.33068e-313
1.00052e-311
2.90356e-310
9.06882e-312
2.76065e-310
3.80106e-314
1.08414e-311
3.13082e-310
3.07637e-310
4.74559e-312
5.44225e-312
1.35289e-311
4.29679e-310
2.72381e-312
1.13908e-314
 2.07005e-05
 2.00596e-03
9.04486e-315
1.47830e-312
6.89056e-314
1.58237e-315
2.07409e+150
3.19139e+153
6.10278e+153
1.46601e+151
2.19482e+159
4.51554e+161
2.08083e+163
3.82566e+164
1.65648e+165
 0.00000e+00
 0.00000e+00
5.36061e-317
6.43434e-315
2.65560e-315
2.25943e-313
1.08631e-314
3.07128e-314
1.37795e-313
7.47410e-315
6.31686e-313
 0.00000e+00
 0.00000e+00
1.57331e-311
5.26013e-310
1.13475e-313
1.39164e-311
3.44560e-310
2.92359e-310
7.53824e-312
2.06105e-310
5.63127e-312
1.55823e-310
7.75535e-315
6.15575e-313
3.30047e-312
1.80871e-310
2.90082e-310
6.24830e-312
2.77785e-310
3.10595e-310
3.17257e-310
3.16161e-310
 7.12593e-09
 5.15928e-07
 1.21132e-03
 1.24696e-01
 0.00000e+00
1.85275e-318
8.26448e-316
9.60575e-315
2.06402e+151
3.47295e+154
1.16142e+155
8.04059e+152
3.12321e+159
7.19601e+161
3.58064e+163
6.28885e+164
1.98603e+165
 0.00000e+00
 0.00000e+00
1.69094e-316
2.21769e-314
5.00241e-317
 2.47851e-09
 1.82974e-07
8.10507e-312
3.76092e-311
6.48386e-311
 0.00000e+00
 0.00000e+00
 0.00000e+00
1.07439e-311
3.77767e-310
3.56528e-310
3.02161e-310
2.15181e-312
1.10483e-312
3.14487e-312
9.52852e-311
7.37166e-311
2.26123e-313
1.98986e-312
5.67192e-311
2.05304e-312
7.04046e-311
5.68233e-313
4.42180e-314
6.70961e-312
2.11864e-310
3.83382e-312
5.56817e-312
 3.48567e-07
 2.58650e-05
1.12736e-312
1.18991e-310
1.41638e-312
 0.00000e+00
 0.00000e+00
 5.44696e-12
1.75619e+152
3.04104e+155
1.83111e+156
3.67219e+154
3.52131e+159
8.21087e+161
4.16015e+163
7.05190e+164
1.98857e+165
 0.00000e+00
2.11213e-317
3.68474e-315
2.11398e-315
1.81542e-313
 5.41710e-11
 4.09808e-09
2.12489e-311
8.42334e-313
1.41714e-312
7.11010e-312
3.10924e-310
 0.00000e+00
9.75277e-312
3.57255e-310
2.90292e-310
2.87351e-312
 0.00000e+00
1.66503e-312
5.16756e-311
1.87205e-314
1.02778e-312
3.27390e-311
1.98324e-311
1.84233e-311
5.89076e-313
2.53290e-311
3.12991e-311
2.24896e-312
9.81250e-311
2.62292e-312
1.73302e-310
2.49231e-310
8.78551e-312
1.07534e-311
7.24149e-312
6.42496e-312
7.72964e-311
1.66747e-316
7.22798e-314
 9.49740e-10
5.44234e+152
9.99374e+155
2.40485e+157
1.40782e+156
3.77464e+159
8.38671e+161
4.58473e+163
6.17098e+164
2.57036e+163
1.35868e-318
 2.13991e-08
 3.94118e-06
1.79099e-317
2.04890e-314
1.55623e-312
3.31205e-313
2.34095e-311
 0.00000e+00
3.34250e-312
2.94486e-310
5.12558e-310
 0.00000e+00
1.16731e-311
4.42698e-310
3.27370e-312
 0.00000e+00
1.04186e-312
3.47229e-311
4.55435e-313
1.23249e-311
2.31544e-315
 0.00000e+00
3.65115e-316
1.84115e-314
1.80009e-313
7.45037e-312
9.53701e-312
7.66884e-313
3.56255e-311
9.99148e-312
1.16129e-310
1.48946e-310
3.56552e-310
4.47321e-310
3.14155e-310
2.70084e-310
4.36108e-312
8.99682e-313
4.61223e-312
 3.05196e-09
 1.65673e-06
1.23930e+155
2.63662e+158
4.55777e+157
3.94497e+159
8.71773e+161
4.56552e+163
5.10877e+164
 3.08838e-12
1.23516e-319
 4.12480e-10
 8.44641e-08
2.27270e-317
3.13633e-315
4.00756e-314
 5.14090e-17
 3.94414e-15
 0.00000e+00
5.80048e-312
3.20250e-310
1.89895e-311
 0.00000e+00
5.66337e-312
2.35379e-310
1.23977e-310
6.22948e-311
4.23200e-313
1.55149e-311
1.09193e-311
1.37334e-314
4.72415e-313
 0.00000e+00
3.25560e-314
1.30009e-312
1.37814e-312
1.78355e-312
2.41104e-316
3.47600e-314
3.82199e-313
 0.00000e+00
1.00711e-312
6.89080e-311
1.05375e-312
 0.00000e+00
 0.00000e+00
1.27233e-312
2.02299e-310
6.91131e-311
4.89877e-313
5.59024e-313
1.68970e-316
1.03655e+156
2.40678e+159
1.25102e+159
3.55328e+159
8.60030e+161
4.60593e+163
4.70063e+164
 0.00000e+00
4.19956e-318
1.26753e-315
 0.00000e+00
6.17582e-319
3.77960e-317
 0.00000e+00
 1.44948e-18
 1.12112e-16
1.36136e-310
 1.16074e-02
 7.06374e-01
1.00116e-311
5.08978e-310
5.54250e-314
4.01058e-312
8.24812e-311
7.43276e-313
1.78296e-315
3.99482e-314
2.53751e-314
2.50180e-313
1.05335e-315
 0.00000e+00
6.17582e-319
3.66844e-317
3.79195e-317
2.28160e-315
1.04785e-314
1.13399e-312
2.22672e-312
4.33473e-314
2.04344e-313
 7.13220e-14
 6.93209e-12
3.57066e-314
9.13286e-312
3.77234e-314
7.31798e-312
1.15024e-310
2.70846e-311
2.35395e-314
8.52387e-316
4.87673e+156
1.80876e+160
2.91705e+160
2.72332e+159
7.73829e+161
4.46993e+163
4.72005e+164
1.23516e-319
1.71811e-316
1.62918e-315
 0.00000e+00
4.83530e-315
7.61618e-313
 0.00000e+00
4.57061e-313
8.42856e-311
1.60830e-310
 3.37814e-04
 1.97135e-02
2.58212e-313
1.65213e-311
2.31159e-310
1.15718e-312
5.87529e-311
2.41488e-311
9.34202e-312
3.37291e-312
1.17682e-312
4.20462e-315
1.90814e-313
2.35916e-317
2.74577e-316
4.86395e-315
1.98911e-315
1.04399e-313
8.49299e-316
5.15743e-315
2.11887e-314
1.49751e-312
1.05432e-313
 2.35747e-12
 2.31013e-10
5.00138e-312
3.32229e-310
1.46563e-312
2.93108e-310
2.33317e-310
5.49006e-315
2.68126e-312
6.74332e-314
1.84739e+157
1.08070e+161
5.78057e+161
1.71497e+159
6.02061e+161
4.02503e+163
4.81498e+164
 0.00000e+00
3.45846e-318
3.64373e-317
 0.00000e+00
3.65399e-315
 2.50125e-09
 3.95442e-07
5.81013e-313
6.89272e-311
8.05365e-312
2.90276e-310
 0.00000e+00
4.38948e-312
3.15540e-310
 1.36742e-07
 8.59692e-06
1.06904e-312
1.77791e-311
8.92206e-314
 9.26199e-10
 5.04994e-08
1.65636e-316
2.24800e-317
2.46292e-315
1.35090e-314
1.39623e-314
 0.00000e+00
3.29418e-316
3.07750e-314
4.58476e-314
4.74402e-315
3.95769e-313
 0.00000e+00
1.06682e-313
2.55646e-311
8.44065e-311
1.51929e-310
1.23843e-312
 1.31899e-09
 4.53610e-07
8.62589e-315
5.01456e-312
 0.00000e+00
5.87298e+157
4.13270e+161
9.76408e+162
8.96474e+158
3.86106e+161
3.17601e+163
4.80480e+164
 1.87380e-09
 0.00000e+00
 0.00000e+00
 0.00000e+00
8.11503e-317
 7.59955e-11
 1.25310e-08
1.93991e-311
3.55024e-312
1.83134e-310
1.15976e-311
3.44646e-310
5.15590e-310
3.15354e-310
 1.00720e-07
 7.88854e-06
2.03739e-313
1.48497e-311
4.77807e-312
 5.54588e-12
 1.00951e-10
8.29894e-314
3.94264e-316
 0.00000e+00
 0.00000e+00
 0.00000e+00
 0.00000e+00
 4.49738e-16
 5.77802e-14
 0.00000e+00
9.14763e-316
9.59216e-314
6.21609e-315
4.95398e-314
8.04002e-312
4.37646e-311
1.99865e-312
1.99134e-314
 4.99051e-08
 1.91003e-05
2.18608e-312
8.33099e-312
1.23516e-318
7.32399e+157
6.57800e+161
1.45633e+164
3.94231e+158
2.10363e+161
2.01856e+163
4.60947e+164
 3.33697e-11
8.64615e-319
1.20009e-315
1.36241e-314
1.77376e+174
5.87009e+176
1.50455e-314
6.48315e-313
2.79776e-314
6.12324e-312
2.37106e-312
3.49566e-310
3.58219e-310
8.21333e-312
 1.88153e-09
 1.54237e-07
2.62213e-315
2.51524e-313
6.48139e-312
1.11074e-312
4.71709e-316
4.43550e-314
 0.00000e+00
 0.00000e+00
 0.00000e+00
 0.00000e+00
 0.00000e+00
 1.84070e-14
 2.12488e-12
 9.06428e-22
 1.05824e-19
5.60517e-316
1.85232e-313
7.05025e-313
3.57392e-312
8.92987e-313
6.36831e-311
6.90176e-313
2.85178e-310
2.35768e-310
1.02110e-310
3.55542e-313
1.17622e-314
9.35365e-315
9.96697e+160
2.36907e+165
1.25054e+158
9.99338e+160
1.19131e+163
3.94605e+164
1.45321e+165
7.41098e-319
8.52140e-316
3.77343e-316
5.33264e+172
1.87579e+175
2.12572e-316
 0.00000e+00
 0.00000e+00
1.04447e-312
2.76325e-310
1.23045e-311
3.51148e-310
1.55512e-312
2.99148e-310
9.96499e-311
4.22578e-311
2.95697e-314
4.75434e-312
6.13086e-315
1.84039e-317
2.78900e-315
6.96015e-316
 0.00000e+00
3.70549e-319
4.10322e-316
1.00789e-316
2.22330e-318
4.20573e-316
 3.00926e-20
 2.19045e-17
 1.13515e-14
4.47376e-316
2.71871e-313
1.66342e-312
 0.00000e+00
 0.00000e+00
3.62887e-313
2.49382e-310
6.14184e-312
1.16758e-314
1.95362e-311
1.28684e-312
3.70302e-316
1.69159e+162
6.51392e+166
1.83011e+157
3.21146e+160
6.08328e+162
2.84668e+164
1.87061e+165
2.86558e-317
1.58101e-317
3.07556e-317
6.21589e-314
1.58249e-314
 0.00000e+00
 0.00000e+00
 0.00000e+00
3.61481e-314
9.32643e-312
2.50300e-314
1.03478e-311
4.42431e-313
2.34526e-310
2.28937e-312
5.29086e-311
1.25195e-314
6.01981e-312
1.30419e-312
 0.00000e+00
9.97519e-316
1.09398e-313
1.17958e-315
4.86655e-317
2.22801e-314
9.62514e-315
1.94785e-316
2.47033e-319
 0.00000e+00
 4.68786e-16
 3.35872e-13
 2.66117e-15
 1.51753e-18
7.81749e-314
8.77955e-316
6.53236e-313
1.02350e-313
5.62935e-312
2.43506e-310
 0.00000e+00
2.77171e-316
 1.04297e-04
 5.65367e-09
2.09593e+163
2.65801e+168
1.16324e+156
6.90730e+159
2.46217e+162
1.73218e+164
2.04412e+165
4.02087e+161
4.94066e-319
 1.40906e-14
 6.94189e-18
5.54935e-315
4.07604e-318
8.88011e-312
8.70111e-315
1.59937e-310
2.24392e-310
3.07784e-313
 0.00000e+00
5.53922e-315
4.79889e-312
1.47590e-310
7.14680e-311
4.24033e-311
1.21528e-313
4.03588e-312
8.57747e-315
3.58595e-313
4.18461e-315
2.28751e-313
7.35145e-315
4.29837e-317
2.44138e-314
7.70261e-315
6.54637e-318
2.92734e-317
7.53450e-318
 0.00000e+00
 7.65370e-14
 6.67456e-11
 1.97625e-13
1.44047e-313
2.00908e-311
3.34613e-312
1.96490e-310
7.50488e-314
3.36896e-312
1.71799e-315
 7.12767e-03
 5.34493e-07
2.32211e-317
6.82119e+169
6.43546e+154
1.28844e+159
8.73209e+161
9.84732e+163
2.02150e+165
1.20374e+162
 0.00000e+00
 3.95539e-16
 2.11575e-19
2.13560e-316
1.23516e-319
8.49074e-312
2.45911e-314
5.54131e-312
7.58378e-312
2.68593e-310
4.59871e-310
2.21756e-312
4.09699e-310
 4.19727e-01
 2.43139e-03
9.26233e-313
3.05950e-316
2.55995e-314
1.81569e-317
1.05677e-314
1.09782e-312
6.47956e-313
4.73083e-313
2.33421e-315
4.90233e-314
2.66301e-316
 0.00000e+00
9.63181e-316
2.33693e-316
1.08694e-317
1.23516e-319
 1.91283e-09
 5.71019e-12
2.77645e-312
1.99304e-313
7.82435e-313
4.13422e-312
4.74371e-313
1.53347e-310
9.33478e-314
1.15735e-313
2.13310e-313
3.90312e-317
 0.00000e+00
3.12695e+153
2.08553e+158
2.65694e+161
4.85349e+163
1.83577e+165
6.75748e+165
9.51731e+162
3.14967e-317
9.29634e-315
2.76677e-317
 0.00000e+00
 1.19833e-54
 5.90138e-57
4.45412e-311
2.78566e-313
9.46510e-312
2.93283e-310
2.94600e-310
1.27438e-311
 9.11927e-03
 4.42487e-05
7.67631e-311
3.76768e-311
1.80762e-311
9.37854e-314
5.03777e-312
2.84349e-312
1.45084e-312
1.90777e-314
5.48104e-315
2.25627e-315
1.58101e-317
1.99232e-316
1.23516e-318
1.00048e-317
3.19784e-316
1.97626e-318
 0.00000e+00
 7.93577e-12
 4.57109e-14
 3.19311e-04
 1.25251e-06
1.49283e-310
4.50837e-311
3.80669e-314
 0.00000e+00
8.04105e-312
6.90877e-315
5.64680e-315
3.70549e-319
1.33999e+152
2.93999e+157
6.92091e+160
2.01064e+163
1.42417e+165
1.18847e+166
2.30819e+163
4.94066e-319
 5.18510e-14
 2.15044e-16
 0.00000e+00
 4.02188e-56
 1.99694e-58
2.60629e-311
2.18410e-313
1.33672e-314
5.46428e-312
2.66053e-310
3.81339e-310
7.23217e-312
1.74672e-310
3.50739e-312
6.45846e-311
3.57234e-311
2.85160e-313
 0.00000e+00
 0.00000e+00
2.21224e-312
9.35460e-313
3.36040e-313
1.06222e-313
6.46855e-316
7.74349e-315
1.64030e-316
3.44117e-316
2.75318e-316
5.81762e-317
2.47033e-319
 2.37210e-10
 1.42000e-12
 1.02048e-02
 4.25436e-05
 0.00000e+00
2.70105e-310
5.31261e-313
8.28755e-313
1.31623e-313
3.86513e-313
1.30150e-314
3.03850e-317
5.07817e+150
3.62424e+156
1.55107e+160
6.99790e+162
7.96267e+164
1.20760e+166
2.96083e+163
 3.28936e-12
 1.48787e-15
 6.55940e-18
1.04248e-316
 0.00000e+00
 0.00000e+00
4.58955e-313
 2.94884e-06
 3.49352e-08
 0.00000e+00
7.07395e-312
9.06625e-312
 1.38715e-02
 2.32104e-04
1.30265e-310
1.76255e-312
2.13077e-313
5.69658e-316
 0.00000e+00
 0.00000e+00
2.64718e-312
1.07871e-312
3.77854e-313
3.08952e-315
 0.00000e+00
8.07390e-315
2.75293e-315
3.68944e-316
2.43698e-316
1.73108e-315
6.06589e-316
1.90498e-313
 8.90694e-13
 4.93525e-15
 0.00000e+00
 0.00000e+00
1.67016e-310
4.03165e-312
4.79054e-311
9.60523e-312
1.91270e-314
2.59384e-318
1.23516e-319
1.70341e+149
3.91726e+155
3.00725e+159
2.06407e+162
3.13850e+164
1.01711e+166
1.52527e+166
5.95091e+163
 0.00000e+00
2.47033e-316
5.24354e-314
4.63063e-316
 0.00000e+00
 0.00000e+00
 9.04012e-08
 3.12298e-06
 4.81706e-08
6.47176e-312
1.16636e-313
 2.76730e-04
 3.87905e-06
1.64777e-310
7.99030e-311
8.23340e-313
 0.00000e+00
 0.00000e+00
 0.00000e+00
 0.00000e+00
 0.00000e+00
2.89969e-313
5.77575e-315
3.37447e-316
5.90458e-315
9.83191e-317
2.55432e-316
3.08915e-316
3.95253e-318
1.86991e-314
1.88363e-316
 9.12582e-12
 5.40547e-10
 3.64286e-12
2.05568e-313
1.47302e-310
1.82379e-310
1.01407e-312
7.74695e-316
4.69355e-313
1.59954e-316
7.80624e-317
5.05299e+147
3.71507e+154
5.06227e+158
5.20245e+161
1.05789e+164
6.29053e+165
3.52912e+166
1.57753e+164
4.94066e-319
2.35348e-315
2.11721e-314
2.12201e-316
 0.00000e+00
 0.00000e+00
 0.00000e+00
 8.75987e-08
 2.51927e-06
 4.86836e-08
7.41877e-311
1.21888e-310
2.76625e-312
2.05836e-312
3.52341e-312
7.43332e-314
 0.00000e+00
 0.00000e+00
 0.00000e+00
 0.00000e+00
 0.00000e+00
 0.00000e+00
 0.00000e+00
1.55033e-314
4.21957e-315
3.69314e-317
1.74158e-316
1.81446e-316
5.32356e-317
5.79045e-316
7.41098e-318
 0.00000e+00
 1.93682e-08
 1.38709e-10
8.49293e-312
3.79094e-314
 0.00000e+00
4.05716e-311
6.21590e-314
5.30478e-315
1.35868e-318
1.23516e-319
1.32213e+146
3.08793e+153
7.40756e+157
1.12638e+161
3.06493e+163
2.45624e+165
3.52601e+166
1.75373e+164
 6.72168e-12
8.33983e-316
6.93532e-315
7.75683e-317
 0.00000e+00
 0.00000e+00
 0.00000e+00
2.86068e-313
 6.28798e-08
 1.12028e-09
 2.45555e-06
 5.96570e-08
6.84289e-313
2.85475e-311
3.41432e-311
9.23297e-313
 0.00000e+00
2.80901e-315
2.55308e-316
 0.00000e+00
 0.00000e+00
 0.00000e+00
 0.00000e+00
 0.00000e+00
 0.00000e+00
 0.00000e+00
1.60571e-318
 0.00000e+00
1.79408e-315
2.03698e-314
2.65066e-316
 0.00000e+00
 4.66972e-11
 3.71761e-13
 2.34726e-03
 1.14628e-05
1.69415e-315
3.42125e-311
5.83668e-314
6.18230e-313
2.66301e-316
1.05112e-316
3.03889e+144
2.24282e+152
9.41153e+156
2.09888e+160
7.62519e+162
7.82690e+164
2.48358e+166
2.05863e+166
1.29166e+164
1.01283e-317
2.09471e-315
2.50738e-317
 2.90006e-05
 4.63985e-07
6.58899e-313
2.46444e-312
 3.23656e-40
 7.54994e-42
 4.75854e-08
 1.00811e-09
4.45333e-314
3.21334e-313
2.76774e-313
5.84386e-312
1.78201e-313
1.71749e-312
5.21670e-314
8.22372e-316
3.55727e-317
 0.00000e+00
 0.00000e+00
 0.00000e+00
 0.00000e+00
 0.00000e+00
6.43521e-317
4.19956e-318
 0.00000e+00
 0.00000e+00
 0.00000e+00
 0.00000e+00
 0.00000e+00
 1.18289e-07
 1.09525e-01
 5.94681e-04
1.20585e-312
2.54654e-315
3.17620e-314
3.44120e-313
2.28505e-316
9.99248e-317
6.10159e+142
1.41687e+151
1.03485e+156
3.36244e+159
1.62536e+162
2.09182e+164
8.87730e+165
3.45412e+166
2.51912e+164
 0.00000e+00
2.35916e-317
3.42672e-315
 7.20422e-07
 1.14327e-08
 1.50757e-67
6.78760e-314
 7.02068e-42
 1.50906e-43
1.26825e-313
 7.02315e-74
 2.06159e-75
 5.82774e-69
 1.82987e-70
6.93788e-314
1.10856e-312
3.60179e-314
 0.00000e+00
1.09977e-313
3.44586e-315
 0.00000e+00
 0.00000e+00
 0.00000e+00
 0.00000e+00
4.94066e-319
4.31072e-317
2.59384e-316
5.18769e-317
4.54170e-316
7.04044e-318
3.81650e-314
4.14151e-316
 1.15356e-05
 8.42235e-08
1.14787e-312
6.43415e-311
1.94718e-313
3.21358e-312
3.56011e-315
1.47466e-314
1.97626e-318
1.06266e+141
7.73641e+149
9.79608e+154
4.61454e+158
2.95723e+161
4.72402e+163
2.35513e+165
2.91570e+166
1.33844e+166
6.16453e+163
1.23516e-319
7.73213e-317
 3.12190e-14
 5.52876e-16
 3.32150e-69
1.18637e-313
2.77393e-315
2.34528e-314
5.88926e-316
 1.00934e-75
 2.48388e-77
 5.56317e-71
 1.26387e-72
5.13715e-313
3.24665e-313
6.68001e-315
6.34874e-317
4.39596e-314
1.43254e-315
9.75780e-318
3.70549e-319
 0.00000e+00
 0.00000e+00
2.42092e-317
3.75490e-317
5.48042e-316
4.44869e-315
4.23973e-314
6.61924e-316
1.97489e-312
2.27033e-314
 2.20361e-05
 1.69635e-07
7.10211e-311
2.44877e-312
1.15450e-313
3.41772e-312
3.95944e-315
7.29735e-315
6.44756e-317
1.59165e+139
3.62210e+148
7.92646e+153
5.39319e+157
4.56718e+160
9.01311e+162
5.37368e+164
1.25610e+166
1.71089e+166
1.63390e+164
 1.34926e-11
4.94066e-319
 6.43424e-16
 1.13027e-17
1.61884e-314
2.85365e-314
 5.30242e-90
 1.40378e-91
1.36011e-313
3.10946e-313
9.48989e-315
2.03801e-313
6.75524e-315
1.94402e-315
6.83389e-314
3.68442e-314
1.67855e-314
2.73836e-316
3.70549e-319
8.92900e-316
2.79147e-317
 0.00000e+00
 0.00000e+00
1.11165e-317
5.38532e-317
1.23516e-318
9.55498e-315
8.55641e-314
1.36807e-315
2.28945e-312
2.69702e-314
 0.00000e+00
6.81932e-313
5.72160e-311
1.83728e-312
1.03168e-311
2.14537e-314
1.23331e-315
 4.68125e-21
 2.09689e-25
2.02925e+137
1.43998e+147
5.43259e+152
5.32443e+156
5.94244e+159
1.44627e+162
1.03517e+164
2.75970e+165
1.22961e+166
7.08099e+165
5.19442e+163
 0.00000e+00
4.94066e-319
3.10026e-317
1.37474e-316
5.27674e-315
 8.52995e-92
 2.08167e-93
1.81396e-315
3.94747e-314
1.23591e-315
3.88270e-314
3.24725e-314
9.58858e-316
1.28016e-314
6.82774e-315
1.09189e-316
1.18465e-315
4.08839e-317
4.19956e-318
1.23516e-319
 0.00000e+00
 0.00000e+00
9.75780e-318
2.47033e-319
 0.00000e+00
 0.00000e+00
8.68450e-314
1.11810e-314
1.34633e-316
 0.00000e+00
 0.00000e+00
4.63082e-311
4.43008e-311
1.28836e-312
5.07139e-314
3.85668e-315
8.13531e-314
 1.38434e-18
 1.85368e-22
2.17551e+135
4.80409e+145
3.11855e+151
4.39408e+155
6.45038e+158
1.93615e+161
1.66486e+163
5.00055e+164
3.70004e+165
6.56506e+165
4.87555e+165
5.46854e+163
 0.00000e+00
 0.00000e+00
 0.00000e+00
8.75237e-316
1.75047e-315
4.52070e-317
 0.00000e+00
6.38642e-315
1.98985e-316
1.28828e-316
5.19510e-315
1.74899e-316
1.98726e-315
6.87986e-317
1.11165e-318
4.69362e-318
1.23516e-319
2.13683e-317
5.93539e+161
1.98354e+160
 0.00000e+00
2.16154e-317
4.19956e-318
1.23516e-319
 0.00000e+00
1.30860e-313
7.83557e-313
1.08198e-314
 0.00000e+00
 0.00000e+00
 0.00000e+00
2.22453e-313
4.35148e-316
5.73721e-312
5.70335e-313
4.55336e-314
1.39574e-317
2.47033e-319
1.93295e+133
1.32611e+144
1.47899e+150
2.99192e+154
5.76928e+157
2.13785e+160
2.20701e+162
7.48589e+163
6.69479e+164
2.60390e+165
4.86652e+165
6.40785e+165
9.80667e+163
 0.00000e+00
 0.00000e+00
1.86510e-316
2.56914e-317
4.26873e-316
1.17341e-317
2.71736e-317
7.41098e-319
 0.00000e+00
6.94903e-316
4.96289e-316
1.32163e-317
 0.00000e+00
 2.79237e-13
4.25021e+161
2.63043e+162
3.32594e+162
6.74048e+163
1.96321e+162
 0.00000e+00
 0.00000e+00
5.91273e-316
7.21336e-317
1.11165e-318
 0.00000e+00
1.09539e-312
1.48175e-314
 0.00000e+00
 0.00000e+00
 0.00000e+00
2.20175e-311
1.34214e-313
2.05772e-312
2.87237e-313
3.29859e-314
7.79636e-316
1.95153e+166
1.39884e+131
2.97744e+142
5.69895e+148
1.65384e+153
4.18614e+156
1.91796e+159
2.37477e+161
9.13881e+162
9.82145e+163
4.88994e+164
2.46620e+165
6.51511e+165
8.11770e+165
1.35376e+164
 6.68180e-12
9.88131e-319
 0.00000e+00
4.07604e-318
1.23516e-319
2.59384e-318
2.84088e-318
1.23516e-319
1.23516e-318
1.11165e-318
2.47033e-317
9.61461e+161
2.89268e+162
2.38508e+164
5.58729e+164
5.28269e+164
1.44407e+163
 0.00000e+00
2.47033e-319
 0.00000e+00
1.48059e-315
1.06186e-314
1.35707e-315
5.26217e-315
1.49280e-312
1.93923e-314
 0.00000e+00
 0.00000e+00
 0.00000e+00
4.78652e-314
4.69376e-312
9.76600e-313
9.41689e-316
 0.00000e+00
 0.00000e+00
2.65448e+169
8.07365e+128
5.32573e+140
1.74804e+147
7.27438e+151
2.41654e+155
1.37150e+158
2.03543e+160
8.94367e+161
1.14824e+163
7.33071e+163
5.49023e+164
2.79027e+165
6.54919e+165
7.90082e+165
7.29509e+165
1.34780e+164
 2.25861e-09
 5.26416e-11
1.23516e-319
 0.00000e+00
 0.00000e+00
 0.00000e+00
 0.00000e+00
 1.35797e-09
6.28929e+164
1.57452e+165
1.58666e+165
1.19455e+165
6.16280e+164
8.56810e+162
 0.00000e+00
 0.00000e+00
7.74448e-317
1.72923e-318
5.66026e-315
2.31695e-314
1.19337e-313
5.37873e-313
7.52734e-315
 1.73205e-06
 7.96089e-09
 5.68083e-05
 3.36268e-07
6.72257e-312
2.71251e-314
3.82185e-313
 1.00086e-07
 7.00341e-11
 0.00000e+00
1.31980e+162
3.62127e+126
7.39638e+138
4.16087e+145
2.48288e+150
1.08284e+154
7.62829e+156
1.35706e+159
6.86008e+160
1.04803e+162
8.66419e+162
8.91420e+163
4.98135e+164
1.72658e+165
3.77893e+165
4.93411e+165
4.34595e+165
3.51504e+165
2.60118e+165
2.04829e+165
1.76136e+165
1.65513e+165
1.62570e+165
1.60397e+165
1.55747e+165
1.41668e+165
1.04431e+165
5.05935e+164
2.18209e+164
1.06811e+163
1.01272e+161
1.23516e-319
 0.00000e+00
2.91746e-316
2.09978e-317
9.87020e-315
5.00677e-314
8.22372e-316
 0.00000e+00
 6.94169e-07
 2.26523e-04
 2.35087e-05
 8.21503e-03
 5.26863e-05
2.43958e-314
4.57011e-318
 0.00000e+00
 2.98457e-05
 2.87899e-08
2.09674e+164
8.78822e+163
1.22163e+124
7.72041e+136
7.44157e+143
6.36897e+148
3.64904e+152
3.19781e+155
6.82518e+157
4.00159e+159
7.26960e+160
7.82216e+161
1.06607e+163
6.32326e+163
2.20485e+164
5.24748e+164
8.94280e+164
1.15284e+165
1.20323e+165
1.11598e+165
1.01180e+165
9.30393e+164
8.52196e+164
7.57214e+164
6.28781e+164
4.59518e+164
2.49006e+164
1.00691e+164
4.05712e+163
1.39221e+162
1.08811e+160
 0.00000e+00
3.29789e-317
7.41098e-319
7.16395e-318
5.50377e-315
2.43400e-314
9.23851e-314
1.36819e-315
 0.00000e+00
 1.13608e-04
 1.14986e-06
 3.72587e-03
 2.65775e-05
9.64169e-315
7.01844e-313
2.41919e-315
1.23516e-319
2.83273e-315
2.47033e-318
3.65948e+167
5.49703e+165
2.97051e+121
5.80535e+134
9.58649e+141
1.17733e+147
8.87023e+150
9.69189e+153
2.48581e+156
1.70427e+158
3.68989e+159
5.18522e+160
9.12214e+161
5.63826e+162
1.98360e+163
4.75403e+163
8.37526e+163
1.11157e+164
1.23105e+164
1.25874e+164
1.24393e+164
1.17691e+164
1.04445e+164
8.50018e+163
6.10122e+163
3.41530e+163
1.42681e+163
4.96464e+162
5.17280e+160
 0.00000e+00
 0.00000e+00
 0.00000e+00
 0.00000e+00
4.07604e-318
3.90534e-315
1.48054e-314
4.69604e-314
1.11029e-315
4.94066e-318
 0.00000e+00
 0.00000e+00
1.14351e-315
5.68854e-314
9.61669e-313
4.84753e-315
5.92879e-318
 8.77230e-11
 1.28144e-13
4.12299e+155
1.63958e+154
1.75051e+168
3.27674e+166
4.91420e+118
2.96865e+132
8.39854e+139
1.48099e+145
1.46906e+149
2.00600e+152
6.19707e+154
5.00853e+156
1.29844e+158
2.38861e+159
5.30769e+160
3.37471e+161
1.18988e+162
2.83170e+162
5.04158e+162
6.91494e+162
7.80835e+162
8.60537e+162
8.74735e+162
8.17483e+162
6.90754e+162
5.12031e+162
3.07470e+162
1.40559e+162
2.43265e+161
2.08134e+159
 0.00000e+00
 2.42535e-20
 2.35841e-22
 0.00000e+00
2.96439e-318
3.07506e-315
9.20247e-315
1.79222e-316
1.00295e-316
1.40634e-313
1.53346e-315
 0.00000e+00
 0.00000e+00
3.64704e-313
2.30074e-315
1.14745e-313
4.86037e-316
2.49577e-315
2.89566e+159
3.12566e+158
6.09037e+158
3.29604e+157
2.98686e+155
5.50000e+152
5.08981e+115
9.50097e+129
4.60557e+137
1.16700e+143
1.52617e+147
2.61062e+150
9.74137e+152
9.35368e+154
2.92347e+156
7.04652e+157
1.94274e+159
1.25834e+160
4.42008e+160
1.04209e+161
1.84527e+161
2.58279e+161
3.03247e+161
3.56871e+161
3.56219e+161
3.21259e+161
2.51289e+161
1.64036e+161
6.57733e+160
7.25249e+158
1.59065e+157
 0.00000e+00
 0.00000e+00
 3.74627e-17
 3.02692e-17
 3.71237e-19
2.22848e-315
5.78539e-315
6.85516e-317
2.72661e-314
5.14868e-314
4.86655e-316
 0.00000e+00
 0.00000e+00
 0.00000e+00
 0.00000e+00
4.92497e+163
3.31902e+163
5.91738e+162
5.02496e+161
4.36552e+162
5.57954e+161
1.68036e+160
2.52412e+158
1.56196e+156
2.22973e+153
2.89630e+112
1.67014e+127
1.38748e+135
5.05609e+140
8.73023e+144
1.87520e+148
8.47880e+150
9.74472e+152
3.70362e+154
1.16852e+156
3.94200e+157
2.58122e+158
8.99866e+158
2.10111e+159
3.69299e+159
5.24994e+159
6.50798e+159
7.94844e+159
7.61564e+159
6.35901e+159
4.40823e+159
4.77179e+158
1.39569e+157
5.03012e+154
 0.00000e+00
 0.00000e+00
 0.00000e+00
 0.00000e+00
 5.87353e-14
 5.82610e-16
 0.00000e+00
4.28281e-315
3.70549e-317
2.26662e+163
3.79070e+163
2.68486e+163
7.25603e+162
1.18189e+162
1.44241e+161
1.31197e+160
4.45472e+166
3.18525e+166
6.15112e+165
5.79691e+164
3.49695e+163
1.29560e+162
2.76587e+160
3.02629e+158
1.35034e+156
1.39096e+153
7.14272e+108
1.27210e+124
1.81159e+132
9.50216e+137
2.16950e+142
5.86513e+145
3.22453e+148
4.46725e+150
2.08507e+152
8.58677e+153
3.50815e+155
2.30708e+156
7.96721e+156
1.84656e+157
3.25032e+157
4.72723e+157
6.25879e+157
7.41337e+157
6.62528e+157
4.90830e+157
2.33635e+157
1.16663e+155
1.68285e+152
6.42285e-318
 0.00000e+00
3.33598e+140
2.11927e+139
7.14073e+137
1.88416e+136
4.20430e+134
8.14099e+132
1.38039e+131
2.05271e+129
4.86280e+166
7.66503e+166
5.21152e+166
1.37506e+166
2.22209e+165
2.73345e+164
2.54664e+163
1.77394e+162
9.33276e+160
3.64055e+159
1.02433e+158
2.00082e+156
2.57047e+154
2.00507e+152
8.35594e+149
1.47095e+147
6.15426e+143
4.28696e+104
2.35763e+120
5.75694e+128
4.35007e+134
1.31521e+139
4.48522e+142
3.00890e+145
5.05828e+147
2.93003e+149
1.56780e+151
7.70139e+152
5.05535e+153
1.73068e+154
4.01269e+154
7.17875e+154
1.08240e+155
1.49836e+155
1.59909e+155
1.27762e+155
7.99667e+154
1.98050e+154
3.65986e+152
5.79324e+150
9.77173e+148
1.88586e+147
3.97827e+145
8.46915e+143
1.73043e+142
3.31390e+140
5.87610e+138
9.56489e+136
1.41820e+135
1.90030e+133
2.28187e+131
2.43342e+129
2.28200e+127
1.86155e+125
1.30510e+123
7.75724e+120
3.84859e+118
1.56516e+116
5.10687e+113
1.30247e+111
2.51347e+108
3.51887e+105
3.37618e+102
 2.04517e+99
 6.87392e+95
 1.01294e+92
 3.68198e+87
