NodeMass
part
         1
coordinates
 1.23682e-11
 2.08867e-11
 1.46175e-11
 1.10275e-11
 8.89599e-12
 6.99074e-12
 5.16463e-12
 3.55282e-12
 2.30016e-12
 1.45105e-12
 9.44182e-13
 6.69207e-13
 5.23767e-13
 4.50395e-13
 4.11085e-13
 3.74672e-13
 3.29662e-13
 2.72908e-13
 2.07364e-13
 1.40508e-13
 8.39210e-14
 4.48354e-14
 2.15148e-14
 9.31245e-15
 3.64177e-15
 1.29539e-15
 4.35180e-16
 1.42939e-16
 4.60858e-17
 1.45892e-17
 4.53430e-18
 1.38412e-18
 4.15118e-19
 1.22363e-19
 3.54581e-20
 1.01024e-20
 2.82999e-21
 7.79407e-22
 2.11018e-22
 5.61578e-23
 1.46898e-23
 3.77688e-24
 9.54483e-25
 2.37099e-25
 5.78924e-26
 1.38941e-26
 3.27744e-27
 7.59732e-28
 1.73364e-28
 3.96482e-29
 7.55785e-30
 3.36354e-11
 6.20095e-11
 5.27541e-11
 4.49584e-11
 3.72931e-11
 2.93427e-11
 2.14855e-11
 1.46926e-11
 9.59865e-12
 6.30378e-12
 4.43435e-12
 3.47513e-12
 3.00318e-12
 2.80815e-12
 2.72239e-12
 2.57015e-12
 2.29493e-12
 1.90072e-12
 1.43334e-12
 9.59736e-13
 5.67547e-13
 3.01057e-13
 1.43835e-13
 6.21512e-14
 2.43438e-14
 8.67835e-15
 2.86640e-15
 8.92445e-16
 2.63413e-16
 7.41521e-17
 2.00657e-17
 5.27186e-18
 1.36005e-18
 3.48461e-19
 8.95022e-20
 2.31726e-20
 6.05218e-21
 1.58935e-21
 4.17070e-22
 1.08659e-22
 2.80251e-23
 7.15210e-24
 1.81028e-24
 4.51536e-25
 1.10454e-25
 2.65401e-26
 6.26548e-27
 1.45319e-27
 3.32025e-28
 7.44353e-29
 1.26813e-29
 6.62110e-11
 1.26948e-10
 1.14896e-10
 9.93505e-11
 8.15512e-11
 6.37308e-11
 4.64774e-11
 3.19644e-11
 2.18012e-11
 1.58509e-11
 1.28857e-11
 1.16989e-11
 1.14889e-11
 1.19486e-11
 1.23196e-11
 1.18821e-11
 1.06845e-11
 8.82259e-12
 6.59057e-12
 4.35947e-12
 2.55191e-12
 1.34323e-12
 6.38343e-13
 2.74910e-13
 1.07499e-13
 3.83062e-14
 1.26339e-14
 3.91123e-15
 1.13956e-15
 3.12992e-16
 8.12097e-17
 1.99673e-17
 4.67333e-18
 1.04815e-18
 2.27477e-19
 4.84271e-20
 1.02894e-20
 2.22271e-21
 4.95255e-22
 1.14311e-22
 2.71711e-23
 6.57299e-24
 1.59729e-24
 3.88569e-25
 9.45124e-26
 2.28437e-26
 5.43176e-27
 1.26462e-27
 2.90149e-28
 6.36822e-29
 9.08845e-30
 1.33407e-10
 2.55330e-10
 2.29642e-10
 1.97491e-10
 1.62199e-10
 1.26697e-10
 9.24060e-11
 6.54798e-11
 4.91195e-11
 4.14920e-11
 3.93506e-11
 4.05912e-11
 4.45893e-11
 5.07069e-11
 5.39878e-11
 5.19551e-11
 4.63969e-11
 3.79659e-11
 2.80392e-11
 1.83172e-11
 1.06158e-11
 5.54295e-12
 2.61827e-12
 1.12248e-12
 4.37450e-13
 1.55504e-13
 5.11847e-14
 1.58131e-14
 4.59710e-15
 1.25935e-15
 3.25495e-16
 7.94843e-17
 1.83645e-17
 4.02155e-18
 8.36718e-19
 1.66024e-19
 3.16115e-20
 5.83489e-21
 1.06140e-21
 1.94874e-22
 3.70719e-23
 7.44007e-24
 1.57066e-24
 3.46132e-25
 7.86235e-26
 1.81738e-26
 4.24957e-27
 9.95328e-28
 2.32236e-28
 5.16842e-29
 7.03034e-30
 2.56836e-10
 4.92955e-10
 4.46038e-10
 3.86652e-10
 3.19756e-10
 2.49289e-10
 1.84361e-10
 1.41279e-10
 1.22125e-10
 1.19510e-10
 1.28780e-10
 1.49341e-10
 1.80865e-10
 2.14064e-10
 2.27139e-10
 2.16807e-10
 1.91838e-10
 1.55503e-10
 1.13568e-10
 7.32844e-11
 4.20591e-11
 2.17899e-11
 1.02299e-11
 4.36421e-12
 1.69414e-12
 6.00374e-13
 1.96989e-13
 6.06136e-14
 1.75378e-14
 4.77948e-15
 1.22866e-15
 2.98385e-16
 6.85463e-17
 1.49133e-17
 3.07638e-18
 6.02436e-19
 1.12166e-19
 1.99038e-20
 3.38011e-21
 5.53597e-22
 8.86650e-23
 1.42134e-23
 2.35800e-24
 4.16778e-25
 7.90835e-26
 1.59418e-26
 3.37311e-27
 7.41343e-28
 1.68751e-28
 3.77430e-29
 5.14048e-30
 4.75929e-10
 9.15926e-10
 8.33146e-10
 7.26311e-10
 6.01087e-10
 4.70446e-10
 3.68403e-10
 3.22854e-10
 3.22920e-10
 3.62239e-10
 4.46334e-10
 5.69383e-10
 7.27422e-10
 8.65384e-10
 9.05245e-10
 8.57263e-10
 7.52057e-10
 6.04270e-10
 4.36404e-10
 2.78053e-10
 1.58044e-10
 8.12524e-11
 3.79080e-11
 1.60869e-11
 6.21756e-12
 2.19558e-12
 7.17783e-13
 2.19872e-13
 6.32799e-14
 1.71422e-14
 4.37808e-15
 1.05589e-15
 2.40826e-16
 5.20130e-17
 1.06504e-17
 2.06982e-18
 3.82166e-19
 6.71070e-20
 1.12203e-20
 1.78954e-21
 2.73123e-22
 4.01400e-23
 5.75293e-24
 8.22933e-25
 1.21898e-25
 1.94165e-26
 3.37219e-27
 6.30453e-28
 1.25505e-28
 2.57039e-29
 3.44515e-30
 8.46365e-10
 1.63347e-09
 1.49433e-09
 1.30926e-09
 1.08417e-09
 8.78374e-10
 7.72795e-10
 7.80888e-10
 9.02281e-10
 1.17490e-09
 1.60957e-09
 2.15699e-09
 2.80362e-09
 3.30968e-09
 3.41473e-09
 3.21119e-09
 2.79467e-09
 2.22548e-09
 1.58786e-09
 9.98190e-10
 5.62091e-10
 2.86776e-10
 1.32922e-10
 5.60900e-11
 2.15753e-11
 7.58860e-12
 2.47080e-12
 7.53089e-13
 2.15477e-13
 5.79883e-14
 1.47040e-14
 3.51908e-15
 7.96155e-16
 1.70518e-16
 3.46198e-17
 6.67102e-18
 1.22140e-18
 2.12696e-19
 3.52620e-20
 5.57049e-21
 8.39383e-22
 1.20823e-22
 1.66593e-23
 2.21321e-24
 2.86901e-25
 3.72119e-26
 5.03391e-27
 7.41971e-28
 1.20992e-28
 2.10374e-29
 2.54325e-30
 1.44271e-09
 2.79268e-09
 2.56966e-09
 2.25788e-09
 1.90271e-09
 1.68056e-09
 1.69450e-09
 1.98892e-09
 2.71160e-09
 3.98085e-09
 5.76494e-09
 7.85235e-09
 1.02294e-08
 1.19561e-08
 1.21879e-08
 1.13852e-08
 9.82667e-09
 7.74632e-09
 5.45312e-09
 3.38158e-09
 1.88722e-09
 9.55353e-10
 4.39805e-10
 1.84484e-10
 7.06018e-11
 2.47256e-11
 8.01452e-12
 2.42949e-12
 6.90701e-13
 1.84547e-13
 4.64294e-14
 1.10190e-14
 2.47105e-15
 5.24440e-16
 1.05491e-16
 2.01383e-17
 3.65309e-18
 6.30409e-19
 1.03600e-19
 1.62282e-20
 2.42505e-21
 3.45979e-22
 4.71667e-23
 6.15240e-24
 7.69907e-25
 9.30059e-26
 1.10026e-26
 1.31310e-27
 1.66471e-28
 2.31293e-29
 2.45992e-30
 2.35463e-09
 4.57181e-09
 4.22865e-09
 3.74150e-09
 3.33820e-09
 3.31932e-09
 3.88785e-09
 5.46638e-09
 8.55940e-09
 1.34203e-08
 1.98400e-08
 2.70947e-08
 3.52562e-08
 4.07963e-08
 4.10942e-08
 3.81109e-08
 3.25859e-08
 2.53816e-08
 1.76122e-08
 1.07814e-08
 5.96297e-09
 2.99443e-09
 1.36895e-09
 5.70715e-10
 2.17249e-10
 7.57330e-11
 2.44291e-11
 7.36153e-12
 2.07838e-12
 5.50992e-13
 1.37444e-13
 3.23238e-14
 7.18004e-15
 1.50897e-15
 3.00518e-16
 5.67986e-17
 1.02016e-17
 1.74345e-18
 2.83823e-19
 4.40584e-20
 6.52758e-21
 9.23772e-22
 1.24960e-22
 1.61680e-23
 2.00231e-24
 2.37654e-25
 2.71127e-26
 2.99577e-27
 3.27110e-28
 3.64273e-29
 3.28139e-30
 3.68045e-09
 7.16642e-09
 6.65579e-09
 6.07404e-09
 5.92050e-09
 6.78272e-09
 9.61406e-09
 1.58931e-08
 2.69831e-08
 4.34909e-08
 6.46344e-08
 8.83022e-08
 1.14708e-07
 1.31195e-07
 1.30433e-07
 1.19948e-07
 1.01452e-07
 7.79473e-08
 5.32894e-08
 3.22383e-08
 1.76647e-08
 8.80088e-09
 3.99574e-09
 1.65550e-09
 6.26720e-10
 2.17410e-10
 6.97635e-11
 2.08880e-11
 5.85298e-12
 1.53856e-12
 3.80262e-13
 8.85547e-14
 1.94700e-14
 4.04909e-15
 7.97874e-16
 1.49209e-16
 2.65201e-17
 4.48601e-18
 7.23072e-19
 1.11179e-19
 1.63233e-20
 2.29047e-21
 3.07401e-22
 3.94849e-23
 4.85669e-24
 5.72329e-25
 6.46570e-26
 7.01183e-27
 7.33545e-28
 7.45943e-29
 6.01911e-30
 5.53455e-09
 1.07909e-08
 1.01280e-08
 9.75339e-09
 1.06993e-08
 1.48023e-08
 2.53456e-08
 4.64523e-08
 8.18611e-08
 1.33227e-07
 1.98147e-07
 2.71729e-07
 3.51314e-07
 3.95576e-07
 3.87951e-07
 3.53050e-07
 2.94995e-07
 2.23383e-07
 1.50423e-07
 9.00067e-08
 4.88834e-08
 2.41735e-08
 1.09016e-08
 4.48874e-09
 1.68969e-09
 5.83127e-10
 1.86058e-10
 5.53195e-11
 1.53743e-11
 4.00438e-12
 9.79856e-13
 2.25784e-13
 4.90995e-14
 1.00972e-14
 1.96733e-15
 3.63805e-16
 6.39532e-17
 1.07025e-17
 1.70730e-18
 2.59925e-19
 3.78058e-20
 5.25834e-21
 6.99968e-22
 8.92392e-23
 1.09029e-23
 1.27715e-24
 1.43488e-25
 1.54667e-26
 1.60187e-27
 1.59250e-28
 1.24204e-29
 8.12323e-09
 1.57652e-08
 1.50604e-08
 1.56398e-08
 2.02446e-08
 3.46433e-08
 6.78845e-08
 1.31015e-07
 2.34344e-07
 3.82915e-07
 5.70030e-07
 7.88582e-07
 1.00760e-06
 1.10998e-06
 1.07485e-06
 9.66153e-07
 7.96623e-07
 5.94426e-07
 3.94461e-07
 2.33712e-07
 1.25937e-07
 6.18528e-08
 2.77149e-08
 1.13410e-08
 4.24406e-09
 1.45651e-09
 4.61834e-10
 1.36262e-10
 3.75309e-11
 9.67760e-12
 2.34254e-12
 5.33658e-13
 1.14693e-13
 2.33065e-14
 4.48717e-15
 8.20053e-16
 1.42505e-16
 2.35834e-17
 3.72205e-18
 5.60920e-19
 8.08063e-20
 1.11390e-20
 1.47055e-21
 1.86067e-22
 2.25786e-23
 2.62899e-24
 2.93848e-25
 3.15367e-26
 3.25311e-27
 3.21539e-28
 2.48633e-29
 1.12161e-08
 2.19455e-08
 2.17701e-08
 2.54449e-08
 4.09308e-08
 8.35898e-08
 1.76455e-07
 3.48144e-07
 6.26662e-07
 1.02828e-06
 1.53568e-06
 2.14064e-06
 2.68128e-06
 2.87599e-06
 2.75111e-06
 2.44114e-06
 1.98658e-06
 1.46156e-06
 9.57351e-07
 5.62671e-07
 3.01185e-07
 1.47010e-07
 6.54623e-08
 2.66182e-08
 9.89883e-09
 3.37613e-09
 1.06300e-09
 3.10945e-10
 8.47947e-11
 2.16251e-11
 5.17311e-12
 1.16407e-12
 2.47048e-13
 4.95697e-14
 9.42431e-15
 1.70123e-15
 2.92113e-16
 4.77897e-17
 7.46026e-18
 1.11271e-18
 1.58755e-19
 2.16888e-20
 2.83982e-21
 3.56644e-22
 4.29884e-23
 4.97598e-24
 5.53363e-25
 5.91403e-26
 6.08027e-27
 5.99076e-28
 4.61604e-29
 1.40074e-08
 2.80396e-08
 3.02104e-08
 4.29798e-08
 8.65534e-08
 1.97832e-07
 4.32129e-07
 8.60164e-07
 1.55632e-06
 2.56756e-06
 3.86014e-06
 5.33524e-06
 6.43108e-06
 6.69207e-06
 6.36024e-06
 5.62150e-06
 4.54699e-06
 3.31009e-06
 2.14738e-06
 1.25448e-06
 6.67421e-07
 3.23796e-07
 1.43262e-07
 5.78580e-08
 2.13657e-08
 7.23479e-09
 2.25935e-09
 6.54430e-10
 1.76476e-10
 4.44598e-11
 1.04991e-11
 2.33129e-12
 4.88144e-13
 9.66396e-14
 1.81327e-14
 3.23158e-15
 5.48099e-16
 8.86242e-17
 1.36826e-17
 2.01977e-18
 2.85416e-19
 3.86503e-20
 5.02022e-21
 6.25932e-22
 7.49642e-23
 8.62866e-24
 9.54969e-25
 1.01658e-25
 1.04187e-26
 1.02359e-27
 7.86472e-29
 1.60970e-08
 3.32326e-08
 4.12383e-08
 7.58785e-08
 1.82506e-07
 4.42671e-07
 9.79604e-07
 1.95803e-06
 3.57887e-06
 5.85876e-06
 8.23489e-06
 1.02776e-05
 1.15196e-05
 1.17167e-05
 1.12760e-05
 1.02964e-05
 8.75107e-06
 6.71344e-06
 4.47332e-06
 2.59620e-06
 1.37013e-06
 6.59770e-07
 2.89734e-07
 1.16088e-07
 4.25113e-08
 1.42700e-08
 4.41284e-09
 1.26364e-09
 3.36440e-10
 8.36114e-11
 1.94668e-11
 4.26071e-12
 8.79417e-13
 1.71661e-13
 3.17712e-14
 5.58828e-15
 9.36048e-16
 1.49583e-16
 2.28417e-17
 3.33767e-18
 4.67265e-19
 6.27405e-20
 8.08712e-21
 1.00147e-21
 1.19225e-22
 1.36525e-23
 1.50441e-24
 1.59579e-25
 1.63093e-26
 1.59816e-27
 1.22481e-28
 1.75087e-08
 3.79300e-08
 5.77793e-08
 1.36612e-07
 3.67339e-07
 9.15234e-07
 2.02830e-06
 4.05682e-06
 7.08719e-06
 1.04219e-05
 1.30224e-05
 1.47170e-05
 1.55805e-05
 1.56725e-05
 1.53238e-05
 1.45161e-05
 1.31004e-05
 1.09347e-05
 8.04325e-06
 4.97000e-06
 2.60925e-06
 1.24276e-06
 5.40225e-07
 2.14247e-07
 7.76258e-08
 2.57706e-08
 7.87342e-09
 2.22415e-09
 5.83550e-10
 1.42818e-10
 3.27378e-11
 7.05507e-12
 1.43422e-12
 2.75876e-13
 5.03481e-14
 8.73908e-15
 1.44576e-15
 2.28425e-16
 3.45200e-17
 4.99713e-18
 6.93790e-19
 9.24822e-20
 1.18481e-20
 1.45989e-21
 1.73113e-22
 1.97662e-23
 2.17424e-24
 2.30468e-25
 2.35593e-26
 2.30940e-27
 1.76912e-28
 1.82889e-08
 4.29263e-08
 8.40670e-08
 2.40291e-07
 6.85049e-07
 1.72217e-06
 3.77206e-06
 7.12944e-06
 1.10904e-05
 1.42985e-05
 1.62691e-05
 1.74149e-05
 1.79634e-05
 1.80165e-05
 1.77827e-05
 1.72201e-05
 1.61704e-05
 1.44304e-05
 1.17725e-05
 8.18390e-06
 4.59318e-06
 2.16345e-06
 9.26806e-07
 3.62384e-07
 1.29424e-07
 4.23428e-08
 1.27385e-08
 3.53992e-09
 9.13119e-10
 2.19709e-10
 4.95353e-11
 1.05075e-11
 2.10455e-12
 3.99266e-13
 7.19442e-14
 1.23418e-14
 2.01970e-15
 3.15885e-16
 4.72921e-17
 6.78683e-18
 9.34786e-19
 1.23704e-19
 1.57425e-20
 1.92809e-21
 2.27424e-22
 2.58487e-23
 2.83230e-24
 2.99291e-25
 3.05271e-26
 2.98757e-27
 2.28565e-28
 1.86059e-08
 4.92270e-08
 1.22716e-07
 3.87116e-07
 1.13038e-06
 2.82808e-06
 5.95942e-06
 1.02645e-05
 1.42067e-05
 1.67410e-05
 1.81532e-05
 1.89183e-05
 1.92626e-05
 1.93007e-05
 1.91580e-05
 1.87958e-05
 1.80750e-05
 1.67833e-05
 1.46351e-05
 1.13322e-05
 7.10983e-06
 3.48292e-06
 1.46556e-06
 5.62305e-07
 1.96775e-07
 6.29887e-08
 1.85479e-08
 5.05304e-09
 1.27971e-09
 3.02673e-10
 6.71504e-11
 1.40317e-11
 2.77181e-12
 5.19311e-13
 9.25413e-14
 1.57207e-14
 2.54989e-15
 3.95530e-16
 5.87523e-17
 8.36918e-18
 1.14466e-18
 1.50463e-19
 1.90250e-20
 2.31587e-21
 2.71582e-22
 3.06983e-23
 3.34617e-24
 3.51871e-25
 3.57290e-26
 3.48133e-27
 2.65719e-28
 1.86760e-08
 5.69540e-08
 1.66807e-07
 5.42948e-07
 1.59795e-06
 3.96884e-06
 8.02734e-06
 1.27164e-05
 1.62273e-05
 1.81840e-05
 1.91989e-05
 1.97054e-05
 1.99208e-05
 1.99513e-05
 1.98712e-05
 1.96528e-05
 1.91849e-05
 1.82712e-05
 1.66014e-05
 1.37881e-05
 9.56753e-06
 5.08057e-06
 2.12590e-06
 7.95651e-07
 2.70429e-07
 8.40904e-08
 2.40941e-08
 6.40305e-09
 1.58643e-09
 3.67848e-10
 8.01181e-11
 1.64494e-11
 3.19459e-12
 5.88729e-13
 1.03260e-13
 1.72856e-14
 2.76924e-15
 4.25267e-16
 6.26931e-17
 8.88039e-18
 1.20946e-18
 1.58482e-19
 1.99926e-20
 2.42943e-21
 2.84504e-22
 3.21230e-23
 3.49832e-24
 3.67593e-25
 3.72965e-26
 3.62893e-27
 2.76638e-28
 1.85733e-08
 6.45794e-08
 2.06324e-07
 6.75015e-07
 1.99129e-06
 4.93375e-06
 9.67398e-06
 1.44227e-05
 1.74483e-05
 1.89954e-05
 1.97427e-05
 2.00868e-05
 2.02265e-05
 2.02525e-05
 2.02120e-05
 2.00879e-05
 1.97962e-05
 1.91671e-05
 1.78871e-05
 1.54903e-05
 1.14994e-05
 6.50930e-06
 2.72245e-06
 9.87733e-07
 3.24654e-07
 9.78938e-08
 2.72201e-08
 7.01287e-09
 1.68592e-09
 3.80622e-10
 8.10675e-11
 1.63425e-11
 3.12609e-12
 5.68647e-13
 9.85660e-14
 1.63147e-14
 2.58500e-15
 3.92978e-16
 5.74409e-17
 8.08234e-18
 1.09577e-18
 1.43230e-19
 1.80551e-20
 2.19521e-21
 2.57463e-22
 2.91322e-23
 3.18065e-24
 3.35117e-25
 3.40917e-26
 3.32372e-27
 2.53594e-28
 1.80429e-08
 7.01672e-08
 2.35842e-07
 7.68954e-07
 2.26702e-06
 5.63058e-06
 1.07892e-05
 1.54611e-05
 1.81212e-05
 1.94100e-05
 1.99979e-05
 2.02515e-05
 2.03513e-05
 2.03752e-05
 2.03571e-05
 2.02874e-05
 2.01030e-05
 1.96585e-05
 1.86419e-05
 1.65059e-05
 1.26186e-05
 7.29770e-06
 3.01098e-06
 1.05085e-06
 3.31474e-07
 9.61311e-08
 2.57912e-08
 6.43138e-09
 1.50155e-09
 3.30497e-10
 6.89345e-11
 1.36750e-11
 2.58642e-12
 4.67169e-13
 8.06805e-14
 1.33324e-14
 2.10883e-15
 3.19723e-16
 4.65285e-17
 6.51250e-18
 8.78408e-19
 1.14335e-19
 1.43734e-20
 1.74588e-21
 2.04916e-22
 2.32414e-23
 2.54636e-24
 2.69417e-25
 2.75339e-26
 2.69548e-27
 2.06370e-28
 1.65302e-08
 7.22388e-08
 2.51284e-07
 8.14205e-07
 2.39598e-06
 5.97928e-06
 1.13407e-05
 1.59494e-05
 1.84220e-05
 1.95823e-05
 2.00943e-05
 2.03078e-05
 2.03906e-05
 2.04142e-05
 2.04063e-05
 2.03605e-05
 2.02255e-05
 1.98684e-05
 1.89704e-05
 1.69046e-05
 1.29117e-05
 7.33388e-06
 2.89163e-06
 9.50181e-07
 2.81186e-07
 7.69720e-08
 1.97461e-08
 4.77417e-09
 1.09143e-09
 2.36456e-10
 4.86831e-11
 9.55026e-12
 1.78911e-12
 3.20665e-13
 5.50722e-14
 9.07476e-15
 1.43590e-15
 2.18166e-16
 3.18342e-17
 4.46427e-18
 6.02287e-19
 7.82794e-20
 9.81630e-21
 1.18935e-21
 1.39372e-22
 1.58044e-23
 1.73452e-24
 1.84201e-25
 1.89267e-26
 1.86408e-27
 1.43520e-28
 1.39308e-08
 7.04198e-08
 2.51565e-07
 8.03518e-07
 2.34638e-06
 5.94039e-06
 1.13892e-05
 1.60368e-05
 1.84825e-05
 1.96121e-05
 2.01055e-05
 2.03100e-05
 2.03901e-05
 2.04160e-05
 2.04118e-05
 2.03709e-05
 2.02462e-05
 1.99028e-05
 1.89970e-05
 1.67990e-05
 1.24495e-05
 6.63712e-06
 2.36517e-06
 6.98775e-07
 1.86879e-07
 4.72072e-08
 1.14736e-08
 2.68610e-09
 6.02864e-10
 1.29328e-10
 2.65007e-11
 5.18932e-12
 9.71746e-13
 1.74163e-13
 2.99111e-14
 4.93007e-15
 7.81072e-16
 1.19083e-16
 1.74789e-17
 2.46896e-18
 3.35461e-19
 4.38492e-20
 5.51875e-21
 6.69731e-22
 7.84953e-23
 8.89481e-24
 9.75941e-25
 1.03763e-25
 1.06933e-26
 1.05776e-27
 8.18587e-29
 1.12648e-08
 6.32974e-08
 2.23407e-07
 6.91486e-07
 1.97265e-06
 5.10462e-06
 1.04309e-05
 1.54307e-05
 1.81712e-05
 1.94298e-05
 1.99905e-05
 2.02318e-05
 2.03326e-05
 2.03721e-05
 2.03705e-05
 2.03192e-05
 2.01718e-05
 1.97708e-05
 1.87106e-05
 1.61023e-05
 1.11300e-05
 5.29773e-06
 1.62467e-06
 3.99906e-07
 8.98568e-08
 1.99843e-08
 4.51885e-09
 1.02956e-09
 2.30553e-10
 4.99064e-11
 1.03608e-11
 2.05886e-12
 3.91651e-13
 7.13505e-14
 1.24509e-14
 2.08181e-15
 3.33799e-16
 5.13964e-17
 7.61060e-18
 1.08496e-18
 1.48988e-19
 1.97087e-20
 2.51110e-21
 3.08173e-22
 3.64464e-23
 4.15756e-24
 4.57998e-25
 4.87838e-26
 5.03119e-27
 4.97866e-28
 3.85317e-29
 9.09888e-09
 5.14052e-08
 1.76059e-07
 5.29594e-07
 1.46236e-06
 3.73281e-06
 8.15560e-06
 1.34047e-05
 1.70074e-05
 1.87463e-05
 1.95719e-05
 1.99565e-05
 2.01323e-05
 2.02098e-05
 2.02050e-05
 2.01109e-05
 1.98784e-05
 1.92916e-05
 1.78374e-05
 1.44787e-05
 9.00916e-06
 3.77417e-06
 1.00199e-06
 1.85183e-07
 2.91800e-08
 4.97539e-09
 1.01560e-09
 2.39496e-10
 5.76356e-11
 1.33979e-11
 2.95463e-12
 6.16280e-13
 1.21850e-13
 2.29130e-14
 4.10836e-15
 7.03504e-16
 1.15179e-16
 1.80535e-17
 2.71345e-18
 3.91772e-19
 5.44235e-20
 7.28156e-21
 9.38667e-22
 1.16585e-22
 1.39499e-23
 1.60823e-24
 1.78719e-25
 1.91606e-26
 1.98451e-27
 1.96767e-28
 1.52074e-29
 7.12506e-09
 3.92419e-08
 1.33353e-07
 3.97008e-07
 1.07234e-06
 2.61167e-06
 5.66847e-06
 1.02647e-05
 1.46080e-05
 1.72536e-05
 1.86110e-05
 1.92938e-05
 1.96252e-05
 1.97726e-05
 1.97409e-05
 1.95348e-05
 1.90962e-05
 1.81000e-05
 1.59057e-05
 1.17354e-05
 6.52922e-06
 2.54545e-06
 6.31778e-07
 8.72131e-08
 6.75172e-09
 5.23255e-10
 1.02133e-10
 3.33471e-11
 9.99223e-12
 2.66265e-12
 6.45526e-13
 1.44584e-13
 3.02191e-14
 5.93882e-15
 1.10389e-15
 1.94871e-16
 3.27586e-17
 5.25384e-18
 8.05279e-19
 1.18196e-19
 1.66492e-20
 2.25491e-21
 2.94015e-22
 3.69296e-23
 4.46851e-24
 5.20795e-25
 5.84604e-26
 6.32205e-27
 6.59230e-28
 6.56367e-29
 5.07233e-30
 5.25990e-09
 2.84447e-08
 9.53472e-08
 2.80292e-07
 7.45815e-07
 1.77922e-06
 3.78131e-06
 7.07046e-06
 1.11137e-05
 1.45579e-05
 1.67150e-05
 1.78840e-05
 1.84791e-05
 1.87367e-05
 1.86299e-05
 1.81974e-05
 1.73700e-05
 1.56639e-05
 1.25824e-05
 8.33006e-06
 4.31533e-06
 1.67886e-06
 4.29996e-07
 5.88697e-08
 3.04700e-09
 1.87697e-11
 6.57514e-12
 3.69710e-12
 1.41523e-12
 4.39520e-13
 1.18521e-13
 2.87729e-14
 6.41025e-15
 1.32624e-15
 2.57048e-16
 4.69828e-17
 8.13688e-18
 1.33936e-18
 2.09986e-19
 3.14213e-20
 4.49819e-21
 6.17543e-22
 8.14755e-23
 1.03449e-23
 1.26483e-24
 1.48925e-25
 1.68830e-26
 1.84253e-27
 1.93633e-28
 1.94052e-29
 1.53095e-30
 3.57790e-09
 1.89581e-08
 6.27840e-08
 1.82774e-07
 4.81373e-07
 1.13580e-06
 2.39002e-06
 4.46422e-06
 7.37336e-06
 1.05515e-05
 1.32019e-05
 1.50021e-05
 1.60243e-05
 1.64686e-05
 1.62161e-05
 1.54083e-05
 1.40166e-05
 1.16505e-05
 8.48616e-06
 5.23202e-06
 2.66594e-06
 1.05318e-06
 2.89060e-07
 4.64586e-08
 3.13338e-09
 3.11854e-11
 4.32667e-13
 3.71368e-13
 1.75957e-13
 6.40734e-14
 1.93524e-14
 5.12203e-15
 1.22299e-15
 2.67834e-16
 5.44020e-17
 1.03381e-17
 1.85050e-18
 3.13474e-19
 5.04088e-20
 7.71195e-21
 1.12515e-21
 1.56940e-22
 2.09840e-23
 2.69531e-24
 3.33049e-25
 3.96141e-26
 4.53573e-27
 4.99792e-28
 5.29823e-29
 5.36648e-30
 4.51297e-31
 2.22309e-09
 1.15721e-08
 3.79435e-08
 1.09675e-07
 2.86941e-07
 6.73163e-07
 1.41115e-06
 2.63627e-06
 4.38937e-06
 6.50323e-06
 8.65730e-06
 1.04596e-05
 1.16442e-05
 1.22078e-05
 1.18650e-05
 1.08736e-05
 9.35676e-06
 7.20029e-06
 4.96292e-06
 2.99821e-06
 1.52467e-06
 6.14466e-07
 1.79554e-07
 3.30794e-08
 2.93148e-09
 5.78812e-11
 3.14886e-14
 3.45939e-14
 1.98455e-14
 8.43338e-15
 2.86038e-15
 8.28125e-16
 2.12617e-16
 4.94665e-17
 1.05715e-17
 2.09649e-18
 3.89056e-19
 6.79963e-20
 1.12411e-20
 1.76271e-21
 2.62811e-22
 3.73438e-23
 5.07159e-24
 6.60053e-25
 8.25023e-26
 9.91742e-27
 1.14715e-27
 1.27675e-28
 1.36613e-29
 1.40657e-30
 1.31917e-31
 1.26185e-09
 6.46672e-09
 2.10305e-08
 6.04812e-08
 1.57601e-07
 3.68818e-07
 7.73082e-07
 1.44882e-06
 2.42865e-06
 3.63224e-06
 4.89153e-06
 6.02674e-06
 6.86554e-06
 7.29997e-06
 7.02685e-06
 6.27413e-06
 5.22728e-06
 3.89136e-06
 2.63734e-06
 1.57629e-06
 8.02817e-07
 3.32113e-07
 1.04059e-07
 2.21241e-08
 2.60767e-09
 1.05078e-10
 2.42568e-15
 3.05574e-15
 2.09026e-15
 1.01749e-15
 3.87494e-16
 1.22833e-16
 3.39616e-17
 8.40993e-18
 1.89569e-18
 3.93437e-19
 7.58931e-20
 1.37135e-20
 2.33474e-21
 3.75921e-22
 5.73937e-23
 8.32707e-24
 1.15123e-24
 1.52093e-25
 1.92541e-26
 2.34062e-27
 2.73584e-28
 3.07580e-29
 3.32267e-30
 3.50612e-31
 3.81805e-32
 6.54127e-10
 3.30535e-09
 1.06760e-08
 3.05950e-08
 7.95463e-08
 1.86066e-07
 3.90736e-07
 7.35549e-07
 1.24117e-06
 1.86995e-06
 2.53202e-06
 3.12981e-06
 3.57144e-06
 3.79649e-06
 3.63632e-06
 3.21011e-06
 2.62975e-06
 1.92189e-06
 1.28441e-06
 7.59308e-07
 3.86878e-07
 1.63934e-07
 5.48876e-08
 1.34251e-08
 2.09941e-09
 1.61642e-10
 3.74897e-12
 6.12779e-14
 8.79951e-16
 1.17896e-16
 4.86135e-17
 1.68622e-17
 5.02147e-18
 1.32440e-18
 3.15275e-19
 6.86049e-20
 1.37846e-20
 2.57992e-21
 4.52985e-22
 7.49848e-23
 1.17401e-23
 1.74234e-24
 2.45711e-25
 3.30161e-26
 4.23979e-27
 5.21758e-28
 6.16567e-29
 7.00300e-30
 7.64024e-31
 8.36794e-32
 1.09492e-32
 3.09408e-10
 1.54313e-09
 4.95490e-09
 1.41651e-08
 3.67886e-08
 8.61024e-08
 1.81282e-07
 3.42786e-07
 5.81646e-07
 8.80937e-07
 1.19659e-06
 1.48046e-06
 1.68816e-06
 1.79100e-06
 1.70616e-06
 1.49023e-06
 1.20490e-06
 8.68131e-07
 5.72342e-07
 3.34522e-07
 1.69908e-07
 7.30397e-08
 2.56418e-08
 6.98804e-09
 1.36002e-09
 1.59575e-10
 8.84274e-12
 2.27298e-13
 3.20391e-15
 3.67361e-17
 5.70494e-18
 2.15821e-18
 6.91792e-19
 1.94288e-19
 4.88595e-20
 1.11581e-20
 2.33866e-21
 4.54049e-22
 8.23184e-23
 1.40224e-23
 2.25347e-24
 3.42516e-25
 4.93489e-26
 6.75613e-27
 8.81518e-28
 1.09954e-28
 1.31458e-29
 1.50877e-30
 1.66385e-31
 1.92842e-32
 3.11092e-33
 1.33365e-10
 6.56883e-10
 2.09815e-09
 5.98764e-09
 1.55437e-08
 3.64174e-08
 7.68775e-08
 1.45942e-07
 2.48738e-07
 3.78057e-07
 5.14317e-07
 6.36287e-07
 7.24714e-07
 7.67352e-07
 7.27578e-07
 6.29582e-07
 5.03055e-07
 3.57707e-07
 2.32831e-07
 1.34601e-07
 6.79909e-08
 2.93763e-08
 1.05550e-08
 3.03440e-09
 6.59765e-10
 9.90161e-11
 8.65971e-12
 3.59113e-13
 7.49805e-15
 6.83747e-17
 8.37168e-19
 2.59637e-19
 8.93200e-20
 2.66865e-20
 7.08700e-21
 1.69891e-21
 3.71741e-22
 7.49531e-23
 1.40461e-23
 2.46402e-24
 4.06695e-25
 6.33558e-26
 9.33604e-27
 1.30414e-27
 1.73159e-28
 2.19218e-29
 2.65414e-30
 3.07964e-31
 3.44000e-32
 4.34178e-33
 8.76176e-34
 5.23020e-11
 2.54466e-10
 8.08812e-10
 2.30497e-09
 5.98265e-09
 1.40329e-08
 2.96957e-08
 5.65613e-08
 9.67338e-08
 1.47386e-07
 2.00698e-07
 2.48289e-07
 2.82580e-07
 2.98741e-07
 2.81995e-07
 2.41744e-07
 1.90916e-07
 1.34056e-07
 8.62196e-08
 4.93500e-08
 2.48016e-08
 1.07532e-08
 3.93055e-09
 1.17451e-09
 2.74851e-10
 4.72589e-11
 5.38000e-12
 3.32867e-13
 1.00400e-14
 1.31234e-16
 6.34857e-19
 3.18971e-20
 1.08637e-20
 3.44780e-21
 9.66026e-22
 2.42998e-22
 5.55222e-23
 1.16341e-23
 2.25543e-24
 4.07722e-25
 6.91464e-26
 1.10447e-26
 1.66567e-27
 2.37648e-28
 3.21518e-29
 4.13683e-30
 5.07770e-31
 5.96095e-32
 6.77339e-33
 9.69123e-34
 2.44756e-34
 1.86341e-11
 8.95291e-11
 2.83203e-10
 8.06068e-10
 2.09199e-09
 4.91217e-09
 1.04168e-08
 1.98963e-08
 3.41224e-08
 5.20938e-08
 7.10004e-08
 8.78465e-08
 9.99041e-08
 1.05431e-07
 9.90149e-08
 8.40292e-08
 6.56129e-08
 4.55436e-08
 2.89632e-08
 1.64204e-08
 8.20798e-09
 3.56524e-09
 1.32025e-09
 4.06426e-10
 1.00529e-10
 1.90442e-11
 2.56464e-12
 2.13271e-13
 8.88363e-15
 1.70354e-16
 1.14596e-18
 8.28797e-21
 1.25028e-21
 4.20706e-22
 1.24201e-22
 3.27563e-23
 7.81335e-24
 1.70190e-24
 3.41514e-25
 6.36538e-26
 1.10957e-26
 1.81757e-27
 2.80623e-28
 4.09185e-29
 5.64625e-30
 7.39197e-31
 9.20873e-32
 1.09504e-32
 1.27618e-33
 2.17993e-34
 6.78478e-35
 6.02586e-12
 2.85549e-11
 8.98778e-11
 2.55482e-10
 6.62912e-10
 1.55787e-09
 3.30941e-09
 6.33572e-09
 1.08919e-08
 1.66563e-08
 2.27134e-08
 2.80874e-08
 3.18878e-08
 3.35614e-08
 3.13274e-08
 2.63043e-08
 2.03283e-08
 1.39717e-08
 8.79416e-09
 4.94099e-09
 2.45562e-09
 1.06684e-09
 3.98907e-10
 1.25749e-10
 3.25081e-11
 6.63852e-12
 1.01295e-12
 1.03502e-13
 5.95671e-15
 1.56455e-16
 1.65161e-18
 8.47597e-21
 1.38116e-22
 4.86624e-23
 1.51120e-23
 4.17393e-24
 1.03867e-24
 2.35153e-25
 4.88559e-26
 9.39255e-27
 1.68330e-27
 2.82808e-28
 4.47049e-29
 6.66384e-30
 9.38425e-31
 1.25122e-31
 1.58368e-32
 1.91088e-33
 2.31839e-34
 5.01569e-35
 1.86689e-35
 1.77077e-12
 8.24513e-12
 2.58029e-11
 7.32320e-11
 1.89914e-10
 4.46499e-10
 9.49649e-10
 1.82123e-09
 3.13687e-09
 4.80081e-09
 6.54130e-09
 8.07128e-09
 9.13191e-09
 9.57304e-09
 8.87457e-09
 7.37255e-09
 5.64675e-09
 3.85050e-09
 2.40250e-09
 1.33932e-09
 6.61928e-10
 2.87211e-10
 1.08055e-10
 3.46812e-11
 9.29536e-12
 2.02191e-12
 3.41403e-13
 4.05991e-14
 2.99611e-15
 1.11092e-16
 1.66488e-18
 1.05103e-20
 1.78725e-23
 5.35324e-24
 1.74534e-24
 5.04128e-25
 1.30751e-25
 3.07526e-26
 6.61494e-27
 1.31200e-27
 2.41793e-28
 4.16667e-29
 6.74316e-30
 1.02760e-30
 1.47727e-31
 2.00720e-32
 2.58356e-33
 3.17198e-34
 4.11277e-35
 1.19134e-35
 5.09846e-36
 4.76504e-13
 2.15615e-12
 6.69066e-12
 1.89484e-11
 4.90784e-11
 1.15351e-10
 2.45402e-10
 4.70931e-10
 8.11734e-10
 1.24086e-09
 1.68550e-09
 2.07067e-09
 2.33020e-09
 2.42985e-09
 2.23605e-09
 1.83842e-09
 1.39715e-09
 9.46979e-10
 5.86906e-10
 3.25389e-10
 1.60260e-10
 6.95299e-11
 2.63010e-11
 8.56507e-12
 2.36392e-12
 5.41995e-13
 9.96884e-14
 1.34100e-14
 1.17097e-15
 5.87632e-17
 1.25794e-18
 1.02239e-20
 7.25419e-24
 5.62675e-25
 1.91854e-25
 5.78580e-26
 1.56212e-26
 3.81400e-27
 8.49108e-28
 1.73745e-28
 3.29305e-29
 5.82055e-30
 9.64270e-31
 1.50208e-31
 2.20451e-32
 3.05341e-33
 3.99995e-34
 5.02156e-35
 7.26986e-36
 2.92377e-36
 1.38130e-36
 1.20708e-13
 5.13970e-13
 1.56597e-12
 4.41902e-12
 1.14161e-11
 2.67883e-11
 5.69114e-11
 1.09067e-10
 1.87705e-10
 2.85750e-10
 3.85905e-10
 4.71077e-10
 5.26444e-10
 5.45314e-10
 4.97887e-10
 4.05270e-10
 3.05816e-10
 2.06311e-10
 1.27234e-10
 7.03312e-11
 3.46320e-11
 1.50796e-11
 5.75583e-12
 1.90644e-12
 5.41593e-13
 1.30152e-13
 2.57240e-14
 3.82927e-15
 3.82758e-16
 2.31449e-17
 7.13066e-19
 7.84817e-21
 8.27731e-24
 5.83993e-26
 2.01210e-26
 6.32396e-27
 1.77493e-27
 4.49413e-28
 1.03494e-28
 2.18431e-29
 4.25760e-30
 7.71851e-31
 1.30877e-31
 2.08351e-32
 3.12131e-33
 4.40751e-34
 5.88159e-35
 7.62132e-36
 1.31731e-36
 7.36146e-37
 3.70951e-37
 3.12156e-14
 1.14979e-13
 3.31814e-13
 9.28319e-13
 2.38555e-12
 5.57666e-12
 1.18009e-11
 2.25168e-11
 3.85580e-11
 5.82459e-11
 7.80109e-11
 9.44849e-11
 1.04792e-10
 1.07671e-10
 9.74482e-11
 7.85785e-11
 5.88990e-11
 3.95902e-11
 2.43279e-11
 1.34347e-11
 6.63226e-12
 2.90871e-12
 1.12515e-12
 3.80776e-13
 1.11756e-13
 2.81646e-14
 5.94588e-15
 9.65209e-16
 1.08054e-16
 7.62058e-18
 2.93736e-19
 4.63561e-21
 8.98339e-24
 8.39696e-27
 2.01770e-27
 6.59629e-28
 1.92163e-28
 5.03986e-29
 1.19959e-29
 2.61034e-30
 5.23162e-31
 9.72661e-32
 1.68774e-32
 2.74514e-33
 4.19676e-34
 6.04126e-35
 8.22459e-36
 1.12124e-36
 2.52158e-37
 1.87673e-37
 9.86525e-38
 9.68743e-15
 2.67494e-14
 6.49061e-14
 1.76154e-13
 4.47290e-13
 1.03812e-12
 2.18059e-12
 4.12651e-12
 7.00206e-12
 1.04589e-11
 1.38637e-11
 1.66463e-11
 1.83200e-11
 1.86534e-11
 1.67239e-11
 1.33668e-11
 9.95849e-12
 6.67942e-12
 4.09664e-12
 2.26501e-12
 1.12407e-12
 4.98198e-13
 1.96070e-13
 6.80928e-14
 2.07327e-14
 5.49336e-15
 1.23672e-15
 2.17155e-16
 2.68111e-17
 2.15144e-18
 9.89116e-20
 2.03403e-21
 7.36459e-24
 4.10209e-27
 1.93834e-28
 6.57784e-29
 1.98571e-29
 5.38741e-30
 1.32408e-30
 2.96879e-31
 6.11599e-32
 1.16591e-32
 2.06982e-33
 3.43863e-34
 5.36290e-35
 7.86943e-36
 1.09664e-36
 1.63311e-37
 5.19541e-38
 4.80103e-38
 2.59566e-38
 4.12917e-15
 8.15149e-15
 1.28197e-14
 3.07712e-14
 7.54429e-14
 1.72644e-13
 3.58433e-13
 6.69929e-13
 1.12184e-12
 1.65220e-12
 2.16430e-12
 2.57548e-12
 2.81451e-12
 2.83618e-12
 2.51680e-12
 1.99724e-12
 1.48093e-12
 9.93424e-13
 6.09687e-13
 3.38520e-13
 1.69466e-13
 7.61882e-14
 3.06256e-14
 1.09556e-14
 3.47128e-15
 9.68457e-16
 2.32179e-16
 4.38613e-17
 5.90907e-18
 5.29901e-19
 2.82458e-20
 7.20273e-22
 4.67957e-24
 3.56265e-27
 1.78691e-29
 6.28123e-30
 1.96151e-30
 5.49735e-31
 1.39356e-31
 3.21701e-32
 6.80888e-33
 1.33050e-33
 2.41600e-34
 4.09831e-35
 6.51824e-36
 9.75193e-37
 1.40206e-37
 2.44021e-38
 1.14998e-38
 1.22681e-38
 6.75110e-39
 2.41498e-15
 3.84402e-15
 3.26391e-15
 5.43017e-15
 1.17002e-14
 2.57631e-14
 5.24954e-14
 9.65150e-14
 1.58968e-13
 2.30460e-13
 2.98159e-13
 3.51489e-13
 3.81331e-13
 3.80108e-13
 3.33988e-13
 2.63692e-13
 1.94990e-13
 1.31142e-13
 8.07732e-14
 4.51875e-14
 2.29007e-14
 1.04821e-14
 4.31881e-15
 1.59620e-15
 5.27382e-16
 1.54982e-16
 3.94880e-17
 7.98958e-18
 1.16540e-18
 1.15307e-19
 6.99475e-21
 2.15720e-22
 2.18709e-24
 2.81039e-27
 1.58313e-30
 5.75184e-31
 1.85477e-31
 5.36167e-32
 1.40017e-32
 3.32480e-33
 7.22527e-34
 1.44663e-34
 2.68602e-35
 4.65079e-36
 7.54090e-37
 1.15156e-37
 1.74014e-38
 3.91513e-39
 2.68032e-39
 3.12684e-39
 1.73469e-39
 1.78591e-15
 2.53123e-15
 1.33858e-15
 1.28913e-15
 1.87877e-15
 3.56167e-15
 6.92231e-15
 1.24273e-14
 2.00707e-14
 2.86185e-14
 3.65691e-14
 4.26963e-14
 4.59826e-14
 4.53556e-14
 3.95092e-14
 3.11099e-14
 2.29951e-14
 1.55401e-14
 9.63237e-15
 5.44552e-15
 2.80226e-15
 1.30963e-15
 5.54464e-16
 2.12110e-16
 7.31327e-17
 2.26205e-17
 6.10923e-18
 1.31824e-18
 2.06897e-19
 2.23713e-20
 1.52310e-21
 5.55326e-23
 7.68966e-25
 1.74454e-27
 1.34965e-31
 5.05725e-32
 1.68090e-32
 5.00407e-33
 1.34444e-33
 3.28046e-34
 7.31406e-35
 1.49968e-35
 2.84610e-36
 5.02822e-37
 8.31036e-38
 1.30023e-38
 2.15269e-39
 6.95071e-40
 6.42414e-40
 7.95941e-40
 4.40160e-40
 1.49375e-15
 1.99965e-15
 8.17981e-16
 5.40485e-16
 4.50407e-16
 5.44435e-16
 8.69629e-16
 1.45856e-15
 2.28713e-15
 3.20266e-15
 4.04050e-15
 4.67114e-15
 4.99449e-15
 4.87891e-15
 4.22061e-15
 3.32300e-15
 2.46055e-15
 1.67355e-15
 1.04623e-15
 5.99019e-16
 3.13648e-16
 1.49933e-16
 6.53119e-17
 2.58762e-17
 9.30676e-18
 3.02484e-18
 8.63298e-19
 1.97830e-19
 3.32275e-20
 3.89593e-21
 2.94276e-22
 1.24330e-23
 2.21085e-25
 7.97964e-28
 1.10837e-32
 4.27406e-33
 1.46153e-33
 4.47372e-34
 1.23489e-34
 3.09270e-35
 7.06835e-36
 1.48326e-36
 2.87582e-37
 5.18214e-38
 8.73393e-39
 1.41479e-39
 2.78212e-40
 1.37687e-40
 1.56296e-40
 2.00561e-40
 1.10267e-40
 1.36891e-15
 1.75706e-15
 6.07124e-16
 3.45908e-16
 2.09280e-16
 1.48209e-16
 1.39317e-16
 1.74779e-16
 2.45041e-16
 3.29944e-16
 4.08278e-16
 4.66005e-16
 4.94308e-16
 4.78523e-16
 4.11826e-16
 3.25076e-16
 2.41590e-16
 1.65530e-16
 1.04531e-16
 6.06985e-17
 3.23759e-17
 1.58432e-17
 7.10312e-18
 2.91358e-18
 1.09184e-18
 3.72059e-19
 1.11843e-19
 2.71060e-20
 4.84745e-21
 6.12089e-22
 5.07727e-23
 2.44180e-24
 5.33055e-26
 2.77653e-28
 8.77587e-34
 3.47527e-34
 1.22037e-34
 3.83466e-35
 1.08596e-35
 2.78813e-36
 6.52569e-37
 1.40044e-37
 2.77241e-38
 5.09400e-39
 8.77350e-40
 1.51128e-40
 3.99649e-41
 2.98387e-41
 3.82887e-41
 4.97597e-41
 2.72705e-41
 1.42011e-15
 1.73105e-15
 4.82270e-16
 2.64910e-16
 1.45004e-16
 8.10330e-17
 4.90839e-17
 3.51559e-17
 3.18350e-17
 3.47875e-17
 3.96060e-17
 4.34050e-17
 4.51721e-17
 4.31647e-17
 3.70358e-17
 2.94079e-17
 2.19352e-17
 1.51558e-17
 9.67751e-18
 5.70382e-18
 3.10083e-18
 1.55356e-18
 7.16626e-19
 3.04037e-19
 1.18514e-19
 4.22358e-20
 1.33277e-20
 3.40230e-21
 6.44694e-22
 8.71126e-23
 7.86235e-24
 4.23762e-25
 1.09878e-26
 7.81457e-29
 6.70431e-35
 2.72078e-35
 9.79340e-36
 3.15379e-36
 9.14987e-37
 2.40523e-37
 5.75899e-38
 1.26287e-38
 2.55114e-39
 4.77990e-40
 8.47268e-41
 1.65241e-41
 6.60054e-42
 6.81329e-42
 9.42126e-42
 1.21629e-41
 6.65805e-42
 1.84639e-15
 2.10478e-15
 3.98984e-16
 2.16047e-16
 1.15478e-16
 6.11182e-17
 3.22996e-17
 1.74111e-17
 1.00107e-17
 6.54403e-18
 5.04218e-18
 4.41651e-18
 4.08848e-18
 3.68317e-18
 3.12644e-18
 2.49854e-18
 1.85603e-18
 1.29209e-18
 8.34364e-19
 4.99296e-19
 2.76690e-19
 1.41898e-19
 6.72964e-20
 2.94940e-20
 1.19362e-20
 4.43719e-21
 1.46493e-21
 3.92361e-22
 7.84095e-23
 1.12700e-23
 1.09746e-24
 6.54012e-26
 1.96402e-27
 1.81538e-29
 4.94448e-36
 2.05226e-36
 7.55819e-37
 2.49042e-37
 7.39111e-38
 1.98667e-38
 4.86076e-39
 1.08817e-39
 2.24178e-40
 4.28910e-41
 7.98514e-42
 1.98307e-42
 1.24289e-42
 1.60227e-42
 2.30534e-42
 2.93148e-42
 1.60460e-42
 2.95840e-15
 3.18083e-15
 3.42415e-16
 1.83756e-16
 9.71875e-17
 5.06958e-17
 2.61119e-17
 1.33122e-17
 6.75326e-18
 3.44824e-18
 1.81090e-18
 1.01010e-18
 6.16596e-19
 4.13517e-19
 2.95548e-19
 2.15197e-19
 1.53680e-19
 1.05033e-19
 6.77479e-20
 4.09294e-20
 2.30640e-20
 1.20938e-20
 5.89227e-21
 2.66478e-21
 1.11783e-21
 4.32425e-22
 1.48901e-22
 4.16864e-23
 8.74685e-24
 1.32988e-24
 1.38661e-25
 9.03113e-27
 3.07881e-28
 3.54524e-30
 3.52282e-37
 1.49262e-37
 5.61466e-38
 1.88992e-38
 5.72945e-39
 1.57269e-39
 3.92756e-40
 8.96807e-41
 1.88377e-41
 3.70193e-42
 7.63918e-43
 2.79877e-43
 2.60349e-43
 3.86687e-43
 5.58650e-43
 6.99460e-43
 3.82568e-43
 4.62963e-15
 4.82889e-15
 3.06207e-16
 1.63459e-16
 8.59549e-17
 4.45446e-17
 2.27610e-17
 1.14734e-17
 5.70949e-18
 2.80774e-18
 1.36698e-18
 6.61064e-19
 3.19378e-19
 1.55549e-19
 7.72820e-20
 3.96216e-20
 2.10724e-20
 1.15580e-20
 6.43244e-21
 3.55702e-21
 1.91618e-21
 9.90097e-22
 4.85255e-22
 2.23892e-22
 9.67719e-23
 3.88309e-23
 1.39148e-23
 4.06155e-24
 8.91616e-25
 1.42715e-25
 1.58269e-26
 1.11535e-27
 4.24431e-29
 5.86778e-31
 2.41844e-38
 1.04422e-38
 4.00547e-39
 1.37526e-39
 4.25291e-40
 1.19064e-40
 3.03162e-41
 7.05453e-42
 1.51241e-42
 3.10773e-43
 7.93256e-44
 4.61354e-44
 5.71726e-44
 9.09441e-44
 1.29487e-43
 1.64293e-43
 9.11102e-44
 2.76861e-15
 2.86427e-15
 1.46893e-16
 7.82455e-17
 4.10520e-17
 2.12229e-17
 1.08157e-17
 5.43569e-18
 2.69507e-18
 1.31872e-18
 6.36985e-19
 3.03817e-19
 1.43115e-19
 6.65908e-20
 3.06082e-20
 1.38988e-20
 6.23520e-21
 2.76350e-21
 1.21010e-21
 5.23559e-22
 2.23844e-22
 9.45942e-23
 3.95223e-23
 1.63314e-23
 6.67790e-24
 2.67825e-24
 9.98383e-25
 3.06413e-25
 7.04710e-26
 1.18349e-26
 1.38517e-27
 1.04214e-28
 4.32651e-30
 6.85213e-32
 1.36426e-39
 5.96561e-40
 2.31826e-40
 8.06405e-41
 2.52599e-41
 7.16072e-42
 1.84528e-42
 4.34442e-43
 9.46456e-44
 2.07211e-44
 6.96459e-45
 5.63989e-45
 8.08827e-45
 1.31308e-44
 1.95268e-44
 2.88931e-44
 1.73984e-44
 1.23682e-11
 2.08867e-11
 1.46175e-11
 1.10275e-11
 8.89599e-12
 6.99074e-12
 5.16463e-12
 3.55282e-12
 2.30016e-12
 1.45105e-12
 9.44182e-13
 6.69207e-13
 5.23767e-13
 4.50395e-13
 4.11085e-13
 3.74672e-13
 3.29662e-13
 2.72908e-13
 2.07364e-13
 1.40508e-13
 8.39210e-14
 4.48354e-14
 2.15148e-14
 9.31245e-15
 3.64177e-15
 1.29539e-15
 4.35180e-16
 1.42939e-16
 4.60858e-17
 1.45892e-17
 4.53430e-18
 1.38412e-18
 4.15118e-19
 1.22363e-19
 3.54581e-20
 1.01024e-20
 2.82999e-21
 7.79407e-22
 2.11018e-22
 5.61578e-23
 1.46898e-23
 3.77688e-24
 9.54483e-25
 2.37099e-25
 5.78924e-26
 1.38941e-26
 3.27744e-27
 7.59732e-28
 1.73364e-28
 3.96482e-29
 7.55785e-30
 3.36354e-11
 6.20095e-11
 5.27541e-11
 4.49584e-11
 3.72931e-11
 2.93427e-11
 2.14855e-11
 1.46926e-11
 9.59865e-12
 6.30378e-12
 4.43435e-12
 3.47513e-12
 3.00318e-12
 2.80815e-12
 2.72239e-12
 2.57015e-12
 2.29493e-12
 1.90072e-12
 1.43334e-12
 9.59736e-13
 5.67547e-13
 3.01057e-13
 1.43835e-13
 6.21512e-14
 2.43438e-14
 8.67835e-15
 2.86640e-15
 8.92445e-16
 2.63413e-16
 7.41521e-17
 2.00657e-17
 5.27186e-18
 1.36005e-18
 3.48461e-19
 8.95022e-20
 2.31726e-20
 6.05218e-21
 1.58935e-21
 4.17070e-22
 1.08659e-22
 2.80251e-23
 7.15210e-24
 1.81028e-24
 4.51536e-25
 1.10454e-25
 2.65401e-26
 6.26548e-27
 1.45319e-27
 3.32025e-28
 7.44353e-29
 1.26813e-29
 6.62110e-11
 1.26948e-10
 1.14896e-10
 9.93505e-11
 8.15512e-11
 6.37308e-11
 4.64774e-11
 3.19644e-11
 2.18012e-11
 1.58509e-11
 1.28857e-11
 1.16989e-11
 1.14889e-11
 1.19486e-11
 1.23196e-11
 1.18821e-11
 1.06845e-11
 8.82259e-12
 6.59057e-12
 4.35947e-12
 2.55191e-12
 1.34323e-12
 6.38343e-13
 2.74910e-13
 1.07499e-13
 3.83062e-14
 1.26339e-14
 3.91123e-15
 1.13956e-15
 3.12992e-16
 8.12097e-17
 1.99673e-17
 4.67333e-18
 1.04815e-18
 2.27477e-19
 4.84271e-20
 1.02894e-20
 2.22271e-21
 4.95255e-22
 1.14311e-22
 2.71711e-23
 6.57299e-24
 1.59729e-24
 3.88569e-25
 9.45124e-26
 2.28437e-26
 5.43176e-27
 1.26462e-27
 2.90149e-28
 6.36822e-29
 9.08845e-30
 1.33407e-10
 2.55330e-10
 2.29642e-10
 1.97491e-10
 1.62199e-10
 1.26697e-10
 9.24060e-11
 6.54798e-11
 4.91195e-11
 4.14920e-11
 3.93506e-11
 4.05912e-11
 4.45893e-11
 5.07069e-11
 5.39878e-11
 5.19551e-11
 4.63969e-11
 3.79659e-11
 2.80392e-11
 1.83172e-11
 1.06158e-11
 5.54295e-12
 2.61827e-12
 1.12248e-12
 4.37450e-13
 1.55504e-13
 5.11847e-14
 1.58131e-14
 4.59710e-15
 1.25935e-15
 3.25495e-16
 7.94843e-17
 1.83645e-17
 4.02155e-18
 8.36718e-19
 1.66024e-19
 3.16115e-20
 5.83489e-21
 1.06140e-21
 1.94874e-22
 3.70719e-23
 7.44007e-24
 1.57066e-24
 3.46132e-25
 7.86235e-26
 1.81738e-26
 4.24957e-27
 9.95328e-28
 2.32236e-28
 5.16842e-29
 7.03034e-30
 2.56836e-10
 4.92955e-10
 4.46038e-10
 3.86652e-10
 3.19756e-10
 2.49289e-10
 1.84361e-10
 1.41279e-10
 1.22125e-10
 1.19510e-10
 1.28780e-10
 1.49341e-10
 1.80865e-10
 2.14064e-10
 2.27139e-10
 2.16807e-10
 1.91838e-10
 1.55503e-10
 1.13568e-10
 7.32844e-11
 4.20591e-11
 2.17899e-11
 1.02299e-11
 4.36421e-12
 1.69414e-12
 6.00374e-13
 1.96989e-13
 6.06136e-14
 1.75378e-14
 4.77948e-15
 1.22866e-15
 2.98385e-16
 6.85463e-17
 1.49133e-17
 3.07638e-18
 6.02436e-19
 1.12166e-19
 1.99038e-20
 3.38011e-21
 5.53597e-22
 8.86650e-23
 1.42134e-23
 2.35800e-24
 4.16778e-25
 7.90835e-26
 1.59418e-26
 3.37311e-27
 7.41343e-28
 1.68751e-28
 3.77430e-29
 5.14048e-30
 4.75929e-10
 9.15926e-10
 8.33146e-10
 7.26311e-10
 6.01087e-10
 4.70446e-10
 3.68403e-10
 3.22854e-10
 3.22920e-10
 3.62239e-10
 4.46334e-10
 5.69383e-10
 7.27422e-10
 8.65384e-10
 9.05245e-10
 8.57263e-10
 7.52057e-10
 6.04270e-10
 4.36404e-10
 2.78053e-10
 1.58044e-10
 8.12524e-11
 3.79080e-11
 1.60869e-11
 6.21756e-12
 2.19558e-12
 7.17783e-13
 2.19872e-13
 6.32799e-14
 1.71422e-14
 4.37808e-15
 1.05589e-15
 2.40826e-16
 5.20130e-17
 1.06504e-17
 2.06982e-18
 3.82166e-19
 6.71070e-20
 1.12203e-20
 1.78954e-21
 2.73123e-22
 4.01400e-23
 5.75293e-24
 8.22933e-25
 1.21898e-25
 1.94165e-26
 3.37219e-27
 6.30453e-28
 1.25505e-28
 2.57039e-29
 3.44515e-30
 8.46365e-10
 1.63347e-09
 1.49433e-09
 1.30926e-09
 1.08417e-09
 8.78374e-10
 7.72795e-10
 7.80888e-10
 9.02281e-10
 1.17490e-09
 1.60957e-09
 2.15699e-09
 2.80362e-09
 3.30968e-09
 3.41473e-09
 3.21119e-09
 2.79467e-09
 2.22548e-09
 1.58786e-09
 9.98190e-10
 5.62091e-10
 2.86776e-10
 1.32922e-10
 5.60900e-11
 2.15753e-11
 7.58860e-12
 2.47080e-12
 7.53089e-13
 2.15477e-13
 5.79883e-14
 1.47040e-14
 3.51908e-15
 7.96155e-16
 1.70518e-16
 3.46198e-17
 6.67102e-18
 1.22140e-18
 2.12696e-19
 3.52620e-20
 5.57049e-21
 8.39383e-22
 1.20823e-22
 1.66593e-23
 2.21321e-24
 2.86901e-25
 3.72119e-26
 5.03391e-27
 7.41971e-28
 1.20992e-28
 2.10374e-29
 2.54325e-30
 1.44271e-09
 2.79268e-09
 2.56966e-09
 2.25788e-09
 1.90271e-09
 1.68056e-09
 1.69450e-09
 1.98892e-09
 2.71160e-09
 3.98085e-09
 5.76494e-09
 7.85235e-09
 1.02294e-08
 1.19561e-08
 1.21879e-08
 1.13852e-08
 9.82667e-09
 7.74632e-09
 5.45312e-09
 3.38158e-09
 1.88722e-09
 9.55353e-10
 4.39805e-10
 1.84484e-10
 7.06018e-11
 2.47256e-11
 8.01452e-12
 2.42949e-12
 6.90701e-13
 1.84547e-13
 4.64294e-14
 1.10190e-14
 2.47105e-15
 5.24440e-16
 1.05491e-16
 2.01383e-17
 3.65309e-18
 6.30409e-19
 1.03600e-19
 1.62282e-20
 2.42505e-21
 3.45979e-22
 4.71667e-23
 6.15240e-24
 7.69907e-25
 9.30059e-26
 1.10026e-26
 1.31310e-27
 1.66471e-28
 2.31293e-29
 2.45992e-30
 2.35463e-09
 4.57181e-09
 4.22865e-09
 3.74150e-09
 3.33820e-09
 3.31932e-09
 3.88785e-09
 5.46638e-09
 8.55940e-09
 1.34203e-08
 1.98400e-08
 2.70947e-08
 3.52562e-08
 4.07963e-08
 4.10942e-08
 3.81109e-08
 3.25859e-08
 2.53816e-08
 1.76122e-08
 1.07814e-08
 5.96297e-09
 2.99443e-09
 1.36895e-09
 5.70715e-10
 2.17249e-10
 7.57330e-11
 2.44291e-11
 7.36153e-12
 2.07838e-12
 5.50992e-13
 1.37444e-13
 3.23238e-14
 7.18004e-15
 1.50897e-15
 3.00518e-16
 5.67986e-17
 1.02016e-17
 1.74345e-18
 2.83823e-19
 4.40584e-20
 6.52758e-21
 9.23772e-22
 1.24960e-22
 1.61680e-23
 2.00231e-24
 2.37654e-25
 2.71127e-26
 2.99577e-27
 3.27110e-28
 3.64273e-29
 3.28139e-30
 3.68045e-09
 7.16642e-09
 6.65579e-09
 6.07404e-09
 5.92050e-09
 6.78272e-09
 9.61406e-09
 1.58931e-08
 2.69831e-08
 4.34909e-08
 6.46344e-08
 8.83022e-08
 1.14708e-07
 1.31195e-07
 1.30433e-07
 1.19948e-07
 1.01452e-07
 7.79473e-08
 5.32894e-08
 3.22383e-08
 1.76647e-08
 8.80088e-09
 3.99574e-09
 1.65550e-09
 6.26720e-10
 2.17410e-10
 6.97635e-11
 2.08880e-11
 5.85298e-12
 1.53856e-12
 3.80262e-13
 8.85547e-14
 1.94700e-14
 4.04909e-15
 7.97874e-16
 1.49209e-16
 2.65201e-17
 4.48601e-18
 7.23072e-19
 1.11179e-19
 1.63233e-20
 2.29047e-21
 3.07401e-22
 3.94849e-23
 4.85669e-24
 5.72329e-25
 6.46570e-26
 7.01183e-27
 7.33545e-28
 7.45943e-29
 6.01911e-30
 5.53455e-09
 1.07909e-08
 1.01280e-08
 9.75339e-09
 1.06993e-08
 1.48023e-08
 2.53456e-08
 4.64523e-08
 8.18611e-08
 1.33227e-07
 1.98147e-07
 2.71729e-07
 3.51314e-07
 3.95576e-07
 3.87951e-07
 3.53050e-07
 2.94995e-07
 2.23383e-07
 1.50423e-07
 9.00067e-08
 4.88834e-08
 2.41735e-08
 1.09016e-08
 4.48874e-09
 1.68969e-09
 5.83127e-10
 1.86058e-10
 5.53195e-11
 1.53743e-11
 4.00438e-12
 9.79856e-13
 2.25784e-13
 4.90995e-14
 1.00972e-14
 1.96733e-15
 3.63805e-16
 6.39532e-17
 1.07025e-17
 1.70730e-18
 2.59925e-19
 3.78058e-20
 5.25834e-21
 6.99968e-22
 8.92392e-23
 1.09029e-23
 1.27715e-24
 1.43488e-25
 1.54667e-26
 1.60187e-27
 1.59250e-28
 1.24204e-29
 8.12323e-09
 1.57652e-08
 1.50604e-08
 1.56398e-08
 2.02446e-08
 3.46433e-08
 6.78845e-08
 1.31015e-07
 2.34344e-07
 3.82915e-07
 5.70030e-07
 7.88582e-07
 1.00760e-06
 1.10998e-06
 1.07485e-06
 9.66153e-07
 7.96623e-07
 5.94426e-07
 3.94461e-07
 2.33712e-07
 1.25937e-07
 6.18528e-08
 2.77149e-08
 1.13410e-08
 4.24406e-09
 1.45651e-09
 4.61834e-10
 1.36262e-10
 3.75309e-11
 9.67760e-12
 2.34254e-12
 5.33658e-13
 1.14693e-13
 2.33065e-14
 4.48717e-15
 8.20053e-16
 1.42505e-16
 2.35834e-17
 3.72205e-18
 5.60920e-19
 8.08063e-20
 1.11390e-20
 1.47055e-21
 1.86067e-22
 2.25786e-23
 2.62899e-24
 2.93848e-25
 3.15367e-26
 3.25311e-27
 3.21539e-28
 2.48633e-29
 1.12161e-08
 2.19455e-08
 2.17701e-08
 2.54449e-08
 4.09308e-08
 8.35898e-08
 1.76455e-07
 3.48144e-07
 6.26662e-07
 1.02828e-06
 1.53568e-06
 2.14064e-06
 2.68128e-06
 2.87599e-06
 2.75111e-06
 2.44114e-06
 1.98658e-06
 1.46156e-06
 9.57351e-07
 5.62671e-07
 3.01185e-07
 1.47010e-07
 6.54623e-08
 2.66182e-08
 9.89883e-09
 3.37613e-09
 1.06300e-09
 3.10945e-10
 8.47947e-11
 2.16251e-11
 5.17311e-12
 1.16407e-12
 2.47048e-13
 4.95697e-14
 9.42431e-15
 1.70123e-15
 2.92113e-16
 4.77897e-17
 7.46026e-18
 1.11271e-18
 1.58755e-19
 2.16888e-20
 2.83982e-21
 3.56644e-22
 4.29884e-23
 4.97598e-24
 5.53363e-25
 5.91403e-26
 6.08027e-27
 5.99076e-28
 4.61604e-29
 1.40074e-08
 2.80396e-08
 3.02104e-08
 4.29798e-08
 8.65534e-08
 1.97832e-07
 4.32129e-07
 8.60164e-07
 1.55632e-06
 2.56756e-06
 3.86014e-06
 5.33524e-06
 6.43108e-06
 6.69207e-06
 6.36024e-06
 5.62150e-06
 4.54699e-06
 3.31009e-06
 2.14738e-06
 1.25448e-06
 6.67421e-07
 3.23796e-07
 1.43262e-07
 5.78580e-08
 2.13657e-08
 7.23479e-09
 2.25935e-09
 6.54430e-10
 1.76476e-10
 4.44598e-11
 1.04991e-11
 2.33129e-12
 4.88144e-13
 9.66396e-14
 1.81327e-14
 3.23158e-15
 5.48099e-16
 8.86242e-17
 1.36826e-17
 2.01977e-18
 2.85416e-19
 3.86503e-20
 5.02022e-21
 6.25932e-22
 7.49642e-23
 8.62866e-24
 9.54969e-25
 1.01658e-25
 1.04187e-26
 1.02359e-27
 7.86472e-29
 1.60970e-08
 3.32326e-08
 4.12383e-08
 7.58785e-08
 1.82506e-07
 4.42671e-07
 9.79604e-07
 1.95803e-06
 3.57887e-06
 5.85876e-06
 8.23489e-06
 1.02776e-05
 1.15196e-05
 1.17167e-05
 1.12760e-05
 1.02964e-05
 8.75107e-06
 6.71344e-06
 4.47332e-06
 2.59620e-06
 1.37013e-06
 6.59770e-07
 2.89734e-07
 1.16088e-07
 4.25113e-08
 1.42700e-08
 4.41284e-09
 1.26364e-09
 3.36440e-10
 8.36114e-11
 1.94668e-11
 4.26071e-12
 8.79417e-13
 1.71661e-13
 3.17712e-14
 5.58828e-15
 9.36048e-16
 1.49583e-16
 2.28417e-17
 3.33767e-18
 4.67265e-19
 6.27405e-20
 8.08712e-21
 1.00147e-21
 1.19225e-22
 1.36525e-23
 1.50441e-24
 1.59579e-25
 1.63093e-26
 1.59816e-27
 1.22481e-28
 1.75087e-08
 3.79300e-08
 5.77793e-08
 1.36612e-07
 3.67339e-07
 9.15234e-07
 2.02830e-06
 4.05682e-06
 7.08719e-06
 1.04219e-05
 1.30224e-05
 1.47170e-05
 1.55805e-05
 1.56725e-05
 1.53238e-05
 1.45161e-05
 1.31004e-05
 1.09347e-05
 8.04325e-06
 4.97000e-06
 2.60925e-06
 1.24276e-06
 5.40225e-07
 2.14247e-07
 7.76258e-08
 2.57706e-08
 7.87342e-09
 2.22415e-09
 5.83550e-10
 1.42818e-10
 3.27378e-11
 7.05507e-12
 1.43422e-12
 2.75876e-13
 5.03481e-14
 8.73908e-15
 1.44576e-15
 2.28425e-16
 3.45200e-17
 4.99713e-18
 6.93790e-19
 9.24822e-20
 1.18481e-20
 1.45989e-21
 1.73113e-22
 1.97662e-23
 2.17424e-24
 2.30468e-25
 2.35593e-26
 2.30940e-27
 1.76912e-28
 1.82889e-08
 4.29263e-08
 8.40670e-08
 2.40291e-07
 6.85049e-07
 1.72217e-06
 3.77206e-06
 7.12944e-06
 1.10904e-05
 1.42985e-05
 1.62691e-05
 1.74149e-05
 1.79634e-05
 1.80165e-05
 1.77827e-05
 1.72201e-05
 1.61704e-05
 1.44304e-05
 1.17725e-05
 8.18390e-06
 4.59318e-06
 2.16345e-06
 9.26806e-07
 3.62384e-07
 1.29424e-07
 4.23428e-08
 1.27385e-08
 3.53992e-09
 9.13119e-10
 2.19709e-10
 4.95353e-11
 1.05075e-11
 2.10455e-12
 3.99266e-13
 7.19442e-14
 1.23418e-14
 2.01970e-15
 3.15885e-16
 4.72921e-17
 6.78683e-18
 9.34786e-19
 1.23704e-19
 1.57425e-20
 1.92809e-21
 2.27424e-22
 2.58487e-23
 2.83230e-24
 2.99291e-25
 3.05271e-26
 2.98757e-27
 2.28565e-28
 1.86059e-08
 4.92270e-08
 1.22716e-07
 3.87116e-07
 1.13038e-06
 2.82808e-06
 5.95942e-06
 1.02645e-05
 1.42067e-05
 1.67410e-05
 1.81532e-05
 1.89183e-05
 1.92626e-05
 1.93007e-05
 1.91580e-05
 1.87958e-05
 1.80750e-05
 1.67833e-05
 1.46351e-05
 1.13322e-05
 7.10983e-06
 3.48292e-06
 1.46556e-06
 5.62305e-07
 1.96775e-07
 6.29887e-08
 1.85479e-08
 5.05304e-09
 1.27971e-09
 3.02673e-10
 6.71504e-11
 1.40317e-11
 2.77181e-12
 5.19311e-13
 9.25413e-14
 1.57207e-14
 2.54989e-15
 3.95530e-16
 5.87523e-17
 8.36918e-18
 1.14466e-18
 1.50463e-19
 1.90250e-20
 2.31587e-21
 2.71582e-22
 3.06983e-23
 3.34617e-24
 3.51871e-25
 3.57290e-26
 3.48133e-27
 2.65719e-28
 1.86760e-08
 5.69540e-08
 1.66807e-07
 5.42948e-07
 1.59795e-06
 3.96884e-06
 8.02734e-06
 1.27164e-05
 1.62273e-05
 1.81840e-05
 1.91989e-05
 1.97054e-05
 1.99208e-05
 1.99513e-05
 1.98712e-05
 1.96528e-05
 1.91849e-05
 1.82712e-05
 1.66014e-05
 1.37881e-05
 9.56753e-06
 5.08057e-06
 2.12590e-06
 7.95651e-07
 2.70429e-07
 8.40904e-08
 2.40941e-08
 6.40305e-09
 1.58643e-09
 3.67848e-10
 8.01181e-11
 1.64494e-11
 3.19459e-12
 5.88729e-13
 1.03260e-13
 1.72856e-14
 2.76924e-15
 4.25267e-16
 6.26931e-17
 8.88039e-18
 1.20946e-18
 1.58482e-19
 1.99926e-20
 2.42943e-21
 2.84504e-22
 3.21230e-23
 3.49832e-24
 3.67593e-25
 3.72965e-26
 3.62893e-27
 2.76638e-28
 1.85733e-08
 6.45794e-08
 2.06324e-07
 6.75015e-07
 1.99129e-06
 4.93375e-06
 9.67398e-06
 1.44227e-05
 1.74483e-05
 1.89954e-05
 1.97427e-05
 2.00868e-05
 2.02265e-05
 2.02525e-05
 2.02120e-05
 2.00879e-05
 1.97962e-05
 1.91671e-05
 1.78871e-05
 1.54903e-05
 1.14994e-05
 6.50930e-06
 2.72245e-06
 9.87733e-07
 3.24654e-07
 9.78938e-08
 2.72201e-08
 7.01287e-09
 1.68592e-09
 3.80622e-10
 8.10675e-11
 1.63425e-11
 3.12609e-12
 5.68647e-13
 9.85660e-14
 1.63147e-14
 2.58500e-15
 3.92978e-16
 5.74409e-17
 8.08234e-18
 1.09577e-18
 1.43230e-19
 1.80551e-20
 2.19521e-21
 2.57463e-22
 2.91322e-23
 3.18065e-24
 3.35117e-25
 3.40917e-26
 3.32372e-27
 2.53594e-28
 1.80429e-08
 7.01672e-08
 2.35842e-07
 7.68954e-07
 2.26702e-06
 5.63058e-06
 1.07892e-05
 1.54611e-05
 1.81212e-05
 1.94100e-05
 1.99979e-05
 2.02515e-05
 2.03513e-05
 2.03752e-05
 2.03571e-05
 2.02874e-05
 2.01030e-05
 1.96585e-05
 1.86419e-05
 1.65059e-05
 1.26186e-05
 7.29770e-06
 3.01098e-06
 1.05085e-06
 3.31474e-07
 9.61311e-08
 2.57912e-08
 6.43138e-09
 1.50155e-09
 3.30497e-10
 6.89345e-11
 1.36750e-11
 2.58642e-12
 4.67169e-13
 8.06805e-14
 1.33324e-14
 2.10883e-15
 3.19723e-16
 4.65285e-17
 6.51250e-18
 8.78408e-19
 1.14335e-19
 1.43734e-20
 1.74588e-21
 2.04916e-22
 2.32414e-23
 2.54636e-24
 2.69417e-25
 2.75339e-26
 2.69548e-27
 2.06370e-28
 1.65302e-08
 7.22388e-08
 2.51284e-07
 8.14205e-07
 2.39598e-06
 5.97928e-06
 1.13407e-05
 1.59494e-05
 1.84220e-05
 1.95823e-05
 2.00943e-05
 2.03078e-05
 2.03906e-05
 2.04142e-05
 2.04063e-05
 2.03605e-05
 2.02255e-05
 1.98684e-05
 1.89704e-05
 1.69046e-05
 1.29117e-05
 7.33388e-06
 2.89163e-06
 9.50181e-07
 2.81186e-07
 7.69720e-08
 1.97461e-08
 4.77417e-09
 1.09143e-09
 2.36456e-10
 4.86831e-11
 9.55026e-12
 1.78911e-12
 3.20665e-13
 5.50722e-14
 9.07476e-15
 1.43590e-15
 2.18166e-16
 3.18342e-17
 4.46427e-18
 6.02287e-19
 7.82794e-20
 9.81630e-21
 1.18935e-21
 1.39372e-22
 1.58044e-23
 1.73452e-24
 1.84201e-25
 1.89267e-26
 1.86408e-27
 1.43520e-28
 1.39308e-08
 7.04198e-08
 2.51565e-07
 8.03518e-07
 2.34638e-06
 5.94039e-06
 1.13892e-05
 1.60368e-05
 1.84825e-05
 1.96121e-05
 2.01055e-05
 2.03100e-05
 2.03901e-05
 2.04160e-05
 2.04118e-05
 2.03709e-05
 2.02462e-05
 1.99028e-05
 1.89970e-05
 1.67990e-05
 1.24495e-05
 6.63712e-06
 2.36517e-06
 6.98775e-07
 1.86879e-07
 4.72072e-08
 1.14736e-08
 2.68610e-09
 6.02864e-10
 1.29328e-10
 2.65007e-11
 5.18932e-12
 9.71746e-13
 1.74163e-13
 2.99111e-14
 4.93007e-15
 7.81072e-16
 1.19083e-16
 1.74789e-17
 2.46896e-18
 3.35461e-19
 4.38492e-20
 5.51875e-21
 6.69731e-22
 7.84953e-23
 8.89481e-24
 9.75941e-25
 1.03763e-25
 1.06933e-26
 1.05776e-27
 8.18587e-29
 1.12648e-08
 6.32974e-08
 2.23407e-07
 6.91486e-07
 1.97265e-06
 5.10462e-06
 1.04309e-05
 1.54307e-05
 1.81712e-05
 1.94298e-05
 1.99905e-05
 2.02318e-05
 2.03326e-05
 2.03721e-05
 2.03705e-05
 2.03192e-05
 2.01718e-05
 1.97708e-05
 1.87106e-05
 1.61023e-05
 1.11300e-05
 5.29773e-06
 1.62467e-06
 3.99906e-07
 8.98568e-08
 1.99843e-08
 4.51885e-09
 1.02956e-09
 2.30553e-10
 4.99064e-11
 1.03608e-11
 2.05886e-12
 3.91651e-13
 7.13505e-14
 1.24509e-14
 2.08181e-15
 3.33799e-16
 5.13964e-17
 7.61060e-18
 1.08496e-18
 1.48988e-19
 1.97087e-20
 2.51110e-21
 3.08173e-22
 3.64464e-23
 4.15756e-24
 4.57998e-25
 4.87838e-26
 5.03119e-27
 4.97866e-28
 3.85317e-29
 9.09888e-09
 5.14052e-08
 1.76059e-07
 5.29594e-07
 1.46236e-06
 3.73281e-06
 8.15560e-06
 1.34047e-05
 1.70074e-05
 1.87463e-05
 1.95719e-05
 1.99565e-05
 2.01323e-05
 2.02098e-05
 2.02050e-05
 2.01109e-05
 1.98784e-05
 1.92916e-05
 1.78374e-05
 1.44787e-05
 9.00916e-06
 3.77417e-06
 1.00199e-06
 1.85183e-07
 2.91800e-08
 4.97539e-09
 1.01560e-09
 2.39496e-10
 5.76356e-11
 1.33979e-11
 2.95463e-12
 6.16280e-13
 1.21850e-13
 2.29130e-14
 4.10836e-15
 7.03504e-16
 1.15179e-16
 1.80535e-17
 2.71345e-18
 3.91772e-19
 5.44235e-20
 7.28156e-21
 9.38667e-22
 1.16585e-22
 1.39499e-23
 1.60823e-24
 1.78719e-25
 1.91606e-26
 1.98451e-27
 1.96767e-28
 1.52074e-29
 7.12506e-09
 3.92419e-08
 1.33353e-07
 3.97008e-07
 1.07234e-06
 2.61167e-06
 5.66847e-06
 1.02647e-05
 1.46080e-05
 1.72536e-05
 1.86110e-05
 1.92938e-05
 1.96252e-05
 1.97726e-05
 1.97409e-05
 1.95348e-05
 1.90962e-05
 1.81000e-05
 1.59057e-05
 1.17354e-05
 6.52922e-06
 2.54545e-06
 6.31778e-07
 8.72131e-08
 6.75172e-09
 5.23255e-10
 1.02133e-10
 3.33471e-11
 9.99223e-12
 2.66265e-12
 6.45526e-13
 1.44584e-13
 3.02191e-14
 5.93882e-15
 1.10389e-15
 1.94871e-16
 3.27586e-17
 5.25384e-18
 8.05279e-19
 1.18196e-19
 1.66492e-20
 2.25491e-21
 2.94015e-22
 3.69296e-23
 4.46851e-24
 5.20795e-25
 5.84604e-26
 6.32205e-27
 6.59230e-28
 6.56367e-29
 5.07233e-30
 5.25990e-09
 2.84447e-08
 9.53472e-08
 2.80292e-07
 7.45815e-07
 1.77922e-06
 3.78131e-06
 7.07046e-06
 1.11137e-05
 1.45579e-05
 1.67150e-05
 1.78840e-05
 1.84791e-05
 1.87367e-05
 1.86299e-05
 1.81974e-05
 1.73700e-05
 1.56639e-05
 1.25824e-05
 8.33006e-06
 4.31533e-06
 1.67886e-06
 4.29996e-07
 5.88697e-08
 3.04700e-09
 1.87697e-11
 6.57514e-12
 3.69710e-12
 1.41523e-12
 4.39520e-13
 1.18521e-13
 2.87729e-14
 6.41025e-15
 1.32624e-15
 2.57048e-16
 4.69828e-17
 8.13688e-18
 1.33936e-18
 2.09986e-19
 3.14213e-20
 4.49819e-21
 6.17543e-22
 8.14755e-23
 1.03449e-23
 1.26483e-24
 1.48925e-25
 1.68830e-26
 1.84253e-27
 1.93633e-28
 1.94052e-29
 1.53095e-30
 3.57790e-09
 1.89581e-08
 6.27840e-08
 1.82774e-07
 4.81373e-07
 1.13580e-06
 2.39002e-06
 4.46422e-06
 7.37336e-06
 1.05515e-05
 1.32019e-05
 1.50021e-05
 1.60243e-05
 1.64686e-05
 1.62161e-05
 1.54083e-05
 1.40166e-05
 1.16505e-05
 8.48616e-06
 5.23202e-06
 2.66594e-06
 1.05318e-06
 2.89060e-07
 4.64586e-08
 3.13338e-09
 3.11854e-11
 4.32667e-13
 3.71368e-13
 1.75957e-13
 6.40734e-14
 1.93524e-14
 5.12203e-15
 1.22299e-15
 2.67834e-16
 5.44020e-17
 1.03381e-17
 1.85050e-18
 3.13474e-19
 5.04088e-20
 7.71195e-21
 1.12515e-21
 1.56940e-22
 2.09840e-23
 2.69531e-24
 3.33049e-25
 3.96141e-26
 4.53573e-27
 4.99792e-28
 5.29823e-29
 5.36648e-30
 4.51297e-31
 2.22309e-09
 1.15721e-08
 3.79435e-08
 1.09675e-07
 2.86941e-07
 6.73163e-07
 1.41115e-06
 2.63627e-06
 4.38937e-06
 6.50323e-06
 8.65730e-06
 1.04596e-05
 1.16442e-05
 1.22078e-05
 1.18650e-05
 1.08736e-05
 9.35676e-06
 7.20029e-06
 4.96292e-06
 2.99821e-06
 1.52467e-06
 6.14466e-07
 1.79554e-07
 3.30794e-08
 2.93148e-09
 5.78812e-11
 3.14886e-14
 3.45939e-14
 1.98455e-14
 8.43338e-15
 2.86038e-15
 8.28125e-16
 2.12617e-16
 4.94665e-17
 1.05715e-17
 2.09649e-18
 3.89056e-19
 6.79963e-20
 1.12411e-20
 1.76271e-21
 2.62811e-22
 3.73438e-23
 5.07159e-24
 6.60053e-25
 8.25023e-26
 9.91742e-27
 1.14715e-27
 1.27675e-28
 1.36613e-29
 1.40657e-30
 1.31917e-31
 1.26185e-09
 6.46672e-09
 2.10305e-08
 6.04812e-08
 1.57601e-07
 3.68818e-07
 7.73082e-07
 1.44882e-06
 2.42865e-06
 3.63224e-06
 4.89153e-06
 6.02674e-06
 6.86554e-06
 7.29997e-06
 7.02685e-06
 6.27413e-06
 5.22728e-06
 3.89136e-06
 2.63734e-06
 1.57629e-06
 8.02817e-07
 3.32113e-07
 1.04059e-07
 2.21241e-08
 2.60767e-09
 1.05078e-10
 2.42568e-15
 3.05574e-15
 2.09026e-15
 1.01749e-15
 3.87494e-16
 1.22833e-16
 3.39616e-17
 8.40993e-18
 1.89569e-18
 3.93437e-19
 7.58931e-20
 1.37135e-20
 2.33474e-21
 3.75921e-22
 5.73937e-23
 8.32707e-24
 1.15123e-24
 1.52093e-25
 1.92541e-26
 2.34062e-27
 2.73584e-28
 3.07580e-29
 3.32267e-30
 3.50612e-31
 3.81805e-32
 6.54127e-10
 3.30535e-09
 1.06760e-08
 3.05950e-08
 7.95463e-08
 1.86066e-07
 3.90736e-07
 7.35549e-07
 1.24117e-06
 1.86995e-06
 2.53202e-06
 3.12981e-06
 3.57144e-06
 3.79649e-06
 3.63632e-06
 3.21011e-06
 2.62975e-06
 1.92189e-06
 1.28441e-06
 7.59308e-07
 3.86878e-07
 1.63934e-07
 5.48876e-08
 1.34251e-08
 2.09941e-09
 1.61642e-10
 3.74897e-12
 6.12779e-14
 8.79951e-16
 1.17896e-16
 4.86135e-17
 1.68622e-17
 5.02147e-18
 1.32440e-18
 3.15275e-19
 6.86049e-20
 1.37846e-20
 2.57992e-21
 4.52985e-22
 7.49848e-23
 1.17401e-23
 1.74234e-24
 2.45711e-25
 3.30161e-26
 4.23979e-27
 5.21758e-28
 6.16567e-29
 7.00300e-30
 7.64024e-31
 8.36794e-32
 1.09492e-32
 3.09408e-10
 1.54313e-09
 4.95490e-09
 1.41651e-08
 3.67886e-08
 8.61024e-08
 1.81282e-07
 3.42786e-07
 5.81646e-07
 8.80937e-07
 1.19659e-06
 1.48046e-06
 1.68816e-06
 1.79100e-06
 1.70616e-06
 1.49023e-06
 1.20490e-06
 8.68131e-07
 5.72342e-07
 3.34522e-07
 1.69908e-07
 7.30397e-08
 2.56418e-08
 6.98804e-09
 1.36002e-09
 1.59575e-10
 8.84274e-12
 2.27298e-13
 3.20391e-15
 3.67361e-17
 5.70494e-18
 2.15821e-18
 6.91792e-19
 1.94288e-19
 4.88595e-20
 1.11581e-20
 2.33866e-21
 4.54049e-22
 8.23184e-23
 1.40224e-23
 2.25347e-24
 3.42516e-25
 4.93489e-26
 6.75613e-27
 8.81518e-28
 1.09954e-28
 1.31458e-29
 1.50877e-30
 1.66385e-31
 1.92842e-32
 3.11092e-33
 1.33365e-10
 6.56883e-10
 2.09815e-09
 5.98764e-09
 1.55437e-08
 3.64174e-08
 7.68775e-08
 1.45942e-07
 2.48738e-07
 3.78057e-07
 5.14317e-07
 6.36287e-07
 7.24714e-07
 7.67352e-07
 7.27578e-07
 6.29582e-07
 5.03055e-07
 3.57707e-07
 2.32831e-07
 1.34601e-07
 6.79909e-08
 2.93763e-08
 1.05550e-08
 3.03440e-09
 6.59765e-10
 9.90161e-11
 8.65971e-12
 3.59113e-13
 7.49805e-15
 6.83747e-17
 8.37168e-19
 2.59637e-19
 8.93200e-20
 2.66865e-20
 7.08700e-21
 1.69891e-21
 3.71741e-22
 7.49531e-23
 1.40461e-23
 2.46402e-24
 4.06695e-25
 6.33558e-26
 9.33604e-27
 1.30414e-27
 1.73159e-28
 2.19218e-29
 2.65414e-30
 3.07964e-31
 3.44000e-32
 4.34178e-33
 8.76176e-34
 5.23020e-11
 2.54466e-10
 8.08812e-10
 2.30497e-09
 5.98265e-09
 1.40329e-08
 2.96957e-08
 5.65613e-08
 9.67338e-08
 1.47386e-07
 2.00698e-07
 2.48289e-07
 2.82580e-07
 2.98741e-07
 2.81995e-07
 2.41744e-07
 1.90916e-07
 1.34056e-07
 8.62196e-08
 4.93500e-08
 2.48016e-08
 1.07532e-08
 3.93055e-09
 1.17451e-09
 2.74851e-10
 4.72589e-11
 5.38000e-12
 3.32867e-13
 1.00400e-14
 1.31234e-16
 6.34857e-19
 3.18971e-20
 1.08637e-20
 3.44780e-21
 9.66026e-22
 2.42998e-22
 5.55222e-23
 1.16341e-23
 2.25543e-24
 4.07722e-25
 6.91464e-26
 1.10447e-26
 1.66567e-27
 2.37648e-28
 3.21518e-29
 4.13683e-30
 5.07770e-31
 5.96095e-32
 6.77339e-33
 9.69123e-34
 2.44756e-34
 1.86341e-11
 8.95291e-11
 2.83203e-10
 8.06068e-10
 2.09199e-09
 4.91217e-09
 1.04168e-08
 1.98963e-08
 3.41224e-08
 5.20938e-08
 7.10004e-08
 8.78465e-08
 9.99041e-08
 1.05431e-07
 9.90149e-08
 8.40292e-08
 6.56129e-08
 4.55436e-08
 2.89632e-08
 1.64204e-08
 8.20798e-09
 3.56524e-09
 1.32025e-09
 4.06426e-10
 1.00529e-10
 1.90442e-11
 2.56464e-12
 2.13271e-13
 8.88363e-15
 1.70354e-16
 1.14596e-18
 8.28797e-21
 1.25028e-21
 4.20706e-22
 1.24201e-22
 3.27563e-23
 7.81335e-24
 1.70190e-24
 3.41514e-25
 6.36538e-26
 1.10957e-26
 1.81757e-27
 2.80623e-28
 4.09185e-29
 5.64625e-30
 7.39197e-31
 9.20873e-32
 1.09504e-32
 1.27618e-33
 2.17993e-34
 6.78478e-35
 6.02586e-12
 2.85549e-11
 8.98778e-11
 2.55482e-10
 6.62912e-10
 1.55787e-09
 3.30941e-09
 6.33572e-09
 1.08919e-08
 1.66563e-08
 2.27134e-08
 2.80874e-08
 3.18878e-08
 3.35614e-08
 3.13274e-08
 2.63043e-08
 2.03283e-08
 1.39717e-08
 8.79416e-09
 4.94099e-09
 2.45562e-09
 1.06684e-09
 3.98907e-10
 1.25749e-10
 3.25081e-11
 6.63852e-12
 1.01295e-12
 1.03502e-13
 5.95671e-15
 1.56455e-16
 1.65161e-18
 8.47597e-21
 1.38116e-22
 4.86624e-23
 1.51120e-23
 4.17393e-24
 1.03867e-24
 2.35153e-25
 4.88559e-26
 9.39255e-27
 1.68330e-27
 2.82808e-28
 4.47049e-29
 6.66384e-30
 9.38425e-31
 1.25122e-31
 1.58368e-32
 1.91088e-33
 2.31839e-34
 5.01569e-35
 1.86689e-35
 1.77077e-12
 8.24513e-12
 2.58029e-11
 7.32320e-11
 1.89914e-10
 4.46499e-10
 9.49649e-10
 1.82123e-09
 3.13687e-09
 4.80081e-09
 6.54130e-09
 8.07128e-09
 9.13191e-09
 9.57304e-09
 8.87457e-09
 7.37255e-09
 5.64675e-09
 3.85050e-09
 2.40250e-09
 1.33932e-09
 6.61928e-10
 2.87211e-10
 1.08055e-10
 3.46812e-11
 9.29536e-12
 2.02191e-12
 3.41403e-13
 4.05991e-14
 2.99611e-15
 1.11092e-16
 1.66488e-18
 1.05103e-20
 1.78725e-23
 5.35324e-24
 1.74534e-24
 5.04128e-25
 1.30751e-25
 3.07526e-26
 6.61494e-27
 1.31200e-27
 2.41793e-28
 4.16667e-29
 6.74316e-30
 1.02760e-30
 1.47727e-31
 2.00720e-32
 2.58356e-33
 3.17198e-34
 4.11277e-35
 1.19134e-35
 5.09846e-36
 4.76504e-13
 2.15615e-12
 6.69066e-12
 1.89484e-11
 4.90784e-11
 1.15351e-10
 2.45402e-10
 4.70931e-10
 8.11734e-10
 1.24086e-09
 1.68550e-09
 2.07067e-09
 2.33020e-09
 2.42985e-09
 2.23605e-09
 1.83842e-09
 1.39715e-09
 9.46979e-10
 5.86906e-10
 3.25389e-10
 1.60260e-10
 6.95299e-11
 2.63010e-11
 8.56507e-12
 2.36392e-12
 5.41995e-13
 9.96884e-14
 1.34100e-14
 1.17097e-15
 5.87632e-17
 1.25794e-18
 1.02239e-20
 7.25419e-24
 5.62675e-25
 1.91854e-25
 5.78580e-26
 1.56212e-26
 3.81400e-27
 8.49108e-28
 1.73745e-28
 3.29305e-29
 5.82055e-30
 9.64270e-31
 1.50208e-31
 2.20451e-32
 3.05341e-33
 3.99995e-34
 5.02156e-35
 7.26986e-36
 2.92377e-36
 1.38130e-36
 1.20708e-13
 5.13970e-13
 1.56597e-12
 4.41902e-12
 1.14161e-11
 2.67883e-11
 5.69114e-11
 1.09067e-10
 1.87705e-10
 2.85750e-10
 3.85905e-10
 4.71077e-10
 5.26444e-10
 5.45314e-10
 4.97887e-10
 4.05270e-10
 3.05816e-10
 2.06311e-10
 1.27234e-10
 7.03312e-11
 3.46320e-11
 1.50796e-11
 5.75583e-12
 1.90644e-12
 5.41593e-13
 1.30152e-13
 2.57240e-14
 3.82927e-15
 3.82758e-16
 2.31449e-17
 7.13066e-19
 7.84817e-21
 8.27731e-24
 5.83993e-26
 2.01210e-26
 6.32396e-27
 1.77493e-27
 4.49413e-28
 1.03494e-28
 2.18431e-29
 4.25760e-30
 7.71851e-31
 1.30877e-31
 2.08351e-32
 3.12131e-33
 4.40751e-34
 5.88159e-35
 7.62132e-36
 1.31731e-36
 7.36146e-37
 3.70951e-37
 3.12156e-14
 1.14979e-13
 3.31814e-13
 9.28319e-13
 2.38555e-12
 5.57666e-12
 1.18009e-11
 2.25168e-11
 3.85580e-11
 5.82459e-11
 7.80109e-11
 9.44849e-11
 1.04792e-10
 1.07671e-10
 9.74482e-11
 7.85785e-11
 5.88990e-11
 3.95902e-11
 2.43279e-11
 1.34347e-11
 6.63226e-12
 2.90871e-12
 1.12515e-12
 3.80776e-13
 1.11756e-13
 2.81646e-14
 5.94588e-15
 9.65209e-16
 1.08054e-16
 7.62058e-18
 2.93736e-19
 4.63561e-21
 8.98339e-24
 8.39696e-27
 2.01770e-27
 6.59629e-28
 1.92163e-28
 5.03986e-29
 1.19959e-29
 2.61034e-30
 5.23162e-31
 9.72661e-32
 1.68774e-32
 2.74514e-33
 4.19676e-34
 6.04126e-35
 8.22459e-36
 1.12124e-36
 2.52158e-37
 1.87673e-37
 9.86525e-38
 9.68743e-15
 2.67494e-14
 6.49061e-14
 1.76154e-13
 4.47290e-13
 1.03812e-12
 2.18059e-12
 4.12651e-12
 7.00206e-12
 1.04589e-11
 1.38637e-11
 1.66463e-11
 1.83200e-11
 1.86534e-11
 1.67239e-11
 1.33668e-11
 9.95849e-12
 6.67942e-12
 4.09664e-12
 2.26501e-12
 1.12407e-12
 4.98198e-13
 1.96070e-13
 6.80928e-14
 2.07327e-14
 5.49336e-15
 1.23672e-15
 2.17155e-16
 2.68111e-17
 2.15144e-18
 9.89116e-20
 2.03403e-21
 7.36459e-24
 4.10209e-27
 1.93834e-28
 6.57784e-29
 1.98571e-29
 5.38741e-30
 1.32408e-30
 2.96879e-31
 6.11599e-32
 1.16591e-32
 2.06982e-33
 3.43863e-34
 5.36290e-35
 7.86943e-36
 1.09664e-36
 1.63311e-37
 5.19541e-38
 4.80103e-38
 2.59566e-38
 4.12917e-15
 8.15149e-15
 1.28197e-14
 3.07712e-14
 7.54429e-14
 1.72644e-13
 3.58433e-13
 6.69929e-13
 1.12184e-12
 1.65220e-12
 2.16430e-12
 2.57548e-12
 2.81451e-12
 2.83618e-12
 2.51680e-12
 1.99724e-12
 1.48093e-12
 9.93424e-13
 6.09687e-13
 3.38520e-13
 1.69466e-13
 7.61882e-14
 3.06256e-14
 1.09556e-14
 3.47128e-15
 9.68457e-16
 2.32179e-16
 4.38613e-17
 5.90907e-18
 5.29901e-19
 2.82458e-20
 7.20273e-22
 4.67957e-24
 3.56265e-27
 1.78691e-29
 6.28123e-30
 1.96151e-30
 5.49735e-31
 1.39356e-31
 3.21701e-32
 6.80888e-33
 1.33050e-33
 2.41600e-34
 4.09831e-35
 6.51824e-36
 9.75193e-37
 1.40206e-37
 2.44021e-38
 1.14998e-38
 1.22681e-38
 6.75110e-39
 2.41498e-15
 3.84402e-15
 3.26391e-15
 5.43017e-15
 1.17002e-14
 2.57631e-14
 5.24954e-14
 9.65150e-14
 1.58968e-13
 2.30460e-13
 2.98159e-13
 3.51489e-13
 3.81331e-13
 3.80108e-13
 3.33988e-13
 2.63692e-13
 1.94990e-13
 1.31142e-13
 8.07732e-14
 4.51875e-14
 2.29007e-14
 1.04821e-14
 4.31881e-15
 1.59620e-15
 5.27382e-16
 1.54982e-16
 3.94880e-17
 7.98958e-18
 1.16540e-18
 1.15307e-19
 6.99475e-21
 2.15720e-22
 2.18709e-24
 2.81039e-27
 1.58313e-30
 5.75184e-31
 1.85477e-31
 5.36167e-32
 1.40017e-32
 3.32480e-33
 7.22527e-34
 1.44663e-34
 2.68602e-35
 4.65079e-36
 7.54090e-37
 1.15156e-37
 1.74014e-38
 3.91513e-39
 2.68032e-39
 3.12684e-39
 1.73469e-39
 1.78591e-15
 2.53123e-15
 1.33858e-15
 1.28913e-15
 1.87877e-15
 3.56167e-15
 6.92231e-15
 1.24273e-14
 2.00707e-14
 2.86185e-14
 3.65691e-14
 4.26963e-14
 4.59826e-14
 4.53556e-14
 3.95092e-14
 3.11099e-14
 2.29951e-14
 1.55401e-14
 9.63237e-15
 5.44552e-15
 2.80226e-15
 1.30963e-15
 5.54464e-16
 2.12110e-16
 7.31327e-17
 2.26205e-17
 6.10923e-18
 1.31824e-18
 2.06897e-19
 2.23713e-20
 1.52310e-21
 5.55326e-23
 7.68966e-25
 1.74454e-27
 1.34965e-31
 5.05725e-32
 1.68090e-32
 5.00407e-33
 1.34444e-33
 3.28046e-34
 7.31406e-35
 1.49968e-35
 2.84610e-36
 5.02822e-37
 8.31036e-38
 1.30023e-38
 2.15269e-39
 6.95071e-40
 6.42414e-40
 7.95941e-40
 4.40160e-40
 1.49375e-15
 1.99965e-15
 8.17981e-16
 5.40485e-16
 4.50407e-16
 5.44435e-16
 8.69629e-16
 1.45856e-15
 2.28713e-15
 3.20266e-15
 4.04050e-15
 4.67114e-15
 4.99449e-15
 4.87891e-15
 4.22061e-15
 3.32300e-15
 2.46055e-15
 1.67355e-15
 1.04623e-15
 5.99019e-16
 3.13648e-16
 1.49933e-16
 6.53119e-17
 2.58762e-17
 9.30676e-18
 3.02484e-18
 8.63298e-19
 1.97830e-19
 3.32275e-20
 3.89593e-21
 2.94276e-22
 1.24330e-23
 2.21085e-25
 7.97964e-28
 1.10837e-32
 4.27406e-33
 1.46153e-33
 4.47372e-34
 1.23489e-34
 3.09270e-35
 7.06835e-36
 1.48326e-36
 2.87582e-37
 5.18214e-38
 8.73393e-39
 1.41479e-39
 2.78212e-40
 1.37687e-40
 1.56296e-40
 2.00561e-40
 1.10267e-40
 1.36891e-15
 1.75706e-15
 6.07124e-16
 3.45908e-16
 2.09280e-16
 1.48209e-16
 1.39317e-16
 1.74779e-16
 2.45041e-16
 3.29944e-16
 4.08278e-16
 4.66005e-16
 4.94308e-16
 4.78523e-16
 4.11826e-16
 3.25076e-16
 2.41590e-16
 1.65530e-16
 1.04531e-16
 6.06985e-17
 3.23759e-17
 1.58432e-17
 7.10312e-18
 2.91358e-18
 1.09184e-18
 3.72059e-19
 1.11843e-19
 2.71060e-20
 4.84745e-21
 6.12089e-22
 5.07727e-23
 2.44180e-24
 5.33055e-26
 2.77653e-28
 8.77587e-34
 3.47527e-34
 1.22037e-34
 3.83466e-35
 1.08596e-35
 2.78813e-36
 6.52569e-37
 1.40044e-37
 2.77241e-38
 5.09400e-39
 8.77350e-40
 1.51128e-40
 3.99649e-41
 2.98387e-41
 3.82887e-41
 4.97597e-41
 2.72705e-41
 1.42011e-15
 1.73105e-15
 4.82270e-16
 2.64910e-16
 1.45004e-16
 8.10330e-17
 4.90839e-17
 3.51559e-17
 3.18350e-17
 3.47875e-17
 3.96060e-17
 4.34050e-17
 4.51721e-17
 4.31647e-17
 3.70358e-17
 2.94079e-17
 2.19352e-17
 1.51558e-17
 9.67751e-18
 5.70382e-18
 3.10083e-18
 1.55356e-18
 7.16626e-19
 3.04037e-19
 1.18514e-19
 4.22358e-20
 1.33277e-20
 3.40230e-21
 6.44694e-22
 8.71126e-23
 7.86235e-24
 4.23762e-25
 1.09878e-26
 7.81457e-29
 6.70431e-35
 2.72078e-35
 9.79340e-36
 3.15379e-36
 9.14987e-37
 2.40523e-37
 5.75899e-38
 1.26287e-38
 2.55114e-39
 4.77990e-40
 8.47268e-41
 1.65241e-41
 6.60054e-42
 6.81329e-42
 9.42126e-42
 1.21629e-41
 6.65805e-42
 1.84639e-15
 2.10478e-15
 3.98984e-16
 2.16047e-16
 1.15478e-16
 6.11182e-17
 3.22996e-17
 1.74111e-17
 1.00107e-17
 6.54403e-18
 5.04218e-18
 4.41651e-18
 4.08848e-18
 3.68317e-18
 3.12644e-18
 2.49854e-18
 1.85603e-18
 1.29209e-18
 8.34364e-19
 4.99296e-19
 2.76690e-19
 1.41898e-19
 6.72964e-20
 2.94940e-20
 1.19362e-20
 4.43719e-21
 1.46493e-21
 3.92361e-22
 7.84095e-23
 1.12700e-23
 1.09746e-24
 6.54012e-26
 1.96402e-27
 1.81538e-29
 4.94448e-36
 2.05226e-36
 7.55819e-37
 2.49042e-37
 7.39111e-38
 1.98667e-38
 4.86076e-39
 1.08817e-39
 2.24178e-40
 4.28910e-41
 7.98514e-42
 1.98307e-42
 1.24289e-42
 1.60227e-42
 2.30534e-42
 2.93148e-42
 1.60460e-42
 2.95840e-15
 3.18083e-15
 3.42415e-16
 1.83756e-16
 9.71875e-17
 5.06958e-17
 2.61119e-17
 1.33122e-17
 6.75326e-18
 3.44824e-18
 1.81090e-18
 1.01010e-18
 6.16596e-19
 4.13517e-19
 2.95548e-19
 2.15197e-19
 1.53680e-19
 1.05033e-19
 6.77479e-20
 4.09294e-20
 2.30640e-20
 1.20938e-20
 5.89227e-21
 2.66478e-21
 1.11783e-21
 4.32425e-22
 1.48901e-22
 4.16864e-23
 8.74685e-24
 1.32988e-24
 1.38661e-25
 9.03113e-27
 3.07881e-28
 3.54524e-30
 3.52282e-37
 1.49262e-37
 5.61466e-38
 1.88992e-38
 5.72945e-39
 1.57269e-39
 3.92756e-40
 8.96807e-41
 1.88377e-41
 3.70193e-42
 7.63918e-43
 2.79877e-43
 2.60349e-43
 3.86687e-43
 5.58650e-43
 6.99460e-43
 3.82568e-43
 4.62963e-15
 4.82889e-15
 3.06207e-16
 1.63459e-16
 8.59549e-17
 4.45446e-17
 2.27610e-17
 1.14734e-17
 5.70949e-18
 2.80774e-18
 1.36698e-18
 6.61064e-19
 3.19378e-19
 1.55549e-19
 7.72820e-20
 3.96216e-20
 2.10724e-20
 1.15580e-20
 6.43244e-21
 3.55702e-21
 1.91618e-21
 9.90097e-22
 4.85255e-22
 2.23892e-22
 9.67719e-23
 3.88309e-23
 1.39148e-23
 4.06155e-24
 8.91616e-25
 1.42715e-25
 1.58269e-26
 1.11535e-27
 4.24431e-29
 5.86778e-31
 2.41844e-38
 1.04422e-38
 4.00547e-39
 1.37526e-39
 4.25291e-40
 1.19064e-40
 3.03162e-41
 7.05453e-42
 1.51241e-42
 3.10773e-43
 7.93256e-44
 4.61354e-44
 5.71726e-44
 9.09441e-44
 1.29487e-43
 1.64293e-43
 9.11102e-44
 2.76861e-15
 2.86427e-15
 1.46893e-16
 7.82455e-17
 4.10520e-17
 2.12229e-17
 1.08157e-17
 5.43569e-18
 2.69507e-18
 1.31872e-18
 6.36985e-19
 3.03817e-19
 1.43115e-19
 6.65908e-20
 3.06082e-20
 1.38988e-20
 6.23520e-21
 2.76350e-21
 1.21010e-21
 5.23559e-22
 2.23844e-22
 9.45942e-23
 3.95223e-23
 1.63314e-23
 6.67790e-24
 2.67825e-24
 9.98383e-25
 3.06413e-25
 7.04710e-26
 1.18349e-26
 1.38517e-27
 1.04214e-28
 4.32651e-30
 6.85213e-32
 1.36426e-39
 5.96561e-40
 2.31826e-40
 8.06405e-41
 2.52599e-41
 7.16072e-42
 1.84528e-42
 4.34442e-43
 9.46456e-44
 2.07211e-44
 6.96459e-45
 5.63989e-45
 8.08827e-45
 1.31308e-44
 1.95268e-44
 2.88931e-44
 1.73984e-44
