InternalEnergy
part
         1
hexa8
 2.50000e+00
 2.50000e+00
 2.50000e+00
 2.50000e+00
 2.50000e+00
 2.50000e+00
 2.50000e+00
 2.50000e+00
 2.50000e+00
 2.50000e+00
 2.50000e+00
 2.50000e+00
 2.50000e+00
 2.50000e+00
 2.50000e+00
 2.50000e+00
 2.50000e+00
 2.50000e+00
 2.50000e+00
 2.50000e+00
 2.50000e+00
 2.50000e+00
 2.50000e+00
 2.50000e+00
 2.50000e+00
 2.50000e+00
 2.50000e+00
 2.50000e+00
 2.50000e+00
 2.50000e+00
 2.50000e+00
 2.50000e+00
 2.50000e+00
 2.50000e+00
 2.50000e+00
 2.50000e+00
 2.50000e+00
 2.50000e+00
 2.50000e+00
 2.50000e+00
 2.50000e+00
 2.50000e+00
 2.50000e+00
 2.50000e+00
 2.50000e+00
 2.50000e+00
 2.50000e+00
 2.50000e+00
 2.50000e+00
 2.50000e+00
 2.50000e+00
 2.50000e+00
 2.50000e+00
 2.50000e+00
 2.50000e+00
 2.50000e+00
 2.50000e+00
 2.50000e+00
 2.50000e+00
 2.50000e+00
 2.50000e+00
 2.50000e+00
 2.50000e+00
 2.50000e+00
 2.50000e+00
 2.50000e+00
 2.50000e+00
 2.50000e+00
 2.50000e+00
 2.50000e+00
 2.50000e+00
 2.50000e+00
 2.50000e+00
 2.50000e+00
 2.50000e+00
 2.50000e+00
 2.50000e+00
 2.50000e+00
 2.50000e+00
 2.50000e+00
 2.50000e+00
 2.50000e+00
 2.50000e+00
 2.50000e+00
 2.50000e+00
 2.50000e+00
 2.50000e+00
 2.50000e+00
 2.50000e+00
 2.50000e+00
 2.50000e+00
 2.50000e+00
 2.50000e+00
 2.50000e+00
 2.50000e+00
 2.50000e+00
 2.50000e+00
 2.50000e+00
 2.50000e+00
 2.50000e+00
 2.50000e+00
 2.50000e+00
 2.50000e+00
 2.50000e+00
 2.50000e+00
 2.50000e+00
 2.50000e+00
 2.50000e+00
 2.50000e+00
 2.50000e+00
 2.50000e+00
 2.50000e+00
 2.50000e+00
 2.50000e+00
 2.50000e+00
 2.50000e+00
 2.50000e+00
 2.50000e+00
 2.50000e+00
 2.50000e+00
 2.50000e+00
 2.50000e+00
 2.50000e+00
 2.50000e+00
 2.50000e+00
 2.50000e+00
 2.50000e+00
 2.50000e+00
 2.50000e+00
 2.50000e+00
 2.50000e+00
 2.50000e+00
 2.50000e+00
 2.50000e+00
 2.50000e+00
 2.50000e+00
 2.50000e+00
 2.50000e+00
 2.50000e+00
 2.50000e+00
 2.50000e+00
 2.50000e+00
 2.50000e+00
 2.50000e+00
 2.50000e+00
 2.50000e+00
 2.50000e+00
 2.50000e+00
 2.50000e+00
 2.50000e+00
 2.49999e+00
 2.49999e+00
 2.49999e+00
 2.49999e+00
 2.49999e+00
 2.49994e+00
 2.49994e+00
 2.49994e+00
 2.49994e+00
 2.49994e+00
 2.49967e+00
 2.49967e+00
 2.49967e+00
 2.49967e+00
 2.49967e+00
 2.49843e+00
 2.49843e+00
 2.49843e+00
 2.49843e+00
 2.49843e+00
 2.49374e+00
 2.49374e+00
 2.49374e+00
 2.49374e+00
 2.49374e+00
 2.47985e+00
 2.47985e+00
 2.47985e+00
 2.47985e+00
 2.47985e+00
 2.44854e+00
 2.44854e+00
 2.44854e+00
 2.44854e+00
 2.44854e+00
 2.39555e+00
 2.39555e+00
 2.39555e+00
 2.39555e+00
 2.39555e+00
 2.32509e+00
 2.32509e+00
 2.32509e+00
 2.32509e+00
 2.32509e+00
 2.24389e+00
 2.24389e+00
 2.24389e+00
 2.24389e+00
 2.24389e+00
 2.15444e+00
 2.15444e+00
 2.15444e+00
 2.15444e+00
 2.15444e+00
 2.06324e+00
 2.06324e+00
 2.06324e+00
 2.06324e+00
 2.06324e+00
 1.98012e+00
 1.98011e+00
 1.98011e+00
 1.98011e+00
 1.98011e+00
 1.93030e+00
 1.93030e+00
 1.93030e+00
 1.93030e+00
 1.93030e+00
 1.93041e+00
 1.93041e+00
 1.93041e+00
 1.93041e+00
 1.93041e+00
 1.92321e+00
 1.92321e+00
 1.92321e+00
 1.92321e+00
 1.92321e+00
 1.91133e+00
 1.91133e+00
 1.91133e+00
 1.91133e+00
 1.91133e+00
 1.90480e+00
 1.90480e+00
 1.90480e+00
 1.90480e+00
 1.90480e+00
 1.90099e+00
 1.90099e+00
 1.90099e+00
 1.90099e+00
 1.90099e+00
 1.90092e+00
 1.90092e+00
 1.90091e+00
 1.90091e+00
 1.90091e+00
 1.89928e+00
 1.89928e+00
 1.89928e+00
 1.89927e+00
 1.89927e+00
 1.89770e+00
 1.89770e+00
 1.89770e+00
 1.89770e+00
 1.89770e+00
 1.89795e+00
 1.89795e+00
 1.89795e+00
 1.89795e+00
 1.89795e+00
 1.89847e+00
 1.89847e+00
 1.89847e+00
 1.89847e+00
 1.89847e+00
 1.89884e+00
 1.89884e+00
 1.89884e+00
 1.89884e+00
 1.89884e+00
 1.90079e+00
 1.90079e+00
 1.90079e+00
 1.90079e+00
 1.90079e+00
 1.91135e+00
 1.91135e+00
 1.91136e+00
 1.91136e+00
 1.91136e+00
 1.94595e+00
 1.94595e+00
 1.94595e+00
 1.94596e+00
 1.94596e+00
 2.03122e+00
 2.03123e+00
 2.03123e+00
 2.03123e+00
 2.03123e+00
 2.20812e+00
 2.20812e+00
 2.20812e+00
 2.20813e+00
 2.20813e+00
 2.53356e+00
 2.53356e+00
 2.53356e+00
 2.53357e+00
 2.53357e+00
 2.86078e+00
 2.86078e+00
 2.86079e+00
 2.86079e+00
 2.86079e+00
 3.04054e+00
 3.04055e+00
 3.04055e+00
 3.04055e+00
 3.04055e+00
 3.08865e+00
 3.08865e+00
 3.08865e+00
 3.08865e+00
 3.08865e+00
 3.07087e+00
 3.07087e+00
 3.07087e+00
 3.07087e+00
 3.07087e+00
 2.98412e+00
 2.98412e+00
 2.98412e+00
 2.98412e+00
 2.98412e+00
 2.82311e+00
 2.82311e+00
 2.82311e+00
 2.82311e+00
 2.82311e+00
 2.60676e+00
 2.60676e+00
 2.60676e+00
 2.60676e+00
 2.60676e+00
 2.40614e+00
 2.40614e+00
 2.40614e+00
 2.40614e+00
 2.40614e+00
 2.24555e+00
 2.24555e+00
 2.24555e+00
 2.24555e+00
 2.24555e+00
 2.13549e+00
 2.13549e+00
 2.13549e+00
 2.13549e+00
 2.13549e+00
 2.06233e+00
 2.06233e+00
 2.06233e+00
 2.06233e+00
 2.06233e+00
 2.02542e+00
 2.02542e+00
 2.02542e+00
 2.02542e+00
 2.02542e+00
 2.00946e+00
 2.00946e+00
 2.00946e+00
 2.00946e+00
 2.00946e+00
 2.00330e+00
 2.00330e+00
 2.00330e+00
 2.00330e+00
 2.00330e+00
 2.00110e+00
 2.00110e+00
 2.00110e+00
 2.00110e+00
 2.00110e+00
 2.00035e+00
 2.00035e+00
 2.00035e+00
 2.00035e+00
 2.00035e+00
 2.00011e+00
 2.00011e+00
 2.00011e+00
 2.00011e+00
 2.00011e+00
 2.00003e+00
 2.00003e+00
 2.00003e+00
 2.00003e+00
 2.00003e+00
 2.00001e+00
 2.00001e+00
 2.00001e+00
 2.00001e+00
 2.00001e+00
 2.00000e+00
 2.00000e+00
 2.00000e+00
 2.00000e+00
 2.00000e+00
 2.00000e+00
 2.00000e+00
 2.00000e+00
 2.00000e+00
 2.00000e+00
 2.00000e+00
 2.00000e+00
 2.00000e+00
 2.00000e+00
 2.00000e+00
 2.00000e+00
 2.00000e+00
 2.00000e+00
 2.00000e+00
 2.00000e+00
 2.00000e+00
 2.00000e+00
 2.00000e+00
 2.00000e+00
 2.00000e+00
 2.00000e+00
 2.00000e+00
 2.00000e+00
 2.00000e+00
 2.00000e+00
 2.00000e+00
 2.00000e+00
 2.00000e+00
 2.00000e+00
 2.00000e+00
 2.00000e+00
 2.00000e+00
 2.00000e+00
 2.00000e+00
 2.00000e+00
 2.00000e+00
 2.00000e+00
 2.00000e+00
 2.00000e+00
 2.00000e+00
 2.00000e+00
 2.00000e+00
 2.00000e+00
 2.00000e+00
 2.00000e+00
 2.00000e+00
 2.00000e+00
 2.00000e+00
 2.00000e+00
 2.00000e+00
 2.00000e+00
 2.00000e+00
 2.00000e+00
 2.00000e+00
 2.00000e+00
 2.00000e+00
 2.00000e+00
 2.00000e+00
 2.00000e+00
 2.00000e+00
 2.00000e+00
 2.00000e+00
 2.00000e+00
 2.00000e+00
 2.00000e+00
 2.00000e+00
 2.00000e+00
 2.00000e+00
 2.00000e+00
 2.00000e+00
 2.00000e+00
 2.00000e+00
 2.00000e+00
 2.00000e+00
 2.00000e+00
 2.00000e+00
 2.00000e+00
 2.00000e+00
 2.00000e+00
 2.00000e+00
 2.00000e+00
 2.00000e+00
 2.00000e+00
 2.00000e+00
 2.00000e+00
 2.00000e+00
 2.00000e+00
 2.00000e+00
 2.00000e+00
 2.00000e+00
 2.00000e+00
 2.00000e+00
 2.00000e+00
 2.00000e+00
 2.00000e+00
 2.50000e+00
 2.50000e+00
 2.50000e+00
 2.50000e+00
 2.50000e+00
 2.50000e+00
 2.50000e+00
 2.50000e+00
 2.50000e+00
 2.50000e+00
 2.50000e+00
 2.50000e+00
 2.50000e+00
 2.50000e+00
 2.50000e+00
 2.50000e+00
 2.50000e+00
 2.50000e+00
 2.50000e+00
 2.50000e+00
 2.50000e+00
 2.50000e+00
 2.50000e+00
 2.50000e+00
 2.50000e+00
 2.50000e+00
 2.50000e+00
 2.50000e+00
 2.50000e+00
 2.50000e+00
 2.50000e+00
 2.50000e+00
 2.50000e+00
 2.50000e+00
 2.50000e+00
 2.50000e+00
 2.50000e+00
 2.50000e+00
 2.50000e+00
 2.50000e+00
 2.50000e+00
 2.50000e+00
 2.50000e+00
 2.50000e+00
 2.50000e+00
 2.50000e+00
 2.50000e+00
 2.50000e+00
 2.50000e+00
 2.50000e+00
 2.50000e+00
 2.50000e+00
 2.50000e+00
 2.50000e+00
 2.50000e+00
 2.50000e+00
 2.50000e+00
 2.50000e+00
 2.50000e+00
 2.50000e+00
 2.50000e+00
 2.50000e+00
 2.50000e+00
 2.50000e+00
 2.50000e+00
 2.50000e+00
 2.50000e+00
 2.50000e+00
 2.50000e+00
 2.50000e+00
 2.50000e+00
 2.50000e+00
 2.50000e+00
 2.50000e+00
 2.50000e+00
 2.50000e+00
 2.50000e+00
 2.50000e+00
 2.50000e+00
 2.50000e+00
 2.50000e+00
 2.50000e+00
 2.50000e+00
 2.50000e+00
 2.50000e+00
 2.50000e+00
 2.50000e+00
 2.50000e+00
 2.50000e+00
 2.50000e+00
 2.50000e+00
 2.50000e+00
 2.50000e+00
 2.50000e+00
 2.50000e+00
 2.50000e+00
 2.50000e+00
 2.50000e+00
 2.50000e+00
 2.50000e+00
 2.50000e+00
 2.50000e+00
 2.50000e+00
 2.50000e+00
 2.50000e+00
 2.50000e+00
 2.50000e+00
 2.50000e+00
 2.50000e+00
 2.50000e+00
 2.50000e+00
 2.50000e+00
 2.50000e+00
 2.50000e+00
 2.50000e+00
 2.50000e+00
 2.50000e+00
 2.50000e+00
 2.50000e+00
 2.50000e+00
 2.50000e+00
 2.50000e+00
 2.50000e+00
 2.50000e+00
 2.50000e+00
 2.50000e+00
 2.50000e+00
 2.50000e+00
 2.50000e+00
 2.50000e+00
 2.50000e+00
 2.50000e+00
 2.50000e+00
 2.50000e+00
 2.50000e+00
 2.50000e+00
 2.50000e+00
 2.50000e+00
 2.50000e+00
 2.50000e+00
 2.50000e+00
 2.50000e+00
 2.50000e+00
 2.50000e+00
 2.50000e+00
 2.50000e+00
 2.50000e+00
 2.50000e+00
 2.50000e+00
 2.50000e+00
 2.49999e+00
 2.49999e+00
 2.49999e+00
 2.49999e+00
 2.49999e+00
 2.49994e+00
 2.49994e+00
 2.49994e+00
 2.49994e+00
 2.49994e+00
 2.49967e+00
 2.49967e+00
 2.49967e+00
 2.49967e+00
 2.49967e+00
 2.49843e+00
 2.49843e+00
 2.49843e+00
 2.49843e+00
 2.49843e+00
 2.49374e+00
 2.49374e+00
 2.49374e+00
 2.49374e+00
 2.49374e+00
 2.47985e+00
 2.47985e+00
 2.47985e+00
 2.47985e+00
 2.47985e+00
 2.44854e+00
 2.44854e+00
 2.44854e+00
 2.44854e+00
 2.44854e+00
 2.39555e+00
 2.39555e+00
 2.39555e+00
 2.39555e+00
 2.39555e+00
 2.32510e+00
 2.32510e+00
 2.32510e+00
 2.32510e+00
 2.32510e+00
 2.24389e+00
 2.24389e+00
 2.24389e+00
 2.24389e+00
 2.24389e+00
 2.15444e+00
 2.15444e+00
 2.15444e+00
 2.15444e+00
 2.15444e+00
 2.06325e+00
 2.06325e+00
 2.06325e+00
 2.06325e+00
 2.06325e+00
 1.98012e+00
 1.98012e+00
 1.98012e+00
 1.98012e+00
 1.98012e+00
 1.93030e+00
 1.93030e+00
 1.93030e+00
 1.93030e+00
 1.93030e+00
 1.93040e+00
 1.93040e+00
 1.93040e+00
 1.93040e+00
 1.93040e+00
 1.92319e+00
 1.92319e+00
 1.92319e+00
 1.92319e+00
 1.92319e+00
 1.91133e+00
 1.91133e+00
 1.91133e+00
 1.91133e+00
 1.91133e+00
 1.90476e+00
 1.90476e+00
 1.90476e+00
 1.90476e+00
 1.90476e+00
 1.90092e+00
 1.90092e+00
 1.90092e+00
 1.90092e+00
 1.90092e+00
 1.90082e+00
 1.90082e+00
 1.90083e+00
 1.90083e+00
 1.90083e+00
 1.89919e+00
 1.89920e+00
 1.89920e+00
 1.89920e+00
 1.89920e+00
 1.89753e+00
 1.89754e+00
 1.89754e+00
 1.89754e+00
 1.89754e+00
 1.89783e+00
 1.89783e+00
 1.89783e+00
 1.89784e+00
 1.89784e+00
 1.89837e+00
 1.89837e+00
 1.89837e+00
 1.89838e+00
 1.89838e+00
 1.89874e+00
 1.89874e+00
 1.89875e+00
 1.89875e+00
 1.89876e+00
 1.90070e+00
 1.90070e+00
 1.90070e+00
 1.90071e+00
 1.90071e+00
 1.91128e+00
 1.91128e+00
 1.91128e+00
 1.91129e+00
 1.91129e+00
 1.94589e+00
 1.94590e+00
 1.94590e+00
 1.94590e+00
 1.94591e+00
 2.03116e+00
 2.03117e+00
 2.03117e+00
 2.03117e+00
 2.03118e+00
 2.20800e+00
 2.20801e+00
 2.20801e+00
 2.20801e+00
 2.20802e+00
 2.53331e+00
 2.53332e+00
 2.53332e+00
 2.53333e+00
 2.53333e+00
 2.86036e+00
 2.86036e+00
 2.86037e+00
 2.86037e+00
 2.86038e+00
 3.03998e+00
 3.03998e+00
 3.03999e+00
 3.03999e+00
 3.03999e+00
 3.08803e+00
 3.08803e+00
 3.08803e+00
 3.08803e+00
 3.08804e+00
 3.07021e+00
 3.07022e+00
 3.07022e+00
 3.07022e+00
 3.07022e+00
 2.98348e+00
 2.98348e+00
 2.98348e+00
 2.98349e+00
 2.98349e+00
 2.82257e+00
 2.82257e+00
 2.82257e+00
 2.82258e+00
 2.82258e+00
 2.60648e+00
 2.60648e+00
 2.60648e+00
 2.60648e+00
 2.60648e+00
 2.40611e+00
 2.40611e+00
 2.40611e+00
 2.40611e+00
 2.40611e+00
 2.24558e+00
 2.24558e+00
 2.24558e+00
 2.24558e+00
 2.24558e+00
 2.13549e+00
 2.13549e+00
 2.13549e+00
 2.13549e+00
 2.13549e+00
 2.06233e+00
 2.06233e+00
 2.06233e+00
 2.06233e+00
 2.06233e+00
 2.02542e+00
 2.02542e+00
 2.02542e+00
 2.02542e+00
 2.02542e+00
 2.00946e+00
 2.00946e+00
 2.00946e+00
 2.00946e+00
 2.00946e+00
 2.00330e+00
 2.00330e+00
 2.00330e+00
 2.00330e+00
 2.00330e+00
 2.00110e+00
 2.00110e+00
 2.00110e+00
 2.00110e+00
 2.00110e+00
 2.00035e+00
 2.00035e+00
 2.00035e+00
 2.00035e+00
 2.00035e+00
 2.00011e+00
 2.00011e+00
 2.00011e+00
 2.00011e+00
 2.00011e+00
 2.00003e+00
 2.00003e+00
 2.00003e+00
 2.00003e+00
 2.00003e+00
 2.00001e+00
 2.00001e+00
 2.00001e+00
 2.00001e+00
 2.00001e+00
 2.00000e+00
 2.00000e+00
 2.00000e+00
 2.00000e+00
 2.00000e+00
 2.00000e+00
 2.00000e+00
 2.00000e+00
 2.00000e+00
 2.00000e+00
 2.00000e+00
 2.00000e+00
 2.00000e+00
 2.00000e+00
 2.00000e+00
 2.00000e+00
 2.00000e+00
 2.00000e+00
 2.00000e+00
 2.00000e+00
 2.00000e+00
 2.00000e+00
 2.00000e+00
 2.00000e+00
 2.00000e+00
 2.00000e+00
 2.00000e+00
 2.00000e+00
 2.00000e+00
 2.00000e+00
 2.00000e+00
 2.00000e+00
 2.00000e+00
 2.00000e+00
 2.00000e+00
 2.00000e+00
 2.00000e+00
 2.00000e+00
 2.00000e+00
 2.00000e+00
 2.00000e+00
 2.00000e+00
 2.00000e+00
 2.00000e+00
 2.00000e+00
 2.00000e+00
 2.00000e+00
 2.00000e+00
 2.00000e+00
 2.00000e+00
 2.00000e+00
 2.00000e+00
 2.00000e+00
 2.00000e+00
 2.00000e+00
 2.00000e+00
 2.00000e+00
 2.00000e+00
 2.00000e+00
 2.00000e+00
 2.00000e+00
 2.00000e+00
 2.00000e+00
 2.00000e+00
 2.00000e+00
 2.00000e+00
 2.00000e+00
 2.00000e+00
 2.00000e+00
 2.00000e+00
 2.00000e+00
 2.00000e+00
 2.00000e+00
 2.00000e+00
 2.00000e+00
 2.00000e+00
 2.00000e+00
 2.00000e+00
 2.00000e+00
 2.00000e+00
 2.00000e+00
 2.00000e+00
 2.00000e+00
 2.00000e+00
 2.00000e+00
 2.00000e+00
 2.00000e+00
 2.00000e+00
 2.00000e+00
 2.00000e+00
 2.00000e+00
 2.00000e+00
 2.00000e+00
 2.00000e+00
 2.00000e+00
 2.00000e+00
 2.00000e+00
 2.00000e+00
 2.00000e+00
 2.00000e+00
 2.50000e+00
 2.50000e+00
 2.50000e+00
 2.50000e+00
 2.50000e+00
 2.50000e+00
 2.50000e+00
 2.50000e+00
 2.50000e+00
 2.50000e+00
 2.50000e+00
 2.50000e+00
 2.50000e+00
 2.50000e+00
 2.50000e+00
 2.50000e+00
 2.50000e+00
 2.50000e+00
 2.50000e+00
 2.50000e+00
 2.50000e+00
 2.50000e+00
 2.50000e+00
 2.50000e+00
 2.50000e+00
 2.50000e+00
 2.50000e+00
 2.50000e+00
 2.50000e+00
 2.50000e+00
 2.50000e+00
 2.50000e+00
 2.50000e+00
 2.50000e+00
 2.50000e+00
 2.50000e+00
 2.50000e+00
 2.50000e+00
 2.50000e+00
 2.50000e+00
 2.50000e+00
 2.50000e+00
 2.50000e+00
 2.50000e+00
 2.50000e+00
 2.50000e+00
 2.50000e+00
 2.50000e+00
 2.50000e+00
 2.50000e+00
 2.50000e+00
 2.50000e+00
 2.50000e+00
 2.50000e+00
 2.50000e+00
 2.50000e+00
 2.50000e+00
 2.50000e+00
 2.50000e+00
 2.50000e+00
 2.50000e+00
 2.50000e+00
 2.50000e+00
 2.50000e+00
 2.50000e+00
 2.50000e+00
 2.50000e+00
 2.50000e+00
 2.50000e+00
 2.50000e+00
 2.50000e+00
 2.50000e+00
 2.50000e+00
 2.50000e+00
 2.50000e+00
 2.50000e+00
 2.50000e+00
 2.50000e+00
 2.50000e+00
 2.50000e+00
 2.50000e+00
 2.50000e+00
 2.50000e+00
 2.50000e+00
 2.50000e+00
 2.50000e+00
 2.50000e+00
 2.50000e+00
 2.50000e+00
 2.50000e+00
 2.50000e+00
 2.50000e+00
 2.50000e+00
 2.50000e+00
 2.50000e+00
 2.50000e+00
 2.50000e+00
 2.50000e+00
 2.50000e+00
 2.50000e+00
 2.50000e+00
 2.50000e+00
 2.50000e+00
 2.50000e+00
 2.50000e+00
 2.50000e+00
 2.50000e+00
 2.50000e+00
 2.50000e+00
 2.50000e+00
 2.50000e+00
 2.50000e+00
 2.50000e+00
 2.50000e+00
 2.50000e+00
 2.50000e+00
 2.50000e+00
 2.50000e+00
 2.50000e+00
 2.50000e+00
 2.50000e+00
 2.50000e+00
 2.50000e+00
 2.50000e+00
 2.50000e+00
 2.50000e+00
 2.50000e+00
 2.50000e+00
 2.50000e+00
 2.50000e+00
 2.50000e+00
 2.50000e+00
 2.50000e+00
 2.50000e+00
 2.50000e+00
 2.50000e+00
 2.50000e+00
 2.50000e+00
 2.50000e+00
 2.50000e+00
 2.50000e+00
 2.50000e+00
 2.50000e+00
 2.50000e+00
 2.50000e+00
 2.50000e+00
 2.50000e+00
 2.50000e+00
 2.50000e+00
 2.50000e+00
 2.49999e+00
 2.49999e+00
 2.49999e+00
 2.49999e+00
 2.49999e+00
 2.49994e+00
 2.49994e+00
 2.49994e+00
 2.49994e+00
 2.49994e+00
 2.49967e+00
 2.49967e+00
 2.49967e+00
 2.49967e+00
 2.49967e+00
 2.49843e+00
 2.49843e+00
 2.49843e+00
 2.49843e+00
 2.49843e+00
 2.49374e+00
 2.49374e+00
 2.49374e+00
 2.49374e+00
 2.49374e+00
 2.47985e+00
 2.47985e+00
 2.47985e+00
 2.47985e+00
 2.47985e+00
 2.44854e+00
 2.44854e+00
 2.44854e+00
 2.44854e+00
 2.44854e+00
 2.39555e+00
 2.39555e+00
 2.39555e+00
 2.39555e+00
 2.39555e+00
 2.32510e+00
 2.32510e+00
 2.32510e+00
 2.32510e+00
 2.32510e+00
 2.24390e+00
 2.24390e+00
 2.24390e+00
 2.24390e+00
 2.24390e+00
 2.15445e+00
 2.15445e+00
 2.15445e+00
 2.15445e+00
 2.15445e+00
 2.06326e+00
 2.06326e+00
 2.06326e+00
 2.06326e+00
 2.06326e+00
 1.98013e+00
 1.98013e+00
 1.98013e+00
 1.98013e+00
 1.98013e+00
 1.93029e+00
 1.93029e+00
 1.93029e+00
 1.93029e+00
 1.93029e+00
 1.93038e+00
 1.93038e+00
 1.93037e+00
 1.93037e+00
 1.93037e+00
 1.92316e+00
 1.92316e+00
 1.92316e+00
 1.92316e+00
 1.92316e+00
 1.91128e+00
 1.91128e+00
 1.91128e+00
 1.91128e+00
 1.91128e+00
 1.90473e+00
 1.90474e+00
 1.90474e+00
 1.90474e+00
 1.90474e+00
 1.90078e+00
 1.90078e+00
 1.90078e+00
 1.90078e+00
 1.90078e+00
 1.90073e+00
 1.90073e+00
 1.90074e+00
 1.90074e+00
 1.90074e+00
 1.89912e+00
 1.89912e+00
 1.89912e+00
 1.89912e+00
 1.89913e+00
 1.89757e+00
 1.89757e+00
 1.89758e+00
 1.89758e+00
 1.89758e+00
 1.89787e+00
 1.89787e+00
 1.89787e+00
 1.89788e+00
 1.89788e+00
 1.89846e+00
 1.89846e+00
 1.89846e+00
 1.89846e+00
 1.89847e+00
 1.89890e+00
 1.89890e+00
 1.89890e+00
 1.89891e+00
 1.89891e+00
 1.90089e+00
 1.90089e+00
 1.90090e+00
 1.90090e+00
 1.90090e+00
 1.91147e+00
 1.91146e+00
 1.91147e+00
 1.91147e+00
 1.91148e+00
 1.94604e+00
 1.94604e+00
 1.94605e+00
 1.94605e+00
 1.94605e+00
 2.03127e+00
 2.03126e+00
 2.03127e+00
 2.03127e+00
 2.03127e+00
 2.20805e+00
 2.20805e+00
 2.20805e+00
 2.20805e+00
 2.20806e+00
 2.53330e+00
 2.53329e+00
 2.53330e+00
 2.53329e+00
 2.53330e+00
 2.86029e+00
 2.86029e+00
 2.86029e+00
 2.86029e+00
 2.86030e+00
 3.03981e+00
 3.03981e+00
 3.03982e+00
 3.03982e+00
 3.03982e+00
 3.08781e+00
 3.08781e+00
 3.08782e+00
 3.08782e+00
 3.08783e+00
 3.06997e+00
 3.06997e+00
 3.06998e+00
 3.06998e+00
 3.06998e+00
 2.98324e+00
 2.98324e+00
 2.98325e+00
 2.98325e+00
 2.98326e+00
 2.82241e+00
 2.82242e+00
 2.82242e+00
 2.82242e+00
 2.82243e+00
 2.60652e+00
 2.60652e+00
 2.60652e+00
 2.60652e+00
 2.60652e+00
 2.40620e+00
 2.40620e+00
 2.40621e+00
 2.40621e+00
 2.40621e+00
 2.24566e+00
 2.24566e+00
 2.24566e+00
 2.24566e+00
 2.24566e+00
 2.13552e+00
 2.13552e+00
 2.13552e+00
 2.13552e+00
 2.13552e+00
 2.06234e+00
 2.06234e+00
 2.06234e+00
 2.06234e+00
 2.06234e+00
 2.02543e+00
 2.02543e+00
 2.02543e+00
 2.02543e+00
 2.02543e+00
 2.00946e+00
 2.00946e+00
 2.00946e+00
 2.00946e+00
 2.00946e+00
 2.00330e+00
 2.00330e+00
 2.00330e+00
 2.00330e+00
 2.00330e+00
 2.00110e+00
 2.00110e+00
 2.00110e+00
 2.00110e+00
 2.00110e+00
 2.00035e+00
 2.00035e+00
 2.00035e+00
 2.00035e+00
 2.00035e+00
 2.00011e+00
 2.00011e+00
 2.00011e+00
 2.00011e+00
 2.00011e+00
 2.00003e+00
 2.00003e+00
 2.00003e+00
 2.00003e+00
 2.00003e+00
 2.00001e+00
 2.00001e+00
 2.00001e+00
 2.00001e+00
 2.00001e+00
 2.00000e+00
 2.00000e+00
 2.00000e+00
 2.00000e+00
 2.00000e+00
 2.00000e+00
 2.00000e+00
 2.00000e+00
 2.00000e+00
 2.00000e+00
 2.00000e+00
 2.00000e+00
 2.00000e+00
 2.00000e+00
 2.00000e+00
 2.00000e+00
 2.00000e+00
 2.00000e+00
 2.00000e+00
 2.00000e+00
 2.00000e+00
 2.00000e+00
 2.00000e+00
 2.00000e+00
 2.00000e+00
 2.00000e+00
 2.00000e+00
 2.00000e+00
 2.00000e+00
 2.00000e+00
 2.00000e+00
 2.00000e+00
 2.00000e+00
 2.00000e+00
 2.00000e+00
 2.00000e+00
 2.00000e+00
 2.00000e+00
 2.00000e+00
 2.00000e+00
 2.00000e+00
 2.00000e+00
 2.00000e+00
 2.00000e+00
 2.00000e+00
 2.00000e+00
 2.00000e+00
 2.00000e+00
 2.00000e+00
 2.00000e+00
 2.00000e+00
 2.00000e+00
 2.00000e+00
 2.00000e+00
 2.00000e+00
 2.00000e+00
 2.00000e+00
 2.00000e+00
 2.00000e+00
 2.00000e+00
 2.00000e+00
 2.00000e+00
 2.00000e+00
 2.00000e+00
 2.00000e+00
 2.00000e+00
 2.00000e+00
 2.00000e+00
 2.00000e+00
 2.00000e+00
 2.00000e+00
 2.00000e+00
 2.00000e+00
 2.00000e+00
 2.00000e+00
 2.00000e+00
 2.00000e+00
 2.00000e+00
 2.00000e+00
 2.00000e+00
 2.00000e+00
 2.00000e+00
 2.00000e+00
 2.00000e+00
 2.00000e+00
 2.00000e+00
 2.00000e+00
 2.00000e+00
 2.00000e+00
 2.00000e+00
 2.00000e+00
 2.00000e+00
 2.00000e+00
 2.00000e+00
 2.00000e+00
 2.00000e+00
 2.00000e+00
 2.00000e+00
 2.00000e+00
 2.00000e+00
 2.50000e+00
 2.50000e+00
 2.50000e+00
 2.50000e+00
 2.50000e+00
 2.50000e+00
 2.50000e+00
 2.50000e+00
 2.50000e+00
 2.50000e+00
 2.50000e+00
 2.50000e+00
 2.50000e+00
 2.50000e+00
 2.50000e+00
 2.50000e+00
 2.50000e+00
 2.50000e+00
 2.50000e+00
 2.50000e+00
 2.50000e+00
 2.50000e+00
 2.50000e+00
 2.50000e+00
 2.50000e+00
 2.50000e+00
 2.50000e+00
 2.50000e+00
 2.50000e+00
 2.50000e+00
 2.50000e+00
 2.50000e+00
 2.50000e+00
 2.50000e+00
 2.50000e+00
 2.50000e+00
 2.50000e+00
 2.50000e+00
 2.50000e+00
 2.50000e+00
 2.50000e+00
 2.50000e+00
 2.50000e+00
 2.50000e+00
 2.50000e+00
 2.50000e+00
 2.50000e+00
 2.50000e+00
 2.50000e+00
 2.50000e+00
 2.50000e+00
 2.50000e+00
 2.50000e+00
 2.50000e+00
 2.50000e+00
 2.50000e+00
 2.50000e+00
 2.50000e+00
 2.50000e+00
 2.50000e+00
 2.50000e+00
 2.50000e+00
 2.50000e+00
 2.50000e+00
 2.50000e+00
 2.50000e+00
 2.50000e+00
 2.50000e+00
 2.50000e+00
 2.50000e+00
 2.50000e+00
 2.50000e+00
 2.50000e+00
 2.50000e+00
 2.50000e+00
 2.50000e+00
 2.50000e+00
 2.50000e+00
 2.50000e+00
 2.50000e+00
 2.50000e+00
 2.50000e+00
 2.50000e+00
 2.50000e+00
 2.50000e+00
 2.50000e+00
 2.50000e+00
 2.50000e+00
 2.50000e+00
 2.50000e+00
 2.50000e+00
 2.50000e+00
 2.50000e+00
 2.50000e+00
 2.50000e+00
 2.50000e+00
 2.50000e+00
 2.50000e+00
 2.50000e+00
 2.50000e+00
 2.50000e+00
 2.50000e+00
 2.50000e+00
 2.50000e+00
 2.50000e+00
 2.50000e+00
 2.50000e+00
 2.50000e+00
 2.50000e+00
 2.50000e+00
 2.50000e+00
 2.50000e+00
 2.50000e+00
 2.50000e+00
 2.50000e+00
 2.50000e+00
 2.50000e+00
 2.50000e+00
 2.50000e+00
 2.50000e+00
 2.50000e+00
 2.50000e+00
 2.50000e+00
 2.50000e+00
 2.50000e+00
 2.50000e+00
 2.50000e+00
 2.50000e+00
 2.50000e+00
 2.50000e+00
 2.50000e+00
 2.50000e+00
 2.50000e+00
 2.50000e+00
 2.50000e+00
 2.50000e+00
 2.50000e+00
 2.50000e+00
 2.50000e+00
 2.50000e+00
 2.50000e+00
 2.50000e+00
 2.50000e+00
 2.50000e+00
 2.50000e+00
 2.50000e+00
 2.50000e+00
 2.50000e+00
 2.50000e+00
 2.50000e+00
 2.49999e+00
 2.49999e+00
 2.49999e+00
 2.49999e+00
 2.49999e+00
 2.49994e+00
 2.49994e+00
 2.49994e+00
 2.49994e+00
 2.49994e+00
 2.49967e+00
 2.49967e+00
 2.49967e+00
 2.49967e+00
 2.49967e+00
 2.49843e+00
 2.49843e+00
 2.49843e+00
 2.49843e+00
 2.49843e+00
 2.49375e+00
 2.49375e+00
 2.49375e+00
 2.49375e+00
 2.49375e+00
 2.47985e+00
 2.47985e+00
 2.47985e+00
 2.47985e+00
 2.47985e+00
 2.44855e+00
 2.44855e+00
 2.44855e+00
 2.44855e+00
 2.44855e+00
 2.39555e+00
 2.39555e+00
 2.39555e+00
 2.39555e+00
 2.39555e+00
 2.32510e+00
 2.32510e+00
 2.32510e+00
 2.32510e+00
 2.32510e+00
 2.24390e+00
 2.24390e+00
 2.24390e+00
 2.24390e+00
 2.24390e+00
 2.15445e+00
 2.15445e+00
 2.15445e+00
 2.15445e+00
 2.15445e+00
 2.06326e+00
 2.06326e+00
 2.06326e+00
 2.06326e+00
 2.06326e+00
 1.98015e+00
 1.98015e+00
 1.98015e+00
 1.98015e+00
 1.98015e+00
 1.93026e+00
 1.93026e+00
 1.93026e+00
 1.93026e+00
 1.93026e+00
 1.93034e+00
 1.93034e+00
 1.93034e+00
 1.93034e+00
 1.93034e+00
 1.92311e+00
 1.92311e+00
 1.92311e+00
 1.92311e+00
 1.92311e+00
 1.91119e+00
 1.91119e+00
 1.91119e+00
 1.91119e+00
 1.91119e+00
 1.90467e+00
 1.90467e+00
 1.90467e+00
 1.90467e+00
 1.90467e+00
 1.90078e+00
 1.90078e+00
 1.90078e+00
 1.90079e+00
 1.90079e+00
 1.90078e+00
 1.90078e+00
 1.90078e+00
 1.90078e+00
 1.90079e+00
 1.89918e+00
 1.89918e+00
 1.89918e+00
 1.89918e+00
 1.89919e+00
 1.89771e+00
 1.89770e+00
 1.89771e+00
 1.89771e+00
 1.89772e+00
 1.89803e+00
 1.89803e+00
 1.89803e+00
 1.89803e+00
 1.89804e+00
 1.89857e+00
 1.89857e+00
 1.89857e+00
 1.89857e+00
 1.89858e+00
 1.89893e+00
 1.89893e+00
 1.89892e+00
 1.89892e+00
 1.89893e+00
 1.90089e+00
 1.90088e+00
 1.90088e+00
 1.90088e+00
 1.90088e+00
 1.91149e+00
 1.91148e+00
 1.91148e+00
 1.91148e+00
 1.91148e+00
 1.94610e+00
 1.94608e+00
 1.94608e+00
 1.94608e+00
 1.94608e+00
 2.03132e+00
 2.03131e+00
 2.03130e+00
 2.03130e+00
 2.03130e+00
 2.20807e+00
 2.20807e+00
 2.20806e+00
 2.20806e+00
 2.20806e+00
 2.53330e+00
 2.53330e+00
 2.53329e+00
 2.53328e+00
 2.53329e+00
 2.86052e+00
 2.86052e+00
 2.86052e+00
 2.86052e+00
 2.86052e+00
 3.04006e+00
 3.04006e+00
 3.04006e+00
 3.04007e+00
 3.04007e+00
 3.08806e+00
 3.08807e+00
 3.08808e+00
 3.08808e+00
 3.08808e+00
 3.07022e+00
 3.07023e+00
 3.07023e+00
 3.07023e+00
 3.07024e+00
 2.98348e+00
 2.98349e+00
 2.98350e+00
 2.98350e+00
 2.98351e+00
 2.82270e+00
 2.82271e+00
 2.82271e+00
 2.82272e+00
 2.82272e+00
 2.60687e+00
 2.60688e+00
 2.60688e+00
 2.60688e+00
 2.60688e+00
 2.40648e+00
 2.40648e+00
 2.40649e+00
 2.40649e+00
 2.40649e+00
 2.24584e+00
 2.24584e+00
 2.24584e+00
 2.24585e+00
 2.24585e+00
 2.13557e+00
 2.13557e+00
 2.13557e+00
 2.13557e+00
 2.13557e+00
 2.06235e+00
 2.06236e+00
 2.06236e+00
 2.06236e+00
 2.06236e+00
 2.02543e+00
 2.02543e+00
 2.02543e+00
 2.02543e+00
 2.02543e+00
 2.00946e+00
 2.00946e+00
 2.00946e+00
 2.00946e+00
 2.00946e+00
 2.00330e+00
 2.00330e+00
 2.00330e+00
 2.00330e+00
 2.00330e+00
 2.00110e+00
 2.00110e+00
 2.00110e+00
 2.00110e+00
 2.00110e+00
 2.00035e+00
 2.00035e+00
 2.00035e+00
 2.00035e+00
 2.00035e+00
 2.00011e+00
 2.00011e+00
 2.00011e+00
 2.00011e+00
 2.00011e+00
 2.00003e+00
 2.00003e+00
 2.00003e+00
 2.00003e+00
 2.00003e+00
 2.00001e+00
 2.00001e+00
 2.00001e+00
 2.00001e+00
 2.00001e+00
 2.00000e+00
 2.00000e+00
 2.00000e+00
 2.00000e+00
 2.00000e+00
 2.00000e+00
 2.00000e+00
 2.00000e+00
 2.00000e+00
 2.00000e+00
 2.00000e+00
 2.00000e+00
 2.00000e+00
 2.00000e+00
 2.00000e+00
 2.00000e+00
 2.00000e+00
 2.00000e+00
 2.00000e+00
 2.00000e+00
 2.00000e+00
 2.00000e+00
 2.00000e+00
 2.00000e+00
 2.00000e+00
 2.00000e+00
 2.00000e+00
 2.00000e+00
 2.00000e+00
 2.00000e+00
 2.00000e+00
 2.00000e+00
 2.00000e+00
 2.00000e+00
 2.00000e+00
 2.00000e+00
 2.00000e+00
 2.00000e+00
 2.00000e+00
 2.00000e+00
 2.00000e+00
 2.00000e+00
 2.00000e+00
 2.00000e+00
 2.00000e+00
 2.00000e+00
 2.00000e+00
 2.00000e+00
 2.00000e+00
 2.00000e+00
 2.00000e+00
 2.00000e+00
 2.00000e+00
 2.00000e+00
 2.00000e+00
 2.00000e+00
 2.00000e+00
 2.00000e+00
 2.00000e+00
 2.00000e+00
 2.00000e+00
 2.00000e+00
 2.00000e+00
 2.00000e+00
 2.00000e+00
 2.00000e+00
 2.00000e+00
 2.00000e+00
 2.00000e+00
 2.00000e+00
 2.00000e+00
 2.00000e+00
 2.00000e+00
 2.00000e+00
 2.00000e+00
 2.00000e+00
 2.00000e+00
 2.00000e+00
 2.00000e+00
 2.00000e+00
 2.00000e+00
 2.00000e+00
 2.00000e+00
 2.00000e+00
 2.00000e+00
 2.00000e+00
 2.00000e+00
 2.00000e+00
 2.00000e+00
 2.00000e+00
 2.00000e+00
 2.00000e+00
 2.00000e+00
 2.00000e+00
 2.00000e+00
 2.00000e+00
 2.00000e+00
 2.00000e+00
 2.00000e+00
 2.00000e+00
 2.50000e+00
 2.50000e+00
 2.50000e+00
 2.50000e+00
 2.50000e+00
 2.50000e+00
 2.50000e+00
 2.50000e+00
 2.50000e+00
 2.50000e+00
 2.50000e+00
 2.50000e+00
 2.50000e+00
 2.50000e+00
 2.50000e+00
 2.50000e+00
 2.50000e+00
 2.50000e+00
 2.50000e+00
 2.50000e+00
 2.50000e+00
 2.50000e+00
 2.50000e+00
 2.50000e+00
 2.50000e+00
 2.50000e+00
 2.50000e+00
 2.50000e+00
 2.50000e+00
 2.50000e+00
 2.50000e+00
 2.50000e+00
 2.50000e+00
 2.50000e+00
 2.50000e+00
 2.50000e+00
 2.50000e+00
 2.50000e+00
 2.50000e+00
 2.50000e+00
 2.50000e+00
 2.50000e+00
 2.50000e+00
 2.50000e+00
 2.50000e+00
 2.50000e+00
 2.50000e+00
 2.50000e+00
 2.50000e+00
 2.50000e+00
 2.50000e+00
 2.50000e+00
 2.50000e+00
 2.50000e+00
 2.50000e+00
 2.50000e+00
 2.50000e+00
 2.50000e+00
 2.50000e+00
 2.50000e+00
 2.50000e+00
 2.50000e+00
 2.50000e+00
 2.50000e+00
 2.50000e+00
 2.50000e+00
 2.50000e+00
 2.50000e+00
 2.50000e+00
 2.50000e+00
 2.50000e+00
 2.50000e+00
 2.50000e+00
 2.50000e+00
 2.50000e+00
 2.50000e+00
 2.50000e+00
 2.50000e+00
 2.50000e+00
 2.50000e+00
 2.50000e+00
 2.50000e+00
 2.50000e+00
 2.50000e+00
 2.50000e+00
 2.50000e+00
 2.50000e+00
 2.50000e+00
 2.50000e+00
 2.50000e+00
 2.50000e+00
 2.50000e+00
 2.50000e+00
 2.50000e+00
 2.50000e+00
 2.50000e+00
 2.50000e+00
 2.50000e+00
 2.50000e+00
 2.50000e+00
 2.50000e+00
 2.50000e+00
 2.50000e+00
 2.50000e+00
 2.50000e+00
 2.50000e+00
 2.50000e+00
 2.50000e+00
 2.50000e+00
 2.50000e+00
 2.50000e+00
 2.50000e+00
 2.50000e+00
 2.50000e+00
 2.50000e+00
 2.50000e+00
 2.50000e+00
 2.50000e+00
 2.50000e+00
 2.50000e+00
 2.50000e+00
 2.50000e+00
 2.50000e+00
 2.50000e+00
 2.50000e+00
 2.50000e+00
 2.50000e+00
 2.50000e+00
 2.50000e+00
 2.50000e+00
 2.50000e+00
 2.50000e+00
 2.50000e+00
 2.50000e+00
 2.50000e+00
 2.50000e+00
 2.50000e+00
 2.50000e+00
 2.50000e+00
 2.50000e+00
 2.50000e+00
 2.50000e+00
 2.50000e+00
 2.50000e+00
 2.50000e+00
 2.50000e+00
 2.50000e+00
 2.50000e+00
 2.50000e+00
 2.50000e+00
 2.49999e+00
 2.49999e+00
 2.49999e+00
 2.49999e+00
 2.49999e+00
 2.49994e+00
 2.49994e+00
 2.49994e+00
 2.49994e+00
 2.49994e+00
 2.49967e+00
 2.49967e+00
 2.49967e+00
 2.49967e+00
 2.49967e+00
 2.49843e+00
 2.49843e+00
 2.49843e+00
 2.49843e+00
 2.49843e+00
 2.49375e+00
 2.49375e+00
 2.49375e+00
 2.49375e+00
 2.49375e+00
 2.47985e+00
 2.47985e+00
 2.47985e+00
 2.47985e+00
 2.47985e+00
 2.44855e+00
 2.44855e+00
 2.44855e+00
 2.44855e+00
 2.44855e+00
 2.39556e+00
 2.39556e+00
 2.39556e+00
 2.39556e+00
 2.39556e+00
 2.32510e+00
 2.32510e+00
 2.32510e+00
 2.32510e+00
 2.32510e+00
 2.24390e+00
 2.24390e+00
 2.24390e+00
 2.24390e+00
 2.24390e+00
 2.15445e+00
 2.15445e+00
 2.15445e+00
 2.15445e+00
 2.15445e+00
 2.06326e+00
 2.06326e+00
 2.06326e+00
 2.06326e+00
 2.06326e+00
 1.98017e+00
 1.98017e+00
 1.98017e+00
 1.98017e+00
 1.98017e+00
 1.93024e+00
 1.93024e+00
 1.93024e+00
 1.93024e+00
 1.93024e+00
 1.93032e+00
 1.93032e+00
 1.93032e+00
 1.93032e+00
 1.93032e+00
 1.92307e+00
 1.92307e+00
 1.92307e+00
 1.92307e+00
 1.92307e+00
 1.91114e+00
 1.91114e+00
 1.91114e+00
 1.91114e+00
 1.91114e+00
 1.90454e+00
 1.90454e+00
 1.90455e+00
 1.90455e+00
 1.90455e+00
 1.90096e+00
 1.90096e+00
 1.90096e+00
 1.90097e+00
 1.90097e+00
 1.90096e+00
 1.90096e+00
 1.90096e+00
 1.90096e+00
 1.90097e+00
 1.89933e+00
 1.89933e+00
 1.89933e+00
 1.89933e+00
 1.89934e+00
 1.89763e+00
 1.89763e+00
 1.89763e+00
 1.89763e+00
 1.89764e+00
 1.89791e+00
 1.89790e+00
 1.89790e+00
 1.89790e+00
 1.89791e+00
 1.89850e+00
 1.89848e+00
 1.89848e+00
 1.89847e+00
 1.89848e+00
 1.89894e+00
 1.89893e+00
 1.89892e+00
 1.89892e+00
 1.89893e+00
 1.90093e+00
 1.90094e+00
 1.90092e+00
 1.90092e+00
 1.90093e+00
 1.91152e+00
 1.91154e+00
 1.91152e+00
 1.91151e+00
 1.91152e+00
 1.94620e+00
 1.94620e+00
 1.94618e+00
 1.94617e+00
 1.94618e+00
 2.03168e+00
 2.03164e+00
 2.03162e+00
 2.03161e+00
 2.03161e+00
 2.20896e+00
 2.20884e+00
 2.20879e+00
 2.20878e+00
 2.20878e+00
 2.53490e+00
 2.53462e+00
 2.53451e+00
 2.53450e+00
 2.53450e+00
 2.86110e+00
 2.86075e+00
 2.86062e+00
 2.86061e+00
 2.86061e+00
 3.03839e+00
 3.03817e+00
 3.03810e+00
 3.03810e+00
 3.03810e+00
 3.08564e+00
 3.08552e+00
 3.08548e+00
 3.08549e+00
 3.08550e+00
 3.06813e+00
 3.06804e+00
 3.06803e+00
 3.06804e+00
 3.06811e+00
 2.98318e+00
 2.98317e+00
 2.98324e+00
 2.98324e+00
 2.98345e+00
 2.82542e+00
 2.82544e+00
 2.82555e+00
 2.82555e+00
 2.82582e+00
 2.61275e+00
 2.61276e+00
 2.61280e+00
 2.61280e+00
 2.61292e+00
 2.40762e+00
 2.40762e+00
 2.40762e+00
 2.40763e+00
 2.40764e+00
 2.24536e+00
 2.24536e+00
 2.24536e+00
 2.24536e+00
 2.24537e+00
 2.13556e+00
 2.13556e+00
 2.13556e+00
 2.13557e+00
 2.13557e+00
 2.06237e+00
 2.06237e+00
 2.06237e+00
 2.06237e+00
 2.06237e+00
 2.02544e+00
 2.02544e+00
 2.02544e+00
 2.02544e+00
 2.02544e+00
 2.00946e+00
 2.00946e+00
 2.00946e+00
 2.00946e+00
 2.00946e+00
 2.00330e+00
 2.00330e+00
 2.00330e+00
 2.00330e+00
 2.00330e+00
 2.00110e+00
 2.00110e+00
 2.00110e+00
 2.00110e+00
 2.00110e+00
 2.00035e+00
 2.00035e+00
 2.00035e+00
 2.00035e+00
 2.00035e+00
 2.00011e+00
 2.00011e+00
 2.00011e+00
 2.00011e+00
 2.00011e+00
 2.00003e+00
 2.00003e+00
 2.00003e+00
 2.00003e+00
 2.00003e+00
 2.00001e+00
 2.00001e+00
 2.00001e+00
 2.00001e+00
 2.00001e+00
 2.00000e+00
 2.00000e+00
 2.00000e+00
 2.00000e+00
 2.00000e+00
 2.00000e+00
 2.00000e+00
 2.00000e+00
 2.00000e+00
 2.00000e+00
 2.00000e+00
 2.00000e+00
 2.00000e+00
 2.00000e+00
 2.00000e+00
 2.00000e+00
 2.00000e+00
 2.00000e+00
 2.00000e+00
 2.00000e+00
 2.00000e+00
 2.00000e+00
 2.00000e+00
 2.00000e+00
 2.00000e+00
 2.00000e+00
 2.00000e+00
 2.00000e+00
 2.00000e+00
 2.00000e+00
 2.00000e+00
 2.00000e+00
 2.00000e+00
 2.00000e+00
 2.00000e+00
 2.00000e+00
 2.00000e+00
 2.00000e+00
 2.00000e+00
 2.00000e+00
 2.00000e+00
 2.00000e+00
 2.00000e+00
 2.00000e+00
 2.00000e+00
 2.00000e+00
 2.00000e+00
 2.00000e+00
 2.00000e+00
 2.00000e+00
 2.00000e+00
 2.00000e+00
 2.00000e+00
 2.00000e+00
 2.00000e+00
 2.00000e+00
 2.00000e+00
 2.00000e+00
 2.00000e+00
 2.00000e+00
 2.00000e+00
 2.00000e+00
 2.00000e+00
 2.00000e+00
 2.00000e+00
 2.00000e+00
 2.00000e+00
 2.00000e+00
 2.00000e+00
 2.00000e+00
 2.00000e+00
 2.00000e+00
 2.00000e+00
 2.00000e+00
 2.00000e+00
 2.00000e+00
 2.00000e+00
 2.00000e+00
 2.00000e+00
 2.00000e+00
 2.00000e+00
 2.00000e+00
 2.00000e+00
 2.00000e+00
 2.00000e+00
 2.00000e+00
 2.00000e+00
 2.00000e+00
 2.00000e+00
 2.00000e+00
 2.00000e+00
 2.00000e+00
 2.00000e+00
 2.00000e+00
 2.00000e+00
 2.00000e+00
 2.00000e+00
 2.00000e+00
 2.00000e+00
 2.00000e+00
