NodeMass
part
         1
coordinates
 0.00000e+00
 0.00000e+00
 0.00000e+00
 0.00000e+00
 0.00000e+00
 0.00000e+00
 9.91901e-37
 5.57251e-33
 1.21316e-31
 5.34446e-31
 8.50740e-31
 5.56922e-31
 6.21415e-29
 1.14486e-27
 3.87894e-27
 5.04452e-27
 2.74766e-27
 5.20003e-28
 2.07677e-29
 3.07921e-33
 0.00000e+00
 0.00000e+00
 0.00000e+00
 0.00000e+00
 0.00000e+00
 0.00000e+00
 0.00000e+00
 0.00000e+00
 0.00000e+00
 0.00000e+00
 0.00000e+00
 3.07921e-33
 2.07677e-29
 5.20003e-28
 2.74766e-27
 5.04452e-27
 3.87894e-27
 1.14486e-27
 6.21415e-29
 5.56922e-31
 8.50740e-31
 5.34446e-31
 1.21316e-31
 5.57251e-33
 9.91901e-37
 0.00000e+00
 0.00000e+00
 0.00000e+00
 0.00000e+00
 0.00000e+00
 0.00000e+00
 0.00000e+00
 0.00000e+00
 0.00000e+00
 0.00000e+00
 0.00000e+00
 0.00000e+00
 7.62165e-35
 9.87012e-32
 1.39141e-30
 4.91682e-30
 6.88538e-30
 4.12557e-30
 3.84550e-28
 7.19189e-27
 2.57222e-26
 3.62855e-26
 2.22905e-26
 5.23841e-27
 3.19625e-28
 2.03346e-31
 0.00000e+00
 0.00000e+00
 0.00000e+00
 0.00000e+00
 0.00000e+00
 0.00000e+00
 0.00000e+00
 0.00000e+00
 0.00000e+00
 0.00000e+00
 0.00000e+00
 2.03346e-31
 3.19625e-28
 5.23841e-27
 2.22905e-26
 3.62855e-26
 2.57222e-26
 7.19189e-27
 3.84550e-28
 4.12557e-30
 6.88538e-30
 4.91682e-30
 1.39141e-30
 9.87012e-32
 7.62165e-35
 0.00000e+00
 0.00000e+00
 0.00000e+00
 0.00000e+00
 0.00000e+00
 0.00000e+00
 0.00000e+00
 0.00000e+00
 0.00000e+00
 0.00000e+00
 0.00000e+00
 0.00000e+00
 7.26534e-33
 1.93831e-30
 1.61469e-29
 4.09401e-29
 4.59297e-29
 2.33902e-29
 1.59346e-27
 3.09102e-26
 1.27322e-25
 2.10247e-25
 1.59511e-25
 5.27025e-26
 5.45327e-27
 1.70001e-29
 0.00000e+00
 0.00000e+00
 0.00000e+00
 0.00000e+00
 0.00000e+00
 0.00000e+00
 0.00000e+00
 0.00000e+00
 0.00000e+00
 0.00000e+00
 0.00000e+00
 1.70001e-29
 5.45327e-27
 5.27025e-26
 1.59511e-25
 2.10247e-25
 1.27322e-25
 3.09102e-26
 1.59346e-27
 2.33902e-29
 4.59297e-29
 4.09401e-29
 1.61469e-29
 1.93831e-30
 7.26534e-33
 0.00000e+00
 0.00000e+00
 0.00000e+00
 0.00000e+00
 0.00000e+00
 0.00000e+00
 0.00000e+00
 0.00000e+00
 0.00000e+00
 0.00000e+00
 0.00000e+00
 0.00000e+00
 9.38394e-31
 5.14816e-29
 2.44546e-28
 4.16427e-28
 3.40018e-28
 1.37396e-28
 6.27667e-27
 1.27718e-25
 6.58546e-25
 1.35878e-24
 1.39728e-24
 7.01233e-25
 1.27602e-25
 1.96250e-27
 0.00000e+00
 0.00000e+00
 0.00000e+00
 0.00000e+00
 0.00000e+00
 0.00000e+00
 0.00000e+00
 0.00000e+00
 0.00000e+00
 0.00000e+00
 0.00000e+00
 1.96250e-27
 1.27602e-25
 7.01233e-25
 1.39728e-24
 1.35878e-24
 6.58546e-25
 1.27718e-25
 6.27667e-27
 1.37396e-28
 3.40018e-28
 4.16427e-28
 2.44546e-28
 5.14816e-29
 9.38394e-31
 0.00000e+00
 0.00000e+00
 0.00000e+00
 0.00000e+00
 0.00000e+00
 0.00000e+00
 0.00000e+00
 0.00000e+00
 0.00000e+00
 0.00000e+00
 0.00000e+00
 0.00000e+00
 1.80497e-28
 2.10856e-27
 5.22536e-27
 5.59197e-27
 3.05255e-27
 8.63434e-28
 2.57462e-26
 5.70925e-25
 3.72894e-24
 1.05944e-23
 1.63558e-23
 1.32576e-23
 4.65425e-24
 3.41805e-25
 0.00000e+00
 0.00000e+00
 0.00000e+00
 0.00000e+00
 0.00000e+00
 0.00000e+00
 0.00000e+00
 0.00000e+00
 0.00000e+00
 0.00000e+00
 0.00000e+00
 3.41805e-25
 4.65425e-24
 1.32576e-23
 1.63558e-23
 1.05944e-23
 3.72894e-24
 5.70925e-25
 2.57462e-26
 8.63434e-28
 3.05255e-27
 5.59197e-27
 5.22536e-27
 2.10856e-27
 1.80497e-28
 0.00000e+00
 0.00000e+00
 0.00000e+00
 0.00000e+00
 0.00000e+00
 0.00000e+00
 0.00000e+00
 0.00000e+00
 0.00000e+00
 0.00000e+00
 0.00000e+00
 0.00000e+00
 6.42042e-26
 1.84345e-25
 2.01045e-25
 1.09909e-25
 3.51061e-26
 6.78525e-27
 1.21269e-25
 3.11131e-24
 2.49390e-23
 1.09515e-22
 2.80813e-22
 4.46761e-22
 3.64857e-22
 1.11343e-22
 0.00000e+00
 0.00000e+00
 0.00000e+00
 0.00000e+00
 0.00000e+00
 0.00000e+00
 0.00000e+00
 0.00000e+00
 0.00000e+00
 0.00000e+00
 0.00000e+00
 1.11343e-22
 3.64857e-22
 4.46761e-22
 2.80813e-22
 1.09515e-22
 2.49390e-23
 3.11131e-24
 1.21269e-25
 6.78525e-27
 3.51061e-26
 1.09909e-25
 2.01045e-25
 1.84345e-25
 6.42042e-26
 0.00000e+00
 0.00000e+00
 0.00000e+00
 0.00000e+00
 0.00000e+00
 0.00000e+00
 1.91457e-21
 6.16606e-21
 8.17425e-21
 6.66928e-21
 3.99712e-21
 1.63787e-21
 4.86703e-22
 1.23592e-22
 2.94328e-23
 6.22617e-24
 1.08587e-24
 1.39828e-25
 1.20012e-24
 3.93306e-23
 4.31946e-22
 2.88410e-21
 1.42277e-20
 5.80168e-20
 2.10332e-19
 7.14902e-19
 2.10776e-18
 4.71256e-18
 7.58800e-18
 9.29966e-18
 7.42299e-18
 5.11135e-18
 7.42299e-18
 9.29966e-18
 7.58800e-18
 4.71256e-18
 2.10776e-18
 7.14902e-19
 2.10332e-19
 5.80168e-20
 1.42277e-20
 2.88410e-21
 4.31946e-22
 3.93306e-23
 1.20012e-24
 1.39828e-25
 1.08587e-24
 6.22617e-24
 2.94328e-23
 1.23592e-22
 4.86703e-22
 1.63787e-21
 3.99712e-21
 6.66928e-21
 8.17425e-21
 6.16606e-21
 1.91457e-21
 3.97557e-20
 1.42073e-19
 1.97078e-19
 1.59144e-19
 9.10390e-20
 3.45191e-20
 9.83918e-21
 2.42565e-21
 5.39398e-22
 1.02972e-22
 1.58197e-23
 1.77166e-24
 9.21121e-24
 3.48446e-22
 4.45262e-21
 3.44213e-20
 1.93993e-19
 8.78369e-19
 3.40547e-18
 1.18603e-17
 3.60511e-17
 8.68963e-17
 1.47872e-16
 1.85513e-16
 1.45153e-16
 9.49951e-17
 1.45153e-16
 1.85513e-16
 1.47872e-16
 8.68963e-17
 3.60511e-17
 1.18603e-17
 3.40547e-18
 8.78369e-19
 1.93993e-19
 3.44213e-20
 4.45262e-21
 3.48446e-22
 9.21121e-24
 1.77166e-24
 1.58197e-23
 1.02972e-22
 5.39398e-22
 2.42565e-21
 9.83918e-21
 3.45191e-20
 9.10390e-20
 1.59144e-19
 1.97078e-19
 1.42073e-19
 3.97557e-20
 3.52693e-19
 1.40708e-18
 2.02837e-18
 1.59228e-18
 8.32613e-19
 2.71678e-19
 7.07607e-20
 1.61747e-20
 3.26043e-21
 5.56191e-22
 7.59020e-23
 7.56132e-24
 2.80621e-23
 1.15992e-21
 1.63904e-20
 1.41059e-19
 8.86856e-19
 4.45825e-18
 1.89349e-17
 7.06189e-17
 2.27922e-16
 6.29200e-16
 1.18615e-15
 1.56200e-15
 1.20718e-15
 7.49353e-16
 1.20718e-15
 1.56200e-15
 1.18615e-15
 6.29200e-16
 2.27922e-16
 7.06189e-17
 1.89349e-17
 4.45825e-18
 8.86856e-19
 1.41059e-19
 1.63904e-20
 1.15992e-21
 2.80621e-23
 7.56132e-24
 7.59020e-23
 5.56191e-22
 3.26043e-21
 1.61747e-20
 7.07607e-20
 2.71678e-19
 8.32613e-19
 1.59228e-18
 2.02837e-18
 1.40708e-18
 3.52693e-19
 2.03119e-18
 9.03089e-18
 1.34350e-17
 1.00338e-17
 4.55989e-18
 1.18513e-18
 2.69508e-19
 5.42077e-20
 9.79364e-21
 1.53097e-21
 1.93341e-22
 1.79042e-23
 5.27729e-23
 2.32252e-21
 3.48944e-20
 3.18273e-19
 2.11966e-18
 1.13444e-17
 5.19551e-17
 2.13420e-16
 8.02462e-16
 2.65261e-15
 5.83833e-15
 8.35765e-15
 6.43998e-15
 3.79906e-15
 6.43998e-15
 8.35765e-15
 5.83833e-15
 2.65261e-15
 8.02462e-16
 2.13420e-16
 5.19551e-17
 1.13444e-17
 2.11966e-18
 3.18273e-19
 3.48944e-20
 2.32252e-21
 5.27729e-23
 1.79042e-23
 1.93341e-22
 1.53097e-21
 9.79364e-21
 5.42077e-20
 2.69508e-19
 1.18513e-18
 4.55989e-18
 1.00338e-17
 1.34350e-17
 9.03089e-18
 2.03119e-18
 9.00006e-18
 4.40549e-17
 6.73116e-17
 4.70239e-17
 1.76507e-17
 3.37978e-18
 5.79419e-19
 9.62588e-20
 1.49200e-20
 2.07527e-21
 2.43878e-22
 2.16143e-23
 5.85697e-23
 2.63349e-21
 4.01284e-20
 3.70434e-19
 2.52335e-18
 1.42473e-17
 7.24408e-17
 3.47855e-16
 1.65472e-15
 7.47157e-15
 2.11854e-14
 3.40412e-14
 2.63178e-14
 1.47154e-14
 2.63178e-14
 3.40412e-14
 2.11854e-14
 7.47157e-15
 1.65472e-15
 3.47855e-16
 7.24408e-17
 1.42473e-17
 2.52335e-18
 3.70434e-19
 4.01284e-20
 2.63349e-21
 5.85697e-23
 2.16143e-23
 2.43878e-22
 2.07527e-21
 1.49200e-20
 9.62588e-20
 5.79419e-19
 3.37978e-18
 1.76507e-17
 4.70239e-17
 6.73116e-17
 4.40549e-17
 9.00006e-18
 3.39537e-17
 1.78834e-16
 2.80547e-16
 1.84767e-16
 5.53776e-17
 6.92290e-18
 7.23118e-19
 8.79505e-20
 1.15688e-20
 1.47898e-21
 1.65834e-22
 1.43393e-23
 3.88500e-23
 1.74475e-21
 2.61020e-20
 2.34734e-19
 1.57176e-18
 9.03728e-18
 5.04646e-17
 3.06879e-16
 2.24687e-15
 1.63226e-14
 6.34146e-14
 1.13707e-13
 8.87640e-14
 4.82646e-14
 8.87640e-14
 1.13707e-13
 6.34146e-14
 1.63226e-14
 2.24687e-15
 3.06879e-16
 5.04646e-17
 9.03728e-18
 1.57176e-18
 2.34734e-19
 2.61020e-20
 1.74475e-21
 3.88500e-23
 1.43393e-23
 1.65834e-22
 1.47898e-21
 1.15688e-20
 8.79505e-20
 7.23118e-19
 6.92290e-18
 5.53776e-17
 1.84767e-16
 2.80547e-16
 1.78834e-16
 3.39537e-17
 1.17304e-16
 6.43437e-16
 1.04121e-15
 6.74621e-16
 1.73325e-16
 1.41719e-17
 4.23251e-19
 3.32050e-20
 4.08279e-21
 5.52774e-22
 6.52127e-23
 5.77980e-24
 1.66345e-23
 7.44865e-22
 1.07397e-20
 9.03407e-20
 5.50130e-19
 2.82083e-18
 1.48211e-17
 1.21085e-16
 2.54248e-15
 3.46813e-14
 1.75263e-13
 3.34492e-13
 2.62222e-13
 1.41490e-13
 2.62222e-13
 3.34492e-13
 1.75263e-13
 3.46813e-14
 2.54248e-15
 1.21085e-16
 1.48211e-17
 2.82083e-18
 5.50130e-19
 9.03407e-20
 1.07397e-20
 7.44865e-22
 1.66345e-23
 5.77980e-24
 6.52127e-23
 5.52774e-22
 4.08279e-21
 3.32050e-20
 4.23251e-19
 1.41719e-17
 1.73325e-16
 6.74621e-16
 1.04121e-15
 6.43437e-16
 1.17304e-16
 3.91371e-16
 2.16010e-15
 3.63717e-15
 2.51492e-15
 7.15036e-16
 6.95609e-17
 1.01434e-18
 1.22520e-21
 4.27256e-22
 8.80265e-23
 1.29823e-23
 1.29800e-24
 4.44249e-24
 1.98897e-22
 2.72942e-21
 2.06427e-20
 1.03292e-19
 3.61360e-19
 6.18630e-19
 8.60650e-17
 8.24631e-15
 1.06635e-13
 5.05069e-13
 9.27687e-13
 7.16168e-13
 3.90152e-13
 7.16168e-13
 9.27687e-13
 5.05069e-13
 1.06635e-13
 8.24631e-15
 8.60650e-17
 6.18630e-19
 3.61360e-19
 1.03292e-19
 2.06427e-20
 2.72942e-21
 1.98897e-22
 4.44249e-24
 1.29800e-24
 1.29823e-23
 8.80265e-23
 4.27256e-22
 1.22520e-21
 1.01434e-18
 6.95609e-17
 7.15036e-16
 2.51492e-15
 3.63717e-15
 2.16010e-15
 3.91371e-16
 1.19358e-15
 7.13096e-15
 1.31924e-14
 1.04847e-14
 3.74380e-15
 5.31057e-16
 1.69123e-17
 4.99489e-23
 3.96950e-23
 1.18137e-23
 2.21470e-24
 2.66968e-25
 1.12786e-24
 4.83923e-23
 6.10129e-22
 4.03676e-21
 1.63700e-20
 4.13313e-20
 4.01919e-20
 1.12797e-15
 5.15552e-14
 4.41295e-13
 1.64266e-12
 2.66360e-12
 1.91232e-12
 1.00104e-12
 1.91232e-12
 2.66360e-12
 1.64266e-12
 4.41295e-13
 5.15552e-14
 1.12797e-15
 4.01919e-20
 4.13313e-20
 1.63700e-20
 4.03676e-21
 6.10129e-22
 4.83923e-23
 1.12786e-24
 2.66968e-25
 2.21470e-24
 1.18137e-23
 3.96950e-23
 4.99489e-23
 1.69123e-17
 5.31057e-16
 3.74380e-15
 1.04847e-14
 1.31924e-14
 7.13096e-15
 1.19358e-15
 3.38115e-15
 2.42164e-14
 5.20652e-14
 5.21957e-14
 2.63780e-14
 5.80510e-15
 3.92902e-16
 3.05319e-24
 3.31654e-24
 1.33900e-24
 3.18796e-25
 5.06423e-26
 2.61593e-25
 1.03454e-23
 1.16397e-22
 6.62257e-22
 2.19635e-21
 4.25807e-21
 3.47204e-21
 2.32196e-14
 4.43574e-13
 2.39328e-12
 6.29721e-12
 8.33565e-12
 5.22486e-12
 2.42699e-12
 5.22486e-12
 8.33565e-12
 6.29721e-12
 2.39328e-12
 4.43574e-13
 2.32196e-14
 3.47204e-21
 4.25807e-21
 2.19635e-21
 6.62257e-22
 1.16397e-22
 1.03454e-23
 2.61593e-25
 5.06423e-26
 3.18796e-25
 1.33900e-24
 3.31654e-24
 3.05319e-24
 3.92902e-16
 5.80510e-15
 2.63780e-14
 5.21957e-14
 5.20652e-14
 2.42164e-14
 3.38115e-15
 9.60242e-15
 8.34697e-14
 2.24675e-13
 3.09491e-13
 2.36245e-13
 9.20318e-14
 1.44700e-14
 1.97349e-25
 2.40371e-25
 1.24715e-25
 3.72321e-26
 8.71005e-27
 5.15789e-26
 1.82443e-24
 1.79625e-23
 8.73273e-23
 2.49290e-22
 3.84029e-22
 2.80574e-22
 6.87746e-13
 5.70271e-12
 1.78779e-11
 2.98376e-11
 2.91617e-11
 1.50117e-11
 5.64935e-12
 1.50117e-11
 2.91617e-11
 2.98376e-11
 1.78779e-11
 5.70271e-12
 6.87746e-13
 2.80574e-22
 3.84029e-22
 2.49290e-22
 8.73273e-23
 1.79625e-23
 1.82443e-24
 5.15789e-26
 8.71005e-27
 3.72321e-26
 1.24715e-25
 2.40371e-25
 1.97349e-25
 1.44700e-14
 9.20318e-14
 2.36245e-13
 3.09491e-13
 2.24675e-13
 8.34697e-14
 9.60242e-15
 2.90033e-14
 2.84280e-13
 1.10307e-12
 2.25659e-12
 2.98588e-12
 2.40340e-12
 8.26322e-13
 1.03610e-26
 1.41101e-26
 9.18717e-27
 3.33634e-27
 1.26376e-27
 7.80351e-27
 2.42130e-25
 2.06647e-24
 8.60924e-24
 2.18490e-23
 2.85680e-23
 1.85673e-23
 3.46079e-11
 1.23998e-10
 1.88731e-10
 1.80251e-10
 1.19654e-10
 4.52980e-11
 1.31093e-11
 4.52980e-11
 1.19654e-10
 1.80251e-10
 1.88731e-10
 1.23998e-10
 3.46079e-11
 1.85673e-23
 2.85680e-23
 2.18490e-23
 8.60924e-24
 2.06647e-24
 2.42130e-25
 7.80351e-27
 1.26376e-27
 3.33634e-27
 9.18717e-27
 1.41101e-26
 1.03610e-26
 8.26322e-13
 2.40340e-12
 2.98588e-12
 2.25659e-12
 1.10307e-12
 2.84280e-13
 2.90033e-14
 1.01853e-13
 1.19412e-12
 6.32459e-12
 2.20000e-11
 6.04598e-11
 1.44327e-10
 3.18735e-10
 6.64291e-10
 1.27264e-09
 2.29221e-09
 3.96537e-09
 6.73109e-09
 1.22932e-08
 2.38340e-08
 3.24239e-08
 3.24661e-08
 2.95699e-08
 2.44545e-08
 1.76435e-08
 1.08889e-08
 6.12229e-09
 3.26515e-09
 1.53800e-09
 5.80463e-10
 1.47131e-10
 3.47805e-11
 1.47131e-10
 5.80463e-10
 1.53800e-09
 3.26515e-09
 6.12229e-09
 1.08889e-08
 1.76435e-08
 2.44545e-08
 2.95699e-08
 3.24661e-08
 3.24239e-08
 2.38340e-08
 1.22932e-08
 6.73109e-09
 3.96537e-09
 2.29221e-09
 1.27264e-09
 6.64291e-10
 3.18735e-10
 1.44327e-10
 6.04598e-11
 2.20000e-11
 6.32459e-12
 1.19412e-12
 1.01853e-13
 1.00097e-12
 1.27737e-11
 7.30340e-11
 2.71778e-10
 7.64426e-10
 1.78056e-09
 3.67141e-09
 7.04744e-09
 1.31556e-08
 2.47494e-08
 4.84918e-08
 1.01843e-07
 2.49387e-07
 5.02652e-07
 6.46413e-07
 6.21912e-07
 5.52231e-07
 4.54476e-07
 3.45717e-07
 2.37643e-07
 1.43273e-07
 7.37133e-08
 3.07497e-08
 9.58841e-09
 1.95476e-09
 3.85235e-10
 1.95476e-09
 9.58841e-09
 3.07497e-08
 7.37133e-08
 1.43273e-07
 2.37643e-07
 3.45717e-07
 4.54476e-07
 5.52231e-07
 6.21912e-07
 6.46413e-07
 5.02652e-07
 2.49387e-07
 1.01843e-07
 4.84918e-08
 2.47494e-08
 1.31556e-08
 7.04744e-09
 3.67141e-09
 1.78056e-09
 7.64426e-10
 2.71778e-10
 7.30340e-11
 1.27737e-11
 1.00097e-12
 2.05936e-12
 2.57048e-11
 1.43334e-10
 5.19186e-10
 1.41907e-09
 3.20462e-09
 6.37677e-09
 1.18759e-08
 2.23116e-08
 4.42501e-08
 9.56677e-08
 2.35624e-07
 7.16884e-07
 1.43868e-06
 1.73440e-06
 1.57139e-06
 1.31707e-06
 1.04224e-06
 7.98840e-07
 5.87210e-07
 3.90175e-07
 2.21739e-07
 9.99809e-08
 3.24975e-08
 6.61020e-09
 1.25479e-09
 6.61020e-09
 3.24975e-08
 9.99809e-08
 2.21739e-07
 3.90175e-07
 5.87210e-07
 7.98840e-07
 1.04224e-06
 1.31707e-06
 1.57139e-06
 1.73440e-06
 1.43868e-06
 7.16884e-07
 2.35624e-07
 9.56677e-08
 4.42501e-08
 2.23116e-08
 1.18759e-08
 6.37677e-09
 3.20462e-09
 1.41907e-09
 5.19186e-10
 1.43334e-10
 2.57048e-11
 2.05936e-12
 2.10647e-12
 2.53224e-11
 1.33738e-10
 4.48402e-10
 1.07956e-09
 2.11398e-09
 3.75626e-09
 6.72118e-09
 1.30610e-08
 2.88155e-08
 7.56076e-08
 2.53264e-07
 1.04981e-06
 2.09857e-06
 2.29707e-06
 1.80566e-06
 1.28316e-06
 9.13571e-07
 6.99164e-07
 5.65438e-07
 4.31949e-07
 2.81751e-07
 1.40158e-07
 4.76803e-08
 1.00978e-08
 1.97429e-09
 1.00978e-08
 4.76803e-08
 1.40158e-07
 2.81751e-07
 4.31949e-07
 5.65438e-07
 6.99164e-07
 9.13571e-07
 1.28316e-06
 1.80566e-06
 2.29707e-06
 2.09857e-06
 1.04981e-06
 2.53264e-07
 7.56076e-08
 2.88155e-08
 1.30610e-08
 6.72118e-09
 3.75626e-09
 2.11398e-09
 1.07956e-09
 4.48402e-10
 1.33738e-10
 2.53224e-11
 2.10647e-12
 1.63530e-12
 1.87594e-11
 9.11083e-11
 2.53222e-10
 4.62243e-10
 6.36499e-10
 8.09070e-10
 1.35366e-09
 2.97782e-09
 8.34249e-09
 3.18381e-08
 1.75684e-07
 1.15738e-06
 2.29993e-06
 2.12549e-06
 1.24869e-06
 6.41074e-07
 3.73915e-07
 2.77520e-07
 2.56750e-07
 2.50109e-07
 2.08427e-07
 1.23557e-07
 4.64135e-08
 1.01325e-08
 2.05233e-09
 1.01325e-08
 4.64135e-08
 1.23557e-07
 2.08427e-07
 2.50109e-07
 2.56750e-07
 2.77520e-07
 3.73915e-07
 6.41074e-07
 1.24869e-06
 2.12549e-06
 2.29993e-06
 1.15738e-06
 1.75684e-07
 3.18381e-08
 8.34249e-09
 2.97782e-09
 1.35366e-09
 8.09070e-10
 6.36499e-10
 4.62243e-10
 2.53222e-10
 9.11083e-11
 1.87594e-11
 1.63530e-12
 1.00668e-12
 1.09254e-11
 4.66438e-11
 9.63340e-11
 1.18590e-10
 1.01979e-10
 8.07502e-11
 1.29908e-10
 3.65158e-10
 1.45029e-09
 8.76639e-09
 8.85048e-08
 1.16579e-06
 2.28784e-06
 1.68087e-06
 6.16448e-07
 1.92870e-07
 8.49041e-08
 5.57715e-08
 6.09904e-08
 9.24938e-08
 1.13055e-07
 8.73318e-08
 3.86567e-08
 8.54065e-09
 1.71854e-09
 8.54065e-09
 3.86567e-08
 8.73318e-08
 1.13055e-07
 9.24938e-08
 6.09904e-08
 5.57715e-08
 8.49041e-08
 1.92870e-07
 6.16448e-07
 1.68087e-06
 2.28784e-06
 1.16579e-06
 8.85048e-08
 8.76639e-09
 1.45029e-09
 3.65158e-10
 1.29908e-10
 8.07502e-11
 1.01979e-10
 1.18590e-10
 9.63340e-11
 4.66438e-11
 1.09254e-11
 1.00668e-12
 4.76750e-13
 5.01555e-12
 1.85994e-11
 3.21113e-11
 3.00729e-11
 1.60155e-11
 5.06205e-12
 4.63704e-12
 1.97773e-11
 1.33155e-10
 1.48740e-09
 3.13736e-08
 1.14628e-06
 2.21703e-06
 1.33939e-06
 2.80163e-07
 5.13807e-08
 1.38302e-08
 7.06106e-09
 1.09514e-08
 2.92205e-08
 5.16642e-08
 5.11586e-08
 2.63203e-08
 6.06550e-09
 1.19885e-09
 6.06550e-09
 2.63203e-08
 5.11586e-08
 5.16642e-08
 2.92205e-08
 1.09514e-08
 7.06106e-09
 1.38302e-08
 5.13807e-08
 2.80163e-07
 1.33939e-06
 2.21703e-06
 1.14628e-06
 3.13736e-08
 1.48740e-09
 1.33155e-10
 1.97773e-11
 4.63704e-12
 5.06205e-12
 1.60155e-11
 3.00729e-11
 3.21113e-11
 1.85994e-11
 5.01555e-12
 4.76750e-13
 1.86953e-13
 1.92439e-12
 6.72306e-12
 1.05760e-11
 8.43906e-12
 3.35042e-12
 5.09971e-13
 1.61079e-14
 1.34330e-13
 2.75279e-12
 9.28336e-11
 5.80123e-09
 1.14061e-06
 2.15499e-06
 1.15094e-06
 1.45598e-07
 1.63072e-08
 1.85201e-09
 5.56664e-10
 2.64641e-09
 1.15932e-08
 2.40305e-08
 2.60117e-08
 1.42540e-08
 3.39360e-09
 6.68568e-10
 3.39360e-09
 1.42540e-08
 2.60117e-08
 2.40305e-08
 1.15932e-08
 2.64641e-09
 5.56664e-10
 1.85201e-09
 1.63072e-08
 1.45598e-07
 1.15094e-06
 2.15499e-06
 1.14061e-06
 5.80123e-09
 9.28336e-11
 2.75279e-12
 1.34330e-13
 1.61079e-14
 5.09971e-13
 3.35042e-12
 8.43906e-12
 1.05760e-11
 6.72306e-12
 1.92439e-12
 1.86953e-13
 6.67023e-14
 6.39746e-13
 2.19174e-12
 3.29507e-12
 2.51229e-12
 9.74330e-13
 1.52379e-13
 1.56983e-14
 1.94847e-15
 2.51023e-16
 2.83087e-17
 2.48819e-18
 1.16592e-06
 2.14473e-06
 1.08290e-06
 1.14712e-07
 1.13120e-08
 7.67747e-10
 3.19328e-10
 1.61054e-09
 5.60419e-09
 1.07123e-08
 1.12643e-08
 6.12080e-09
 1.48642e-09
 3.10016e-10
 1.48642e-09
 6.12080e-09
 1.12643e-08
 1.07123e-08
 5.60419e-09
 1.61054e-09
 3.19328e-10
 7.67747e-10
 1.13120e-08
 1.14712e-07
 1.08290e-06
 2.14473e-06
 1.16592e-06
 2.48819e-18
 2.83087e-17
 2.51023e-16
 1.94847e-15
 1.56983e-14
 1.52379e-13
 9.74330e-13
 2.51229e-12
 3.29507e-12
 2.19174e-12
 6.39746e-13
 6.67023e-14
 2.21333e-14
 1.85867e-13
 6.21553e-13
 9.10879e-13
 7.10717e-13
 3.18460e-13
 7.19678e-14
 1.30664e-14
 2.18737e-15
 3.22039e-16
 3.95183e-17
 3.69887e-18
 1.23459e-06
 2.26281e-06
 1.14782e-06
 1.33507e-07
 1.50086e-08
 1.18967e-09
 2.93488e-10
 9.52748e-10
 2.46399e-09
 4.07856e-09
 4.01983e-09
 2.14304e-09
 5.59055e-10
 1.32072e-10
 5.59055e-10
 2.14304e-09
 4.01983e-09
 4.07856e-09
 2.46399e-09
 9.52748e-10
 2.93488e-10
 1.18967e-09
 1.50086e-08
 1.33507e-07
 1.14782e-06
 2.26281e-06
 1.23459e-06
 3.69887e-18
 3.95183e-17
 3.22039e-16
 2.18737e-15
 1.30664e-14
 7.19678e-14
 3.18460e-13
 7.10717e-13
 9.10879e-13
 6.21553e-13
 1.85867e-13
 2.21333e-14
 6.43736e-15
 4.52163e-14
 1.45788e-13
 2.10773e-13
 1.70246e-13
 8.82580e-14
 2.69075e-14
 6.19480e-15
 1.25138e-15
 2.14332e-16
 2.96809e-17
 2.99608e-18
 1.36272e-06
 2.56525e-06
 1.38131e-06
 2.07173e-07
 3.17380e-08
 3.58865e-09
 3.34438e-10
 3.79223e-10
 8.30543e-10
 1.23015e-09
 1.13809e-09
 5.96778e-10
 1.74140e-10
 4.89919e-11
 1.74140e-10
 5.96778e-10
 1.13809e-09
 1.23015e-09
 8.30543e-10
 3.79223e-10
 3.34438e-10
 3.58865e-09
 3.17380e-08
 2.07173e-07
 1.38131e-06
 2.56525e-06
 1.36272e-06
 2.99608e-18
 2.96809e-17
 2.14332e-16
 1.25138e-15
 6.19480e-15
 2.69075e-14
 8.82580e-14
 1.70246e-13
 2.10773e-13
 1.45788e-13
 4.52163e-14
 6.43736e-15
 1.55165e-15
 8.65733e-15
 2.62608e-14
 3.75598e-14
 3.10628e-14
 1.77382e-14
 6.51895e-15
 1.78451e-15
 4.14331e-16
 7.95744e-17
 1.21518e-17
 1.37763e-18
 1.59158e-06
 3.18439e-06
 1.94800e-06
 4.43489e-07
 1.06299e-07
 2.04425e-08
 2.56517e-09
 1.90621e-10
 1.93666e-10
 2.70991e-10
 2.40082e-10
 1.26115e-10
 4.19096e-11
 1.43430e-11
 4.19096e-11
 1.26115e-10
 2.40082e-10
 2.70991e-10
 1.93666e-10
 1.90621e-10
 2.56517e-09
 2.04425e-08
 1.06299e-07
 4.43489e-07
 1.94800e-06
 3.18439e-06
 1.59158e-06
 1.37763e-18
 1.21518e-17
 7.95744e-17
 4.14331e-16
 1.78451e-15
 6.51895e-15
 1.77382e-14
 3.10628e-14
 3.75598e-14
 2.62608e-14
 8.65733e-15
 1.55165e-15
 2.69590e-16
 1.17862e-15
 3.21980e-15
 4.51906e-15
 3.79953e-15
 2.33449e-15
 9.72575e-16
 2.92124e-16
 7.77931e-17
 1.80459e-17
 3.56032e-18
 5.59655e-19
 2.03307e-06
 4.57460e-06
 3.54391e-06
 1.43910e-06
 6.10613e-07
 2.30562e-07
 6.81782e-08
 1.48581e-08
 5.90105e-09
 4.66400e-09
 3.91674e-09
 3.46358e-09
 3.22080e-09
 3.14450e-09
 3.22080e-09
 3.46358e-09
 3.91674e-09
 4.66400e-09
 5.90105e-09
 1.48581e-08
 6.81782e-08
 2.30562e-07
 6.10613e-07
 1.43910e-06
 3.54391e-06
 4.57460e-06
 2.03307e-06
 5.59655e-19
 3.56032e-18
 1.80459e-17
 7.77931e-17
 2.92124e-16
 9.72575e-16
 2.33449e-15
 3.79953e-15
 4.51906e-15
 3.21980e-15
 1.17862e-15
 2.69590e-16
 8.83122e-16
 2.38734e-15
 5.07183e-15
 6.36735e-15
 4.76691e-15
 3.02113e-15
 1.45042e-15
 5.37525e-16
 1.86203e-16
 5.72402e-17
 1.45267e-17
 2.71860e-18
 2.96796e-06
 8.17538e-06
 9.40435e-06
 7.71775e-06
 6.58113e-06
 5.78919e-06
 5.19425e-06
 4.71757e-06
 4.35206e-06
 4.10580e-06
 3.96585e-06
 3.90358e-06
 3.88003e-06
 3.87271e-06
 3.88003e-06
 3.90358e-06
 3.96585e-06
 4.10580e-06
 4.35206e-06
 4.71757e-06
 5.19425e-06
 5.78919e-06
 6.58113e-06
 7.71775e-06
 9.40435e-06
 8.17538e-06
 2.96796e-06
 2.71860e-18
 1.45267e-17
 5.72402e-17
 1.86203e-16
 5.37525e-16
 1.45042e-15
 3.02113e-15
 4.76691e-15
 6.36735e-15
 5.07183e-15
 2.38734e-15
 8.83122e-16
 1.76859e-14
 6.29730e-14
 1.43295e-13
 1.87312e-13
 1.52997e-13
 9.48625e-14
 4.02962e-14
 1.13732e-14
 2.89558e-15
 8.00600e-16
 1.76827e-16
 2.82779e-17
 3.74189e-06
 1.13362e-05
 1.45696e-05
 1.29336e-05
 1.10210e-05
 9.35131e-06
 7.96391e-06
 6.92079e-06
 6.22191e-06
 5.79892e-06
 5.59007e-06
 5.58395e-06
 5.69135e-06
 5.74991e-06
 5.69135e-06
 5.58395e-06
 5.59007e-06
 5.79892e-06
 6.22191e-06
 6.92079e-06
 7.96391e-06
 9.35131e-06
 1.10210e-05
 1.29336e-05
 1.45696e-05
 1.13362e-05
 3.74189e-06
 2.82779e-17
 1.76827e-16
 8.00600e-16
 2.89558e-15
 1.13732e-14
 4.02962e-14
 9.48625e-14
 1.52997e-13
 1.87312e-13
 1.43295e-13
 6.29730e-14
 1.76859e-14
 1.23181e-13
 5.09076e-13
 1.20926e-12
 1.55888e-12
 1.24041e-12
 7.39706e-13
 3.13349e-13
 9.92787e-14
 2.41789e-14
 4.14313e-15
 8.13191e-16
 1.15382e-16
 3.95441e-06
 1.21108e-05
 1.50560e-05
 1.17691e-05
 8.19779e-06
 5.64896e-06
 4.08525e-06
 3.26334e-06
 2.85774e-06
 2.59034e-06
 2.40390e-06
 2.38831e-06
 2.59420e-06
 2.75692e-06
 2.59420e-06
 2.38831e-06
 2.40390e-06
 2.59034e-06
 2.85774e-06
 3.26334e-06
 4.08525e-06
 5.64896e-06
 8.19779e-06
 1.17691e-05
 1.50560e-05
 1.21108e-05
 3.95441e-06
 1.15382e-16
 8.13191e-16
 4.14313e-15
 2.41789e-14
 9.92787e-14
 3.13349e-13
 7.39706e-13
 1.24041e-12
 1.55888e-12
 1.20926e-12
 5.09076e-13
 1.23181e-13
 4.94799e-13
 2.52423e-12
 6.23625e-12
 7.80374e-12
 5.85184e-12
 3.16974e-12
 1.20605e-12
 3.66291e-13
 8.83906e-14
 1.51888e-14
 2.12689e-15
 2.84780e-16
 4.06615e-06
 1.24229e-05
 1.47233e-05
 9.98268e-06
 5.72554e-06
 3.56602e-06
 2.77478e-06
 2.81165e-06
 3.02728e-06
 2.67511e-06
 1.93234e-06
 1.40390e-06
 1.35868e-06
 1.49166e-06
 1.35868e-06
 1.40390e-06
 1.93234e-06
 2.67511e-06
 3.02728e-06
 2.81165e-06
 2.77478e-06
 3.56602e-06
 5.72554e-06
 9.98268e-06
 1.47233e-05
 1.24229e-05
 4.06615e-06
 2.84780e-16
 2.12689e-15
 1.51888e-14
 8.83906e-14
 3.66291e-13
 1.20605e-12
 3.16974e-12
 5.85184e-12
 7.80374e-12
 6.23625e-12
 2.52423e-12
 4.94799e-13
 1.48024e-12
 9.42469e-12
 2.35357e-11
 2.81804e-11
 1.92268e-11
 8.73717e-12
 2.68231e-12
 7.20874e-13
 1.62034e-13
 2.66848e-14
 3.05763e-15
 3.86550e-16
 4.09989e-06
 1.25516e-05
 1.45055e-05
 9.24155e-06
 5.28581e-06
 4.05471e-06
 4.67315e-06
 6.28624e-06
 7.36073e-06
 6.46185e-06
 4.06989e-06
 1.99454e-06
 1.16161e-06
 1.13213e-06
 1.16161e-06
 1.99454e-06
 4.06989e-06
 6.46185e-06
 7.36073e-06
 6.28624e-06
 4.67315e-06
 4.05471e-06
 5.28581e-06
 9.24155e-06
 1.45055e-05
 1.25516e-05
 4.09989e-06
 3.86550e-16
 3.05763e-15
 2.66848e-14
 1.62034e-13
 7.20874e-13
 2.68231e-12
 8.73717e-12
 1.92268e-11
 2.81804e-11
 2.35357e-11
 9.42469e-12
 1.48024e-12
 3.77583e-12
 2.88139e-11
 7.08622e-11
 8.07989e-11
 4.90715e-11
 1.71070e-11
 3.64745e-12
 7.69351e-13
 1.52608e-13
 2.27893e-14
 2.66923e-15
 3.26630e-16
 4.09731e-06
 1.26963e-05
 1.48908e-05
 9.82615e-06
 6.23648e-06
 5.86894e-06
 8.47978e-06
 1.20161e-05
 1.35368e-05
 1.20708e-05
 8.06498e-06
 3.68063e-06
 1.35157e-06
 9.97437e-07
 1.35157e-06
 3.68063e-06
 8.06498e-06
 1.20708e-05
 1.35368e-05
 1.20161e-05
 8.47978e-06
 5.86894e-06
 6.23648e-06
 9.82615e-06
 1.48908e-05
 1.26963e-05
 4.09731e-06
 3.26630e-16
 2.66923e-15
 2.27893e-14
 1.52608e-13
 7.69351e-13
 3.64745e-12
 1.71070e-11
 4.90715e-11
 8.07989e-11
 7.08622e-11
 2.88139e-11
 3.77583e-12
 8.89356e-12
 7.50914e-11
 1.80511e-10
 1.99493e-10
 1.10907e-10
 2.88105e-11
 3.37323e-12
 3.47706e-13
 6.52367e-14
 9.57305e-15
 1.43654e-15
 1.82603e-16
 4.06783e-06
 1.29101e-05
 1.57122e-05
 1.11200e-05
 7.78794e-06
 8.00991e-06
 1.24022e-05
 1.68980e-05
 1.77524e-05
 1.61510e-05
 1.17949e-05
 5.72731e-06
 1.77501e-06
 9.52415e-07
 1.77501e-06
 5.72731e-06
 1.17949e-05
 1.61510e-05
 1.77524e-05
 1.68980e-05
 1.24022e-05
 8.00991e-06
 7.78794e-06
 1.11200e-05
 1.57122e-05
 1.29101e-05
 4.06783e-06
 1.82603e-16
 1.43654e-15
 9.57305e-15
 6.52367e-14
 3.47706e-13
 3.37323e-12
 2.88105e-11
 1.10907e-10
 1.99493e-10
 1.80511e-10
 7.50914e-11
 8.89356e-12
 2.03239e-11
 1.72119e-10
 4.08623e-10
 4.58721e-10
 2.66440e-10
 7.40980e-11
 9.83754e-12
 1.22128e-12
 5.99409e-12
 5.24382e-11
 8.01680e-10
 2.34200e-08
 4.02295e-06
 1.30215e-05
 1.67667e-05
 1.32157e-05
 1.01978e-05
 1.04711e-05
 1.47178e-05
 1.86977e-05
 1.92315e-05
 1.79274e-05
 1.39636e-05
 7.27895e-06
 2.21602e-06
 9.62541e-07
 2.21602e-06
 7.27895e-06
 1.39636e-05
 1.79274e-05
 1.92315e-05
 1.86977e-05
 1.47178e-05
 1.04711e-05
 1.01978e-05
 1.32157e-05
 1.67667e-05
 1.30215e-05
 4.02295e-06
 2.34200e-08
 8.01680e-10
 5.24382e-11
 5.99409e-12
 1.22128e-12
 9.83754e-12
 7.40980e-11
 2.66440e-10
 4.58721e-10
 4.08623e-10
 1.72119e-10
 2.03239e-11
 3.99966e-11
 3.49410e-10
 8.75836e-10
 1.09385e-09
 7.65321e-10
 3.14852e-10
 1.06497e-10
 9.66801e-11
 2.70161e-10
 1.17464e-09
 8.40235e-09
 1.09873e-07
 3.99068e-06
 1.28726e-05
 1.76158e-05
 1.59003e-05
 1.38828e-05
 1.40191e-05
 1.64897e-05
 1.88379e-05
 1.93887e-05
 1.83730e-05
 1.47794e-05
 8.04554e-06
 2.49435e-06
 9.81324e-07
 2.49435e-06
 8.04554e-06
 1.47794e-05
 1.83730e-05
 1.93887e-05
 1.88379e-05
 1.64897e-05
 1.40191e-05
 1.38828e-05
 1.59003e-05
 1.76158e-05
 1.28726e-05
 3.99068e-06
 1.09873e-07
 8.40235e-09
 1.17464e-09
 2.70161e-10
 9.66801e-11
 1.06497e-10
 3.14852e-10
 7.65321e-10
 1.09385e-09
 8.75836e-10
 3.49410e-10
 3.99966e-11
 6.36858e-11
 5.88832e-10
 1.79319e-09
 2.77690e-09
 2.60055e-09
 1.82410e-09
 1.34649e-09
 1.78385e-09
 3.73065e-09
 1.05511e-08
 4.39618e-08
 2.94033e-07
 3.97017e-06
 1.24042e-05
 1.77914e-05
 1.78365e-05
 1.72017e-05
 1.72990e-05
 1.83002e-05
 1.91382e-05
 1.91327e-05
 1.79199e-05
 1.42167e-05
 7.66356e-06
 2.36089e-06
 9.08826e-07
 2.36089e-06
 7.66356e-06
 1.42167e-05
 1.79199e-05
 1.91327e-05
 1.91382e-05
 1.83002e-05
 1.72990e-05
 1.72017e-05
 1.78365e-05
 1.77914e-05
 1.24042e-05
 3.97017e-06
 2.94033e-07
 4.39618e-08
 1.05511e-08
 3.73065e-09
 1.78385e-09
 1.34649e-09
 1.82410e-09
 2.60055e-09
 2.77690e-09
 1.79319e-09
 5.88832e-10
 6.36858e-11
 8.49388e-11
 8.06915e-10
 3.03007e-09
 6.33732e-09
 8.89774e-09
 1.01083e-08
 1.11996e-08
 1.56703e-08
 2.75215e-08
 5.88849e-08
 1.63664e-07
 6.40965e-07
 3.91656e-06
 1.13065e-05
 1.68759e-05
 1.80918e-05
 1.83155e-05
 1.84987e-05
 1.87411e-05
 1.87546e-05
 1.81181e-05
 1.61854e-05
 1.19467e-05
 5.99593e-06
 1.80757e-06
 7.40655e-07
 1.80757e-06
 5.99593e-06
 1.19467e-05
 1.61854e-05
 1.81181e-05
 1.87546e-05
 1.87411e-05
 1.84987e-05
 1.83155e-05
 1.80918e-05
 1.68759e-05
 1.13065e-05
 3.91656e-06
 6.40965e-07
 1.63664e-07
 5.88849e-08
 2.75215e-08
 1.56703e-08
 1.11996e-08
 1.01083e-08
 8.89774e-09
 6.33732e-09
 3.03007e-09
 8.06915e-10
 8.49388e-11
 9.86275e-11
 9.52335e-10
 3.97704e-09
 1.02468e-08
 1.92929e-08
 3.05174e-08
 4.49431e-08
 6.72183e-08
 1.08164e-07
 1.92864e-07
 3.95999e-07
 9.97837e-07
 3.49538e-06
 8.90988e-06
 1.37927e-05
 1.58321e-05
 1.65968e-05
 1.68189e-05
 1.66365e-05
 1.59934e-05
 1.45468e-05
 1.19261e-05
 7.92874e-06
 3.64430e-06
 1.13051e-06
 5.51204e-07
 1.13051e-06
 3.64430e-06
 7.92874e-06
 1.19261e-05
 1.45468e-05
 1.59934e-05
 1.66365e-05
 1.68189e-05
 1.65968e-05
 1.58321e-05
 1.37927e-05
 8.90988e-06
 3.49538e-06
 9.97837e-07
 3.95999e-07
 1.92864e-07
 1.08164e-07
 6.72183e-08
 4.49431e-08
 3.05174e-08
 1.92929e-08
 1.02468e-08
 3.97704e-09
 9.52335e-10
 9.86275e-11
 7.83961e-11
 7.70305e-10
 3.31797e-09
 9.30207e-09
 1.99779e-08
 3.62069e-08
 5.91388e-08
 9.18890e-08
 1.44792e-07
 2.39587e-07
 4.25950e-07
 8.34931e-07
 2.05998e-06
 4.53831e-06
 7.10480e-06
 8.71387e-06
 9.51334e-06
 9.62718e-06
 9.23676e-06
 8.43233e-06
 7.13037e-06
 5.36159e-06
 3.32037e-06
 1.49514e-06
 5.51859e-07
 3.79264e-07
 5.51859e-07
 1.49514e-06
 3.32037e-06
 5.36159e-06
 7.13037e-06
 8.43233e-06
 9.23676e-06
 9.62718e-06
 9.51334e-06
 8.71387e-06
 7.10480e-06
 4.53831e-06
 2.05998e-06
 8.34931e-07
 4.25950e-07
 2.39587e-07
 1.44792e-07
 9.18890e-08
 5.91388e-08
 3.62069e-08
 1.99779e-08
 9.30207e-09
 3.31797e-09
 7.70305e-10
 7.83961e-11
 3.13000e-11
 3.01872e-10
 1.27224e-09
 3.55295e-09
 7.74392e-09
 1.43642e-08
 2.41854e-08
 3.86526e-08
 6.06824e-08
 9.61785e-08
 1.57253e-07
 2.70479e-07
 5.00662e-07
 9.01556e-07
 1.37145e-06
 1.80043e-06
 2.05806e-06
 2.05954e-06
 1.88365e-06
 1.59988e-06
 1.26705e-06
 9.27278e-07
 6.10885e-07
 3.19828e-07
 2.20836e-07
 2.63463e-07
 2.20836e-07
 3.19828e-07
 6.10885e-07
 9.27278e-07
 1.26705e-06
 1.59988e-06
 1.88365e-06
 2.05954e-06
 2.05806e-06
 1.80043e-06
 1.37145e-06
 9.01556e-07
 5.00662e-07
 2.70479e-07
 1.57253e-07
 9.61785e-08
 6.06824e-08
 3.86526e-08
 2.41854e-08
 1.43642e-08
 7.74392e-09
 3.55295e-09
 1.27224e-09
 3.01872e-10
 3.13000e-11
 6.03414e-12
 4.40592e-11
 1.17153e-10
 1.80472e-10
 1.98371e-10
 1.36016e-10
 3.89890e-11
 0.00000e+00
 0.00000e+00
 0.00000e+00
 0.00000e+00
 0.00000e+00
 0.00000e+00
 0.00000e+00
 0.00000e+00
 0.00000e+00
 0.00000e+00
 0.00000e+00
 0.00000e+00
 2.51344e-09
 1.02477e-08
 2.30702e-08
 3.46780e-08
 3.50264e-08
 1.27320e-07
 2.23271e-07
 1.27320e-07
 3.50264e-08
 3.46780e-08
 2.30702e-08
 1.02477e-08
 2.51344e-09
 0.00000e+00
 0.00000e+00
 0.00000e+00
 0.00000e+00
 0.00000e+00
 0.00000e+00
 0.00000e+00
 0.00000e+00
 0.00000e+00
 0.00000e+00
 0.00000e+00
 0.00000e+00
 3.89890e-11
 1.36016e-10
 1.98371e-10
 1.80472e-10
 1.17153e-10
 4.40592e-11
 6.03414e-12
 2.29354e-12
 1.19565e-11
 2.23108e-11
 2.19230e-11
 1.30086e-11
 4.26161e-12
 5.28142e-13
 0.00000e+00
 0.00000e+00
 0.00000e+00
 0.00000e+00
 0.00000e+00
 0.00000e+00
 0.00000e+00
 0.00000e+00
 0.00000e+00
 0.00000e+00
 0.00000e+00
 0.00000e+00
 4.30803e-11
 4.28289e-10
 1.95797e-09
 5.52848e-09
 8.94801e-09
 1.17753e-07
 2.25521e-07
 1.17753e-07
 8.94801e-09
 5.52848e-09
 1.95797e-09
 4.28289e-10
 4.30803e-11
 0.00000e+00
 0.00000e+00
 0.00000e+00
 0.00000e+00
 0.00000e+00
 0.00000e+00
 0.00000e+00
 0.00000e+00
 0.00000e+00
 0.00000e+00
 0.00000e+00
 0.00000e+00
 5.28142e-13
 4.26161e-12
 1.30086e-11
 2.19230e-11
 2.23108e-11
 1.19565e-11
 2.29354e-12
 9.16021e-13
 3.76789e-12
 5.60673e-12
 3.89893e-12
 1.38544e-12
 2.54543e-13
 1.31741e-14
 0.00000e+00
 0.00000e+00
 0.00000e+00
 0.00000e+00
 0.00000e+00
 0.00000e+00
 0.00000e+00
 0.00000e+00
 0.00000e+00
 0.00000e+00
 0.00000e+00
 0.00000e+00
 1.46146e-12
 3.53208e-11
 2.87371e-10
 1.27587e-09
 2.97584e-09
 1.22200e-07
 2.40494e-07
 1.22200e-07
 2.97584e-09
 1.27587e-09
 2.87371e-10
 3.53208e-11
 1.46146e-12
 0.00000e+00
 0.00000e+00
 0.00000e+00
 0.00000e+00
 0.00000e+00
 0.00000e+00
 0.00000e+00
 0.00000e+00
 0.00000e+00
 0.00000e+00
 0.00000e+00
 0.00000e+00
 1.31741e-14
 2.54543e-13
 1.38544e-12
 3.89893e-12
 5.60673e-12
 3.76789e-12
 9.16021e-13
 3.63571e-13
 1.33464e-12
 1.68795e-12
 9.09142e-13
 2.13909e-13
 2.18760e-14
 2.27732e-16
 0.00000e+00
 0.00000e+00
 0.00000e+00
 0.00000e+00
 0.00000e+00
 0.00000e+00
 0.00000e+00
 0.00000e+00
 0.00000e+00
 0.00000e+00
 0.00000e+00
 0.00000e+00
 7.81848e-14
 4.80250e-12
 6.36975e-11
 3.94097e-10
 1.24091e-09
 1.35579e-07
 2.69346e-07
 1.35579e-07
 1.24091e-09
 3.94097e-10
 6.36975e-11
 4.80250e-12
 7.81848e-14
 0.00000e+00
 0.00000e+00
 0.00000e+00
 0.00000e+00
 0.00000e+00
 0.00000e+00
 0.00000e+00
 0.00000e+00
 0.00000e+00
 0.00000e+00
 0.00000e+00
 0.00000e+00
 2.27732e-16
 2.18760e-14
 2.13909e-13
 9.09142e-13
 1.68795e-12
 1.33464e-12
 3.63571e-13
 1.45300e-13
 4.87224e-13
 5.50513e-13
 2.47625e-13
 4.04558e-14
 1.43466e-15
 1.42376e-17
 0.00000e+00
 0.00000e+00
 0.00000e+00
 0.00000e+00
 0.00000e+00
 0.00000e+00
 0.00000e+00
 0.00000e+00
 0.00000e+00
 0.00000e+00
 0.00000e+00
 0.00000e+00
 1.83573e-15
 9.85570e-13
 1.93053e-11
 1.48642e-10
 7.10610e-10
 1.69597e-07
 3.38033e-07
 1.69597e-07
 7.10610e-10
 1.48642e-10
 1.93053e-11
 9.85570e-13
 1.83573e-15
 0.00000e+00
 0.00000e+00
 0.00000e+00
 0.00000e+00
 0.00000e+00
 0.00000e+00
 0.00000e+00
 0.00000e+00
 0.00000e+00
 0.00000e+00
 0.00000e+00
 0.00000e+00
 1.42376e-17
 1.43466e-15
 4.04558e-14
 2.47625e-13
 5.50513e-13
 4.87224e-13
 1.45300e-13
 4.21623e-14
 1.19676e-13
 1.21165e-13
 4.92699e-14
 5.82482e-15
 2.07229e-16
 1.10531e-18
 0.00000e+00
 0.00000e+00
 0.00000e+00
 0.00000e+00
 0.00000e+00
 0.00000e+00
 0.00000e+00
 0.00000e+00
 0.00000e+00
 0.00000e+00
 0.00000e+00
 0.00000e+00
 2.47045e-16
 1.98761e-13
 4.75742e-12
 4.04427e-11
 3.01809e-10
 9.73481e-08
 1.94164e-07
 9.73481e-08
 3.01809e-10
 4.04427e-11
 4.75742e-12
 1.98761e-13
 2.47045e-16
 0.00000e+00
 0.00000e+00
 0.00000e+00
 0.00000e+00
 0.00000e+00
 0.00000e+00
 0.00000e+00
 0.00000e+00
 0.00000e+00
 0.00000e+00
 0.00000e+00
 0.00000e+00
 1.10531e-18
 2.07229e-16
 5.82482e-15
 4.92699e-14
 1.21165e-13
 1.19676e-13
 4.21623e-14
 0.00000e+00
 0.00000e+00
 0.00000e+00
 0.00000e+00
 0.00000e+00
 0.00000e+00
 9.91901e-37
 5.57251e-33
 1.21316e-31
 5.34446e-31
 8.50740e-31
 5.56922e-31
 6.21415e-29
 1.14486e-27
 3.87894e-27
 5.04452e-27
 2.74766e-27
 5.20003e-28
 2.07677e-29
 3.07921e-33
 0.00000e+00
 0.00000e+00
 0.00000e+00
 0.00000e+00
 0.00000e+00
 0.00000e+00
 0.00000e+00
 0.00000e+00
 0.00000e+00
 0.00000e+00
 0.00000e+00
 3.07921e-33
 2.07677e-29
 5.20003e-28
 2.74766e-27
 5.04452e-27
 3.87894e-27
 1.14486e-27
 6.21415e-29
 5.56922e-31
 8.50740e-31
 5.34446e-31
 1.21316e-31
 5.57251e-33
 9.91901e-37
 0.00000e+00
 0.00000e+00
 0.00000e+00
 0.00000e+00
 0.00000e+00
 0.00000e+00
 0.00000e+00
 0.00000e+00
 0.00000e+00
 0.00000e+00
 0.00000e+00
 0.00000e+00
 7.62165e-35
 9.87012e-32
 1.39141e-30
 4.91682e-30
 6.88538e-30
 4.12557e-30
 3.84550e-28
 7.19189e-27
 2.57222e-26
 3.62855e-26
 2.22905e-26
 5.23841e-27
 3.19625e-28
 2.03346e-31
 0.00000e+00
 0.00000e+00
 0.00000e+00
 0.00000e+00
 0.00000e+00
 0.00000e+00
 0.00000e+00
 0.00000e+00
 0.00000e+00
 0.00000e+00
 0.00000e+00
 2.03346e-31
 3.19625e-28
 5.23841e-27
 2.22905e-26
 3.62855e-26
 2.57222e-26
 7.19189e-27
 3.84550e-28
 4.12557e-30
 6.88538e-30
 4.91682e-30
 1.39141e-30
 9.87012e-32
 7.62165e-35
 0.00000e+00
 0.00000e+00
 0.00000e+00
 0.00000e+00
 0.00000e+00
 0.00000e+00
 0.00000e+00
 0.00000e+00
 0.00000e+00
 0.00000e+00
 0.00000e+00
 0.00000e+00
 7.26534e-33
 1.93831e-30
 1.61469e-29
 4.09401e-29
 4.59297e-29
 2.33902e-29
 1.59346e-27
 3.09102e-26
 1.27322e-25
 2.10247e-25
 1.59511e-25
 5.27025e-26
 5.45327e-27
 1.70001e-29
 0.00000e+00
 0.00000e+00
 0.00000e+00
 0.00000e+00
 0.00000e+00
 0.00000e+00
 0.00000e+00
 0.00000e+00
 0.00000e+00
 0.00000e+00
 0.00000e+00
 1.70001e-29
 5.45327e-27
 5.27025e-26
 1.59511e-25
 2.10247e-25
 1.27322e-25
 3.09102e-26
 1.59346e-27
 2.33902e-29
 4.59297e-29
 4.09401e-29
 1.61469e-29
 1.93831e-30
 7.26534e-33
 0.00000e+00
 0.00000e+00
 0.00000e+00
 0.00000e+00
 0.00000e+00
 0.00000e+00
 0.00000e+00
 0.00000e+00
 0.00000e+00
 0.00000e+00
 0.00000e+00
 0.00000e+00
 9.38394e-31
 5.14816e-29
 2.44546e-28
 4.16427e-28
 3.40018e-28
 1.37396e-28
 6.27667e-27
 1.27718e-25
 6.58546e-25
 1.35878e-24
 1.39728e-24
 7.01233e-25
 1.27602e-25
 1.96250e-27
 0.00000e+00
 0.00000e+00
 0.00000e+00
 0.00000e+00
 0.00000e+00
 0.00000e+00
 0.00000e+00
 0.00000e+00
 0.00000e+00
 0.00000e+00
 0.00000e+00
 1.96250e-27
 1.27602e-25
 7.01233e-25
 1.39728e-24
 1.35878e-24
 6.58546e-25
 1.27718e-25
 6.27667e-27
 1.37396e-28
 3.40018e-28
 4.16427e-28
 2.44546e-28
 5.14816e-29
 9.38394e-31
 0.00000e+00
 0.00000e+00
 0.00000e+00
 0.00000e+00
 0.00000e+00
 0.00000e+00
 0.00000e+00
 0.00000e+00
 0.00000e+00
 0.00000e+00
 0.00000e+00
 0.00000e+00
 1.80497e-28
 2.10856e-27
 5.22536e-27
 5.59197e-27
 3.05255e-27
 8.63434e-28
 2.57462e-26
 5.70925e-25
 3.72894e-24
 1.05944e-23
 1.63558e-23
 1.32576e-23
 4.65425e-24
 3.41805e-25
 0.00000e+00
 0.00000e+00
 0.00000e+00
 0.00000e+00
 0.00000e+00
 0.00000e+00
 0.00000e+00
 0.00000e+00
 0.00000e+00
 0.00000e+00
 0.00000e+00
 3.41805e-25
 4.65425e-24
 1.32576e-23
 1.63558e-23
 1.05944e-23
 3.72894e-24
 5.70925e-25
 2.57462e-26
 8.63434e-28
 3.05255e-27
 5.59197e-27
 5.22536e-27
 2.10856e-27
 1.80497e-28
 0.00000e+00
 0.00000e+00
 0.00000e+00
 0.00000e+00
 0.00000e+00
 0.00000e+00
 0.00000e+00
 0.00000e+00
 0.00000e+00
 0.00000e+00
 0.00000e+00
 0.00000e+00
 6.42042e-26
 1.84345e-25
 2.01045e-25
 1.09909e-25
 3.51061e-26
 6.78525e-27
 1.21269e-25
 3.11131e-24
 2.49390e-23
 1.09515e-22
 2.80813e-22
 4.46761e-22
 3.64857e-22
 1.11343e-22
 0.00000e+00
 0.00000e+00
 0.00000e+00
 0.00000e+00
 0.00000e+00
 0.00000e+00
 0.00000e+00
 0.00000e+00
 0.00000e+00
 0.00000e+00
 0.00000e+00
 1.11343e-22
 3.64857e-22
 4.46761e-22
 2.80813e-22
 1.09515e-22
 2.49390e-23
 3.11131e-24
 1.21269e-25
 6.78525e-27
 3.51061e-26
 1.09909e-25
 2.01045e-25
 1.84345e-25
 6.42042e-26
 0.00000e+00
 0.00000e+00
 0.00000e+00
 0.00000e+00
 0.00000e+00
 0.00000e+00
 1.91457e-21
 6.16606e-21
 8.17425e-21
 6.66928e-21
 3.99712e-21
 1.63787e-21
 4.86703e-22
 1.23592e-22
 2.94328e-23
 6.22617e-24
 1.08587e-24
 1.39828e-25
 1.20012e-24
 3.93306e-23
 4.31946e-22
 2.88410e-21
 1.42277e-20
 5.80168e-20
 2.10332e-19
 7.14902e-19
 2.10776e-18
 4.71256e-18
 7.58800e-18
 9.29966e-18
 7.42299e-18
 5.11135e-18
 7.42299e-18
 9.29966e-18
 7.58800e-18
 4.71256e-18
 2.10776e-18
 7.14902e-19
 2.10332e-19
 5.80168e-20
 1.42277e-20
 2.88410e-21
 4.31946e-22
 3.93306e-23
 1.20012e-24
 1.39828e-25
 1.08587e-24
 6.22617e-24
 2.94328e-23
 1.23592e-22
 4.86703e-22
 1.63787e-21
 3.99712e-21
 6.66928e-21
 8.17425e-21
 6.16606e-21
 1.91457e-21
 3.97557e-20
 1.42073e-19
 1.97078e-19
 1.59144e-19
 9.10390e-20
 3.45191e-20
 9.83918e-21
 2.42565e-21
 5.39398e-22
 1.02972e-22
 1.58197e-23
 1.77166e-24
 9.21121e-24
 3.48446e-22
 4.45262e-21
 3.44213e-20
 1.93993e-19
 8.78369e-19
 3.40547e-18
 1.18603e-17
 3.60511e-17
 8.68963e-17
 1.47872e-16
 1.85513e-16
 1.45153e-16
 9.49951e-17
 1.45153e-16
 1.85513e-16
 1.47872e-16
 8.68963e-17
 3.60511e-17
 1.18603e-17
 3.40547e-18
 8.78369e-19
 1.93993e-19
 3.44213e-20
 4.45262e-21
 3.48446e-22
 9.21121e-24
 1.77166e-24
 1.58197e-23
 1.02972e-22
 5.39398e-22
 2.42565e-21
 9.83918e-21
 3.45191e-20
 9.10390e-20
 1.59144e-19
 1.97078e-19
 1.42073e-19
 3.97557e-20
 3.52693e-19
 1.40708e-18
 2.02837e-18
 1.59228e-18
 8.32613e-19
 2.71678e-19
 7.07607e-20
 1.61747e-20
 3.26043e-21
 5.56191e-22
 7.59020e-23
 7.56132e-24
 2.80621e-23
 1.15992e-21
 1.63904e-20
 1.41059e-19
 8.86856e-19
 4.45825e-18
 1.89349e-17
 7.06189e-17
 2.27922e-16
 6.29200e-16
 1.18615e-15
 1.56200e-15
 1.20718e-15
 7.49353e-16
 1.20718e-15
 1.56200e-15
 1.18615e-15
 6.29200e-16
 2.27922e-16
 7.06189e-17
 1.89349e-17
 4.45825e-18
 8.86856e-19
 1.41059e-19
 1.63904e-20
 1.15992e-21
 2.80621e-23
 7.56132e-24
 7.59020e-23
 5.56191e-22
 3.26043e-21
 1.61747e-20
 7.07607e-20
 2.71678e-19
 8.32613e-19
 1.59228e-18
 2.02837e-18
 1.40708e-18
 3.52693e-19
 2.03119e-18
 9.03089e-18
 1.34350e-17
 1.00338e-17
 4.55989e-18
 1.18513e-18
 2.69508e-19
 5.42077e-20
 9.79364e-21
 1.53097e-21
 1.93341e-22
 1.79042e-23
 5.27729e-23
 2.32252e-21
 3.48944e-20
 3.18273e-19
 2.11966e-18
 1.13444e-17
 5.19551e-17
 2.13420e-16
 8.02462e-16
 2.65261e-15
 5.83833e-15
 8.35765e-15
 6.43998e-15
 3.79906e-15
 6.43998e-15
 8.35765e-15
 5.83833e-15
 2.65261e-15
 8.02462e-16
 2.13420e-16
 5.19551e-17
 1.13444e-17
 2.11966e-18
 3.18273e-19
 3.48944e-20
 2.32252e-21
 5.27729e-23
 1.79042e-23
 1.93341e-22
 1.53097e-21
 9.79364e-21
 5.42077e-20
 2.69508e-19
 1.18513e-18
 4.55989e-18
 1.00338e-17
 1.34350e-17
 9.03089e-18
 2.03119e-18
 9.00006e-18
 4.40549e-17
 6.73116e-17
 4.70239e-17
 1.76507e-17
 3.37978e-18
 5.79419e-19
 9.62588e-20
 1.49200e-20
 2.07527e-21
 2.43878e-22
 2.16143e-23
 5.85697e-23
 2.63349e-21
 4.01284e-20
 3.70434e-19
 2.52335e-18
 1.42473e-17
 7.24408e-17
 3.47855e-16
 1.65472e-15
 7.47157e-15
 2.11854e-14
 3.40412e-14
 2.63178e-14
 1.47154e-14
 2.63178e-14
 3.40412e-14
 2.11854e-14
 7.47157e-15
 1.65472e-15
 3.47855e-16
 7.24408e-17
 1.42473e-17
 2.52335e-18
 3.70434e-19
 4.01284e-20
 2.63349e-21
 5.85697e-23
 2.16143e-23
 2.43878e-22
 2.07527e-21
 1.49200e-20
 9.62588e-20
 5.79419e-19
 3.37978e-18
 1.76507e-17
 4.70239e-17
 6.73116e-17
 4.40549e-17
 9.00006e-18
 3.39537e-17
 1.78834e-16
 2.80547e-16
 1.84767e-16
 5.53776e-17
 6.92290e-18
 7.23118e-19
 8.79505e-20
 1.15688e-20
 1.47898e-21
 1.65834e-22
 1.43393e-23
 3.88500e-23
 1.74475e-21
 2.61020e-20
 2.34734e-19
 1.57176e-18
 9.03728e-18
 5.04646e-17
 3.06879e-16
 2.24687e-15
 1.63226e-14
 6.34146e-14
 1.13707e-13
 8.87640e-14
 4.82646e-14
 8.87640e-14
 1.13707e-13
 6.34146e-14
 1.63226e-14
 2.24687e-15
 3.06879e-16
 5.04646e-17
 9.03728e-18
 1.57176e-18
 2.34734e-19
 2.61020e-20
 1.74475e-21
 3.88500e-23
 1.43393e-23
 1.65834e-22
 1.47898e-21
 1.15688e-20
 8.79505e-20
 7.23118e-19
 6.92290e-18
 5.53776e-17
 1.84767e-16
 2.80547e-16
 1.78834e-16
 3.39537e-17
 1.17304e-16
 6.43437e-16
 1.04121e-15
 6.74621e-16
 1.73325e-16
 1.41719e-17
 4.23251e-19
 3.32050e-20
 4.08279e-21
 5.52774e-22
 6.52127e-23
 5.77980e-24
 1.66345e-23
 7.44865e-22
 1.07397e-20
 9.03407e-20
 5.50130e-19
 2.82083e-18
 1.48211e-17
 1.21085e-16
 2.54248e-15
 3.46813e-14
 1.75263e-13
 3.34492e-13
 2.62222e-13
 1.41490e-13
 2.62222e-13
 3.34492e-13
 1.75263e-13
 3.46813e-14
 2.54248e-15
 1.21085e-16
 1.48211e-17
 2.82083e-18
 5.50130e-19
 9.03407e-20
 1.07397e-20
 7.44865e-22
 1.66345e-23
 5.77980e-24
 6.52127e-23
 5.52774e-22
 4.08279e-21
 3.32050e-20
 4.23251e-19
 1.41719e-17
 1.73325e-16
 6.74621e-16
 1.04121e-15
 6.43437e-16
 1.17304e-16
 3.91371e-16
 2.16010e-15
 3.63717e-15
 2.51492e-15
 7.15036e-16
 6.95609e-17
 1.01434e-18
 1.22520e-21
 4.27256e-22
 8.80265e-23
 1.29823e-23
 1.29800e-24
 4.44249e-24
 1.98897e-22
 2.72942e-21
 2.06427e-20
 1.03292e-19
 3.61360e-19
 6.18630e-19
 8.60650e-17
 8.24631e-15
 1.06635e-13
 5.05069e-13
 9.27687e-13
 7.16168e-13
 3.90152e-13
 7.16168e-13
 9.27687e-13
 5.05069e-13
 1.06635e-13
 8.24631e-15
 8.60650e-17
 6.18630e-19
 3.61360e-19
 1.03292e-19
 2.06427e-20
 2.72942e-21
 1.98897e-22
 4.44249e-24
 1.29800e-24
 1.29823e-23
 8.80265e-23
 4.27256e-22
 1.22520e-21
 1.01434e-18
 6.95609e-17
 7.15036e-16
 2.51492e-15
 3.63717e-15
 2.16010e-15
 3.91371e-16
 1.19358e-15
 7.13096e-15
 1.31924e-14
 1.04847e-14
 3.74380e-15
 5.31057e-16
 1.69123e-17
 4.99489e-23
 3.96950e-23
 1.18137e-23
 2.21470e-24
 2.66968e-25
 1.12786e-24
 4.83923e-23
 6.10129e-22
 4.03676e-21
 1.63700e-20
 4.13313e-20
 4.01919e-20
 1.12797e-15
 5.15552e-14
 4.41295e-13
 1.64266e-12
 2.66360e-12
 1.91232e-12
 1.00104e-12
 1.91232e-12
 2.66360e-12
 1.64266e-12
 4.41295e-13
 5.15552e-14
 1.12797e-15
 4.01919e-20
 4.13313e-20
 1.63700e-20
 4.03676e-21
 6.10129e-22
 4.83923e-23
 1.12786e-24
 2.66968e-25
 2.21470e-24
 1.18137e-23
 3.96950e-23
 4.99489e-23
 1.69123e-17
 5.31057e-16
 3.74380e-15
 1.04847e-14
 1.31924e-14
 7.13096e-15
 1.19358e-15
 3.38115e-15
 2.42164e-14
 5.20652e-14
 5.21957e-14
 2.63780e-14
 5.80510e-15
 3.92902e-16
 3.05319e-24
 3.31654e-24
 1.33900e-24
 3.18796e-25
 5.06423e-26
 2.61593e-25
 1.03454e-23
 1.16397e-22
 6.62257e-22
 2.19635e-21
 4.25807e-21
 3.47204e-21
 2.32196e-14
 4.43574e-13
 2.39328e-12
 6.29721e-12
 8.33565e-12
 5.22486e-12
 2.42699e-12
 5.22486e-12
 8.33565e-12
 6.29721e-12
 2.39328e-12
 4.43574e-13
 2.32196e-14
 3.47204e-21
 4.25807e-21
 2.19635e-21
 6.62257e-22
 1.16397e-22
 1.03454e-23
 2.61593e-25
 5.06423e-26
 3.18796e-25
 1.33900e-24
 3.31654e-24
 3.05319e-24
 3.92902e-16
 5.80510e-15
 2.63780e-14
 5.21957e-14
 5.20652e-14
 2.42164e-14
 3.38115e-15
 9.60242e-15
 8.34697e-14
 2.24675e-13
 3.09491e-13
 2.36245e-13
 9.20318e-14
 1.44700e-14
 1.97349e-25
 2.40371e-25
 1.24715e-25
 3.72321e-26
 8.71005e-27
 5.15789e-26
 1.82443e-24
 1.79625e-23
 8.73273e-23
 2.49290e-22
 3.84029e-22
 2.80574e-22
 6.87746e-13
 5.70271e-12
 1.78779e-11
 2.98376e-11
 2.91617e-11
 1.50117e-11
 5.64935e-12
 1.50117e-11
 2.91617e-11
 2.98376e-11
 1.78779e-11
 5.70271e-12
 6.87746e-13
 2.80574e-22
 3.84029e-22
 2.49290e-22
 8.73273e-23
 1.79625e-23
 1.82443e-24
 5.15789e-26
 8.71005e-27
 3.72321e-26
 1.24715e-25
 2.40371e-25
 1.97349e-25
 1.44700e-14
 9.20318e-14
 2.36245e-13
 3.09491e-13
 2.24675e-13
 8.34697e-14
 9.60242e-15
 2.90033e-14
 2.84280e-13
 1.10307e-12
 2.25659e-12
 2.98588e-12
 2.40340e-12
 8.26322e-13
 1.03610e-26
 1.41101e-26
 9.18717e-27
 3.33634e-27
 1.26376e-27
 7.80351e-27
 2.42130e-25
 2.06647e-24
 8.60924e-24
 2.18490e-23
 2.85680e-23
 1.85673e-23
 3.46079e-11
 1.23998e-10
 1.88731e-10
 1.80251e-10
 1.19654e-10
 4.52980e-11
 1.31093e-11
 4.52980e-11
 1.19654e-10
 1.80251e-10
 1.88731e-10
 1.23998e-10
 3.46079e-11
 1.85673e-23
 2.85680e-23
 2.18490e-23
 8.60924e-24
 2.06647e-24
 2.42130e-25
 7.80351e-27
 1.26376e-27
 3.33634e-27
 9.18717e-27
 1.41101e-26
 1.03610e-26
 8.26322e-13
 2.40340e-12
 2.98588e-12
 2.25659e-12
 1.10307e-12
 2.84280e-13
 2.90033e-14
 1.01853e-13
 1.19412e-12
 6.32459e-12
 2.20000e-11
 6.04598e-11
 1.44327e-10
 3.18735e-10
 6.64291e-10
 1.27264e-09
 2.29221e-09
 3.96537e-09
 6.73109e-09
 1.22932e-08
 2.38340e-08
 3.24239e-08
 3.24661e-08
 2.95699e-08
 2.44545e-08
 1.76435e-08
 1.08889e-08
 6.12229e-09
 3.26515e-09
 1.53800e-09
 5.80463e-10
 1.47131e-10
 3.47805e-11
 1.47131e-10
 5.80463e-10
 1.53800e-09
 3.26515e-09
 6.12229e-09
 1.08889e-08
 1.76435e-08
 2.44545e-08
 2.95699e-08
 3.24661e-08
 3.24239e-08
 2.38340e-08
 1.22932e-08
 6.73109e-09
 3.96537e-09
 2.29221e-09
 1.27264e-09
 6.64291e-10
 3.18735e-10
 1.44327e-10
 6.04598e-11
 2.20000e-11
 6.32459e-12
 1.19412e-12
 1.01853e-13
 1.00097e-12
 1.27737e-11
 7.30340e-11
 2.71778e-10
 7.64426e-10
 1.78056e-09
 3.67141e-09
 7.04744e-09
 1.31556e-08
 2.47494e-08
 4.84918e-08
 1.01843e-07
 2.49387e-07
 5.02652e-07
 6.46413e-07
 6.21912e-07
 5.52231e-07
 4.54476e-07
 3.45717e-07
 2.37643e-07
 1.43273e-07
 7.37133e-08
 3.07497e-08
 9.58841e-09
 1.95476e-09
 3.85235e-10
 1.95476e-09
 9.58841e-09
 3.07497e-08
 7.37133e-08
 1.43273e-07
 2.37643e-07
 3.45717e-07
 4.54476e-07
 5.52231e-07
 6.21912e-07
 6.46413e-07
 5.02652e-07
 2.49387e-07
 1.01843e-07
 4.84918e-08
 2.47494e-08
 1.31556e-08
 7.04744e-09
 3.67141e-09
 1.78056e-09
 7.64426e-10
 2.71778e-10
 7.30340e-11
 1.27737e-11
 1.00097e-12
 2.05936e-12
 2.57048e-11
 1.43334e-10
 5.19186e-10
 1.41907e-09
 3.20462e-09
 6.37677e-09
 1.18759e-08
 2.23116e-08
 4.42501e-08
 9.56677e-08
 2.35624e-07
 7.16884e-07
 1.43868e-06
 1.73440e-06
 1.57139e-06
 1.31707e-06
 1.04224e-06
 7.98840e-07
 5.87210e-07
 3.90175e-07
 2.21739e-07
 9.99809e-08
 3.24975e-08
 6.61020e-09
 1.25479e-09
 6.61020e-09
 3.24975e-08
 9.99809e-08
 2.21739e-07
 3.90175e-07
 5.87210e-07
 7.98840e-07
 1.04224e-06
 1.31707e-06
 1.57139e-06
 1.73440e-06
 1.43868e-06
 7.16884e-07
 2.35624e-07
 9.56677e-08
 4.42501e-08
 2.23116e-08
 1.18759e-08
 6.37677e-09
 3.20462e-09
 1.41907e-09
 5.19186e-10
 1.43334e-10
 2.57048e-11
 2.05936e-12
 2.10647e-12
 2.53224e-11
 1.33738e-10
 4.48402e-10
 1.07956e-09
 2.11398e-09
 3.75626e-09
 6.72118e-09
 1.30610e-08
 2.88155e-08
 7.56076e-08
 2.53264e-07
 1.04981e-06
 2.09857e-06
 2.29707e-06
 1.80566e-06
 1.28316e-06
 9.13571e-07
 6.99164e-07
 5.65438e-07
 4.31949e-07
 2.81751e-07
 1.40158e-07
 4.76803e-08
 1.00978e-08
 1.97429e-09
 1.00978e-08
 4.76803e-08
 1.40158e-07
 2.81751e-07
 4.31949e-07
 5.65438e-07
 6.99164e-07
 9.13571e-07
 1.28316e-06
 1.80566e-06
 2.29707e-06
 2.09857e-06
 1.04981e-06
 2.53264e-07
 7.56076e-08
 2.88155e-08
 1.30610e-08
 6.72118e-09
 3.75626e-09
 2.11398e-09
 1.07956e-09
 4.48402e-10
 1.33738e-10
 2.53224e-11
 2.10647e-12
 1.63530e-12
 1.87594e-11
 9.11083e-11
 2.53222e-10
 4.62243e-10
 6.36499e-10
 8.09070e-10
 1.35366e-09
 2.97782e-09
 8.34249e-09
 3.18381e-08
 1.75684e-07
 1.15738e-06
 2.29993e-06
 2.12549e-06
 1.24869e-06
 6.41074e-07
 3.73915e-07
 2.77520e-07
 2.56750e-07
 2.50109e-07
 2.08427e-07
 1.23557e-07
 4.64135e-08
 1.01325e-08
 2.05233e-09
 1.01325e-08
 4.64135e-08
 1.23557e-07
 2.08427e-07
 2.50109e-07
 2.56750e-07
 2.77520e-07
 3.73915e-07
 6.41074e-07
 1.24869e-06
 2.12549e-06
 2.29993e-06
 1.15738e-06
 1.75684e-07
 3.18381e-08
 8.34249e-09
 2.97782e-09
 1.35366e-09
 8.09070e-10
 6.36499e-10
 4.62243e-10
 2.53222e-10
 9.11083e-11
 1.87594e-11
 1.63530e-12
 1.00668e-12
 1.09254e-11
 4.66438e-11
 9.63340e-11
 1.18590e-10
 1.01979e-10
 8.07502e-11
 1.29908e-10
 3.65158e-10
 1.45029e-09
 8.76639e-09
 8.85048e-08
 1.16579e-06
 2.28784e-06
 1.68087e-06
 6.16448e-07
 1.92870e-07
 8.49041e-08
 5.57715e-08
 6.09904e-08
 9.24938e-08
 1.13055e-07
 8.73318e-08
 3.86567e-08
 8.54065e-09
 1.71854e-09
 8.54065e-09
 3.86567e-08
 8.73318e-08
 1.13055e-07
 9.24938e-08
 6.09904e-08
 5.57715e-08
 8.49041e-08
 1.92870e-07
 6.16448e-07
 1.68087e-06
 2.28784e-06
 1.16579e-06
 8.85048e-08
 8.76639e-09
 1.45029e-09
 3.65158e-10
 1.29908e-10
 8.07502e-11
 1.01979e-10
 1.18590e-10
 9.63340e-11
 4.66438e-11
 1.09254e-11
 1.00668e-12
 4.76750e-13
 5.01555e-12
 1.85994e-11
 3.21113e-11
 3.00729e-11
 1.60155e-11
 5.06205e-12
 4.63704e-12
 1.97773e-11
 1.33155e-10
 1.48740e-09
 3.13736e-08
 1.14628e-06
 2.21703e-06
 1.33939e-06
 2.80163e-07
 5.13807e-08
 1.38302e-08
 7.06106e-09
 1.09514e-08
 2.92205e-08
 5.16642e-08
 5.11586e-08
 2.63203e-08
 6.06550e-09
 1.19885e-09
 6.06550e-09
 2.63203e-08
 5.11586e-08
 5.16642e-08
 2.92205e-08
 1.09514e-08
 7.06106e-09
 1.38302e-08
 5.13807e-08
 2.80163e-07
 1.33939e-06
 2.21703e-06
 1.14628e-06
 3.13736e-08
 1.48740e-09
 1.33155e-10
 1.97773e-11
 4.63704e-12
 5.06205e-12
 1.60155e-11
 3.00729e-11
 3.21113e-11
 1.85994e-11
 5.01555e-12
 4.76750e-13
 1.86953e-13
 1.92439e-12
 6.72306e-12
 1.05760e-11
 8.43906e-12
 3.35042e-12
 5.09971e-13
 1.61079e-14
 1.34330e-13
 2.75279e-12
 9.28336e-11
 5.80123e-09
 1.14061e-06
 2.15499e-06
 1.15094e-06
 1.45598e-07
 1.63072e-08
 1.85201e-09
 5.56664e-10
 2.64641e-09
 1.15932e-08
 2.40305e-08
 2.60117e-08
 1.42540e-08
 3.39360e-09
 6.68568e-10
 3.39360e-09
 1.42540e-08
 2.60117e-08
 2.40305e-08
 1.15932e-08
 2.64641e-09
 5.56664e-10
 1.85201e-09
 1.63072e-08
 1.45598e-07
 1.15094e-06
 2.15499e-06
 1.14061e-06
 5.80123e-09
 9.28336e-11
 2.75279e-12
 1.34330e-13
 1.61079e-14
 5.09971e-13
 3.35042e-12
 8.43906e-12
 1.05760e-11
 6.72306e-12
 1.92439e-12
 1.86953e-13
 6.67023e-14
 6.39746e-13
 2.19174e-12
 3.29507e-12
 2.51229e-12
 9.74330e-13
 1.52379e-13
 1.56983e-14
 1.94847e-15
 2.51023e-16
 2.83087e-17
 2.48819e-18
 1.16592e-06
 2.14473e-06
 1.08290e-06
 1.14712e-07
 1.13120e-08
 7.67747e-10
 3.19328e-10
 1.61054e-09
 5.60419e-09
 1.07123e-08
 1.12643e-08
 6.12080e-09
 1.48642e-09
 3.10016e-10
 1.48642e-09
 6.12080e-09
 1.12643e-08
 1.07123e-08
 5.60419e-09
 1.61054e-09
 3.19328e-10
 7.67747e-10
 1.13120e-08
 1.14712e-07
 1.08290e-06
 2.14473e-06
 1.16592e-06
 2.48819e-18
 2.83087e-17
 2.51023e-16
 1.94847e-15
 1.56983e-14
 1.52379e-13
 9.74330e-13
 2.51229e-12
 3.29507e-12
 2.19174e-12
 6.39746e-13
 6.67023e-14
 2.21333e-14
 1.85867e-13
 6.21553e-13
 9.10879e-13
 7.10717e-13
 3.18460e-13
 7.19678e-14
 1.30664e-14
 2.18737e-15
 3.22039e-16
 3.95183e-17
 3.69887e-18
 1.23459e-06
 2.26281e-06
 1.14782e-06
 1.33507e-07
 1.50086e-08
 1.18967e-09
 2.93488e-10
 9.52748e-10
 2.46399e-09
 4.07856e-09
 4.01983e-09
 2.14304e-09
 5.59055e-10
 1.32072e-10
 5.59055e-10
 2.14304e-09
 4.01983e-09
 4.07856e-09
 2.46399e-09
 9.52748e-10
 2.93488e-10
 1.18967e-09
 1.50086e-08
 1.33507e-07
 1.14782e-06
 2.26281e-06
 1.23459e-06
 3.69887e-18
 3.95183e-17
 3.22039e-16
 2.18737e-15
 1.30664e-14
 7.19678e-14
 3.18460e-13
 7.10717e-13
 9.10879e-13
 6.21553e-13
 1.85867e-13
 2.21333e-14
 6.43736e-15
 4.52163e-14
 1.45788e-13
 2.10773e-13
 1.70246e-13
 8.82580e-14
 2.69075e-14
 6.19480e-15
 1.25138e-15
 2.14332e-16
 2.96809e-17
 2.99608e-18
 1.36272e-06
 2.56525e-06
 1.38131e-06
 2.07173e-07
 3.17380e-08
 3.58865e-09
 3.34438e-10
 3.79223e-10
 8.30543e-10
 1.23015e-09
 1.13809e-09
 5.96778e-10
 1.74140e-10
 4.89919e-11
 1.74140e-10
 5.96778e-10
 1.13809e-09
 1.23015e-09
 8.30543e-10
 3.79223e-10
 3.34438e-10
 3.58865e-09
 3.17380e-08
 2.07173e-07
 1.38131e-06
 2.56525e-06
 1.36272e-06
 2.99608e-18
 2.96809e-17
 2.14332e-16
 1.25138e-15
 6.19480e-15
 2.69075e-14
 8.82580e-14
 1.70246e-13
 2.10773e-13
 1.45788e-13
 4.52163e-14
 6.43736e-15
 1.55165e-15
 8.65733e-15
 2.62608e-14
 3.75598e-14
 3.10628e-14
 1.77382e-14
 6.51895e-15
 1.78451e-15
 4.14331e-16
 7.95744e-17
 1.21518e-17
 1.37763e-18
 1.59158e-06
 3.18439e-06
 1.94800e-06
 4.43489e-07
 1.06299e-07
 2.04425e-08
 2.56517e-09
 1.90621e-10
 1.93666e-10
 2.70991e-10
 2.40082e-10
 1.26115e-10
 4.19096e-11
 1.43430e-11
 4.19096e-11
 1.26115e-10
 2.40082e-10
 2.70991e-10
 1.93666e-10
 1.90621e-10
 2.56517e-09
 2.04425e-08
 1.06299e-07
 4.43489e-07
 1.94800e-06
 3.18439e-06
 1.59158e-06
 1.37763e-18
 1.21518e-17
 7.95744e-17
 4.14331e-16
 1.78451e-15
 6.51895e-15
 1.77382e-14
 3.10628e-14
 3.75598e-14
 2.62608e-14
 8.65733e-15
 1.55165e-15
 2.69590e-16
 1.17862e-15
 3.21980e-15
 4.51906e-15
 3.79953e-15
 2.33449e-15
 9.72575e-16
 2.92124e-16
 7.77931e-17
 1.80459e-17
 3.56032e-18
 5.59655e-19
 2.03307e-06
 4.57460e-06
 3.54391e-06
 1.43910e-06
 6.10613e-07
 2.30562e-07
 6.81782e-08
 1.48581e-08
 5.90105e-09
 4.66400e-09
 3.91674e-09
 3.46358e-09
 3.22080e-09
 3.14450e-09
 3.22080e-09
 3.46358e-09
 3.91674e-09
 4.66400e-09
 5.90105e-09
 1.48581e-08
 6.81782e-08
 2.30562e-07
 6.10613e-07
 1.43910e-06
 3.54391e-06
 4.57460e-06
 2.03307e-06
 5.59655e-19
 3.56032e-18
 1.80459e-17
 7.77931e-17
 2.92124e-16
 9.72575e-16
 2.33449e-15
 3.79953e-15
 4.51906e-15
 3.21980e-15
 1.17862e-15
 2.69590e-16
 8.83122e-16
 2.38734e-15
 5.07183e-15
 6.36735e-15
 4.76691e-15
 3.02113e-15
 1.45042e-15
 5.37525e-16
 1.86203e-16
 5.72402e-17
 1.45267e-17
 2.71860e-18
 2.96796e-06
 8.17538e-06
 9.40435e-06
 7.71775e-06
 6.58113e-06
 5.78919e-06
 5.19425e-06
 4.71757e-06
 4.35206e-06
 4.10580e-06
 3.96585e-06
 3.90358e-06
 3.88003e-06
 3.87271e-06
 3.88003e-06
 3.90358e-06
 3.96585e-06
 4.10580e-06
 4.35206e-06
 4.71757e-06
 5.19425e-06
 5.78919e-06
 6.58113e-06
 7.71775e-06
 9.40435e-06
 8.17538e-06
 2.96796e-06
 2.71860e-18
 1.45267e-17
 5.72402e-17
 1.86203e-16
 5.37525e-16
 1.45042e-15
 3.02113e-15
 4.76691e-15
 6.36735e-15
 5.07183e-15
 2.38734e-15
 8.83122e-16
 1.76859e-14
 6.29730e-14
 1.43295e-13
 1.87312e-13
 1.52997e-13
 9.48625e-14
 4.02962e-14
 1.13732e-14
 2.89558e-15
 8.00600e-16
 1.76827e-16
 2.82779e-17
 3.74189e-06
 1.13362e-05
 1.45696e-05
 1.29336e-05
 1.10210e-05
 9.35131e-06
 7.96391e-06
 6.92079e-06
 6.22191e-06
 5.79892e-06
 5.59007e-06
 5.58395e-06
 5.69135e-06
 5.74991e-06
 5.69135e-06
 5.58395e-06
 5.59007e-06
 5.79892e-06
 6.22191e-06
 6.92079e-06
 7.96391e-06
 9.35131e-06
 1.10210e-05
 1.29336e-05
 1.45696e-05
 1.13362e-05
 3.74189e-06
 2.82779e-17
 1.76827e-16
 8.00600e-16
 2.89558e-15
 1.13732e-14
 4.02962e-14
 9.48625e-14
 1.52997e-13
 1.87312e-13
 1.43295e-13
 6.29730e-14
 1.76859e-14
 1.23181e-13
 5.09076e-13
 1.20926e-12
 1.55888e-12
 1.24041e-12
 7.39706e-13
 3.13349e-13
 9.92787e-14
 2.41789e-14
 4.14313e-15
 8.13191e-16
 1.15382e-16
 3.95441e-06
 1.21108e-05
 1.50560e-05
 1.17691e-05
 8.19779e-06
 5.64896e-06
 4.08525e-06
 3.26334e-06
 2.85774e-06
 2.59034e-06
 2.40390e-06
 2.38831e-06
 2.59420e-06
 2.75692e-06
 2.59420e-06
 2.38831e-06
 2.40390e-06
 2.59034e-06
 2.85774e-06
 3.26334e-06
 4.08525e-06
 5.64896e-06
 8.19779e-06
 1.17691e-05
 1.50560e-05
 1.21108e-05
 3.95441e-06
 1.15382e-16
 8.13191e-16
 4.14313e-15
 2.41789e-14
 9.92787e-14
 3.13349e-13
 7.39706e-13
 1.24041e-12
 1.55888e-12
 1.20926e-12
 5.09076e-13
 1.23181e-13
 4.94799e-13
 2.52423e-12
 6.23625e-12
 7.80374e-12
 5.85184e-12
 3.16974e-12
 1.20605e-12
 3.66291e-13
 8.83906e-14
 1.51888e-14
 2.12689e-15
 2.84780e-16
 4.06615e-06
 1.24229e-05
 1.47233e-05
 9.98268e-06
 5.72554e-06
 3.56602e-06
 2.77478e-06
 2.81165e-06
 3.02728e-06
 2.67511e-06
 1.93234e-06
 1.40390e-06
 1.35868e-06
 1.49166e-06
 1.35868e-06
 1.40390e-06
 1.93234e-06
 2.67511e-06
 3.02728e-06
 2.81165e-06
 2.77478e-06
 3.56602e-06
 5.72554e-06
 9.98268e-06
 1.47233e-05
 1.24229e-05
 4.06615e-06
 2.84780e-16
 2.12689e-15
 1.51888e-14
 8.83906e-14
 3.66291e-13
 1.20605e-12
 3.16974e-12
 5.85184e-12
 7.80374e-12
 6.23625e-12
 2.52423e-12
 4.94799e-13
 1.48024e-12
 9.42469e-12
 2.35357e-11
 2.81804e-11
 1.92268e-11
 8.73717e-12
 2.68231e-12
 7.20874e-13
 1.62034e-13
 2.66848e-14
 3.05763e-15
 3.86550e-16
 4.09989e-06
 1.25516e-05
 1.45055e-05
 9.24155e-06
 5.28581e-06
 4.05471e-06
 4.67315e-06
 6.28624e-06
 7.36073e-06
 6.46185e-06
 4.06989e-06
 1.99454e-06
 1.16161e-06
 1.13213e-06
 1.16161e-06
 1.99454e-06
 4.06989e-06
 6.46185e-06
 7.36073e-06
 6.28624e-06
 4.67315e-06
 4.05471e-06
 5.28581e-06
 9.24155e-06
 1.45055e-05
 1.25516e-05
 4.09989e-06
 3.86550e-16
 3.05763e-15
 2.66848e-14
 1.62034e-13
 7.20874e-13
 2.68231e-12
 8.73717e-12
 1.92268e-11
 2.81804e-11
 2.35357e-11
 9.42469e-12
 1.48024e-12
 3.77583e-12
 2.88139e-11
 7.08622e-11
 8.07989e-11
 4.90715e-11
 1.71070e-11
 3.64745e-12
 7.69351e-13
 1.52608e-13
 2.27893e-14
 2.66923e-15
 3.26630e-16
 4.09731e-06
 1.26963e-05
 1.48908e-05
 9.82615e-06
 6.23648e-06
 5.86894e-06
 8.47978e-06
 1.20161e-05
 1.35368e-05
 1.20708e-05
 8.06498e-06
 3.68063e-06
 1.35157e-06
 9.97437e-07
 1.35157e-06
 3.68063e-06
 8.06498e-06
 1.20708e-05
 1.35368e-05
 1.20161e-05
 8.47978e-06
 5.86894e-06
 6.23648e-06
 9.82615e-06
 1.48908e-05
 1.26963e-05
 4.09731e-06
 3.26630e-16
 2.66923e-15
 2.27893e-14
 1.52608e-13
 7.69351e-13
 3.64745e-12
 1.71070e-11
 4.90715e-11
 8.07989e-11
 7.08622e-11
 2.88139e-11
 3.77583e-12
 8.89356e-12
 7.50914e-11
 1.80511e-10
 1.99493e-10
 1.10907e-10
 2.88105e-11
 3.37323e-12
 3.47706e-13
 6.52367e-14
 9.57305e-15
 1.43654e-15
 1.82603e-16
 4.06783e-06
 1.29101e-05
 1.57122e-05
 1.11200e-05
 7.78794e-06
 8.00991e-06
 1.24022e-05
 1.68980e-05
 1.77524e-05
 1.61510e-05
 1.17949e-05
 5.72731e-06
 1.77501e-06
 9.52415e-07
 1.77501e-06
 5.72731e-06
 1.17949e-05
 1.61510e-05
 1.77524e-05
 1.68980e-05
 1.24022e-05
 8.00991e-06
 7.78794e-06
 1.11200e-05
 1.57122e-05
 1.29101e-05
 4.06783e-06
 1.82603e-16
 1.43654e-15
 9.57305e-15
 6.52367e-14
 3.47706e-13
 3.37323e-12
 2.88105e-11
 1.10907e-10
 1.99493e-10
 1.80511e-10
 7.50914e-11
 8.89356e-12
 2.03239e-11
 1.72119e-10
 4.08623e-10
 4.58721e-10
 2.66440e-10
 7.40980e-11
 9.83754e-12
 1.22128e-12
 5.99409e-12
 5.24382e-11
 8.01680e-10
 2.34200e-08
 4.02295e-06
 1.30215e-05
 1.67667e-05
 1.32157e-05
 1.01978e-05
 1.04711e-05
 1.47178e-05
 1.86977e-05
 1.92315e-05
 1.79274e-05
 1.39636e-05
 7.27895e-06
 2.21602e-06
 9.62541e-07
 2.21602e-06
 7.27895e-06
 1.39636e-05
 1.79274e-05
 1.92315e-05
 1.86977e-05
 1.47178e-05
 1.04711e-05
 1.01978e-05
 1.32157e-05
 1.67667e-05
 1.30215e-05
 4.02295e-06
 2.34200e-08
 8.01680e-10
 5.24382e-11
 5.99409e-12
 1.22128e-12
 9.83754e-12
 7.40980e-11
 2.66440e-10
 4.58721e-10
 4.08623e-10
 1.72119e-10
 2.03239e-11
 3.99966e-11
 3.49410e-10
 8.75836e-10
 1.09385e-09
 7.65321e-10
 3.14852e-10
 1.06497e-10
 9.66801e-11
 2.70161e-10
 1.17464e-09
 8.40235e-09
 1.09873e-07
 3.99068e-06
 1.28726e-05
 1.76158e-05
 1.59003e-05
 1.38828e-05
 1.40191e-05
 1.64897e-05
 1.88379e-05
 1.93887e-05
 1.83730e-05
 1.47794e-05
 8.04554e-06
 2.49435e-06
 9.81324e-07
 2.49435e-06
 8.04554e-06
 1.47794e-05
 1.83730e-05
 1.93887e-05
 1.88379e-05
 1.64897e-05
 1.40191e-05
 1.38828e-05
 1.59003e-05
 1.76158e-05
 1.28726e-05
 3.99068e-06
 1.09873e-07
 8.40235e-09
 1.17464e-09
 2.70161e-10
 9.66801e-11
 1.06497e-10
 3.14852e-10
 7.65321e-10
 1.09385e-09
 8.75836e-10
 3.49410e-10
 3.99966e-11
 6.36858e-11
 5.88832e-10
 1.79319e-09
 2.77690e-09
 2.60055e-09
 1.82410e-09
 1.34649e-09
 1.78385e-09
 3.73065e-09
 1.05511e-08
 4.39618e-08
 2.94033e-07
 3.97017e-06
 1.24042e-05
 1.77914e-05
 1.78365e-05
 1.72017e-05
 1.72990e-05
 1.83002e-05
 1.91382e-05
 1.91327e-05
 1.79199e-05
 1.42167e-05
 7.66356e-06
 2.36089e-06
 9.08826e-07
 2.36089e-06
 7.66356e-06
 1.42167e-05
 1.79199e-05
 1.91327e-05
 1.91382e-05
 1.83002e-05
 1.72990e-05
 1.72017e-05
 1.78365e-05
 1.77914e-05
 1.24042e-05
 3.97017e-06
 2.94033e-07
 4.39618e-08
 1.05511e-08
 3.73065e-09
 1.78385e-09
 1.34649e-09
 1.82410e-09
 2.60055e-09
 2.77690e-09
 1.79319e-09
 5.88832e-10
 6.36858e-11
 8.49388e-11
 8.06915e-10
 3.03007e-09
 6.33732e-09
 8.89774e-09
 1.01083e-08
 1.11996e-08
 1.56703e-08
 2.75215e-08
 5.88849e-08
 1.63664e-07
 6.40965e-07
 3.91656e-06
 1.13065e-05
 1.68759e-05
 1.80918e-05
 1.83155e-05
 1.84987e-05
 1.87411e-05
 1.87546e-05
 1.81181e-05
 1.61854e-05
 1.19467e-05
 5.99593e-06
 1.80757e-06
 7.40655e-07
 1.80757e-06
 5.99593e-06
 1.19467e-05
 1.61854e-05
 1.81181e-05
 1.87546e-05
 1.87411e-05
 1.84987e-05
 1.83155e-05
 1.80918e-05
 1.68759e-05
 1.13065e-05
 3.91656e-06
 6.40965e-07
 1.63664e-07
 5.88849e-08
 2.75215e-08
 1.56703e-08
 1.11996e-08
 1.01083e-08
 8.89774e-09
 6.33732e-09
 3.03007e-09
 8.06915e-10
 8.49388e-11
 9.86275e-11
 9.52335e-10
 3.97704e-09
 1.02468e-08
 1.92929e-08
 3.05174e-08
 4.49431e-08
 6.72183e-08
 1.08164e-07
 1.92864e-07
 3.95999e-07
 9.97837e-07
 3.49538e-06
 8.90988e-06
 1.37927e-05
 1.58321e-05
 1.65968e-05
 1.68189e-05
 1.66365e-05
 1.59934e-05
 1.45468e-05
 1.19261e-05
 7.92874e-06
 3.64430e-06
 1.13051e-06
 5.51204e-07
 1.13051e-06
 3.64430e-06
 7.92874e-06
 1.19261e-05
 1.45468e-05
 1.59934e-05
 1.66365e-05
 1.68189e-05
 1.65968e-05
 1.58321e-05
 1.37927e-05
 8.90988e-06
 3.49538e-06
 9.97837e-07
 3.95999e-07
 1.92864e-07
 1.08164e-07
 6.72183e-08
 4.49431e-08
 3.05174e-08
 1.92929e-08
 1.02468e-08
 3.97704e-09
 9.52335e-10
 9.86275e-11
 7.83961e-11
 7.70305e-10
 3.31797e-09
 9.30207e-09
 1.99779e-08
 3.62069e-08
 5.91388e-08
 9.18890e-08
 1.44792e-07
 2.39587e-07
 4.25950e-07
 8.34931e-07
 2.05998e-06
 4.53831e-06
 7.10480e-06
 8.71387e-06
 9.51334e-06
 9.62718e-06
 9.23676e-06
 8.43233e-06
 7.13037e-06
 5.36159e-06
 3.32037e-06
 1.49514e-06
 5.51859e-07
 3.79264e-07
 5.51859e-07
 1.49514e-06
 3.32037e-06
 5.36159e-06
 7.13037e-06
 8.43233e-06
 9.23676e-06
 9.62718e-06
 9.51334e-06
 8.71387e-06
 7.10480e-06
 4.53831e-06
 2.05998e-06
 8.34931e-07
 4.25950e-07
 2.39587e-07
 1.44792e-07
 9.18890e-08
 5.91388e-08
 3.62069e-08
 1.99779e-08
 9.30207e-09
 3.31797e-09
 7.70305e-10
 7.83961e-11
 3.13000e-11
 3.01872e-10
 1.27224e-09
 3.55295e-09
 7.74392e-09
 1.43642e-08
 2.41854e-08
 3.86526e-08
 6.06824e-08
 9.61785e-08
 1.57253e-07
 2.70479e-07
 5.00662e-07
 9.01556e-07
 1.37145e-06
 1.80043e-06
 2.05806e-06
 2.05954e-06
 1.88365e-06
 1.59988e-06
 1.26705e-06
 9.27278e-07
 6.10885e-07
 3.19828e-07
 2.20836e-07
 2.63463e-07
 2.20836e-07
 3.19828e-07
 6.10885e-07
 9.27278e-07
 1.26705e-06
 1.59988e-06
 1.88365e-06
 2.05954e-06
 2.05806e-06
 1.80043e-06
 1.37145e-06
 9.01556e-07
 5.00662e-07
 2.70479e-07
 1.57253e-07
 9.61785e-08
 6.06824e-08
 3.86526e-08
 2.41854e-08
 1.43642e-08
 7.74392e-09
 3.55295e-09
 1.27224e-09
 3.01872e-10
 3.13000e-11
 6.03414e-12
 4.40592e-11
 1.17153e-10
 1.80472e-10
 1.98371e-10
 1.36016e-10
 3.89890e-11
 0.00000e+00
 0.00000e+00
 0.00000e+00
 0.00000e+00
 0.00000e+00
 0.00000e+00
 0.00000e+00
 0.00000e+00
 0.00000e+00
 0.00000e+00
 0.00000e+00
 0.00000e+00
 2.51344e-09
 1.02477e-08
 2.30702e-08
 3.46780e-08
 3.50264e-08
 1.27320e-07
 2.23271e-07
 1.27320e-07
 3.50264e-08
 3.46780e-08
 2.30702e-08
 1.02477e-08
 2.51344e-09
 0.00000e+00
 0.00000e+00
 0.00000e+00
 0.00000e+00
 0.00000e+00
 0.00000e+00
 0.00000e+00
 0.00000e+00
 0.00000e+00
 0.00000e+00
 0.00000e+00
 0.00000e+00
 3.89890e-11
 1.36016e-10
 1.98371e-10
 1.80472e-10
 1.17153e-10
 4.40592e-11
 6.03414e-12
 2.29354e-12
 1.19565e-11
 2.23108e-11
 2.19230e-11
 1.30086e-11
 4.26161e-12
 5.28142e-13
 0.00000e+00
 0.00000e+00
 0.00000e+00
 0.00000e+00
 0.00000e+00
 0.00000e+00
 0.00000e+00
 0.00000e+00
 0.00000e+00
 0.00000e+00
 0.00000e+00
 0.00000e+00
 4.30803e-11
 4.28289e-10
 1.95797e-09
 5.52848e-09
 8.94801e-09
 1.17753e-07
 2.25521e-07
 1.17753e-07
 8.94801e-09
 5.52848e-09
 1.95797e-09
 4.28289e-10
 4.30803e-11
 0.00000e+00
 0.00000e+00
 0.00000e+00
 0.00000e+00
 0.00000e+00
 0.00000e+00
 0.00000e+00
 0.00000e+00
 0.00000e+00
 0.00000e+00
 0.00000e+00
 0.00000e+00
 5.28142e-13
 4.26161e-12
 1.30086e-11
 2.19230e-11
 2.23108e-11
 1.19565e-11
 2.29354e-12
 9.16021e-13
 3.76789e-12
 5.60673e-12
 3.89893e-12
 1.38544e-12
 2.54543e-13
 1.31741e-14
 0.00000e+00
 0.00000e+00
 0.00000e+00
 0.00000e+00
 0.00000e+00
 0.00000e+00
 0.00000e+00
 0.00000e+00
 0.00000e+00
 0.00000e+00
 0.00000e+00
 0.00000e+00
 1.46146e-12
 3.53208e-11
 2.87371e-10
 1.27587e-09
 2.97584e-09
 1.22200e-07
 2.40494e-07
 1.22200e-07
 2.97584e-09
 1.27587e-09
 2.87371e-10
 3.53208e-11
 1.46146e-12
 0.00000e+00
 0.00000e+00
 0.00000e+00
 0.00000e+00
 0.00000e+00
 0.00000e+00
 0.00000e+00
 0.00000e+00
 0.00000e+00
 0.00000e+00
 0.00000e+00
 0.00000e+00
 1.31741e-14
 2.54543e-13
 1.38544e-12
 3.89893e-12
 5.60673e-12
 3.76789e-12
 9.16021e-13
 3.63571e-13
 1.33464e-12
 1.68795e-12
 9.09142e-13
 2.13909e-13
 2.18760e-14
 2.27732e-16
 0.00000e+00
 0.00000e+00
 0.00000e+00
 0.00000e+00
 0.00000e+00
 0.00000e+00
 0.00000e+00
 0.00000e+00
 0.00000e+00
 0.00000e+00
 0.00000e+00
 0.00000e+00
 7.81848e-14
 4.80250e-12
 6.36975e-11
 3.94097e-10
 1.24091e-09
 1.35579e-07
 2.69346e-07
 1.35579e-07
 1.24091e-09
 3.94097e-10
 6.36975e-11
 4.80250e-12
 7.81848e-14
 0.00000e+00
 0.00000e+00
 0.00000e+00
 0.00000e+00
 0.00000e+00
 0.00000e+00
 0.00000e+00
 0.00000e+00
 0.00000e+00
 0.00000e+00
 0.00000e+00
 0.00000e+00
 2.27732e-16
 2.18760e-14
 2.13909e-13
 9.09142e-13
 1.68795e-12
 1.33464e-12
 3.63571e-13
 1.45300e-13
 4.87224e-13
 5.50513e-13
 2.47625e-13
 4.04558e-14
 1.43466e-15
 1.42376e-17
 0.00000e+00
 0.00000e+00
 0.00000e+00
 0.00000e+00
 0.00000e+00
 0.00000e+00
 0.00000e+00
 0.00000e+00
 0.00000e+00
 0.00000e+00
 0.00000e+00
 0.00000e+00
 1.83573e-15
 9.85570e-13
 1.93053e-11
 1.48642e-10
 7.10610e-10
 1.69597e-07
 3.38033e-07
 1.69597e-07
 7.10610e-10
 1.48642e-10
 1.93053e-11
 9.85570e-13
 1.83573e-15
 0.00000e+00
 0.00000e+00
 0.00000e+00
 0.00000e+00
 0.00000e+00
 0.00000e+00
 0.00000e+00
 0.00000e+00
 0.00000e+00
 0.00000e+00
 0.00000e+00
 0.00000e+00
 1.42376e-17
 1.43466e-15
 4.04558e-14
 2.47625e-13
 5.50513e-13
 4.87224e-13
 1.45300e-13
 4.21623e-14
 1.19676e-13
 1.21165e-13
 4.92699e-14
 5.82482e-15
 2.07229e-16
 1.10531e-18
 0.00000e+00
 0.00000e+00
 0.00000e+00
 0.00000e+00
 0.00000e+00
 0.00000e+00
 0.00000e+00
 0.00000e+00
 0.00000e+00
 0.00000e+00
 0.00000e+00
 0.00000e+00
 2.47045e-16
 1.98761e-13
 4.75742e-12
 4.04427e-11
 3.01809e-10
 9.73481e-08
 1.94164e-07
 9.73481e-08
 3.01809e-10
 4.04427e-11
 4.75742e-12
 1.98761e-13
 2.47045e-16
 0.00000e+00
 0.00000e+00
 0.00000e+00
 0.00000e+00
 0.00000e+00
 0.00000e+00
 0.00000e+00
 0.00000e+00
 0.00000e+00
 0.00000e+00
 0.00000e+00
 0.00000e+00
 1.10531e-18
 2.07229e-16
 5.82482e-15
 4.92699e-14
 1.21165e-13
 1.19676e-13
 4.21623e-14
