1.2577892535548833E-04 1.0000035565650112E-01
3.3065954102888426E-04 1.0000247475936661E-01
6.6438847503013320E-04 1.0001012692550416E-01
1.2079977424249309E-03 1.0003438563108387E-01
2.0802539293884250E-03 1.0010704978127824E-01
3.0802539293884232E-03 1.0024764907519414E-01
4.0802539293884220E-03 1.0045433230825804E-01
5.0802539293884246E-03 1.0072887820021059E-01
6.0802539293884272E-03 1.0107103130178943E-01
7.0802539293884298E-03 1.0147922734316303E-01
8.0802539293884298E-03 1.0195068618863165E-01
9.0802539293884238E-03 1.0248160198425464E-01
1.0080253929388418E-02 1.0306746729174270E-01
1.1080253929388412E-02 1.0370332239034094E-01
1.2080253929388406E-02 1.0438391269449580E-01
1.3080253929388400E-02 1.0510382048429365E-01
1.4080253929388394E-02 1.0585758825054929E-01
1.5080253929388387E-02 1.0663982398146839E-01
1.6080253929388381E-02 1.0744528918450785E-01
1.7080253929388375E-02 1.0826897513743998E-01
1.8080253929388369E-02 1.0910616742043981E-01
1.9080253929388363E-02 1.0995249714959157E-01
2.0080253929388357E-02 1.1080397969510743E-01
2.1080253929388351E-02 1.1165704189039405E-01
2.2080253929388345E-02 1.1250853715432818E-01
2.3080253929388339E-02 1.1335574803629279E-01
2.4080253929388333E-02 1.1419637743022450E-01
2.5080253929388327E-02 1.1502853071687633E-01
2.6080253929388321E-02 1.1585069073576794E-01
2.7080253929388315E-02 1.1666168706365999E-01
2.8080253929388309E-02 1.1746062097128640E-01
2.9080253929388303E-02 1.1824634821684744E-01
3.0080253929388297E-02 1.1901783146527019E-01
3.1080253929388291E-02 1.1977461333605070E-01
3.2080253929388312E-02 1.2051673264627569E-01
3.3080253929388341E-02 1.2124459065701064E-01
3.4080253929388370E-02 1.2195881693430542E-01
3.5080253929388398E-02 1.2266015373823004E-01
3.6080253929388427E-02 1.2334918565926969E-01
3.7080253929388456E-02 1.2402629259726571E-01
3.8080253929388484E-02 1.2469203182871827E-01
3.9080253929388513E-02 1.2534759047016611E-01
4.0080253929388542E-02 1.2599479867936603E-01
4.1080253929388570E-02 1.2663546134715928E-01
4.2080253929388599E-02 1.2727096850924471E-01
4.3080253929388627E-02 1.2790207850687013E-01
4.4080253929388656E-02 1.2852942206592818E-01
4.5080253929388685E-02 1.2915391345107796E-01
4.6080253929388713E-02 1.2977683923314384E-01
4.7080253929388742E-02 1.3039961023753263E-01
4.8080253929388771E-02 1.3102323451848569E-01
4.9080253929388799E-02 1.3164803352434293E-01
5.0080253929388828E-02 1.3227411685291451E-01
5.1080253929388857E-02 1.3290188748640575E-01
5.2080253929388885E-02 1.3353205166509768E-01
5.3080253929388914E-02 1.3416538863465977E-01
5.4080253929388943E-02 1.3480221789431085E-01
5.5080253929388971E-02 1.3544213043890982E-01
5.6080253929389000E-02 1.3608484106755692E-01
5.7080253929389028E-02 1.3673057876076850E-01
5.8080253929389057E-02 1.3737990490297117E-01
5.9080253929389086E-02 1.3803335825066251E-01
6.0080253929389114E-02 1.3869077423599155E-01
6.1080253929389143E-02 1.3935161725725106E-01
6.2080253929389172E-02 1.4001556580191482E-01
6.3080253929389193E-02 1.4068268033524364E-01
6.4080253929389222E-02 1.4135330797447576E-01
6.5080253929389251E-02 1.4202754224352521E-01
6.6080253929389279E-02 1.4270505065760711E-01
6.7080253929389308E-02 1.4338536188453471E-01
6.8080253929389337E-02 1.4406818963517001E-01
6.9080253929389365E-02 1.4475353641685798E-01
7.0080253929389394E-02 1.4544150324310687E-01
7.1080253929389423E-02 1.4613196735980122E-01
7.2080253929389451E-02 1.4682467684629072E-01
7.3080253929389480E-02 1.4751934076841203E-01
7.4080253929389508E-02 1.4821573822899678E-01
7.5080253929389537E-02 1.4891380154501263E-01
7.6080253929389566E-02 1.4961347879510414E-01
7.7080253929389594E-02 1.5031465530092061E-01
7.8080253929389623E-02 1.5101718923657623E-01
7.9080253929389652E-02 1.5172094241007489E-01
8.0080253929389680E-02 1.5242580072154077E-01
8.1080253929389709E-02 1.5313166743769457E-01
8.2080253929389738E-02 1.5383844858527468E-01
8.3080253929389766E-02 1.5454605480174591E-01
8.4080253929389795E-02 1.5525440246368935E-01
8.5080253929389824E-02 1.5596341399387442E-01
8.6080253929389852E-02 1.5667301783767934E-01
8.7080253929389881E-02 1.5738314829262462E-01
8.8080253929389909E-02 1.5809374526093337E-01
8.9080253929389938E-02 1.5880475395464233E-01
9.0080253929389967E-02 1.5951612456966571E-01
9.1080253929389995E-02 1.6022781194198824E-01
9.2080253929390024E-02 1.6093977519808655E-01
9.3080253929390053E-02 1.6165197740922432E-01
9.4080253929390081E-02 1.6236438526153843E-01
9.5080253929390110E-02 1.6307696957334075E-01
9.6080253929390139E-02 1.6378970484564867E-01
9.7080253929390167E-02 1.6450256651240852E-01
9.8080253929390196E-02 1.6521553090017513E-01
9.9080253929390225E-02 1.6592857704175132E-01
1.0008025392939025E-01 1.6664168714417119E-01
1.0108025392939028E-01 1.6735484533518125E-01
1.0208025392939031E-01 1.6806803750800989E-01
1.0308025392939034E-01 1.6878125121946463E-01
1.0408025392939037E-01 1.6949447559397221E-01
1.0508025392939040E-01 1.7020770123243234E-01
1.0608025392939043E-01 1.7092092012398308E-01
1.0708025392939045E-01 1.7163412555903693E-01
1.0808025392939048E-01 1.7234731204321280E-01
1.0908025392939051E-01 1.7306047521259554E-01
1.1008025392939054E-01 1.7377361175068951E-01
1.1108025392939057E-01 1.7448671930660614E-01
1.1208025392939060E-01 1.7519979641369773E-01
1.1308025392939063E-01 1.7591284240839428E-01
1.1408025392939065E-01 1.7662585734989997E-01
1.1508025392939068E-01 1.7733884194177407E-01
1.1608025392939071E-01 1.7805179745591912E-01
1.1708025392939074E-01 1.7876472565875384E-01
1.1808025392939077E-01 1.7947762873919107E-01
1.1908025392939080E-01 1.8019050923857910E-01
1.2008025392939083E-01 1.8090336998341244E-01
1.2108025392939085E-01 1.8161621402157299E-01
1.2208025392939088E-01 1.8232904456226925E-01
1.2308025392939091E-01 1.8304186491920474E-01
1.2408025392939094E-01 1.8375467845662388E-01
1.2508025392939096E-01 1.8446748853836631E-01
1.2608025392939085E-01 1.8518029848058976E-01
1.2708025392939074E-01 1.8589311150902307E-01
1.2808025392939063E-01 1.8660593072132439E-01
1.2908025392939051E-01 1.8731875905421694E-01
1.3008025392939040E-01 1.8803159925498372E-01
1.3108025392939029E-01 1.8874445385744465E-01
1.3208025392939018E-01 1.8945732516275735E-01
1.3308025392939007E-01 1.9017021522500910E-01
1.3408025392938996E-01 1.9088312584106099E-01
1.3508025392938985E-01 1.9159605854389433E-01
1.3608025392938974E-01 1.9230901459904121E-01
1.3708025392938963E-01 1.9302199500417944E-01
1.3808025392938952E-01 1.9373500049203840E-01
1.3908025392938941E-01 1.9444803153636508E-01
1.4008025392938930E-01 1.9516108836027884E-01
1.4108025392938919E-01 1.9587417094632364E-01
1.4208025392938908E-01 1.9658727904794707E-01
1.4308025392938897E-01 1.9730041220253208E-01
1.4408025392938886E-01 1.9801356974605977E-01
1.4508025392938875E-01 1.9872675082906094E-01
1.4608025392938864E-01 1.9943995443320470E-01
1.4708025392938853E-01 2.0015317938800009E-01
1.4808025392938842E-01 2.0086642438752331E-01
1.4908025392938831E-01 2.0157968800739942E-01
1.5008025392938820E-01 2.0229296872206903E-01
1.5108025392938809E-01 2.0300626492198154E-01
1.5208025392938798E-01 2.0371957493015341E-01
1.5308025392938787E-01 2.0443289701777820E-01
1.5408025392938776E-01 2.0514622941899338E-01
1.5508025392938765E-01 2.0585957034511629E-01
1.5608025392938754E-01 2.0657291799839730E-01
1.5708025392938743E-01 2.0728627058494986E-01
1.5808025392938732E-01 2.0799962632646721E-01
1.5908025392938721E-01 2.0871298347062356E-01
1.6008025392938710E-01 2.0942634030045743E-01
1.6108025392938699E-01 2.1013969514306172E-01
1.6208025392938688E-01 2.1085304637761487E-01
1.6308025392938677E-01 2.1156639244241252E-01
1.6408025392938666E-01 2.1227973184063270E-01
1.6508025392938655E-01 2.1299306314491351E-01
1.6608025392938644E-01 2.1370638500111186E-01
1.6708025392938633E-01 2.1441969613157252E-01
1.6808025392938622E-01 2.1513299533783012E-01
1.6908025392938611E-01 2.1584628150245316E-01
1.7008025392938600E-01 2.1655955358984333E-01
1.7108025392938589E-01 2.1727281064620771E-01
1.7208025392938578E-01 2.1798605179909372E-01
1.7308025392938567E-01 2.1869927625673991E-01
1.7408025392938556E-01 2.1941248330708712E-01
1.7508025392938545E-01 2.2012567231616040E-01
1.7608025392938534E-01 2.2083884272573318E-01
1.7708025392938523E-01 2.2155199405056877E-01
1.7808025392938512E-01 2.2226512587561925E-01
1.7908025392938501E-01 2.2297823785330712E-01
1.8008025392938490E-01 2.2369132970066727E-01
1.8108025392938479E-01 2.2440440119606322E-01
1.8208025392938468E-01 2.2511745217550178E-01
1.8308025392938457E-01 2.2583048252885096E-01
1.8408025392938446E-01 2.2654349219632330E-01
1.8508025392938435E-01 2.2725648116520150E-01
1.8608025392938424E-01 2.2796944946652370E-01
1.8708025392938413E-01 2.2868239717150135E-01
1.8808025392938402E-01 2.2939532438775104E-01
1.8908025392938391E-01 2.3010823125569826E-01
1.9008025392938380E-01 2.3082111794540261E-01
1.9108025392938369E-01 2.3153398465367664E-01
1.9208025392938358E-01 2.3224683160119744E-01
1.9308025392938347E-01 2.3295965902941584E-01
1.9408025392938336E-01 2.3367246719745585E-01
1.9508025392938325E-01 2.3438525637933025E-01
1.9608025392938314E-01 2.3509802686164194E-01
1.9708025392938303E-01 2.3581077894154351E-01
1.9808025392938292E-01 2.3652351292463580E-01
1.9908025392938281E-01 2.3723622912271075E-01
