Pressure
part
         1
quad4
 2.99974e+10
 2.99948e+10
 2.99922e+10
 2.99896e+10
 2.99871e+10
 2.99845e+10
 2.99819e+10
 2.99793e+10
 2.99768e+10
 2.99743e+10
 2.99717e+10
 2.99692e+10
 2.99668e+10
 2.99643e+10
 2.99619e+10
 2.99595e+10
 2.99572e+10
 2.99548e+10
 2.99526e+10
 2.99503e+10
 2.99481e+10
 2.99460e+10
 2.99439e+10
 2.99419e+10
 2.99399e+10
 2.99379e+10
 2.99360e+10
 2.99342e+10
 2.99325e+10
 2.99308e+10
 2.99292e+10
 2.99276e+10
 2.99261e+10
 2.99247e+10
 2.99234e+10
 2.99221e+10
 2.99209e+10
 2.99198e+10
 2.99188e+10
 2.99178e+10
 2.99169e+10
 2.99162e+10
 2.99155e+10
 2.99148e+10
 2.99143e+10
 2.99138e+10
 2.99135e+10
 2.99132e+10
 2.99130e+10
 2.99129e+10
 2.99129e+10
 2.99130e+10
 2.99132e+10
 2.99135e+10
 2.99138e+10
 2.99143e+10
 2.99148e+10
 2.99155e+10
 2.99162e+10
 2.99169e+10
 2.99178e+10
 2.99188e+10
 2.99198e+10
 2.99209e+10
 2.99221e+10
 2.99234e+10
 2.99247e+10
 2.99261e+10
 2.99276e+10
 2.99292e+10
 2.99308e+10
 2.99325e+10
 2.99342e+10
 2.99360e+10
 2.99379e+10
 2.99399e+10
 2.99419e+10
 2.99439e+10
 2.99460e+10
 2.99481e+10
 2.99503e+10
 2.99526e+10
 2.99548e+10
 2.99572e+10
 2.99595e+10
 2.99619e+10
 2.99643e+10
 2.99668e+10
 2.99692e+10
 2.99717e+10
 2.99743e+10
 2.99768e+10
 2.99793e+10
 2.99819e+10
 2.99845e+10
 2.99871e+10
 2.99896e+10
 2.99922e+10
 2.99948e+10
 2.99974e+10
 2.99974e+10
 2.99948e+10
 2.99922e+10
 2.99896e+10
 2.99871e+10
 2.99845e+10
 2.99819e+10
 2.99793e+10
 2.99768e+10
 2.99743e+10
 2.99717e+10
 2.99692e+10
 2.99668e+10
 2.99643e+10
 2.99619e+10
 2.99595e+10
 2.99572e+10
 2.99548e+10
 2.99526e+10
 2.99503e+10
 2.99481e+10
 2.99460e+10
 2.99439e+10
 2.99419e+10
 2.99399e+10
 2.99379e+10
 2.99360e+10
 2.99342e+10
 2.99325e+10
 2.99308e+10
 2.99292e+10
 2.99276e+10
 2.99261e+10
 2.99247e+10
 2.99234e+10
 2.99221e+10
 2.99209e+10
 2.99198e+10
 2.99188e+10
 2.99178e+10
 2.99169e+10
 2.99162e+10
 2.99155e+10
 2.99148e+10
 2.99143e+10
 2.99138e+10
 2.99135e+10
 2.99132e+10
 2.99130e+10
 2.99129e+10
 2.99129e+10
 2.99130e+10
 2.99132e+10
 2.99135e+10
 2.99138e+10
 2.99143e+10
 2.99148e+10
 2.99155e+10
 2.99162e+10
 2.99169e+10
 2.99178e+10
 2.99188e+10
 2.99198e+10
 2.99209e+10
 2.99221e+10
 2.99234e+10
 2.99247e+10
 2.99261e+10
 2.99276e+10
 2.99292e+10
 2.99308e+10
 2.99325e+10
 2.99342e+10
 2.99360e+10
 2.99379e+10
 2.99399e+10
 2.99419e+10
 2.99439e+10
 2.99460e+10
 2.99481e+10
 2.99503e+10
 2.99526e+10
 2.99548e+10
 2.99572e+10
 2.99595e+10
 2.99619e+10
 2.99643e+10
 2.99668e+10
 2.99692e+10
 2.99717e+10
 2.99743e+10
 2.99768e+10
 2.99793e+10
 2.99819e+10
 2.99845e+10
 2.99871e+10
 2.99896e+10
 2.99922e+10
 2.99948e+10
 2.99974e+10
 2.99974e+10
 2.99948e+10
 2.99922e+10
 2.99896e+10
 2.99871e+10
 2.99845e+10
 2.99819e+10
 2.99793e+10
 2.99768e+10
 2.99743e+10
 2.99717e+10
 2.99692e+10
 2.99668e+10
 2.99643e+10
 2.99619e+10
 2.99595e+10
 2.99572e+10
 2.99548e+10
 2.99526e+10
 2.99503e+10
 2.99481e+10
 2.99460e+10
 2.99439e+10
 2.99419e+10
 2.99399e+10
 2.99379e+10
 2.99360e+10
 2.99342e+10
 2.99325e+10
 2.99308e+10
 2.99292e+10
 2.99276e+10
 2.99261e+10
 2.99247e+10
 2.99234e+10
 2.99221e+10
 2.99209e+10
 2.99198e+10
 2.99188e+10
 2.99178e+10
 2.99169e+10
 2.99162e+10
 2.99155e+10
 2.99148e+10
 2.99143e+10
 2.99138e+10
 2.99135e+10
 2.99132e+10
 2.99130e+10
 2.99129e+10
 2.99129e+10
 2.99130e+10
 2.99132e+10
 2.99135e+10
 2.99138e+10
 2.99143e+10
 2.99148e+10
 2.99155e+10
 2.99162e+10
 2.99169e+10
 2.99178e+10
 2.99188e+10
 2.99198e+10
 2.99209e+10
 2.99221e+10
 2.99234e+10
 2.99247e+10
 2.99261e+10
 2.99276e+10
 2.99292e+10
 2.99308e+10
 2.99325e+10
 2.99342e+10
 2.99360e+10
 2.99379e+10
 2.99399e+10
 2.99419e+10
 2.99439e+10
 2.99460e+10
 2.99481e+10
 2.99503e+10
 2.99526e+10
 2.99548e+10
 2.99572e+10
 2.99595e+10
 2.99619e+10
 2.99643e+10
 2.99668e+10
 2.99692e+10
 2.99717e+10
 2.99743e+10
 2.99768e+10
 2.99793e+10
 2.99819e+10
 2.99845e+10
 2.99871e+10
 2.99896e+10
 2.99922e+10
 2.99948e+10
 2.99974e+10
 2.99974e+10
 2.99948e+10
 2.99922e+10
 2.99896e+10
 2.99871e+10
 2.99845e+10
 2.99819e+10
 2.99793e+10
 2.99768e+10
 2.99743e+10
 2.99717e+10
 2.99692e+10
 2.99668e+10
 2.99643e+10
 2.99619e+10
 2.99595e+10
 2.99572e+10
 2.99548e+10
 2.99526e+10
 2.99503e+10
 2.99481e+10
 2.99460e+10
 2.99439e+10
 2.99419e+10
 2.99399e+10
 2.99379e+10
 2.99360e+10
 2.99342e+10
 2.99325e+10
 2.99308e+10
 2.99292e+10
 2.99276e+10
 2.99261e+10
 2.99247e+10
 2.99234e+10
 2.99221e+10
 2.99209e+10
 2.99198e+10
 2.99188e+10
 2.99178e+10
 2.99169e+10
 2.99162e+10
 2.99155e+10
 2.99148e+10
 2.99143e+10
 2.99138e+10
 2.99135e+10
 2.99132e+10
 2.99130e+10
 2.99129e+10
 2.99129e+10
 2.99130e+10
 2.99132e+10
 2.99135e+10
 2.99138e+10
 2.99143e+10
 2.99148e+10
 2.99155e+10
 2.99162e+10
 2.99169e+10
 2.99178e+10
 2.99188e+10
 2.99198e+10
 2.99209e+10
 2.99221e+10
 2.99234e+10
 2.99247e+10
 2.99261e+10
 2.99276e+10
 2.99292e+10
 2.99308e+10
 2.99325e+10
 2.99342e+10
 2.99360e+10
 2.99379e+10
 2.99399e+10
 2.99419e+10
 2.99439e+10
 2.99460e+10
 2.99481e+10
 2.99503e+10
 2.99526e+10
 2.99548e+10
 2.99572e+10
 2.99595e+10
 2.99619e+10
 2.99643e+10
 2.99668e+10
 2.99692e+10
 2.99717e+10
 2.99743e+10
 2.99768e+10
 2.99793e+10
 2.99819e+10
 2.99845e+10
 2.99871e+10
 2.99896e+10
 2.99922e+10
 2.99948e+10
 2.99974e+10
 2.99974e+10
 2.99948e+10
 2.99922e+10
 2.99896e+10
 2.99871e+10
 2.99845e+10
 2.99819e+10
 2.99793e+10
 2.99768e+10
 2.99743e+10
 2.99717e+10
 2.99692e+10
 2.99668e+10
 2.99643e+10
 2.99619e+10
 2.99595e+10
 2.99572e+10
 2.99548e+10
 2.99526e+10
 2.99503e+10
 2.99481e+10
 2.99460e+10
 2.99439e+10
 2.99419e+10
 2.99399e+10
 2.99379e+10
 2.99360e+10
 2.99342e+10
 2.99325e+10
 2.99308e+10
 2.99292e+10
 2.99276e+10
 2.99261e+10
 2.99247e+10
 2.99234e+10
 2.99221e+10
 2.99209e+10
 2.99198e+10
 2.99188e+10
 2.99178e+10
 2.99169e+10
 2.99162e+10
 2.99155e+10
 2.99148e+10
 2.99143e+10
 2.99138e+10
 2.99135e+10
 2.99132e+10
 2.99130e+10
 2.99129e+10
 2.99129e+10
 2.99130e+10
 2.99132e+10
 2.99135e+10
 2.99138e+10
 2.99143e+10
 2.99148e+10
 2.99155e+10
 2.99162e+10
 2.99169e+10
 2.99178e+10
 2.99188e+10
 2.99198e+10
 2.99209e+10
 2.99221e+10
 2.99234e+10
 2.99247e+10
 2.99261e+10
 2.99276e+10
 2.99292e+10
 2.99308e+10
 2.99325e+10
 2.99342e+10
 2.99360e+10
 2.99379e+10
 2.99399e+10
 2.99419e+10
 2.99439e+10
 2.99460e+10
 2.99481e+10
 2.99503e+10
 2.99526e+10
 2.99548e+10
 2.99572e+10
 2.99595e+10
 2.99619e+10
 2.99643e+10
 2.99668e+10
 2.99692e+10
 2.99717e+10
 2.99743e+10
 2.99768e+10
 2.99793e+10
 2.99819e+10
 2.99845e+10
 2.99871e+10
 2.99896e+10
 2.99922e+10
 2.99948e+10
 2.99974e+10
 2.99974e+10
 2.99948e+10
 2.99922e+10
 2.99896e+10
 2.99871e+10
 2.99845e+10
 2.99819e+10
 2.99793e+10
 2.99768e+10
 2.99743e+10
 2.99717e+10
 2.99692e+10
 2.99668e+10
 2.99643e+10
 2.99619e+10
 2.99595e+10
 2.99572e+10
 2.99548e+10
 2.99526e+10
 2.99503e+10
 2.99481e+10
 2.99460e+10
 2.99439e+10
 2.99419e+10
 2.99399e+10
 2.99379e+10
 2.99360e+10
 2.99342e+10
 2.99325e+10
 2.99308e+10
 2.99292e+10
 2.99276e+10
 2.99261e+10
 2.99247e+10
 2.99234e+10
 2.99221e+10
 2.99209e+10
 2.99198e+10
 2.99188e+10
 2.99178e+10
 2.99169e+10
 2.99162e+10
 2.99155e+10
 2.99148e+10
 2.99143e+10
 2.99138e+10
 2.99135e+10
 2.99132e+10
 2.99130e+10
 2.99129e+10
 2.99129e+10
 2.99130e+10
 2.99132e+10
 2.99135e+10
 2.99138e+10
 2.99143e+10
 2.99148e+10
 2.99155e+10
 2.99162e+10
 2.99169e+10
 2.99178e+10
 2.99188e+10
 2.99198e+10
 2.99209e+10
 2.99221e+10
 2.99234e+10
 2.99247e+10
 2.99261e+10
 2.99276e+10
 2.99292e+10
 2.99308e+10
 2.99325e+10
 2.99342e+10
 2.99360e+10
 2.99379e+10
 2.99399e+10
 2.99419e+10
 2.99439e+10
 2.99460e+10
 2.99481e+10
 2.99503e+10
 2.99526e+10
 2.99548e+10
 2.99572e+10
 2.99595e+10
 2.99619e+10
 2.99643e+10
 2.99668e+10
 2.99692e+10
 2.99717e+10
 2.99743e+10
 2.99768e+10
 2.99793e+10
 2.99819e+10
 2.99845e+10
 2.99871e+10
 2.99896e+10
 2.99922e+10
 2.99948e+10
 2.99974e+10
 2.99974e+10
 2.99948e+10
 2.99922e+10
 2.99896e+10
 2.99871e+10
 2.99845e+10
 2.99819e+10
 2.99793e+10
 2.99768e+10
 2.99743e+10
 2.99717e+10
 2.99692e+10
 2.99668e+10
 2.99643e+10
 2.99619e+10
 2.99595e+10
 2.99572e+10
 2.99548e+10
 2.99526e+10
 2.99503e+10
 2.99481e+10
 2.99460e+10
 2.99439e+10
 2.99419e+10
 2.99399e+10
 2.99379e+10
 2.99360e+10
 2.99342e+10
 2.99325e+10
 2.99308e+10
 2.99292e+10
 2.99276e+10
 2.99261e+10
 2.99247e+10
 2.99234e+10
 2.99221e+10
 2.99209e+10
 2.99198e+10
 2.99188e+10
 2.99178e+10
 2.99169e+10
 2.99162e+10
 2.99155e+10
 2.99148e+10
 2.99143e+10
 2.99138e+10
 2.99135e+10
 2.99132e+10
 2.99130e+10
 2.99129e+10
 2.99129e+10
 2.99130e+10
 2.99132e+10
 2.99135e+10
 2.99138e+10
 2.99143e+10
 2.99148e+10
 2.99155e+10
 2.99162e+10
 2.99169e+10
 2.99178e+10
 2.99188e+10
 2.99198e+10
 2.99209e+10
 2.99221e+10
 2.99234e+10
 2.99247e+10
 2.99261e+10
 2.99276e+10
 2.99292e+10
 2.99308e+10
 2.99325e+10
 2.99342e+10
 2.99360e+10
 2.99379e+10
 2.99399e+10
 2.99419e+10
 2.99439e+10
 2.99460e+10
 2.99481e+10
 2.99503e+10
 2.99526e+10
 2.99548e+10
 2.99572e+10
 2.99595e+10
 2.99619e+10
 2.99643e+10
 2.99668e+10
 2.99692e+10
 2.99717e+10
 2.99743e+10
 2.99768e+10
 2.99793e+10
 2.99819e+10
 2.99845e+10
 2.99871e+10
 2.99896e+10
 2.99922e+10
 2.99948e+10
 2.99974e+10
 2.99974e+10
 2.99948e+10
 2.99922e+10
 2.99896e+10
 2.99871e+10
 2.99845e+10
 2.99819e+10
 2.99793e+10
 2.99768e+10
 2.99743e+10
 2.99717e+10
 2.99692e+10
 2.99668e+10
 2.99643e+10
 2.99619e+10
 2.99595e+10
 2.99572e+10
 2.99548e+10
 2.99526e+10
 2.99503e+10
 2.99481e+10
 2.99460e+10
 2.99439e+10
 2.99419e+10
 2.99399e+10
 2.99379e+10
 2.99360e+10
 2.99342e+10
 2.99325e+10
 2.99308e+10
 2.99292e+10
 2.99276e+10
 2.99261e+10
 2.99247e+10
 2.99234e+10
 2.99221e+10
 2.99209e+10
 2.99198e+10
 2.99188e+10
 2.99178e+10
 2.99169e+10
 2.99162e+10
 2.99155e+10
 2.99148e+10
 2.99143e+10
 2.99138e+10
 2.99135e+10
 2.99132e+10
 2.99130e+10
 2.99129e+10
 2.99129e+10
 2.99130e+10
 2.99132e+10
 2.99135e+10
 2.99138e+10
 2.99143e+10
 2.99148e+10
 2.99155e+10
 2.99162e+10
 2.99169e+10
 2.99178e+10
 2.99188e+10
 2.99198e+10
 2.99209e+10
 2.99221e+10
 2.99234e+10
 2.99247e+10
 2.99261e+10
 2.99276e+10
 2.99292e+10
 2.99308e+10
 2.99325e+10
 2.99342e+10
 2.99360e+10
 2.99379e+10
 2.99399e+10
 2.99419e+10
 2.99439e+10
 2.99460e+10
 2.99481e+10
 2.99503e+10
 2.99526e+10
 2.99548e+10
 2.99572e+10
 2.99595e+10
 2.99619e+10
 2.99643e+10
 2.99668e+10
 2.99692e+10
 2.99717e+10
 2.99743e+10
 2.99768e+10
 2.99793e+10
 2.99819e+10
 2.99845e+10
 2.99871e+10
 2.99896e+10
 2.99922e+10
 2.99948e+10
 2.99974e+10
 2.99974e+10
 2.99948e+10
 2.99922e+10
 2.99896e+10
 2.99871e+10
 2.99845e+10
 2.99819e+10
 2.99793e+10
 2.99768e+10
 2.99743e+10
 2.99717e+10
 2.99692e+10
 2.99668e+10
 2.99643e+10
 2.99619e+10
 2.99595e+10
 2.99572e+10
 2.99548e+10
 2.99526e+10
 2.99503e+10
 2.99481e+10
 2.99460e+10
 2.99439e+10
 2.99419e+10
 2.99399e+10
 2.99379e+10
 2.99360e+10
 2.99342e+10
 2.99325e+10
 2.99308e+10
 2.99292e+10
 2.99276e+10
 2.99261e+10
 2.99247e+10
 2.99234e+10
 2.99221e+10
 2.99209e+10
 2.99198e+10
 2.99188e+10
 2.99178e+10
 2.99169e+10
 2.99162e+10
 2.99155e+10
 2.99148e+10
 2.99143e+10
 2.99138e+10
 2.99135e+10
 2.99132e+10
 2.99130e+10
 2.99129e+10
 2.99129e+10
 2.99130e+10
 2.99132e+10
 2.99135e+10
 2.99138e+10
 2.99143e+10
 2.99148e+10
 2.99155e+10
 2.99162e+10
 2.99169e+10
 2.99178e+10
 2.99188e+10
 2.99198e+10
 2.99209e+10
 2.99221e+10
 2.99234e+10
 2.99247e+10
 2.99261e+10
 2.99276e+10
 2.99292e+10
 2.99308e+10
 2.99325e+10
 2.99342e+10
 2.99360e+10
 2.99379e+10
 2.99399e+10
 2.99419e+10
 2.99439e+10
 2.99460e+10
 2.99481e+10
 2.99503e+10
 2.99526e+10
 2.99548e+10
 2.99572e+10
 2.99595e+10
 2.99619e+10
 2.99643e+10
 2.99668e+10
 2.99692e+10
 2.99717e+10
 2.99743e+10
 2.99768e+10
 2.99793e+10
 2.99819e+10
 2.99845e+10
 2.99871e+10
 2.99896e+10
 2.99922e+10
 2.99948e+10
 2.99974e+10
 2.99974e+10
 2.99948e+10
 2.99922e+10
 2.99896e+10
 2.99871e+10
 2.99845e+10
 2.99819e+10
 2.99793e+10
 2.99768e+10
 2.99743e+10
 2.99717e+10
 2.99692e+10
 2.99668e+10
 2.99643e+10
 2.99619e+10
 2.99595e+10
 2.99572e+10
 2.99548e+10
 2.99526e+10
 2.99503e+10
 2.99481e+10
 2.99460e+10
 2.99439e+10
 2.99419e+10
 2.99399e+10
 2.99379e+10
 2.99360e+10
 2.99342e+10
 2.99325e+10
 2.99308e+10
 2.99292e+10
 2.99276e+10
 2.99261e+10
 2.99247e+10
 2.99234e+10
 2.99221e+10
 2.99209e+10
 2.99198e+10
 2.99188e+10
 2.99178e+10
 2.99169e+10
 2.99162e+10
 2.99155e+10
 2.99148e+10
 2.99143e+10
 2.99138e+10
 2.99135e+10
 2.99132e+10
 2.99130e+10
 2.99129e+10
 2.99129e+10
 2.99130e+10
 2.99132e+10
 2.99135e+10
 2.99138e+10
 2.99143e+10
 2.99148e+10
 2.99155e+10
 2.99162e+10
 2.99169e+10
 2.99178e+10
 2.99188e+10
 2.99198e+10
 2.99209e+10
 2.99221e+10
 2.99234e+10
 2.99247e+10
 2.99261e+10
 2.99276e+10
 2.99292e+10
 2.99308e+10
 2.99325e+10
 2.99342e+10
 2.99360e+10
 2.99379e+10
 2.99399e+10
 2.99419e+10
 2.99439e+10
 2.99460e+10
 2.99481e+10
 2.99503e+10
 2.99526e+10
 2.99548e+10
 2.99572e+10
 2.99595e+10
 2.99619e+10
 2.99643e+10
 2.99668e+10
 2.99692e+10
 2.99717e+10
 2.99743e+10
 2.99768e+10
 2.99793e+10
 2.99819e+10
 2.99845e+10
 2.99871e+10
 2.99896e+10
 2.99922e+10
 2.99948e+10
 2.99974e+10
