PseudoViscosity
part
         1
hexa8
 8.71225e-32
 9.68359e-16
 9.10578e-32
 0.00000e+00
 0.00000e+00
 9.68359e-16
 9.68359e-16
 1.93672e-15
 1.37277e-31
 0.00000e+00
 4.99353e-31
 9.68359e-16
 9.68359e-16
 0.00000e+00
 0.00000e+00
 2.90508e-15
 1.93672e-15
 0.00000e+00
 0.00000e+00
 0.00000e+00
 0.00000e+00
 2.56740e-31
 3.42429e-31
 6.75296e-31
 0.00000e+00
 4.19959e-32
 9.68359e-16
 1.93672e-15
 1.93672e-15
 0.00000e+00
 4.98717e-31
 1.89298e-30
 0.00000e+00
 0.00000e+00
 0.00000e+00
 1.93672e-15
 3.87344e-15
 1.04957e-30
 0.00000e+00
 0.00000e+00
 1.76909e-31
 1.49394e-30
 9.68359e-16
 9.68359e-16
 0.00000e+00
 0.00000e+00
 0.00000e+00
 1.05788e-30
 8.98481e-31
 0.00000e+00
 0.00000e+00
 0.00000e+00
 0.00000e+00
 0.00000e+00
 0.00000e+00
 0.00000e+00
 0.00000e+00
 0.00000e+00
 0.00000e+00
 0.00000e+00
 0.00000e+00
 0.00000e+00
 0.00000e+00
 0.00000e+00
 0.00000e+00
 0.00000e+00
 0.00000e+00
 0.00000e+00
 0.00000e+00
 0.00000e+00
 0.00000e+00
 0.00000e+00
 0.00000e+00
 0.00000e+00
 0.00000e+00
 0.00000e+00
 0.00000e+00
 0.00000e+00
 0.00000e+00
 0.00000e+00
 0.00000e+00
 0.00000e+00
 0.00000e+00
 0.00000e+00
 0.00000e+00
 0.00000e+00
 0.00000e+00
 0.00000e+00
 0.00000e+00
 0.00000e+00
 0.00000e+00
 0.00000e+00
 0.00000e+00
 0.00000e+00
 0.00000e+00
 0.00000e+00
 0.00000e+00
 0.00000e+00
 0.00000e+00
 0.00000e+00
 0.00000e+00
 0.00000e+00
 0.00000e+00
 0.00000e+00
 0.00000e+00
 0.00000e+00
 0.00000e+00
 0.00000e+00
 0.00000e+00
 0.00000e+00
 0.00000e+00
 0.00000e+00
 0.00000e+00
 0.00000e+00
 0.00000e+00
 0.00000e+00
 0.00000e+00
 0.00000e+00
 0.00000e+00
 0.00000e+00
 0.00000e+00
 0.00000e+00
 0.00000e+00
 0.00000e+00
 0.00000e+00
 9.68359e-16
 9.68359e-16
 0.00000e+00
 0.00000e+00
 0.00000e+00
 1.93672e-15
 9.68359e-16
 1.93672e-15
 0.00000e+00
 0.00000e+00
 7.97730e-32
 9.68359e-16
 2.26869e-31
 0.00000e+00
 8.39918e-32
 9.68359e-16
 5.37240e-32
 0.00000e+00
 0.00000e+00
 0.00000e+00
 1.98696e-31
 0.00000e+00
 1.17616e-31
 0.00000e+00
 0.00000e+00
 9.68359e-16
 2.71450e-31
 9.68359e-16
 2.86098e-31
 0.00000e+00
 6.48256e-33
 8.30569e-31
 0.00000e+00
 0.00000e+00
 0.00000e+00
 0.00000e+00
 1.93672e-15
 9.68359e-16
 5.61667e-31
 3.05990e-31
 0.00000e+00
 2.16561e-31
 1.41044e-31
 1.56642e-31
 0.00000e+00
 0.00000e+00
 0.00000e+00
 0.00000e+00
 0.00000e+00
 0.00000e+00
 0.00000e+00
 0.00000e+00
 0.00000e+00
 0.00000e+00
 0.00000e+00
 0.00000e+00
 0.00000e+00
 0.00000e+00
 0.00000e+00
 0.00000e+00
 0.00000e+00
 0.00000e+00
 0.00000e+00
 0.00000e+00
 0.00000e+00
 0.00000e+00
 0.00000e+00
 0.00000e+00
 0.00000e+00
 0.00000e+00
 0.00000e+00
 0.00000e+00
 0.00000e+00
 0.00000e+00
 0.00000e+00
 0.00000e+00
 0.00000e+00
 0.00000e+00
 0.00000e+00
 0.00000e+00
 0.00000e+00
 0.00000e+00
 0.00000e+00
 0.00000e+00
 0.00000e+00
 0.00000e+00
 0.00000e+00
 0.00000e+00
 0.00000e+00
 0.00000e+00
 0.00000e+00
 0.00000e+00
 0.00000e+00
 0.00000e+00
 0.00000e+00
 0.00000e+00
 0.00000e+00
 0.00000e+00
 0.00000e+00
 0.00000e+00
 0.00000e+00
 0.00000e+00
 0.00000e+00
 0.00000e+00
 0.00000e+00
 0.00000e+00
 0.00000e+00
 0.00000e+00
 0.00000e+00
 0.00000e+00
 0.00000e+00
 0.00000e+00
 0.00000e+00
 0.00000e+00
 0.00000e+00
 0.00000e+00
 0.00000e+00
 0.00000e+00
 0.00000e+00
 0.00000e+00
 0.00000e+00
 0.00000e+00
 0.00000e+00
 0.00000e+00
 0.00000e+00
 9.17697e-32
 9.68359e-16
 7.80093e-32
 9.68359e-16
 2.86261e-31
 1.45509e-31
 7.34601e-32
 0.00000e+00
 1.93672e-15
 7.86238e-31
 4.37665e-31
 7.51084e-32
 6.94082e-32
 9.68359e-16
 9.68359e-16
 1.93672e-15
 5.24963e-31
 1.97345e-31
 1.93672e-15
 7.69799e-31
 3.23527e-31
 9.68359e-16
 9.68359e-16
 9.55703e-31
 0.00000e+00
 9.68359e-16
 0.00000e+00
 4.62996e-31
 2.90508e-15
 0.00000e+00
 1.79257e-32
 5.40068e-32
 1.01986e-31
 1.12718e-30
 0.00000e+00
 0.00000e+00
 0.00000e+00
 2.90508e-15
 2.90508e-15
 1.93672e-15
 1.93672e-15
 0.00000e+00
 4.39318e-31
 0.00000e+00
 1.61423e-30
 6.48248e-31
 0.00000e+00
 0.00000e+00
 0.00000e+00
 0.00000e+00
 0.00000e+00
 0.00000e+00
 0.00000e+00
 0.00000e+00
 0.00000e+00
 0.00000e+00
 0.00000e+00
 0.00000e+00
 0.00000e+00
 0.00000e+00
 0.00000e+00
 0.00000e+00
 0.00000e+00
 0.00000e+00
 0.00000e+00
 0.00000e+00
 0.00000e+00
 0.00000e+00
 0.00000e+00
 0.00000e+00
 0.00000e+00
 0.00000e+00
 0.00000e+00
 0.00000e+00
 0.00000e+00
 0.00000e+00
 0.00000e+00
 0.00000e+00
 0.00000e+00
 0.00000e+00
 0.00000e+00
 0.00000e+00
 0.00000e+00
 0.00000e+00
 0.00000e+00
 0.00000e+00
 0.00000e+00
 0.00000e+00
 0.00000e+00
 0.00000e+00
 0.00000e+00
 0.00000e+00
 0.00000e+00
 0.00000e+00
 0.00000e+00
 0.00000e+00
 0.00000e+00
 0.00000e+00
 0.00000e+00
 0.00000e+00
 0.00000e+00
 0.00000e+00
 0.00000e+00
 0.00000e+00
 0.00000e+00
 0.00000e+00
 0.00000e+00
 0.00000e+00
 0.00000e+00
 0.00000e+00
 0.00000e+00
 0.00000e+00
 0.00000e+00
 0.00000e+00
 0.00000e+00
 0.00000e+00
 0.00000e+00
 0.00000e+00
 0.00000e+00
 0.00000e+00
 0.00000e+00
 0.00000e+00
 0.00000e+00
 0.00000e+00
 0.00000e+00
 9.68359e-16
 1.36688e-31
 3.78227e-32
 9.68359e-16
 2.04872e-31
 9.68359e-16
 1.93672e-15
 0.00000e+00
 4.52359e-32
 2.90508e-15
 9.68359e-16
 1.93672e-15
 9.68359e-16
 6.38386e-33
 9.68359e-16
 9.68359e-16
 8.63498e-32
 9.68359e-16
 4.97288e-32
 2.97888e-31
 0.00000e+00
 5.81329e-31
 1.93672e-15
 0.00000e+00
 0.00000e+00
 4.24485e-32
 3.54647e-31
 1.93672e-15
 6.32563e-31
 1.36394e-31
 0.00000e+00
 9.68359e-16
 7.22764e-31
 9.68359e-16
 1.12348e-31
 0.00000e+00
 1.04912e-31
 0.00000e+00
 1.93672e-15
 4.14882e-31
 5.67654e-33
 0.00000e+00
 0.00000e+00
 0.00000e+00
 0.00000e+00
 0.00000e+00
 0.00000e+00
 0.00000e+00
 0.00000e+00
 0.00000e+00
 0.00000e+00
 0.00000e+00
 0.00000e+00
 0.00000e+00
 0.00000e+00
 0.00000e+00
 0.00000e+00
 0.00000e+00
 0.00000e+00
 0.00000e+00
 0.00000e+00
 0.00000e+00
 0.00000e+00
 0.00000e+00
 0.00000e+00
 0.00000e+00
 0.00000e+00
 0.00000e+00
 0.00000e+00
 0.00000e+00
 0.00000e+00
 0.00000e+00
 0.00000e+00
 0.00000e+00
 0.00000e+00
 0.00000e+00
 0.00000e+00
 0.00000e+00
 0.00000e+00
 0.00000e+00
 0.00000e+00
 0.00000e+00
 0.00000e+00
 0.00000e+00
 0.00000e+00
 0.00000e+00
 0.00000e+00
 0.00000e+00
 0.00000e+00
 0.00000e+00
 0.00000e+00
 0.00000e+00
 0.00000e+00
 0.00000e+00
 0.00000e+00
 0.00000e+00
 0.00000e+00
 0.00000e+00
 0.00000e+00
 0.00000e+00
 0.00000e+00
 0.00000e+00
 0.00000e+00
 0.00000e+00
 0.00000e+00
 0.00000e+00
 0.00000e+00
 0.00000e+00
 0.00000e+00
 0.00000e+00
 0.00000e+00
 0.00000e+00
 0.00000e+00
 0.00000e+00
 0.00000e+00
 0.00000e+00
 0.00000e+00
 0.00000e+00
 0.00000e+00
 0.00000e+00
 0.00000e+00
 0.00000e+00
 0.00000e+00
 0.00000e+00
 0.00000e+00
 1.18776e-32
 0.00000e+00
 6.11058e-32
 1.14137e-31
 0.00000e+00
 4.17593e-32
 3.80831e-31
 1.93672e-15
 1.40274e-30
 0.00000e+00
 9.68359e-16
 9.68359e-16
 9.68359e-16
 1.93672e-15
 9.68359e-16
 8.49365e-31
 3.35967e-31
 0.00000e+00
 0.00000e+00
 9.68359e-16
 2.90508e-15
 1.93672e-15
 1.65934e-31
 2.51975e-31
 3.44891e-31
 1.93672e-15
 1.93672e-15
 9.68359e-16
 9.68359e-16
 9.68359e-16
 0.00000e+00
 6.49237e-31
 1.93672e-15
 9.68359e-16
 4.44016e-31
 0.00000e+00
 9.68359e-16
 6.77223e-31
 9.68359e-16
 2.76560e-31
 0.00000e+00
 0.00000e+00
 0.00000e+00
 0.00000e+00
 0.00000e+00
 0.00000e+00
 0.00000e+00
 0.00000e+00
 0.00000e+00
 0.00000e+00
 0.00000e+00
 0.00000e+00
 0.00000e+00
 0.00000e+00
 0.00000e+00
 0.00000e+00
 0.00000e+00
 0.00000e+00
 0.00000e+00
 0.00000e+00
 0.00000e+00
 0.00000e+00
 0.00000e+00
 0.00000e+00
 0.00000e+00
 0.00000e+00
 0.00000e+00
 0.00000e+00
 0.00000e+00
 0.00000e+00
 0.00000e+00
 0.00000e+00
 0.00000e+00
 0.00000e+00
 0.00000e+00
 0.00000e+00
 0.00000e+00
 0.00000e+00
 0.00000e+00
 0.00000e+00
 0.00000e+00
 0.00000e+00
 0.00000e+00
 0.00000e+00
 0.00000e+00
 0.00000e+00
 0.00000e+00
 0.00000e+00
 0.00000e+00
 0.00000e+00
 0.00000e+00
 0.00000e+00
 0.00000e+00
 0.00000e+00
 0.00000e+00
 0.00000e+00
 0.00000e+00
 0.00000e+00
 0.00000e+00
 0.00000e+00
 0.00000e+00
 0.00000e+00
 0.00000e+00
 0.00000e+00
 0.00000e+00
 0.00000e+00
 0.00000e+00
 0.00000e+00
 0.00000e+00
 0.00000e+00
 0.00000e+00
 0.00000e+00
 0.00000e+00
 0.00000e+00
 0.00000e+00
 0.00000e+00
 0.00000e+00
 0.00000e+00
 0.00000e+00
 0.00000e+00
 0.00000e+00
 0.00000e+00
 0.00000e+00
 0.00000e+00
 0.00000e+00
part
         2
hexa8
 0.00000e+00
 0.00000e+00
 0.00000e+00
 0.00000e+00
 0.00000e+00
 0.00000e+00
 0.00000e+00
 0.00000e+00
 0.00000e+00
 0.00000e+00
 0.00000e+00
 0.00000e+00
 0.00000e+00
 0.00000e+00
 0.00000e+00
 0.00000e+00
 0.00000e+00
 0.00000e+00
 0.00000e+00
 0.00000e+00
 0.00000e+00
 0.00000e+00
 0.00000e+00
 0.00000e+00
 0.00000e+00
 0.00000e+00
 0.00000e+00
 0.00000e+00
 0.00000e+00
 0.00000e+00
 0.00000e+00
 0.00000e+00
 0.00000e+00
 0.00000e+00
 0.00000e+00
 0.00000e+00
 0.00000e+00
 0.00000e+00
 0.00000e+00
 0.00000e+00
 0.00000e+00
 0.00000e+00
 0.00000e+00
 0.00000e+00
 0.00000e+00
 0.00000e+00
 0.00000e+00
 0.00000e+00
 0.00000e+00
 0.00000e+00
 0.00000e+00
 0.00000e+00
 0.00000e+00
 0.00000e+00
 0.00000e+00
 0.00000e+00
 0.00000e+00
 0.00000e+00
 0.00000e+00
 0.00000e+00
 0.00000e+00
 0.00000e+00
 0.00000e+00
 0.00000e+00
 0.00000e+00
 0.00000e+00
 0.00000e+00
 0.00000e+00
 0.00000e+00
 0.00000e+00
 0.00000e+00
 0.00000e+00
 0.00000e+00
 0.00000e+00
 0.00000e+00
 0.00000e+00
 0.00000e+00
 0.00000e+00
 0.00000e+00
 0.00000e+00
 0.00000e+00
 0.00000e+00
 0.00000e+00
 0.00000e+00
 0.00000e+00
 0.00000e+00
 0.00000e+00
 0.00000e+00
 0.00000e+00
 0.00000e+00
 0.00000e+00
 0.00000e+00
 0.00000e+00
 0.00000e+00
 0.00000e+00
 0.00000e+00
 0.00000e+00
 0.00000e+00
 0.00000e+00
 0.00000e+00
 0.00000e+00
 0.00000e+00
 0.00000e+00
 0.00000e+00
 0.00000e+00
 0.00000e+00
 0.00000e+00
 0.00000e+00
 0.00000e+00
 0.00000e+00
 0.00000e+00
 0.00000e+00
 0.00000e+00
 0.00000e+00
 0.00000e+00
 0.00000e+00
 0.00000e+00
 0.00000e+00
 0.00000e+00
 0.00000e+00
 0.00000e+00
 0.00000e+00
 0.00000e+00
 0.00000e+00
 0.00000e+00
 0.00000e+00
 0.00000e+00
 0.00000e+00
 0.00000e+00
 0.00000e+00
 0.00000e+00
 0.00000e+00
 0.00000e+00
 0.00000e+00
 0.00000e+00
 0.00000e+00
 0.00000e+00
 0.00000e+00
 0.00000e+00
 0.00000e+00
 0.00000e+00
 0.00000e+00
 0.00000e+00
 0.00000e+00
 0.00000e+00
 0.00000e+00
 0.00000e+00
 0.00000e+00
 0.00000e+00
 0.00000e+00
 0.00000e+00
 0.00000e+00
 0.00000e+00
 0.00000e+00
 0.00000e+00
 0.00000e+00
 0.00000e+00
 0.00000e+00
 0.00000e+00
 0.00000e+00
 0.00000e+00
 0.00000e+00
 0.00000e+00
 0.00000e+00
 0.00000e+00
 0.00000e+00
 0.00000e+00
 0.00000e+00
 0.00000e+00
 0.00000e+00
 0.00000e+00
 0.00000e+00
 0.00000e+00
 0.00000e+00
 0.00000e+00
 0.00000e+00
 0.00000e+00
 0.00000e+00
 0.00000e+00
 0.00000e+00
 0.00000e+00
 0.00000e+00
 0.00000e+00
 0.00000e+00
 0.00000e+00
 0.00000e+00
 0.00000e+00
 0.00000e+00
 0.00000e+00
 0.00000e+00
 0.00000e+00
 0.00000e+00
 0.00000e+00
 0.00000e+00
 0.00000e+00
 0.00000e+00
 0.00000e+00
 0.00000e+00
 0.00000e+00
 0.00000e+00
 0.00000e+00
 0.00000e+00
 0.00000e+00
 0.00000e+00
 0.00000e+00
 0.00000e+00
 0.00000e+00
 0.00000e+00
 0.00000e+00
 0.00000e+00
 0.00000e+00
 0.00000e+00
 0.00000e+00
 0.00000e+00
 0.00000e+00
 0.00000e+00
 0.00000e+00
 0.00000e+00
 0.00000e+00
 0.00000e+00
 0.00000e+00
 0.00000e+00
 0.00000e+00
 0.00000e+00
 0.00000e+00
 0.00000e+00
 0.00000e+00
 0.00000e+00
 0.00000e+00
 0.00000e+00
 0.00000e+00
 0.00000e+00
 0.00000e+00
 0.00000e+00
 0.00000e+00
 0.00000e+00
 0.00000e+00
 0.00000e+00
 0.00000e+00
 0.00000e+00
 0.00000e+00
 0.00000e+00
 0.00000e+00
 0.00000e+00
 0.00000e+00
 0.00000e+00
 0.00000e+00
 0.00000e+00
 0.00000e+00
 0.00000e+00
 0.00000e+00
 0.00000e+00
 0.00000e+00
 0.00000e+00
 0.00000e+00
 0.00000e+00
 0.00000e+00
 0.00000e+00
 0.00000e+00
 0.00000e+00
 0.00000e+00
 0.00000e+00
 0.00000e+00
 0.00000e+00
 0.00000e+00
 0.00000e+00
 0.00000e+00
 0.00000e+00
 0.00000e+00
 0.00000e+00
 0.00000e+00
 0.00000e+00
 0.00000e+00
 0.00000e+00
 0.00000e+00
 0.00000e+00
 0.00000e+00
 0.00000e+00
 0.00000e+00
 0.00000e+00
 0.00000e+00
 0.00000e+00
 0.00000e+00
 0.00000e+00
 0.00000e+00
 0.00000e+00
 0.00000e+00
 0.00000e+00
 0.00000e+00
 0.00000e+00
 0.00000e+00
 0.00000e+00
 0.00000e+00
 0.00000e+00
 0.00000e+00
 0.00000e+00
 0.00000e+00
 0.00000e+00
 0.00000e+00
 0.00000e+00
 0.00000e+00
 0.00000e+00
 0.00000e+00
 0.00000e+00
 0.00000e+00
 0.00000e+00
 0.00000e+00
 0.00000e+00
 0.00000e+00
 0.00000e+00
 0.00000e+00
 0.00000e+00
 0.00000e+00
 0.00000e+00
 0.00000e+00
 0.00000e+00
 0.00000e+00
 0.00000e+00
 0.00000e+00
 0.00000e+00
 0.00000e+00
 0.00000e+00
 0.00000e+00
 0.00000e+00
 0.00000e+00
 0.00000e+00
 0.00000e+00
 0.00000e+00
 0.00000e+00
 0.00000e+00
 0.00000e+00
 0.00000e+00
 0.00000e+00
 0.00000e+00
 0.00000e+00
 0.00000e+00
 0.00000e+00
 0.00000e+00
 0.00000e+00
 0.00000e+00
 0.00000e+00
 0.00000e+00
 0.00000e+00
 0.00000e+00
 0.00000e+00
 0.00000e+00
 0.00000e+00
 0.00000e+00
 0.00000e+00
 0.00000e+00
 0.00000e+00
 0.00000e+00
 0.00000e+00
 0.00000e+00
 0.00000e+00
 0.00000e+00
 0.00000e+00
 0.00000e+00
 0.00000e+00
 0.00000e+00
 0.00000e+00
 0.00000e+00
 0.00000e+00
 0.00000e+00
 0.00000e+00
 0.00000e+00
 0.00000e+00
 0.00000e+00
 0.00000e+00
 0.00000e+00
 0.00000e+00
 0.00000e+00
 0.00000e+00
 0.00000e+00
 0.00000e+00
 0.00000e+00
 0.00000e+00
 0.00000e+00
 0.00000e+00
 0.00000e+00
 0.00000e+00
 0.00000e+00
 0.00000e+00
 0.00000e+00
 0.00000e+00
 0.00000e+00
 0.00000e+00
 0.00000e+00
 0.00000e+00
 0.00000e+00
 0.00000e+00
 0.00000e+00
 0.00000e+00
 0.00000e+00
 0.00000e+00
 0.00000e+00
 0.00000e+00
 0.00000e+00
 0.00000e+00
 0.00000e+00
 0.00000e+00
 0.00000e+00
 0.00000e+00
 0.00000e+00
 0.00000e+00
 0.00000e+00
 0.00000e+00
 0.00000e+00
 0.00000e+00
 0.00000e+00
 0.00000e+00
 0.00000e+00
 0.00000e+00
 0.00000e+00
 0.00000e+00
 0.00000e+00
 0.00000e+00
 0.00000e+00
 0.00000e+00
 0.00000e+00
 0.00000e+00
 0.00000e+00
 0.00000e+00
 0.00000e+00
 0.00000e+00
 0.00000e+00
 0.00000e+00
 0.00000e+00
 0.00000e+00
 0.00000e+00
 0.00000e+00
 0.00000e+00
 0.00000e+00
 0.00000e+00
 0.00000e+00
 0.00000e+00
 0.00000e+00
 0.00000e+00
 0.00000e+00
 0.00000e+00
 0.00000e+00
 0.00000e+00
 0.00000e+00
 0.00000e+00
 0.00000e+00
 0.00000e+00
 0.00000e+00
 0.00000e+00
 0.00000e+00
 0.00000e+00
 0.00000e+00
 0.00000e+00
 0.00000e+00
 0.00000e+00
 0.00000e+00
 0.00000e+00
 0.00000e+00
 0.00000e+00
 0.00000e+00
 0.00000e+00
 0.00000e+00
 0.00000e+00
 0.00000e+00
 0.00000e+00
 0.00000e+00
 0.00000e+00
 0.00000e+00
 0.00000e+00
 0.00000e+00
 0.00000e+00
 0.00000e+00
 0.00000e+00
 0.00000e+00
 0.00000e+00
 0.00000e+00
 0.00000e+00
 0.00000e+00
 0.00000e+00
 0.00000e+00
 0.00000e+00
 0.00000e+00
 0.00000e+00
 0.00000e+00
 0.00000e+00
 0.00000e+00
 0.00000e+00
 0.00000e+00
 0.00000e+00
 0.00000e+00
 0.00000e+00
 0.00000e+00
 0.00000e+00
 0.00000e+00
 0.00000e+00
 0.00000e+00
 0.00000e+00
 0.00000e+00
 0.00000e+00
 0.00000e+00
 0.00000e+00
 0.00000e+00
 0.00000e+00
 0.00000e+00
 0.00000e+00
 0.00000e+00
 0.00000e+00
 0.00000e+00
 0.00000e+00
 0.00000e+00
 0.00000e+00
 0.00000e+00
 0.00000e+00
 0.00000e+00
 0.00000e+00
 0.00000e+00
 0.00000e+00
 0.00000e+00
 0.00000e+00
 0.00000e+00
 0.00000e+00
 0.00000e+00
 0.00000e+00
 0.00000e+00
 0.00000e+00
 0.00000e+00
 0.00000e+00
 0.00000e+00
 0.00000e+00
 0.00000e+00
 0.00000e+00
 0.00000e+00
 0.00000e+00
 0.00000e+00
 0.00000e+00
 0.00000e+00
 0.00000e+00
 0.00000e+00
 0.00000e+00
 0.00000e+00
 0.00000e+00
 0.00000e+00
 0.00000e+00
 0.00000e+00
 0.00000e+00
 0.00000e+00
 0.00000e+00
 0.00000e+00
 0.00000e+00
 0.00000e+00
 0.00000e+00
 0.00000e+00
 0.00000e+00
 0.00000e+00
 0.00000e+00
 0.00000e+00
 0.00000e+00
 0.00000e+00
 0.00000e+00
 0.00000e+00
 0.00000e+00
 0.00000e+00
 0.00000e+00
 0.00000e+00
 0.00000e+00
 0.00000e+00
 0.00000e+00
 0.00000e+00
 0.00000e+00
 0.00000e+00
 0.00000e+00
 0.00000e+00
 0.00000e+00
 0.00000e+00
 0.00000e+00
 0.00000e+00
 0.00000e+00
 0.00000e+00
 0.00000e+00
 0.00000e+00
 0.00000e+00
 0.00000e+00
 0.00000e+00
 0.00000e+00
 0.00000e+00
 0.00000e+00
 0.00000e+00
 0.00000e+00
 0.00000e+00
 0.00000e+00
 0.00000e+00
 0.00000e+00
 0.00000e+00
 0.00000e+00
 0.00000e+00
 0.00000e+00
 0.00000e+00
 0.00000e+00
 0.00000e+00
 0.00000e+00
 0.00000e+00
 0.00000e+00
 0.00000e+00
 0.00000e+00
 0.00000e+00
 0.00000e+00
 0.00000e+00
 0.00000e+00
 0.00000e+00
 0.00000e+00
 0.00000e+00
 0.00000e+00
 0.00000e+00
 0.00000e+00
 0.00000e+00
 0.00000e+00
 0.00000e+00
 0.00000e+00
 0.00000e+00
 0.00000e+00
 0.00000e+00
 0.00000e+00
 0.00000e+00
 0.00000e+00
 0.00000e+00
 0.00000e+00
part
         3
hexa8
 0.00000e+00
 0.00000e+00
 0.00000e+00
 0.00000e+00
 0.00000e+00
 0.00000e+00
 0.00000e+00
 0.00000e+00
 0.00000e+00
 0.00000e+00
 0.00000e+00
 0.00000e+00
 0.00000e+00
 0.00000e+00
 0.00000e+00
 0.00000e+00
 0.00000e+00
 0.00000e+00
 0.00000e+00
 0.00000e+00
 0.00000e+00
 0.00000e+00
 0.00000e+00
 0.00000e+00
 0.00000e+00
 0.00000e+00
 0.00000e+00
 0.00000e+00
 0.00000e+00
 0.00000e+00
 0.00000e+00
 0.00000e+00
 0.00000e+00
 0.00000e+00
 0.00000e+00
 9.06733e-05
 9.06733e-05
 9.06733e-05
 9.06733e-05
 9.06733e-05
 2.14205e-04
 2.14205e-04
 2.14205e-04
 2.14205e-04
 2.14205e-04
 2.72551e-04
 2.72551e-04
 2.72551e-04
 2.72551e-04
 2.72551e-04
 2.97131e-04
 2.97131e-04
 2.97131e-04
 2.97131e-04
 2.97131e-04
 2.39542e-04
 2.39542e-04
 2.39542e-04
 2.39542e-04
 2.39542e-04
 1.15968e-04
 1.15968e-04
 1.15968e-04
 1.15968e-04
 1.15968e-04
 1.08739e-05
 1.08739e-05
 1.08739e-05
 1.08739e-05
 1.08739e-05
 0.00000e+00
 0.00000e+00
 0.00000e+00
 0.00000e+00
 0.00000e+00
 0.00000e+00
 0.00000e+00
 0.00000e+00
 0.00000e+00
 0.00000e+00
 0.00000e+00
 0.00000e+00
 0.00000e+00
 0.00000e+00
 0.00000e+00
 0.00000e+00
 0.00000e+00
 0.00000e+00
 0.00000e+00
 0.00000e+00
 2.46356e-04
 2.46356e-04
 2.46356e-04
 2.46356e-04
 2.46356e-04
 9.64997e-04
 9.64997e-04
 9.64997e-04
 9.64997e-04
 9.64997e-04
 9.33893e-04
 9.33893e-04
 9.33893e-04
 9.33893e-04
 9.33893e-04
 6.08014e-04
 6.08014e-04
 6.08014e-04
 6.08014e-04
 6.08014e-04
 3.38731e-04
 3.38731e-04
 3.38731e-04
 3.38731e-04
 3.38731e-04
 1.79135e-04
 1.79135e-04
 1.79135e-04
 1.79135e-04
 1.79135e-04
 1.05365e-04
 1.05365e-04
 1.05365e-04
 1.05365e-04
 1.05365e-04
 0.00000e+00
 0.00000e+00
 0.00000e+00
 0.00000e+00
 0.00000e+00
 0.00000e+00
 0.00000e+00
 0.00000e+00
 0.00000e+00
 0.00000e+00
 0.00000e+00
 0.00000e+00
 0.00000e+00
 0.00000e+00
 0.00000e+00
 0.00000e+00
 0.00000e+00
 0.00000e+00
 0.00000e+00
 0.00000e+00
 0.00000e+00
 0.00000e+00
 0.00000e+00
 0.00000e+00
 0.00000e+00
 0.00000e+00
 0.00000e+00
 0.00000e+00
 0.00000e+00
 0.00000e+00
 0.00000e+00
 0.00000e+00
 0.00000e+00
 0.00000e+00
 0.00000e+00
 9.06733e-05
 9.06733e-05
 9.06733e-05
 9.06733e-05
 9.06733e-05
 2.14205e-04
 2.14205e-04
 2.14205e-04
 2.14205e-04
 2.14205e-04
 2.72551e-04
 2.72551e-04
 2.72551e-04
 2.72551e-04
 2.72551e-04
 2.97131e-04
 2.97131e-04
 2.97131e-04
 2.97131e-04
 2.97131e-04
 2.39542e-04
 2.39542e-04
 2.39542e-04
 2.39542e-04
 2.39542e-04
 1.15968e-04
 1.15968e-04
 1.15968e-04
 1.15968e-04
 1.15968e-04
 1.08739e-05
 1.08739e-05
 1.08739e-05
 1.08739e-05
 1.08739e-05
 0.00000e+00
 0.00000e+00
 0.00000e+00
 0.00000e+00
 0.00000e+00
 0.00000e+00
 0.00000e+00
 0.00000e+00
 0.00000e+00
 0.00000e+00
 0.00000e+00
 0.00000e+00
 0.00000e+00
 0.00000e+00
 0.00000e+00
 0.00000e+00
 0.00000e+00
 0.00000e+00
 0.00000e+00
 0.00000e+00
 2.46356e-04
 2.46356e-04
 2.46356e-04
 2.46356e-04
 2.46356e-04
 9.64997e-04
 9.64997e-04
 9.64997e-04
 9.64997e-04
 9.64997e-04
 9.33893e-04
 9.33893e-04
 9.33893e-04
 9.33893e-04
 9.33893e-04
 6.08014e-04
 6.08014e-04
 6.08014e-04
 6.08014e-04
 6.08014e-04
 3.38731e-04
 3.38731e-04
 3.38731e-04
 3.38731e-04
 3.38731e-04
 1.79135e-04
 1.79135e-04
 1.79135e-04
 1.79135e-04
 1.79135e-04
 1.05365e-04
 1.05365e-04
 1.05365e-04
 1.05365e-04
 1.05365e-04
 0.00000e+00
 0.00000e+00
 0.00000e+00
 0.00000e+00
 0.00000e+00
 0.00000e+00
 0.00000e+00
 0.00000e+00
 0.00000e+00
 0.00000e+00
 0.00000e+00
 0.00000e+00
 0.00000e+00
 0.00000e+00
 0.00000e+00
 0.00000e+00
 0.00000e+00
 0.00000e+00
 0.00000e+00
 0.00000e+00
 0.00000e+00
 0.00000e+00
 0.00000e+00
 0.00000e+00
 0.00000e+00
 0.00000e+00
 0.00000e+00
 0.00000e+00
 0.00000e+00
 0.00000e+00
 0.00000e+00
 0.00000e+00
 0.00000e+00
 0.00000e+00
 0.00000e+00
 9.06733e-05
 9.06733e-05
 9.06733e-05
 9.06733e-05
 9.06733e-05
 2.14205e-04
 2.14205e-04
 2.14205e-04
 2.14205e-04
 2.14205e-04
 2.72551e-04
 2.72551e-04
 2.72551e-04
 2.72551e-04
 2.72551e-04
 2.97131e-04
 2.97131e-04
 2.97131e-04
 2.97131e-04
 2.97131e-04
 2.39542e-04
 2.39542e-04
 2.39542e-04
 2.39542e-04
 2.39542e-04
 1.15968e-04
 1.15968e-04
 1.15968e-04
 1.15968e-04
 1.15968e-04
 1.08739e-05
 1.08739e-05
 1.08739e-05
 1.08739e-05
 1.08739e-05
 0.00000e+00
 0.00000e+00
 0.00000e+00
 0.00000e+00
 0.00000e+00
 0.00000e+00
 0.00000e+00
 0.00000e+00
 0.00000e+00
 0.00000e+00
 0.00000e+00
 0.00000e+00
 0.00000e+00
 0.00000e+00
 0.00000e+00
 0.00000e+00
 0.00000e+00
 0.00000e+00
 0.00000e+00
 0.00000e+00
 2.46356e-04
 2.46356e-04
 2.46356e-04
 2.46356e-04
 2.46356e-04
 9.64997e-04
 9.64997e-04
 9.64997e-04
 9.64997e-04
 9.64997e-04
 9.33893e-04
 9.33893e-04
 9.33893e-04
 9.33893e-04
 9.33893e-04
 6.08014e-04
 6.08014e-04
 6.08014e-04
 6.08014e-04
 6.08014e-04
 3.38731e-04
 3.38731e-04
 3.38731e-04
 3.38731e-04
 3.38731e-04
 1.79135e-04
 1.79135e-04
 1.79135e-04
 1.79135e-04
 1.79135e-04
 1.05365e-04
 1.05365e-04
 1.05365e-04
 1.05365e-04
 1.05365e-04
 0.00000e+00
 0.00000e+00
 0.00000e+00
 0.00000e+00
 0.00000e+00
 0.00000e+00
 0.00000e+00
 0.00000e+00
 0.00000e+00
 0.00000e+00
 0.00000e+00
 0.00000e+00
 0.00000e+00
 0.00000e+00
 0.00000e+00
 0.00000e+00
 0.00000e+00
 0.00000e+00
 0.00000e+00
 0.00000e+00
 0.00000e+00
 0.00000e+00
 0.00000e+00
 0.00000e+00
 0.00000e+00
 0.00000e+00
 0.00000e+00
 0.00000e+00
 0.00000e+00
 0.00000e+00
 0.00000e+00
 0.00000e+00
 0.00000e+00
 0.00000e+00
 0.00000e+00
 9.06733e-05
 9.06733e-05
 9.06733e-05
 9.06733e-05
 9.06733e-05
 2.14205e-04
 2.14205e-04
 2.14205e-04
 2.14205e-04
 2.14205e-04
 2.72551e-04
 2.72551e-04
 2.72551e-04
 2.72551e-04
 2.72551e-04
 2.97131e-04
 2.97131e-04
 2.97131e-04
 2.97131e-04
 2.97131e-04
 2.39542e-04
 2.39542e-04
 2.39542e-04
 2.39542e-04
 2.39542e-04
 1.15968e-04
 1.15968e-04
 1.15968e-04
 1.15968e-04
 1.15968e-04
 1.08739e-05
 1.08739e-05
 1.08739e-05
 1.08739e-05
 1.08739e-05
 0.00000e+00
 0.00000e+00
 0.00000e+00
 0.00000e+00
 0.00000e+00
 0.00000e+00
 0.00000e+00
 0.00000e+00
 0.00000e+00
 0.00000e+00
 0.00000e+00
 0.00000e+00
 0.00000e+00
 0.00000e+00
 0.00000e+00
 0.00000e+00
 0.00000e+00
 0.00000e+00
 0.00000e+00
 0.00000e+00
 2.46356e-04
 2.46356e-04
 2.46356e-04
 2.46356e-04
 2.46356e-04
 9.64997e-04
 9.64997e-04
 9.64997e-04
 9.64997e-04
 9.64997e-04
 9.33893e-04
 9.33893e-04
 9.33893e-04
 9.33893e-04
 9.33893e-04
 6.08014e-04
 6.08014e-04
 6.08014e-04
 6.08014e-04
 6.08014e-04
 3.38731e-04
 3.38731e-04
 3.38731e-04
 3.38731e-04
 3.38731e-04
 1.79135e-04
 1.79135e-04
 1.79135e-04
 1.79135e-04
 1.79135e-04
 1.05365e-04
 1.05365e-04
 1.05365e-04
 1.05365e-04
 1.05365e-04
 0.00000e+00
 0.00000e+00
 0.00000e+00
 0.00000e+00
 0.00000e+00
 0.00000e+00
 0.00000e+00
 0.00000e+00
 0.00000e+00
 0.00000e+00
 0.00000e+00
 0.00000e+00
 0.00000e+00
 0.00000e+00
 0.00000e+00
 0.00000e+00
 0.00000e+00
 0.00000e+00
 0.00000e+00
 0.00000e+00
 0.00000e+00
 0.00000e+00
 0.00000e+00
 0.00000e+00
 0.00000e+00
 0.00000e+00
 0.00000e+00
 0.00000e+00
 0.00000e+00
 0.00000e+00
 0.00000e+00
 0.00000e+00
 0.00000e+00
 0.00000e+00
 0.00000e+00
 9.06733e-05
 9.06733e-05
 9.06733e-05
 9.06733e-05
 9.06733e-05
 2.14205e-04
 2.14205e-04
 2.14205e-04
 2.14205e-04
 2.14205e-04
 2.72551e-04
 2.72551e-04
 2.72551e-04
 2.72551e-04
 2.72551e-04
 2.97131e-04
 2.97131e-04
 2.97131e-04
 2.97131e-04
 2.97131e-04
 2.39542e-04
 2.39542e-04
 2.39542e-04
 2.39542e-04
 2.39542e-04
 1.15968e-04
 1.15968e-04
 1.15968e-04
 1.15968e-04
 1.15968e-04
 1.08739e-05
 1.08739e-05
 1.08739e-05
 1.08739e-05
 1.08739e-05
 0.00000e+00
 0.00000e+00
 0.00000e+00
 0.00000e+00
 0.00000e+00
 0.00000e+00
 0.00000e+00
 0.00000e+00
 0.00000e+00
 0.00000e+00
 0.00000e+00
 0.00000e+00
 0.00000e+00
 0.00000e+00
 0.00000e+00
 0.00000e+00
 0.00000e+00
 0.00000e+00
 0.00000e+00
 0.00000e+00
 2.46356e-04
 2.46356e-04
 2.46356e-04
 2.46356e-04
 2.46356e-04
 9.64997e-04
 9.64997e-04
 9.64997e-04
 9.64997e-04
 9.64997e-04
 9.33893e-04
 9.33893e-04
 9.33893e-04
 9.33893e-04
 9.33893e-04
 6.08014e-04
 6.08014e-04
 6.08014e-04
 6.08014e-04
 6.08014e-04
 3.38731e-04
 3.38731e-04
 3.38731e-04
 3.38731e-04
 3.38731e-04
 1.79135e-04
 1.79135e-04
 1.79135e-04
 1.79135e-04
 1.79135e-04
 1.05365e-04
 1.05365e-04
 1.05365e-04
 1.05365e-04
 1.05365e-04
part
         4
hexa8
 1.12602e-04
 1.12602e-04
 1.12602e-04
 1.12602e-04
 1.12602e-04
 2.10020e-04
 2.10020e-04
 2.10020e-04
 2.10020e-04
 2.10020e-04
 4.38931e-04
 4.38931e-04
 4.38931e-04
 4.38931e-04
 4.38931e-04
 9.44205e-04
 9.44205e-04
 9.44205e-04
 9.44205e-04
 9.44205e-04
 1.97681e-03
 1.97681e-03
 1.97681e-03
 1.97681e-03
 1.97681e-03
 3.94776e-03
 3.94776e-03
 3.94776e-03
 3.94776e-03
 3.94776e-03
 7.50006e-03
 7.50006e-03
 7.50006e-03
 7.50006e-03
 7.50006e-03
 1.33664e-02
 1.33664e-02
 1.33664e-02
 1.33664e-02
 1.33664e-02
 2.17830e-02
 2.17830e-02
 2.17830e-02
 2.17830e-02
 2.17830e-02
 3.14764e-02
 3.14764e-02
 3.14764e-02
 3.14764e-02
 3.14764e-02
 3.82278e-02
 3.82278e-02
 3.82278e-02
 3.82278e-02
 3.82278e-02
 3.74504e-02
 3.74504e-02
 3.74504e-02
 3.74504e-02
 3.74504e-02
 2.74527e-02
 2.74527e-02
 2.74527e-02
 2.74527e-02
 2.74527e-02
 1.43988e-02
 1.43988e-02
 1.43988e-02
 1.43988e-02
 1.43988e-02
 5.25653e-03
 5.25653e-03
 5.25653e-03
 5.25653e-03
 5.25653e-03
 1.49184e-03
 1.49184e-03
 1.49184e-03
 1.49184e-03
 1.49184e-03
 3.79586e-04
 3.79586e-04
 3.79586e-04
 3.79586e-04
 3.79586e-04
 9.29022e-05
 9.29022e-05
 9.29022e-05
 9.29022e-05
 9.29022e-05
 2.23368e-05
 2.23368e-05
 2.23368e-05
 2.23368e-05
 2.23368e-05
 5.29906e-06
 5.29906e-06
 5.29906e-06
 5.29906e-06
 5.29906e-06
 1.24018e-06
 1.24018e-06
 1.24018e-06
 1.24018e-06
 1.24018e-06
 2.85957e-07
 2.85957e-07
 2.85957e-07
 2.85957e-07
 2.85957e-07
 6.48810e-08
 6.48810e-08
 6.48811e-08
 6.48811e-08
 6.48810e-08
 1.45851e-08
 1.45851e-08
 1.45851e-08
 1.45851e-08
 1.45851e-08
 3.82896e-09
 3.82896e-09
 3.82895e-09
 3.82896e-09
 3.82896e-09
 1.12602e-04
 1.12602e-04
 1.12602e-04
 1.12602e-04
 1.12602e-04
 2.10020e-04
 2.10020e-04
 2.10020e-04
 2.10020e-04
 2.10020e-04
 4.38931e-04
 4.38931e-04
 4.38931e-04
 4.38931e-04
 4.38931e-04
 9.44205e-04
 9.44205e-04
 9.44205e-04
 9.44205e-04
 9.44205e-04
 1.97681e-03
 1.97681e-03
 1.97681e-03
 1.97681e-03
 1.97681e-03
 3.94776e-03
 3.94776e-03
 3.94776e-03
 3.94776e-03
 3.94776e-03
 7.50006e-03
 7.50006e-03
 7.50006e-03
 7.50006e-03
 7.50006e-03
 1.33664e-02
 1.33664e-02
 1.33664e-02
 1.33664e-02
 1.33664e-02
 2.17830e-02
 2.17830e-02
 2.17830e-02
 2.17830e-02
 2.17830e-02
 3.14764e-02
 3.14764e-02
 3.14764e-02
 3.14764e-02
 3.14764e-02
 3.82278e-02
 3.82278e-02
 3.82278e-02
 3.82278e-02
 3.82278e-02
 3.74504e-02
 3.74504e-02
 3.74504e-02
 3.74504e-02
 3.74504e-02
 2.74527e-02
 2.74527e-02
 2.74527e-02
 2.74527e-02
 2.74527e-02
 1.43988e-02
 1.43988e-02
 1.43988e-02
 1.43988e-02
 1.43988e-02
 5.25653e-03
 5.25653e-03
 5.25653e-03
 5.25653e-03
 5.25653e-03
 1.49184e-03
 1.49184e-03
 1.49184e-03
 1.49184e-03
 1.49184e-03
 3.79586e-04
 3.79586e-04
 3.79586e-04
 3.79586e-04
 3.79586e-04
 9.29022e-05
 9.29022e-05
 9.29022e-05
 9.29022e-05
 9.29022e-05
 2.23368e-05
 2.23368e-05
 2.23368e-05
 2.23368e-05
 2.23368e-05
 5.29906e-06
 5.29906e-06
 5.29906e-06
 5.29906e-06
 5.29906e-06
 1.24018e-06
 1.24018e-06
 1.24018e-06
 1.24018e-06
 1.24018e-06
 2.85957e-07
 2.85957e-07
 2.85957e-07
 2.85957e-07
 2.85957e-07
 6.48811e-08
 6.48810e-08
 6.48811e-08
 6.48811e-08
 6.48811e-08
 1.45851e-08
 1.45851e-08
 1.45851e-08
 1.45851e-08
 1.45851e-08
 3.82896e-09
 3.82896e-09
 3.82896e-09
 3.82896e-09
 3.82896e-09
 1.12602e-04
 1.12602e-04
 1.12602e-04
 1.12602e-04
 1.12602e-04
 2.10020e-04
 2.10020e-04
 2.10020e-04
 2.10020e-04
 2.10020e-04
 4.38931e-04
 4.38931e-04
 4.38931e-04
 4.38931e-04
 4.38931e-04
 9.44205e-04
 9.44205e-04
 9.44205e-04
 9.44205e-04
 9.44205e-04
 1.97681e-03
 1.97681e-03
 1.97681e-03
 1.97681e-03
 1.97681e-03
 3.94776e-03
 3.94776e-03
 3.94776e-03
 3.94776e-03
 3.94776e-03
 7.50006e-03
 7.50006e-03
 7.50006e-03
 7.50006e-03
 7.50006e-03
 1.33664e-02
 1.33664e-02
 1.33664e-02
 1.33664e-02
 1.33664e-02
 2.17830e-02
 2.17830e-02
 2.17830e-02
 2.17830e-02
 2.17830e-02
 3.14764e-02
 3.14764e-02
 3.14764e-02
 3.14764e-02
 3.14764e-02
 3.82278e-02
 3.82278e-02
 3.82278e-02
 3.82278e-02
 3.82278e-02
 3.74504e-02
 3.74504e-02
 3.74504e-02
 3.74504e-02
 3.74504e-02
 2.74527e-02
 2.74527e-02
 2.74527e-02
 2.74527e-02
 2.74527e-02
 1.43988e-02
 1.43988e-02
 1.43988e-02
 1.43988e-02
 1.43988e-02
 5.25653e-03
 5.25653e-03
 5.25653e-03
 5.25653e-03
 5.25653e-03
 1.49184e-03
 1.49184e-03
 1.49184e-03
 1.49184e-03
 1.49184e-03
 3.79586e-04
 3.79586e-04
 3.79586e-04
 3.79586e-04
 3.79586e-04
 9.29022e-05
 9.29022e-05
 9.29022e-05
 9.29022e-05
 9.29022e-05
 2.23368e-05
 2.23368e-05
 2.23368e-05
 2.23368e-05
 2.23368e-05
 5.29906e-06
 5.29906e-06
 5.29906e-06
 5.29906e-06
 5.29906e-06
 1.24018e-06
 1.24018e-06
 1.24018e-06
 1.24018e-06
 1.24018e-06
 2.85957e-07
 2.85957e-07
 2.85957e-07
 2.85957e-07
 2.85957e-07
 6.48811e-08
 6.48811e-08
 6.48810e-08
 6.48811e-08
 6.48811e-08
 1.45851e-08
 1.45851e-08
 1.45851e-08
 1.45851e-08
 1.45851e-08
 3.82896e-09
 3.82896e-09
 3.82895e-09
 3.82896e-09
 3.82896e-09
 1.12602e-04
 1.12602e-04
 1.12602e-04
 1.12602e-04
 1.12602e-04
 2.10020e-04
 2.10020e-04
 2.10020e-04
 2.10020e-04
 2.10020e-04
 4.38931e-04
 4.38931e-04
 4.38931e-04
 4.38931e-04
 4.38931e-04
 9.44205e-04
 9.44205e-04
 9.44205e-04
 9.44205e-04
 9.44205e-04
 1.97681e-03
 1.97681e-03
 1.97681e-03
 1.97681e-03
 1.97681e-03
 3.94776e-03
 3.94776e-03
 3.94776e-03
 3.94776e-03
 3.94776e-03
 7.50006e-03
 7.50006e-03
 7.50006e-03
 7.50006e-03
 7.50006e-03
 1.33664e-02
 1.33664e-02
 1.33664e-02
 1.33664e-02
 1.33664e-02
 2.17830e-02
 2.17830e-02
 2.17830e-02
 2.17830e-02
 2.17830e-02
 3.14764e-02
 3.14764e-02
 3.14764e-02
 3.14764e-02
 3.14764e-02
 3.82278e-02
 3.82278e-02
 3.82278e-02
 3.82278e-02
 3.82278e-02
 3.74504e-02
 3.74504e-02
 3.74504e-02
 3.74504e-02
 3.74504e-02
 2.74527e-02
 2.74527e-02
 2.74527e-02
 2.74527e-02
 2.74527e-02
 1.43988e-02
 1.43988e-02
 1.43988e-02
 1.43988e-02
 1.43988e-02
 5.25653e-03
 5.25653e-03
 5.25653e-03
 5.25653e-03
 5.25653e-03
 1.49184e-03
 1.49184e-03
 1.49184e-03
 1.49184e-03
 1.49184e-03
 3.79586e-04
 3.79586e-04
 3.79586e-04
 3.79586e-04
 3.79586e-04
 9.29022e-05
 9.29022e-05
 9.29022e-05
 9.29022e-05
 9.29022e-05
 2.23368e-05
 2.23368e-05
 2.23368e-05
 2.23368e-05
 2.23368e-05
 5.29906e-06
 5.29906e-06
 5.29906e-06
 5.29906e-06
 5.29906e-06
 1.24018e-06
 1.24018e-06
 1.24018e-06
 1.24018e-06
 1.24018e-06
 2.85957e-07
 2.85957e-07
 2.85957e-07
 2.85957e-07
 2.85957e-07
 6.48811e-08
 6.48811e-08
 6.48811e-08
 6.48811e-08
 6.48811e-08
 1.45851e-08
 1.45851e-08
 1.45851e-08
 1.45851e-08
 1.45851e-08
 3.82896e-09
 3.82896e-09
 3.82896e-09
 3.82896e-09
 3.82896e-09
 1.12602e-04
 1.12602e-04
 1.12602e-04
 1.12602e-04
 1.12602e-04
 2.10020e-04
 2.10020e-04
 2.10020e-04
 2.10020e-04
 2.10020e-04
 4.38931e-04
 4.38931e-04
 4.38931e-04
 4.38931e-04
 4.38931e-04
 9.44205e-04
 9.44205e-04
 9.44205e-04
 9.44205e-04
 9.44205e-04
 1.97681e-03
 1.97681e-03
 1.97681e-03
 1.97681e-03
 1.97681e-03
 3.94776e-03
 3.94776e-03
 3.94776e-03
 3.94776e-03
 3.94776e-03
 7.50006e-03
 7.50006e-03
 7.50006e-03
 7.50006e-03
 7.50006e-03
 1.33664e-02
 1.33664e-02
 1.33664e-02
 1.33664e-02
 1.33664e-02
 2.17830e-02
 2.17830e-02
 2.17830e-02
 2.17830e-02
 2.17830e-02
 3.14764e-02
 3.14764e-02
 3.14764e-02
 3.14764e-02
 3.14764e-02
 3.82278e-02
 3.82278e-02
 3.82278e-02
 3.82278e-02
 3.82278e-02
 3.74504e-02
 3.74504e-02
 3.74504e-02
 3.74504e-02
 3.74504e-02
 2.74527e-02
 2.74527e-02
 2.74527e-02
 2.74527e-02
 2.74527e-02
 1.43988e-02
 1.43988e-02
 1.43988e-02
 1.43988e-02
 1.43988e-02
 5.25653e-03
 5.25653e-03
 5.25653e-03
 5.25653e-03
 5.25653e-03
 1.49184e-03
 1.49184e-03
 1.49184e-03
 1.49184e-03
 1.49184e-03
 3.79586e-04
 3.79586e-04
 3.79586e-04
 3.79586e-04
 3.79586e-04
 9.29022e-05
 9.29022e-05
 9.29022e-05
 9.29022e-05
 9.29022e-05
 2.23368e-05
 2.23368e-05
 2.23368e-05
 2.23368e-05
 2.23368e-05
 5.29906e-06
 5.29906e-06
 5.29906e-06
 5.29906e-06
 5.29906e-06
 1.24018e-06
 1.24018e-06
 1.24018e-06
 1.24018e-06
 1.24018e-06
 2.85957e-07
 2.85957e-07
 2.85957e-07
 2.85957e-07
 2.85957e-07
 6.48811e-08
 6.48811e-08
 6.48811e-08
 6.48810e-08
 6.48810e-08
 1.45851e-08
 1.45851e-08
 1.45851e-08
 1.45851e-08
 1.45851e-08
 3.82896e-09
 3.82896e-09
 3.82896e-09
 3.82896e-09
 3.82896e-09
