Velocity
part
         1
coordinates
 0.00000e+00
 0.00000e+00
 0.00000e+00
 0.00000e+00
 0.00000e+00
 0.00000e+00
 0.00000e+00
 0.00000e+00
 0.00000e+00
 0.00000e+00
 0.00000e+00
 0.00000e+00
 0.00000e+00
 0.00000e+00
 0.00000e+00
 0.00000e+00
 0.00000e+00
 0.00000e+00
 0.00000e+00
 0.00000e+00
 0.00000e+00
 0.00000e+00
 0.00000e+00
 0.00000e+00
 0.00000e+00
 0.00000e+00
 0.00000e+00
 0.00000e+00
 0.00000e+00
 0.00000e+00
 0.00000e+00
 0.00000e+00
 0.00000e+00
 0.00000e+00
 0.00000e+00
 0.00000e+00
 0.00000e+00
 0.00000e+00
 0.00000e+00
 0.00000e+00
 0.00000e+00
 0.00000e+00
 0.00000e+00
 0.00000e+00
 0.00000e+00
 0.00000e+00
 0.00000e+00
 0.00000e+00
 0.00000e+00
-1.10724e-15
-1.10724e-15
-1.10724e-15
-1.10724e-15
 0.00000e+00
 0.00000e+00
-1.10724e-15
-1.10724e-15
-1.10724e-15
-1.10724e-15
 0.00000e+00
 0.00000e+00
 2.21449e-15
 2.21449e-15
 2.21449e-15
 2.21449e-15
 0.00000e+00
 0.00000e+00
 2.21449e-15
 2.21449e-15
 2.21449e-15
 2.21449e-15
 0.00000e+00
 0.00000e+00
-1.66087e-15
-1.66087e-15
-1.66087e-15
-1.66087e-15
 0.00000e+00
 0.00000e+00
-1.66087e-15
-1.66087e-15
-1.66087e-15
-1.66087e-15
 0.00000e+00
 0.00000e+00
 0.00000e+00
 0.00000e+00
 0.00000e+00
 0.00000e+00
 0.00000e+00
 0.00000e+00
 0.00000e+00
 0.00000e+00
 0.00000e+00
 0.00000e+00
 0.00000e+00
 0.00000e+00
-2.76811e-15
-2.76811e-15
-2.76811e-15
-2.76811e-15
 0.00000e+00
 0.00000e+00
-2.76811e-15
-2.76811e-15
-2.76811e-15
-2.76811e-15
 0.00000e+00
 0.00000e+00
 2.76811e-15
 2.76811e-15
 2.76811e-15
 2.76811e-15
 0.00000e+00
 0.00000e+00
 2.76811e-15
 2.76811e-15
 2.76811e-15
 2.76811e-15
 0.00000e+00
 0.00000e+00
-2.76811e-15
-2.76811e-15
-2.76811e-15
-2.76811e-15
 0.00000e+00
 0.00000e+00
-2.76811e-15
-2.76811e-15
-2.76811e-15
-2.76811e-15
 0.00000e+00
 0.00000e+00
 2.76811e-15
 2.76811e-15
 2.76811e-15
 2.76811e-15
 0.00000e+00
 0.00000e+00
 2.76811e-15
 2.76811e-15
 2.76811e-15
 2.76811e-15
 0.00000e+00
 0.00000e+00
 0.00000e+00
 0.00000e+00
 0.00000e+00
 0.00000e+00
 0.00000e+00
 0.00000e+00
 0.00000e+00
 0.00000e+00
 0.00000e+00
 0.00000e+00
 0.00000e+00
 0.00000e+00
 0.00000e+00
 0.00000e+00
 0.00000e+00
 0.00000e+00
 0.00000e+00
 0.00000e+00
 0.00000e+00
 0.00000e+00
 0.00000e+00
 0.00000e+00
 0.00000e+00
 0.00000e+00
 0.00000e+00
 0.00000e+00
 0.00000e+00
 0.00000e+00
 0.00000e+00
 0.00000e+00
 0.00000e+00
 0.00000e+00
 0.00000e+00
 0.00000e+00
 0.00000e+00
 0.00000e+00
 0.00000e+00
 0.00000e+00
 0.00000e+00
 0.00000e+00
 0.00000e+00
 0.00000e+00
 0.00000e+00
 0.00000e+00
 0.00000e+00
 0.00000e+00
 0.00000e+00
 0.00000e+00
 0.00000e+00
 0.00000e+00
 0.00000e+00
 0.00000e+00
 0.00000e+00
 0.00000e+00
 0.00000e+00
 0.00000e+00
 0.00000e+00
 0.00000e+00
 0.00000e+00
 0.00000e+00
-4.42898e-15
-4.42898e-15
-4.42898e-15
-4.42898e-15
 0.00000e+00
 0.00000e+00
-4.42898e-15
-4.42898e-15
-4.42898e-15
-4.42898e-15
 0.00000e+00
 0.00000e+00
 4.42898e-15
 4.42898e-15
 4.42898e-15
 4.42898e-15
 0.00000e+00
 0.00000e+00
 4.42898e-15
 4.42898e-15
 4.42898e-15
 4.42898e-15
 0.00000e+00
 0.00000e+00
 0.00000e+00
 0.00000e+00
 0.00000e+00
 0.00000e+00
 0.00000e+00
 0.00000e+00
 0.00000e+00
 0.00000e+00
 0.00000e+00
 0.00000e+00
 0.00000e+00
 0.00000e+00
-4.42898e-15
-4.42898e-15
-4.42898e-15
-4.42898e-15
 0.00000e+00
 0.00000e+00
-4.42898e-15
-4.42898e-15
-4.42898e-15
-4.42898e-15
 0.00000e+00
 0.00000e+00
 4.42898e-15
 4.42898e-15
 4.42898e-15
 4.42898e-15
 0.00000e+00
 0.00000e+00
 4.42898e-15
 4.42898e-15
 4.42898e-15
 4.42898e-15
 0.00000e+00
 0.00000e+00
 0.00000e+00
 0.00000e+00
 0.00000e+00
 0.00000e+00
 0.00000e+00
 0.00000e+00
 0.00000e+00
 0.00000e+00
 0.00000e+00
 0.00000e+00
 0.00000e+00
 0.00000e+00
 0.00000e+00
 0.00000e+00
 0.00000e+00
 0.00000e+00
 0.00000e+00
 0.00000e+00
 0.00000e+00
 0.00000e+00
 0.00000e+00
 0.00000e+00
 0.00000e+00
 0.00000e+00
 5.42101e-19
 3.19840e-17
-4.28260e-17
 4.66207e-17
 0.00000e+00
 0.00000e+00
 5.42101e-19
 3.19840e-17
-4.28260e-17
 4.66207e-17
 0.00000e+00
 0.00000e+00
-2.01662e-16
 5.21501e-16
-6.64074e-16
 3.53992e-16
 0.00000e+00
 0.00000e+00
-2.01662e-16
 5.21501e-16
-6.64074e-16
 3.53992e-16
 0.00000e+00
 0.00000e+00
-5.04154e-17
-4.58075e-16
 7.49726e-16
-4.40186e-16
 0.00000e+00
 0.00000e+00
-5.04154e-17
-4.58075e-16
 7.49726e-16
-4.40186e-16
 0.00000e+00
 0.00000e+00
-1.50704e-16
-1.22623e-15
 1.99493e-16
-1.48536e-16
 0.00000e+00
 0.00000e+00
-1.50704e-16
-1.22623e-15
 1.99493e-16
-1.48536e-16
 0.00000e+00
 0.00000e+00
-3.39355e-16
-9.36209e-16
-3.86518e-16
 1.66696e-15
 0.00000e+00
 0.00000e+00
-3.39355e-16
-9.36209e-16
-3.86518e-16
 1.66696e-15
 0.00000e+00
 0.00000e+00
-2.40693e-16
-2.94361e-16
 6.64616e-16
 8.97177e-16
 0.00000e+00
 0.00000e+00
-2.40693e-16
-2.94361e-16
 6.64616e-16
 8.97177e-16
 0.00000e+00
 0.00000e+00
 3.50956e-15
-2.12558e-15
-2.27140e-16
 1.64419e-15
 0.00000e+00
 0.00000e+00
 3.50956e-15
-2.12558e-15
-2.27140e-16
 1.64419e-15
 0.00000e+00
 0.00000e+00
 7.77265e-15
-4.75856e-15
 4.84638e-16
 1.78351e-15
 0.00000e+00
 0.00000e+00
 7.77265e-15
-4.75856e-15
 4.84638e-16
 1.78351e-15
 0.00000e+00
 0.00000e+00
 3.16695e-15
-2.62377e-15
-9.98008e-16
 4.67129e-15
 0.00000e+00
 0.00000e+00
 3.16695e-15
-2.62377e-15
-9.98008e-16
 4.67129e-15
 0.00000e+00
 0.00000e+00
 4.33030e-15
-7.17091e-15
 1.38886e-15
 8.20470e-15
 0.00000e+00
 0.00000e+00
 4.33030e-15
-7.17091e-15
 1.38886e-15
 8.20470e-15
 0.00000e+00
 0.00000e+00
-5.32907e-16
-1.05298e-14
-4.47019e-15
 1.18176e-15
 0.00000e+00
 0.00000e+00
-5.32907e-16
-1.05298e-14
-4.47019e-15
 1.18176e-15
 0.00000e+00
 0.00000e+00
 7.90060e-15
 2.07627e-15
-1.33300e-15
 1.39160e-15
 0.00000e+00
 0.00000e+00
 7.90060e-15
 2.07627e-15
-1.33300e-15
 1.39160e-15
 0.00000e+00
 0.00000e+00
 7.50973e-15
 4.88216e-15
-2.72894e-15
-2.65304e-15
 0.00000e+00
 0.00000e+00
 7.50973e-15
 4.88216e-15
-2.72894e-15
-2.65304e-15
 0.00000e+00
 0.00000e+00
 5.25567e-15
 1.08989e-14
-1.05959e-14
 8.02093e-15
 0.00000e+00
 0.00000e+00
 5.25567e-15
 1.08989e-14
-1.05959e-14
 8.02093e-15
 0.00000e+00
 0.00000e+00
 4.58184e-15
 1.27068e-15
-9.47322e-15
 9.56836e-15
 0.00000e+00
 0.00000e+00
 4.58184e-15
 1.27068e-15
-9.47322e-15
 9.56836e-15
 0.00000e+00
 0.00000e+00
 7.99301e-15
-6.89119e-15
-2.39067e-15
 3.26372e-15
 0.00000e+00
 0.00000e+00
 7.99301e-15
-6.89119e-15
-2.39067e-15
 3.26372e-15
 0.00000e+00
 0.00000e+00
 1.01308e-14
-5.36682e-15
-5.83411e-15
-1.97517e-15
 0.00000e+00
 0.00000e+00
 1.01308e-14
-5.36682e-15
-5.83411e-15
-1.97517e-15
 0.00000e+00
 0.00000e+00
 9.44586e-15
-1.47016e-15
 5.55947e-16
 4.88184e-16
 0.00000e+00
 0.00000e+00
 9.44586e-15
-1.47016e-15
 5.55947e-16
 4.88184e-16
 0.00000e+00
 0.00000e+00
-4.49944e-17
 2.57281e-15
-2.84115e-15
 2.05348e-15
 0.00000e+00
 0.00000e+00
-4.49944e-17
 2.57281e-15
-2.84115e-15
 2.05348e-15
 0.00000e+00
 0.00000e+00
-4.81901e-15
 7.33192e-15
-4.58726e-15
 1.18639e-15
 0.00000e+00
 0.00000e+00
-4.81901e-15
 7.33192e-15
-4.58726e-15
 1.18639e-15
 0.00000e+00
 0.00000e+00
 1.91335e-15
 2.23861e-15
 4.69595e-15
-2.61835e-15
 0.00000e+00
 0.00000e+00
 1.91335e-15
 2.23861e-15
 4.69595e-15
-2.61835e-15
 0.00000e+00
 0.00000e+00
 6.62548e-15
 1.25198e-15
 5.19331e-15
-4.42796e-15
 0.00000e+00
 0.00000e+00
 6.62548e-15
 1.25198e-15
 5.19331e-15
-4.42796e-15
 0.00000e+00
 0.00000e+00
 1.10337e-14
-1.69682e-15
 8.71053e-16
-2.11376e-16
 0.00000e+00
 0.00000e+00
 1.10337e-14
-1.69682e-15
 8.71053e-16
-2.11376e-16
 0.00000e+00
 0.00000e+00
 1.07826e-14
-5.53980e-15
 2.49828e-15
-1.72390e-15
 0.00000e+00
 0.00000e+00
 1.07826e-14
-5.53980e-15
 2.49828e-15
-1.72390e-15
 0.00000e+00
 0.00000e+00
 3.06590e-15
 1.36172e-15
-3.63132e-15
-3.72953e-15
 0.00000e+00
 0.00000e+00
 3.06590e-15
 1.36172e-15
-3.63132e-15
-3.72953e-15
 0.00000e+00
 0.00000e+00
 3.74352e-15
 2.03988e-15
-4.24991e-15
 1.64350e-16
 0.00000e+00
 0.00000e+00
 3.74352e-15
 2.03988e-15
-4.24991e-15
 1.64350e-16
 0.00000e+00
 0.00000e+00
 9.09562e-15
-2.10361e-15
-2.00623e-15
-2.99558e-15
 0.00000e+00
 0.00000e+00
 9.09562e-15
-2.10361e-15
-2.00623e-15
-2.99558e-15
 0.00000e+00
 0.00000e+00
 4.71596e-15
-3.93773e-15
 1.35169e-14
-1.11062e-15
 0.00000e+00
 0.00000e+00
 4.71596e-15
-3.93773e-15
 1.35169e-14
-1.11062e-15
 0.00000e+00
 0.00000e+00
 3.62209e-15
-7.05442e-15
-1.40629e-15
 1.93261e-14
 0.00000e+00
 0.00000e+00
 3.62209e-15
-7.05442e-15
-1.40629e-15
 1.93261e-14
 0.00000e+00
 0.00000e+00
-6.03735e-16
 4.31591e-15
-3.07612e-15
 1.02972e-14
 0.00000e+00
 0.00000e+00
-6.03735e-16
 4.31591e-15
-3.07612e-15
 1.02972e-14
 0.00000e+00
 0.00000e+00
 5.28096e-15
-2.91113e-15
 3.88426e-15
 3.40261e-15
 0.00000e+00
 0.00000e+00
 5.28096e-15
-2.91113e-15
 3.88426e-15
 3.40261e-15
 0.00000e+00
 0.00000e+00
 2.62540e-15
 6.86129e-15
-6.55824e-15
 4.04070e-15
 0.00000e+00
 0.00000e+00
 2.62540e-15
 6.86129e-15
-6.55824e-15
 4.04070e-15
 0.00000e+00
 0.00000e+00
 6.21471e-15
 1.44119e-15
-1.16230e-14
 1.34467e-14
 0.00000e+00
 0.00000e+00
 6.21471e-15
 1.44119e-15
-1.16230e-14
 1.34467e-14
 0.00000e+00
 0.00000e+00
 3.58757e-15
-6.04849e-15
-3.51585e-15
 2.45662e-14
 0.00000e+00
 0.00000e+00
 3.58757e-15
-6.04849e-15
-3.51585e-15
 2.45662e-14
 0.00000e+00
 0.00000e+00
 4.33619e-15
 6.69646e-17
-6.03730e-15
 1.79521e-14
 0.00000e+00
 0.00000e+00
 4.33619e-15
 6.69646e-17
-6.03730e-15
 1.79521e-14
 0.00000e+00
 0.00000e+00
 1.25739e-14
 7.38989e-15
-1.46385e-14
 1.20886e-14
 0.00000e+00
 0.00000e+00
 1.25739e-14
 7.38989e-15
-1.46385e-14
 1.20886e-14
 0.00000e+00
 0.00000e+00
 1.39583e-14
-4.70788e-15
-7.94476e-15
 1.98718e-14
 0.00000e+00
 0.00000e+00
 1.39583e-14
-4.70788e-15
-7.94476e-15
 1.98718e-14
 0.00000e+00
 0.00000e+00
 8.54107e-15
-1.13746e-14
-1.18707e-14
 1.53694e-14
 0.00000e+00
 0.00000e+00
 8.54107e-15
-1.13746e-14
-1.18707e-14
 1.53694e-14
 0.00000e+00
 0.00000e+00
-2.24674e-15
-2.03532e-15
 6.06096e-15
-2.44894e-15
 0.00000e+00
 0.00000e+00
-2.24674e-15
-2.03532e-15
 6.06096e-15
-2.44894e-15
 0.00000e+00
 0.00000e+00
-1.98474e-14
 1.22344e-14
 1.67862e-14
-1.41979e-14
 0.00000e+00
 0.00000e+00
-1.98474e-14
 1.22344e-14
 1.67862e-14
-1.41979e-14
 0.00000e+00
 0.00000e+00
-1.34734e-14
 4.25549e-17
 2.18654e-14
-3.80013e-15
 0.00000e+00
 0.00000e+00
-1.34734e-14
 4.25549e-17
 2.18654e-14
-3.80013e-15
 0.00000e+00
 0.00000e+00
 1.30755e-15
 1.09550e-14
 3.12060e-15
 6.91857e-15
 0.00000e+00
 0.00000e+00
 1.30755e-15
 1.09550e-14
 3.12060e-15
 6.91857e-15
 0.00000e+00
 0.00000e+00
-1.34170e-15
 2.08804e-14
-4.93502e-15
 2.78640e-15
 0.00000e+00
 0.00000e+00
-1.34170e-15
 2.08804e-14
-4.93502e-15
 2.78640e-15
 0.00000e+00
 0.00000e+00
-8.06917e-16
 4.12132e-15
 2.98698e-15
 2.05998e-15
 0.00000e+00
 0.00000e+00
-8.06917e-16
 4.12132e-15
 2.98698e-15
 2.05998e-15
 0.00000e+00
 0.00000e+00
 2.55339e-15
 1.13634e-15
 4.50855e-16
 3.00964e-16
 0.00000e+00
 0.00000e+00
 2.55339e-15
 1.13634e-15
 4.50855e-16
 3.00964e-16
 0.00000e+00
 0.00000e+00
 6.81428e-15
 1.77246e-14
 1.36309e-14
 9.89951e-16
 0.00000e+00
 0.00000e+00
 6.81428e-15
 1.77246e-14
 1.36309e-14
 9.89951e-16
 0.00000e+00
 0.00000e+00
-6.46063e-15
-1.36936e-14
 3.04193e-14
-1.53590e-14
 0.00000e+00
 0.00000e+00
-6.46063e-15
-1.36936e-14
 3.04193e-14
-1.53590e-14
 0.00000e+00
 0.00000e+00
-4.42300e-15
-5.26570e-15
 1.69060e-14
-6.22413e-15
 0.00000e+00
 0.00000e+00
-4.42300e-15
-5.26570e-15
 1.69060e-14
-6.22413e-15
 0.00000e+00
 0.00000e+00
 9.48230e-15
 1.93385e-14
 4.99615e-15
 5.22999e-16
 0.00000e+00
 0.00000e+00
 9.48230e-15
 1.93385e-14
 4.99615e-15
 5.22999e-16
 0.00000e+00
 0.00000e+00
 3.41659e-15
 4.78865e-15
 8.38549e-15
-8.06430e-15
 0.00000e+00
 0.00000e+00
 3.41659e-15
 4.78865e-15
 8.38549e-15
-8.06430e-15
 0.00000e+00
 0.00000e+00
-9.63355e-15
 2.65669e-15
-1.07684e-14
-1.46485e-14
 0.00000e+00
 0.00000e+00
-9.63355e-15
 2.65669e-15
-1.07684e-14
-1.46485e-14
 0.00000e+00
 0.00000e+00
-1.81468e-15
 6.70796e-15
-7.18067e-15
-2.58501e-15
 0.00000e+00
 0.00000e+00
-1.81468e-15
 6.70796e-15
-7.18067e-15
-2.58501e-15
 0.00000e+00
 0.00000e+00
 1.02057e-14
 1.50443e-14
-3.60944e-15
 1.51546e-14
 0.00000e+00
 0.00000e+00
 1.02057e-14
 1.50443e-14
-3.60944e-15
 1.51546e-14
 0.00000e+00
 0.00000e+00
-9.30164e-15
 4.69758e-15
-3.55808e-15
 5.57578e-15
 0.00000e+00
 0.00000e+00
-9.30164e-15
 4.69758e-15
-3.55808e-15
 5.57578e-15
 0.00000e+00
 0.00000e+00
-2.00145e-14
-9.09172e-15
-9.20881e-15
-1.17215e-14
 0.00000e+00
 0.00000e+00
-2.00145e-14
-9.09172e-15
-9.20881e-15
-1.17215e-14
 0.00000e+00
 0.00000e+00
 3.07507e-15
-4.21321e-15
-1.34983e-15
-7.20263e-15
 0.00000e+00
 0.00000e+00
 3.07507e-15
-4.21321e-15
-1.34983e-15
-7.20263e-15
 0.00000e+00
 0.00000e+00
 1.75854e-14
 4.11632e-15
 1.07118e-14
 4.99967e-15
 0.00000e+00
 0.00000e+00
 1.75854e-14
 4.11632e-15
 1.07118e-14
 4.99967e-15
 0.00000e+00
 0.00000e+00
-5.92127e-15
-6.99707e-15
-2.54371e-15
-9.06898e-15
 0.00000e+00
 0.00000e+00
-5.92127e-15
-6.99707e-15
-2.54371e-15
-9.06898e-15
 0.00000e+00
 0.00000e+00
-7.94991e-16
 8.76035e-16
 7.93311e-15
-3.26426e-15
 0.00000e+00
 0.00000e+00
-7.94991e-16
 8.76035e-16
 7.93311e-15
-3.26426e-15
 0.00000e+00
 0.00000e+00
 3.40168e-16
-1.87160e-15
 7.35740e-15
-7.82794e-16
 0.00000e+00
 0.00000e+00
 3.40168e-16
-1.87160e-15
 7.35740e-15
-7.82794e-16
 0.00000e+00
 0.00000e+00
 1.03839e-15
 3.17834e-15
 7.23000e-15
-2.44867e-15
 0.00000e+00
 0.00000e+00
 1.03839e-15
 3.17834e-15
 7.23000e-15
-2.44867e-15
 0.00000e+00
 0.00000e+00
 6.73805e-15
-7.29993e-15
 1.70637e-14
-6.94730e-15
 0.00000e+00
 0.00000e+00
 6.73805e-15
-7.29993e-15
 1.70637e-14
-6.94730e-15
 0.00000e+00
 0.00000e+00
 1.97271e-15
-2.88994e-15
 8.60450e-15
 8.81077e-15
 0.00000e+00
 0.00000e+00
 1.97271e-15
-2.88994e-15
 8.60450e-15
 8.81077e-15
 0.00000e+00
 0.00000e+00
 4.71330e-15
-3.91885e-15
 1.16598e-14
 2.16231e-14
 0.00000e+00
 0.00000e+00
 4.71330e-15
-3.91885e-15
 1.16598e-14
 2.16231e-14
 0.00000e+00
 0.00000e+00
 5.32669e-15
-4.09883e-15
 2.72135e-14
 1.90814e-14
 0.00000e+00
 0.00000e+00
 5.32669e-15
-4.09883e-15
 2.72135e-14
 1.90814e-14
 0.00000e+00
 0.00000e+00
 1.67021e-15
-6.33960e-15
 2.68064e-14
 2.41918e-14
 0.00000e+00
 0.00000e+00
 1.67021e-15
-6.33960e-15
 2.68064e-14
 2.41918e-14
 0.00000e+00
 0.00000e+00
 2.50911e-15
 1.42437e-15
 1.94660e-14
 3.21593e-14
 0.00000e+00
 0.00000e+00
 2.50911e-15
 1.42437e-15
 1.94660e-14
 3.21593e-14
 0.00000e+00
 0.00000e+00
 2.61293e-16
 8.74002e-15
 3.85434e-15
 3.75803e-14
 0.00000e+00
 0.00000e+00
 2.61293e-16
 8.74002e-15
 3.85434e-15
 3.75803e-14
 0.00000e+00
 0.00000e+00
 6.07695e-15
 4.79759e-16
-6.43420e-15
 3.56182e-14
 0.00000e+00
 0.00000e+00
 6.07695e-15
 4.79759e-16
-6.43420e-15
 3.56182e-14
 0.00000e+00
 0.00000e+00
 6.18872e-15
-1.62448e-14
-6.06357e-15
 2.13950e-15
 0.00000e+00
 0.00000e+00
 6.18872e-15
-1.62448e-14
-6.06357e-15
 2.13950e-15
 0.00000e+00
 0.00000e+00
 4.39314e-14
 4.17722e-14
 3.78130e-14
 3.23448e-14
 0.00000e+00
 0.00000e+00
 4.39314e-14
 4.17722e-14
 3.78130e-14
 3.23448e-14
 0.00000e+00
 0.00000e+00
-1.34361e-14
-2.03075e-14
-1.92442e-14
-1.85164e-14
 0.00000e+00
 0.00000e+00
-1.34361e-14
-2.03075e-14
-1.92442e-14
-1.85164e-14
 0.00000e+00
 0.00000e+00
-9.50845e-16
-3.45370e-14
 7.77807e-15
 8.57252e-15
 0.00000e+00
 0.00000e+00
-9.50845e-16
-3.45370e-14
 7.77807e-15
 8.57252e-15
 0.00000e+00
 0.00000e+00
 2.94384e-14
-2.45991e-15
 5.01895e-14
 6.76107e-14
 0.00000e+00
 0.00000e+00
 2.94384e-14
-2.45991e-15
 5.01895e-14
 6.76107e-14
 0.00000e+00
 0.00000e+00
-1.11301e-14
 3.67994e-14
 2.90011e-14
 5.65444e-14
 0.00000e+00
 0.00000e+00
-1.11301e-14
 3.67994e-14
 2.90011e-14
 5.65444e-14
 0.00000e+00
 0.00000e+00
-8.23239e-14
 7.60507e-14
-8.47535e-15
 3.79757e-14
 0.00000e+00
 0.00000e+00
-8.23239e-14
 7.60507e-14
-8.47535e-15
 3.79757e-14
 0.00000e+00
 0.00000e+00
-3.37112e-14
 1.03161e-13
 3.29835e-14
 9.33010e-14
 0.00000e+00
 0.00000e+00
-3.37112e-14
 1.03161e-13
 3.29835e-14
 9.33010e-14
 0.00000e+00
 0.00000e+00
 0.00000e+00
 0.00000e+00
 0.00000e+00
 0.00000e+00
 0.00000e+00
 0.00000e+00
 0.00000e+00
 0.00000e+00
 0.00000e+00
 0.00000e+00
 0.00000e+00
 0.00000e+00
 0.00000e+00
 0.00000e+00
 0.00000e+00
 0.00000e+00
 0.00000e+00
 0.00000e+00
 0.00000e+00
 0.00000e+00
 0.00000e+00
 0.00000e+00
 0.00000e+00
 0.00000e+00
 0.00000e+00
 0.00000e+00
 0.00000e+00
 0.00000e+00
 0.00000e+00
 0.00000e+00
 0.00000e+00
 0.00000e+00
 0.00000e+00
 0.00000e+00
 0.00000e+00
 0.00000e+00
 0.00000e+00
 0.00000e+00
 0.00000e+00
 0.00000e+00
 0.00000e+00
 0.00000e+00
 0.00000e+00
 0.00000e+00
 0.00000e+00
 0.00000e+00
 0.00000e+00
 0.00000e+00
 0.00000e+00
 0.00000e+00
 0.00000e+00
 0.00000e+00
 0.00000e+00
 0.00000e+00
 0.00000e+00
 0.00000e+00
 0.00000e+00
 0.00000e+00
 0.00000e+00
 0.00000e+00
 0.00000e+00
 0.00000e+00
 0.00000e+00
 0.00000e+00
 0.00000e+00
 0.00000e+00
 0.00000e+00
 0.00000e+00
 0.00000e+00
 0.00000e+00
 0.00000e+00
 0.00000e+00
 0.00000e+00
 0.00000e+00
 0.00000e+00
 0.00000e+00
 0.00000e+00
 0.00000e+00
 0.00000e+00
 0.00000e+00
 0.00000e+00
 0.00000e+00
 0.00000e+00
 0.00000e+00
 0.00000e+00
 0.00000e+00
 0.00000e+00
 0.00000e+00
 0.00000e+00
 0.00000e+00
 0.00000e+00
 0.00000e+00
 0.00000e+00
 0.00000e+00
 0.00000e+00
 0.00000e+00
 0.00000e+00
 0.00000e+00
 0.00000e+00
 0.00000e+00
 0.00000e+00
 0.00000e+00
 0.00000e+00
 0.00000e+00
 0.00000e+00
 0.00000e+00
 0.00000e+00
 0.00000e+00
 0.00000e+00
 0.00000e+00
 0.00000e+00
 0.00000e+00
 0.00000e+00
 0.00000e+00
 0.00000e+00
 0.00000e+00
 0.00000e+00
 0.00000e+00
 0.00000e+00
 0.00000e+00
 0.00000e+00
 0.00000e+00
 0.00000e+00
 0.00000e+00
 0.00000e+00
 0.00000e+00
 0.00000e+00
 0.00000e+00
 0.00000e+00
 0.00000e+00
 0.00000e+00
 0.00000e+00
 0.00000e+00
 0.00000e+00
 0.00000e+00
 0.00000e+00
 0.00000e+00
 0.00000e+00
 0.00000e+00
 0.00000e+00
 0.00000e+00
 0.00000e+00
 0.00000e+00
 0.00000e+00
 0.00000e+00
 0.00000e+00
 0.00000e+00
 0.00000e+00
 0.00000e+00
 0.00000e+00
 0.00000e+00
 0.00000e+00
 0.00000e+00
 0.00000e+00
 0.00000e+00
 0.00000e+00
 0.00000e+00
 0.00000e+00
 0.00000e+00
 0.00000e+00
 0.00000e+00
 0.00000e+00
 0.00000e+00
 0.00000e+00
 0.00000e+00
 0.00000e+00
 0.00000e+00
 0.00000e+00
 0.00000e+00
 0.00000e+00
 0.00000e+00
 0.00000e+00
 0.00000e+00
 0.00000e+00
 0.00000e+00
 0.00000e+00
 0.00000e+00
 0.00000e+00
 0.00000e+00
 0.00000e+00
 0.00000e+00
 0.00000e+00
 0.00000e+00
 0.00000e+00
 0.00000e+00
 0.00000e+00
 0.00000e+00
 0.00000e+00
 0.00000e+00
 0.00000e+00
 0.00000e+00
 0.00000e+00
 0.00000e+00
 0.00000e+00
 0.00000e+00
 0.00000e+00
 0.00000e+00
 0.00000e+00
 0.00000e+00
 0.00000e+00
 0.00000e+00
 0.00000e+00
 0.00000e+00
 0.00000e+00
 0.00000e+00
 0.00000e+00
 0.00000e+00
 0.00000e+00
 0.00000e+00
 0.00000e+00
 0.00000e+00
 0.00000e+00
 0.00000e+00
 0.00000e+00
 0.00000e+00
 0.00000e+00
 0.00000e+00
 0.00000e+00
 0.00000e+00
 0.00000e+00
 0.00000e+00
 0.00000e+00
 0.00000e+00
 0.00000e+00
 0.00000e+00
 0.00000e+00
 0.00000e+00
 0.00000e+00
 0.00000e+00
 0.00000e+00
 0.00000e+00
 0.00000e+00
 0.00000e+00
 0.00000e+00
 0.00000e+00
 0.00000e+00
 0.00000e+00
 0.00000e+00
 0.00000e+00
 0.00000e+00
 0.00000e+00
 0.00000e+00
 0.00000e+00
 0.00000e+00
 0.00000e+00
 0.00000e+00
 0.00000e+00
 0.00000e+00
 0.00000e+00
 0.00000e+00
 0.00000e+00
 0.00000e+00
 0.00000e+00
 0.00000e+00
 0.00000e+00
 0.00000e+00
 0.00000e+00
 0.00000e+00
 0.00000e+00
 0.00000e+00
 0.00000e+00
 0.00000e+00
 0.00000e+00
 0.00000e+00
 0.00000e+00
 0.00000e+00
 0.00000e+00
 0.00000e+00
 0.00000e+00
 0.00000e+00
 0.00000e+00
 0.00000e+00
 0.00000e+00
 0.00000e+00
 0.00000e+00
 0.00000e+00
 0.00000e+00
 0.00000e+00
 0.00000e+00
 0.00000e+00
 0.00000e+00
 0.00000e+00
 0.00000e+00
 0.00000e+00
 0.00000e+00
 0.00000e+00
 0.00000e+00
 0.00000e+00
 0.00000e+00
 0.00000e+00
 0.00000e+00
 0.00000e+00
 0.00000e+00
 0.00000e+00
 0.00000e+00
 0.00000e+00
 0.00000e+00
 0.00000e+00
 0.00000e+00
 0.00000e+00
 0.00000e+00
 0.00000e+00
 0.00000e+00
 0.00000e+00
 0.00000e+00
 0.00000e+00
 0.00000e+00
 0.00000e+00
 0.00000e+00
 0.00000e+00
 0.00000e+00
 0.00000e+00
 0.00000e+00
 0.00000e+00
 0.00000e+00
 0.00000e+00
 0.00000e+00
 0.00000e+00
 0.00000e+00
 0.00000e+00
 0.00000e+00
 0.00000e+00
 0.00000e+00
 0.00000e+00
 0.00000e+00
 0.00000e+00
 0.00000e+00
 0.00000e+00
 0.00000e+00
 0.00000e+00
 0.00000e+00
 0.00000e+00
 0.00000e+00
 0.00000e+00
 0.00000e+00
 0.00000e+00
 0.00000e+00
 0.00000e+00
 0.00000e+00
 0.00000e+00
 0.00000e+00
 0.00000e+00
 0.00000e+00
 0.00000e+00
 0.00000e+00
 0.00000e+00
 0.00000e+00
 0.00000e+00
 0.00000e+00
 0.00000e+00
 0.00000e+00
 0.00000e+00
 0.00000e+00
 0.00000e+00
 0.00000e+00
 0.00000e+00
 0.00000e+00
 0.00000e+00
 0.00000e+00
 0.00000e+00
 0.00000e+00
 0.00000e+00
 0.00000e+00
 0.00000e+00
 0.00000e+00
 0.00000e+00
 0.00000e+00
 0.00000e+00
 0.00000e+00
 0.00000e+00
 0.00000e+00
 0.00000e+00
 0.00000e+00
 0.00000e+00
 0.00000e+00
 0.00000e+00
 0.00000e+00
 0.00000e+00
 0.00000e+00
 0.00000e+00
 0.00000e+00
 0.00000e+00
 0.00000e+00
 0.00000e+00
 0.00000e+00
 0.00000e+00
 0.00000e+00
 0.00000e+00
 0.00000e+00
 0.00000e+00
 0.00000e+00
 0.00000e+00
 0.00000e+00
 0.00000e+00
 0.00000e+00
 0.00000e+00
 0.00000e+00
 0.00000e+00
 0.00000e+00
 0.00000e+00
 0.00000e+00
 0.00000e+00
 0.00000e+00
 0.00000e+00
 0.00000e+00
 0.00000e+00
 0.00000e+00
 0.00000e+00
 0.00000e+00
 0.00000e+00
 0.00000e+00
 0.00000e+00
 0.00000e+00
 0.00000e+00
 0.00000e+00
 0.00000e+00
 0.00000e+00
 0.00000e+00
 0.00000e+00
 0.00000e+00
 0.00000e+00
 0.00000e+00
 0.00000e+00
 0.00000e+00
 0.00000e+00
 0.00000e+00
 0.00000e+00
 0.00000e+00
 0.00000e+00
 0.00000e+00
 0.00000e+00
 0.00000e+00
 0.00000e+00
 0.00000e+00
 0.00000e+00
 0.00000e+00
 0.00000e+00
 0.00000e+00
 0.00000e+00
 0.00000e+00
 0.00000e+00
 0.00000e+00
 0.00000e+00
 0.00000e+00
 0.00000e+00
 0.00000e+00
 0.00000e+00
 0.00000e+00
 0.00000e+00
 0.00000e+00
 0.00000e+00
 0.00000e+00
 0.00000e+00
 0.00000e+00
 0.00000e+00
 0.00000e+00
 0.00000e+00
 0.00000e+00
 0.00000e+00
 0.00000e+00
 0.00000e+00
 0.00000e+00
 0.00000e+00
 0.00000e+00
 0.00000e+00
 0.00000e+00
 0.00000e+00
 0.00000e+00
 0.00000e+00
 0.00000e+00
 0.00000e+00
 0.00000e+00
 0.00000e+00
 0.00000e+00
 0.00000e+00
 0.00000e+00
 0.00000e+00
 0.00000e+00
 0.00000e+00
 0.00000e+00
 0.00000e+00
 0.00000e+00
 0.00000e+00
 0.00000e+00
 0.00000e+00
 0.00000e+00
 0.00000e+00
 0.00000e+00
 0.00000e+00
 0.00000e+00
 0.00000e+00
 0.00000e+00
 0.00000e+00
 0.00000e+00
 0.00000e+00
 0.00000e+00
 0.00000e+00
 0.00000e+00
 0.00000e+00
 0.00000e+00
 0.00000e+00
 0.00000e+00
 0.00000e+00
 0.00000e+00
 0.00000e+00
 0.00000e+00
 0.00000e+00
 0.00000e+00
 0.00000e+00
 0.00000e+00
 0.00000e+00
 0.00000e+00
 0.00000e+00
 0.00000e+00
 0.00000e+00
 0.00000e+00
 0.00000e+00
 0.00000e+00
 0.00000e+00
 0.00000e+00
 0.00000e+00
 0.00000e+00
 0.00000e+00
 0.00000e+00
 0.00000e+00
 0.00000e+00
 0.00000e+00
 0.00000e+00
 0.00000e+00
 0.00000e+00
 0.00000e+00
 0.00000e+00
 0.00000e+00
 0.00000e+00
 0.00000e+00
 0.00000e+00
 0.00000e+00
 0.00000e+00
 0.00000e+00
 0.00000e+00
 0.00000e+00
 0.00000e+00
 0.00000e+00
 0.00000e+00
 0.00000e+00
 0.00000e+00
 0.00000e+00
 0.00000e+00
 0.00000e+00
 0.00000e+00
 0.00000e+00
 0.00000e+00
 0.00000e+00
 0.00000e+00
 0.00000e+00
 0.00000e+00
 0.00000e+00
 0.00000e+00
 0.00000e+00
 0.00000e+00
 0.00000e+00
 0.00000e+00
 0.00000e+00
 0.00000e+00
 0.00000e+00
 0.00000e+00
 0.00000e+00
 0.00000e+00
 0.00000e+00
 0.00000e+00
 0.00000e+00
 0.00000e+00
 0.00000e+00
 0.00000e+00
 0.00000e+00
 0.00000e+00
 0.00000e+00
 0.00000e+00
 0.00000e+00
 0.00000e+00
 0.00000e+00
 0.00000e+00
 0.00000e+00
 0.00000e+00
 0.00000e+00
 0.00000e+00
 0.00000e+00
 0.00000e+00
 0.00000e+00
 0.00000e+00
 0.00000e+00
 0.00000e+00
 0.00000e+00
 0.00000e+00
 0.00000e+00
 0.00000e+00
 0.00000e+00
 0.00000e+00
 0.00000e+00
 0.00000e+00
 0.00000e+00
 0.00000e+00
 0.00000e+00
 0.00000e+00
 0.00000e+00
 0.00000e+00
 0.00000e+00
 0.00000e+00
 0.00000e+00
 0.00000e+00
 0.00000e+00
 0.00000e+00
 0.00000e+00
 0.00000e+00
 0.00000e+00
 0.00000e+00
 0.00000e+00
 0.00000e+00
 0.00000e+00
 0.00000e+00
 0.00000e+00
 0.00000e+00
 0.00000e+00
 0.00000e+00
 0.00000e+00
 0.00000e+00
 0.00000e+00
 0.00000e+00
 0.00000e+00
 0.00000e+00
 0.00000e+00
 0.00000e+00
 0.00000e+00
 0.00000e+00
 0.00000e+00
 0.00000e+00
 0.00000e+00
 0.00000e+00
 0.00000e+00
 0.00000e+00
 0.00000e+00
 0.00000e+00
 0.00000e+00
 0.00000e+00
 0.00000e+00
 0.00000e+00
 0.00000e+00
 0.00000e+00
 0.00000e+00
 0.00000e+00
 0.00000e+00
 0.00000e+00
 0.00000e+00
 0.00000e+00
 0.00000e+00
 0.00000e+00
 0.00000e+00
 0.00000e+00
 0.00000e+00
 0.00000e+00
 0.00000e+00
 0.00000e+00
 0.00000e+00
 0.00000e+00
 0.00000e+00
 0.00000e+00
 0.00000e+00
 0.00000e+00
 0.00000e+00
 0.00000e+00
 0.00000e+00
 0.00000e+00
 0.00000e+00
 0.00000e+00
 0.00000e+00
 0.00000e+00
 0.00000e+00
 0.00000e+00
 0.00000e+00
 0.00000e+00
 0.00000e+00
 0.00000e+00
 0.00000e+00
 0.00000e+00
 0.00000e+00
 0.00000e+00
 0.00000e+00
 0.00000e+00
 0.00000e+00
 0.00000e+00
 0.00000e+00
 0.00000e+00
 0.00000e+00
 0.00000e+00
 0.00000e+00
 0.00000e+00
 0.00000e+00
 0.00000e+00
 0.00000e+00
 0.00000e+00
 0.00000e+00
 0.00000e+00
 0.00000e+00
 0.00000e+00
 0.00000e+00
 0.00000e+00
 0.00000e+00
 0.00000e+00
 0.00000e+00
 0.00000e+00
 0.00000e+00
 0.00000e+00
 0.00000e+00
 0.00000e+00
 0.00000e+00
 0.00000e+00
 0.00000e+00
 0.00000e+00
 0.00000e+00
 0.00000e+00
 0.00000e+00
 0.00000e+00
 0.00000e+00
 0.00000e+00
 0.00000e+00
 0.00000e+00
 0.00000e+00
 0.00000e+00
 0.00000e+00
 0.00000e+00
 0.00000e+00
 0.00000e+00
 0.00000e+00
 0.00000e+00
 0.00000e+00
 0.00000e+00
 0.00000e+00
 0.00000e+00
 0.00000e+00
 0.00000e+00
 0.00000e+00
 0.00000e+00
 0.00000e+00
 0.00000e+00
 0.00000e+00
 0.00000e+00
 0.00000e+00
 0.00000e+00
 0.00000e+00
 0.00000e+00
 0.00000e+00
 0.00000e+00
 0.00000e+00
 0.00000e+00
 0.00000e+00
 0.00000e+00
 0.00000e+00
 0.00000e+00
 0.00000e+00
 0.00000e+00
 0.00000e+00
 0.00000e+00
 0.00000e+00
 0.00000e+00
 0.00000e+00
 0.00000e+00
 0.00000e+00
 0.00000e+00
 0.00000e+00
 0.00000e+00
 0.00000e+00
 0.00000e+00
 0.00000e+00
 0.00000e+00
 0.00000e+00
 0.00000e+00
 0.00000e+00
 0.00000e+00
 0.00000e+00
 0.00000e+00
 0.00000e+00
 0.00000e+00
 0.00000e+00
 0.00000e+00
 0.00000e+00
 0.00000e+00
 0.00000e+00
 0.00000e+00
 0.00000e+00
 0.00000e+00
 0.00000e+00
 0.00000e+00
 0.00000e+00
 0.00000e+00
 0.00000e+00
 0.00000e+00
 0.00000e+00
 0.00000e+00
 0.00000e+00
 0.00000e+00
 0.00000e+00
 0.00000e+00
 0.00000e+00
 0.00000e+00
 0.00000e+00
 0.00000e+00
 0.00000e+00
 0.00000e+00
 0.00000e+00
 0.00000e+00
 0.00000e+00
 0.00000e+00
 0.00000e+00
 0.00000e+00
 0.00000e+00
 0.00000e+00
 0.00000e+00
 0.00000e+00
 0.00000e+00
 0.00000e+00
 0.00000e+00
 0.00000e+00
 0.00000e+00
 0.00000e+00
 0.00000e+00
 0.00000e+00
 0.00000e+00
 0.00000e+00
 0.00000e+00
 0.00000e+00
 0.00000e+00
 0.00000e+00
 0.00000e+00
 0.00000e+00
 0.00000e+00
 0.00000e+00
 0.00000e+00
 0.00000e+00
 0.00000e+00
 0.00000e+00
 0.00000e+00
 0.00000e+00
 0.00000e+00
 0.00000e+00
 0.00000e+00
 0.00000e+00
 0.00000e+00
 0.00000e+00
 0.00000e+00
 0.00000e+00
 0.00000e+00
 0.00000e+00
 0.00000e+00
 0.00000e+00
 0.00000e+00
 0.00000e+00
 0.00000e+00
 0.00000e+00
 0.00000e+00
 0.00000e+00
 0.00000e+00
 0.00000e+00
 0.00000e+00
 0.00000e+00
 0.00000e+00
 0.00000e+00
 0.00000e+00
 0.00000e+00
 0.00000e+00
 0.00000e+00
 0.00000e+00
 0.00000e+00
 0.00000e+00
 0.00000e+00
 0.00000e+00
 0.00000e+00
 0.00000e+00
 0.00000e+00
 0.00000e+00
 0.00000e+00
 0.00000e+00
 0.00000e+00
 0.00000e+00
 0.00000e+00
 0.00000e+00
 0.00000e+00
 0.00000e+00
 0.00000e+00
 0.00000e+00
 0.00000e+00
 0.00000e+00
 0.00000e+00
 0.00000e+00
 0.00000e+00
 0.00000e+00
 0.00000e+00
 0.00000e+00
 0.00000e+00
 0.00000e+00
 0.00000e+00
 0.00000e+00
 0.00000e+00
 0.00000e+00
 0.00000e+00
 0.00000e+00
 0.00000e+00
 0.00000e+00
 0.00000e+00
 0.00000e+00
 0.00000e+00
 0.00000e+00
 0.00000e+00
 0.00000e+00
 0.00000e+00
 0.00000e+00
 0.00000e+00
 0.00000e+00
 0.00000e+00
 0.00000e+00
 0.00000e+00
 0.00000e+00
 0.00000e+00
 0.00000e+00
 0.00000e+00
 0.00000e+00
 0.00000e+00
 0.00000e+00
 0.00000e+00
 0.00000e+00
 0.00000e+00
 0.00000e+00
 0.00000e+00
 0.00000e+00
 0.00000e+00
 0.00000e+00
 0.00000e+00
 0.00000e+00
 0.00000e+00
 0.00000e+00
 0.00000e+00
 0.00000e+00
 0.00000e+00
 0.00000e+00
 0.00000e+00
 0.00000e+00
 0.00000e+00
 0.00000e+00
 0.00000e+00
 0.00000e+00
 0.00000e+00
 0.00000e+00
 0.00000e+00
 0.00000e+00
 0.00000e+00
 0.00000e+00
 0.00000e+00
 0.00000e+00
 0.00000e+00
 0.00000e+00
 0.00000e+00
 0.00000e+00
 0.00000e+00
 0.00000e+00
 0.00000e+00
 0.00000e+00
 0.00000e+00
 0.00000e+00
 0.00000e+00
 0.00000e+00
 0.00000e+00
 0.00000e+00
 0.00000e+00
 0.00000e+00
 0.00000e+00
 0.00000e+00
 0.00000e+00
 0.00000e+00
 0.00000e+00
 0.00000e+00
 0.00000e+00
 0.00000e+00
 0.00000e+00
 0.00000e+00
 0.00000e+00
 0.00000e+00
 0.00000e+00
 0.00000e+00
 0.00000e+00
 0.00000e+00
 0.00000e+00
 0.00000e+00
 0.00000e+00
 0.00000e+00
 0.00000e+00
 0.00000e+00
 0.00000e+00
 0.00000e+00
 0.00000e+00
 0.00000e+00
 0.00000e+00
 0.00000e+00
 0.00000e+00
 0.00000e+00
 0.00000e+00
 0.00000e+00
 0.00000e+00
 0.00000e+00
 0.00000e+00
 0.00000e+00
 0.00000e+00
 0.00000e+00
 0.00000e+00
 0.00000e+00
 0.00000e+00
 0.00000e+00
 0.00000e+00
 0.00000e+00
 0.00000e+00
 0.00000e+00
 0.00000e+00
 0.00000e+00
 0.00000e+00
 0.00000e+00
 0.00000e+00
 0.00000e+00
 0.00000e+00
 0.00000e+00
 0.00000e+00
 0.00000e+00
 0.00000e+00
 0.00000e+00
 0.00000e+00
 0.00000e+00
 0.00000e+00
 0.00000e+00
 0.00000e+00
 0.00000e+00
 0.00000e+00
 0.00000e+00
 0.00000e+00
 0.00000e+00
 0.00000e+00
 0.00000e+00
 0.00000e+00
 0.00000e+00
 0.00000e+00
 0.00000e+00
 0.00000e+00
 0.00000e+00
 0.00000e+00
 0.00000e+00
 0.00000e+00
 0.00000e+00
 0.00000e+00
 0.00000e+00
 0.00000e+00
 0.00000e+00
 0.00000e+00
 0.00000e+00
 0.00000e+00
 0.00000e+00
 0.00000e+00
 0.00000e+00
 0.00000e+00
 0.00000e+00
 0.00000e+00
 0.00000e+00
 0.00000e+00
 0.00000e+00
 0.00000e+00
 0.00000e+00
 0.00000e+00
 0.00000e+00
 0.00000e+00
 0.00000e+00
 0.00000e+00
 0.00000e+00
 0.00000e+00
 0.00000e+00
 0.00000e+00
 0.00000e+00
 0.00000e+00
 0.00000e+00
 0.00000e+00
 0.00000e+00
 0.00000e+00
 0.00000e+00
 0.00000e+00
 0.00000e+00
 0.00000e+00
 0.00000e+00
 0.00000e+00
 0.00000e+00
 0.00000e+00
 0.00000e+00
 0.00000e+00
 0.00000e+00
 0.00000e+00
 0.00000e+00
 0.00000e+00
 0.00000e+00
 0.00000e+00
 0.00000e+00
 0.00000e+00
 0.00000e+00
 0.00000e+00
 0.00000e+00
 0.00000e+00
 0.00000e+00
 0.00000e+00
 0.00000e+00
 0.00000e+00
 0.00000e+00
 0.00000e+00
 0.00000e+00
 0.00000e+00
 0.00000e+00
 0.00000e+00
 0.00000e+00
 0.00000e+00
 0.00000e+00
 0.00000e+00
 0.00000e+00
 0.00000e+00
 0.00000e+00
 0.00000e+00
 0.00000e+00
 0.00000e+00
 0.00000e+00
 0.00000e+00
 0.00000e+00
 0.00000e+00
 0.00000e+00
 0.00000e+00
 0.00000e+00
 0.00000e+00
 0.00000e+00
 0.00000e+00
 0.00000e+00
 0.00000e+00
 0.00000e+00
 0.00000e+00
 0.00000e+00
 0.00000e+00
 0.00000e+00
 0.00000e+00
 0.00000e+00
 0.00000e+00
 0.00000e+00
 0.00000e+00
 0.00000e+00
 0.00000e+00
 0.00000e+00
 0.00000e+00
 0.00000e+00
 0.00000e+00
 0.00000e+00
 0.00000e+00
 0.00000e+00
 0.00000e+00
 0.00000e+00
 0.00000e+00
 0.00000e+00
 0.00000e+00
 0.00000e+00
 0.00000e+00
 0.00000e+00
 0.00000e+00
 0.00000e+00
 0.00000e+00
 0.00000e+00
 0.00000e+00
 0.00000e+00
 0.00000e+00
 0.00000e+00
 0.00000e+00
 0.00000e+00
 0.00000e+00
 0.00000e+00
 0.00000e+00
 0.00000e+00
 0.00000e+00
 0.00000e+00
 0.00000e+00
 0.00000e+00
 0.00000e+00
 0.00000e+00
 0.00000e+00
 0.00000e+00
 0.00000e+00
 0.00000e+00
 0.00000e+00
 0.00000e+00
 0.00000e+00
 0.00000e+00
 0.00000e+00
 0.00000e+00
 0.00000e+00
 0.00000e+00
 0.00000e+00
 0.00000e+00
 0.00000e+00
 0.00000e+00
 0.00000e+00
 0.00000e+00
 0.00000e+00
 0.00000e+00
 0.00000e+00
 0.00000e+00
 0.00000e+00
 0.00000e+00
 0.00000e+00
 0.00000e+00
 0.00000e+00
 0.00000e+00
 0.00000e+00
 0.00000e+00
 0.00000e+00
 0.00000e+00
 0.00000e+00
 0.00000e+00
 0.00000e+00
 0.00000e+00
 0.00000e+00
 0.00000e+00
 0.00000e+00
 1.10724e-15
 3.32173e-15
-4.42898e-15
 0.00000e+00
 0.00000e+00
 0.00000e+00
 1.10724e-15
 3.32173e-15
-4.42898e-15
 0.00000e+00
 0.00000e+00
 0.00000e+00
 1.10724e-15
 3.32173e-15
-4.42898e-15
 0.00000e+00
 0.00000e+00
 0.00000e+00
 1.10724e-15
 3.32173e-15
-4.42898e-15
 0.00000e+00
 0.00000e+00
 0.00000e+00
 1.10724e-15
 3.32173e-15
-4.42898e-15
 0.00000e+00
 0.00000e+00
 0.00000e+00
 1.10724e-15
 3.32173e-15
-4.42898e-15
 0.00000e+00
 0.00000e+00
 0.00000e+00
 1.10724e-15
 3.32173e-15
-4.42898e-15
 0.00000e+00
 0.00000e+00
 0.00000e+00
 1.10724e-15
 3.32173e-15
-4.42898e-15
 0.00000e+00
 0.00000e+00
 0.00000e+00
 1.10724e-15
 3.32173e-15
-4.42898e-15
 0.00000e+00
 0.00000e+00
 0.00000e+00
 1.10724e-15
 3.32173e-15
-4.42898e-15
 0.00000e+00
 0.00000e+00
 0.00000e+00
 1.10724e-15
 3.32173e-15
-4.42898e-15
 0.00000e+00
 0.00000e+00
 0.00000e+00
 1.10724e-15
 3.32173e-15
-4.42898e-15
 0.00000e+00
 0.00000e+00
 0.00000e+00
 1.10724e-15
 3.32173e-15
-4.42898e-15
 0.00000e+00
 0.00000e+00
 0.00000e+00
 1.10724e-15
 3.32173e-15
-4.42898e-15
 0.00000e+00
 0.00000e+00
 0.00000e+00
 1.10724e-15
 3.32173e-15
-4.42898e-15
 0.00000e+00
 0.00000e+00
 0.00000e+00
 1.10724e-15
 3.32173e-15
-4.42898e-15
 0.00000e+00
 0.00000e+00
 0.00000e+00
 1.10724e-15
 3.32173e-15
-4.42898e-15
 0.00000e+00
 0.00000e+00
 0.00000e+00
 1.10724e-15
 3.32173e-15
-4.42898e-15
 0.00000e+00
 0.00000e+00
 0.00000e+00
 1.10724e-15
 3.32173e-15
-4.42898e-15
 0.00000e+00
 0.00000e+00
 0.00000e+00
 1.10724e-15
 3.32173e-15
-4.42898e-15
 0.00000e+00
 0.00000e+00
 0.00000e+00
 1.10724e-15
 3.32173e-15
-4.42898e-15
 0.00000e+00
 0.00000e+00
 0.00000e+00
 1.10724e-15
 3.32173e-15
-4.42898e-15
 0.00000e+00
 0.00000e+00
 0.00000e+00
 1.10724e-15
 3.32173e-15
-4.42898e-15
 0.00000e+00
 0.00000e+00
 0.00000e+00
 1.10724e-15
 3.32173e-15
-4.42898e-15
 0.00000e+00
 0.00000e+00
 0.00000e+00
 1.10724e-15
 3.32173e-15
-4.42898e-15
 0.00000e+00
 0.00000e+00
 0.00000e+00
 1.10724e-15
 3.32173e-15
-4.42898e-15
 0.00000e+00
 0.00000e+00
 0.00000e+00
 1.10724e-15
 3.32173e-15
-4.42898e-15
 0.00000e+00
 0.00000e+00
 0.00000e+00
 1.10724e-15
 3.32173e-15
-4.42898e-15
 0.00000e+00
 0.00000e+00
 0.00000e+00
 1.10724e-15
 3.32173e-15
-4.42898e-15
 0.00000e+00
 0.00000e+00
 0.00000e+00
 1.10724e-15
 3.32173e-15
-4.42898e-15
 0.00000e+00
 0.00000e+00
 0.00000e+00
 1.10724e-15
 3.32173e-15
-4.42898e-15
 0.00000e+00
 0.00000e+00
 0.00000e+00
 1.10724e-15
 3.32173e-15
-4.42898e-15
 0.00000e+00
 0.00000e+00
 0.00000e+00
 1.10724e-15
 3.32173e-15
-4.42898e-15
 0.00000e+00
 0.00000e+00
 0.00000e+00
 1.10724e-15
 3.32173e-15
-4.42898e-15
 0.00000e+00
 0.00000e+00
 0.00000e+00
 1.10724e-15
 3.32173e-15
-4.42898e-15
 0.00000e+00
 0.00000e+00
 0.00000e+00
 1.10724e-15
 3.32173e-15
-4.42898e-15
 0.00000e+00
 0.00000e+00
 0.00000e+00
 1.10724e-15
 3.32173e-15
-4.42898e-15
 0.00000e+00
 0.00000e+00
 0.00000e+00
 1.10724e-15
 3.32173e-15
-4.42898e-15
 0.00000e+00
 0.00000e+00
 0.00000e+00
 1.10724e-15
 3.32173e-15
-4.42898e-15
 0.00000e+00
 0.00000e+00
 0.00000e+00
 1.10724e-15
 3.32173e-15
-4.42898e-15
 0.00000e+00
 0.00000e+00
 0.00000e+00
 1.10724e-15
 3.32173e-15
-4.42898e-15
 0.00000e+00
 0.00000e+00
 0.00000e+00
 1.10724e-15
 3.32173e-15
-4.42898e-15
 0.00000e+00
 0.00000e+00
 0.00000e+00
 1.10724e-15
 3.32173e-15
-4.42898e-15
 0.00000e+00
 0.00000e+00
 0.00000e+00
 1.10724e-15
 3.32173e-15
-4.42898e-15
 0.00000e+00
 0.00000e+00
 0.00000e+00
 1.10724e-15
 3.32173e-15
-4.42898e-15
 0.00000e+00
 0.00000e+00
 0.00000e+00
 1.10724e-15
 3.32173e-15
-4.42898e-15
 6.00865e-15
 6.00756e-15
 6.06828e-15
 7.14950e-15
 9.36724e-15
 1.70761e-15
 6.00865e-15
 6.00756e-15
 6.06828e-15
 7.14950e-15
 9.36724e-15
 1.70761e-15
 5.14604e-13
 5.14186e-13
 5.14670e-13
 5.15492e-13
 5.17046e-13
 5.09819e-13
 5.14604e-13
 5.14186e-13
 5.14670e-13
 5.15492e-13
 5.17046e-13
 5.09819e-13
 8.09594e-12
 8.09666e-12
 8.09452e-12
 8.09668e-12
 8.10079e-12
 8.09099e-12
 8.09594e-12
 8.09666e-12
 8.09452e-12
 8.09668e-12
 8.10079e-12
 8.09099e-12
 1.11535e-10
 1.11534e-10
 1.11534e-10
 1.11532e-10
 1.11532e-10
 1.11527e-10
 1.11535e-10
 1.11534e-10
 1.11534e-10
 1.11532e-10
 1.11532e-10
 1.11527e-10
 1.39030e-09
 1.39030e-09
 1.39030e-09
 1.39030e-09
 1.39031e-09
 1.39030e-09
 1.39030e-09
 1.39030e-09
 1.39030e-09
 1.39030e-09
 1.39031e-09
 1.39030e-09
 1.55826e-08
 1.55826e-08
 1.55826e-08
 1.55826e-08
 1.55826e-08
 1.55826e-08
 1.55826e-08
 1.55826e-08
 1.55826e-08
 1.55826e-08
 1.55826e-08
 1.55826e-08
 1.55863e-07
 1.55863e-07
 1.55863e-07
 1.55863e-07
 1.55863e-07
 1.55863e-07
 1.55863e-07
 1.55863e-07
 1.55863e-07
 1.55863e-07
 1.55863e-07
 1.55863e-07
 1.37925e-06
 1.37925e-06
 1.37925e-06
 1.37925e-06
 1.37925e-06
 1.37925e-06
 1.37925e-06
 1.37925e-06
 1.37925e-06
 1.37925e-06
 1.37925e-06
 1.37925e-06
 1.06854e-05
 1.06854e-05
 1.06854e-05
 1.06854e-05
 1.06854e-05
 1.06854e-05
 1.06854e-05
 1.06854e-05
 1.06854e-05
 1.06854e-05
 1.06854e-05
 1.06854e-05
 7.15468e-05
 7.15468e-05
 7.15468e-05
 7.15468e-05
 7.15468e-05
 7.15468e-05
 7.15468e-05
 7.15468e-05
 7.15468e-05
 7.15468e-05
 7.15468e-05
 7.15468e-05
 4.07385e-04
 4.07385e-04
 4.07385e-04
 4.07385e-04
 4.07385e-04
 4.07385e-04
 4.07385e-04
 4.07385e-04
 4.07385e-04
 4.07385e-04
 4.07385e-04
 4.07385e-04
 1.93293e-03
 1.93293e-03
 1.93293e-03
 1.93293e-03
 1.93293e-03
 1.93293e-03
 1.93293e-03
 1.93293e-03
 1.93293e-03
 1.93293e-03
 1.93293e-03
 1.93293e-03
 7.46368e-03
 7.46368e-03
 7.46368e-03
 7.46368e-03
 7.46368e-03
 7.46368e-03
 7.46368e-03
 7.46368e-03
 7.46368e-03
 7.46368e-03
 7.46368e-03
 7.46368e-03
 2.29593e-02
 2.29593e-02
 2.29593e-02
 2.29593e-02
 2.29593e-02
 2.29593e-02
 2.29593e-02
 2.29593e-02
 2.29593e-02
 2.29593e-02
 2.29593e-02
 2.29593e-02
 5.59036e-02
 5.59036e-02
 5.59036e-02
 5.59036e-02
 5.59036e-02
 5.59036e-02
 5.59036e-02
 5.59036e-02
 5.59036e-02
 5.59036e-02
 5.59036e-02
 5.59036e-02
 1.09963e-01
 1.09963e-01
 1.09963e-01
 1.09963e-01
 1.09963e-01
 1.09963e-01
 1.09963e-01
 1.09963e-01
 1.09963e-01
 1.09963e-01
 1.09963e-01
 1.09963e-01
 1.82655e-01
 1.82655e-01
 1.82655e-01
 1.82655e-01
 1.82655e-01
 1.82655e-01
 1.82655e-01
 1.82655e-01
 1.82655e-01
 1.82655e-01
 1.82655e-01
 1.82655e-01
 2.69496e-01
 2.69496e-01
 2.69496e-01
 2.69496e-01
 2.69496e-01
 2.69496e-01
 2.69496e-01
 2.69496e-01
 2.69496e-01
 2.69496e-01
 2.69496e-01
 2.69496e-01
 3.67919e-01
 3.67919e-01
 3.67919e-01
 3.67919e-01
 3.67919e-01
 3.67919e-01
 3.67919e-01
 3.67919e-01
 3.67919e-01
 3.67919e-01
 3.67919e-01
 3.67919e-01
 4.77527e-01
 4.77527e-01
 4.77527e-01
 4.77527e-01
 4.77527e-01
 4.77527e-01
 4.77527e-01
 4.77527e-01
 4.77527e-01
 4.77527e-01
 4.77527e-01
 4.77527e-01
 5.98880e-01
 5.98880e-01
 5.98880e-01
 5.98880e-01
 5.98880e-01
 5.98880e-01
 5.98880e-01
 5.98880e-01
 5.98880e-01
 5.98880e-01
 5.98880e-01
 5.98880e-01
 7.31743e-01
 7.31743e-01
 7.31743e-01
 7.31743e-01
 7.31743e-01
 7.31743e-01
 7.31743e-01
 7.31743e-01
 7.31743e-01
 7.31743e-01
 7.31743e-01
 7.31743e-01
 8.69540e-01
 8.69540e-01
 8.69540e-01
 8.69540e-01
 8.69540e-01
 8.69540e-01
 8.69540e-01
 8.69540e-01
 8.69540e-01
 8.69540e-01
 8.69540e-01
 8.69540e-01
 9.75347e-01
 9.75347e-01
 9.75347e-01
 9.75347e-01
 9.75347e-01
 9.75347e-01
 9.75347e-01
 9.75347e-01
 9.75347e-01
 9.75347e-01
 9.75347e-01
 9.75347e-01
 9.61899e-01
 9.61899e-01
 9.61899e-01
 9.61899e-01
 9.61899e-01
 9.61899e-01
 9.61899e-01
 9.61899e-01
 9.61899e-01
 9.61899e-01
 9.61899e-01
 9.61899e-01
 9.41557e-01
 9.41557e-01
 9.41557e-01
 9.41557e-01
 9.41557e-01
 9.41557e-01
 9.41557e-01
 9.41557e-01
 9.41557e-01
 9.41557e-01
 9.41557e-01
 9.41557e-01
 9.30907e-01
 9.30907e-01
 9.30907e-01
 9.30907e-01
 9.30907e-01
 9.30907e-01
 9.30907e-01
 9.30907e-01
 9.30907e-01
 9.30907e-01
 9.30907e-01
 9.30907e-01
 9.30017e-01
 9.30017e-01
 9.30017e-01
 9.30017e-01
 9.30017e-01
 9.30017e-01
 9.30017e-01
 9.30017e-01
 9.30017e-01
 9.30017e-01
 9.30017e-01
 9.30017e-01
 9.29214e-01
 9.29214e-01
 9.29214e-01
 9.29214e-01
 9.29214e-01
 9.29214e-01
 9.29214e-01
 9.29214e-01
 9.29214e-01
 9.29214e-01
 9.29214e-01
 9.29214e-01
 9.28460e-01
 9.28460e-01
 9.28460e-01
 9.28460e-01
 9.28460e-01
 9.28460e-01
 9.28460e-01
 9.28460e-01
 9.28460e-01
 9.28460e-01
 9.28460e-01
 9.28460e-01
 9.27671e-01
 9.27671e-01
 9.27671e-01
 9.27671e-01
 9.27671e-01
 9.27671e-01
 9.27671e-01
 9.27671e-01
 9.27671e-01
 9.27671e-01
 9.27671e-01
 9.27671e-01
 9.26725e-01
 9.26725e-01
 9.26725e-01
 9.26725e-01
 9.26725e-01
 9.26725e-01
 9.26725e-01
 9.26725e-01
 9.26725e-01
 9.26725e-01
 9.26725e-01
 9.26725e-01
 9.25417e-01
 9.25417e-01
 9.25417e-01
 9.25417e-01
 9.25417e-01
 9.25417e-01
 9.25417e-01
 9.25417e-01
 9.25417e-01
 9.25417e-01
 9.25417e-01
 9.25417e-01
 9.23408e-01
 9.23408e-01
 9.23408e-01
 9.23408e-01
 9.23408e-01
 9.23408e-01
 9.23408e-01
 9.23408e-01
 9.23408e-01
 9.23408e-01
 9.23408e-01
 9.23408e-01
 9.20159e-01
 9.20159e-01
 9.20159e-01
 9.20159e-01
 9.20159e-01
 9.20159e-01
 9.20159e-01
 9.20159e-01
 9.20159e-01
 9.20159e-01
 9.20159e-01
 9.20159e-01
 9.14858e-01
 9.14858e-01
 9.14858e-01
 9.14858e-01
 9.14858e-01
 9.14858e-01
 9.14858e-01
 9.14858e-01
 9.14858e-01
 9.14858e-01
 9.14858e-01
 9.14858e-01
 9.06379e-01
 9.06379e-01
 9.06379e-01
 9.06379e-01
 9.06379e-01
 9.06379e-01
 9.06379e-01
 9.06379e-01
 9.06379e-01
 9.06379e-01
 9.06379e-01
 9.06379e-01
 8.93283e-01
 8.93283e-01
 8.93283e-01
 8.93283e-01
 8.93283e-01
 8.93283e-01
 8.93283e-01
 8.93283e-01
 8.93283e-01
 8.93283e-01
 8.93283e-01
 8.93283e-01
 8.73895e-01
 8.73895e-01
 8.73895e-01
 8.73895e-01
 8.73895e-01
 8.73895e-01
 8.73895e-01
 8.73895e-01
 8.73895e-01
 8.73895e-01
 8.73895e-01
 8.73895e-01
 8.46438e-01
 8.46438e-01
 8.46438e-01
 8.46438e-01
 8.46438e-01
 8.46438e-01
 8.46438e-01
 8.46438e-01
 8.46438e-01
 8.46438e-01
 8.46438e-01
 8.46438e-01
 8.09196e-01
 8.09196e-01
 8.09196e-01
 8.09196e-01
 8.09196e-01
 8.09196e-01
 8.09196e-01
 8.09196e-01
 8.09196e-01
 8.09196e-01
 8.09196e-01
 8.09196e-01
 7.60706e-01
 7.60706e-01
 7.60706e-01
 7.60706e-01
 7.60706e-01
 7.60706e-01
 7.60706e-01
 7.60706e-01
 7.60706e-01
 7.60706e-01
 7.60706e-01
 7.60706e-01
 6.99996e-01
 6.99996e-01
 6.99996e-01
 6.99996e-01
 6.99996e-01
 6.99996e-01
 6.99996e-01
 6.99996e-01
 6.99996e-01
 6.99996e-01
 6.99996e-01
 6.99996e-01
 6.26903e-01
 6.26903e-01
 6.26903e-01
 6.26903e-01
 6.26903e-01
 6.26903e-01
 6.26903e-01
 6.26903e-01
 6.26903e-01
 6.26903e-01
 6.26903e-01
 6.26903e-01
 5.42495e-01
 5.42495e-01
 5.42495e-01
 5.42495e-01
 5.42495e-01
 5.42495e-01
 5.42495e-01
 5.42495e-01
 5.42495e-01
 5.42495e-01
 5.42495e-01
 5.42495e-01
 4.49514e-01
 4.49514e-01
 4.49514e-01
 4.49514e-01
 4.49514e-01
 4.49514e-01
 4.49514e-01
 4.49514e-01
 4.49514e-01
 4.49514e-01
 4.49514e-01
 4.49514e-01
 3.52682e-01
 3.52682e-01
 3.52682e-01
 3.52682e-01
 3.52682e-01
 3.52682e-01
 3.52682e-01
 3.52682e-01
 3.52682e-01
 3.52682e-01
 3.52682e-01
 3.52682e-01
 2.58535e-01
 2.58535e-01
 2.58535e-01
 2.58535e-01
 2.58535e-01
 2.58535e-01
 2.58535e-01
 2.58535e-01
 2.58535e-01
 2.58535e-01
 2.58535e-01
 2.58535e-01
 1.74464e-01
 1.74464e-01
 1.74464e-01
 1.74464e-01
 1.74464e-01
 1.74464e-01
 1.74464e-01
 1.74464e-01
 1.74464e-01
 1.74464e-01
 1.74464e-01
 1.74464e-01
 1.06864e-01
 1.06864e-01
 1.06864e-01
 1.06864e-01
 1.06864e-01
 1.06864e-01
 1.06864e-01
 1.06864e-01
 1.06864e-01
 1.06864e-01
 1.06864e-01
 1.06864e-01
 5.89286e-02
 5.89286e-02
 5.89286e-02
 5.89286e-02
 5.89286e-02
 5.89286e-02
 5.89286e-02
 5.89286e-02
 5.89286e-02
 5.89286e-02
 5.89286e-02
 5.89286e-02
 2.93803e-02
 2.93803e-02
 2.93803e-02
 2.93803e-02
 2.93803e-02
 2.93803e-02
 2.93803e-02
 2.93803e-02
 2.93803e-02
 2.93803e-02
 2.93803e-02
 2.93803e-02
 1.34842e-02
 1.34842e-02
 1.34842e-02
 1.34842e-02
 1.34842e-02
 1.34842e-02
 1.34842e-02
 1.34842e-02
 1.34842e-02
 1.34842e-02
 1.34842e-02
 1.34842e-02
 5.82838e-03
 5.82838e-03
 5.82838e-03
 5.82838e-03
 5.82838e-03
 5.82838e-03
 5.82838e-03
 5.82838e-03
 5.82838e-03
 5.82838e-03
 5.82838e-03
 5.82838e-03
 2.41562e-03
 2.41562e-03
 2.41562e-03
 2.41562e-03
 2.41562e-03
 2.41562e-03
 2.41562e-03
 2.41562e-03
 2.41562e-03
 2.41562e-03
 2.41562e-03
 2.41562e-03
 9.70154e-04
 9.70154e-04
 9.70154e-04
 9.70154e-04
 9.70154e-04
 9.70154e-04
 9.70154e-04
 9.70154e-04
 9.70154e-04
 9.70154e-04
 9.70154e-04
 9.70154e-04
 3.79513e-04
 3.79513e-04
 3.79513e-04
 3.79513e-04
 3.79513e-04
 3.79513e-04
 3.79513e-04
 3.79513e-04
 3.79513e-04
 3.79513e-04
 3.79513e-04
 3.79513e-04
 1.44938e-04
 1.44938e-04
 1.44938e-04
 1.44938e-04
 1.44938e-04
 1.44938e-04
 1.44938e-04
 1.44938e-04
 1.44938e-04
 1.44938e-04
 1.44938e-04
 1.44938e-04
 5.40919e-05
 5.40919e-05
 5.40919e-05
 5.40919e-05
 5.40919e-05
 5.40919e-05
 5.40919e-05
 5.40919e-05
 5.40919e-05
 5.40919e-05
 5.40919e-05
 5.40919e-05
 1.97363e-05
 1.97363e-05
 1.97363e-05
 1.97363e-05
 1.97363e-05
 1.97363e-05
 1.97363e-05
 1.97363e-05
 1.97363e-05
 1.97363e-05
 1.97363e-05
 1.97363e-05
 7.04185e-06
 7.04185e-06
 7.04185e-06
 7.04185e-06
 7.04185e-06
 7.04185e-06
 7.04185e-06
 7.04185e-06
 7.04185e-06
 7.04185e-06
 7.04185e-06
 7.04185e-06
 2.45741e-06
 2.45741e-06
 2.45741e-06
 2.45741e-06
 2.45741e-06
 2.45741e-06
 2.45741e-06
 2.45741e-06
 2.45741e-06
 2.45741e-06
 2.45741e-06
 2.45741e-06
 8.38922e-07
 8.38922e-07
 8.38922e-07
 8.38922e-07
 8.38922e-07
 8.38922e-07
 8.38922e-07
 8.38922e-07
 8.38922e-07
 8.38922e-07
 8.38922e-07
 8.38922e-07
 2.80227e-07
 2.80227e-07
 2.80227e-07
 2.80227e-07
 2.80227e-07
 2.80227e-07
 2.80227e-07
 2.80227e-07
 2.80227e-07
 2.80227e-07
 2.80227e-07
 2.80227e-07
 9.16093e-08
 9.16093e-08
 9.16093e-08
 9.16093e-08
 9.16093e-08
 9.16093e-08
 9.16093e-08
 9.16093e-08
 9.16093e-08
 9.16093e-08
 9.16093e-08
 9.16093e-08
 2.93171e-08
 2.93171e-08
 2.93171e-08
 2.93171e-08
 2.93171e-08
 2.93171e-08
 2.93171e-08
 2.93171e-08
 2.93171e-08
 2.93171e-08
 2.93171e-08
 2.93171e-08
 9.18666e-09
 9.18667e-09
 9.18670e-09
 9.18671e-09
 9.18670e-09
 9.18670e-09
 9.18666e-09
 9.18667e-09
 9.18670e-09
 9.18671e-09
 9.18670e-09
 9.18670e-09
 2.81961e-09
 2.81960e-09
 2.81958e-09
 2.81956e-09
 2.81955e-09
 2.81955e-09
 2.81961e-09
 2.81960e-09
 2.81958e-09
 2.81956e-09
 2.81955e-09
 2.81955e-09
 8.47787e-10
 8.47811e-10
 8.47816e-10
 8.47797e-10
 8.47784e-10
 8.47769e-10
 8.47787e-10
 8.47811e-10
 8.47816e-10
 8.47797e-10
 8.47784e-10
 8.47769e-10
 2.49807e-10
 2.49807e-10
 2.49818e-10
 2.49858e-10
 2.49860e-10
 2.49824e-10
 2.49807e-10
 2.49807e-10
 2.49818e-10
 2.49858e-10
 2.49860e-10
 2.49824e-10
 7.20401e-11
 7.20418e-11
 7.20710e-11
 7.20810e-11
 7.20789e-11
 7.20891e-11
 7.20401e-11
 7.20418e-11
 7.20710e-11
 7.20810e-11
 7.20789e-11
 7.20891e-11
 2.03389e-11
 2.03248e-11
 2.02640e-11
 2.02249e-11
 2.02229e-11
 2.02065e-11
 2.03389e-11
 2.03248e-11
 2.02640e-11
 2.02249e-11
 2.02229e-11
 2.02065e-11
 5.65431e-12
 5.64068e-12
 5.59244e-12
 5.55391e-12
 5.56440e-12
 5.57501e-12
 5.65431e-12
 5.64068e-12
 5.59244e-12
 5.55391e-12
 5.56440e-12
 5.57501e-12
 1.19842e-12
 1.21592e-12
 1.27307e-12
 1.34376e-12
 1.41987e-12
 1.46071e-12
 1.19842e-12
 1.21592e-12
 1.27307e-12
 1.34376e-12
 1.41987e-12
 1.46071e-12
 4.35312e-13
 3.91774e-13
 4.56083e-13
 5.54737e-13
 5.42018e-13
 5.33104e-13
 4.35312e-13
 3.91774e-13
 4.56083e-13
 5.54737e-13
 5.42018e-13
 5.33104e-13
-1.93130e-13
-2.23399e-13
-2.64474e-13
-2.93624e-13
-2.97871e-13
-2.90387e-13
-1.93130e-13
-2.23399e-13
-2.64474e-13
-2.93624e-13
-2.97871e-13
-2.90387e-13
 0.00000e+00
 0.00000e+00
 0.00000e+00
 0.00000e+00
 0.00000e+00
 0.00000e+00
 0.00000e+00
 0.00000e+00
 0.00000e+00
 0.00000e+00
 0.00000e+00
 0.00000e+00
