1.0000000000000000E-03 -3.2999000000000001E-02
2.0000000000000000E-03 7.0899999999999991E-03
3.0000000000000001E-03 4.2338999999999988E-02
4.0000000000000001E-03 8.0085000000000003E-02
5.0000000000000001E-03 1.1643200000000001E-01
6.0000000000000001E-03 1.5805600000000000E-01
7.0000000000000001E-03 1.9756399999999996E-01
8.0000000000000002E-03 2.3643799999999998E-01
9.0000000000000011E-03 2.6947000000000004E-01
1.0000000000000002E-02 3.0553600000000003E-01
1.1000000000000003E-02 3.4230000000000005E-01
1.2000000000000004E-02 3.7570100000000012E-01
1.3000000000000005E-02 4.1283700000000007E-01
1.4000000000000005E-02 4.5241500000000012E-01
1.5000000000000006E-02 4.9041800000000008E-01
1.6000000000000007E-02 5.2813400000000010E-01
1.7000000000000008E-02 5.6509500000000001E-01
1.8000000000000009E-02 6.0391800000000007E-01
1.9000000000000010E-02 6.4283200000000007E-01
2.0000000000000011E-02 6.7941500000000010E-01
2.1000000000000012E-02 7.1760200000000007E-01
2.2000000000000013E-02 7.5666300000000009E-01
2.3000000000000013E-02 7.9550200000000004E-01
2.4000000000000014E-02 8.3352700000000002E-01
2.5000000000000015E-02 8.7094300000000002E-01
2.6000000000000016E-02 9.0702600000000011E-01
2.7000000000000017E-02 9.4848200000000016E-01
2.8000000000000018E-02 9.8131200000000018E-01
2.9000000000000019E-02 1.0130310000000002E+00
3.0000000000000020E-02 1.0504390000000003E+00
3.1000000000000021E-02 1.0915270000000001E+00
3.2000000000000021E-02 1.1301610000000002E+00
3.3000000000000022E-02 1.1671230000000001E+00
3.4000000000000023E-02 1.2026300000000003E+00
3.5000000000000024E-02 1.2445330000000003E+00
3.6000000000000025E-02 1.2817740000000004E+00
3.7000000000000026E-02 1.3180970000000003E+00
3.8000000000000027E-02 1.3547960000000003E+00
3.9000000000000028E-02 1.3936600000000006E+00
4.0000000000000029E-02 1.4324260000000004E+00
4.1000000000000029E-02 1.4704090000000005E+00
4.2000000000000030E-02 1.5075450000000004E+00
4.3000000000000031E-02 1.5437630000000004E+00
4.4000000000000032E-02 1.5850250000000006E+00
4.5000000000000033E-02 1.6225790000000007E+00
4.6000000000000034E-02 1.6586650000000007E+00
4.7000000000000035E-02 1.6961620000000006E+00
4.8000000000000036E-02 1.7362560000000009E+00
4.9000000000000037E-02 1.7720750000000007E+00
5.0000000000000037E-02 1.8244840000000009E+00
5.1000000000000038E-02 1.8566880000000010E+00
5.2000000000000039E-02 1.8884720000000010E+00
5.3000000000000040E-02 1.9232690000000008E+00
5.4000000000000041E-02 1.9589680000000009E+00
5.5000000000000042E-02 1.9966170000000012E+00
5.6000000000000043E-02 2.0323740000000012E+00
5.7000000000000044E-02 2.0684570000000013E+00
5.8000000000000045E-02 2.1038220000000014E+00
5.9000000000000045E-02 2.1397800000000013E+00
6.0000000000000046E-02 2.1767060000000016E+00
6.1000000000000047E-02 2.2146470000000011E+00
6.2000000000000048E-02 2.2498890000000014E+00
6.3000000000000042E-02 2.2863290000000016E+00
6.4000000000000043E-02 2.3224810000000016E+00
6.5000000000000044E-02 2.3584790000000013E+00
6.6000000000000045E-02 2.3938750000000018E+00
6.7000000000000046E-02 2.4331490000000016E+00
6.8000000000000047E-02 2.4705650000000015E+00
6.9000000000000047E-02 2.5049150000000018E+00
7.0000000000000048E-02 2.5399610000000017E+00
7.1000000000000049E-02 2.5761350000000016E+00
7.2000000000000050E-02 2.6143520000000020E+00
7.3000000000000051E-02 2.6494840000000019E+00
7.4000000000000052E-02 2.6862870000000019E+00
7.5000000000000053E-02 2.7215230000000021E+00
7.6000000000000054E-02 2.7575070000000022E+00
7.7000000000000055E-02 2.7926270000000022E+00
7.8000000000000055E-02 2.8283600000000026E+00
7.9000000000000056E-02 2.8667660000000024E+00
8.0000000000000057E-02 2.9036920000000026E+00
8.1000000000000058E-02 2.9388170000000029E+00
8.2000000000000059E-02 2.9744750000000026E+00
8.3000000000000060E-02 3.0101350000000027E+00
8.4000000000000061E-02 3.0489990000000025E+00
8.5000000000000062E-02 3.0843560000000028E+00
8.6000000000000063E-02 3.1193460000000028E+00
8.7000000000000063E-02 3.1555070000000027E+00
8.8000000000000064E-02 3.1933120000000028E+00
8.9000000000000065E-02 3.2279880000000030E+00
9.0000000000000066E-02 3.2634430000000028E+00
9.1000000000000067E-02 3.3009530000000029E+00
9.2000000000000068E-02 3.3370620000000031E+00
9.3000000000000069E-02 3.3723190000000027E+00
9.4000000000000070E-02 3.4090520000000026E+00
9.5000000000000070E-02 3.4439500000000027E+00
9.6000000000000071E-02 3.4812340000000028E+00
9.7000000000000072E-02 3.5231770000000027E+00
9.8000000000000073E-02 3.5586390000000026E+00
9.9000000000000074E-02 3.5965980000000024E+00
1.0000000000000007E-01 3.6417860000000024E+00
1.0100000000000008E-01 3.6793010000000024E+00
1.0200000000000008E-01 3.7171670000000026E+00
1.0300000000000008E-01 3.7544330000000024E+00
1.0400000000000008E-01 3.7906950000000021E+00
1.0500000000000008E-01 3.8316370000000020E+00
1.0600000000000008E-01 3.8680870000000018E+00
1.0700000000000008E-01 3.9043250000000018E+00
1.0800000000000008E-01 3.9412610000000017E+00
1.0900000000000008E-01 3.9825400000000020E+00
1.1000000000000008E-01 4.0229250000000016E+00
1.1100000000000008E-01 4.0604210000000016E+00
1.1200000000000009E-01 4.0974540000000017E+00
1.1300000000000009E-01 4.1378430000000019E+00
1.1400000000000009E-01 4.1764750000000008E+00
1.1500000000000009E-01 4.2149660000000013E+00
1.1600000000000009E-01 4.2516050000000014E+00
1.1700000000000009E-01 4.2924250000000006E+00
1.1800000000000009E-01 4.3307110000000000E+00
1.1900000000000009E-01 4.3685590000000003E+00
1.2000000000000009E-01 4.4059660000000003E+00
1.2100000000000009E-01 4.4473840000000004E+00
1.2200000000000009E-01 4.4855880000000008E+00
1.2300000000000010E-01 4.5246170000000010E+00
1.2400000000000010E-01 4.5629220000000013E+00
1.2500000000000008E-01 4.6039880000000011E+00
1.2600000000000008E-01 4.6426280000000002E+00
1.2700000000000009E-01 4.6796930000000003E+00
1.2800000000000009E-01 4.7163279999999999E+00
1.2900000000000009E-01 4.7574810000000003E+00
1.3000000000000009E-01 4.7977400000000010E+00
1.3100000000000009E-01 4.8353820000000010E+00
1.3200000000000009E-01 4.8764040000000008E+00
1.3300000000000009E-01 4.9151480000000003E+00
1.3400000000000009E-01 4.9540040000000003E+00
1.3500000000000009E-01 4.9934310000000002E+00
1.3600000000000009E-01 5.0353000000000003E+00
1.3700000000000009E-01 5.0741270000000007E+00
1.3800000000000009E-01 5.1136470000000003E+00
1.3900000000000010E-01 5.1542320000000004E+00
1.4000000000000010E-01 5.1932880000000008E+00
1.4100000000000010E-01 5.2314340000000001E+00
1.4200000000000010E-01 5.2700010000000006E+00
1.4300000000000010E-01 5.3127150000000007E+00
1.4400000000000010E-01 5.3530570000000006E+00
1.4500000000000010E-01 5.3922369999999997E+00
1.4600000000000010E-01 5.4347680000000000E+00
1.4700000000000010E-01 5.4745340000000002E+00
1.4800000000000010E-01 5.5141599999999995E+00
1.4900000000000010E-01 5.5565259999999999E+00
1.5000000000000011E-01 5.6029659999999994E+00
1.5100000000000011E-01 5.6410799999999988E+00
1.5200000000000011E-01 5.6832549999999999E+00
1.5300000000000011E-01 5.7234889999999989E+00
1.5400000000000011E-01 5.7627269999999990E+00
1.5500000000000011E-01 5.8062160000000000E+00
1.5600000000000011E-01 5.8411469999999994E+00
1.5700000000000011E-01 5.8760219999999999E+00
1.5800000000000011E-01 5.9096799999999989E+00
1.5900000000000011E-01 5.9464829999999989E+00
1.6000000000000011E-01 5.9953949999999994E+00
1.6100000000000012E-01 6.0303669999999991E+00
1.6200000000000012E-01 6.0648579999999992E+00
1.6300000000000012E-01 6.1012429999999984E+00
1.6400000000000012E-01 6.1365439999999989E+00
1.6500000000000012E-01 6.1705969999999990E+00
1.6600000000000012E-01 6.2052679999999985E+00
1.6700000000000012E-01 6.2409549999999987E+00
1.6800000000000012E-01 6.2762099999999990E+00
1.6900000000000012E-01 6.3106069999999983E+00
1.7000000000000012E-01 6.3443219999999991E+00
1.7100000000000012E-01 6.3802689999999993E+00
1.7200000000000013E-01 6.4156349999999991E+00
1.7300000000000013E-01 6.4497609999999987E+00
1.7400000000000013E-01 6.4849229999999984E+00
1.7500000000000013E-01 6.5200669999999983E+00
1.7600000000000013E-01 6.5580129999999990E+00
1.7700000000000013E-01 6.5947539999999991E+00
1.7800000000000013E-01 6.6303759999999992E+00
1.7900000000000013E-01 6.6660959999999987E+00
1.8000000000000013E-01 6.7005019999999993E+00
1.8100000000000013E-01 6.7356809999999987E+00
1.8200000000000013E-01 6.7719159999999992E+00
1.8300000000000013E-01 6.8119689999999995E+00
1.8400000000000014E-01 6.8515869999999994E+00
1.8500000000000014E-01 6.8933499999999990E+00
1.8600000000000014E-01 6.9324729999999990E+00
1.8700000000000014E-01 6.9768169999999987E+00
1.8800000000000014E-01 7.0157789999999984E+00
1.8900000000000014E-01 7.0549479999999987E+00
1.9000000000000014E-01 7.0976219999999985E+00
1.9100000000000014E-01 7.1382489999999992E+00
1.9200000000000014E-01 7.1769269999999992E+00
1.9300000000000014E-01 7.2200369999999996E+00
1.9400000000000014E-01 7.2595189999999992E+00
1.9500000000000015E-01 7.2985039999999994E+00
1.9600000000000015E-01 7.3436110000000001E+00
1.9700000000000015E-01 7.3839769999999998E+00
1.9800000000000015E-01 7.4240349999999999E+00
1.9900000000000015E-01 7.4677319999999998E+00
2.0000000000000015E-01 7.5145090000000003E+00
2.0100000000000015E-01 7.5569410000000001E+00
2.0200000000000015E-01 7.5959830000000004E+00
2.0300000000000015E-01 7.6346190000000007E+00
2.0400000000000015E-01 7.6779950000000010E+00
2.0500000000000015E-01 7.7176810000000007E+00
2.0600000000000016E-01 7.7562000000000015E+00
2.0700000000000016E-01 7.8012120000000005E+00
2.0800000000000016E-01 7.8419610000000004E+00
2.0900000000000016E-01 7.8850200000000008E+00
2.1000000000000016E-01 7.9252850000000006E+00
2.1100000000000016E-01 7.9651390000000006E+00
2.1200000000000016E-01 8.0071360000000009E+00
2.1300000000000016E-01 8.0470890000000015E+00
2.1400000000000016E-01 8.0910870000000017E+00
2.1500000000000016E-01 8.1350930000000012E+00
2.1600000000000016E-01 8.1790690000000001E+00
2.1700000000000016E-01 8.2190530000000006E+00
2.1800000000000017E-01 8.2630300000000005E+00
2.1900000000000017E-01 8.3070210000000007E+00
2.2000000000000017E-01 8.3470100000000009E+00
2.2100000000000017E-01 8.3938260000000025E+00
2.2200000000000017E-01 8.4346640000000015E+00
2.2300000000000017E-01 8.4746250000000014E+00
2.2400000000000017E-01 8.5193890000000021E+00
2.2500000000000017E-01 8.5586090000000024E+00
2.2600000000000017E-01 8.5983630000000009E+00
2.2700000000000017E-01 8.6425410000000014E+00
2.2800000000000017E-01 8.6837690000000016E+00
2.2900000000000018E-01 8.7280010000000026E+00
2.3000000000000018E-01 8.7693620000000010E+00
2.3100000000000018E-01 8.8092750000000013E+00
2.3200000000000018E-01 8.8524930000000008E+00
2.3300000000000018E-01 8.8949670000000012E+00
2.3400000000000018E-01 8.9392070000000015E+00
2.3500000000000018E-01 8.9801490000000008E+00
2.3600000000000018E-01 9.0218120000000006E+00
2.3700000000000018E-01 9.0660919999999994E+00
2.3800000000000018E-01 9.1056769999999982E+00
2.3900000000000018E-01 9.1496109999999984E+00
2.4000000000000019E-01 9.1935829999999967E+00
2.4100000000000019E-01 9.2375699999999981E+00
2.4200000000000019E-01 9.2775739999999978E+00
2.4300000000000019E-01 9.3215129999999977E+00
2.4400000000000019E-01 9.3654219999999970E+00
2.4500000000000019E-01 9.4080469999999981E+00
2.4600000000000019E-01 9.4489269999999976E+00
2.4700000000000019E-01 9.4872509999999970E+00
2.4800000000000019E-01 9.5250559999999975E+00
2.4900000000000019E-01 9.5663069999999983E+00
2.5000000000000017E-01 9.6140359999999987E+00
2.5100000000000017E-01 9.6550009999999986E+00
2.5200000000000017E-01 9.6948929999999987E+00
2.5300000000000017E-01 9.7343429999999973E+00
2.5400000000000017E-01 9.7781469999999970E+00
2.5500000000000017E-01 9.8187329999999982E+00
2.5600000000000017E-01 9.8587289999999967E+00
2.5700000000000017E-01 9.9021949999999972E+00
2.5800000000000017E-01 9.9434659999999973E+00
2.5900000000000017E-01 9.9864029999999975E+00
2.6000000000000018E-01 1.0030441999999997E+01
2.6100000000000018E-01 1.0070767999999997E+01
2.6200000000000018E-01 1.0111842999999997E+01
2.6300000000000018E-01 1.0158618999999996E+01
2.6400000000000018E-01 1.0199805999999995E+01
2.6500000000000018E-01 1.0243795999999996E+01
2.6600000000000018E-01 1.0285346999999996E+01
2.6700000000000018E-01 1.0328720999999996E+01
2.6800000000000018E-01 1.0373350999999996E+01
2.6900000000000018E-01 1.0413780999999997E+01
2.7000000000000018E-01 1.0457461999999998E+01
2.7100000000000019E-01 1.0499361999999998E+01
2.7200000000000019E-01 1.0539808999999998E+01
2.7300000000000019E-01 1.0584343999999996E+01
2.7400000000000019E-01 1.0626010999999997E+01
2.7500000000000019E-01 1.0667817999999997E+01
2.7600000000000019E-01 1.0714969999999997E+01
2.7700000000000019E-01 1.0756226999999999E+01
2.7800000000000019E-01 1.0802137999999999E+01
2.7900000000000019E-01 1.0844707000000000E+01
2.8000000000000019E-01 1.0885225999999999E+01
2.8100000000000019E-01 1.0929962999999999E+01
2.8200000000000019E-01 1.0971833000000000E+01
2.8300000000000020E-01 1.1015444000000000E+01
2.8400000000000020E-01 1.1057885000000001E+01
2.8500000000000020E-01 1.1099086000000000E+01
2.8600000000000020E-01 1.1143514000000001E+01
2.8700000000000020E-01 1.1186014000000000E+01
2.8800000000000020E-01 1.1230541000000002E+01
2.8900000000000020E-01 1.1272941000000003E+01
2.9000000000000020E-01 1.1315566000000002E+01
2.9100000000000020E-01 1.1360372000000002E+01
2.9200000000000020E-01 1.1401167000000003E+01
2.9300000000000020E-01 1.1445757000000002E+01
2.9400000000000021E-01 1.1487542000000003E+01
2.9500000000000021E-01 1.1529599000000003E+01
2.9600000000000021E-01 1.1574360000000004E+01
2.9700000000000021E-01 1.1617663000000002E+01
2.9800000000000021E-01 1.1662255000000002E+01
2.9900000000000021E-01 1.1708359000000002E+01
3.0000000000000021E-01 1.1759010000000002E+01
3.0100000000000021E-01 1.1801729000000000E+01
3.0200000000000021E-01 1.1845494000000000E+01
3.0300000000000021E-01 1.1886573000000000E+01
3.0400000000000021E-01 1.1929828000000001E+01
3.0500000000000022E-01 1.1974411000000002E+01
3.0600000000000022E-01 1.2016306000000002E+01
3.0700000000000022E-01 1.2057916000000002E+01
3.0800000000000022E-01 1.2104159000000003E+01
3.0900000000000022E-01 1.2145053000000003E+01
3.1000000000000022E-01 1.2189894000000002E+01
3.1100000000000022E-01 1.2231880000000002E+01
3.1200000000000022E-01 1.2273180000000002E+01
3.1300000000000022E-01 1.2318301000000002E+01
3.1400000000000022E-01 1.2360841000000001E+01
3.1500000000000022E-01 1.2403519000000001E+01
3.1600000000000023E-01 1.2448463000000000E+01
3.1700000000000023E-01 1.2490368000000000E+01
3.1800000000000023E-01 1.2535196000000001E+01
3.1900000000000023E-01 1.2578214000000001E+01
3.2000000000000023E-01 1.2622931000000001E+01
3.2100000000000023E-01 1.2668030999999999E+01
3.2200000000000023E-01 1.2713621999999999E+01
3.2300000000000023E-01 1.2756561999999999E+01
3.2400000000000023E-01 1.2798672999999999E+01
3.2500000000000023E-01 1.2843309999999999E+01
3.2600000000000023E-01 1.2886418999999998E+01
3.2700000000000023E-01 1.2932463999999998E+01
3.2800000000000024E-01 1.2975451999999999E+01
3.2900000000000024E-01 1.3016767999999997E+01
3.3000000000000024E-01 1.3063530999999999E+01
3.3100000000000024E-01 1.3104792999999999E+01
3.3200000000000024E-01 1.3149307000000000E+01
3.3300000000000024E-01 1.3192971000000000E+01
3.3400000000000024E-01 1.3238049000000000E+01
3.3500000000000024E-01 1.3279635000000001E+01
3.3600000000000024E-01 1.3323620999999999E+01
3.3700000000000024E-01 1.3370041000000001E+01
3.3800000000000024E-01 1.3412001000000000E+01
3.3900000000000025E-01 1.3457151999999999E+01
3.4000000000000025E-01 1.3500482000000000E+01
3.4100000000000025E-01 1.3545285000000000E+01
3.4200000000000025E-01 1.3587503999999999E+01
3.4300000000000025E-01 1.3632365999999999E+01
3.4400000000000025E-01 1.3679665999999997E+01
3.4500000000000025E-01 1.3722199999999997E+01
3.4600000000000025E-01 1.3767155999999998E+01
3.4700000000000025E-01 1.3810298999999997E+01
3.4800000000000025E-01 1.3855136999999997E+01
3.4900000000000025E-01 1.3896973999999998E+01
3.5000000000000026E-01 1.3950636999999999E+01
3.5100000000000026E-01 1.3993154999999998E+01
3.5200000000000026E-01 1.4038935999999998E+01
3.5300000000000026E-01 1.4081013999999998E+01
3.5400000000000026E-01 1.4122371999999999E+01
3.5500000000000026E-01 1.4168256999999999E+01
3.5600000000000026E-01 1.4210157999999998E+01
3.5700000000000026E-01 1.4256084999999997E+01
3.5800000000000026E-01 1.4298341999999998E+01
3.5900000000000026E-01 1.4341720999999998E+01
3.6000000000000026E-01 1.4387907999999998E+01
3.6100000000000027E-01 1.4431465999999999E+01
3.6200000000000027E-01 1.4477665999999997E+01
3.6300000000000027E-01 1.4520620999999998E+01
3.6400000000000027E-01 1.4566867999999998E+01
3.6500000000000027E-01 1.4612079999999999E+01
3.6600000000000027E-01 1.4655632999999998E+01
3.6700000000000027E-01 1.4696784999999998E+01
3.6800000000000027E-01 1.4736510999999998E+01
3.6900000000000027E-01 1.4779581000000000E+01
3.7000000000000027E-01 1.4822141999999999E+01
3.7100000000000027E-01 1.4865096999999999E+01
3.7200000000000027E-01 1.4910729000000000E+01
3.7300000000000028E-01 1.4953740000000000E+01
3.7400000000000028E-01 1.4998643999999999E+01
3.7500000000000028E-01 1.5042292999999999E+01
3.7600000000000028E-01 1.5087076999999999E+01
3.7700000000000028E-01 1.5130402000000000E+01
3.7800000000000028E-01 1.5172255999999999E+01
3.7900000000000028E-01 1.5217563999999999E+01
3.8000000000000028E-01 1.5260093999999999E+01
3.8100000000000028E-01 1.5304840999999998E+01
3.8200000000000028E-01 1.5348396999999999E+01
3.8300000000000028E-01 1.5389268999999999E+01
3.8400000000000029E-01 1.5433807999999997E+01
3.8500000000000029E-01 1.5476245999999998E+01
3.8600000000000029E-01 1.5520699999999998E+01
3.8700000000000029E-01 1.5563594999999999E+01
3.8800000000000029E-01 1.5627260000000000E+01
3.8900000000000029E-01 1.5663859999999998E+01
3.9000000000000029E-01 1.5705730999999998E+01
3.9100000000000029E-01 1.5747214000000000E+01
3.9200000000000029E-01 1.5791784999999999E+01
3.9300000000000029E-01 1.5833168999999998E+01
3.9400000000000029E-01 1.5878696000000000E+01
3.9500000000000030E-01 1.5919693000000001E+01
3.9600000000000030E-01 1.5960595000000001E+01
3.9700000000000030E-01 1.6006234000000003E+01
3.9800000000000030E-01 1.6047204000000001E+01
3.9900000000000030E-01 1.6091679000000003E+01
4.0000000000000030E-01 1.6141353000000002E+01
4.0100000000000030E-01 1.6186453000000000E+01
4.0200000000000030E-01 1.6228828000000000E+01
4.0300000000000030E-01 1.6274052000000001E+01
4.0400000000000030E-01 1.6317010000000000E+01
4.0500000000000030E-01 1.6359020000000001E+01
4.0600000000000031E-01 1.6404927000000004E+01
4.0700000000000031E-01 1.6447674000000003E+01
4.0800000000000031E-01 1.6494254000000005E+01
4.0900000000000031E-01 1.6537812000000002E+01
4.1000000000000031E-01 1.6596409000000005E+01
4.1100000000000031E-01 1.6633359000000006E+01
4.1200000000000031E-01 1.6669885000000008E+01
4.1300000000000031E-01 1.6705758000000007E+01
4.1400000000000031E-01 1.6742513000000006E+01
4.1500000000000031E-01 1.6779481000000004E+01
4.1600000000000031E-01 1.6815848000000006E+01
4.1700000000000031E-01 1.6853723000000006E+01
4.1800000000000032E-01 1.6890686000000006E+01
4.1900000000000032E-01 1.6926583000000008E+01
4.2000000000000032E-01 1.6963422000000008E+01
4.2100000000000032E-01 1.7001695000000012E+01
4.2200000000000032E-01 1.7038703000000012E+01
4.2300000000000032E-01 1.7075996000000011E+01
4.2400000000000032E-01 1.7113554000000011E+01
4.2500000000000032E-01 1.7149716000000012E+01
4.2600000000000032E-01 1.7187290000000015E+01
4.2700000000000032E-01 1.7225000000000016E+01
4.2800000000000032E-01 1.7261221000000013E+01
4.2900000000000033E-01 1.7298507000000015E+01
4.3000000000000033E-01 1.7336795000000016E+01
4.3100000000000033E-01 1.7373439000000015E+01
4.3200000000000033E-01 1.7414933000000016E+01
4.3300000000000033E-01 1.7460628000000014E+01
4.3400000000000033E-01 1.7503485000000016E+01
4.3500000000000033E-01 1.7545636000000016E+01
4.3600000000000033E-01 1.7591243000000016E+01
4.3700000000000033E-01 1.7634210000000017E+01
4.3800000000000033E-01 1.7678222000000016E+01
4.3900000000000033E-01 1.7720460000000013E+01
4.4000000000000034E-01 1.7762418000000011E+01
4.4100000000000034E-01 1.7810182000000012E+01
4.4200000000000034E-01 1.7852415000000011E+01
4.4300000000000034E-01 1.7895045000000014E+01
4.4400000000000034E-01 1.7936488000000011E+01
4.4500000000000034E-01 1.7978769000000010E+01
4.4600000000000034E-01 1.8036914000000010E+01
4.4700000000000034E-01 1.8081320000000009E+01
4.4800000000000034E-01 1.8123253000000009E+01
4.4900000000000034E-01 1.8163845000000006E+01
4.5000000000000034E-01 1.8214408000000009E+01
4.5100000000000035E-01 1.8254933000000008E+01
4.5200000000000035E-01 1.8297269000000007E+01
4.5300000000000035E-01 1.8338462000000010E+01
4.5400000000000035E-01 1.8381085000000009E+01
4.5500000000000035E-01 1.8424985000000010E+01
4.5600000000000035E-01 1.8467195000000011E+01
4.5700000000000035E-01 1.8511956000000012E+01
4.5800000000000035E-01 1.8554260000000014E+01
4.5900000000000035E-01 1.8595811000000015E+01
4.6000000000000035E-01 1.8642556000000013E+01
4.6100000000000035E-01 1.8687229000000016E+01
4.6200000000000035E-01 1.8734707000000014E+01
4.6300000000000036E-01 1.8776723000000015E+01
4.6400000000000036E-01 1.8823010000000014E+01
4.6500000000000036E-01 1.8898913000000018E+01
4.6600000000000036E-01 1.8946048000000019E+01
4.6700000000000036E-01 1.8989648000000017E+01
4.6800000000000036E-01 1.9035816000000018E+01
4.6900000000000036E-01 1.9080683000000018E+01
4.7000000000000036E-01 1.9121788000000020E+01
4.7100000000000036E-01 1.9168231000000020E+01
4.7200000000000036E-01 1.9211839000000023E+01
4.7300000000000036E-01 1.9257978000000023E+01
4.7400000000000037E-01 1.9301413000000025E+01
4.7500000000000037E-01 1.9351226000000025E+01
4.7600000000000037E-01 1.9393021000000022E+01
4.7700000000000037E-01 1.9438387000000024E+01
4.7800000000000037E-01 1.9481489000000025E+01
4.7900000000000037E-01 1.9527522000000022E+01
4.8000000000000037E-01 1.9570806000000026E+01
4.8100000000000037E-01 1.9618178000000025E+01
4.8200000000000037E-01 1.9662450000000025E+01
4.8300000000000037E-01 1.9705281000000024E+01
4.8400000000000037E-01 1.9751859000000024E+01
4.8500000000000038E-01 1.9796142000000025E+01
4.8600000000000038E-01 1.9841882000000023E+01
4.8700000000000038E-01 1.9885496000000025E+01
4.8800000000000038E-01 1.9932090000000027E+01
4.8900000000000038E-01 1.9975062000000026E+01
4.9000000000000038E-01 2.0020811000000023E+01
4.9100000000000038E-01 2.0063775000000025E+01
4.9200000000000038E-01 2.0109793000000025E+01
4.9300000000000038E-01 2.0152672000000024E+01
4.9400000000000038E-01 2.0196439000000023E+01
4.9500000000000038E-01 2.0242563000000022E+01
4.9600000000000039E-01 2.0285675000000023E+01
4.9700000000000039E-01 2.0334606000000022E+01
4.9800000000000039E-01 2.0378523000000019E+01
4.9900000000000039E-01 2.0424163000000021E+01
5.0000000000000033E-01 2.0475324000000018E+01
5.0100000000000033E-01 2.0522743000000020E+01
5.0200000000000033E-01 2.0570742000000021E+01
5.0300000000000034E-01 2.0621031000000023E+01
5.0400000000000034E-01 2.0665135000000021E+01
5.0500000000000034E-01 2.0713608000000022E+01
5.0600000000000034E-01 2.0757515000000023E+01
5.0700000000000034E-01 2.0804196000000022E+01
5.0800000000000034E-01 2.0848602000000025E+01
5.0900000000000034E-01 2.0895250000000022E+01
5.1000000000000034E-01 2.0940135000000023E+01
5.1100000000000034E-01 2.0987606000000024E+01
5.1200000000000034E-01 2.1030505000000026E+01
5.1300000000000034E-01 2.1076696000000023E+01
5.1400000000000035E-01 2.1121975000000024E+01
5.1500000000000035E-01 2.1168606000000025E+01
5.1600000000000035E-01 2.1213047000000024E+01
5.1700000000000035E-01 2.1255747000000028E+01
5.1800000000000035E-01 2.1305423000000026E+01
5.1900000000000035E-01 2.1347907000000028E+01
5.2000000000000035E-01 2.1395742000000027E+01
5.2100000000000035E-01 2.1440033000000028E+01
5.2200000000000035E-01 2.1486569000000028E+01
5.2300000000000035E-01 2.1530354000000028E+01
5.2400000000000035E-01 2.1577707000000025E+01
5.2500000000000036E-01 2.1620657000000023E+01
5.2600000000000036E-01 2.1668255000000023E+01
5.2700000000000036E-01 2.1710932000000025E+01
5.2800000000000036E-01 2.1758333000000022E+01
5.2900000000000036E-01 2.1802425000000024E+01
5.3000000000000036E-01 2.1849001000000023E+01
5.3100000000000036E-01 2.1892733000000025E+01
5.3200000000000036E-01 2.1940081000000021E+01
5.3300000000000036E-01 2.1982964000000020E+01
5.3400000000000036E-01 2.2029550000000022E+01
5.3500000000000036E-01 2.2074668000000020E+01
5.3600000000000037E-01 2.2121503000000018E+01
5.3700000000000037E-01 2.2165848000000018E+01
5.3800000000000037E-01 2.2208042000000017E+01
5.3900000000000037E-01 2.2256411000000018E+01
5.4000000000000037E-01 2.2298814000000018E+01
5.4100000000000037E-01 2.2344683000000018E+01
5.4200000000000037E-01 2.2388592000000017E+01
5.4300000000000037E-01 2.2434568000000016E+01
5.4400000000000037E-01 2.2476824000000015E+01
5.4500000000000037E-01 2.2521191000000016E+01
5.4600000000000037E-01 2.2563521000000016E+01
5.4700000000000037E-01 2.2604919000000017E+01
5.4800000000000038E-01 2.2651170000000015E+01
5.4900000000000038E-01 2.2691624000000019E+01
5.5000000000000038E-01 2.2742808000000018E+01
5.5100000000000038E-01 2.2787148000000016E+01
5.5200000000000038E-01 2.2834168000000016E+01
5.5300000000000038E-01 2.2880822000000016E+01
5.5400000000000038E-01 2.2932358000000018E+01
5.5500000000000038E-01 2.2982809000000021E+01
5.5600000000000038E-01 2.3032858000000019E+01
5.5700000000000038E-01 2.3080409000000021E+01
5.5800000000000038E-01 2.3132293000000018E+01
5.5900000000000039E-01 2.3184236000000016E+01
5.6000000000000039E-01 2.3237196000000019E+01
5.6100000000000039E-01 2.3288473000000018E+01
5.6200000000000039E-01 2.3339402000000021E+01
5.6300000000000039E-01 2.3394125000000020E+01
5.6400000000000039E-01 2.3448151000000021E+01
5.6500000000000039E-01 2.3497182000000020E+01
5.6600000000000039E-01 2.3550103000000021E+01
5.6700000000000039E-01 2.3605027000000021E+01
5.6800000000000039E-01 2.3653176000000020E+01
5.6900000000000039E-01 2.3705220000000022E+01
5.7000000000000040E-01 2.3758618000000023E+01
5.7100000000000040E-01 2.3809157000000024E+01
5.7200000000000040E-01 2.3860805000000024E+01
5.7300000000000040E-01 2.3913932000000024E+01
5.7400000000000040E-01 2.3963811000000025E+01
5.7500000000000040E-01 2.4018618000000025E+01
5.7600000000000040E-01 2.4070063000000026E+01
5.7700000000000040E-01 2.4118879000000025E+01
5.7800000000000040E-01 2.4171885000000024E+01
5.7900000000000040E-01 2.4228320000000025E+01
5.8000000000000040E-01 2.4282100000000028E+01
5.8100000000000041E-01 2.4331546000000024E+01
5.8200000000000041E-01 2.4383942000000022E+01
5.8300000000000041E-01 2.4431189000000025E+01
5.8400000000000041E-01 2.4486847000000026E+01
5.8500000000000041E-01 2.4539302000000024E+01
5.8600000000000041E-01 2.4590668000000026E+01
5.8700000000000041E-01 2.4640240000000023E+01
5.8800000000000041E-01 2.4692875000000022E+01
5.8900000000000041E-01 2.4745980000000024E+01
5.9000000000000041E-01 2.4795519000000027E+01
5.9100000000000041E-01 2.4846078000000027E+01
5.9200000000000041E-01 2.4894592000000024E+01
5.9300000000000042E-01 2.4949821000000025E+01
5.9400000000000042E-01 2.5003898000000024E+01
5.9500000000000042E-01 2.5054525000000027E+01
5.9600000000000042E-01 2.5104412000000025E+01
5.9700000000000042E-01 2.5159685000000025E+01
5.9800000000000042E-01 2.5229583000000027E+01
5.9900000000000042E-01 2.5278000000000024E+01
6.0000000000000042E-01 2.5335114000000026E+01
6.0100000000000042E-01 2.5381928000000027E+01
6.0200000000000042E-01 2.5434575000000027E+01
6.0300000000000042E-01 2.5486596000000027E+01
6.0400000000000043E-01 2.5534759000000026E+01
6.0500000000000043E-01 2.5585523000000027E+01
6.0600000000000043E-01 2.5634484000000025E+01
6.0700000000000043E-01 2.5686444000000026E+01
6.0800000000000043E-01 2.5742446000000026E+01
6.0900000000000043E-01 2.5794444000000027E+01
6.1000000000000043E-01 2.5846445000000024E+01
6.1100000000000043E-01 2.5900424000000022E+01
6.1200000000000043E-01 2.5955432000000023E+01
6.1300000000000043E-01 2.6003803000000026E+01
6.1400000000000043E-01 2.6055465000000023E+01
6.1500000000000044E-01 2.6106686000000021E+01
6.1600000000000044E-01 2.6160827000000022E+01
6.1700000000000044E-01 2.6215417000000020E+01
6.1800000000000044E-01 2.6267789000000022E+01
6.1900000000000044E-01 2.6316056000000021E+01
6.2000000000000044E-01 2.6367411000000022E+01
6.2100000000000044E-01 2.6419716000000022E+01
6.2200000000000044E-01 2.6468898000000024E+01
6.2300000000000044E-01 2.6519743000000023E+01
6.2400000000000044E-01 2.6570805000000025E+01
6.2500000000000044E-01 2.6620574000000026E+01
6.2600000000000044E-01 2.6672310000000024E+01
6.2700000000000045E-01 2.6725343000000024E+01
6.2800000000000045E-01 2.6775138000000027E+01
6.2900000000000045E-01 2.6826838000000027E+01
6.3000000000000045E-01 2.6878006000000028E+01
6.3100000000000045E-01 2.6927712000000028E+01
6.3200000000000045E-01 2.6981605000000030E+01
6.3300000000000045E-01 2.7034458000000029E+01
6.3400000000000045E-01 2.7085178000000031E+01
6.3500000000000045E-01 2.7138444000000028E+01
6.3600000000000045E-01 2.7192745000000031E+01
6.3700000000000045E-01 2.7240828000000029E+01
6.3800000000000046E-01 2.7292685000000027E+01
6.3900000000000046E-01 2.7343037000000031E+01
6.4000000000000046E-01 2.7393518000000032E+01
6.4100000000000046E-01 2.7444679000000029E+01
6.4200000000000046E-01 2.7494917000000033E+01
6.4300000000000046E-01 2.7543707000000030E+01
6.4400000000000046E-01 2.7596166000000032E+01
6.4500000000000046E-01 2.7649467000000030E+01
6.4600000000000046E-01 2.7699651000000028E+01
6.4700000000000046E-01 2.7750487000000032E+01
6.4800000000000046E-01 2.7803209000000027E+01
6.4900000000000047E-01 2.7852947000000029E+01
6.5000000000000047E-01 2.7915179000000027E+01
6.5100000000000047E-01 2.7968447000000030E+01
6.5200000000000047E-01 2.8020886000000029E+01
6.5300000000000047E-01 2.8072294000000028E+01
6.5400000000000047E-01 2.8124427000000029E+01
6.5500000000000047E-01 2.8179959000000029E+01
6.5600000000000047E-01 2.8229539000000027E+01
6.5700000000000047E-01 2.8279298000000029E+01
6.5800000000000047E-01 2.8327720000000031E+01
6.5900000000000047E-01 2.8376309000000028E+01
6.6000000000000048E-01 2.8424745000000030E+01
6.6100000000000048E-01 2.8469326000000027E+01
6.6200000000000048E-01 2.8521452000000028E+01
6.6300000000000048E-01 2.8562714000000028E+01
6.6400000000000048E-01 2.8607989000000025E+01
6.6500000000000048E-01 2.8651121000000025E+01
6.6600000000000048E-01 2.8700312000000025E+01
6.6700000000000048E-01 2.8744309000000026E+01
6.6800000000000048E-01 2.8788874000000028E+01
6.6900000000000048E-01 2.8835142000000026E+01
6.7000000000000048E-01 2.8878264000000026E+01
6.7100000000000048E-01 2.8923831000000028E+01
6.7200000000000049E-01 2.8965083000000028E+01
6.7300000000000049E-01 2.9011108000000029E+01
6.7400000000000049E-01 2.9059108000000027E+01
6.7500000000000049E-01 2.9105039000000030E+01
6.7600000000000049E-01 2.9149608000000029E+01
6.7700000000000049E-01 2.9191897000000029E+01
6.7800000000000049E-01 2.9234382000000029E+01
6.7900000000000049E-01 2.9276579000000027E+01
6.8000000000000049E-01 2.9326400000000024E+01
6.8100000000000049E-01 2.9374099000000022E+01
6.8200000000000049E-01 2.9421934000000022E+01
6.8300000000000050E-01 2.9467675000000021E+01
6.8400000000000050E-01 2.9515749000000024E+01
6.8500000000000050E-01 2.9563206000000022E+01
6.8600000000000050E-01 2.9612452000000022E+01
6.8700000000000050E-01 2.9660963000000020E+01
6.8800000000000050E-01 2.9705843000000023E+01
6.8900000000000050E-01 2.9754520000000021E+01
6.9000000000000050E-01 2.9802278000000019E+01
6.9100000000000050E-01 2.9849958000000019E+01
6.9200000000000050E-01 2.9896897000000020E+01
6.9300000000000050E-01 2.9948367000000022E+01
6.9400000000000051E-01 3.0002613000000018E+01
6.9500000000000051E-01 3.0053546000000019E+01
6.9600000000000051E-01 3.0106749000000018E+01
6.9700000000000051E-01 3.0158381000000016E+01
6.9800000000000051E-01 3.0205812000000016E+01
6.9900000000000051E-01 3.0256370000000018E+01
7.0000000000000051E-01 3.0313811000000019E+01
7.0100000000000051E-01 3.0362378000000021E+01
7.0200000000000051E-01 3.0414156000000020E+01
7.0300000000000051E-01 3.0466208000000023E+01
7.0400000000000051E-01 3.0511732000000023E+01
7.0500000000000052E-01 3.0559294000000023E+01
7.0600000000000052E-01 3.0608057000000024E+01
7.0700000000000052E-01 3.0661546000000023E+01
7.0800000000000052E-01 3.0712863000000024E+01
7.0900000000000052E-01 3.0762515000000025E+01
7.1000000000000052E-01 3.0815769000000024E+01
7.1100000000000052E-01 3.0868909000000027E+01
7.1200000000000052E-01 3.0923268000000029E+01
7.1300000000000052E-01 3.0979234000000027E+01
7.1400000000000052E-01 3.1032177000000029E+01
7.1500000000000052E-01 3.1085345000000029E+01
7.1600000000000052E-01 3.1135795000000027E+01
7.1700000000000053E-01 3.1189670000000024E+01
7.1800000000000053E-01 3.1243257000000028E+01
7.1900000000000053E-01 3.1293291000000032E+01
7.2000000000000053E-01 3.1345756000000030E+01
7.2100000000000053E-01 3.1400687000000026E+01
7.2200000000000053E-01 3.1452495000000024E+01
7.2300000000000053E-01 3.1502679000000025E+01
7.2400000000000053E-01 3.1555875000000025E+01
7.2500000000000053E-01 3.1607634000000022E+01
7.2600000000000053E-01 3.1659027000000027E+01
7.2700000000000053E-01 3.1713879000000027E+01
7.2800000000000054E-01 3.1766504000000026E+01
7.2900000000000054E-01 3.1820247000000023E+01
7.3000000000000054E-01 3.1874141000000019E+01
7.3100000000000054E-01 3.1928487000000022E+01
7.3200000000000054E-01 3.1979048000000020E+01
7.3300000000000054E-01 3.2029316000000023E+01
7.3400000000000054E-01 3.2083396000000022E+01
7.3500000000000054E-01 3.2137333000000019E+01
7.3600000000000054E-01 3.2191122000000021E+01
7.3700000000000054E-01 3.2242939000000021E+01
7.3800000000000054E-01 3.2295255000000019E+01
7.3900000000000055E-01 3.2347149000000023E+01
7.4000000000000055E-01 3.2398071000000030E+01
7.4100000000000055E-01 3.2452069000000030E+01
7.4200000000000055E-01 3.2504646000000029E+01
7.4300000000000055E-01 3.2554424000000033E+01
7.4400000000000055E-01 3.2607480000000031E+01
7.4500000000000055E-01 3.2660826000000029E+01
7.4600000000000055E-01 3.2712065000000024E+01
7.4700000000000055E-01 3.2765716000000026E+01
7.4800000000000055E-01 3.2821808000000033E+01
7.4900000000000055E-01 3.2873857000000029E+01
7.5000000000000056E-01 3.2937113000000025E+01
7.5100000000000056E-01 3.2987354000000025E+01
7.5200000000000056E-01 3.3042479000000029E+01
7.5300000000000056E-01 3.3091732000000022E+01
7.5400000000000056E-01 3.3141402000000028E+01
7.5500000000000056E-01 3.3195195000000027E+01
7.5600000000000056E-01 3.3247578000000033E+01
7.5700000000000056E-01 3.3299283000000031E+01
7.5800000000000056E-01 3.3354531000000030E+01
7.5900000000000056E-01 3.3407066000000036E+01
7.6000000000000056E-01 3.3456773000000034E+01
7.6100000000000056E-01 3.3510233000000035E+01
7.6200000000000057E-01 3.3565156000000037E+01
7.6300000000000057E-01 3.3619139000000033E+01
7.6400000000000057E-01 3.3668447000000036E+01
7.6500000000000057E-01 3.3722066000000034E+01
7.6600000000000057E-01 3.3777487000000029E+01
7.6700000000000057E-01 3.3831894000000027E+01
7.6800000000000057E-01 3.3883116000000030E+01
7.6900000000000057E-01 3.3937288000000031E+01
7.7000000000000057E-01 3.3990786000000035E+01
7.7100000000000057E-01 3.4043243000000032E+01
7.7200000000000057E-01 3.4095216000000036E+01
7.7300000000000058E-01 3.4149216000000038E+01
7.7400000000000058E-01 3.4201333000000041E+01
7.7500000000000058E-01 3.4251330000000038E+01
7.7600000000000058E-01 3.4303840000000044E+01
7.7700000000000058E-01 3.4358646000000043E+01
7.7800000000000058E-01 3.4408893000000042E+01
7.7900000000000058E-01 3.4463331000000039E+01
7.8000000000000058E-01 3.4513518000000040E+01
7.8100000000000058E-01 3.4568855000000042E+01
7.8200000000000058E-01 3.4618506000000039E+01
7.8300000000000058E-01 3.4673549000000037E+01
7.8400000000000059E-01 3.4723737000000035E+01
7.8500000000000059E-01 3.4781657000000038E+01
7.8600000000000059E-01 3.4832215000000041E+01
7.8700000000000059E-01 3.4879935000000039E+01
7.8800000000000059E-01 3.4925901000000039E+01
7.8900000000000059E-01 3.4970524000000040E+01
7.9000000000000059E-01 3.5016931000000042E+01
7.9100000000000059E-01 3.5062310000000039E+01
7.9200000000000059E-01 3.5105866000000034E+01
7.9300000000000059E-01 3.5153131000000037E+01
7.9400000000000059E-01 3.5196432000000037E+01
7.9500000000000060E-01 3.5241793000000037E+01
7.9600000000000060E-01 3.5285431000000038E+01
7.9700000000000060E-01 3.5329239000000037E+01
7.9800000000000060E-01 3.5375857000000032E+01
7.9900000000000060E-01 3.5419658000000034E+01
8.0000000000000060E-01 3.5472923000000037E+01
8.0100000000000060E-01 3.5517868000000036E+01
8.0200000000000060E-01 3.5567386000000035E+01
8.0300000000000060E-01 3.5626068000000039E+01
8.0400000000000060E-01 3.5676028000000038E+01
8.0500000000000060E-01 3.5729818000000037E+01
8.0600000000000060E-01 3.5783227000000039E+01
8.0700000000000061E-01 3.5833901000000040E+01
8.0800000000000061E-01 3.5886853000000045E+01
8.0900000000000061E-01 3.5941986000000043E+01
8.1000000000000061E-01 3.5997413000000044E+01
8.1100000000000061E-01 3.6043842000000048E+01
8.1200000000000061E-01 3.6099812000000050E+01
8.1300000000000061E-01 3.6151810000000054E+01
8.1400000000000061E-01 3.6211816000000049E+01
8.1500000000000061E-01 3.6263811000000047E+01
8.1600000000000061E-01 3.6319769000000051E+01
8.1700000000000061E-01 3.6375717000000051E+01
8.1800000000000062E-01 3.6426786000000050E+01
8.1900000000000062E-01 3.6479983000000054E+01
8.2000000000000062E-01 3.6533596000000053E+01
8.2100000000000062E-01 3.6586825000000054E+01
8.2200000000000062E-01 3.6640604000000053E+01
8.2300000000000062E-01 3.6696263000000052E+01
8.2400000000000062E-01 3.6752128000000056E+01
8.2500000000000062E-01 3.6803582000000048E+01
8.2600000000000062E-01 3.6856743000000051E+01
8.2700000000000062E-01 3.6908168000000053E+01
8.2800000000000062E-01 3.6963515000000058E+01
8.2900000000000063E-01 3.7013231000000054E+01
8.3000000000000063E-01 3.7067196000000052E+01
8.3100000000000063E-01 3.7121516000000049E+01
8.3200000000000063E-01 3.7172458000000049E+01
8.3300000000000063E-01 3.7224025000000054E+01
8.3400000000000063E-01 3.7280028000000051E+01
8.3500000000000063E-01 3.7336026000000054E+01
8.3600000000000063E-01 3.7388027000000051E+01
8.3700000000000063E-01 3.7443612000000051E+01
8.3800000000000063E-01 3.7496611000000051E+01
8.3900000000000063E-01 3.7546741000000054E+01
8.4000000000000064E-01 3.7602803000000051E+01
8.4100000000000064E-01 3.7656216000000050E+01
8.4200000000000064E-01 3.7712085000000052E+01
8.4300000000000064E-01 3.7760488000000052E+01
8.4400000000000064E-01 3.7813427000000047E+01
8.4500000000000064E-01 3.7865949000000050E+01
8.4600000000000064E-01 3.7918392000000054E+01
8.4700000000000064E-01 3.7972309000000052E+01
8.4800000000000064E-01 3.8028298000000049E+01
8.4900000000000064E-01 3.8084301000000046E+01
8.5000000000000064E-01 3.8148024000000049E+01
8.5100000000000064E-01 3.8200228000000045E+01
8.5200000000000065E-01 3.8256205000000044E+01
8.5300000000000065E-01 3.8312211000000048E+01
8.5400000000000065E-01 3.8364187000000051E+01
8.5500000000000065E-01 3.8419261000000049E+01
8.5600000000000065E-01 3.8472124000000051E+01
8.5700000000000065E-01 3.8518470000000050E+01
8.5800000000000065E-01 3.8571659000000054E+01
8.5900000000000065E-01 3.8624300000000055E+01
8.6000000000000065E-01 3.8674561000000054E+01
8.6100000000000065E-01 3.8727166000000054E+01
8.6200000000000065E-01 3.8779872000000054E+01
8.6300000000000066E-01 3.8829647000000058E+01
8.6400000000000066E-01 3.8885307000000061E+01
8.6500000000000066E-01 3.8936442000000056E+01
8.6600000000000066E-01 3.8988764000000060E+01
8.6700000000000066E-01 3.9037183000000063E+01
8.6800000000000066E-01 3.9088979000000059E+01
8.6900000000000066E-01 3.9136358000000051E+01
8.7000000000000066E-01 3.9190346000000048E+01
8.7100000000000066E-01 3.9243509000000046E+01
8.7200000000000066E-01 3.9295518000000044E+01
8.7300000000000066E-01 3.9344275000000046E+01
8.7400000000000067E-01 3.9396364000000048E+01
8.7500000000000067E-01 3.9450364000000043E+01
8.7600000000000067E-01 3.9500122000000047E+01
8.7700000000000067E-01 3.9556750000000044E+01
8.7800000000000067E-01 3.9607947000000046E+01
8.7900000000000067E-01 3.9656199000000051E+01
8.8000000000000067E-01 3.9708942000000050E+01
8.8100000000000067E-01 3.9759827000000044E+01
8.8200000000000067E-01 3.9808488000000047E+01
8.8300000000000067E-01 3.9859190000000048E+01
8.8400000000000067E-01 3.9908861000000044E+01
8.8500000000000068E-01 3.9962645000000045E+01
8.8600000000000068E-01 4.0014016000000041E+01
8.8700000000000068E-01 4.0067429000000033E+01
8.8800000000000068E-01 4.0117666000000035E+01
8.8900000000000068E-01 4.0172166000000033E+01
8.9000000000000068E-01 4.0224608000000032E+01
8.9100000000000068E-01 4.0274195000000034E+01
8.9200000000000068E-01 4.0328076000000038E+01
8.9300000000000068E-01 4.0380189000000037E+01
8.9400000000000068E-01 4.0429582000000039E+01
8.9500000000000068E-01 4.0483771000000040E+01
8.9600000000000068E-01 4.0538992000000043E+01
8.9700000000000069E-01 4.0592021000000045E+01
8.9800000000000069E-01 4.0640754000000044E+01
8.9900000000000069E-01 4.0691746000000052E+01
9.0000000000000069E-01 4.0754884000000047E+01
9.0100000000000069E-01 4.0807537000000053E+01
9.0200000000000069E-01 4.0858113000000046E+01
9.0300000000000069E-01 4.0911053000000045E+01
9.0400000000000069E-01 4.0961950000000044E+01
9.0500000000000069E-01 4.1010824000000049E+01
9.0600000000000069E-01 4.1062698000000047E+01
9.0700000000000069E-01 4.1117156000000051E+01
9.0800000000000070E-01 4.1166522000000050E+01
9.0900000000000070E-01 4.1220181000000046E+01
9.1000000000000070E-01 4.1271926000000050E+01
9.1100000000000070E-01 4.1320930000000047E+01
9.1200000000000070E-01 4.1373150000000052E+01
9.1300000000000070E-01 4.1428707000000053E+01
9.1400000000000070E-01 4.1485709000000050E+01
9.1500000000000070E-01 4.1533008000000052E+01
9.1600000000000070E-01 4.1584974000000052E+01
9.1700000000000070E-01 4.1636081000000054E+01
9.1800000000000070E-01 4.1687534000000056E+01
9.1900000000000071E-01 4.1740939000000054E+01
9.2000000000000071E-01 4.1793831000000054E+01
9.2100000000000071E-01 4.1842486000000058E+01
9.2200000000000071E-01 4.1895619000000060E+01
9.2300000000000071E-01 4.1949128000000059E+01
9.2400000000000071E-01 4.1998186000000061E+01
9.2500000000000071E-01 4.2053581000000065E+01
9.2600000000000071E-01 4.2106979000000059E+01
9.2700000000000071E-01 4.2160731000000062E+01
9.2800000000000071E-01 4.2210662000000063E+01
9.2900000000000071E-01 4.2264052000000056E+01
9.3000000000000071E-01 4.2316286000000062E+01
9.3100000000000072E-01 4.2366729000000063E+01
9.3200000000000072E-01 4.2417760000000058E+01
9.3300000000000072E-01 4.2473017000000056E+01
9.3400000000000072E-01 4.2523051000000052E+01
9.3500000000000072E-01 4.2575837000000057E+01
9.3600000000000072E-01 4.2626962000000049E+01
9.3700000000000072E-01 4.2677335000000049E+01
9.3800000000000072E-01 4.2731415000000055E+01
9.3900000000000072E-01 4.2783765000000052E+01
9.4000000000000072E-01 4.2834469000000048E+01
9.4100000000000072E-01 4.2887864000000043E+01
9.4200000000000073E-01 4.2939165000000045E+01
9.4300000000000073E-01 4.2989259000000047E+01
9.4400000000000073E-01 4.3036861000000044E+01
9.4500000000000073E-01 4.3089609000000038E+01
9.4600000000000073E-01 4.3138477000000037E+01
9.4700000000000073E-01 4.3187115000000041E+01
9.4800000000000073E-01 4.3233763000000039E+01
9.4900000000000073E-01 4.3281667000000041E+01
9.5000000000000073E-01 4.3339321000000041E+01
9.5100000000000073E-01 4.3388199000000043E+01
9.5200000000000073E-01 4.3435468000000043E+01
9.5300000000000074E-01 4.3483318000000040E+01
9.5400000000000074E-01 4.3528500000000044E+01
9.5500000000000074E-01 4.3577550000000045E+01
9.5600000000000074E-01 4.3627684000000038E+01
9.5700000000000074E-01 4.3675706000000041E+01
9.5800000000000074E-01 4.3725701000000036E+01
9.5900000000000074E-01 4.3773772000000044E+01
9.6000000000000074E-01 4.3823545000000038E+01
9.6100000000000074E-01 4.3869745000000037E+01
9.6200000000000074E-01 4.3920735000000043E+01
9.6300000000000074E-01 4.3970158000000040E+01
9.6400000000000075E-01 4.4020769000000044E+01
9.6500000000000075E-01 4.4072978000000049E+01
9.6600000000000075E-01 4.4124079000000052E+01
9.6700000000000075E-01 4.4173435000000048E+01
9.6800000000000075E-01 4.4221856000000045E+01
9.6900000000000075E-01 4.4269016000000043E+01
9.7000000000000075E-01 4.4318427000000042E+01
9.7100000000000075E-01 4.4383170000000042E+01
9.7200000000000075E-01 4.4438674000000049E+01
9.7300000000000075E-01 4.4484719000000048E+01
9.7400000000000075E-01 4.4533358000000050E+01
9.7500000000000075E-01 4.4578899000000050E+01
9.7600000000000076E-01 4.4628441000000052E+01
9.7700000000000076E-01 4.4677929000000049E+01
9.7800000000000076E-01 4.4726479000000047E+01
9.7900000000000076E-01 4.4774473000000043E+01
9.8000000000000076E-01 4.4820821000000045E+01
9.8100000000000076E-01 4.4865438000000040E+01
9.8200000000000076E-01 4.4913197000000039E+01
9.8300000000000076E-01 4.4962036000000040E+01
9.8400000000000076E-01 4.5009741000000041E+01
9.8500000000000076E-01 4.5057858000000039E+01
9.8600000000000076E-01 4.5109565000000032E+01
9.8700000000000077E-01 4.5156791000000034E+01
9.8800000000000077E-01 4.5204253000000044E+01
9.8900000000000077E-01 4.5251713000000038E+01
9.9000000000000077E-01 4.5299862000000040E+01
9.9100000000000077E-01 4.5349106000000042E+01
9.9200000000000077E-01 4.5398047000000041E+01
9.9300000000000077E-01 4.5446726000000034E+01
9.9400000000000077E-01 4.5496023000000037E+01
9.9500000000000077E-01 4.5543674000000031E+01
9.9600000000000077E-01 4.5592777000000027E+01
9.9700000000000077E-01 4.5640322000000026E+01
9.9800000000000078E-01 4.5692339000000032E+01
9.9900000000000078E-01 4.5736521000000032E+01
