NodeMass
part
         1
coordinates
 2.97292e-10
 5.23889e-10
 3.86889e-10
 3.06271e-10
 2.98307e-10
 3.22391e-10
 3.71009e-10
 4.46729e-10
 5.52726e-10
 6.98293e-10
 9.08295e-10
 1.23827e-09
 1.75662e-09
 2.58260e-09
 3.40992e-10
 6.16315e-10
 4.90942e-10
 4.26330e-10
 4.40712e-10
 4.95011e-10
 5.84493e-10
 7.16239e-10
 9.02714e-10
 1.17758e-09
 1.61652e-09
 2.34367e-09
 3.51112e-09
 5.54956e-09
 7.30348e-11
 1.54587e-10
 1.74399e-10
 2.01870e-10
 2.40421e-10
 2.92944e-10
 3.64882e-10
 4.66853e-10
 6.25116e-10
 9.02427e-10
 1.41054e-09
 2.35640e-09
 4.07970e-09
 7.60649e-09
 4.88026e-11
 1.03500e-10
 1.17389e-10
 1.36993e-10
 1.64889e-10
 2.03788e-10
 2.59819e-10
 3.49612e-10
 5.17011e-10
 8.50141e-10
 1.53696e-09
 3.03941e-09
 6.19808e-09
 1.32946e-08
 3.22447e-11
 6.85254e-11
 7.81672e-11
 9.20475e-11
 1.12212e-10
 1.41698e-10
 1.89623e-10
 2.83573e-10
 4.86026e-10
 9.47294e-10
 2.07186e-09
 4.85595e-09
 1.11099e-08
 2.56021e-08
 2.10666e-11
 4.48684e-11
 5.15031e-11
 6.12925e-11
 7.60888e-11
 1.00144e-10
 1.48288e-10
 2.60006e-10
 5.39490e-10
 1.29147e-09
 3.32871e-09
 8.60290e-09
 2.06736e-08
 4.87225e-08
 1.36101e-11
 2.90563e-11
 3.35913e-11
 4.05366e-11
 5.19433e-11
 7.44083e-11
 1.29526e-10
 2.79471e-10
 7.20675e-10
 2.02206e-09
 5.65694e-09
 1.51209e-08
 3.68057e-08
 8.69097e-08
 8.69499e-12
 1.86122e-11
 2.17059e-11
 2.67664e-11
 3.64732e-11
 6.07812e-11
 1.31247e-10
 3.55038e-10
 1.07118e-09
 3.23273e-09
 9.28007e-09
 2.49616e-08
 6.08369e-08
 1.43198e-07
 5.49322e-12
 1.17952e-11
 1.39227e-11
 1.78375e-11
 2.72449e-11
 5.57714e-11
 1.52672e-10
 4.88484e-10
 1.58538e-09
 4.89526e-09
 1.41353e-08
 3.80536e-08
 9.28245e-08
 2.17963e-07
 3.43199e-12
 7.39854e-12
 8.90025e-12
 1.22259e-11
 2.23640e-11
 5.80830e-11
 1.90675e-10
 6.58242e-10
 2.18001e-09
 6.76392e-09
 1.95770e-08
 5.28101e-08
 1.29246e-07
 3.03425e-07
 2.12051e-12
 4.59719e-12
 5.71256e-12
 8.83649e-12
 2.02121e-11
 6.50114e-11
 2.34528e-10
 8.27700e-10
 2.75087e-09
 8.54622e-09
 2.47796e-08
 6.69753e-08
 1.64515e-07
 3.86420e-07
 1.29577e-12
 2.83427e-12
 3.72488e-12
 6.86907e-12
 1.97505e-11
 7.24629e-11
 2.71934e-10
 9.68306e-10
 3.22494e-09
 1.00261e-08
 2.90888e-08
 7.86817e-08
 1.93811e-07
 4.55323e-07
 7.83114e-13
 1.73856e-12
 2.50409e-12
 5.73845e-12
 1.99313e-11
 7.81715e-11
 2.97706e-10
 1.06279e-09
 3.53956e-09
 1.09983e-08
 3.18933e-08
 8.62487e-08
 2.12905e-07
 5.00133e-07
 4.68088e-13
 1.06552e-12
 1.75713e-12
 5.02993e-12
 1.98461e-11
 8.05206e-11
 3.08321e-10
 1.10097e-09
 3.66425e-09
 1.13738e-08
 3.29441e-08
 8.90117e-08
 2.20009e-07
 5.16626e-07
 2.76705e-13
 6.56100e-13
 1.28981e-12
 4.47594e-12
 1.89150e-11
 7.75210e-11
 2.96589e-10
 1.05695e-09
 3.50802e-09
 1.08467e-08
 3.12691e-08
 8.40979e-08
 2.07628e-07
 4.87066e-07
 1.61780e-13
 4.08352e-13
 9.78938e-13
 3.88451e-12
 1.67492e-11
 6.84906e-11
 2.61355e-10
 9.29563e-10
 3.07861e-09
 9.48873e-09
 2.72324e-08
 7.28628e-08
 1.79476e-07
 4.19704e-07
 9.35766e-14
 2.58038e-13
 7.52185e-13
 3.22039e-12
 1.39760e-11
 5.70051e-11
 2.17038e-10
 7.70783e-10
 2.55018e-09
 7.85143e-09
 2.24882e-08
 5.99667e-08
 1.47373e-07
 3.42954e-07
 5.35060e-14
 1.65486e-13
 5.72100e-13
 2.55447e-12
 1.10969e-11
 4.50739e-11
 1.70921e-10
 6.04842e-10
 1.99482e-09
 6.12405e-09
 1.74889e-08
 4.64699e-08
 1.13981e-07
 2.64181e-07
 3.00827e-14
 1.06894e-13
 4.22902e-13
 1.92393e-12
 8.29294e-12
 3.34379e-11
 1.26135e-10
 4.44503e-10
 1.46095e-09
 4.47283e-09
 1.27474e-08
 3.38065e-08
 8.28761e-08
 1.91422e-07
 1.64043e-14
 6.85852e-14
 3.00006e-13
 1.37074e-12
 5.86527e-12
 2.34929e-11
 8.80937e-11
 3.08742e-10
 1.00965e-09
 3.07700e-09
 8.73185e-09
 2.30596e-08
 5.64160e-08
 1.29727e-07
 8.52541e-15
 4.30773e-14
 2.02640e-13
 9.22017e-13
 3.91011e-12
 1.55377e-11
 5.78331e-11
 2.01286e-10
 6.54025e-10
 1.98137e-09
 5.59120e-09
 1.46865e-08
 3.58257e-08
 8.19336e-08
 4.19347e-15
 2.61712e-14
 1.29668e-13
 5.85330e-13
 2.45734e-12
 9.67274e-12
 3.56775e-11
 1.23105e-10
 3.96746e-10
 1.19270e-09
 3.34106e-09
 8.71576e-09
 2.11692e-08
 4.80744e-08
 2.07958e-15
 1.52419e-14
 7.82209e-14
 3.50623e-13
 1.45572e-12
 5.66616e-12
 2.06710e-11
 7.05702e-11
 2.25114e-10
 6.70093e-10
 1.85942e-09
 4.80798e-09
 1.16028e-08
 2.61014e-08
 1.12020e-15
 8.29892e-15
 4.41569e-14
 1.97956e-13
 8.12130e-13
 3.12000e-12
 1.12343e-11
 3.78617e-11
 1.19256e-10
 3.50618e-10
 9.61331e-10
 2.45773e-09
 5.87454e-09
 1.30471e-08
 5.95308e-16
 4.12255e-15
 2.31218e-14
 1.04709e-13
 4.24589e-13
 1.60713e-12
 5.69935e-12
 1.89167e-11
 5.86831e-11
 1.69948e-10
 4.59120e-10
 1.15693e-09
 2.72760e-09
 5.95615e-09
 3.13208e-16
 2.03045e-15
 1.14112e-14
 5.24570e-14
 2.10868e-13
 7.84828e-13
 2.73343e-12
 8.90673e-12
 2.71195e-11
 7.70789e-11
 2.04340e-10
 5.05121e-10
 1.16761e-09
 2.49275e-09
 1.59857e-16
 1.02260e-15
 5.28219e-15
 2.48084e-14
 9.98083e-14
 3.65445e-13
 1.24792e-12
 3.98268e-12
 1.18695e-11
 3.29996e-11
 8.55038e-11
 2.06281e-10
 4.64647e-10
 9.64167e-10
 2.97292e-10
 5.23889e-10
 3.86889e-10
 3.06271e-10
 2.98307e-10
 3.22391e-10
 3.71009e-10
 4.46729e-10
 5.52726e-10
 6.98293e-10
 9.08295e-10
 1.23827e-09
 1.75662e-09
 2.58260e-09
 3.40992e-10
 6.16315e-10
 4.90942e-10
 4.26330e-10
 4.40712e-10
 4.95011e-10
 5.84493e-10
 7.16239e-10
 9.02714e-10
 1.17758e-09
 1.61652e-09
 2.34367e-09
 3.51112e-09
 5.54956e-09
 7.30348e-11
 1.54587e-10
 1.74399e-10
 2.01870e-10
 2.40421e-10
 2.92944e-10
 3.64882e-10
 4.66853e-10
 6.25116e-10
 9.02427e-10
 1.41054e-09
 2.35640e-09
 4.07970e-09
 7.60649e-09
 4.88026e-11
 1.03500e-10
 1.17389e-10
 1.36993e-10
 1.64889e-10
 2.03788e-10
 2.59819e-10
 3.49612e-10
 5.17011e-10
 8.50141e-10
 1.53696e-09
 3.03941e-09
 6.19808e-09
 1.32946e-08
 3.22447e-11
 6.85254e-11
 7.81672e-11
 9.20475e-11
 1.12212e-10
 1.41698e-10
 1.89623e-10
 2.83573e-10
 4.86026e-10
 9.47294e-10
 2.07186e-09
 4.85595e-09
 1.11099e-08
 2.56021e-08
 2.10666e-11
 4.48684e-11
 5.15031e-11
 6.12925e-11
 7.60888e-11
 1.00144e-10
 1.48288e-10
 2.60006e-10
 5.39490e-10
 1.29147e-09
 3.32871e-09
 8.60290e-09
 2.06736e-08
 4.87225e-08
 1.36101e-11
 2.90563e-11
 3.35913e-11
 4.05366e-11
 5.19433e-11
 7.44083e-11
 1.29526e-10
 2.79471e-10
 7.20675e-10
 2.02206e-09
 5.65694e-09
 1.51209e-08
 3.68057e-08
 8.69097e-08
 8.69499e-12
 1.86122e-11
 2.17059e-11
 2.67664e-11
 3.64732e-11
 6.07812e-11
 1.31247e-10
 3.55038e-10
 1.07118e-09
 3.23273e-09
 9.28007e-09
 2.49616e-08
 6.08369e-08
 1.43198e-07
 5.49322e-12
 1.17952e-11
 1.39227e-11
 1.78375e-11
 2.72449e-11
 5.57714e-11
 1.52672e-10
 4.88484e-10
 1.58538e-09
 4.89526e-09
 1.41353e-08
 3.80536e-08
 9.28245e-08
 2.17963e-07
 3.43199e-12
 7.39854e-12
 8.90025e-12
 1.22259e-11
 2.23640e-11
 5.80830e-11
 1.90675e-10
 6.58242e-10
 2.18001e-09
 6.76392e-09
 1.95770e-08
 5.28101e-08
 1.29246e-07
 3.03425e-07
 2.12051e-12
 4.59719e-12
 5.71256e-12
 8.83649e-12
 2.02121e-11
 6.50114e-11
 2.34528e-10
 8.27700e-10
 2.75087e-09
 8.54622e-09
 2.47796e-08
 6.69753e-08
 1.64515e-07
 3.86420e-07
 1.29577e-12
 2.83427e-12
 3.72488e-12
 6.86907e-12
 1.97505e-11
 7.24629e-11
 2.71934e-10
 9.68306e-10
 3.22494e-09
 1.00261e-08
 2.90888e-08
 7.86817e-08
 1.93811e-07
 4.55323e-07
 7.83114e-13
 1.73856e-12
 2.50409e-12
 5.73845e-12
 1.99313e-11
 7.81715e-11
 2.97706e-10
 1.06279e-09
 3.53956e-09
 1.09983e-08
 3.18933e-08
 8.62487e-08
 2.12905e-07
 5.00133e-07
 4.68088e-13
 1.06552e-12
 1.75713e-12
 5.02993e-12
 1.98461e-11
 8.05206e-11
 3.08321e-10
 1.10097e-09
 3.66425e-09
 1.13738e-08
 3.29441e-08
 8.90117e-08
 2.20009e-07
 5.16626e-07
 2.76705e-13
 6.56100e-13
 1.28981e-12
 4.47594e-12
 1.89150e-11
 7.75210e-11
 2.96589e-10
 1.05695e-09
 3.50802e-09
 1.08467e-08
 3.12691e-08
 8.40979e-08
 2.07628e-07
 4.87066e-07
 1.61780e-13
 4.08352e-13
 9.78938e-13
 3.88451e-12
 1.67492e-11
 6.84906e-11
 2.61355e-10
 9.29563e-10
 3.07861e-09
 9.48873e-09
 2.72324e-08
 7.28628e-08
 1.79476e-07
 4.19704e-07
 9.35766e-14
 2.58038e-13
 7.52185e-13
 3.22039e-12
 1.39760e-11
 5.70051e-11
 2.17038e-10
 7.70783e-10
 2.55018e-09
 7.85143e-09
 2.24882e-08
 5.99667e-08
 1.47373e-07
 3.42954e-07
 5.35060e-14
 1.65486e-13
 5.72100e-13
 2.55447e-12
 1.10969e-11
 4.50739e-11
 1.70921e-10
 6.04842e-10
 1.99482e-09
 6.12405e-09
 1.74889e-08
 4.64699e-08
 1.13981e-07
 2.64181e-07
 3.00827e-14
 1.06894e-13
 4.22902e-13
 1.92393e-12
 8.29294e-12
 3.34379e-11
 1.26135e-10
 4.44503e-10
 1.46095e-09
 4.47283e-09
 1.27474e-08
 3.38065e-08
 8.28761e-08
 1.91422e-07
 1.64043e-14
 6.85852e-14
 3.00006e-13
 1.37074e-12
 5.86527e-12
 2.34929e-11
 8.80937e-11
 3.08742e-10
 1.00965e-09
 3.07700e-09
 8.73185e-09
 2.30596e-08
 5.64160e-08
 1.29727e-07
 8.52541e-15
 4.30773e-14
 2.02640e-13
 9.22017e-13
 3.91011e-12
 1.55377e-11
 5.78331e-11
 2.01286e-10
 6.54025e-10
 1.98137e-09
 5.59120e-09
 1.46865e-08
 3.58257e-08
 8.19336e-08
 4.19347e-15
 2.61712e-14
 1.29668e-13
 5.85330e-13
 2.45734e-12
 9.67274e-12
 3.56775e-11
 1.23105e-10
 3.96746e-10
 1.19270e-09
 3.34106e-09
 8.71576e-09
 2.11692e-08
 4.80744e-08
 2.07958e-15
 1.52419e-14
 7.82209e-14
 3.50623e-13
 1.45572e-12
 5.66616e-12
 2.06710e-11
 7.05702e-11
 2.25114e-10
 6.70093e-10
 1.85942e-09
 4.80798e-09
 1.16028e-08
 2.61014e-08
 1.12020e-15
 8.29892e-15
 4.41569e-14
 1.97956e-13
 8.12130e-13
 3.12000e-12
 1.12343e-11
 3.78617e-11
 1.19256e-10
 3.50618e-10
 9.61331e-10
 2.45773e-09
 5.87454e-09
 1.30471e-08
 5.95308e-16
 4.12255e-15
 2.31218e-14
 1.04709e-13
 4.24589e-13
 1.60713e-12
 5.69935e-12
 1.89167e-11
 5.86831e-11
 1.69948e-10
 4.59120e-10
 1.15693e-09
 2.72760e-09
 5.95615e-09
 3.13208e-16
 2.03045e-15
 1.14112e-14
 5.24570e-14
 2.10868e-13
 7.84828e-13
 2.73343e-12
 8.90673e-12
 2.71195e-11
 7.70789e-11
 2.04340e-10
 5.05121e-10
 1.16761e-09
 2.49275e-09
 1.59857e-16
 1.02260e-15
 5.28219e-15
 2.48084e-14
 9.98083e-14
 3.65445e-13
 1.24792e-12
 3.98268e-12
 1.18695e-11
 3.29996e-11
 8.55038e-11
 2.06281e-10
 4.64647e-10
 9.64167e-10
part
         2
coordinates
 1.23827e-09
 1.75662e-09
 2.58260e-09
 3.89767e-09
 5.98291e-09
 9.30196e-09
 1.44829e-08
 2.22535e-08
 3.32672e-08
 4.78321e-08
 6.56066e-08
 8.72914e-08
 1.12579e-07
 1.27187e-07
 1.27020e-07
 2.34367e-09
 3.51112e-09
 5.54956e-09
 9.20368e-09
 1.56412e-08
 2.67783e-08
 4.52590e-08
 7.42730e-08
 1.16990e-07
 1.75621e-07
 2.50735e-07
 3.47497e-07
 4.67142e-07
 5.43155e-07
 5.46546e-07
 2.35640e-09
 4.07970e-09
 7.60649e-09
 1.47771e-08
 2.85241e-08
 5.36108e-08
 9.66758e-08
 1.65959e-07
 2.70429e-07
 4.18365e-07
 6.19623e-07
 9.00791e-07
 1.21457e-06
 1.38767e-06
 1.39212e-06
 3.03941e-09
 6.19808e-09
 1.32946e-08
 2.84371e-08
 5.82638e-08
 1.13495e-07
 2.09219e-07
 3.64809e-07
 6.03599e-07
 9.54520e-07
 1.44162e-06
 2.01430e-06
 2.51258e-06
 2.76094e-06
 2.77310e-06
 4.85595e-09
 1.11099e-08
 2.56021e-08
 5.69368e-08
 1.19047e-07
 2.34300e-07
 4.34251e-07
 7.60549e-07
 1.26471e-06
 1.98180e-06
 2.84181e-06
 3.66410e-06
 4.36254e-06
 4.77959e-06
 4.83380e-06
 8.60290e-09
 2.06736e-08
 4.87225e-08
 1.09264e-07
 2.28955e-07
 4.50198e-07
 8.31973e-07
 1.44787e-06
 2.36031e-06
 3.52958e-06
 4.77897e-06
 6.01942e-06
 7.33894e-06
 8.20588e-06
 8.30835e-06
 1.51209e-08
 3.68057e-08
 8.69097e-08
 1.94470e-07
 4.06168e-07
 7.95423e-07
 1.45951e-06
 2.49259e-06
 3.91693e-06
 5.65529e-06
 7.63923e-06
 9.90124e-06
 1.20137e-05
 1.30803e-05
 1.31458e-05
 2.49616e-08
 6.08369e-08
 1.43198e-07
 3.19009e-07
 6.63442e-07
 1.29282e-06
 2.34113e-06
 3.88385e-06
 5.94586e-06
 8.54080e-06
 1.15593e-05
 1.45398e-05
 1.65907e-05
 1.73321e-05
 1.73205e-05
 3.80536e-08
 9.28245e-08
 2.17963e-07
 4.83575e-07
 1.00133e-06
 1.93208e-06
 3.41161e-06
 5.49456e-06
 8.29707e-06
 1.17772e-05
 1.52309e-05
 1.77992e-05
 1.91419e-05
 1.95044e-05
 1.94430e-05
 5.28101e-08
 1.29246e-07
 3.03425e-07
 6.71120e-07
 1.38212e-06
 2.61510e-06
 4.47138e-06
 7.07805e-06
 1.06417e-05
 1.45599e-05
 1.75941e-05
 1.93519e-05
 2.00969e-05
 2.02240e-05
 2.01622e-05
 6.69753e-08
 1.64515e-07
 3.86420e-07
 8.52749e-07
 1.74481e-06
 3.21649e-06
 5.37544e-06
 8.50108e-06
 1.26675e-05
 1.65313e-05
 1.88999e-05
 2.00292e-05
 2.03986e-05
 2.04487e-05
 2.04238e-05
 7.86817e-08
 1.93811e-07
 4.55323e-07
 1.00278e-06
 2.03265e-06
 3.66607e-06
 6.07292e-06
 9.66332e-06
 1.41203e-05
 1.76959e-05
 1.95353e-05
 2.02829e-05
 2.05094e-05
 2.05601e-05
 2.05511e-05
 8.62487e-08
 2.12905e-07
 5.00133e-07
 1.09931e-06
 2.20386e-06
 3.92332e-06
 6.48753e-06
 1.03670e-05
 1.49077e-05
 1.82327e-05
 1.97834e-05
 2.03640e-05
 2.05554e-05
 2.06088e-05
 2.06059e-05
 8.90117e-08
 2.20009e-07
 5.16626e-07
 1.13353e-06
 2.25474e-06
 3.98726e-06
 6.59787e-06
 1.05676e-05
 1.51249e-05
 1.83660e-05
 1.98295e-05
 2.03721e-05
 2.05649e-05
 2.06196e-05
 2.06168e-05
 8.40979e-08
 2.07628e-07
 4.87066e-07
 1.06692e-06
 2.11714e-06
 3.72898e-06
 6.14657e-06
 9.85524e-06
 1.43956e-05
 1.78977e-05
 1.95802e-05
 2.02535e-05
 2.05111e-05
 2.05886e-05
 2.05885e-05
 7.28628e-08
 1.79476e-07
 4.19704e-07
 9.16960e-07
 1.83082e-06
 3.24108e-06
 5.30394e-06
 8.43376e-06
 1.26920e-05
 1.66012e-05
 1.88692e-05
 1.99001e-05
 2.03297e-05
 2.04800e-05
 2.04987e-05
 5.99667e-08
 1.47373e-07
 3.42954e-07
 7.46411e-07
 1.50400e-06
 2.71456e-06
 4.45285e-06
 6.98361e-06
 1.05960e-05
 1.45817e-05
 1.75352e-05
 1.91405e-05
 1.99232e-05
 2.02505e-05
 2.03363e-05
 4.64699e-08
 1.13981e-07
 2.64181e-07
 5.72589e-07
 1.15508e-06
 2.13311e-06
 3.55620e-06
 5.54519e-06
 8.33411e-06
 1.18080e-05
 1.50865e-05
 1.74309e-05
 1.88487e-05
 1.95848e-05
 1.98353e-05
 3.38065e-08
 8.28761e-08
 1.91422e-07
 4.12951e-07
 8.30076e-07
 1.55535e-06
 2.66370e-06
 4.18559e-06
 6.19734e-06
 8.74791e-06
 1.15717e-05
 1.41371e-05
 1.60547e-05
 1.72378e-05
 1.77181e-05
 2.30596e-08
 5.64160e-08
 1.29727e-07
 2.78340e-07
 5.57363e-07
 1.04626e-06
 1.83363e-06
 2.95852e-06
 4.40644e-06
 6.15205e-06
 8.11610e-06
 1.00769e-05
 1.16885e-05
 1.27274e-05
 1.31773e-05
 1.46865e-08
 3.58257e-08
 8.19336e-08
 1.74682e-07
 3.47997e-07
 6.50509e-07
 1.14494e-06
 1.89457e-06
 2.91406e-06
 4.14040e-06
 5.45219e-06
 6.63397e-06
 7.47867e-06
 7.94610e-06
 8.07515e-06
 8.71576e-09
 2.11692e-08
 4.80744e-08
 1.01692e-07
 2.01121e-07
 3.72990e-07
 6.51860e-07
 1.08020e-06
 1.69812e-06
 2.47537e-06
 3.23416e-06
 3.78271e-06
 4.07842e-06
 4.15691e-06
 4.08478e-06
 4.80798e-09
 1.16028e-08
 2.61014e-08
 5.46583e-08
 1.07018e-07
 1.96253e-07
 3.39178e-07
 5.53984e-07
 8.52603e-07
 1.20723e-06
 1.49845e-06
 1.64447e-06
 1.66196e-06
 1.57239e-06
 1.47846e-06
 2.45773e-09
 5.87454e-09
 1.30471e-08
 2.69632e-08
 5.20831e-08
 9.41585e-08
 1.60288e-07
 2.55794e-07
 3.76337e-07
 4.91997e-07
 5.60904e-07
 5.57968e-07
 4.90043e-07
 3.91871e-07
 3.38603e-07
 1.15693e-09
 2.72760e-09
 5.95615e-09
 1.20995e-08
 2.29671e-08
 4.07773e-08
 6.78305e-08
 1.04160e-07
 1.43483e-07
 1.71241e-07
 1.73641e-07
 1.45532e-07
 9.87920e-08
 5.89671e-08
 4.91569e-08
 5.05121e-10
 1.16761e-09
 2.49275e-09
 4.94912e-09
 9.17895e-09
 1.58825e-08
 2.54208e-08
 3.67261e-08
 4.63461e-08
 4.94490e-08
 4.30635e-08
 2.84601e-08
 1.31323e-08
 4.50170e-09
 4.35650e-09
 2.06281e-10
 4.64647e-10
 9.64167e-10
 1.85873e-09
 3.34300e-09
 5.56646e-09
 8.40430e-09
 1.11799e-08
 1.27434e-08
 1.19943e-08
 8.85818e-09
 4.72475e-09
 1.55555e-09
 2.68419e-10
 5.28355e-10
 1.23827e-09
 1.75662e-09
 2.58260e-09
 3.89767e-09
 5.98291e-09
 9.30196e-09
 1.44829e-08
 2.22535e-08
 3.32672e-08
 4.78321e-08
 6.56066e-08
 8.72914e-08
 1.12579e-07
 1.27187e-07
 1.27020e-07
 2.34367e-09
 3.51112e-09
 5.54956e-09
 9.20368e-09
 1.56412e-08
 2.67783e-08
 4.52590e-08
 7.42730e-08
 1.16990e-07
 1.75621e-07
 2.50735e-07
 3.47497e-07
 4.67142e-07
 5.43155e-07
 5.46546e-07
 2.35640e-09
 4.07970e-09
 7.60649e-09
 1.47771e-08
 2.85241e-08
 5.36108e-08
 9.66758e-08
 1.65959e-07
 2.70429e-07
 4.18365e-07
 6.19623e-07
 9.00791e-07
 1.21457e-06
 1.38767e-06
 1.39212e-06
 3.03941e-09
 6.19808e-09
 1.32946e-08
 2.84371e-08
 5.82638e-08
 1.13495e-07
 2.09219e-07
 3.64809e-07
 6.03599e-07
 9.54520e-07
 1.44162e-06
 2.01430e-06
 2.51258e-06
 2.76094e-06
 2.77310e-06
 4.85595e-09
 1.11099e-08
 2.56021e-08
 5.69368e-08
 1.19047e-07
 2.34300e-07
 4.34251e-07
 7.60549e-07
 1.26471e-06
 1.98180e-06
 2.84181e-06
 3.66410e-06
 4.36254e-06
 4.77959e-06
 4.83380e-06
 8.60290e-09
 2.06736e-08
 4.87225e-08
 1.09264e-07
 2.28955e-07
 4.50198e-07
 8.31973e-07
 1.44787e-06
 2.36031e-06
 3.52958e-06
 4.77897e-06
 6.01942e-06
 7.33894e-06
 8.20588e-06
 8.30835e-06
 1.51209e-08
 3.68057e-08
 8.69097e-08
 1.94470e-07
 4.06168e-07
 7.95423e-07
 1.45951e-06
 2.49259e-06
 3.91693e-06
 5.65529e-06
 7.63923e-06
 9.90124e-06
 1.20137e-05
 1.30803e-05
 1.31458e-05
 2.49616e-08
 6.08369e-08
 1.43198e-07
 3.19009e-07
 6.63442e-07
 1.29282e-06
 2.34113e-06
 3.88385e-06
 5.94586e-06
 8.54080e-06
 1.15593e-05
 1.45398e-05
 1.65907e-05
 1.73321e-05
 1.73205e-05
 3.80536e-08
 9.28245e-08
 2.17963e-07
 4.83575e-07
 1.00133e-06
 1.93208e-06
 3.41161e-06
 5.49456e-06
 8.29707e-06
 1.17772e-05
 1.52309e-05
 1.77992e-05
 1.91419e-05
 1.95044e-05
 1.94430e-05
 5.28101e-08
 1.29246e-07
 3.03425e-07
 6.71120e-07
 1.38212e-06
 2.61510e-06
 4.47138e-06
 7.07805e-06
 1.06417e-05
 1.45599e-05
 1.75941e-05
 1.93519e-05
 2.00969e-05
 2.02240e-05
 2.01622e-05
 6.69753e-08
 1.64515e-07
 3.86420e-07
 8.52749e-07
 1.74481e-06
 3.21649e-06
 5.37544e-06
 8.50108e-06
 1.26675e-05
 1.65313e-05
 1.88999e-05
 2.00292e-05
 2.03986e-05
 2.04487e-05
 2.04238e-05
 7.86817e-08
 1.93811e-07
 4.55323e-07
 1.00278e-06
 2.03265e-06
 3.66607e-06
 6.07292e-06
 9.66332e-06
 1.41203e-05
 1.76959e-05
 1.95353e-05
 2.02829e-05
 2.05094e-05
 2.05601e-05
 2.05511e-05
 8.62487e-08
 2.12905e-07
 5.00133e-07
 1.09931e-06
 2.20386e-06
 3.92332e-06
 6.48753e-06
 1.03670e-05
 1.49077e-05
 1.82327e-05
 1.97834e-05
 2.03640e-05
 2.05554e-05
 2.06088e-05
 2.06059e-05
 8.90117e-08
 2.20009e-07
 5.16626e-07
 1.13353e-06
 2.25474e-06
 3.98726e-06
 6.59787e-06
 1.05676e-05
 1.51249e-05
 1.83660e-05
 1.98295e-05
 2.03721e-05
 2.05649e-05
 2.06196e-05
 2.06168e-05
 8.40979e-08
 2.07628e-07
 4.87066e-07
 1.06692e-06
 2.11714e-06
 3.72898e-06
 6.14657e-06
 9.85524e-06
 1.43956e-05
 1.78977e-05
 1.95802e-05
 2.02535e-05
 2.05111e-05
 2.05886e-05
 2.05885e-05
 7.28628e-08
 1.79476e-07
 4.19704e-07
 9.16960e-07
 1.83082e-06
 3.24108e-06
 5.30394e-06
 8.43376e-06
 1.26920e-05
 1.66012e-05
 1.88692e-05
 1.99001e-05
 2.03297e-05
 2.04800e-05
 2.04987e-05
 5.99667e-08
 1.47373e-07
 3.42954e-07
 7.46411e-07
 1.50400e-06
 2.71456e-06
 4.45285e-06
 6.98361e-06
 1.05960e-05
 1.45817e-05
 1.75352e-05
 1.91405e-05
 1.99232e-05
 2.02505e-05
 2.03363e-05
 4.64699e-08
 1.13981e-07
 2.64181e-07
 5.72589e-07
 1.15508e-06
 2.13311e-06
 3.55620e-06
 5.54519e-06
 8.33411e-06
 1.18080e-05
 1.50865e-05
 1.74309e-05
 1.88487e-05
 1.95848e-05
 1.98353e-05
 3.38065e-08
 8.28761e-08
 1.91422e-07
 4.12951e-07
 8.30076e-07
 1.55535e-06
 2.66370e-06
 4.18559e-06
 6.19734e-06
 8.74791e-06
 1.15717e-05
 1.41371e-05
 1.60547e-05
 1.72378e-05
 1.77181e-05
 2.30596e-08
 5.64160e-08
 1.29727e-07
 2.78340e-07
 5.57363e-07
 1.04626e-06
 1.83363e-06
 2.95852e-06
 4.40644e-06
 6.15205e-06
 8.11610e-06
 1.00769e-05
 1.16885e-05
 1.27274e-05
 1.31773e-05
 1.46865e-08
 3.58257e-08
 8.19336e-08
 1.74682e-07
 3.47997e-07
 6.50509e-07
 1.14494e-06
 1.89457e-06
 2.91406e-06
 4.14040e-06
 5.45219e-06
 6.63397e-06
 7.47867e-06
 7.94610e-06
 8.07515e-06
 8.71576e-09
 2.11692e-08
 4.80744e-08
 1.01692e-07
 2.01121e-07
 3.72990e-07
 6.51860e-07
 1.08020e-06
 1.69812e-06
 2.47537e-06
 3.23416e-06
 3.78271e-06
 4.07842e-06
 4.15691e-06
 4.08478e-06
 4.80798e-09
 1.16028e-08
 2.61014e-08
 5.46583e-08
 1.07018e-07
 1.96253e-07
 3.39178e-07
 5.53984e-07
 8.52603e-07
 1.20723e-06
 1.49845e-06
 1.64447e-06
 1.66196e-06
 1.57239e-06
 1.47846e-06
 2.45773e-09
 5.87454e-09
 1.30471e-08
 2.69632e-08
 5.20831e-08
 9.41585e-08
 1.60288e-07
 2.55794e-07
 3.76337e-07
 4.91997e-07
 5.60904e-07
 5.57968e-07
 4.90043e-07
 3.91871e-07
 3.38603e-07
 1.15693e-09
 2.72760e-09
 5.95615e-09
 1.20995e-08
 2.29671e-08
 4.07773e-08
 6.78305e-08
 1.04160e-07
 1.43483e-07
 1.71241e-07
 1.73641e-07
 1.45532e-07
 9.87920e-08
 5.89671e-08
 4.91569e-08
 5.05121e-10
 1.16761e-09
 2.49275e-09
 4.94912e-09
 9.17895e-09
 1.58825e-08
 2.54208e-08
 3.67261e-08
 4.63461e-08
 4.94490e-08
 4.30635e-08
 2.84601e-08
 1.31323e-08
 4.50170e-09
 4.35650e-09
 2.06281e-10
 4.64647e-10
 9.64167e-10
 1.85873e-09
 3.34300e-09
 5.56646e-09
 8.40430e-09
 1.11799e-08
 1.27434e-08
 1.19943e-08
 8.85818e-09
 4.72475e-09
 1.55555e-09
 2.68419e-10
 5.28355e-10
part
         3
coordinates
 1.12579e-07
 1.27187e-07
 1.27020e-07
 1.21558e-07
 1.11619e-07
 9.78487e-08
 8.04568e-08
 6.04229e-08
 4.22471e-08
 2.87998e-08
 1.92110e-08
 1.25737e-08
 8.01873e-09
 5.02977e-09
 3.08743e-09
 1.79017e-09
 4.67142e-07
 5.43155e-07
 5.46546e-07
 5.15684e-07
 4.56347e-07
 3.74402e-07
 2.77883e-07
 1.85038e-07
 1.15968e-07
 7.15350e-08
 4.39987e-08
 2.71369e-08
 1.66389e-08
 1.02239e-08
 6.18820e-09
 3.52212e-09
 1.21457e-06
 1.38767e-06
 1.39212e-06
 1.31326e-06
 1.15955e-06
 9.42700e-07
 6.82027e-07
 4.31011e-07
 2.48393e-07
 1.36415e-07
 7.28054e-08
 3.86471e-08
 2.06848e-08
 1.14770e-08
 6.48618e-09
 3.47218e-09
 2.51258e-06
 2.76094e-06
 2.77310e-06
 2.65094e-06
 2.40107e-06
 2.02422e-06
 1.54001e-06
 1.01229e-06
 5.79551e-07
 3.08569e-07
 1.55093e-07
 7.46113e-08
 3.48786e-08
 1.65179e-08
 8.04745e-09
 3.77900e-09
 4.36254e-06
 4.77959e-06
 4.83380e-06
 4.66515e-06
 4.30136e-06
 3.73410e-06
 2.98757e-06
 2.10634e-06
 1.26573e-06
 6.71797e-07
 3.33605e-07
 1.56300e-07
 6.93287e-08
 2.99033e-08
 1.27269e-08
 5.06333e-09
 7.33894e-06
 8.20588e-06
 8.30835e-06
 8.01256e-06
 7.37551e-06
 6.40560e-06
 5.17080e-06
 3.77105e-06
 2.41281e-06
 1.33930e-06
 6.63624e-07
 3.09585e-07
 1.35940e-07
 5.70554e-08
 2.29034e-08
 8.22123e-09
 1.20137e-05
 1.30803e-05
 1.31458e-05
 1.27231e-05
 1.17976e-05
 1.03308e-05
 8.39511e-06
 6.14413e-06
 4.00283e-06
 2.33280e-06
 1.19961e-06
 5.61461e-07
 2.46905e-07
 1.03295e-07
 4.08771e-08
 1.41851e-08
 1.65907e-05
 1.73321e-05
 1.73205e-05
 1.69193e-05
 1.60187e-05
 1.44975e-05
 1.22900e-05
 9.37186e-06
 6.19768e-06
 3.63220e-06
 1.94718e-06
 9.36714e-07
 4.13287e-07
 1.73009e-07
 6.83522e-08
 2.36329e-08
 1.91419e-05
 1.95044e-05
 1.94430e-05
 1.91661e-05
 1.85448e-05
 1.74101e-05
 1.55500e-05
 1.27501e-05
 9.00285e-06
 5.36838e-06
 2.90140e-06
 1.44575e-06
 6.43532e-07
 2.68550e-07
 1.05959e-07
 3.67697e-08
 2.00969e-05
 2.02240e-05
 2.01622e-05
 2.00010e-05
 1.96321e-05
 1.89037e-05
 1.75583e-05
 1.52903e-05
 1.17551e-05
 7.44615e-06
 4.02190e-06
 2.04913e-06
 9.37264e-07
 3.88624e-07
 1.52630e-07
 5.31334e-08
 2.03986e-05
 2.04487e-05
 2.04238e-05
 2.03289e-05
 2.00904e-05
 1.96082e-05
 1.86597e-05
 1.68524e-05
 1.37816e-05
 9.36507e-06
 5.20296e-06
 2.67142e-06
 1.26517e-06
 5.27593e-07
 2.05693e-07
 7.18303e-08
 2.05094e-05
 2.05601e-05
 2.05511e-05
 2.04888e-05
 2.03162e-05
 1.99447e-05
 1.92115e-05
 1.77190e-05
 1.49904e-05
 1.07313e-05
 6.22202e-06
 3.21544e-06
 1.56890e-06
 6.71747e-07
 2.59392e-07
 9.02116e-08
 2.05554e-05
 2.06088e-05
 2.06059e-05
 2.05563e-05
 2.04098e-05
 2.00822e-05
 1.94294e-05
 1.80622e-05
 1.54706e-05
 1.13179e-05
 6.73012e-06
 3.53175e-06
 1.77037e-06
 7.84871e-07
 3.05386e-07
 1.07044e-07
 2.05649e-05
 2.06196e-05
 2.06168e-05
 2.05649e-05
 2.04137e-05
 2.00804e-05
 1.94125e-05
 1.80051e-05
 1.53614e-05
 1.11985e-05
 6.68326e-06
 3.55816e-06
 1.81323e-06
 8.19357e-07
 3.23623e-07
 1.15256e-07
 2.05111e-05
 2.05886e-05
 2.05885e-05
 2.05257e-05
 2.03458e-05
 1.99620e-05
 1.91803e-05
 1.75885e-05
 1.47626e-05
 1.05472e-05
 6.23429e-06
 3.35772e-06
 1.71878e-06
 7.77156e-07
 3.09829e-07
 1.11706e-07
 2.03297e-05
 2.04800e-05
 2.04987e-05
 2.04247e-05
 2.01952e-05
 1.96843e-05
 1.86348e-05
 1.66953e-05
 1.35742e-05
 9.35649e-06
 5.45270e-06
 2.98160e-06
 1.52318e-06
 6.84018e-07
 2.76317e-07
 1.01231e-07
 1.99232e-05
 2.02505e-05
 2.03363e-05
 2.02525e-05
 1.98855e-05
 1.90504e-05
 1.75484e-05
 1.51619e-05
 1.17241e-05
 7.72161e-06
 4.47337e-06
 2.47196e-06
 1.24688e-06
 5.55033e-07
 2.27919e-07
 8.50248e-08
 1.88487e-05
 1.95848e-05
 1.98353e-05
 1.96826e-05
 1.90256e-05
 1.76966e-05
 1.56532e-05
 1.28170e-05
 9.25805e-06
 5.83864e-06
 3.41162e-06
 1.87570e-06
 9.25036e-07
 4.12501e-07
 1.72487e-07
 6.57298e-08
 1.60547e-05
 1.72378e-05
 1.77181e-05
 1.75647e-05
 1.67215e-05
 1.50676e-05
 1.26426e-05
 9.62272e-06
 6.53062e-06
 4.05602e-06
 2.37685e-06
 1.27674e-06
 6.18401e-07
 2.79279e-07
 1.18756e-07
 4.62368e-08
 1.16885e-05
 1.27274e-05
 1.31773e-05
 1.30652e-05
 1.22953e-05
 1.07883e-05
 8.67039e-06
 6.29229e-06
 4.18908e-06
 2.61218e-06
 1.49809e-06
 7.84727e-07
 3.80235e-07
 1.73712e-07
 7.47660e-08
 2.95856e-08
 7.47867e-06
 7.94610e-06
 8.07515e-06
 7.90098e-06
 7.36922e-06
 6.41514e-06
 5.13513e-06
 3.75032e-06
 2.49933e-06
 1.52246e-06
 8.51510e-07
 4.43386e-07
 2.16563e-07
 9.98495e-08
 4.34367e-08
 1.74435e-08
 4.07842e-06
 4.15691e-06
 4.08478e-06
 3.96880e-06
 3.78024e-06
 3.39074e-06
 2.77371e-06
 2.02304e-06
 1.31837e-06
 7.88029e-07
 4.40318e-07
 2.31182e-07
 1.13915e-07
 5.30311e-08
 2.33170e-08
 9.49769e-09
 1.66196e-06
 1.57239e-06
 1.47846e-06
 1.48748e-06
 1.52591e-06
 1.45616e-06
 1.23264e-06
 9.08551e-07
 5.96935e-07
 3.64472e-07
 2.07834e-07
 1.10654e-07
 5.52022e-08
 2.59991e-08
 1.15655e-08
 4.77858e-09
 4.90043e-07
 3.91871e-07
 3.38603e-07
 3.73321e-07
 4.43441e-07
 4.75985e-07
 4.38795e-07
 3.47443e-07
 2.41586e-07
 1.52978e-07
 8.94358e-08
 4.85365e-08
 2.46033e-08
 1.17507e-08
 5.29522e-09
 2.21943e-09
 9.87920e-08
 5.89671e-08
 4.91569e-08
 7.28420e-08
 1.11720e-07
 1.39754e-07
 1.41928e-07
 1.21226e-07
 8.92383e-08
 5.87063e-08
 3.53301e-08
 1.96255e-08
 1.01430e-08
 4.92543e-09
 2.25224e-09
 9.58115e-10
 1.31323e-08
 4.50170e-09
 4.35650e-09
 1.27715e-08
 2.65619e-08
 3.83467e-08
 4.26333e-08
 3.88638e-08
 3.01541e-08
 2.06750e-08
 1.28448e-08
 7.32104e-09
 3.86611e-09
 1.91215e-09
 8.88142e-10
 3.83470e-10
 1.55555e-09
 2.68419e-10
 5.28355e-10
 2.54549e-09
 6.22231e-09
 9.87011e-09
 1.17937e-08
 1.13614e-08
 9.21933e-09
 6.56819e-09
 4.20765e-09
 2.45835e-09
 1.32538e-09
 6.66966e-10
 3.14092e-10
 1.37358e-10
 1.12579e-07
 1.27187e-07
 1.27020e-07
 1.21558e-07
 1.11619e-07
 9.78487e-08
 8.04568e-08
 6.04229e-08
 4.22471e-08
 2.87998e-08
 1.92110e-08
 1.25737e-08
 8.01873e-09
 5.02977e-09
 3.08743e-09
 1.79017e-09
 4.67142e-07
 5.43155e-07
 5.46546e-07
 5.15684e-07
 4.56347e-07
 3.74402e-07
 2.77883e-07
 1.85038e-07
 1.15968e-07
 7.15350e-08
 4.39987e-08
 2.71369e-08
 1.66389e-08
 1.02239e-08
 6.18820e-09
 3.52212e-09
 1.21457e-06
 1.38767e-06
 1.39212e-06
 1.31326e-06
 1.15955e-06
 9.42700e-07
 6.82027e-07
 4.31011e-07
 2.48393e-07
 1.36415e-07
 7.28054e-08
 3.86471e-08
 2.06848e-08
 1.14770e-08
 6.48618e-09
 3.47218e-09
 2.51258e-06
 2.76094e-06
 2.77310e-06
 2.65094e-06
 2.40107e-06
 2.02422e-06
 1.54001e-06
 1.01229e-06
 5.79551e-07
 3.08569e-07
 1.55093e-07
 7.46113e-08
 3.48786e-08
 1.65179e-08
 8.04745e-09
 3.77900e-09
 4.36254e-06
 4.77959e-06
 4.83380e-06
 4.66515e-06
 4.30136e-06
 3.73410e-06
 2.98757e-06
 2.10634e-06
 1.26573e-06
 6.71797e-07
 3.33605e-07
 1.56300e-07
 6.93287e-08
 2.99033e-08
 1.27269e-08
 5.06333e-09
 7.33894e-06
 8.20588e-06
 8.30835e-06
 8.01256e-06
 7.37551e-06
 6.40560e-06
 5.17080e-06
 3.77105e-06
 2.41281e-06
 1.33930e-06
 6.63624e-07
 3.09585e-07
 1.35940e-07
 5.70554e-08
 2.29034e-08
 8.22123e-09
 1.20137e-05
 1.30803e-05
 1.31458e-05
 1.27231e-05
 1.17976e-05
 1.03308e-05
 8.39511e-06
 6.14413e-06
 4.00283e-06
 2.33280e-06
 1.19961e-06
 5.61461e-07
 2.46905e-07
 1.03295e-07
 4.08771e-08
 1.41851e-08
 1.65907e-05
 1.73321e-05
 1.73205e-05
 1.69193e-05
 1.60187e-05
 1.44975e-05
 1.22900e-05
 9.37186e-06
 6.19768e-06
 3.63220e-06
 1.94718e-06
 9.36714e-07
 4.13287e-07
 1.73009e-07
 6.83522e-08
 2.36329e-08
 1.91419e-05
 1.95044e-05
 1.94430e-05
 1.91661e-05
 1.85448e-05
 1.74101e-05
 1.55500e-05
 1.27501e-05
 9.00285e-06
 5.36838e-06
 2.90140e-06
 1.44575e-06
 6.43532e-07
 2.68550e-07
 1.05959e-07
 3.67697e-08
 2.00969e-05
 2.02240e-05
 2.01622e-05
 2.00010e-05
 1.96321e-05
 1.89037e-05
 1.75583e-05
 1.52903e-05
 1.17551e-05
 7.44615e-06
 4.02190e-06
 2.04913e-06
 9.37264e-07
 3.88624e-07
 1.52630e-07
 5.31334e-08
 2.03986e-05
 2.04487e-05
 2.04238e-05
 2.03289e-05
 2.00904e-05
 1.96082e-05
 1.86597e-05
 1.68524e-05
 1.37816e-05
 9.36507e-06
 5.20296e-06
 2.67142e-06
 1.26517e-06
 5.27593e-07
 2.05693e-07
 7.18303e-08
 2.05094e-05
 2.05601e-05
 2.05511e-05
 2.04888e-05
 2.03162e-05
 1.99447e-05
 1.92115e-05
 1.77190e-05
 1.49904e-05
 1.07313e-05
 6.22202e-06
 3.21544e-06
 1.56890e-06
 6.71747e-07
 2.59392e-07
 9.02116e-08
 2.05554e-05
 2.06088e-05
 2.06059e-05
 2.05563e-05
 2.04098e-05
 2.00822e-05
 1.94294e-05
 1.80622e-05
 1.54706e-05
 1.13179e-05
 6.73012e-06
 3.53175e-06
 1.77037e-06
 7.84871e-07
 3.05386e-07
 1.07044e-07
 2.05649e-05
 2.06196e-05
 2.06168e-05
 2.05649e-05
 2.04137e-05
 2.00804e-05
 1.94125e-05
 1.80051e-05
 1.53614e-05
 1.11985e-05
 6.68326e-06
 3.55816e-06
 1.81323e-06
 8.19357e-07
 3.23623e-07
 1.15256e-07
 2.05111e-05
 2.05886e-05
 2.05885e-05
 2.05257e-05
 2.03458e-05
 1.99620e-05
 1.91803e-05
 1.75885e-05
 1.47626e-05
 1.05472e-05
 6.23429e-06
 3.35772e-06
 1.71878e-06
 7.77156e-07
 3.09829e-07
 1.11706e-07
 2.03297e-05
 2.04800e-05
 2.04987e-05
 2.04247e-05
 2.01952e-05
 1.96843e-05
 1.86348e-05
 1.66953e-05
 1.35742e-05
 9.35649e-06
 5.45270e-06
 2.98160e-06
 1.52318e-06
 6.84018e-07
 2.76317e-07
 1.01231e-07
 1.99232e-05
 2.02505e-05
 2.03363e-05
 2.02525e-05
 1.98855e-05
 1.90504e-05
 1.75484e-05
 1.51619e-05
 1.17241e-05
 7.72161e-06
 4.47337e-06
 2.47196e-06
 1.24688e-06
 5.55033e-07
 2.27919e-07
 8.50248e-08
 1.88487e-05
 1.95848e-05
 1.98353e-05
 1.96826e-05
 1.90256e-05
 1.76966e-05
 1.56532e-05
 1.28170e-05
 9.25805e-06
 5.83864e-06
 3.41162e-06
 1.87570e-06
 9.25036e-07
 4.12501e-07
 1.72487e-07
 6.57298e-08
 1.60547e-05
 1.72378e-05
 1.77181e-05
 1.75647e-05
 1.67215e-05
 1.50676e-05
 1.26426e-05
 9.62272e-06
 6.53062e-06
 4.05602e-06
 2.37685e-06
 1.27674e-06
 6.18401e-07
 2.79279e-07
 1.18756e-07
 4.62368e-08
 1.16885e-05
 1.27274e-05
 1.31773e-05
 1.30652e-05
 1.22953e-05
 1.07883e-05
 8.67039e-06
 6.29229e-06
 4.18908e-06
 2.61218e-06
 1.49809e-06
 7.84727e-07
 3.80235e-07
 1.73712e-07
 7.47660e-08
 2.95856e-08
 7.47867e-06
 7.94610e-06
 8.07515e-06
 7.90098e-06
 7.36922e-06
 6.41514e-06
 5.13513e-06
 3.75032e-06
 2.49933e-06
 1.52246e-06
 8.51510e-07
 4.43386e-07
 2.16563e-07
 9.98495e-08
 4.34367e-08
 1.74435e-08
 4.07842e-06
 4.15691e-06
 4.08478e-06
 3.96880e-06
 3.78024e-06
 3.39074e-06
 2.77371e-06
 2.02304e-06
 1.31837e-06
 7.88029e-07
 4.40318e-07
 2.31182e-07
 1.13915e-07
 5.30311e-08
 2.33170e-08
 9.49769e-09
 1.66196e-06
 1.57239e-06
 1.47846e-06
 1.48748e-06
 1.52591e-06
 1.45616e-06
 1.23264e-06
 9.08551e-07
 5.96935e-07
 3.64472e-07
 2.07834e-07
 1.10654e-07
 5.52022e-08
 2.59991e-08
 1.15655e-08
 4.77858e-09
 4.90043e-07
 3.91871e-07
 3.38603e-07
 3.73321e-07
 4.43441e-07
 4.75985e-07
 4.38795e-07
 3.47443e-07
 2.41586e-07
 1.52978e-07
 8.94358e-08
 4.85365e-08
 2.46033e-08
 1.17507e-08
 5.29522e-09
 2.21943e-09
 9.87920e-08
 5.89671e-08
 4.91569e-08
 7.28420e-08
 1.11720e-07
 1.39754e-07
 1.41928e-07
 1.21226e-07
 8.92383e-08
 5.87063e-08
 3.53301e-08
 1.96255e-08
 1.01430e-08
 4.92543e-09
 2.25224e-09
 9.58115e-10
 1.31323e-08
 4.50170e-09
 4.35650e-09
 1.27715e-08
 2.65619e-08
 3.83467e-08
 4.26333e-08
 3.88638e-08
 3.01541e-08
 2.06750e-08
 1.28448e-08
 7.32104e-09
 3.86611e-09
 1.91215e-09
 8.88142e-10
 3.83470e-10
 1.55555e-09
 2.68419e-10
 5.28355e-10
 2.54549e-09
 6.22231e-09
 9.87011e-09
 1.17937e-08
 1.13614e-08
 9.21933e-09
 6.56819e-09
 4.20765e-09
 2.45835e-09
 1.32538e-09
 6.66966e-10
 3.14092e-10
 1.37358e-10
part
         4
coordinates
 5.02977e-09
 3.08743e-09
 1.79017e-09
 1.03456e-09
 5.83031e-10
 3.20543e-10
 1.72019e-10
 9.01673e-11
 4.61983e-11
 2.31573e-11
 1.13621e-11
 5.47301e-12
 2.55889e-12
 1.27291e-12
 4.84140e-13
 1.02239e-08
 6.18820e-09
 3.52212e-09
 2.03675e-09
 1.15009e-09
 6.32742e-10
 3.39637e-10
 1.78043e-10
 9.12279e-11
 4.57331e-11
 2.24424e-11
 1.08097e-11
 5.07577e-12
 2.39263e-12
 8.11397e-13
 1.14770e-08
 6.48618e-09
 3.47218e-09
 1.95539e-09
 1.08876e-09
 5.98719e-10
 3.22016e-10
 1.68894e-10
 8.65360e-11
 4.33693e-11
 2.12783e-11
 1.02359e-11
 4.86174e-12
 2.13868e-12
 5.76765e-13
 1.65179e-08
 8.04745e-09
 3.77900e-09
 1.95396e-09
 1.02889e-09
 5.45706e-10
 2.89908e-10
 1.52463e-10
 7.82532e-11
 3.92327e-11
 1.92471e-11
 9.23480e-12
 4.43905e-12
 1.94634e-12
 4.66970e-13
 2.99033e-08
 1.27269e-08
 5.06333e-09
 2.25720e-09
 1.06106e-09
 5.16587e-10
 2.58198e-10
 1.31764e-10
 6.75933e-11
 3.41034e-11
 1.67855e-11
 8.04713e-12
 3.89365e-12
 1.73564e-12
 4.05105e-13
 5.70554e-08
 2.29034e-08
 8.22123e-09
 3.17654e-09
 1.27766e-09
 5.46804e-10
 2.46324e-10
 1.15327e-10
 5.62995e-11
 2.81219e-11
 1.39604e-11
 6.73571e-12
 3.27118e-12
 1.47452e-12
 3.43784e-13
 1.03295e-07
 4.08771e-08
 1.41851e-08
 5.09420e-09
 1.81788e-09
 6.70863e-10
 2.64109e-10
 1.10612e-10
 4.86324e-11
 2.26149e-11
 1.09973e-11
 5.33098e-12
 2.61097e-12
 1.18717e-12
 2.79242e-13
 1.73009e-07
 6.83522e-08
 2.36329e-08
 8.29317e-09
 2.80539e-09
 9.38022e-10
 3.22555e-10
 1.18300e-10
 4.64159e-11
 1.92743e-11
 8.59741e-12
 4.02752e-12
 1.96903e-12
 9.00399e-13
 2.13283e-13
 2.68550e-07
 1.05959e-07
 3.67697e-08
 1.28523e-08
 4.28264e-09
 1.37485e-09
 4.35119e-10
 1.41223e-10
 4.88560e-11
 1.80931e-11
 7.15877e-12
 3.06250e-12
 1.43014e-12
 6.44902e-13
 1.52668e-13
 3.88624e-07
 1.52630e-07
 5.31334e-08
 1.85799e-08
 6.18361e-09
 1.96532e-09
 6.02002e-10
 1.81711e-10
 5.62600e-11
 1.85508e-11
 6.54275e-12
 2.47744e-12
 1.05081e-12
 4.49354e-13
 1.04407e-13
 5.27593e-07
 2.05693e-07
 7.18303e-08
 2.51674e-08
 8.40055e-09
 2.67225e-09
 8.11820e-10
 2.37538e-10
 6.85975e-11
 2.04246e-11
 6.47476e-12
 2.17905e-12
 8.14276e-13
 3.16394e-13
 7.03692e-14
 6.71747e-07
 2.59392e-07
 9.02116e-08
 3.14942e-08
 1.05234e-08
 3.35935e-09
 1.02394e-09
 2.98554e-10
 8.40667e-11
 2.34637e-11
 6.76613e-12
 2.06344e-12
 6.80578e-13
 2.34285e-13
 4.86790e-14
 7.84871e-07
 3.05386e-07
 1.07044e-07
 3.74398e-08
 1.25332e-08
 4.01630e-09
 1.23157e-09
 3.61380e-10
 1.01501e-10
 2.74780e-11
 7.37901e-12
 2.05200e-12
 6.06770e-13
 1.84869e-13
 3.54361e-14
 8.19357e-07
 3.23623e-07
 1.15256e-07
 4.06501e-08
 1.36834e-08
 4.40986e-09
 1.36220e-09
 4.03175e-10
 1.14187e-10
 3.09410e-11
 8.09915e-12
 2.10811e-12
 5.68591e-13
 1.55330e-13
 2.73451e-14
 7.77156e-07
 3.09829e-07
 1.11706e-07
 3.97120e-08
 1.34711e-08
 4.37367e-09
 1.36160e-09
 4.06501e-10
 1.16345e-10
 3.19126e-11
 8.39921e-12
 2.13931e-12
 5.45176e-13
 1.36831e-13
 2.22965e-14
 6.84018e-07
 2.76317e-07
 1.01231e-07
 3.63614e-08
 1.24501e-08
 4.07426e-09
 1.27654e-09
 3.83384e-10
 1.10415e-10
 3.04965e-11
 8.07935e-12
 2.05846e-12
 5.12562e-13
 1.21543e-13
 1.86759e-14
 5.55033e-07
 2.27919e-07
 8.50248e-08
 3.09212e-08
 1.07051e-08
 3.53751e-09
 1.11789e-09
 3.38362e-10
 9.81972e-11
 2.73389e-11
 7.30185e-12
 1.86991e-12
 4.61432e-13
 1.05768e-13
 1.55139e-14
 4.12501e-07
 1.72487e-07
 6.57298e-08
 2.42850e-08
 8.52409e-09
 2.85033e-09
 9.10123e-10
 2.78072e-10
 8.14188e-11
 2.28667e-11
 6.16167e-12
 1.59032e-12
 3.92518e-13
 8.83360e-14
 1.24727e-14
 2.79279e-07
 1.18756e-07
 4.62368e-08
 1.73785e-08
 6.19682e-09
 2.10228e-09
 6.80255e-10
 2.10398e-10
 6.23065e-11
 1.76879e-11
 4.81632e-12
 1.25570e-12
 3.11696e-13
 6.94369e-14
 9.44494e-15
 1.73712e-07
 7.47660e-08
 2.95856e-08
 1.12789e-08
 4.08232e-09
 1.40620e-09
 4.61882e-10
 1.44894e-10
 4.34787e-11
 1.24967e-11
 3.44289e-12
 9.07902e-13
 2.27249e-13
 4.99668e-14
 6.35778e-15
 9.98495e-08
 4.34367e-08
 1.74435e-08
 6.73476e-09
 2.46977e-09
 8.61998e-10
 2.86797e-10
 9.10990e-11
 2.76673e-11
 8.04416e-12
 2.24027e-12
 5.96716e-13
 1.50085e-13
 3.21878e-14
 3.77355e-15
 5.30311e-08
 2.33170e-08
 9.49769e-09
 3.71153e-09
 1.37795e-09
 4.86815e-10
 1.63906e-10
 5.26693e-11
 1.61754e-11
 4.75314e-12
 1.33695e-12
 3.58768e-13
 8.95790e-14
 1.85552e-14
 2.19828e-15
 2.59991e-08
 1.15655e-08
 4.77858e-09
 1.89000e-09
 7.10244e-10
 2.53919e-10
 8.64825e-11
 2.81004e-11
 8.72183e-12
 2.58837e-12
 7.34370e-13
 1.97406e-13
 4.78855e-14
 9.44108e-15
 1.25869e-15
 1.17507e-08
 5.29522e-09
 2.21943e-09
 8.88445e-10
 3.37872e-10
 1.22199e-10
 4.20865e-11
 1.38217e-11
 4.33360e-12
 1.29824e-12
 3.70687e-13
 9.84137e-14
 2.25826e-14
 4.33095e-15
 6.60554e-16
 4.92543e-09
 2.25224e-09
 9.58115e-10
 3.88427e-10
 1.49539e-10
 5.47232e-11
 1.90605e-11
 6.32765e-12
 2.00461e-12
 6.05935e-13
 1.72666e-13
 4.38493e-14
 9.38546e-15
 2.01288e-15
 3.19973e-16
 1.91215e-09
 8.88142e-10
 3.83470e-10
 1.57509e-10
 6.13883e-11
 2.27261e-11
 8.00330e-12
 2.68533e-12
 8.58845e-13
 2.60157e-13
 7.20962e-14
 1.69631e-14
 3.60839e-15
 9.04300e-16
 1.43286e-16
 6.66966e-10
 3.14092e-10
 1.37358e-10
 5.70631e-11
 2.24664e-11
 8.39443e-12
 2.98167e-12
 1.00781e-12
 3.22857e-13
 9.57985e-14
 2.48463e-14
 5.59367e-15
 1.41015e-15
 3.56608e-16
 5.90632e-17
 5.02977e-09
 3.08743e-09
 1.79017e-09
 1.03456e-09
 5.83031e-10
 3.20543e-10
 1.72019e-10
 9.01673e-11
 4.61983e-11
 2.31573e-11
 1.13621e-11
 5.47301e-12
 2.55889e-12
 1.27291e-12
 4.84140e-13
 1.02239e-08
 6.18820e-09
 3.52212e-09
 2.03675e-09
 1.15009e-09
 6.32742e-10
 3.39637e-10
 1.78043e-10
 9.12279e-11
 4.57331e-11
 2.24424e-11
 1.08097e-11
 5.07577e-12
 2.39263e-12
 8.11397e-13
 1.14770e-08
 6.48618e-09
 3.47218e-09
 1.95539e-09
 1.08876e-09
 5.98719e-10
 3.22016e-10
 1.68894e-10
 8.65360e-11
 4.33693e-11
 2.12783e-11
 1.02359e-11
 4.86174e-12
 2.13868e-12
 5.76765e-13
 1.65179e-08
 8.04745e-09
 3.77900e-09
 1.95396e-09
 1.02889e-09
 5.45706e-10
 2.89908e-10
 1.52463e-10
 7.82532e-11
 3.92327e-11
 1.92471e-11
 9.23480e-12
 4.43905e-12
 1.94634e-12
 4.66970e-13
 2.99033e-08
 1.27269e-08
 5.06333e-09
 2.25720e-09
 1.06106e-09
 5.16587e-10
 2.58198e-10
 1.31764e-10
 6.75933e-11
 3.41034e-11
 1.67855e-11
 8.04713e-12
 3.89365e-12
 1.73564e-12
 4.05105e-13
 5.70554e-08
 2.29034e-08
 8.22123e-09
 3.17654e-09
 1.27766e-09
 5.46804e-10
 2.46324e-10
 1.15327e-10
 5.62995e-11
 2.81219e-11
 1.39604e-11
 6.73571e-12
 3.27118e-12
 1.47452e-12
 3.43784e-13
 1.03295e-07
 4.08771e-08
 1.41851e-08
 5.09420e-09
 1.81788e-09
 6.70863e-10
 2.64109e-10
 1.10612e-10
 4.86324e-11
 2.26149e-11
 1.09973e-11
 5.33098e-12
 2.61097e-12
 1.18717e-12
 2.79242e-13
 1.73009e-07
 6.83522e-08
 2.36329e-08
 8.29317e-09
 2.80539e-09
 9.38022e-10
 3.22555e-10
 1.18300e-10
 4.64159e-11
 1.92743e-11
 8.59741e-12
 4.02752e-12
 1.96903e-12
 9.00399e-13
 2.13283e-13
 2.68550e-07
 1.05959e-07
 3.67697e-08
 1.28523e-08
 4.28264e-09
 1.37485e-09
 4.35119e-10
 1.41223e-10
 4.88560e-11
 1.80931e-11
 7.15877e-12
 3.06250e-12
 1.43014e-12
 6.44902e-13
 1.52668e-13
 3.88624e-07
 1.52630e-07
 5.31334e-08
 1.85799e-08
 6.18361e-09
 1.96532e-09
 6.02002e-10
 1.81711e-10
 5.62600e-11
 1.85508e-11
 6.54275e-12
 2.47744e-12
 1.05081e-12
 4.49354e-13
 1.04407e-13
 5.27593e-07
 2.05693e-07
 7.18303e-08
 2.51674e-08
 8.40055e-09
 2.67225e-09
 8.11820e-10
 2.37538e-10
 6.85975e-11
 2.04246e-11
 6.47476e-12
 2.17905e-12
 8.14276e-13
 3.16394e-13
 7.03692e-14
 6.71747e-07
 2.59392e-07
 9.02116e-08
 3.14942e-08
 1.05234e-08
 3.35935e-09
 1.02394e-09
 2.98554e-10
 8.40667e-11
 2.34637e-11
 6.76613e-12
 2.06344e-12
 6.80578e-13
 2.34285e-13
 4.86790e-14
 7.84871e-07
 3.05386e-07
 1.07044e-07
 3.74398e-08
 1.25332e-08
 4.01630e-09
 1.23157e-09
 3.61380e-10
 1.01501e-10
 2.74780e-11
 7.37901e-12
 2.05200e-12
 6.06770e-13
 1.84869e-13
 3.54361e-14
 8.19357e-07
 3.23623e-07
 1.15256e-07
 4.06501e-08
 1.36834e-08
 4.40986e-09
 1.36220e-09
 4.03175e-10
 1.14187e-10
 3.09410e-11
 8.09915e-12
 2.10811e-12
 5.68591e-13
 1.55330e-13
 2.73451e-14
 7.77156e-07
 3.09829e-07
 1.11706e-07
 3.97120e-08
 1.34711e-08
 4.37367e-09
 1.36160e-09
 4.06501e-10
 1.16345e-10
 3.19126e-11
 8.39921e-12
 2.13931e-12
 5.45176e-13
 1.36831e-13
 2.22965e-14
 6.84018e-07
 2.76317e-07
 1.01231e-07
 3.63614e-08
 1.24501e-08
 4.07426e-09
 1.27654e-09
 3.83384e-10
 1.10415e-10
 3.04965e-11
 8.07935e-12
 2.05846e-12
 5.12562e-13
 1.21543e-13
 1.86759e-14
 5.55033e-07
 2.27919e-07
 8.50248e-08
 3.09212e-08
 1.07051e-08
 3.53751e-09
 1.11789e-09
 3.38362e-10
 9.81972e-11
 2.73389e-11
 7.30185e-12
 1.86991e-12
 4.61432e-13
 1.05768e-13
 1.55139e-14
 4.12501e-07
 1.72487e-07
 6.57298e-08
 2.42850e-08
 8.52409e-09
 2.85033e-09
 9.10123e-10
 2.78072e-10
 8.14188e-11
 2.28667e-11
 6.16167e-12
 1.59032e-12
 3.92518e-13
 8.83360e-14
 1.24727e-14
 2.79279e-07
 1.18756e-07
 4.62368e-08
 1.73785e-08
 6.19682e-09
 2.10228e-09
 6.80255e-10
 2.10398e-10
 6.23065e-11
 1.76879e-11
 4.81632e-12
 1.25570e-12
 3.11696e-13
 6.94369e-14
 9.44494e-15
 1.73712e-07
 7.47660e-08
 2.95856e-08
 1.12789e-08
 4.08232e-09
 1.40620e-09
 4.61882e-10
 1.44894e-10
 4.34787e-11
 1.24967e-11
 3.44289e-12
 9.07902e-13
 2.27249e-13
 4.99668e-14
 6.35778e-15
 9.98495e-08
 4.34367e-08
 1.74435e-08
 6.73476e-09
 2.46977e-09
 8.61998e-10
 2.86797e-10
 9.10990e-11
 2.76673e-11
 8.04416e-12
 2.24027e-12
 5.96716e-13
 1.50085e-13
 3.21878e-14
 3.77355e-15
 5.30311e-08
 2.33170e-08
 9.49769e-09
 3.71153e-09
 1.37795e-09
 4.86815e-10
 1.63906e-10
 5.26693e-11
 1.61754e-11
 4.75314e-12
 1.33695e-12
 3.58768e-13
 8.95790e-14
 1.85552e-14
 2.19828e-15
 2.59991e-08
 1.15655e-08
 4.77858e-09
 1.89000e-09
 7.10244e-10
 2.53919e-10
 8.64825e-11
 2.81004e-11
 8.72183e-12
 2.58837e-12
 7.34370e-13
 1.97406e-13
 4.78855e-14
 9.44108e-15
 1.25869e-15
 1.17507e-08
 5.29522e-09
 2.21943e-09
 8.88445e-10
 3.37872e-10
 1.22199e-10
 4.20865e-11
 1.38217e-11
 4.33360e-12
 1.29824e-12
 3.70687e-13
 9.84137e-14
 2.25826e-14
 4.33095e-15
 6.60554e-16
 4.92543e-09
 2.25224e-09
 9.58115e-10
 3.88427e-10
 1.49539e-10
 5.47232e-11
 1.90605e-11
 6.32765e-12
 2.00461e-12
 6.05935e-13
 1.72666e-13
 4.38493e-14
 9.38546e-15
 2.01288e-15
 3.19973e-16
 1.91215e-09
 8.88142e-10
 3.83470e-10
 1.57509e-10
 6.13883e-11
 2.27261e-11
 8.00330e-12
 2.68533e-12
 8.58845e-13
 2.60157e-13
 7.20962e-14
 1.69631e-14
 3.60839e-15
 9.04300e-16
 1.43286e-16
 6.66966e-10
 3.14092e-10
 1.37358e-10
 5.70631e-11
 2.24664e-11
 8.39443e-12
 2.98167e-12
 1.00781e-12
 3.22857e-13
 9.57985e-14
 2.48463e-14
 5.59367e-15
 1.41015e-15
 3.56608e-16
 5.90632e-17
part
         5
coordinates
 5.95308e-16
 4.12255e-15
 2.31218e-14
 1.04709e-13
 4.24589e-13
 1.60713e-12
 5.69935e-12
 1.89167e-11
 5.86831e-11
 1.69948e-10
 4.59120e-10
 1.15693e-09
 2.72760e-09
 5.95615e-09
 3.13208e-16
 2.03045e-15
 1.14112e-14
 5.24570e-14
 2.10868e-13
 7.84828e-13
 2.73343e-12
 8.90673e-12
 2.71195e-11
 7.70789e-11
 2.04340e-10
 5.05121e-10
 1.16761e-09
 2.49275e-09
 1.59857e-16
 1.02260e-15
 5.28219e-15
 2.48084e-14
 9.98083e-14
 3.65445e-13
 1.24792e-12
 3.98268e-12
 1.18695e-11
 3.29996e-11
 8.55038e-11
 2.06281e-10
 4.64647e-10
 9.64167e-10
 7.43143e-17
 4.60884e-16
 2.11953e-15
 1.02068e-14
 4.17867e-14
 1.51403e-13
 5.07211e-13
 1.58467e-12
 4.61821e-12
 1.25415e-11
 3.16900e-11
 7.43738e-11
 1.62685e-10
 3.26887e-10
 3.13583e-17
 1.89105e-16
 7.97624e-16
 3.62570e-15
 1.55272e-14
 5.66988e-14
 1.86841e-13
 5.71255e-13
 1.62595e-12
 4.30470e-12
 1.05778e-11
 2.40626e-11
 5.09255e-11
 9.86483e-11
 1.20238e-17
 7.06083e-17
 2.91974e-16
 1.11918e-15
 5.02213e-15
 1.89757e-14
 6.20962e-14
 1.85982e-13
 5.16348e-13
 1.32968e-12
 3.16776e-12
 6.95907e-12
 1.41934e-11
 2.63839e-11
 4.18961e-18
 2.39698e-17
 9.71026e-17
 3.65218e-16
 1.44592e-15
 5.53508e-15
 1.83985e-14
 5.43831e-14
 1.47319e-13
 3.68264e-13
 8.48024e-13
 1.79273e-12
 3.50949e-12
 6.23118e-12
 1.32594e-18
 7.38950e-18
 2.92945e-17
 1.07982e-16
 3.73189e-16
 1.37335e-15
 4.72796e-15
 1.40991e-14
 3.75218e-14
 9.10403e-14
 2.02192e-13
 4.10019e-13
 7.67285e-13
 1.29440e-12
 3.80810e-19
 2.06595e-18
 8.00352e-18
 2.88689e-17
 9.75151e-17
 3.06936e-16
 1.02580e-15
 3.15310e-15
 8.38898e-15
 1.98997e-14
 4.27031e-14
 8.29465e-14
 1.47756e-13
 2.35740e-13
 9.91434e-20
 5.23080e-19
 1.97690e-18
 6.96512e-18
 2.29494e-17
 7.03302e-17
 1.99964e-16
 5.93614e-16
 1.56714e-15
 3.73366e-15
 7.86699e-15
 1.47105e-14
 2.49390e-14
 3.74801e-14
 2.33740e-20
 1.19776e-19
 4.40790e-19
 1.51380e-18
 4.85442e-18
 1.44493e-17
 3.98100e-17
 1.01185e-16
 2.36404e-16
 5.74238e-16
 1.20678e-15
 2.19005e-15
 3.60077e-15
 5.15431e-15
 4.98669e-21
 2.47729e-20
 8.86140e-20
 2.95970e-19
 9.21486e-19
 2.65716e-18
 7.07501e-18
 1.73324e-17
 3.89241e-17
 7.97953e-17
 1.48445e-16
 2.48426e-16
 4.13967e-16
 5.90840e-16
 9.63762e-22
 4.62256e-21
 1.60504e-20
 5.20209e-20
 1.56855e-19
 4.37067e-19
 1.12178e-18
 2.64209e-18
 5.68918e-18
 1.11579e-17
 1.98413e-17
 3.15370e-17
 4.46246e-17
 5.60850e-17
 1.70472e-22
 7.77596e-22
 2.61847e-21
 8.22305e-21
 2.39531e-20
 6.43498e-20
 1.58863e-19
 3.59040e-19
 7.39921e-19
 1.38517e-18
 2.34873e-18
 3.53586e-18
 4.75527e-18
 5.73120e-18
 2.91962e-23
 1.18637e-22
 3.84463e-22
 1.17110e-21
 3.28796e-21
 8.50143e-21
 2.01560e-20
 4.36684e-20
 8.61054e-20
 1.53839e-19
 2.48030e-19
 3.54793e-19
 4.56174e-19
 5.30634e-19
 6.11336e-24
 1.75908e-23
 5.06993e-23
 1.50752e-22
 4.07194e-22
 1.01236e-21
 2.30316e-21
 4.78137e-21
 9.02899e-21
 1.54617e-20
 2.36837e-20
 3.22871e-20
 3.98825e-20
 4.49181e-20
 2.49081e-24
 3.80835e-24
 6.04395e-24
 1.76087e-23
 4.57425e-23
 1.09365e-22
 2.38902e-22
 4.75586e-22
 8.60508e-22
 1.41236e-21
 2.06698e-21
 2.70754e-21
 3.23641e-21
 3.54933e-21
 2.02481e-24
 2.19247e-24
 6.84506e-25
 1.87632e-24
 4.69132e-24
 1.07938e-23
 2.26838e-23
 4.34165e-23
 7.54725e-23
 1.18811e-22
 1.67167e-22
 2.11932e-22
 2.46467e-22
 2.64544e-22
 2.35640e-24
 2.38416e-24
 8.23760e-26
 1.87436e-25
 4.43336e-25
 9.80059e-25
 1.98518e-24
 3.66517e-24
 6.15584e-24
 9.31779e-24
 1.26609e-23
 1.56251e-23
 1.77415e-23
 1.86590e-23
 3.03184e-24
 3.04008e-24
 1.59536e-26
 2.07106e-26
 4.01429e-26
 8.28399e-26
 1.61368e-25
 2.87655e-25
 4.67903e-25
 6.86385e-25
 9.07425e-25
 1.09335e-24
 1.21141e-24
 1.23354e-24
 4.11365e-24
 4.11787e-24
 6.65890e-27
 4.36294e-27
 4.49935e-27
 6.98326e-27
 1.24157e-26
 2.12206e-26
 3.34397e-26
 4.77111e-26
 6.14730e-26
 7.22897e-26
 7.82481e-26
 7.70892e-26
 6.05752e-24
 6.06042e-24
 4.28080e-27
 2.10468e-27
 1.19885e-27
 9.12764e-28
 1.05756e-27
 1.53936e-27
 2.27983e-27
 3.15393e-27
 3.94544e-27
 4.51192e-27
 4.75978e-27
 4.73165e-27
 9.50529e-24
 9.50746e-24
 3.17037e-27
 1.46680e-27
 6.91325e-28
 3.47404e-28
 2.06515e-28
 1.60126e-28
 1.70203e-28
 2.07986e-28
 2.42674e-28
 2.66714e-28
 2.80297e-28
 2.92669e-28
 1.60706e-23
 1.60723e-23
 2.48642e-27
 1.13471e-27
 5.18970e-28
 2.38949e-28
 1.12223e-28
 5.56344e-29
 3.11327e-29
 2.11911e-29
 1.76620e-29
 1.68557e-29
 1.73206e-29
 1.92618e-29
 2.88600e-23
 2.88614e-23
 2.04419e-27
 9.26873e-28
 4.20389e-28
 1.90868e-28
 8.68141e-29
 3.95964e-29
 1.81608e-29
 8.47927e-30
 4.23435e-30
 2.55353e-30
 2.03880e-30
 2.05887e-30
 4.78019e-23
 4.78031e-23
 1.80509e-27
 8.14901e-28
 3.67844e-28
 1.66083e-28
 7.49723e-29
 3.37711e-29
 1.51342e-29
 6.75965e-30
 3.09100e-30
 1.58800e-30
 1.05447e-30
 9.23444e-31
 2.91439e-23
 2.91445e-23
 8.68999e-28
 3.91542e-28
 1.76377e-28
 7.94583e-29
 3.57785e-29
 1.60667e-29
 7.17182e-30
 3.18794e-30
 1.45046e-30
 7.40935e-31
 4.87847e-31
 4.22606e-31
 5.95308e-16
 4.12255e-15
 2.31218e-14
 1.04709e-13
 4.24589e-13
 1.60713e-12
 5.69935e-12
 1.89167e-11
 5.86831e-11
 1.69948e-10
 4.59120e-10
 1.15693e-09
 2.72760e-09
 5.95615e-09
 3.13208e-16
 2.03045e-15
 1.14112e-14
 5.24570e-14
 2.10868e-13
 7.84828e-13
 2.73343e-12
 8.90673e-12
 2.71195e-11
 7.70789e-11
 2.04340e-10
 5.05121e-10
 1.16761e-09
 2.49275e-09
 1.59857e-16
 1.02260e-15
 5.28219e-15
 2.48084e-14
 9.98083e-14
 3.65445e-13
 1.24792e-12
 3.98268e-12
 1.18695e-11
 3.29996e-11
 8.55038e-11
 2.06281e-10
 4.64647e-10
 9.64167e-10
 7.43143e-17
 4.60884e-16
 2.11953e-15
 1.02068e-14
 4.17867e-14
 1.51403e-13
 5.07211e-13
 1.58467e-12
 4.61821e-12
 1.25415e-11
 3.16900e-11
 7.43738e-11
 1.62685e-10
 3.26887e-10
 3.13583e-17
 1.89105e-16
 7.97624e-16
 3.62570e-15
 1.55272e-14
 5.66988e-14
 1.86841e-13
 5.71255e-13
 1.62595e-12
 4.30470e-12
 1.05778e-11
 2.40626e-11
 5.09255e-11
 9.86483e-11
 1.20238e-17
 7.06083e-17
 2.91974e-16
 1.11918e-15
 5.02213e-15
 1.89757e-14
 6.20962e-14
 1.85982e-13
 5.16348e-13
 1.32968e-12
 3.16776e-12
 6.95907e-12
 1.41934e-11
 2.63839e-11
 4.18961e-18
 2.39698e-17
 9.71026e-17
 3.65218e-16
 1.44592e-15
 5.53508e-15
 1.83985e-14
 5.43831e-14
 1.47319e-13
 3.68264e-13
 8.48024e-13
 1.79273e-12
 3.50949e-12
 6.23118e-12
 1.32594e-18
 7.38950e-18
 2.92945e-17
 1.07982e-16
 3.73189e-16
 1.37335e-15
 4.72796e-15
 1.40991e-14
 3.75218e-14
 9.10403e-14
 2.02192e-13
 4.10019e-13
 7.67285e-13
 1.29440e-12
 3.80810e-19
 2.06595e-18
 8.00352e-18
 2.88689e-17
 9.75151e-17
 3.06936e-16
 1.02580e-15
 3.15310e-15
 8.38898e-15
 1.98997e-14
 4.27031e-14
 8.29465e-14
 1.47756e-13
 2.35740e-13
 9.91434e-20
 5.23080e-19
 1.97690e-18
 6.96512e-18
 2.29494e-17
 7.03302e-17
 1.99964e-16
 5.93614e-16
 1.56714e-15
 3.73366e-15
 7.86699e-15
 1.47105e-14
 2.49390e-14
 3.74801e-14
 2.33740e-20
 1.19776e-19
 4.40790e-19
 1.51380e-18
 4.85442e-18
 1.44493e-17
 3.98100e-17
 1.01185e-16
 2.36404e-16
 5.74238e-16
 1.20678e-15
 2.19005e-15
 3.60077e-15
 5.15431e-15
 4.98669e-21
 2.47729e-20
 8.86140e-20
 2.95970e-19
 9.21486e-19
 2.65716e-18
 7.07501e-18
 1.73324e-17
 3.89241e-17
 7.97953e-17
 1.48445e-16
 2.48426e-16
 4.13967e-16
 5.90840e-16
 9.63762e-22
 4.62256e-21
 1.60504e-20
 5.20209e-20
 1.56855e-19
 4.37067e-19
 1.12178e-18
 2.64209e-18
 5.68918e-18
 1.11579e-17
 1.98413e-17
 3.15370e-17
 4.46246e-17
 5.60850e-17
 1.70472e-22
 7.77596e-22
 2.61847e-21
 8.22305e-21
 2.39531e-20
 6.43498e-20
 1.58863e-19
 3.59040e-19
 7.39921e-19
 1.38517e-18
 2.34873e-18
 3.53586e-18
 4.75527e-18
 5.73120e-18
 2.91962e-23
 1.18637e-22
 3.84463e-22
 1.17110e-21
 3.28796e-21
 8.50143e-21
 2.01560e-20
 4.36684e-20
 8.61054e-20
 1.53839e-19
 2.48030e-19
 3.54793e-19
 4.56174e-19
 5.30634e-19
 6.11336e-24
 1.75908e-23
 5.06993e-23
 1.50752e-22
 4.07194e-22
 1.01236e-21
 2.30316e-21
 4.78137e-21
 9.02899e-21
 1.54617e-20
 2.36837e-20
 3.22871e-20
 3.98825e-20
 4.49181e-20
 2.49081e-24
 3.80835e-24
 6.04395e-24
 1.76087e-23
 4.57425e-23
 1.09365e-22
 2.38902e-22
 4.75586e-22
 8.60508e-22
 1.41236e-21
 2.06698e-21
 2.70754e-21
 3.23641e-21
 3.54933e-21
 2.02481e-24
 2.19247e-24
 6.84506e-25
 1.87632e-24
 4.69132e-24
 1.07938e-23
 2.26838e-23
 4.34165e-23
 7.54725e-23
 1.18811e-22
 1.67167e-22
 2.11932e-22
 2.46467e-22
 2.64544e-22
 2.35640e-24
 2.38416e-24
 8.23760e-26
 1.87436e-25
 4.43336e-25
 9.80059e-25
 1.98518e-24
 3.66517e-24
 6.15584e-24
 9.31779e-24
 1.26609e-23
 1.56251e-23
 1.77415e-23
 1.86590e-23
 3.03184e-24
 3.04008e-24
 1.59536e-26
 2.07106e-26
 4.01429e-26
 8.28399e-26
 1.61368e-25
 2.87655e-25
 4.67903e-25
 6.86385e-25
 9.07425e-25
 1.09335e-24
 1.21141e-24
 1.23354e-24
 4.11365e-24
 4.11787e-24
 6.65890e-27
 4.36294e-27
 4.49935e-27
 6.98326e-27
 1.24157e-26
 2.12206e-26
 3.34397e-26
 4.77111e-26
 6.14730e-26
 7.22897e-26
 7.82481e-26
 7.70892e-26
 6.05752e-24
 6.06042e-24
 4.28080e-27
 2.10468e-27
 1.19885e-27
 9.12764e-28
 1.05756e-27
 1.53936e-27
 2.27983e-27
 3.15393e-27
 3.94544e-27
 4.51192e-27
 4.75978e-27
 4.73165e-27
 9.50529e-24
 9.50746e-24
 3.17037e-27
 1.46680e-27
 6.91325e-28
 3.47404e-28
 2.06515e-28
 1.60126e-28
 1.70203e-28
 2.07986e-28
 2.42674e-28
 2.66714e-28
 2.80297e-28
 2.92669e-28
 1.60706e-23
 1.60723e-23
 2.48642e-27
 1.13471e-27
 5.18970e-28
 2.38949e-28
 1.12223e-28
 5.56344e-29
 3.11327e-29
 2.11911e-29
 1.76620e-29
 1.68557e-29
 1.73206e-29
 1.92618e-29
 2.88600e-23
 2.88614e-23
 2.04419e-27
 9.26873e-28
 4.20389e-28
 1.90868e-28
 8.68141e-29
 3.95964e-29
 1.81608e-29
 8.47927e-30
 4.23435e-30
 2.55353e-30
 2.03880e-30
 2.05887e-30
 4.78019e-23
 4.78031e-23
 1.80509e-27
 8.14901e-28
 3.67844e-28
 1.66083e-28
 7.49723e-29
 3.37711e-29
 1.51342e-29
 6.75965e-30
 3.09100e-30
 1.58800e-30
 1.05447e-30
 9.23444e-31
 2.91439e-23
 2.91445e-23
 8.68999e-28
 3.91542e-28
 1.76377e-28
 7.94583e-29
 3.57785e-29
 1.60667e-29
 7.17182e-30
 3.18794e-30
 1.45046e-30
 7.40935e-31
 4.87847e-31
 4.22606e-31
part
         6
coordinates
 1.15693e-09
 2.72760e-09
 5.95615e-09
 1.20995e-08
 2.29671e-08
 4.07773e-08
 6.78305e-08
 1.04160e-07
 1.43483e-07
 1.71241e-07
 1.73641e-07
 1.45532e-07
 9.87920e-08
 5.89671e-08
 4.91569e-08
 5.05121e-10
 1.16761e-09
 2.49275e-09
 4.94912e-09
 9.17895e-09
 1.58825e-08
 2.54208e-08
 3.67261e-08
 4.63461e-08
 4.94490e-08
 4.30635e-08
 2.84601e-08
 1.31323e-08
 4.50170e-09
 4.35650e-09
 2.06281e-10
 4.64647e-10
 9.64167e-10
 1.85873e-09
 3.34300e-09
 5.56646e-09
 8.40430e-09
 1.11799e-08
 1.27434e-08
 1.19943e-08
 8.85818e-09
 4.72475e-09
 1.55555e-09
 2.68419e-10
 5.28355e-10
 7.43738e-11
 1.62685e-10
 3.26887e-10
 6.09052e-10
 1.05477e-09
 1.66622e-09
 2.33589e-09
 2.83975e-09
 2.92001e-09
 2.43567e-09
 1.57763e-09
 7.49162e-10
 2.34304e-10
 5.62300e-11
 1.25064e-10
 2.40626e-11
 5.09255e-11
 9.86483e-11
 1.76559e-10
 2.91462e-10
 4.30880e-10
 5.58192e-10
 6.24226e-10
 5.83423e-10
 4.37923e-10
 2.57007e-10
 1.12939e-10
 3.49408e-11
 1.22588e-11
 3.29840e-11
 6.95907e-12
 1.41934e-11
 2.63839e-11
 4.50285e-11
 7.00482e-11
 9.66341e-11
 1.16422e-10
 1.20246e-10
 1.03099e-10
 7.15081e-11
 3.93150e-11
 1.64490e-11
 5.35790e-12
 2.87430e-12
 8.65166e-12
 1.79273e-12
 3.50949e-12
 6.23118e-12
 1.00680e-11
 1.46312e-11
 1.88557e-11
 2.13863e-11
 2.04901e-11
 1.62479e-11
 1.06926e-11
 5.65546e-12
 2.33773e-12
 8.65509e-13
 6.95448e-13
 2.19178e-12
 4.10019e-13
 7.67285e-13
 1.29440e-12
 1.96691e-12
 2.67008e-12
 3.22166e-12
 3.44053e-12
 3.08748e-12
 2.30155e-12
 1.46016e-12
 7.58118e-13
 3.23280e-13
 1.47483e-13
 1.67500e-13
 5.31612e-13
 8.29465e-14
 1.47756e-13
 2.35740e-13
 3.35706e-13
 4.27417e-13
 4.84601e-13
 4.83852e-13
 4.09297e-13
 2.92575e-13
 1.79991e-13
 9.23762e-14
 4.20681e-14
 2.45596e-14
 3.69796e-14
 1.20643e-13
 1.47105e-14
 2.49390e-14
 3.74801e-14
 5.00309e-14
 6.00469e-14
 6.44997e-14
 5.99650e-14
 4.77551e-14
 3.31975e-14
 1.98602e-14
 1.02269e-14
 5.22722e-15
 3.99380e-15
 7.37964e-15
 2.47590e-14
 2.19005e-15
 3.60077e-15
 5.15431e-15
 6.49480e-15
 7.38437e-15
 7.50032e-15
 6.51403e-15
 4.87647e-15
 3.27594e-15
 1.90927e-15
 1.00371e-15
 6.25306e-16
 6.91362e-16
 1.63249e-15
 5.05623e-15
 2.48426e-16
 4.13967e-16
 5.90840e-16
 7.08559e-16
 7.75075e-16
 7.46548e-16
 5.83460e-16
 3.97773e-16
 2.65821e-16
 1.60221e-16
 1.00302e-16
 8.47356e-17
 1.28268e-16
 3.56397e-16
 1.07962e-15
 3.15370e-17
 4.46246e-17
 5.60850e-17
 6.36001e-17
 6.65408e-17
 6.20823e-17
 4.98800e-17
 3.56260e-17
 2.33612e-17
 1.48794e-17
 1.12409e-17
 1.24714e-17
 2.50593e-17
 7.58575e-17
 2.22840e-16
 3.53586e-18
 4.75527e-18
 5.73120e-18
 6.26210e-18
 6.15046e-18
 5.45345e-18
 4.29863e-18
 2.98623e-18
 1.99406e-18
 1.44905e-18
 1.36219e-18
 2.01104e-18
 5.02487e-18
 1.56558e-17
 4.45794e-17
 3.54793e-19
 4.56174e-19
 5.30634e-19
 5.64150e-19
 5.29078e-19
 4.43956e-19
 3.42180e-19
 2.39605e-19
 1.74160e-19
 1.51279e-19
 1.80111e-19
 3.54973e-19
 1.00770e-18
 3.13470e-18
 8.66986e-18
 3.22871e-20
 3.98825e-20
 4.49181e-20
 4.66578e-20
 4.26300e-20
 3.41295e-20
 2.57359e-20
 1.92202e-20
 1.62070e-20
 1.70676e-20
 2.67230e-20
 6.64675e-20
 1.99207e-19
 6.09900e-19
 1.64129e-18
 2.70754e-21
 3.23641e-21
 3.54933e-21
 3.56182e-21
 3.17551e-21
 2.51276e-21
 1.93013e-21
 1.62530e-21
 1.61517e-21
 2.13538e-21
 4.45235e-21
 1.27121e-20
 3.85031e-20
 1.15253e-19
 3.02029e-19
 2.11932e-22
 2.46467e-22
 2.64544e-22
 2.56167e-22
 2.21269e-22
 1.78393e-22
 1.50593e-22
 1.46343e-22
 1.74884e-22
 3.06964e-22
 7.96613e-22
 2.41444e-21
 7.22441e-21
 2.10923e-20
 5.38998e-20
 1.56251e-23
 1.77415e-23
 1.86590e-23
 1.74088e-23
 1.47552e-23
 1.28731e-23
 1.24330e-23
 1.40730e-23
 2.15651e-23
 4.95661e-23
 1.45672e-22
 4.47352e-22
 1.30938e-21
 3.73039e-21
 9.31792e-21
 1.09335e-24
 1.21141e-24
 1.23354e-24
 1.12270e-24
 9.98261e-25
 9.81530e-25
 1.08500e-24
 1.51274e-24
 3.06959e-24
 8.51488e-24
 2.63574e-23
 8.01325e-23
 2.28781e-22
 6.37566e-22
 1.56226e-21
 7.22897e-26
 7.82481e-26
 7.70892e-26
 7.20625e-26
 7.11699e-26
 7.84094e-26
 1.03528e-25
 1.88891e-25
 4.85270e-25
 1.48497e-24
 4.64144e-24
 1.38364e-23
 3.85704e-23
 1.05542e-22
 2.54779e-22
 4.51192e-27
 4.75978e-27
 4.73165e-27
 4.75925e-27
 5.25792e-27
 6.76515e-27
 1.14048e-26
 2.70243e-26
 8.04661e-26
 2.55638e-25
 7.90873e-25
 2.30571e-24
 6.29356e-24
 1.69811e-23
 4.05370e-23
 2.66714e-28
 2.80297e-28
 2.92669e-28
 3.26015e-28
 4.16020e-28
 6.66019e-28
 1.46551e-27
 4.20089e-27
 1.34363e-26
 4.28842e-26
 1.30294e-25
 3.71840e-25
 9.97248e-25
 2.66295e-24
 6.30130e-24
 1.68557e-29
 1.73206e-29
 1.92618e-29
 2.42654e-29
 3.73027e-29
 7.69580e-29
 2.11325e-28
 6.74537e-28
 2.20784e-27
 6.96841e-27
 2.07574e-26
 5.81526e-26
 1.53776e-25
 4.07413e-25
 9.56228e-25
 2.55353e-30
 2.03880e-30
 2.05887e-30
 2.58149e-30
 4.42414e-30
 1.08368e-29
 3.31891e-29
 1.08977e-28
 3.53290e-28
 1.09338e-27
 3.19614e-27
 8.82258e-27
 2.30810e-26
 6.07738e-26
 1.41439e-25
 1.58800e-30
 1.05447e-30
 9.23444e-31
 9.71394e-31
 1.35059e-30
 2.82988e-30
 7.58284e-30
 2.17726e-29
 6.26863e-29
 1.77382e-28
 4.88567e-28
 1.30112e-27
 3.33500e-27
 8.66313e-27
 1.99916e-26
 7.40935e-31
 4.87847e-31
 4.22606e-31
 4.32718e-31
 5.57934e-31
 1.04082e-30
 2.43158e-30
 5.91630e-30
 1.40729e-29
 3.26504e-29
 7.47731e-29
 1.70770e-28
 3.90897e-28
 9.21948e-28
 2.08545e-27
 1.15693e-09
 2.72760e-09
 5.95615e-09
 1.20995e-08
 2.29671e-08
 4.07773e-08
 6.78305e-08
 1.04160e-07
 1.43483e-07
 1.71241e-07
 1.73641e-07
 1.45532e-07
 9.87920e-08
 5.89671e-08
 4.91569e-08
 5.05121e-10
 1.16761e-09
 2.49275e-09
 4.94912e-09
 9.17895e-09
 1.58825e-08
 2.54208e-08
 3.67261e-08
 4.63461e-08
 4.94490e-08
 4.30635e-08
 2.84601e-08
 1.31323e-08
 4.50170e-09
 4.35650e-09
 2.06281e-10
 4.64647e-10
 9.64167e-10
 1.85873e-09
 3.34300e-09
 5.56646e-09
 8.40430e-09
 1.11799e-08
 1.27434e-08
 1.19943e-08
 8.85818e-09
 4.72475e-09
 1.55555e-09
 2.68419e-10
 5.28355e-10
 7.43738e-11
 1.62685e-10
 3.26887e-10
 6.09052e-10
 1.05477e-09
 1.66622e-09
 2.33589e-09
 2.83975e-09
 2.92001e-09
 2.43567e-09
 1.57763e-09
 7.49162e-10
 2.34304e-10
 5.62300e-11
 1.25064e-10
 2.40626e-11
 5.09255e-11
 9.86483e-11
 1.76559e-10
 2.91462e-10
 4.30880e-10
 5.58192e-10
 6.24226e-10
 5.83423e-10
 4.37923e-10
 2.57007e-10
 1.12939e-10
 3.49408e-11
 1.22588e-11
 3.29840e-11
 6.95907e-12
 1.41934e-11
 2.63839e-11
 4.50285e-11
 7.00482e-11
 9.66341e-11
 1.16422e-10
 1.20246e-10
 1.03099e-10
 7.15081e-11
 3.93150e-11
 1.64490e-11
 5.35790e-12
 2.87430e-12
 8.65166e-12
 1.79273e-12
 3.50949e-12
 6.23118e-12
 1.00680e-11
 1.46312e-11
 1.88557e-11
 2.13863e-11
 2.04901e-11
 1.62479e-11
 1.06926e-11
 5.65546e-12
 2.33773e-12
 8.65509e-13
 6.95448e-13
 2.19178e-12
 4.10019e-13
 7.67285e-13
 1.29440e-12
 1.96691e-12
 2.67008e-12
 3.22166e-12
 3.44053e-12
 3.08748e-12
 2.30155e-12
 1.46016e-12
 7.58118e-13
 3.23280e-13
 1.47483e-13
 1.67500e-13
 5.31612e-13
 8.29465e-14
 1.47756e-13
 2.35740e-13
 3.35706e-13
 4.27417e-13
 4.84601e-13
 4.83852e-13
 4.09297e-13
 2.92575e-13
 1.79991e-13
 9.23762e-14
 4.20681e-14
 2.45596e-14
 3.69796e-14
 1.20643e-13
 1.47105e-14
 2.49390e-14
 3.74801e-14
 5.00309e-14
 6.00469e-14
 6.44997e-14
 5.99650e-14
 4.77551e-14
 3.31975e-14
 1.98602e-14
 1.02269e-14
 5.22722e-15
 3.99380e-15
 7.37964e-15
 2.47590e-14
 2.19005e-15
 3.60077e-15
 5.15431e-15
 6.49480e-15
 7.38437e-15
 7.50032e-15
 6.51403e-15
 4.87647e-15
 3.27594e-15
 1.90927e-15
 1.00371e-15
 6.25306e-16
 6.91362e-16
 1.63249e-15
 5.05623e-15
 2.48426e-16
 4.13967e-16
 5.90840e-16
 7.08559e-16
 7.75075e-16
 7.46548e-16
 5.83460e-16
 3.97773e-16
 2.65821e-16
 1.60221e-16
 1.00302e-16
 8.47356e-17
 1.28268e-16
 3.56397e-16
 1.07962e-15
 3.15370e-17
 4.46246e-17
 5.60850e-17
 6.36001e-17
 6.65408e-17
 6.20823e-17
 4.98800e-17
 3.56260e-17
 2.33612e-17
 1.48794e-17
 1.12409e-17
 1.24714e-17
 2.50593e-17
 7.58575e-17
 2.22840e-16
 3.53586e-18
 4.75527e-18
 5.73120e-18
 6.26210e-18
 6.15046e-18
 5.45345e-18
 4.29863e-18
 2.98623e-18
 1.99406e-18
 1.44905e-18
 1.36219e-18
 2.01104e-18
 5.02487e-18
 1.56558e-17
 4.45794e-17
 3.54793e-19
 4.56174e-19
 5.30634e-19
 5.64150e-19
 5.29078e-19
 4.43956e-19
 3.42180e-19
 2.39605e-19
 1.74160e-19
 1.51279e-19
 1.80111e-19
 3.54973e-19
 1.00770e-18
 3.13470e-18
 8.66986e-18
 3.22871e-20
 3.98825e-20
 4.49181e-20
 4.66578e-20
 4.26300e-20
 3.41295e-20
 2.57359e-20
 1.92202e-20
 1.62070e-20
 1.70676e-20
 2.67230e-20
 6.64675e-20
 1.99207e-19
 6.09900e-19
 1.64129e-18
 2.70754e-21
 3.23641e-21
 3.54933e-21
 3.56182e-21
 3.17551e-21
 2.51276e-21
 1.93013e-21
 1.62530e-21
 1.61517e-21
 2.13538e-21
 4.45235e-21
 1.27121e-20
 3.85031e-20
 1.15253e-19
 3.02029e-19
 2.11932e-22
 2.46467e-22
 2.64544e-22
 2.56167e-22
 2.21269e-22
 1.78393e-22
 1.50593e-22
 1.46343e-22
 1.74884e-22
 3.06964e-22
 7.96613e-22
 2.41444e-21
 7.22441e-21
 2.10923e-20
 5.38998e-20
 1.56251e-23
 1.77415e-23
 1.86590e-23
 1.74088e-23
 1.47552e-23
 1.28731e-23
 1.24330e-23
 1.40730e-23
 2.15651e-23
 4.95661e-23
 1.45672e-22
 4.47352e-22
 1.30938e-21
 3.73039e-21
 9.31792e-21
 1.09335e-24
 1.21141e-24
 1.23354e-24
 1.12270e-24
 9.98261e-25
 9.81530e-25
 1.08500e-24
 1.51274e-24
 3.06959e-24
 8.51488e-24
 2.63574e-23
 8.01325e-23
 2.28781e-22
 6.37566e-22
 1.56226e-21
 7.22897e-26
 7.82481e-26
 7.70892e-26
 7.20625e-26
 7.11699e-26
 7.84094e-26
 1.03528e-25
 1.88891e-25
 4.85270e-25
 1.48497e-24
 4.64144e-24
 1.38364e-23
 3.85704e-23
 1.05542e-22
 2.54779e-22
 4.51192e-27
 4.75978e-27
 4.73165e-27
 4.75925e-27
 5.25792e-27
 6.76515e-27
 1.14048e-26
 2.70243e-26
 8.04661e-26
 2.55638e-25
 7.90873e-25
 2.30571e-24
 6.29356e-24
 1.69811e-23
 4.05370e-23
 2.66714e-28
 2.80297e-28
 2.92669e-28
 3.26015e-28
 4.16020e-28
 6.66019e-28
 1.46551e-27
 4.20089e-27
 1.34363e-26
 4.28842e-26
 1.30294e-25
 3.71840e-25
 9.97248e-25
 2.66295e-24
 6.30130e-24
 1.68557e-29
 1.73206e-29
 1.92618e-29
 2.42654e-29
 3.73027e-29
 7.69580e-29
 2.11325e-28
 6.74537e-28
 2.20784e-27
 6.96841e-27
 2.07574e-26
 5.81526e-26
 1.53776e-25
 4.07413e-25
 9.56228e-25
 2.55353e-30
 2.03880e-30
 2.05887e-30
 2.58149e-30
 4.42414e-30
 1.08368e-29
 3.31891e-29
 1.08977e-28
 3.53290e-28
 1.09338e-27
 3.19614e-27
 8.82258e-27
 2.30810e-26
 6.07738e-26
 1.41439e-25
 1.58800e-30
 1.05447e-30
 9.23444e-31
 9.71394e-31
 1.35059e-30
 2.82988e-30
 7.58284e-30
 2.17726e-29
 6.26863e-29
 1.77382e-28
 4.88567e-28
 1.30112e-27
 3.33500e-27
 8.66313e-27
 1.99916e-26
 7.40935e-31
 4.87847e-31
 4.22606e-31
 4.32718e-31
 5.57934e-31
 1.04082e-30
 2.43158e-30
 5.91630e-30
 1.40729e-29
 3.26504e-29
 7.47731e-29
 1.70770e-28
 3.90897e-28
 9.21948e-28
 2.08545e-27
part
         7
coordinates
 9.87920e-08
 5.89671e-08
 4.91569e-08
 7.28420e-08
 1.11720e-07
 1.39754e-07
 1.41928e-07
 1.21226e-07
 8.92383e-08
 5.87063e-08
 3.53301e-08
 1.96255e-08
 1.01430e-08
 4.92543e-09
 2.25224e-09
 9.58115e-10
 1.31323e-08
 4.50170e-09
 4.35650e-09
 1.27715e-08
 2.65619e-08
 3.83467e-08
 4.26333e-08
 3.88638e-08
 3.01541e-08
 2.06750e-08
 1.28448e-08
 7.32104e-09
 3.86611e-09
 1.91215e-09
 8.88142e-10
 3.83470e-10
 1.55555e-09
 2.68419e-10
 5.28355e-10
 2.54549e-09
 6.22231e-09
 9.87011e-09
 1.17937e-08
 1.13614e-08
 9.21933e-09
 6.56819e-09
 4.20765e-09
 2.45835e-09
 1.32538e-09
 6.66966e-10
 3.14092e-10
 1.37358e-10
 2.34304e-10
 5.62300e-11
 1.25064e-10
 5.75513e-10
 1.47296e-09
 2.46616e-09
 3.11612e-09
 3.16502e-09
 2.68567e-09
 1.98724e-09
 1.31630e-09
 7.91605e-10
 4.37632e-10
 2.25025e-10
 1.07833e-10
 4.79411e-11
 3.49408e-11
 1.22588e-11
 3.29840e-11
 1.36081e-10
 3.46584e-10
 5.96939e-10
 7.84073e-10
 8.33018e-10
 7.37104e-10
 5.64481e-10
 3.86214e-10
 2.39236e-10
 1.35778e-10
 7.14216e-11
 3.48641e-11
 1.57726e-11
 5.35790e-12
 2.87430e-12
 8.65166e-12
 3.22355e-11
 8.04480e-11
 1.40580e-10
 1.89279e-10
 2.08577e-10
 1.91811e-10
 1.51538e-10
 1.06884e-10
 6.81726e-11
 3.97313e-11
 2.13908e-11
 1.06432e-11
 4.90147e-12
 8.65509e-13
 6.95448e-13
 2.19178e-12
 7.51431e-12
 1.83420e-11
 3.22368e-11
 4.40332e-11
 4.99744e-11
 4.75713e-11
 3.86599e-11
 2.80429e-11
 1.83957e-11
 1.10041e-11
 6.06267e-12
 3.07460e-12
 1.44083e-12
 1.47483e-13
 1.67500e-13
 5.31612e-13
 1.71067e-12
 4.08961e-12
 7.18017e-12
 9.91466e-12
 1.15186e-11
 1.12808e-11
 9.41562e-12
 7.00521e-12
 4.71772e-12
 2.89310e-12
 1.62949e-12
 8.41304e-13
 4.00342e-13
 2.45596e-14
 3.69796e-14
 1.20643e-13
 3.76114e-13
 8.86101e-13
 1.55269e-12
 2.16550e-12
 2.55970e-12
 2.56563e-12
 2.19656e-12
 1.67155e-12
 1.15266e-12
 7.23018e-13
 4.15223e-13
 2.17430e-13
 1.04333e-13
 3.99380e-15
 7.37964e-15
 2.47590e-14
 7.73258e-14
 1.83599e-13
 3.24460e-13
 4.57716e-13
 5.47880e-13
 5.60092e-13
 4.91044e-13
 3.80912e-13
 2.67817e-13
 1.70989e-13
 9.94298e-14
 5.22301e-14
 2.48006e-14
 6.91362e-16
 1.63249e-15
 5.05623e-15
 1.46164e-14
 3.48383e-14
 6.33146e-14
 9.15409e-14
 1.11420e-13
 1.16186e-13
 1.04013e-13
 8.18096e-14
 5.81404e-14
 3.72712e-14
 2.15271e-14
 1.10910e-14
 5.12869e-15
 1.28268e-16
 3.56397e-16
 1.07962e-15
 2.84866e-15
 6.12602e-15
 1.09550e-14
 1.64115e-14
 2.05106e-14
 2.17977e-14
 1.98160e-14
 1.57058e-14
 1.11913e-14
 7.10110e-15
 4.01658e-15
 2.04881e-15
 9.95101e-16
 2.50593e-17
 7.58575e-17
 2.22840e-16
 5.69372e-16
 1.20642e-15
 2.04281e-15
 2.84442e-15
 3.39054e-15
 3.56143e-15
 3.25529e-15
 2.60461e-15
 1.90256e-15
 1.27012e-15
 7.76320e-16
 4.32803e-16
 2.24058e-16
 5.02487e-18
 1.56558e-17
 4.45794e-17
 1.10974e-16
 2.32067e-16
 3.90405e-16
 5.42068e-16
 6.47713e-16
 6.91012e-16
 6.42235e-16
 5.19326e-16
 3.84824e-16
 2.61027e-16
 1.62218e-16
 9.19618e-17
 4.84588e-17
 1.00770e-18
 3.13470e-18
 8.66986e-18
 2.11029e-17
 4.35221e-17
 7.25275e-17
 1.00383e-16
 1.20713e-16
 1.30445e-16
 1.22548e-16
 1.00089e-16
 7.51584e-17
 5.17201e-17
 3.26532e-17
 1.88119e-17
 1.00825e-17
 1.99207e-19
 6.09900e-19
 1.64129e-18
 3.91030e-18
 7.93588e-18
 1.30991e-17
 1.81240e-17
 2.19583e-17
 2.39329e-17
 2.26342e-17
 1.86681e-17
 1.41983e-17
 9.89615e-18
 6.34227e-18
 3.71048e-18
 2.02084e-18
 3.85031e-20
 1.15253e-19
 3.02029e-19
 7.04392e-19
 1.40556e-18
 2.30447e-18
 3.19656e-18
 3.89533e-18
 4.26420e-18
 4.05009e-18
 3.37397e-18
 2.59806e-18
 1.83124e-18
 1.19040e-18
 7.06598e-19
 3.90650e-19
 7.22441e-21
 2.10923e-20
 5.38998e-20
 1.23178e-19
 2.42163e-19
 3.95785e-19
 5.50796e-19
 6.73024e-19
 7.37622e-19
 7.02844e-19
 5.91658e-19
 4.61033e-19
 3.28144e-19
 2.16177e-19
 1.30060e-19
 7.29096e-20
 1.30938e-21
 3.73039e-21
 9.31792e-21
 2.09236e-20
 4.06992e-20
 6.64486e-20
 9.26244e-20
 1.13136e-19
 1.23899e-19
 1.18424e-19
 1.00789e-19
 7.94183e-20
 5.70038e-20
 3.80222e-20
 2.31603e-20
 1.31498e-20
 2.28781e-22
 6.37566e-22
 1.56226e-21
 3.46085e-21
 6.68866e-21
 1.09056e-20
 1.51804e-20
 1.84930e-20
 2.02191e-20
 1.93959e-20
 1.66975e-20
 1.32912e-20
 9.60844e-21
 6.48229e-21
 3.99314e-21
 2.29362e-21
 3.85704e-23
 1.05542e-22
 2.54779e-22
 5.58984e-22
 1.07582e-21
 1.74756e-21
 2.42166e-21
 2.93887e-21
 3.20786e-21
 3.09185e-21
 2.69287e-21
 2.16214e-21
 1.57259e-21
 1.07192e-21
 6.66998e-22
 3.87139e-22
 6.29356e-24
 1.69811e-23
 4.05370e-23
 8.82963e-23
 1.69152e-22
 2.72909e-22
 3.75699e-22
 4.54189e-22
 4.95271e-22
 4.80352e-22
 4.23106e-22
 3.41942e-22
 2.50042e-22
 1.72007e-22
 1.07989e-22
 6.32639e-23
 9.97248e-25
 2.66295e-24
 6.30130e-24
 1.36305e-23
 2.59329e-23
 4.14638e-23
 5.66836e-23
 6.83203e-23
 7.45021e-23
 7.28162e-23
 6.47859e-23
 5.25694e-23
 3.86357e-23
 2.67928e-23
 1.69516e-23
 1.00136e-23
 1.53776e-25
 4.07413e-25
 9.56228e-25
 2.05163e-24
 3.86719e-24
 6.12483e-24
 8.32399e-24
 1.00151e-23
 1.09321e-23
 1.07759e-23
 9.66513e-24
 7.85539e-24
 5.80227e-24
 4.05148e-24
 2.58058e-24
 1.53701e-24
 2.30810e-26
 6.07738e-26
 1.41439e-25
 3.00583e-25
 5.60719e-25
 8.80730e-25
 1.19218e-24
 1.43361e-24
 1.56759e-24
 1.55851e-24
 1.40573e-24
 1.14210e-24
 8.47988e-25
 5.95616e-25
 3.81979e-25
 2.30471e-25
 3.33500e-27
 8.66313e-27
 1.99916e-26
 4.21364e-26
 7.79091e-26
 1.21698e-25
 1.64454e-25
 1.97901e-25
 2.16903e-25
 2.17389e-25
 1.96704e-25
 1.59536e-25
 1.19109e-25
 8.41257e-26
 5.45810e-26
 3.39973e-26
 3.90897e-28
 9.21948e-28
 2.08545e-27
 4.40579e-27
 8.12553e-27
 1.26632e-26
 1.70934e-26
 2.05682e-26
 2.25550e-26
 2.26754e-26
 2.04669e-26
 1.65108e-26
 1.23387e-26
 8.71673e-27
 5.75574e-27
 3.78909e-27
 9.87920e-08
 5.89671e-08
 4.91569e-08
 7.28420e-08
 1.11720e-07
 1.39754e-07
 1.41928e-07
 1.21226e-07
 8.92383e-08
 5.87063e-08
 3.53301e-08
 1.96255e-08
 1.01430e-08
 4.92543e-09
 2.25224e-09
 9.58115e-10
 1.31323e-08
 4.50170e-09
 4.35650e-09
 1.27715e-08
 2.65619e-08
 3.83467e-08
 4.26333e-08
 3.88638e-08
 3.01541e-08
 2.06750e-08
 1.28448e-08
 7.32104e-09
 3.86611e-09
 1.91215e-09
 8.88142e-10
 3.83470e-10
 1.55555e-09
 2.68419e-10
 5.28355e-10
 2.54549e-09
 6.22231e-09
 9.87011e-09
 1.17937e-08
 1.13614e-08
 9.21933e-09
 6.56819e-09
 4.20765e-09
 2.45835e-09
 1.32538e-09
 6.66966e-10
 3.14092e-10
 1.37358e-10
 2.34304e-10
 5.62300e-11
 1.25064e-10
 5.75513e-10
 1.47296e-09
 2.46616e-09
 3.11612e-09
 3.16502e-09
 2.68567e-09
 1.98724e-09
 1.31630e-09
 7.91605e-10
 4.37632e-10
 2.25025e-10
 1.07833e-10
 4.79411e-11
 3.49408e-11
 1.22588e-11
 3.29840e-11
 1.36081e-10
 3.46584e-10
 5.96939e-10
 7.84073e-10
 8.33018e-10
 7.37104e-10
 5.64481e-10
 3.86214e-10
 2.39236e-10
 1.35778e-10
 7.14216e-11
 3.48641e-11
 1.57726e-11
 5.35790e-12
 2.87430e-12
 8.65166e-12
 3.22355e-11
 8.04480e-11
 1.40580e-10
 1.89279e-10
 2.08577e-10
 1.91811e-10
 1.51538e-10
 1.06884e-10
 6.81726e-11
 3.97313e-11
 2.13908e-11
 1.06432e-11
 4.90147e-12
 8.65509e-13
 6.95448e-13
 2.19178e-12
 7.51431e-12
 1.83420e-11
 3.22368e-11
 4.40332e-11
 4.99744e-11
 4.75713e-11
 3.86599e-11
 2.80429e-11
 1.83957e-11
 1.10041e-11
 6.06267e-12
 3.07460e-12
 1.44083e-12
 1.47483e-13
 1.67500e-13
 5.31612e-13
 1.71067e-12
 4.08961e-12
 7.18017e-12
 9.91466e-12
 1.15186e-11
 1.12808e-11
 9.41562e-12
 7.00521e-12
 4.71772e-12
 2.89310e-12
 1.62949e-12
 8.41304e-13
 4.00342e-13
 2.45596e-14
 3.69796e-14
 1.20643e-13
 3.76114e-13
 8.86101e-13
 1.55269e-12
 2.16550e-12
 2.55970e-12
 2.56563e-12
 2.19656e-12
 1.67155e-12
 1.15266e-12
 7.23018e-13
 4.15223e-13
 2.17430e-13
 1.04333e-13
 3.99380e-15
 7.37964e-15
 2.47590e-14
 7.73258e-14
 1.83599e-13
 3.24460e-13
 4.57716e-13
 5.47880e-13
 5.60092e-13
 4.91044e-13
 3.80912e-13
 2.67817e-13
 1.70989e-13
 9.94298e-14
 5.22301e-14
 2.48006e-14
 6.91362e-16
 1.63249e-15
 5.05623e-15
 1.46164e-14
 3.48383e-14
 6.33146e-14
 9.15409e-14
 1.11420e-13
 1.16186e-13
 1.04013e-13
 8.18096e-14
 5.81404e-14
 3.72712e-14
 2.15271e-14
 1.10910e-14
 5.12869e-15
 1.28268e-16
 3.56397e-16
 1.07962e-15
 2.84866e-15
 6.12602e-15
 1.09550e-14
 1.64115e-14
 2.05106e-14
 2.17977e-14
 1.98160e-14
 1.57058e-14
 1.11913e-14
 7.10110e-15
 4.01658e-15
 2.04881e-15
 9.95101e-16
 2.50593e-17
 7.58575e-17
 2.22840e-16
 5.69372e-16
 1.20642e-15
 2.04281e-15
 2.84442e-15
 3.39054e-15
 3.56143e-15
 3.25529e-15
 2.60461e-15
 1.90256e-15
 1.27012e-15
 7.76320e-16
 4.32803e-16
 2.24058e-16
 5.02487e-18
 1.56558e-17
 4.45794e-17
 1.10974e-16
 2.32067e-16
 3.90405e-16
 5.42068e-16
 6.47713e-16
 6.91012e-16
 6.42235e-16
 5.19326e-16
 3.84824e-16
 2.61027e-16
 1.62218e-16
 9.19618e-17
 4.84588e-17
 1.00770e-18
 3.13470e-18
 8.66986e-18
 2.11029e-17
 4.35221e-17
 7.25275e-17
 1.00383e-16
 1.20713e-16
 1.30445e-16
 1.22548e-16
 1.00089e-16
 7.51584e-17
 5.17201e-17
 3.26532e-17
 1.88119e-17
 1.00825e-17
 1.99207e-19
 6.09900e-19
 1.64129e-18
 3.91030e-18
 7.93588e-18
 1.30991e-17
 1.81240e-17
 2.19583e-17
 2.39329e-17
 2.26342e-17
 1.86681e-17
 1.41983e-17
 9.89615e-18
 6.34227e-18
 3.71048e-18
 2.02084e-18
 3.85031e-20
 1.15253e-19
 3.02029e-19
 7.04392e-19
 1.40556e-18
 2.30447e-18
 3.19656e-18
 3.89533e-18
 4.26420e-18
 4.05009e-18
 3.37397e-18
 2.59806e-18
 1.83124e-18
 1.19040e-18
 7.06598e-19
 3.90650e-19
 7.22441e-21
 2.10923e-20
 5.38998e-20
 1.23178e-19
 2.42163e-19
 3.95785e-19
 5.50796e-19
 6.73024e-19
 7.37622e-19
 7.02844e-19
 5.91658e-19
 4.61033e-19
 3.28144e-19
 2.16177e-19
 1.30060e-19
 7.29096e-20
 1.30938e-21
 3.73039e-21
 9.31792e-21
 2.09236e-20
 4.06992e-20
 6.64486e-20
 9.26244e-20
 1.13136e-19
 1.23899e-19
 1.18424e-19
 1.00789e-19
 7.94183e-20
 5.70038e-20
 3.80222e-20
 2.31603e-20
 1.31498e-20
 2.28781e-22
 6.37566e-22
 1.56226e-21
 3.46085e-21
 6.68866e-21
 1.09056e-20
 1.51804e-20
 1.84930e-20
 2.02191e-20
 1.93959e-20
 1.66975e-20
 1.32912e-20
 9.60844e-21
 6.48229e-21
 3.99314e-21
 2.29362e-21
 3.85704e-23
 1.05542e-22
 2.54779e-22
 5.58984e-22
 1.07582e-21
 1.74756e-21
 2.42166e-21
 2.93887e-21
 3.20786e-21
 3.09185e-21
 2.69287e-21
 2.16214e-21
 1.57259e-21
 1.07192e-21
 6.66998e-22
 3.87139e-22
 6.29356e-24
 1.69811e-23
 4.05370e-23
 8.82963e-23
 1.69152e-22
 2.72909e-22
 3.75699e-22
 4.54189e-22
 4.95271e-22
 4.80352e-22
 4.23106e-22
 3.41942e-22
 2.50042e-22
 1.72007e-22
 1.07989e-22
 6.32639e-23
 9.97248e-25
 2.66295e-24
 6.30130e-24
 1.36305e-23
 2.59329e-23
 4.14638e-23
 5.66836e-23
 6.83203e-23
 7.45021e-23
 7.28162e-23
 6.47859e-23
 5.25694e-23
 3.86357e-23
 2.67928e-23
 1.69516e-23
 1.00136e-23
 1.53776e-25
 4.07413e-25
 9.56228e-25
 2.05163e-24
 3.86719e-24
 6.12483e-24
 8.32399e-24
 1.00151e-23
 1.09321e-23
 1.07759e-23
 9.66513e-24
 7.85539e-24
 5.80227e-24
 4.05148e-24
 2.58058e-24
 1.53701e-24
 2.30810e-26
 6.07738e-26
 1.41439e-25
 3.00583e-25
 5.60719e-25
 8.80730e-25
 1.19218e-24
 1.43361e-24
 1.56759e-24
 1.55851e-24
 1.40573e-24
 1.14210e-24
 8.47988e-25
 5.95616e-25
 3.81979e-25
 2.30471e-25
 3.33500e-27
 8.66313e-27
 1.99916e-26
 4.21364e-26
 7.79091e-26
 1.21698e-25
 1.64454e-25
 1.97901e-25
 2.16903e-25
 2.17389e-25
 1.96704e-25
 1.59536e-25
 1.19109e-25
 8.41257e-26
 5.45810e-26
 3.39973e-26
 3.90897e-28
 9.21948e-28
 2.08545e-27
 4.40579e-27
 8.12553e-27
 1.26632e-26
 1.70934e-26
 2.05682e-26
 2.25550e-26
 2.26754e-26
 2.04669e-26
 1.65108e-26
 1.23387e-26
 8.71673e-27
 5.75574e-27
 3.78909e-27
part
         8
coordinates
 4.92543e-09
 2.25224e-09
 9.58115e-10
 3.88427e-10
 1.49539e-10
 5.47232e-11
 1.90605e-11
 6.32765e-12
 2.00461e-12
 6.05935e-13
 1.72666e-13
 4.38493e-14
 9.38546e-15
 2.01288e-15
 3.19973e-16
 1.91215e-09
 8.88142e-10
 3.83470e-10
 1.57509e-10
 6.13883e-11
 2.27261e-11
 8.00330e-12
 2.68533e-12
 8.58845e-13
 2.60157e-13
 7.20962e-14
 1.69631e-14
 3.60839e-15
 9.04300e-16
 1.43286e-16
 6.66966e-10
 3.14092e-10
 1.37358e-10
 5.70631e-11
 2.24664e-11
 8.39443e-12
 2.98167e-12
 1.00781e-12
 3.22857e-13
 9.57985e-14
 2.48463e-14
 5.59367e-15
 1.41015e-15
 3.56608e-16
 5.90632e-17
 2.25025e-10
 1.07833e-10
 4.79411e-11
 2.02249e-11
 8.07214e-12
 3.05393e-12
 1.09647e-12
 3.72819e-13
 1.18390e-13
 3.35518e-14
 8.13806e-15
 2.00515e-15
 5.52909e-16
 1.41346e-16
 2.48493e-17
 7.14216e-11
 3.48641e-11
 1.57726e-11
 6.76873e-12
 2.74115e-12
 1.05000e-12
 3.79936e-13
 1.28679e-13
 3.95681e-14
 1.04810e-14
 2.55559e-15
 7.42387e-16
 2.05984e-16
 5.37024e-17
 1.04229e-17
 2.13908e-11
 1.06432e-11
 4.90147e-12
 2.14212e-12
 8.79836e-13
 3.40154e-13
 1.22889e-13
 4.06230e-14
 1.17866e-14
 3.05991e-15
 8.91596e-16
 2.61422e-16
 7.29931e-17
 1.96972e-17
 4.35391e-18
 6.06267e-12
 3.07460e-12
 1.44083e-12
 6.41000e-13
 2.66115e-13
 1.02888e-13
 3.63445e-14
 1.13964e-14
 3.23779e-15
 9.55529e-16
 2.96168e-16
 8.76369e-17
 2.46653e-17
 7.04956e-18
 1.81192e-18
 1.62949e-12
 8.41304e-13
 4.00342e-13
 1.80550e-13
 7.49741e-14
 2.83991e-14
 9.56099e-15
 2.90909e-15
 9.11407e-16
 2.99291e-16
 9.37620e-17
 2.79958e-17
 7.98190e-18
 2.49527e-18
 7.51588e-19
 4.15223e-13
 2.17430e-13
 1.04333e-13
 4.70542e-14
 1.89983e-14
 6.84428e-15
 2.30337e-15
 7.71266e-16
 2.69068e-16
 8.94057e-17
 2.83133e-17
 8.53386e-18
 2.49138e-18
 8.86532e-19
 3.10893e-19
 9.94298e-14
 5.22301e-14
 2.48006e-14
 1.08838e-14
 4.15478e-15
 1.47364e-15
 5.77236e-16
 2.14566e-16
 7.58129e-17
 2.54950e-17
 8.16143e-18
 2.48810e-18
 7.58710e-19
 3.20378e-19
 1.28283e-19
 2.15271e-14
 1.10910e-14
 5.12869e-15
 2.22466e-15
 9.06873e-16
 3.80875e-16
 1.51344e-16
 5.70236e-17
 2.04088e-17
 6.94606e-18
 2.24798e-18
 6.96972e-19
 2.29347e-19
 1.18771e-19
 5.28074e-20
 4.01658e-15
 2.04881e-15
 9.95101e-16
 4.88057e-16
 2.20793e-16
 9.41503e-17
 3.79513e-17
 1.44947e-17
 5.25456e-18
 1.80965e-18
 5.92704e-19
 1.89190e-19
 7.04072e-20
 4.52571e-20
 2.16845e-20
 7.76320e-16
 4.32803e-16
 2.24058e-16
 1.12030e-16
 5.14941e-17
 2.22904e-17
 9.11370e-18
 3.52793e-18
 1.29516e-18
 4.51328e-19
 1.50131e-19
 5.05453e-20
 2.24890e-20
 1.76483e-20
 8.88144e-21
 1.62218e-16
 9.19618e-17
 4.84588e-17
 2.46792e-17
 1.15209e-17
 5.06108e-18
 2.09842e-18
 8.23098e-19
 3.05914e-19
 1.07944e-19
 3.68148e-20
 1.36456e-20
 7.59547e-21
 6.98179e-21
 3.62810e-21
 3.26532e-17
 1.88119e-17
 1.00825e-17
 5.22502e-18
 2.47601e-18
 1.10339e-18
 4.63764e-19
 1.84257e-19
 6.93204e-20
 2.48477e-20
 8.87646e-21
 3.85474e-21
 2.71634e-21
 2.78496e-21
 1.47835e-21
 6.34227e-18
 3.71048e-18
 2.02084e-18
 1.06456e-18
 5.11780e-19
 2.31240e-19
 9.84780e-20
 3.96142e-20
 1.50990e-20
 5.55004e-21
 2.16535e-21
 1.17352e-21
 1.01698e-21
 1.11881e-21
 6.00973e-22
 1.19040e-18
 7.06598e-19
 3.90650e-19
 2.08975e-19
 1.01849e-19
 4.66308e-20
 2.01098e-20
 8.18984e-21
 3.17515e-21
 1.22480e-21
 5.57878e-22
 3.86712e-22
 3.92441e-22
 4.53596e-22
 2.43785e-22
 2.16177e-19
 1.30060e-19
 7.29096e-20
 3.95647e-20
 1.95341e-20
 9.05600e-21
 3.95293e-21
 1.63227e-21
 6.51463e-22
 2.76455e-22
 1.57892e-22
 1.37052e-22
 1.54920e-22
 1.84146e-22
 9.86957e-23
 3.80222e-20
 2.31603e-20
 1.31498e-20
 7.23118e-21
 3.61371e-21
 1.69516e-21
 7.49167e-22
 3.15632e-22
 1.33624e-22
 6.72583e-23
 4.94352e-23
 5.13753e-23
 6.24195e-23
 7.45137e-23
 3.98798e-23
 6.48229e-21
 3.99314e-21
 2.29362e-21
 1.27681e-21
 6.45285e-22
 3.06194e-22
 1.37455e-22
 6.01921e-23
 2.87045e-23
 1.84039e-23
 1.68966e-23
 2.00957e-23
 2.53981e-23
 3.00602e-23
 1.60826e-23
 1.07192e-21
 6.66998e-22
 3.87139e-22
 2.17938e-22
 1.11318e-22
 5.35197e-23
 2.46974e-23
 1.17552e-23
 6.86956e-24
 5.65616e-24
 6.24362e-24
 8.11679e-24
 1.02884e-23
 1.20965e-23
 6.47245e-24
 1.72007e-22
 1.07989e-22
 6.32639e-23
 3.59844e-23
 1.85899e-23
 9.12881e-24
 4.47608e-24
 2.50792e-24
 1.88895e-24
 1.92095e-24
 2.45745e-24
 3.31755e-24
 4.14315e-24
 4.85632e-24
 2.59929e-24
 2.67928e-23
 1.69516e-23
 1.00136e-23
 5.75619e-24
 3.02513e-24
 1.55650e-24
 8.69763e-25
 6.19985e-25
 5.88962e-25
 7.16517e-25
 1.00366e-24
 1.34978e-24
 1.66184e-24
 1.94513e-24
 1.04154e-24
 4.05148e-24
 2.58058e-24
 1.53701e-24
 8.96949e-25
 4.89676e-25
 2.80533e-25
 1.94896e-25
 1.76976e-25
 2.05555e-25
 2.87463e-25
 4.11312e-25
 5.43117e-25
 6.64285e-25
 7.77452e-25
 4.16542e-25
 5.95616e-25
 3.81979e-25
 2.30471e-25
 1.39173e-25
 8.35278e-26
 5.83852e-26
 5.20121e-26
 5.90065e-26
 8.16929e-26
 1.21367e-25
 1.70754e-25
 2.20965e-25
 2.67277e-25
 3.10425e-25
 1.65922e-25
 8.41257e-26
 5.45810e-26
 3.39973e-26
 2.22859e-26
 1.60113e-26
 1.41728e-26
 1.58083e-26
 2.17558e-26
 3.30472e-26
 4.89654e-26
 6.69334e-26
 8.48082e-26
 1.03026e-25
 1.24632e-25
 6.83903e-26
 8.71673e-27
 5.75574e-27
 3.78909e-27
 2.77302e-27
 2.36090e-27
 2.46057e-27
 3.19744e-27
 4.83661e-27
 7.45868e-27
 1.08187e-26
 1.44963e-26
 1.85992e-26
 2.50604e-26
 3.60588e-26
 2.14148e-26
 4.92543e-09
 2.25224e-09
 9.58115e-10
 3.88427e-10
 1.49539e-10
 5.47232e-11
 1.90605e-11
 6.32765e-12
 2.00461e-12
 6.05935e-13
 1.72666e-13
 4.38493e-14
 9.38546e-15
 2.01288e-15
 3.19973e-16
 1.91215e-09
 8.88142e-10
 3.83470e-10
 1.57509e-10
 6.13883e-11
 2.27261e-11
 8.00330e-12
 2.68533e-12
 8.58845e-13
 2.60157e-13
 7.20962e-14
 1.69631e-14
 3.60839e-15
 9.04300e-16
 1.43286e-16
 6.66966e-10
 3.14092e-10
 1.37358e-10
 5.70631e-11
 2.24664e-11
 8.39443e-12
 2.98167e-12
 1.00781e-12
 3.22857e-13
 9.57985e-14
 2.48463e-14
 5.59367e-15
 1.41015e-15
 3.56608e-16
 5.90632e-17
 2.25025e-10
 1.07833e-10
 4.79411e-11
 2.02249e-11
 8.07214e-12
 3.05393e-12
 1.09647e-12
 3.72819e-13
 1.18390e-13
 3.35518e-14
 8.13806e-15
 2.00515e-15
 5.52909e-16
 1.41346e-16
 2.48493e-17
 7.14216e-11
 3.48641e-11
 1.57726e-11
 6.76873e-12
 2.74115e-12
 1.05000e-12
 3.79936e-13
 1.28679e-13
 3.95681e-14
 1.04810e-14
 2.55559e-15
 7.42387e-16
 2.05984e-16
 5.37024e-17
 1.04229e-17
 2.13908e-11
 1.06432e-11
 4.90147e-12
 2.14212e-12
 8.79836e-13
 3.40154e-13
 1.22889e-13
 4.06230e-14
 1.17866e-14
 3.05991e-15
 8.91596e-16
 2.61422e-16
 7.29931e-17
 1.96972e-17
 4.35391e-18
 6.06267e-12
 3.07460e-12
 1.44083e-12
 6.41000e-13
 2.66115e-13
 1.02888e-13
 3.63445e-14
 1.13964e-14
 3.23779e-15
 9.55529e-16
 2.96168e-16
 8.76369e-17
 2.46653e-17
 7.04956e-18
 1.81192e-18
 1.62949e-12
 8.41304e-13
 4.00342e-13
 1.80550e-13
 7.49741e-14
 2.83991e-14
 9.56099e-15
 2.90909e-15
 9.11407e-16
 2.99291e-16
 9.37620e-17
 2.79958e-17
 7.98190e-18
 2.49527e-18
 7.51588e-19
 4.15223e-13
 2.17430e-13
 1.04333e-13
 4.70542e-14
 1.89983e-14
 6.84428e-15
 2.30337e-15
 7.71266e-16
 2.69068e-16
 8.94057e-17
 2.83133e-17
 8.53386e-18
 2.49138e-18
 8.86532e-19
 3.10893e-19
 9.94298e-14
 5.22301e-14
 2.48006e-14
 1.08838e-14
 4.15478e-15
 1.47364e-15
 5.77236e-16
 2.14566e-16
 7.58129e-17
 2.54950e-17
 8.16143e-18
 2.48810e-18
 7.58710e-19
 3.20378e-19
 1.28283e-19
 2.15271e-14
 1.10910e-14
 5.12869e-15
 2.22466e-15
 9.06873e-16
 3.80875e-16
 1.51344e-16
 5.70236e-17
 2.04088e-17
 6.94606e-18
 2.24798e-18
 6.96972e-19
 2.29347e-19
 1.18771e-19
 5.28074e-20
 4.01658e-15
 2.04881e-15
 9.95101e-16
 4.88057e-16
 2.20793e-16
 9.41503e-17
 3.79513e-17
 1.44947e-17
 5.25456e-18
 1.80965e-18
 5.92704e-19
 1.89190e-19
 7.04072e-20
 4.52571e-20
 2.16845e-20
 7.76320e-16
 4.32803e-16
 2.24058e-16
 1.12030e-16
 5.14941e-17
 2.22904e-17
 9.11370e-18
 3.52793e-18
 1.29516e-18
 4.51328e-19
 1.50131e-19
 5.05453e-20
 2.24890e-20
 1.76483e-20
 8.88144e-21
 1.62218e-16
 9.19618e-17
 4.84588e-17
 2.46792e-17
 1.15209e-17
 5.06108e-18
 2.09842e-18
 8.23098e-19
 3.05914e-19
 1.07944e-19
 3.68148e-20
 1.36456e-20
 7.59547e-21
 6.98179e-21
 3.62810e-21
 3.26532e-17
 1.88119e-17
 1.00825e-17
 5.22502e-18
 2.47601e-18
 1.10339e-18
 4.63764e-19
 1.84257e-19
 6.93204e-20
 2.48477e-20
 8.87646e-21
 3.85474e-21
 2.71634e-21
 2.78496e-21
 1.47835e-21
 6.34227e-18
 3.71048e-18
 2.02084e-18
 1.06456e-18
 5.11780e-19
 2.31240e-19
 9.84780e-20
 3.96142e-20
 1.50990e-20
 5.55004e-21
 2.16535e-21
 1.17352e-21
 1.01698e-21
 1.11881e-21
 6.00973e-22
 1.19040e-18
 7.06598e-19
 3.90650e-19
 2.08975e-19
 1.01849e-19
 4.66308e-20
 2.01098e-20
 8.18984e-21
 3.17515e-21
 1.22480e-21
 5.57878e-22
 3.86712e-22
 3.92441e-22
 4.53596e-22
 2.43785e-22
 2.16177e-19
 1.30060e-19
 7.29096e-20
 3.95647e-20
 1.95341e-20
 9.05600e-21
 3.95293e-21
 1.63227e-21
 6.51463e-22
 2.76455e-22
 1.57892e-22
 1.37052e-22
 1.54920e-22
 1.84146e-22
 9.86957e-23
 3.80222e-20
 2.31603e-20
 1.31498e-20
 7.23118e-21
 3.61371e-21
 1.69516e-21
 7.49167e-22
 3.15632e-22
 1.33624e-22
 6.72583e-23
 4.94352e-23
 5.13753e-23
 6.24195e-23
 7.45137e-23
 3.98798e-23
 6.48229e-21
 3.99314e-21
 2.29362e-21
 1.27681e-21
 6.45285e-22
 3.06194e-22
 1.37455e-22
 6.01921e-23
 2.87045e-23
 1.84039e-23
 1.68966e-23
 2.00957e-23
 2.53981e-23
 3.00602e-23
 1.60826e-23
 1.07192e-21
 6.66998e-22
 3.87139e-22
 2.17938e-22
 1.11318e-22
 5.35197e-23
 2.46974e-23
 1.17552e-23
 6.86956e-24
 5.65616e-24
 6.24362e-24
 8.11679e-24
 1.02884e-23
 1.20965e-23
 6.47245e-24
 1.72007e-22
 1.07989e-22
 6.32639e-23
 3.59844e-23
 1.85899e-23
 9.12881e-24
 4.47608e-24
 2.50792e-24
 1.88895e-24
 1.92095e-24
 2.45745e-24
 3.31755e-24
 4.14315e-24
 4.85632e-24
 2.59929e-24
 2.67928e-23
 1.69516e-23
 1.00136e-23
 5.75619e-24
 3.02513e-24
 1.55650e-24
 8.69763e-25
 6.19985e-25
 5.88962e-25
 7.16517e-25
 1.00366e-24
 1.34978e-24
 1.66184e-24
 1.94513e-24
 1.04154e-24
 4.05148e-24
 2.58058e-24
 1.53701e-24
 8.96949e-25
 4.89676e-25
 2.80533e-25
 1.94896e-25
 1.76976e-25
 2.05555e-25
 2.87463e-25
 4.11312e-25
 5.43117e-25
 6.64285e-25
 7.77452e-25
 4.16542e-25
 5.95616e-25
 3.81979e-25
 2.30471e-25
 1.39173e-25
 8.35278e-26
 5.83852e-26
 5.20121e-26
 5.90065e-26
 8.16929e-26
 1.21367e-25
 1.70754e-25
 2.20965e-25
 2.67277e-25
 3.10425e-25
 1.65922e-25
 8.41257e-26
 5.45810e-26
 3.39973e-26
 2.22859e-26
 1.60113e-26
 1.41728e-26
 1.58083e-26
 2.17558e-26
 3.30472e-26
 4.89654e-26
 6.69334e-26
 8.48082e-26
 1.03026e-25
 1.24632e-25
 6.83903e-26
 8.71673e-27
 5.75574e-27
 3.78909e-27
 2.77302e-27
 2.36090e-27
 2.46057e-27
 3.19744e-27
 4.83661e-27
 7.45868e-27
 1.08187e-26
 1.44963e-26
 1.85992e-26
 2.50604e-26
 3.60588e-26
 2.14148e-26
