NodeMass
part
         1
coordinates
 6.96250e-02
 1.39250e-01
 1.39250e-01
 1.39250e-01
 1.39250e-01
 1.39250e-01
 1.39250e-01
 1.39250e-01
 1.39250e-01
 1.39250e-01
 1.39250e-01
 1.39250e-01
 1.39250e-01
 1.39250e-01
 1.39250e-01
 1.39250e-01
 1.39250e-01
 1.39250e-01
 1.39250e-01
 1.39250e-01
 1.39250e-01
 1.39250e-01
 1.39250e-01
 1.39250e-01
 1.35575e-01
 1.35769e-01
 1.39808e-01
 1.39979e-01
 1.39981e-01
 1.39980e-01
 1.39977e-01
 1.39966e-01
 1.39935e-01
 1.39874e-01
 1.39778e-01
 1.39653e-01
 1.39510e-01
 1.39326e-01
 1.38944e-01
 1.38112e-01
 1.36718e-01
 1.35180e-01
 1.34436e-01
 1.34549e-01
 1.34804e-01
 1.34947e-01
 1.34990e-01
 1.34981e-01
 1.34980e-01
 1.34993e-01
 8.85280e-02
 2.28367e-02
 1.90094e-03
 9.42913e-05
 5.75086e-08
 5.54693e-08
 5.07415e-08
 5.00091e-08
 5.00000e-08
 5.00000e-08
 5.00000e-08
 5.00000e-08
 5.00000e-08
 5.00000e-08
 5.00000e-08
 5.00000e-08
 5.00000e-08
 5.00000e-08
 5.00000e-08
 5.00000e-08
 5.00000e-08
 5.00000e-08
 5.00000e-08
 5.00000e-08
 5.00000e-08
 5.00000e-08
 5.00000e-08
 5.00000e-08
 5.00000e-08
 5.00000e-08
 5.00000e-08
 5.00000e-08
 5.00000e-08
 5.00000e-08
 5.00000e-08
 5.00000e-08
 5.00000e-08
 5.00000e-08
 5.00000e-08
 5.00000e-08
 5.00000e-08
 5.00000e-08
 5.00000e-08
 5.00000e-08
 5.00000e-08
 5.00000e-08
 5.00000e-08
 5.00000e-08
 5.00000e-08
 5.00000e-08
 2.50000e-08
 1.39250e-01
 2.78500e-01
 2.78500e-01
 2.78500e-01
 2.78500e-01
 2.78500e-01
 2.78500e-01
 2.78500e-01
 2.78500e-01
 2.78500e-01
 2.78500e-01
 2.78500e-01
 2.78500e-01
 2.78500e-01
 2.78500e-01
 2.78500e-01
 2.78500e-01
 2.78500e-01
 2.78500e-01
 2.78500e-01
 2.78500e-01
 2.78500e-01
 2.78500e-01
 2.78500e-01
 2.71150e-01
 2.71538e-01
 2.79615e-01
 2.79958e-01
 2.79961e-01
 2.79960e-01
 2.79955e-01
 2.79932e-01
 2.79871e-01
 2.79748e-01
 2.79556e-01
 2.79306e-01
 2.79020e-01
 2.78652e-01
 2.77887e-01
 2.76224e-01
 2.73437e-01
 2.70361e-01
 2.68872e-01
 2.69098e-01
 2.69609e-01
 2.69893e-01
 2.69980e-01
 2.69962e-01
 2.69960e-01
 2.69985e-01
 1.77056e-01
 4.56733e-02
 3.80187e-03
 1.88582e-04
 1.15017e-07
 1.10939e-07
 1.01483e-07
 1.00018e-07
 1.00000e-07
 1.00000e-07
 1.00000e-07
 1.00000e-07
 1.00000e-07
 1.00000e-07
 1.00000e-07
 1.00000e-07
 1.00000e-07
 1.00000e-07
 1.00000e-07
 1.00000e-07
 1.00000e-07
 1.00000e-07
 1.00000e-07
 1.00000e-07
 1.00000e-07
 1.00000e-07
 1.00000e-07
 1.00000e-07
 1.00000e-07
 1.00000e-07
 1.00000e-07
 1.00000e-07
 1.00000e-07
 1.00000e-07
 1.00000e-07
 1.00000e-07
 1.00000e-07
 1.00000e-07
 1.00000e-07
 1.00000e-07
 1.00000e-07
 1.00000e-07
 1.00000e-07
 1.00000e-07
 1.00000e-07
 1.00000e-07
 1.00000e-07
 1.00000e-07
 1.00000e-07
 1.00000e-07
 5.00000e-08
 1.39250e-01
 2.78500e-01
 2.78500e-01
 2.78500e-01
 2.78500e-01
 2.78500e-01
 2.78500e-01
 2.78500e-01
 2.78500e-01
 2.78500e-01
 2.78500e-01
 2.78500e-01
 2.78500e-01
 2.78500e-01
 2.78500e-01
 2.78500e-01
 2.78500e-01
 2.78500e-01
 2.78500e-01
 2.78500e-01
 2.78500e-01
 2.78500e-01
 2.78500e-01
 2.78500e-01
 2.71150e-01
 2.71538e-01
 2.79615e-01
 2.79958e-01
 2.79961e-01
 2.79960e-01
 2.79955e-01
 2.79932e-01
 2.79871e-01
 2.79748e-01
 2.79555e-01
 2.79306e-01
 2.79020e-01
 2.78652e-01
 2.77887e-01
 2.76224e-01
 2.73437e-01
 2.70361e-01
 2.68872e-01
 2.69098e-01
 2.69608e-01
 2.69893e-01
 2.69980e-01
 2.69962e-01
 2.69960e-01
 2.69985e-01
 1.77056e-01
 4.56733e-02
 3.80186e-03
 1.88582e-04
 1.15017e-07
 1.10939e-07
 1.01483e-07
 1.00018e-07
 1.00000e-07
 1.00000e-07
 1.00000e-07
 1.00000e-07
 1.00000e-07
 1.00000e-07
 1.00000e-07
 1.00000e-07
 1.00000e-07
 1.00000e-07
 1.00000e-07
 1.00000e-07
 1.00000e-07
 1.00000e-07
 1.00000e-07
 1.00000e-07
 1.00000e-07
 1.00000e-07
 1.00000e-07
 1.00000e-07
 1.00000e-07
 1.00000e-07
 1.00000e-07
 1.00000e-07
 1.00000e-07
 1.00000e-07
 1.00000e-07
 1.00000e-07
 1.00000e-07
 1.00000e-07
 1.00000e-07
 1.00000e-07
 1.00000e-07
 1.00000e-07
 1.00000e-07
 1.00000e-07
 1.00000e-07
 1.00000e-07
 1.00000e-07
 1.00000e-07
 1.00000e-07
 1.00000e-07
 5.00000e-08
 1.39250e-01
 2.78500e-01
 2.78500e-01
 2.78500e-01
 2.78500e-01
 2.78500e-01
 2.78500e-01
 2.78500e-01
 2.78500e-01
 2.78500e-01
 2.78500e-01
 2.78500e-01
 2.78500e-01
 2.78500e-01
 2.78500e-01
 2.78500e-01
 2.78500e-01
 2.78500e-01
 2.78500e-01
 2.78500e-01
 2.78500e-01
 2.78500e-01
 2.78500e-01
 2.78500e-01
 2.71150e-01
 2.71538e-01
 2.79615e-01
 2.79958e-01
 2.79961e-01
 2.79960e-01
 2.79955e-01
 2.79932e-01
 2.79871e-01
 2.79748e-01
 2.79555e-01
 2.79306e-01
 2.79020e-01
 2.78652e-01
 2.77887e-01
 2.76224e-01
 2.73437e-01
 2.70361e-01
 2.68872e-01
 2.69097e-01
 2.69607e-01
 2.69892e-01
 2.69979e-01
 2.69961e-01
 2.69959e-01
 2.69985e-01
 1.77056e-01
 4.56730e-02
 3.80182e-03
 1.88578e-04
 1.15017e-07
 1.10938e-07
 1.01483e-07
 1.00018e-07
 1.00000e-07
 1.00000e-07
 1.00000e-07
 1.00000e-07
 1.00000e-07
 1.00000e-07
 1.00000e-07
 1.00000e-07
 1.00000e-07
 1.00000e-07
 1.00000e-07
 1.00000e-07
 1.00000e-07
 1.00000e-07
 1.00000e-07
 1.00000e-07
 1.00000e-07
 1.00000e-07
 1.00000e-07
 1.00000e-07
 1.00000e-07
 1.00000e-07
 1.00000e-07
 1.00000e-07
 1.00000e-07
 1.00000e-07
 1.00000e-07
 1.00000e-07
 1.00000e-07
 1.00000e-07
 1.00000e-07
 1.00000e-07
 1.00000e-07
 1.00000e-07
 1.00000e-07
 1.00000e-07
 1.00000e-07
 1.00000e-07
 1.00000e-07
 1.00000e-07
 1.00000e-07
 1.00000e-07
 5.00000e-08
 1.39250e-01
 2.78500e-01
 2.78500e-01
 2.78500e-01
 2.78500e-01
 2.78500e-01
 2.78500e-01
 2.78500e-01
 2.78500e-01
 2.78500e-01
 2.78500e-01
 2.78500e-01
 2.78500e-01
 2.78500e-01
 2.78500e-01
 2.78500e-01
 2.78500e-01
 2.78500e-01
 2.78500e-01
 2.78500e-01
 2.78500e-01
 2.78500e-01
 2.78500e-01
 2.78500e-01
 2.71150e-01
 2.71538e-01
 2.79615e-01
 2.79958e-01
 2.79961e-01
 2.79960e-01
 2.79954e-01
 2.79932e-01
 2.79870e-01
 2.79747e-01
 2.79554e-01
 2.79305e-01
 2.79019e-01
 2.78650e-01
 2.77885e-01
 2.76223e-01
 2.73436e-01
 2.70359e-01
 2.68869e-01
 2.69094e-01
 2.69604e-01
 2.69888e-01
 2.69975e-01
 2.69957e-01
 2.69956e-01
 2.69983e-01
 1.77054e-01
 4.56721e-02
 3.80166e-03
 1.88565e-04
 1.15016e-07
 1.10938e-07
 1.01483e-07
 1.00018e-07
 1.00000e-07
 1.00000e-07
 1.00000e-07
 1.00000e-07
 1.00000e-07
 1.00000e-07
 1.00000e-07
 1.00000e-07
 1.00000e-07
 1.00000e-07
 1.00000e-07
 1.00000e-07
 1.00000e-07
 1.00000e-07
 1.00000e-07
 1.00000e-07
 1.00000e-07
 1.00000e-07
 1.00000e-07
 1.00000e-07
 1.00000e-07
 1.00000e-07
 1.00000e-07
 1.00000e-07
 1.00000e-07
 1.00000e-07
 1.00000e-07
 1.00000e-07
 1.00000e-07
 1.00000e-07
 1.00000e-07
 1.00000e-07
 1.00000e-07
 1.00000e-07
 1.00000e-07
 1.00000e-07
 1.00000e-07
 1.00000e-07
 1.00000e-07
 1.00000e-07
 1.00000e-07
 1.00000e-07
 5.00000e-08
 1.39250e-01
 2.78500e-01
 2.78500e-01
 2.78500e-01
 2.78500e-01
 2.78500e-01
 2.78500e-01
 2.78500e-01
 2.78500e-01
 2.78500e-01
 2.78500e-01
 2.78500e-01
 2.78500e-01
 2.78500e-01
 2.78500e-01
 2.78500e-01
 2.78500e-01
 2.78500e-01
 2.78500e-01
 2.78500e-01
 2.78500e-01
 2.78500e-01
 2.78500e-01
 2.78500e-01
 2.71150e-01
 2.71538e-01
 2.79615e-01
 2.79958e-01
 2.79961e-01
 2.79960e-01
 2.79954e-01
 2.79930e-01
 2.79868e-01
 2.79744e-01
 2.79551e-01
 2.79300e-01
 2.79014e-01
 2.78646e-01
 2.77880e-01
 2.76218e-01
 2.73431e-01
 2.70352e-01
 2.68860e-01
 2.69082e-01
 2.69590e-01
 2.69874e-01
 2.69960e-01
 2.69942e-01
 2.69946e-01
 2.69977e-01
 1.77049e-01
 4.56689e-02
 3.80110e-03
 1.88516e-04
 1.15013e-07
 1.10936e-07
 1.01483e-07
 1.00018e-07
 1.00000e-07
 1.00000e-07
 1.00000e-07
 1.00000e-07
 1.00000e-07
 1.00000e-07
 1.00000e-07
 1.00000e-07
 1.00000e-07
 1.00000e-07
 1.00000e-07
 1.00000e-07
 1.00000e-07
 1.00000e-07
 1.00000e-07
 1.00000e-07
 1.00000e-07
 1.00000e-07
 1.00000e-07
 1.00000e-07
 1.00000e-07
 1.00000e-07
 1.00000e-07
 1.00000e-07
 1.00000e-07
 1.00000e-07
 1.00000e-07
 1.00000e-07
 1.00000e-07
 1.00000e-07
 1.00000e-07
 1.00000e-07
 1.00000e-07
 1.00000e-07
 1.00000e-07
 1.00000e-07
 1.00000e-07
 1.00000e-07
 1.00000e-07
 1.00000e-07
 1.00000e-07
 1.00000e-07
 5.00000e-08
 1.39250e-01
 2.78500e-01
 2.78500e-01
 2.78500e-01
 2.78500e-01
 2.78500e-01
 2.78500e-01
 2.78500e-01
 2.78500e-01
 2.78500e-01
 2.78500e-01
 2.78500e-01
 2.78500e-01
 2.78500e-01
 2.78500e-01
 2.78500e-01
 2.78500e-01
 2.78500e-01
 2.78500e-01
 2.78500e-01
 2.78500e-01
 2.78500e-01
 2.78500e-01
 2.78500e-01
 2.71150e-01
 2.71537e-01
 2.79615e-01
 2.79957e-01
 2.79960e-01
 2.79959e-01
 2.79952e-01
 2.79927e-01
 2.79864e-01
 2.79738e-01
 2.79541e-01
 2.79289e-01
 2.79002e-01
 2.78630e-01
 2.77861e-01
 2.76197e-01
 2.73407e-01
 2.70322e-01
 2.68821e-01
 2.69039e-01
 2.69544e-01
 2.69828e-01
 2.69915e-01
 2.69899e-01
 2.69915e-01
 2.69961e-01
 1.77035e-01
 4.56590e-02
 3.79928e-03
 1.88355e-04
 1.15004e-07
 1.10929e-07
 1.01482e-07
 1.00018e-07
 1.00000e-07
 1.00000e-07
 1.00000e-07
 1.00000e-07
 1.00000e-07
 1.00000e-07
 1.00000e-07
 1.00000e-07
 1.00000e-07
 1.00000e-07
 1.00000e-07
 1.00000e-07
 1.00000e-07
 1.00000e-07
 1.00000e-07
 1.00000e-07
 1.00000e-07
 1.00000e-07
 1.00000e-07
 1.00000e-07
 1.00000e-07
 1.00000e-07
 1.00000e-07
 1.00000e-07
 1.00000e-07
 1.00000e-07
 1.00000e-07
 1.00000e-07
 1.00000e-07
 1.00000e-07
 1.00000e-07
 1.00000e-07
 1.00000e-07
 1.00000e-07
 1.00000e-07
 1.00000e-07
 1.00000e-07
 1.00000e-07
 1.00000e-07
 1.00000e-07
 1.00000e-07
 1.00000e-07
 5.00000e-08
 1.39250e-01
 2.78500e-01
 2.78500e-01
 2.78500e-01
 2.78500e-01
 2.78500e-01
 2.78500e-01
 2.78500e-01
 2.78500e-01
 2.78500e-01
 2.78500e-01
 2.78500e-01
 2.78500e-01
 2.78500e-01
 2.78500e-01
 2.78500e-01
 2.78500e-01
 2.78500e-01
 2.78500e-01
 2.78500e-01
 2.78500e-01
 2.78500e-01
 2.78500e-01
 2.78500e-01
 2.71150e-01
 2.71537e-01
 2.79615e-01
 2.79957e-01
 2.79959e-01
 2.79957e-01
 2.79948e-01
 2.79920e-01
 2.79853e-01
 2.79721e-01
 2.79518e-01
 2.79258e-01
 2.78966e-01
 2.78580e-01
 2.77795e-01
 2.76117e-01
 2.73314e-01
 2.70209e-01
 2.68684e-01
 2.68900e-01
 2.69413e-01
 2.69700e-01
 2.69787e-01
 2.69781e-01
 2.69829e-01
 2.69912e-01
 1.76994e-01
 4.56297e-02
 3.79389e-03
 1.87874e-04
 1.14978e-07
 1.10909e-07
 1.01481e-07
 1.00018e-07
 1.00000e-07
 1.00000e-07
 1.00000e-07
 1.00000e-07
 1.00000e-07
 1.00000e-07
 1.00000e-07
 1.00000e-07
 1.00000e-07
 1.00000e-07
 1.00000e-07
 1.00000e-07
 1.00000e-07
 1.00000e-07
 1.00000e-07
 1.00000e-07
 1.00000e-07
 1.00000e-07
 1.00000e-07
 1.00000e-07
 1.00000e-07
 1.00000e-07
 1.00000e-07
 1.00000e-07
 1.00000e-07
 1.00000e-07
 1.00000e-07
 1.00000e-07
 1.00000e-07
 1.00000e-07
 1.00000e-07
 1.00000e-07
 1.00000e-07
 1.00000e-07
 1.00000e-07
 1.00000e-07
 1.00000e-07
 1.00000e-07
 1.00000e-07
 1.00000e-07
 1.00000e-07
 1.00000e-07
 5.00000e-08
 1.39250e-01
 2.78500e-01
 2.78500e-01
 2.78500e-01
 2.78500e-01
 2.78500e-01
 2.78500e-01
 2.78500e-01
 2.78500e-01
 2.78500e-01
 2.78500e-01
 2.78500e-01
 2.78500e-01
 2.78500e-01
 2.78500e-01
 2.78500e-01
 2.78500e-01
 2.78500e-01
 2.78500e-01
 2.78500e-01
 2.78500e-01
 2.78500e-01
 2.78500e-01
 2.78500e-01
 2.71150e-01
 2.71537e-01
 2.79614e-01
 2.79956e-01
 2.79957e-01
 2.79952e-01
 2.79940e-01
 2.79906e-01
 2.79829e-01
 2.79685e-01
 2.79465e-01
 2.79189e-01
 2.78871e-01
 2.78437e-01
 2.77587e-01
 2.75857e-01
 2.73007e-01
 2.69852e-01
 2.68269e-01
 2.68507e-01
 2.69070e-01
 2.69359e-01
 2.69459e-01
 2.69483e-01
 2.69604e-01
 2.69776e-01
 1.76880e-01
 4.55483e-02
 3.77902e-03
 1.86570e-04
 1.14913e-07
 1.10858e-07
 1.01476e-07
 1.00018e-07
 1.00000e-07
 1.00000e-07
 1.00000e-07
 1.00000e-07
 1.00000e-07
 1.00000e-07
 1.00000e-07
 1.00000e-07
 1.00000e-07
 1.00000e-07
 1.00000e-07
 1.00000e-07
 1.00000e-07
 1.00000e-07
 1.00000e-07
 1.00000e-07
 1.00000e-07
 1.00000e-07
 1.00000e-07
 1.00000e-07
 1.00000e-07
 1.00000e-07
 1.00000e-07
 1.00000e-07
 1.00000e-07
 1.00000e-07
 1.00000e-07
 1.00000e-07
 1.00000e-07
 1.00000e-07
 1.00000e-07
 1.00000e-07
 1.00000e-07
 1.00000e-07
 1.00000e-07
 1.00000e-07
 1.00000e-07
 1.00000e-07
 1.00000e-07
 1.00000e-07
 1.00000e-07
 1.00000e-07
 5.00000e-08
 1.39250e-01
 2.78500e-01
 2.78500e-01
 2.78500e-01
 2.78500e-01
 2.78500e-01
 2.78500e-01
 2.78500e-01
 2.78500e-01
 2.78500e-01
 2.78500e-01
 2.78500e-01
 2.78500e-01
 2.78500e-01
 2.78500e-01
 2.78500e-01
 2.78500e-01
 2.78500e-01
 2.78500e-01
 2.78500e-01
 2.78500e-01
 2.78500e-01
 2.78500e-01
 2.78500e-01
 2.71150e-01
 2.71537e-01
 2.79614e-01
 2.79954e-01
 2.79953e-01
 2.79944e-01
 2.79925e-01
 2.79879e-01
 2.79784e-01
 2.79614e-01
 2.79362e-01
 2.79034e-01
 2.78636e-01
 2.78057e-01
 2.77056e-01
 2.75190e-01
 2.72224e-01
 2.68970e-01
 2.67271e-01
 2.67584e-01
 2.68240e-01
 2.68541e-01
 2.68694e-01
 2.68812e-01
 2.69101e-01
 2.69468e-01
 1.76602e-01
 4.53366e-02
 3.74164e-03
 1.83402e-04
 1.14782e-07
 1.10741e-07
 1.01465e-07
 1.00018e-07
 1.00000e-07
 1.00000e-07
 1.00000e-07
 1.00000e-07
 1.00000e-07
 1.00000e-07
 1.00000e-07
 1.00000e-07
 1.00000e-07
 1.00000e-07
 1.00000e-07
 1.00000e-07
 1.00000e-07
 1.00000e-07
 1.00000e-07
 1.00000e-07
 1.00000e-07
 1.00000e-07
 1.00000e-07
 1.00000e-07
 1.00000e-07
 1.00000e-07
 1.00000e-07
 1.00000e-07
 1.00000e-07
 1.00000e-07
 1.00000e-07
 1.00000e-07
 1.00000e-07
 1.00000e-07
 1.00000e-07
 1.00000e-07
 1.00000e-07
 1.00000e-07
 1.00000e-07
 1.00000e-07
 1.00000e-07
 1.00000e-07
 1.00000e-07
 1.00000e-07
 1.00000e-07
 1.00000e-07
 5.00000e-08
 1.39250e-01
 2.78500e-01
 2.78500e-01
 2.78500e-01
 2.78500e-01
 2.78500e-01
 2.78500e-01
 2.78500e-01
 2.78500e-01
 2.78500e-01
 2.78500e-01
 2.78500e-01
 2.78500e-01
 2.78500e-01
 2.78500e-01
 2.78500e-01
 2.78500e-01
 2.78500e-01
 2.78500e-01
 2.78500e-01
 2.78500e-01
 2.78500e-01
 2.78500e-01
 2.78500e-01
 2.71149e-01
 2.71537e-01
 2.79613e-01
 2.79951e-01
 2.79946e-01
 2.79929e-01
 2.79896e-01
 2.79832e-01
 2.79705e-01
 2.79489e-01
 2.79159e-01
 2.78708e-01
 2.78100e-01
 2.77269e-01
 2.76016e-01
 2.73915e-01
 2.70775e-01
 2.67366e-01
 2.65458e-01
 2.65779e-01
 2.66602e-01
 2.67009e-01
 2.67315e-01
 2.67670e-01
 2.68280e-01
 2.68994e-01
 1.76061e-01
 4.48600e-02
 3.65997e-03
 1.76774e-04
 1.14549e-07
 1.10510e-07
 1.01440e-07
 1.00017e-07
 1.00000e-07
 1.00000e-07
 1.00000e-07
 1.00000e-07
 1.00000e-07
 1.00000e-07
 1.00000e-07
 1.00000e-07
 1.00000e-07
 1.00000e-07
 1.00000e-07
 1.00000e-07
 1.00000e-07
 1.00000e-07
 1.00000e-07
 1.00000e-07
 1.00000e-07
 1.00000e-07
 1.00000e-07
 1.00000e-07
 1.00000e-07
 1.00000e-07
 1.00000e-07
 1.00000e-07
 1.00000e-07
 1.00000e-07
 1.00000e-07
 1.00000e-07
 1.00000e-07
 1.00000e-07
 1.00000e-07
 1.00000e-07
 1.00000e-07
 1.00000e-07
 1.00000e-07
 1.00000e-07
 1.00000e-07
 1.00000e-07
 1.00000e-07
 1.00000e-07
 1.00000e-07
 1.00000e-07
 5.00000e-08
 1.39250e-01
 2.78500e-01
 2.78500e-01
 2.78500e-01
 2.78500e-01
 2.78500e-01
 2.78500e-01
 2.78500e-01
 2.78500e-01
 2.78500e-01
 2.78500e-01
 2.78500e-01
 2.78500e-01
 2.78500e-01
 2.78500e-01
 2.78500e-01
 2.78500e-01
 2.78500e-01
 2.78500e-01
 2.78500e-01
 2.78500e-01
 2.78500e-01
 2.78500e-01
 2.78500e-01
 2.71149e-01
 2.71536e-01
 2.79611e-01
 2.79946e-01
 2.79934e-01
 2.79904e-01
 2.79851e-01
 2.79751e-01
 2.79570e-01
 2.79260e-01
 2.78778e-01
 2.78090e-01
 2.77183e-01
 2.76075e-01
 2.74547e-01
 2.72245e-01
 2.68982e-01
 2.65438e-01
 2.63303e-01
 2.63532e-01
 2.64598e-01
 2.65219e-01
 2.65796e-01
 2.66569e-01
 2.67574e-01
 2.68678e-01
 1.75238e-01
 4.39667e-02
 3.50928e-03
 1.65060e-04
 1.14195e-07
 1.10110e-07
 1.01385e-07
 1.00016e-07
 1.00000e-07
 1.00000e-07
 1.00000e-07
 1.00000e-07
 1.00000e-07
 1.00000e-07
 1.00000e-07
 1.00000e-07
 1.00000e-07
 1.00000e-07
 1.00000e-07
 1.00000e-07
 1.00000e-07
 1.00000e-07
 1.00000e-07
 1.00000e-07
 1.00000e-07
 1.00000e-07
 1.00000e-07
 1.00000e-07
 1.00000e-07
 1.00000e-07
 1.00000e-07
 1.00000e-07
 1.00000e-07
 1.00000e-07
 1.00000e-07
 1.00000e-07
 1.00000e-07
 1.00000e-07
 1.00000e-07
 1.00000e-07
 1.00000e-07
 1.00000e-07
 1.00000e-07
 1.00000e-07
 1.00000e-07
 1.00000e-07
 1.00000e-07
 1.00000e-07
 1.00000e-07
 1.00000e-07
 5.00000e-08
 1.39250e-01
 2.78500e-01
 2.78500e-01
 2.78500e-01
 2.78500e-01
 2.78500e-01
 2.78500e-01
 2.78500e-01
 2.78500e-01
 2.78500e-01
 2.78500e-01
 2.78500e-01
 2.78500e-01
 2.78500e-01
 2.78500e-01
 2.78500e-01
 2.78500e-01
 2.78500e-01
 2.78500e-01
 2.78500e-01
 2.78500e-01
 2.78500e-01
 2.78500e-01
 2.78500e-01
 2.71149e-01
 2.71535e-01
 2.79608e-01
 2.79939e-01
 2.79916e-01
 2.79867e-01
 2.79777e-01
 2.79620e-01
 2.79338e-01
 2.78864e-01
 2.78140e-01
 2.77156e-01
 2.76025e-01
 2.74737e-01
 2.73176e-01
 2.70950e-01
 2.67875e-01
 2.64452e-01
 2.62221e-01
 2.62370e-01
 2.63642e-01
 2.64566e-01
 2.65388e-01
 2.66430e-01
 2.67589e-01
 2.68759e-01
 1.74043e-01
 4.25173e-02
 3.27324e-03
 1.47471e-04
 1.13714e-07
 1.09507e-07
 1.01286e-07
 1.00014e-07
 1.00000e-07
 1.00000e-07
 1.00000e-07
 1.00000e-07
 1.00000e-07
 1.00000e-07
 1.00000e-07
 1.00000e-07
 1.00000e-07
 1.00000e-07
 1.00000e-07
 1.00000e-07
 1.00000e-07
 1.00000e-07
 1.00000e-07
 1.00000e-07
 1.00000e-07
 1.00000e-07
 1.00000e-07
 1.00000e-07
 1.00000e-07
 1.00000e-07
 1.00000e-07
 1.00000e-07
 1.00000e-07
 1.00000e-07
 1.00000e-07
 1.00000e-07
 1.00000e-07
 1.00000e-07
 1.00000e-07
 1.00000e-07
 1.00000e-07
 1.00000e-07
 1.00000e-07
 1.00000e-07
 1.00000e-07
 1.00000e-07
 1.00000e-07
 1.00000e-07
 1.00000e-07
 1.00000e-07
 5.00000e-08
 1.39250e-01
 2.78500e-01
 2.78500e-01
 2.78500e-01
 2.78500e-01
 2.78500e-01
 2.78500e-01
 2.78500e-01
 2.78500e-01
 2.78500e-01
 2.78500e-01
 2.78500e-01
 2.78500e-01
 2.78500e-01
 2.78500e-01
 2.78500e-01
 2.78500e-01
 2.78500e-01
 2.78500e-01
 2.78500e-01
 2.78500e-01
 2.78500e-01
 2.78500e-01
 2.78500e-01
 2.71148e-01
 2.71533e-01
 2.79604e-01
 2.79928e-01
 2.79891e-01
 2.79811e-01
 2.79667e-01
 2.79410e-01
 2.78966e-01
 2.78258e-01
 2.77250e-01
 2.76070e-01
 2.74851e-01
 2.73658e-01
 2.72378e-01
 2.70587e-01
 2.68063e-01
 2.65135e-01
 2.63139e-01
 2.63124e-01
 2.64320e-01
 2.65464e-01
 2.66366e-01
 2.67306e-01
 2.68241e-01
 2.69079e-01
 1.72328e-01
 4.04280e-02
 2.95082e-03
 1.24510e-04
 1.13115e-07
 1.08709e-07
 1.01134e-07
 1.00011e-07
 1.00000e-07
 1.00000e-07
 1.00000e-07
 1.00000e-07
 1.00000e-07
 1.00000e-07
 1.00000e-07
 1.00000e-07
 1.00000e-07
 1.00000e-07
 1.00000e-07
 1.00000e-07
 1.00000e-07
 1.00000e-07
 1.00000e-07
 1.00000e-07
 1.00000e-07
 1.00000e-07
 1.00000e-07
 1.00000e-07
 1.00000e-07
 1.00000e-07
 1.00000e-07
 1.00000e-07
 1.00000e-07
 1.00000e-07
 1.00000e-07
 1.00000e-07
 1.00000e-07
 1.00000e-07
 1.00000e-07
 1.00000e-07
 1.00000e-07
 1.00000e-07
 1.00000e-07
 1.00000e-07
 1.00000e-07
 1.00000e-07
 1.00000e-07
 1.00000e-07
 1.00000e-07
 1.00000e-07
 5.00000e-08
 1.39250e-01
 2.78500e-01
 2.78500e-01
 2.78500e-01
 2.78500e-01
 2.78500e-01
 2.78500e-01
 2.78500e-01
 2.78500e-01
 2.78500e-01
 2.78500e-01
 2.78500e-01
 2.78500e-01
 2.78500e-01
 2.78500e-01
 2.78500e-01
 2.78500e-01
 2.78500e-01
 2.78500e-01
 2.78500e-01
 2.78500e-01
 2.78500e-01
 2.78500e-01
 2.78500e-01
 2.71148e-01
 2.71531e-01
 2.79598e-01
 2.79913e-01
 2.79855e-01
 2.79733e-01
 2.79502e-01
 2.79098e-01
 2.78433e-01
 2.77446e-01
 2.76264e-01
 2.75051e-01
 2.73977e-01
 2.73108e-01
 2.72158e-01
 2.70763e-01
 2.68614e-01
 2.66172e-01
 2.64750e-01
 2.64831e-01
 2.65893e-01
 2.67051e-01
 2.67855e-01
 2.68491e-01
 2.69010e-01
 2.69438e-01
 1.70040e-01
 3.76762e-02
 2.55403e-03
 9.79763e-05
 1.12399e-07
 1.07779e-07
 1.00934e-07
 1.00008e-07
 1.00000e-07
 1.00000e-07
 1.00000e-07
 1.00000e-07
 1.00000e-07
 1.00000e-07
 1.00000e-07
 1.00000e-07
 1.00000e-07
 1.00000e-07
 1.00000e-07
 1.00000e-07
 1.00000e-07
 1.00000e-07
 1.00000e-07
 1.00000e-07
 1.00000e-07
 1.00000e-07
 1.00000e-07
 1.00000e-07
 1.00000e-07
 1.00000e-07
 1.00000e-07
 1.00000e-07
 1.00000e-07
 1.00000e-07
 1.00000e-07
 1.00000e-07
 1.00000e-07
 1.00000e-07
 1.00000e-07
 1.00000e-07
 1.00000e-07
 1.00000e-07
 1.00000e-07
 1.00000e-07
 1.00000e-07
 1.00000e-07
 1.00000e-07
 1.00000e-07
 1.00000e-07
 1.00000e-07
 5.00000e-08
 1.39250e-01
 2.78500e-01
 2.78500e-01
 2.78500e-01
 2.78500e-01
 2.78500e-01
 2.78500e-01
 2.78500e-01
 2.78500e-01
 2.78500e-01
 2.78500e-01
 2.78500e-01
 2.78500e-01
 2.78500e-01
 2.78500e-01
 2.78500e-01
 2.78500e-01
 2.78500e-01
 2.78500e-01
 2.78500e-01
 2.78500e-01
 2.78500e-01
 2.78500e-01
 2.78500e-01
 2.71147e-01
 2.71529e-01
 2.79592e-01
 2.79894e-01
 2.79809e-01
 2.79624e-01
 2.79273e-01
 2.78665e-01
 2.77729e-01
 2.76544e-01
 2.75330e-01
 2.74310e-01
 2.73563e-01
 2.72978e-01
 2.72226e-01
 2.70916e-01
 2.68874e-01
 2.66683e-01
 2.65675e-01
 2.66160e-01
 2.67348e-01
 2.68448e-01
 2.69065e-01
 2.69375e-01
 2.69561e-01
 2.69726e-01
 1.67125e-01
 3.42494e-02
 2.10290e-03
 7.04661e-05
 1.11653e-07
 1.06877e-07
 1.00711e-07
 1.00005e-07
 1.00000e-07
 1.00000e-07
 1.00000e-07
 1.00000e-07
 1.00000e-07
 1.00000e-07
 1.00000e-07
 1.00000e-07
 1.00000e-07
 1.00000e-07
 1.00000e-07
 1.00000e-07
 1.00000e-07
 1.00000e-07
 1.00000e-07
 1.00000e-07
 1.00000e-07
 1.00000e-07
 1.00000e-07
 1.00000e-07
 1.00000e-07
 1.00000e-07
 1.00000e-07
 1.00000e-07
 1.00000e-07
 1.00000e-07
 1.00000e-07
 1.00000e-07
 1.00000e-07
 1.00000e-07
 1.00000e-07
 1.00000e-07
 1.00000e-07
 1.00000e-07
 1.00000e-07
 1.00000e-07
 1.00000e-07
 1.00000e-07
 1.00000e-07
 1.00000e-07
 1.00000e-07
 1.00000e-07
 5.00000e-08
 1.39250e-01
 2.78500e-01
 2.78500e-01
 2.78500e-01
 2.78500e-01
 2.78500e-01
 2.78500e-01
 2.78500e-01
 2.78500e-01
 2.78500e-01
 2.78500e-01
 2.78500e-01
 2.78500e-01
 2.78500e-01
 2.78500e-01
 2.78500e-01
 2.78500e-01
 2.78500e-01
 2.78500e-01
 2.78500e-01
 2.78500e-01
 2.78500e-01
 2.78500e-01
 2.78500e-01
 2.71146e-01
 2.71526e-01
 2.79583e-01
 2.79872e-01
 2.79750e-01
 2.79485e-01
 2.78966e-01
 2.78098e-01
 2.76928e-01
 2.75663e-01
 2.74614e-01
 2.73913e-01
 2.73406e-01
 2.72930e-01
 2.72214e-01
 2.70919e-01
 2.69066e-01
 2.67217e-01
 2.66509e-01
 2.67157e-01
 2.68299e-01
 2.69231e-01
 2.69637e-01
 2.69750e-01
 2.69820e-01
 2.69896e-01
 1.63487e-01
 3.00961e-02
 1.62256e-03
 4.47681e-05
 1.10905e-07
 1.06024e-07
 1.00481e-07
 1.00003e-07
 1.00000e-07
 1.00000e-07
 1.00000e-07
 1.00000e-07
 1.00000e-07
 1.00000e-07
 1.00000e-07
 1.00000e-07
 1.00000e-07
 1.00000e-07
 1.00000e-07
 1.00000e-07
 1.00000e-07
 1.00000e-07
 1.00000e-07
 1.00000e-07
 1.00000e-07
 1.00000e-07
 1.00000e-07
 1.00000e-07
 1.00000e-07
 1.00000e-07
 1.00000e-07
 1.00000e-07
 1.00000e-07
 1.00000e-07
 1.00000e-07
 1.00000e-07
 1.00000e-07
 1.00000e-07
 1.00000e-07
 1.00000e-07
 1.00000e-07
 1.00000e-07
 1.00000e-07
 1.00000e-07
 1.00000e-07
 1.00000e-07
 1.00000e-07
 1.00000e-07
 1.00000e-07
 1.00000e-07
 5.00000e-08
 1.39250e-01
 2.78500e-01
 2.78500e-01
 2.78500e-01
 2.78500e-01
 2.78500e-01
 2.78500e-01
 2.78500e-01
 2.78500e-01
 2.78500e-01
 2.78500e-01
 2.78500e-01
 2.78500e-01
 2.78500e-01
 2.78500e-01
 2.78500e-01
 2.78500e-01
 2.78500e-01
 2.78500e-01
 2.78500e-01
 2.78500e-01
 2.78500e-01
 2.78500e-01
 2.78500e-01
 2.71145e-01
 2.71522e-01
 2.79574e-01
 2.79845e-01
 2.79681e-01
 2.79308e-01
 2.78582e-01
 2.77436e-01
 2.76073e-01
 2.74919e-01
 2.74188e-01
 2.73717e-01
 2.73293e-01
 2.72782e-01
 2.72016e-01
 2.70857e-01
 2.69346e-01
 2.67946e-01
 2.67526e-01
 2.68097e-01
 2.68954e-01
 2.69606e-01
 2.69840e-01
 2.69858e-01
 2.69898e-01
 2.69965e-01
 1.58916e-01
 2.50276e-02
 1.12215e-03
 1.64156e-05
 1.09009e-07
 1.04511e-07
 1.00278e-07
 1.00001e-07
 1.00000e-07
 1.00000e-07
 1.00000e-07
 1.00000e-07
 1.00000e-07
 1.00000e-07
 1.00000e-07
 1.00000e-07
 1.00000e-07
 1.00000e-07
 1.00000e-07
 1.00000e-07
 1.00000e-07
 1.00000e-07
 1.00000e-07
 1.00000e-07
 1.00000e-07
 1.00000e-07
 1.00000e-07
 1.00000e-07
 1.00000e-07
 1.00000e-07
 1.00000e-07
 1.00000e-07
 1.00000e-07
 1.00000e-07
 1.00000e-07
 1.00000e-07
 1.00000e-07
 1.00000e-07
 1.00000e-07
 1.00000e-07
 1.00000e-07
 1.00000e-07
 1.00000e-07
 1.00000e-07
 1.00000e-07
 1.00000e-07
 1.00000e-07
 1.00000e-07
 1.00000e-07
 1.00000e-07
 5.00000e-08
 1.39250e-01
 2.78500e-01
 2.78500e-01
 2.78500e-01
 2.78500e-01
 2.78500e-01
 2.78500e-01
 2.78500e-01
 2.78500e-01
 2.78500e-01
 2.78500e-01
 2.78500e-01
 2.78500e-01
 2.78500e-01
 2.78500e-01
 2.78500e-01
 2.78500e-01
 2.78500e-01
 2.78500e-01
 2.78500e-01
 2.78500e-01
 2.78500e-01
 2.78500e-01
 2.78500e-01
 2.71144e-01
 2.71518e-01
 2.79563e-01
 2.79815e-01
 2.79600e-01
 2.79105e-01
 2.78132e-01
 2.76685e-01
 2.75289e-01
 2.74409e-01
 2.73936e-01
 2.73570e-01
 2.73139e-01
 2.72569e-01
 2.71817e-01
 2.70878e-01
 2.69731e-01
 2.68717e-01
 2.68458e-01
 2.68863e-01
 2.69406e-01
 2.69798e-01
 2.69941e-01
 2.69940e-01
 2.69942e-01
 2.69961e-01
 1.52989e-01
 1.86235e-02
 6.16464e-04
 1.03183e-07
 1.06485e-07
 1.02679e-07
 1.00130e-07
 1.00000e-07
 1.00000e-07
 1.00000e-07
 1.00000e-07
 1.00000e-07
 1.00000e-07
 1.00000e-07
 1.00000e-07
 1.00000e-07
 1.00000e-07
 1.00000e-07
 1.00000e-07
 1.00000e-07
 1.00000e-07
 1.00000e-07
 1.00000e-07
 1.00000e-07
 1.00000e-07
 1.00000e-07
 1.00000e-07
 1.00000e-07
 1.00000e-07
 1.00000e-07
 1.00000e-07
 1.00000e-07
 1.00000e-07
 1.00000e-07
 1.00000e-07
 1.00000e-07
 1.00000e-07
 1.00000e-07
 1.00000e-07
 1.00000e-07
 1.00000e-07
 1.00000e-07
 1.00000e-07
 1.00000e-07
 1.00000e-07
 1.00000e-07
 1.00000e-07
 1.00000e-07
 1.00000e-07
 1.00000e-07
 5.00000e-08
 1.39250e-01
 2.78500e-01
 2.78500e-01
 2.78500e-01
 2.78500e-01
 2.78500e-01
 2.78500e-01
 2.78500e-01
 2.78500e-01
 2.78500e-01
 2.78500e-01
 2.78500e-01
 2.78500e-01
 2.78500e-01
 2.78500e-01
 2.78500e-01
 2.78500e-01
 2.78500e-01
 2.78500e-01
 2.78500e-01
 2.78500e-01
 2.78500e-01
 2.78500e-01
 2.78500e-01
 2.71142e-01
 2.71514e-01
 2.79552e-01
 2.79785e-01
 2.79515e-01
 2.78877e-01
 2.77638e-01
 2.75938e-01
 2.74598e-01
 2.74040e-01
 2.73768e-01
 2.73401e-01
 2.72936e-01
 2.72377e-01
 2.71723e-01
 2.70967e-01
 2.70098e-01
 2.69442e-01
 2.69315e-01
 2.69488e-01
 2.69709e-01
 2.69899e-01
 2.69990e-01
 2.70007e-01
 2.69973e-01
 2.69926e-01
 1.46438e-01
 1.17232e-02
 2.39449e-04
 1.00560e-07
 1.04557e-07
 1.01474e-07
 1.00045e-07
 1.00000e-07
 1.00000e-07
 1.00000e-07
 1.00000e-07
 1.00000e-07
 1.00000e-07
 1.00000e-07
 1.00000e-07
 1.00000e-07
 1.00000e-07
 1.00000e-07
 1.00000e-07
 1.00000e-07
 1.00000e-07
 1.00000e-07
 1.00000e-07
 1.00000e-07
 1.00000e-07
 1.00000e-07
 1.00000e-07
 1.00000e-07
 1.00000e-07
 1.00000e-07
 1.00000e-07
 1.00000e-07
 1.00000e-07
 1.00000e-07
 1.00000e-07
 1.00000e-07
 1.00000e-07
 1.00000e-07
 1.00000e-07
 1.00000e-07
 1.00000e-07
 1.00000e-07
 1.00000e-07
 1.00000e-07
 1.00000e-07
 1.00000e-07
 1.00000e-07
 1.00000e-07
 1.00000e-07
 1.00000e-07
 5.00000e-08
 1.39250e-01
 2.78500e-01
 2.78500e-01
 2.78500e-01
 2.78500e-01
 2.78500e-01
 2.78500e-01
 2.78500e-01
 2.78500e-01
 2.78500e-01
 2.78500e-01
 2.78500e-01
 2.78500e-01
 2.78500e-01
 2.78500e-01
 2.78500e-01
 2.78500e-01
 2.78500e-01
 2.78500e-01
 2.78500e-01
 2.78500e-01
 2.78500e-01
 2.78500e-01
 2.78500e-01
 2.71141e-01
 2.71511e-01
 2.79542e-01
 2.79754e-01
 2.79427e-01
 2.78645e-01
 2.77139e-01
 2.75213e-01
 2.74012e-01
 2.73751e-01
 2.73587e-01
 2.73232e-01
 2.72762e-01
 2.72229e-01
 2.71663e-01
 2.71023e-01
 2.43010e-01
 2.04360e-01
 1.88994e-01
 1.81180e-01
 1.74919e-01
 1.69676e-01
 1.64788e-01
 1.59525e-01
 1.53234e-01
 1.46509e-01
 7.59073e-02
 4.32357e-03
 5.59372e-05
 1.01105e-07
 1.03768e-07
 1.00712e-07
 1.00014e-07
 1.00000e-07
 1.00000e-07
 1.00000e-07
 1.00000e-07
 1.00000e-07
 1.00000e-07
 1.00000e-07
 1.00000e-07
 1.00000e-07
 1.00000e-07
 1.00000e-07
 1.00000e-07
 1.00000e-07
 1.00000e-07
 1.00000e-07
 1.00000e-07
 1.00000e-07
 1.00000e-07
 1.00000e-07
 1.00000e-07
 1.00000e-07
 1.00000e-07
 1.00000e-07
 1.00000e-07
 1.00000e-07
 1.00000e-07
 1.00000e-07
 1.00000e-07
 1.00000e-07
 1.00000e-07
 1.00000e-07
 1.00000e-07
 1.00000e-07
 1.00000e-07
 1.00000e-07
 1.00000e-07
 1.00000e-07
 1.00000e-07
 1.00000e-07
 1.00000e-07
 1.00000e-07
 1.00000e-07
 1.00000e-07
 5.00000e-08
 1.39250e-01
 2.78500e-01
 2.78500e-01
 2.78500e-01
 2.78500e-01
 2.78500e-01
 2.78500e-01
 2.78500e-01
 2.78500e-01
 2.78500e-01
 2.78500e-01
 2.78500e-01
 2.78500e-01
 2.78500e-01
 2.78500e-01
 2.78500e-01
 2.78500e-01
 2.78500e-01
 2.78500e-01
 2.78500e-01
 2.78500e-01
 2.78500e-01
 2.78500e-01
 2.78500e-01
 2.71140e-01
 2.71507e-01
 2.79533e-01
 2.79727e-01
 2.79344e-01
 2.78423e-01
 2.76666e-01
 2.74576e-01
 2.73535e-01
 2.73487e-01
 2.73405e-01
 2.73105e-01
 2.72648e-01
 2.72123e-01
 2.71594e-01
 2.71023e-01
 2.05619e-01
 1.08137e-01
 6.69101e-02
 5.27851e-02
 4.38253e-02
 3.72629e-02
 3.15719e-02
 2.57025e-02
 1.88918e-02
 1.18012e-02
 4.33598e-03
 1.09641e-04
 1.00469e-07
 1.04220e-07
 1.02372e-07
 1.00284e-07
 1.00003e-07
 1.00000e-07
 1.00000e-07
 1.00000e-07
 1.00000e-07
 1.00000e-07
 1.00000e-07
 1.00000e-07
 1.00000e-07
 1.00000e-07
 1.00000e-07
 1.00000e-07
 1.00000e-07
 1.00000e-07
 1.00000e-07
 1.00000e-07
 1.00000e-07
 1.00000e-07
 1.00000e-07
 1.00000e-07
 1.00000e-07
 1.00000e-07
 1.00000e-07
 1.00000e-07
 1.00000e-07
 1.00000e-07
 1.00000e-07
 1.00000e-07
 1.00000e-07
 1.00000e-07
 1.00000e-07
 1.00000e-07
 1.00000e-07
 1.00000e-07
 1.00000e-07
 1.00000e-07
 1.00000e-07
 1.00000e-07
 1.00000e-07
 1.00000e-07
 1.00000e-07
 1.00000e-07
 1.00000e-07
 1.00000e-07
 5.00000e-08
 1.39250e-01
 2.78500e-01
 2.78500e-01
 2.78500e-01
 2.78500e-01
 2.78500e-01
 2.78500e-01
 2.78500e-01
 2.78500e-01
 2.78500e-01
 2.78500e-01
 2.78500e-01
 2.78500e-01
 2.78500e-01
 2.78500e-01
 2.78500e-01
 2.78500e-01
 2.78500e-01
 2.78500e-01
 2.78500e-01
 2.78500e-01
 2.78500e-01
 2.78500e-01
 2.78500e-01
 2.71139e-01
 2.71504e-01
 2.79525e-01
 2.79702e-01
 2.79272e-01
 2.78227e-01
 2.76262e-01
 2.74055e-01
 2.73121e-01
 2.73239e-01
 2.73264e-01
 2.73029e-01
 2.72587e-01
 2.72064e-01
 2.71535e-01
 2.70989e-01
 1.92019e-01
 6.97982e-02
 1.83881e-02
 7.91805e-03
 4.27067e-03
 2.70428e-03
 1.85031e-03
 1.20887e-03
 6.45001e-04
 2.46836e-04
 5.70030e-05
 1.00491e-07
 1.05090e-07
 1.03238e-07
 1.00584e-07
 1.00085e-07
 1.00001e-07
 1.00000e-07
 1.00000e-07
 1.00000e-07
 1.00000e-07
 1.00000e-07
 1.00000e-07
 1.00000e-07
 1.00000e-07
 1.00000e-07
 1.00000e-07
 1.00000e-07
 1.00000e-07
 1.00000e-07
 1.00000e-07
 1.00000e-07
 1.00000e-07
 1.00000e-07
 1.00000e-07
 1.00000e-07
 1.00000e-07
 1.00000e-07
 1.00000e-07
 1.00000e-07
 1.00000e-07
 1.00000e-07
 1.00000e-07
 1.00000e-07
 1.00000e-07
 1.00000e-07
 1.00000e-07
 1.00000e-07
 1.00000e-07
 1.00000e-07
 1.00000e-07
 1.00000e-07
 1.00000e-07
 1.00000e-07
 1.00000e-07
 1.00000e-07
 1.00000e-07
 1.00000e-07
 1.00000e-07
 1.00000e-07
 5.00000e-08
 1.39250e-01
 2.78500e-01
 2.78500e-01
 2.78500e-01
 2.78500e-01
 2.78500e-01
 2.78500e-01
 2.78500e-01
 2.78500e-01
 2.78500e-01
 2.78500e-01
 2.78500e-01
 2.78500e-01
 2.78500e-01
 2.78500e-01
 2.78500e-01
 2.78500e-01
 2.78500e-01
 2.78500e-01
 2.78500e-01
 2.78500e-01
 2.78500e-01
 2.78500e-01
 2.78500e-01
 2.71138e-01
 2.71502e-01
 2.79519e-01
 2.79684e-01
 2.79215e-01
 2.78079e-01
 2.75952e-01
 2.73655e-01
 2.72814e-01
 2.73048e-01
 2.73159e-01
 2.72993e-01
 2.72575e-01
 2.72042e-01
 2.71487e-01
 2.70932e-01
 1.86428e-01
 5.85889e-02
 8.99049e-03
 1.92903e-03
 5.46245e-04
 1.63799e-04
 6.39915e-05
 2.06149e-05
 1.03782e-07
 1.00735e-07
 1.01155e-07
 1.04226e-07
 1.03235e-07
 1.00746e-07
 1.00158e-07
 1.00002e-07
 1.00000e-07
 1.00000e-07
 1.00000e-07
 1.00000e-07
 1.00000e-07
 1.00000e-07
 1.00000e-07
 1.00000e-07
 1.00000e-07
 1.00000e-07
 1.00000e-07
 1.00000e-07
 1.00000e-07
 1.00000e-07
 1.00000e-07
 1.00000e-07
 1.00000e-07
 1.00000e-07
 1.00000e-07
 1.00000e-07
 1.00000e-07
 1.00000e-07
 1.00000e-07
 1.00000e-07
 1.00000e-07
 1.00000e-07
 1.00000e-07
 1.00000e-07
 1.00000e-07
 1.00000e-07
 1.00000e-07
 1.00000e-07
 1.00000e-07
 1.00000e-07
 1.00000e-07
 1.00000e-07
 1.00000e-07
 1.00000e-07
 1.00000e-07
 1.00000e-07
 1.00000e-07
 1.00000e-07
 1.00000e-07
 1.00000e-07
 5.00000e-08
 1.39250e-01
 2.78500e-01
 2.78500e-01
 2.78500e-01
 2.78500e-01
 2.78500e-01
 2.78500e-01
 2.78500e-01
 2.78500e-01
 2.78500e-01
 2.78500e-01
 2.78500e-01
 2.78500e-01
 2.78500e-01
 2.78500e-01
 2.78500e-01
 2.78500e-01
 2.78500e-01
 2.78500e-01
 2.78500e-01
 2.78500e-01
 2.78500e-01
 2.78500e-01
 2.78500e-01
 2.71138e-01
 2.71500e-01
 2.79515e-01
 2.79672e-01
 2.79181e-01
 2.77980e-01
 2.75758e-01
 2.73425e-01
 2.72610e-01
 2.72914e-01
 2.73102e-01
 2.72982e-01
 2.72580e-01
 2.72035e-01
 2.71462e-01
 2.70887e-01
 1.83297e-01
 5.34252e-02
 6.04321e-03
 7.22930e-04
 1.18724e-04
 1.26714e-05
 1.43673e-07
 1.16176e-07
 1.07283e-07
 1.04679e-07
 1.03776e-07
 1.02370e-07
 1.00584e-07
 1.00158e-07
 1.00003e-07
 1.00000e-07
 1.00000e-07
 1.00000e-07
 1.00000e-07
 1.00000e-07
 1.00000e-07
 1.00000e-07
 1.00000e-07
 1.00000e-07
 1.00000e-07
 1.00000e-07
 1.00000e-07
 1.00000e-07
 1.00000e-07
 1.00000e-07
 1.00000e-07
 1.00000e-07
 1.00000e-07
 1.00000e-07
 1.00000e-07
 1.00000e-07
 1.00000e-07
 1.00000e-07
 1.00000e-07
 1.00000e-07
 1.00000e-07
 1.00000e-07
 1.00000e-07
 1.00000e-07
 1.00000e-07
 1.00000e-07
 1.00000e-07
 1.00000e-07
 1.00000e-07
 1.00000e-07
 1.00000e-07
 1.00000e-07
 1.00000e-07
 1.00000e-07
 1.00000e-07
 1.00000e-07
 1.00000e-07
 1.00000e-07
 1.00000e-07
 1.00000e-07
 5.00000e-08
 1.39250e-01
 2.78500e-01
 2.78500e-01
 2.78500e-01
 2.78500e-01
 2.78500e-01
 2.78500e-01
 2.78500e-01
 2.78500e-01
 2.78500e-01
 2.78500e-01
 2.78500e-01
 2.78500e-01
 2.78500e-01
 2.78500e-01
 2.78500e-01
 2.78500e-01
 2.78500e-01
 2.78500e-01
 2.78500e-01
 2.78500e-01
 2.78500e-01
 2.78500e-01
 2.78500e-01
 2.71137e-01
 2.71500e-01
 2.79513e-01
 2.79669e-01
 2.79167e-01
 2.77951e-01
 2.75692e-01
 2.73329e-01
 2.72544e-01
 2.72871e-01
 2.73080e-01
 2.72984e-01
 2.72582e-01
 2.72034e-01
 2.71455e-01
 2.70874e-01
 1.82282e-01
 5.19194e-02
 5.34193e-03
 4.59087e-04
 4.44581e-05
 2.10325e-07
 1.68071e-07
 1.20266e-07
 1.05855e-07
 1.02960e-07
 1.01425e-07
 1.00567e-07
 1.00170e-07
 1.00003e-07
 1.00001e-07
 1.00000e-07
 1.00000e-07
 1.00000e-07
 1.00000e-07
 1.00000e-07
 1.00000e-07
 1.00000e-07
 1.00000e-07
 1.00000e-07
 1.00000e-07
 1.00000e-07
 1.00000e-07
 1.00000e-07
 1.00000e-07
 1.00000e-07
 1.00000e-07
 1.00000e-07
 1.00000e-07
 1.00000e-07
 1.00000e-07
 1.00000e-07
 1.00000e-07
 1.00000e-07
 1.00000e-07
 1.00000e-07
 1.00000e-07
 1.00000e-07
 1.00000e-07
 1.00000e-07
 1.00000e-07
 1.00000e-07
 1.00000e-07
 1.00000e-07
 1.00000e-07
 1.00000e-07
 1.00000e-07
 1.00000e-07
 1.00000e-07
 1.00000e-07
 1.00000e-07
 1.00000e-07
 1.00000e-07
 1.00000e-07
 1.00000e-07
 1.00000e-07
 5.00000e-08
 1.39250e-01
 2.78500e-01
 2.78500e-01
 2.78500e-01
 2.78500e-01
 2.78500e-01
 2.78500e-01
 2.78500e-01
 2.78500e-01
 2.78500e-01
 2.78500e-01
 2.78500e-01
 2.78500e-01
 2.78500e-01
 2.78500e-01
 2.78500e-01
 2.78500e-01
 2.78500e-01
 2.78500e-01
 2.78500e-01
 2.78500e-01
 2.78500e-01
 2.78500e-01
 2.78500e-01
 2.71138e-01
 2.71500e-01
 2.79515e-01
 2.79672e-01
 2.79181e-01
 2.77980e-01
 2.75758e-01
 2.73425e-01
 2.72610e-01
 2.72914e-01
 2.73102e-01
 2.72982e-01
 2.72580e-01
 2.72035e-01
 2.71462e-01
 2.70887e-01
 1.83297e-01
 5.34252e-02
 6.04321e-03
 7.22930e-04
 1.18724e-04
 1.26714e-05
 1.43673e-07
 1.16176e-07
 1.07283e-07
 1.04679e-07
 1.03776e-07
 1.02370e-07
 1.00584e-07
 1.00158e-07
 1.00003e-07
 1.00000e-07
 1.00000e-07
 1.00000e-07
 1.00000e-07
 1.00000e-07
 1.00000e-07
 1.00000e-07
 1.00000e-07
 1.00000e-07
 1.00000e-07
 1.00000e-07
 1.00000e-07
 1.00000e-07
 1.00000e-07
 1.00000e-07
 1.00000e-07
 1.00000e-07
 1.00000e-07
 1.00000e-07
 1.00000e-07
 1.00000e-07
 1.00000e-07
 1.00000e-07
 1.00000e-07
 1.00000e-07
 1.00000e-07
 1.00000e-07
 1.00000e-07
 1.00000e-07
 1.00000e-07
 1.00000e-07
 1.00000e-07
 1.00000e-07
 1.00000e-07
 1.00000e-07
 1.00000e-07
 1.00000e-07
 1.00000e-07
 1.00000e-07
 1.00000e-07
 1.00000e-07
 1.00000e-07
 1.00000e-07
 1.00000e-07
 1.00000e-07
 5.00000e-08
 1.39250e-01
 2.78500e-01
 2.78500e-01
 2.78500e-01
 2.78500e-01
 2.78500e-01
 2.78500e-01
 2.78500e-01
 2.78500e-01
 2.78500e-01
 2.78500e-01
 2.78500e-01
 2.78500e-01
 2.78500e-01
 2.78500e-01
 2.78500e-01
 2.78500e-01
 2.78500e-01
 2.78500e-01
 2.78500e-01
 2.78500e-01
 2.78500e-01
 2.78500e-01
 2.78500e-01
 2.71138e-01
 2.71502e-01
 2.79519e-01
 2.79684e-01
 2.79215e-01
 2.78079e-01
 2.75952e-01
 2.73655e-01
 2.72814e-01
 2.73048e-01
 2.73159e-01
 2.72993e-01
 2.72575e-01
 2.72042e-01
 2.71487e-01
 2.70932e-01
 1.86428e-01
 5.85889e-02
 8.99049e-03
 1.92903e-03
 5.46245e-04
 1.63799e-04
 6.39915e-05
 2.06149e-05
 1.03782e-07
 1.00735e-07
 1.01155e-07
 1.04226e-07
 1.03235e-07
 1.00746e-07
 1.00158e-07
 1.00002e-07
 1.00000e-07
 1.00000e-07
 1.00000e-07
 1.00000e-07
 1.00000e-07
 1.00000e-07
 1.00000e-07
 1.00000e-07
 1.00000e-07
 1.00000e-07
 1.00000e-07
 1.00000e-07
 1.00000e-07
 1.00000e-07
 1.00000e-07
 1.00000e-07
 1.00000e-07
 1.00000e-07
 1.00000e-07
 1.00000e-07
 1.00000e-07
 1.00000e-07
 1.00000e-07
 1.00000e-07
 1.00000e-07
 1.00000e-07
 1.00000e-07
 1.00000e-07
 1.00000e-07
 1.00000e-07
 1.00000e-07
 1.00000e-07
 1.00000e-07
 1.00000e-07
 1.00000e-07
 1.00000e-07
 1.00000e-07
 1.00000e-07
 1.00000e-07
 1.00000e-07
 1.00000e-07
 1.00000e-07
 1.00000e-07
 1.00000e-07
 5.00000e-08
 1.39250e-01
 2.78500e-01
 2.78500e-01
 2.78500e-01
 2.78500e-01
 2.78500e-01
 2.78500e-01
 2.78500e-01
 2.78500e-01
 2.78500e-01
 2.78500e-01
 2.78500e-01
 2.78500e-01
 2.78500e-01
 2.78500e-01
 2.78500e-01
 2.78500e-01
 2.78500e-01
 2.78500e-01
 2.78500e-01
 2.78500e-01
 2.78500e-01
 2.78500e-01
 2.78500e-01
 2.71139e-01
 2.71504e-01
 2.79525e-01
 2.79702e-01
 2.79272e-01
 2.78227e-01
 2.76262e-01
 2.74055e-01
 2.73121e-01
 2.73239e-01
 2.73264e-01
 2.73029e-01
 2.72587e-01
 2.72064e-01
 2.71535e-01
 2.70989e-01
 1.92019e-01
 6.97982e-02
 1.83881e-02
 7.91805e-03
 4.27067e-03
 2.70428e-03
 1.85031e-03
 1.20887e-03
 6.45001e-04
 2.46836e-04
 5.70030e-05
 1.00491e-07
 1.05090e-07
 1.03238e-07
 1.00584e-07
 1.00085e-07
 1.00001e-07
 1.00000e-07
 1.00000e-07
 1.00000e-07
 1.00000e-07
 1.00000e-07
 1.00000e-07
 1.00000e-07
 1.00000e-07
 1.00000e-07
 1.00000e-07
 1.00000e-07
 1.00000e-07
 1.00000e-07
 1.00000e-07
 1.00000e-07
 1.00000e-07
 1.00000e-07
 1.00000e-07
 1.00000e-07
 1.00000e-07
 1.00000e-07
 1.00000e-07
 1.00000e-07
 1.00000e-07
 1.00000e-07
 1.00000e-07
 1.00000e-07
 1.00000e-07
 1.00000e-07
 1.00000e-07
 1.00000e-07
 1.00000e-07
 1.00000e-07
 1.00000e-07
 1.00000e-07
 1.00000e-07
 1.00000e-07
 1.00000e-07
 1.00000e-07
 1.00000e-07
 1.00000e-07
 1.00000e-07
 1.00000e-07
 5.00000e-08
 1.39250e-01
 2.78500e-01
 2.78500e-01
 2.78500e-01
 2.78500e-01
 2.78500e-01
 2.78500e-01
 2.78500e-01
 2.78500e-01
 2.78500e-01
 2.78500e-01
 2.78500e-01
 2.78500e-01
 2.78500e-01
 2.78500e-01
 2.78500e-01
 2.78500e-01
 2.78500e-01
 2.78500e-01
 2.78500e-01
 2.78500e-01
 2.78500e-01
 2.78500e-01
 2.78500e-01
 2.71140e-01
 2.71507e-01
 2.79533e-01
 2.79727e-01
 2.79344e-01
 2.78423e-01
 2.76666e-01
 2.74576e-01
 2.73535e-01
 2.73487e-01
 2.73405e-01
 2.73105e-01
 2.72648e-01
 2.72123e-01
 2.71594e-01
 2.71023e-01
 2.05619e-01
 1.08137e-01
 6.69101e-02
 5.27851e-02
 4.38253e-02
 3.72629e-02
 3.15719e-02
 2.57025e-02
 1.88918e-02
 1.18012e-02
 4.33598e-03
 1.09641e-04
 1.00469e-07
 1.04220e-07
 1.02372e-07
 1.00284e-07
 1.00003e-07
 1.00000e-07
 1.00000e-07
 1.00000e-07
 1.00000e-07
 1.00000e-07
 1.00000e-07
 1.00000e-07
 1.00000e-07
 1.00000e-07
 1.00000e-07
 1.00000e-07
 1.00000e-07
 1.00000e-07
 1.00000e-07
 1.00000e-07
 1.00000e-07
 1.00000e-07
 1.00000e-07
 1.00000e-07
 1.00000e-07
 1.00000e-07
 1.00000e-07
 1.00000e-07
 1.00000e-07
 1.00000e-07
 1.00000e-07
 1.00000e-07
 1.00000e-07
 1.00000e-07
 1.00000e-07
 1.00000e-07
 1.00000e-07
 1.00000e-07
 1.00000e-07
 1.00000e-07
 1.00000e-07
 1.00000e-07
 1.00000e-07
 1.00000e-07
 1.00000e-07
 1.00000e-07
 1.00000e-07
 1.00000e-07
 5.00000e-08
 1.39250e-01
 2.78500e-01
 2.78500e-01
 2.78500e-01
 2.78500e-01
 2.78500e-01
 2.78500e-01
 2.78500e-01
 2.78500e-01
 2.78500e-01
 2.78500e-01
 2.78500e-01
 2.78500e-01
 2.78500e-01
 2.78500e-01
 2.78500e-01
 2.78500e-01
 2.78500e-01
 2.78500e-01
 2.78500e-01
 2.78500e-01
 2.78500e-01
 2.78500e-01
 2.78500e-01
 2.71141e-01
 2.71511e-01
 2.79542e-01
 2.79754e-01
 2.79427e-01
 2.78645e-01
 2.77139e-01
 2.75213e-01
 2.74012e-01
 2.73751e-01
 2.73587e-01
 2.73232e-01
 2.72762e-01
 2.72229e-01
 2.71663e-01
 2.71023e-01
 2.43010e-01
 2.04360e-01
 1.88994e-01
 1.81180e-01
 1.74919e-01
 1.69676e-01
 1.64788e-01
 1.59525e-01
 1.53234e-01
 1.46509e-01
 7.59073e-02
 4.32357e-03
 5.59372e-05
 1.01105e-07
 1.03768e-07
 1.00712e-07
 1.00014e-07
 1.00000e-07
 1.00000e-07
 1.00000e-07
 1.00000e-07
 1.00000e-07
 1.00000e-07
 1.00000e-07
 1.00000e-07
 1.00000e-07
 1.00000e-07
 1.00000e-07
 1.00000e-07
 1.00000e-07
 1.00000e-07
 1.00000e-07
 1.00000e-07
 1.00000e-07
 1.00000e-07
 1.00000e-07
 1.00000e-07
 1.00000e-07
 1.00000e-07
 1.00000e-07
 1.00000e-07
 1.00000e-07
 1.00000e-07
 1.00000e-07
 1.00000e-07
 1.00000e-07
 1.00000e-07
 1.00000e-07
 1.00000e-07
 1.00000e-07
 1.00000e-07
 1.00000e-07
 1.00000e-07
 1.00000e-07
 1.00000e-07
 1.00000e-07
 1.00000e-07
 1.00000e-07
 1.00000e-07
 1.00000e-07
 5.00000e-08
 1.39250e-01
 2.78500e-01
 2.78500e-01
 2.78500e-01
 2.78500e-01
 2.78500e-01
 2.78500e-01
 2.78500e-01
 2.78500e-01
 2.78500e-01
 2.78500e-01
 2.78500e-01
 2.78500e-01
 2.78500e-01
 2.78500e-01
 2.78500e-01
 2.78500e-01
 2.78500e-01
 2.78500e-01
 2.78500e-01
 2.78500e-01
 2.78500e-01
 2.78500e-01
 2.78500e-01
 2.71142e-01
 2.71514e-01
 2.79552e-01
 2.79785e-01
 2.79515e-01
 2.78877e-01
 2.77638e-01
 2.75938e-01
 2.74598e-01
 2.74040e-01
 2.73768e-01
 2.73401e-01
 2.72936e-01
 2.72377e-01
 2.71723e-01
 2.70967e-01
 2.70098e-01
 2.69442e-01
 2.69315e-01
 2.69488e-01
 2.69709e-01
 2.69899e-01
 2.69990e-01
 2.70007e-01
 2.69973e-01
 2.69926e-01
 1.46438e-01
 1.17232e-02
 2.39449e-04
 1.00560e-07
 1.04557e-07
 1.01474e-07
 1.00045e-07
 1.00000e-07
 1.00000e-07
 1.00000e-07
 1.00000e-07
 1.00000e-07
 1.00000e-07
 1.00000e-07
 1.00000e-07
 1.00000e-07
 1.00000e-07
 1.00000e-07
 1.00000e-07
 1.00000e-07
 1.00000e-07
 1.00000e-07
 1.00000e-07
 1.00000e-07
 1.00000e-07
 1.00000e-07
 1.00000e-07
 1.00000e-07
 1.00000e-07
 1.00000e-07
 1.00000e-07
 1.00000e-07
 1.00000e-07
 1.00000e-07
 1.00000e-07
 1.00000e-07
 1.00000e-07
 1.00000e-07
 1.00000e-07
 1.00000e-07
 1.00000e-07
 1.00000e-07
 1.00000e-07
 1.00000e-07
 1.00000e-07
 1.00000e-07
 1.00000e-07
 1.00000e-07
 1.00000e-07
 1.00000e-07
 5.00000e-08
 1.39250e-01
 2.78500e-01
 2.78500e-01
 2.78500e-01
 2.78500e-01
 2.78500e-01
 2.78500e-01
 2.78500e-01
 2.78500e-01
 2.78500e-01
 2.78500e-01
 2.78500e-01
 2.78500e-01
 2.78500e-01
 2.78500e-01
 2.78500e-01
 2.78500e-01
 2.78500e-01
 2.78500e-01
 2.78500e-01
 2.78500e-01
 2.78500e-01
 2.78500e-01
 2.78500e-01
 2.71144e-01
 2.71518e-01
 2.79563e-01
 2.79815e-01
 2.79600e-01
 2.79105e-01
 2.78132e-01
 2.76685e-01
 2.75289e-01
 2.74409e-01
 2.73936e-01
 2.73570e-01
 2.73139e-01
 2.72569e-01
 2.71817e-01
 2.70878e-01
 2.69731e-01
 2.68717e-01
 2.68458e-01
 2.68863e-01
 2.69406e-01
 2.69798e-01
 2.69941e-01
 2.69940e-01
 2.69942e-01
 2.69961e-01
 1.52989e-01
 1.86235e-02
 6.16464e-04
 1.03183e-07
 1.06485e-07
 1.02679e-07
 1.00130e-07
 1.00000e-07
 1.00000e-07
 1.00000e-07
 1.00000e-07
 1.00000e-07
 1.00000e-07
 1.00000e-07
 1.00000e-07
 1.00000e-07
 1.00000e-07
 1.00000e-07
 1.00000e-07
 1.00000e-07
 1.00000e-07
 1.00000e-07
 1.00000e-07
 1.00000e-07
 1.00000e-07
 1.00000e-07
 1.00000e-07
 1.00000e-07
 1.00000e-07
 1.00000e-07
 1.00000e-07
 1.00000e-07
 1.00000e-07
 1.00000e-07
 1.00000e-07
 1.00000e-07
 1.00000e-07
 1.00000e-07
 1.00000e-07
 1.00000e-07
 1.00000e-07
 1.00000e-07
 1.00000e-07
 1.00000e-07
 1.00000e-07
 1.00000e-07
 1.00000e-07
 1.00000e-07
 1.00000e-07
 1.00000e-07
 5.00000e-08
 1.39250e-01
 2.78500e-01
 2.78500e-01
 2.78500e-01
 2.78500e-01
 2.78500e-01
 2.78500e-01
 2.78500e-01
 2.78500e-01
 2.78500e-01
 2.78500e-01
 2.78500e-01
 2.78500e-01
 2.78500e-01
 2.78500e-01
 2.78500e-01
 2.78500e-01
 2.78500e-01
 2.78500e-01
 2.78500e-01
 2.78500e-01
 2.78500e-01
 2.78500e-01
 2.78500e-01
 2.71145e-01
 2.71522e-01
 2.79574e-01
 2.79845e-01
 2.79681e-01
 2.79308e-01
 2.78582e-01
 2.77436e-01
 2.76073e-01
 2.74919e-01
 2.74188e-01
 2.73717e-01
 2.73293e-01
 2.72782e-01
 2.72016e-01
 2.70857e-01
 2.69346e-01
 2.67946e-01
 2.67526e-01
 2.68097e-01
 2.68954e-01
 2.69606e-01
 2.69840e-01
 2.69858e-01
 2.69898e-01
 2.69965e-01
 1.58916e-01
 2.50276e-02
 1.12215e-03
 1.64156e-05
 1.09009e-07
 1.04511e-07
 1.00278e-07
 1.00001e-07
 1.00000e-07
 1.00000e-07
 1.00000e-07
 1.00000e-07
 1.00000e-07
 1.00000e-07
 1.00000e-07
 1.00000e-07
 1.00000e-07
 1.00000e-07
 1.00000e-07
 1.00000e-07
 1.00000e-07
 1.00000e-07
 1.00000e-07
 1.00000e-07
 1.00000e-07
 1.00000e-07
 1.00000e-07
 1.00000e-07
 1.00000e-07
 1.00000e-07
 1.00000e-07
 1.00000e-07
 1.00000e-07
 1.00000e-07
 1.00000e-07
 1.00000e-07
 1.00000e-07
 1.00000e-07
 1.00000e-07
 1.00000e-07
 1.00000e-07
 1.00000e-07
 1.00000e-07
 1.00000e-07
 1.00000e-07
 1.00000e-07
 1.00000e-07
 1.00000e-07
 1.00000e-07
 1.00000e-07
 5.00000e-08
 1.39250e-01
 2.78500e-01
 2.78500e-01
 2.78500e-01
 2.78500e-01
 2.78500e-01
 2.78500e-01
 2.78500e-01
 2.78500e-01
 2.78500e-01
 2.78500e-01
 2.78500e-01
 2.78500e-01
 2.78500e-01
 2.78500e-01
 2.78500e-01
 2.78500e-01
 2.78500e-01
 2.78500e-01
 2.78500e-01
 2.78500e-01
 2.78500e-01
 2.78500e-01
 2.78500e-01
 2.71146e-01
 2.71526e-01
 2.79583e-01
 2.79872e-01
 2.79750e-01
 2.79485e-01
 2.78966e-01
 2.78098e-01
 2.76928e-01
 2.75663e-01
 2.74614e-01
 2.73913e-01
 2.73406e-01
 2.72930e-01
 2.72214e-01
 2.70919e-01
 2.69066e-01
 2.67217e-01
 2.66509e-01
 2.67157e-01
 2.68299e-01
 2.69231e-01
 2.69637e-01
 2.69750e-01
 2.69820e-01
 2.69896e-01
 1.63487e-01
 3.00961e-02
 1.62256e-03
 4.47681e-05
 1.10905e-07
 1.06024e-07
 1.00481e-07
 1.00003e-07
 1.00000e-07
 1.00000e-07
 1.00000e-07
 1.00000e-07
 1.00000e-07
 1.00000e-07
 1.00000e-07
 1.00000e-07
 1.00000e-07
 1.00000e-07
 1.00000e-07
 1.00000e-07
 1.00000e-07
 1.00000e-07
 1.00000e-07
 1.00000e-07
 1.00000e-07
 1.00000e-07
 1.00000e-07
 1.00000e-07
 1.00000e-07
 1.00000e-07
 1.00000e-07
 1.00000e-07
 1.00000e-07
 1.00000e-07
 1.00000e-07
 1.00000e-07
 1.00000e-07
 1.00000e-07
 1.00000e-07
 1.00000e-07
 1.00000e-07
 1.00000e-07
 1.00000e-07
 1.00000e-07
 1.00000e-07
 1.00000e-07
 1.00000e-07
 1.00000e-07
 1.00000e-07
 1.00000e-07
 5.00000e-08
 1.39250e-01
 2.78500e-01
 2.78500e-01
 2.78500e-01
 2.78500e-01
 2.78500e-01
 2.78500e-01
 2.78500e-01
 2.78500e-01
 2.78500e-01
 2.78500e-01
 2.78500e-01
 2.78500e-01
 2.78500e-01
 2.78500e-01
 2.78500e-01
 2.78500e-01
 2.78500e-01
 2.78500e-01
 2.78500e-01
 2.78500e-01
 2.78500e-01
 2.78500e-01
 2.78500e-01
 2.71147e-01
 2.71529e-01
 2.79592e-01
 2.79894e-01
 2.79809e-01
 2.79624e-01
 2.79273e-01
 2.78665e-01
 2.77729e-01
 2.76544e-01
 2.75330e-01
 2.74310e-01
 2.73563e-01
 2.72978e-01
 2.72226e-01
 2.70916e-01
 2.68874e-01
 2.66683e-01
 2.65675e-01
 2.66160e-01
 2.67348e-01
 2.68448e-01
 2.69065e-01
 2.69375e-01
 2.69561e-01
 2.69726e-01
 1.67125e-01
 3.42494e-02
 2.10290e-03
 7.04661e-05
 1.11653e-07
 1.06877e-07
 1.00711e-07
 1.00005e-07
 1.00000e-07
 1.00000e-07
 1.00000e-07
 1.00000e-07
 1.00000e-07
 1.00000e-07
 1.00000e-07
 1.00000e-07
 1.00000e-07
 1.00000e-07
 1.00000e-07
 1.00000e-07
 1.00000e-07
 1.00000e-07
 1.00000e-07
 1.00000e-07
 1.00000e-07
 1.00000e-07
 1.00000e-07
 1.00000e-07
 1.00000e-07
 1.00000e-07
 1.00000e-07
 1.00000e-07
 1.00000e-07
 1.00000e-07
 1.00000e-07
 1.00000e-07
 1.00000e-07
 1.00000e-07
 1.00000e-07
 1.00000e-07
 1.00000e-07
 1.00000e-07
 1.00000e-07
 1.00000e-07
 1.00000e-07
 1.00000e-07
 1.00000e-07
 1.00000e-07
 1.00000e-07
 1.00000e-07
 5.00000e-08
 1.39250e-01
 2.78500e-01
 2.78500e-01
 2.78500e-01
 2.78500e-01
 2.78500e-01
 2.78500e-01
 2.78500e-01
 2.78500e-01
 2.78500e-01
 2.78500e-01
 2.78500e-01
 2.78500e-01
 2.78500e-01
 2.78500e-01
 2.78500e-01
 2.78500e-01
 2.78500e-01
 2.78500e-01
 2.78500e-01
 2.78500e-01
 2.78500e-01
 2.78500e-01
 2.78500e-01
 2.71148e-01
 2.71531e-01
 2.79598e-01
 2.79913e-01
 2.79855e-01
 2.79733e-01
 2.79502e-01
 2.79098e-01
 2.78433e-01
 2.77446e-01
 2.76264e-01
 2.75051e-01
 2.73977e-01
 2.73108e-01
 2.72158e-01
 2.70763e-01
 2.68614e-01
 2.66172e-01
 2.64750e-01
 2.64831e-01
 2.65893e-01
 2.67051e-01
 2.67855e-01
 2.68491e-01
 2.69010e-01
 2.69438e-01
 1.70040e-01
 3.76762e-02
 2.55403e-03
 9.79763e-05
 1.12399e-07
 1.07779e-07
 1.00934e-07
 1.00008e-07
 1.00000e-07
 1.00000e-07
 1.00000e-07
 1.00000e-07
 1.00000e-07
 1.00000e-07
 1.00000e-07
 1.00000e-07
 1.00000e-07
 1.00000e-07
 1.00000e-07
 1.00000e-07
 1.00000e-07
 1.00000e-07
 1.00000e-07
 1.00000e-07
 1.00000e-07
 1.00000e-07
 1.00000e-07
 1.00000e-07
 1.00000e-07
 1.00000e-07
 1.00000e-07
 1.00000e-07
 1.00000e-07
 1.00000e-07
 1.00000e-07
 1.00000e-07
 1.00000e-07
 1.00000e-07
 1.00000e-07
 1.00000e-07
 1.00000e-07
 1.00000e-07
 1.00000e-07
 1.00000e-07
 1.00000e-07
 1.00000e-07
 1.00000e-07
 1.00000e-07
 1.00000e-07
 1.00000e-07
 5.00000e-08
 1.39250e-01
 2.78500e-01
 2.78500e-01
 2.78500e-01
 2.78500e-01
 2.78500e-01
 2.78500e-01
 2.78500e-01
 2.78500e-01
 2.78500e-01
 2.78500e-01
 2.78500e-01
 2.78500e-01
 2.78500e-01
 2.78500e-01
 2.78500e-01
 2.78500e-01
 2.78500e-01
 2.78500e-01
 2.78500e-01
 2.78500e-01
 2.78500e-01
 2.78500e-01
 2.78500e-01
 2.71148e-01
 2.71533e-01
 2.79604e-01
 2.79928e-01
 2.79891e-01
 2.79811e-01
 2.79667e-01
 2.79410e-01
 2.78966e-01
 2.78258e-01
 2.77250e-01
 2.76070e-01
 2.74851e-01
 2.73658e-01
 2.72378e-01
 2.70587e-01
 2.68063e-01
 2.65135e-01
 2.63139e-01
 2.63124e-01
 2.64320e-01
 2.65464e-01
 2.66366e-01
 2.67306e-01
 2.68241e-01
 2.69079e-01
 1.72328e-01
 4.04280e-02
 2.95082e-03
 1.24510e-04
 1.13115e-07
 1.08709e-07
 1.01134e-07
 1.00011e-07
 1.00000e-07
 1.00000e-07
 1.00000e-07
 1.00000e-07
 1.00000e-07
 1.00000e-07
 1.00000e-07
 1.00000e-07
 1.00000e-07
 1.00000e-07
 1.00000e-07
 1.00000e-07
 1.00000e-07
 1.00000e-07
 1.00000e-07
 1.00000e-07
 1.00000e-07
 1.00000e-07
 1.00000e-07
 1.00000e-07
 1.00000e-07
 1.00000e-07
 1.00000e-07
 1.00000e-07
 1.00000e-07
 1.00000e-07
 1.00000e-07
 1.00000e-07
 1.00000e-07
 1.00000e-07
 1.00000e-07
 1.00000e-07
 1.00000e-07
 1.00000e-07
 1.00000e-07
 1.00000e-07
 1.00000e-07
 1.00000e-07
 1.00000e-07
 1.00000e-07
 1.00000e-07
 1.00000e-07
 5.00000e-08
 1.39250e-01
 2.78500e-01
 2.78500e-01
 2.78500e-01
 2.78500e-01
 2.78500e-01
 2.78500e-01
 2.78500e-01
 2.78500e-01
 2.78500e-01
 2.78500e-01
 2.78500e-01
 2.78500e-01
 2.78500e-01
 2.78500e-01
 2.78500e-01
 2.78500e-01
 2.78500e-01
 2.78500e-01
 2.78500e-01
 2.78500e-01
 2.78500e-01
 2.78500e-01
 2.78500e-01
 2.71149e-01
 2.71535e-01
 2.79608e-01
 2.79939e-01
 2.79916e-01
 2.79867e-01
 2.79777e-01
 2.79620e-01
 2.79338e-01
 2.78864e-01
 2.78140e-01
 2.77156e-01
 2.76025e-01
 2.74737e-01
 2.73176e-01
 2.70950e-01
 2.67875e-01
 2.64452e-01
 2.62221e-01
 2.62370e-01
 2.63642e-01
 2.64566e-01
 2.65388e-01
 2.66430e-01
 2.67589e-01
 2.68759e-01
 1.74043e-01
 4.25173e-02
 3.27324e-03
 1.47471e-04
 1.13714e-07
 1.09507e-07
 1.01286e-07
 1.00014e-07
 1.00000e-07
 1.00000e-07
 1.00000e-07
 1.00000e-07
 1.00000e-07
 1.00000e-07
 1.00000e-07
 1.00000e-07
 1.00000e-07
 1.00000e-07
 1.00000e-07
 1.00000e-07
 1.00000e-07
 1.00000e-07
 1.00000e-07
 1.00000e-07
 1.00000e-07
 1.00000e-07
 1.00000e-07
 1.00000e-07
 1.00000e-07
 1.00000e-07
 1.00000e-07
 1.00000e-07
 1.00000e-07
 1.00000e-07
 1.00000e-07
 1.00000e-07
 1.00000e-07
 1.00000e-07
 1.00000e-07
 1.00000e-07
 1.00000e-07
 1.00000e-07
 1.00000e-07
 1.00000e-07
 1.00000e-07
 1.00000e-07
 1.00000e-07
 1.00000e-07
 1.00000e-07
 1.00000e-07
 5.00000e-08
 1.39250e-01
 2.78500e-01
 2.78500e-01
 2.78500e-01
 2.78500e-01
 2.78500e-01
 2.78500e-01
 2.78500e-01
 2.78500e-01
 2.78500e-01
 2.78500e-01
 2.78500e-01
 2.78500e-01
 2.78500e-01
 2.78500e-01
 2.78500e-01
 2.78500e-01
 2.78500e-01
 2.78500e-01
 2.78500e-01
 2.78500e-01
 2.78500e-01
 2.78500e-01
 2.78500e-01
 2.71149e-01
 2.71536e-01
 2.79611e-01
 2.79946e-01
 2.79934e-01
 2.79904e-01
 2.79851e-01
 2.79751e-01
 2.79570e-01
 2.79260e-01
 2.78778e-01
 2.78090e-01
 2.77183e-01
 2.76075e-01
 2.74547e-01
 2.72245e-01
 2.68982e-01
 2.65438e-01
 2.63303e-01
 2.63532e-01
 2.64598e-01
 2.65219e-01
 2.65796e-01
 2.66569e-01
 2.67574e-01
 2.68678e-01
 1.75238e-01
 4.39667e-02
 3.50928e-03
 1.65060e-04
 1.14195e-07
 1.10110e-07
 1.01385e-07
 1.00016e-07
 1.00000e-07
 1.00000e-07
 1.00000e-07
 1.00000e-07
 1.00000e-07
 1.00000e-07
 1.00000e-07
 1.00000e-07
 1.00000e-07
 1.00000e-07
 1.00000e-07
 1.00000e-07
 1.00000e-07
 1.00000e-07
 1.00000e-07
 1.00000e-07
 1.00000e-07
 1.00000e-07
 1.00000e-07
 1.00000e-07
 1.00000e-07
 1.00000e-07
 1.00000e-07
 1.00000e-07
 1.00000e-07
 1.00000e-07
 1.00000e-07
 1.00000e-07
 1.00000e-07
 1.00000e-07
 1.00000e-07
 1.00000e-07
 1.00000e-07
 1.00000e-07
 1.00000e-07
 1.00000e-07
 1.00000e-07
 1.00000e-07
 1.00000e-07
 1.00000e-07
 1.00000e-07
 1.00000e-07
 5.00000e-08
 1.39250e-01
 2.78500e-01
 2.78500e-01
 2.78500e-01
 2.78500e-01
 2.78500e-01
 2.78500e-01
 2.78500e-01
 2.78500e-01
 2.78500e-01
 2.78500e-01
 2.78500e-01
 2.78500e-01
 2.78500e-01
 2.78500e-01
 2.78500e-01
 2.78500e-01
 2.78500e-01
 2.78500e-01
 2.78500e-01
 2.78500e-01
 2.78500e-01
 2.78500e-01
 2.78500e-01
 2.71149e-01
 2.71537e-01
 2.79613e-01
 2.79951e-01
 2.79946e-01
 2.79929e-01
 2.79896e-01
 2.79832e-01
 2.79705e-01
 2.79489e-01
 2.79159e-01
 2.78708e-01
 2.78100e-01
 2.77269e-01
 2.76016e-01
 2.73915e-01
 2.70775e-01
 2.67366e-01
 2.65458e-01
 2.65779e-01
 2.66602e-01
 2.67009e-01
 2.67315e-01
 2.67670e-01
 2.68280e-01
 2.68994e-01
 1.76061e-01
 4.48600e-02
 3.65997e-03
 1.76774e-04
 1.14549e-07
 1.10510e-07
 1.01440e-07
 1.00017e-07
 1.00000e-07
 1.00000e-07
 1.00000e-07
 1.00000e-07
 1.00000e-07
 1.00000e-07
 1.00000e-07
 1.00000e-07
 1.00000e-07
 1.00000e-07
 1.00000e-07
 1.00000e-07
 1.00000e-07
 1.00000e-07
 1.00000e-07
 1.00000e-07
 1.00000e-07
 1.00000e-07
 1.00000e-07
 1.00000e-07
 1.00000e-07
 1.00000e-07
 1.00000e-07
 1.00000e-07
 1.00000e-07
 1.00000e-07
 1.00000e-07
 1.00000e-07
 1.00000e-07
 1.00000e-07
 1.00000e-07
 1.00000e-07
 1.00000e-07
 1.00000e-07
 1.00000e-07
 1.00000e-07
 1.00000e-07
 1.00000e-07
 1.00000e-07
 1.00000e-07
 1.00000e-07
 1.00000e-07
 5.00000e-08
 1.39250e-01
 2.78500e-01
 2.78500e-01
 2.78500e-01
 2.78500e-01
 2.78500e-01
 2.78500e-01
 2.78500e-01
 2.78500e-01
 2.78500e-01
 2.78500e-01
 2.78500e-01
 2.78500e-01
 2.78500e-01
 2.78500e-01
 2.78500e-01
 2.78500e-01
 2.78500e-01
 2.78500e-01
 2.78500e-01
 2.78500e-01
 2.78500e-01
 2.78500e-01
 2.78500e-01
 2.71150e-01
 2.71537e-01
 2.79614e-01
 2.79954e-01
 2.79953e-01
 2.79944e-01
 2.79925e-01
 2.79879e-01
 2.79784e-01
 2.79614e-01
 2.79362e-01
 2.79034e-01
 2.78636e-01
 2.78057e-01
 2.77056e-01
 2.75190e-01
 2.72224e-01
 2.68970e-01
 2.67271e-01
 2.67584e-01
 2.68240e-01
 2.68541e-01
 2.68694e-01
 2.68812e-01
 2.69101e-01
 2.69468e-01
 1.76602e-01
 4.53366e-02
 3.74164e-03
 1.83402e-04
 1.14782e-07
 1.10741e-07
 1.01465e-07
 1.00018e-07
 1.00000e-07
 1.00000e-07
 1.00000e-07
 1.00000e-07
 1.00000e-07
 1.00000e-07
 1.00000e-07
 1.00000e-07
 1.00000e-07
 1.00000e-07
 1.00000e-07
 1.00000e-07
 1.00000e-07
 1.00000e-07
 1.00000e-07
 1.00000e-07
 1.00000e-07
 1.00000e-07
 1.00000e-07
 1.00000e-07
 1.00000e-07
 1.00000e-07
 1.00000e-07
 1.00000e-07
 1.00000e-07
 1.00000e-07
 1.00000e-07
 1.00000e-07
 1.00000e-07
 1.00000e-07
 1.00000e-07
 1.00000e-07
 1.00000e-07
 1.00000e-07
 1.00000e-07
 1.00000e-07
 1.00000e-07
 1.00000e-07
 1.00000e-07
 1.00000e-07
 1.00000e-07
 1.00000e-07
 5.00000e-08
 1.39250e-01
 2.78500e-01
 2.78500e-01
 2.78500e-01
 2.78500e-01
 2.78500e-01
 2.78500e-01
 2.78500e-01
 2.78500e-01
 2.78500e-01
 2.78500e-01
 2.78500e-01
 2.78500e-01
 2.78500e-01
 2.78500e-01
 2.78500e-01
 2.78500e-01
 2.78500e-01
 2.78500e-01
 2.78500e-01
 2.78500e-01
 2.78500e-01
 2.78500e-01
 2.78500e-01
 2.71150e-01
 2.71537e-01
 2.79614e-01
 2.79956e-01
 2.79957e-01
 2.79952e-01
 2.79940e-01
 2.79906e-01
 2.79829e-01
 2.79685e-01
 2.79465e-01
 2.79189e-01
 2.78871e-01
 2.78437e-01
 2.77587e-01
 2.75857e-01
 2.73007e-01
 2.69852e-01
 2.68269e-01
 2.68507e-01
 2.69070e-01
 2.69359e-01
 2.69459e-01
 2.69483e-01
 2.69604e-01
 2.69776e-01
 1.76880e-01
 4.55483e-02
 3.77902e-03
 1.86570e-04
 1.14913e-07
 1.10858e-07
 1.01476e-07
 1.00018e-07
 1.00000e-07
 1.00000e-07
 1.00000e-07
 1.00000e-07
 1.00000e-07
 1.00000e-07
 1.00000e-07
 1.00000e-07
 1.00000e-07
 1.00000e-07
 1.00000e-07
 1.00000e-07
 1.00000e-07
 1.00000e-07
 1.00000e-07
 1.00000e-07
 1.00000e-07
 1.00000e-07
 1.00000e-07
 1.00000e-07
 1.00000e-07
 1.00000e-07
 1.00000e-07
 1.00000e-07
 1.00000e-07
 1.00000e-07
 1.00000e-07
 1.00000e-07
 1.00000e-07
 1.00000e-07
 1.00000e-07
 1.00000e-07
 1.00000e-07
 1.00000e-07
 1.00000e-07
 1.00000e-07
 1.00000e-07
 1.00000e-07
 1.00000e-07
 1.00000e-07
 1.00000e-07
 1.00000e-07
 5.00000e-08
 1.39250e-01
 2.78500e-01
 2.78500e-01
 2.78500e-01
 2.78500e-01
 2.78500e-01
 2.78500e-01
 2.78500e-01
 2.78500e-01
 2.78500e-01
 2.78500e-01
 2.78500e-01
 2.78500e-01
 2.78500e-01
 2.78500e-01
 2.78500e-01
 2.78500e-01
 2.78500e-01
 2.78500e-01
 2.78500e-01
 2.78500e-01
 2.78500e-01
 2.78500e-01
 2.78500e-01
 2.71150e-01
 2.71537e-01
 2.79615e-01
 2.79957e-01
 2.79959e-01
 2.79957e-01
 2.79948e-01
 2.79920e-01
 2.79853e-01
 2.79721e-01
 2.79518e-01
 2.79258e-01
 2.78966e-01
 2.78580e-01
 2.77795e-01
 2.76117e-01
 2.73314e-01
 2.70209e-01
 2.68684e-01
 2.68900e-01
 2.69413e-01
 2.69700e-01
 2.69787e-01
 2.69781e-01
 2.69829e-01
 2.69912e-01
 1.76994e-01
 4.56297e-02
 3.79389e-03
 1.87874e-04
 1.14978e-07
 1.10909e-07
 1.01481e-07
 1.00018e-07
 1.00000e-07
 1.00000e-07
 1.00000e-07
 1.00000e-07
 1.00000e-07
 1.00000e-07
 1.00000e-07
 1.00000e-07
 1.00000e-07
 1.00000e-07
 1.00000e-07
 1.00000e-07
 1.00000e-07
 1.00000e-07
 1.00000e-07
 1.00000e-07
 1.00000e-07
 1.00000e-07
 1.00000e-07
 1.00000e-07
 1.00000e-07
 1.00000e-07
 1.00000e-07
 1.00000e-07
 1.00000e-07
 1.00000e-07
 1.00000e-07
 1.00000e-07
 1.00000e-07
 1.00000e-07
 1.00000e-07
 1.00000e-07
 1.00000e-07
 1.00000e-07
 1.00000e-07
 1.00000e-07
 1.00000e-07
 1.00000e-07
 1.00000e-07
 1.00000e-07
 1.00000e-07
 1.00000e-07
 5.00000e-08
 1.39250e-01
 2.78500e-01
 2.78500e-01
 2.78500e-01
 2.78500e-01
 2.78500e-01
 2.78500e-01
 2.78500e-01
 2.78500e-01
 2.78500e-01
 2.78500e-01
 2.78500e-01
 2.78500e-01
 2.78500e-01
 2.78500e-01
 2.78500e-01
 2.78500e-01
 2.78500e-01
 2.78500e-01
 2.78500e-01
 2.78500e-01
 2.78500e-01
 2.78500e-01
 2.78500e-01
 2.71150e-01
 2.71537e-01
 2.79615e-01
 2.79957e-01
 2.79960e-01
 2.79959e-01
 2.79952e-01
 2.79927e-01
 2.79864e-01
 2.79738e-01
 2.79541e-01
 2.79289e-01
 2.79002e-01
 2.78630e-01
 2.77861e-01
 2.76197e-01
 2.73407e-01
 2.70322e-01
 2.68821e-01
 2.69039e-01
 2.69544e-01
 2.69828e-01
 2.69915e-01
 2.69899e-01
 2.69915e-01
 2.69961e-01
 1.77035e-01
 4.56590e-02
 3.79928e-03
 1.88355e-04
 1.15004e-07
 1.10929e-07
 1.01482e-07
 1.00018e-07
 1.00000e-07
 1.00000e-07
 1.00000e-07
 1.00000e-07
 1.00000e-07
 1.00000e-07
 1.00000e-07
 1.00000e-07
 1.00000e-07
 1.00000e-07
 1.00000e-07
 1.00000e-07
 1.00000e-07
 1.00000e-07
 1.00000e-07
 1.00000e-07
 1.00000e-07
 1.00000e-07
 1.00000e-07
 1.00000e-07
 1.00000e-07
 1.00000e-07
 1.00000e-07
 1.00000e-07
 1.00000e-07
 1.00000e-07
 1.00000e-07
 1.00000e-07
 1.00000e-07
 1.00000e-07
 1.00000e-07
 1.00000e-07
 1.00000e-07
 1.00000e-07
 1.00000e-07
 1.00000e-07
 1.00000e-07
 1.00000e-07
 1.00000e-07
 1.00000e-07
 1.00000e-07
 1.00000e-07
 5.00000e-08
 1.39250e-01
 2.78500e-01
 2.78500e-01
 2.78500e-01
 2.78500e-01
 2.78500e-01
 2.78500e-01
 2.78500e-01
 2.78500e-01
 2.78500e-01
 2.78500e-01
 2.78500e-01
 2.78500e-01
 2.78500e-01
 2.78500e-01
 2.78500e-01
 2.78500e-01
 2.78500e-01
 2.78500e-01
 2.78500e-01
 2.78500e-01
 2.78500e-01
 2.78500e-01
 2.78500e-01
 2.71150e-01
 2.71538e-01
 2.79615e-01
 2.79958e-01
 2.79961e-01
 2.79960e-01
 2.79954e-01
 2.79930e-01
 2.79868e-01
 2.79744e-01
 2.79551e-01
 2.79300e-01
 2.79014e-01
 2.78646e-01
 2.77880e-01
 2.76218e-01
 2.73431e-01
 2.70352e-01
 2.68860e-01
 2.69082e-01
 2.69590e-01
 2.69874e-01
 2.69960e-01
 2.69942e-01
 2.69946e-01
 2.69977e-01
 1.77049e-01
 4.56689e-02
 3.80110e-03
 1.88516e-04
 1.15013e-07
 1.10936e-07
 1.01483e-07
 1.00018e-07
 1.00000e-07
 1.00000e-07
 1.00000e-07
 1.00000e-07
 1.00000e-07
 1.00000e-07
 1.00000e-07
 1.00000e-07
 1.00000e-07
 1.00000e-07
 1.00000e-07
 1.00000e-07
 1.00000e-07
 1.00000e-07
 1.00000e-07
 1.00000e-07
 1.00000e-07
 1.00000e-07
 1.00000e-07
 1.00000e-07
 1.00000e-07
 1.00000e-07
 1.00000e-07
 1.00000e-07
 1.00000e-07
 1.00000e-07
 1.00000e-07
 1.00000e-07
 1.00000e-07
 1.00000e-07
 1.00000e-07
 1.00000e-07
 1.00000e-07
 1.00000e-07
 1.00000e-07
 1.00000e-07
 1.00000e-07
 1.00000e-07
 1.00000e-07
 1.00000e-07
 1.00000e-07
 1.00000e-07
 5.00000e-08
 1.39250e-01
 2.78500e-01
 2.78500e-01
 2.78500e-01
 2.78500e-01
 2.78500e-01
 2.78500e-01
 2.78500e-01
 2.78500e-01
 2.78500e-01
 2.78500e-01
 2.78500e-01
 2.78500e-01
 2.78500e-01
 2.78500e-01
 2.78500e-01
 2.78500e-01
 2.78500e-01
 2.78500e-01
 2.78500e-01
 2.78500e-01
 2.78500e-01
 2.78500e-01
 2.78500e-01
 2.71150e-01
 2.71538e-01
 2.79615e-01
 2.79958e-01
 2.79961e-01
 2.79960e-01
 2.79954e-01
 2.79932e-01
 2.79870e-01
 2.79747e-01
 2.79554e-01
 2.79305e-01
 2.79019e-01
 2.78650e-01
 2.77885e-01
 2.76223e-01
 2.73436e-01
 2.70359e-01
 2.68869e-01
 2.69094e-01
 2.69604e-01
 2.69888e-01
 2.69975e-01
 2.69957e-01
 2.69956e-01
 2.69983e-01
 1.77054e-01
 4.56721e-02
 3.80166e-03
 1.88565e-04
 1.15016e-07
 1.10938e-07
 1.01483e-07
 1.00018e-07
 1.00000e-07
 1.00000e-07
 1.00000e-07
 1.00000e-07
 1.00000e-07
 1.00000e-07
 1.00000e-07
 1.00000e-07
 1.00000e-07
 1.00000e-07
 1.00000e-07
 1.00000e-07
 1.00000e-07
 1.00000e-07
 1.00000e-07
 1.00000e-07
 1.00000e-07
 1.00000e-07
 1.00000e-07
 1.00000e-07
 1.00000e-07
 1.00000e-07
 1.00000e-07
 1.00000e-07
 1.00000e-07
 1.00000e-07
 1.00000e-07
 1.00000e-07
 1.00000e-07
 1.00000e-07
 1.00000e-07
 1.00000e-07
 1.00000e-07
 1.00000e-07
 1.00000e-07
 1.00000e-07
 1.00000e-07
 1.00000e-07
 1.00000e-07
 1.00000e-07
 1.00000e-07
 1.00000e-07
 5.00000e-08
 1.39250e-01
 2.78500e-01
 2.78500e-01
 2.78500e-01
 2.78500e-01
 2.78500e-01
 2.78500e-01
 2.78500e-01
 2.78500e-01
 2.78500e-01
 2.78500e-01
 2.78500e-01
 2.78500e-01
 2.78500e-01
 2.78500e-01
 2.78500e-01
 2.78500e-01
 2.78500e-01
 2.78500e-01
 2.78500e-01
 2.78500e-01
 2.78500e-01
 2.78500e-01
 2.78500e-01
 2.71150e-01
 2.71538e-01
 2.79615e-01
 2.79958e-01
 2.79961e-01
 2.79960e-01
 2.79955e-01
 2.79932e-01
 2.79871e-01
 2.79748e-01
 2.79555e-01
 2.79306e-01
 2.79020e-01
 2.78652e-01
 2.77887e-01
 2.76224e-01
 2.73437e-01
 2.70361e-01
 2.68872e-01
 2.69097e-01
 2.69607e-01
 2.69892e-01
 2.69979e-01
 2.69961e-01
 2.69959e-01
 2.69985e-01
 1.77056e-01
 4.56730e-02
 3.80182e-03
 1.88578e-04
 1.15017e-07
 1.10938e-07
 1.01483e-07
 1.00018e-07
 1.00000e-07
 1.00000e-07
 1.00000e-07
 1.00000e-07
 1.00000e-07
 1.00000e-07
 1.00000e-07
 1.00000e-07
 1.00000e-07
 1.00000e-07
 1.00000e-07
 1.00000e-07
 1.00000e-07
 1.00000e-07
 1.00000e-07
 1.00000e-07
 1.00000e-07
 1.00000e-07
 1.00000e-07
 1.00000e-07
 1.00000e-07
 1.00000e-07
 1.00000e-07
 1.00000e-07
 1.00000e-07
 1.00000e-07
 1.00000e-07
 1.00000e-07
 1.00000e-07
 1.00000e-07
 1.00000e-07
 1.00000e-07
 1.00000e-07
 1.00000e-07
 1.00000e-07
 1.00000e-07
 1.00000e-07
 1.00000e-07
 1.00000e-07
 1.00000e-07
 1.00000e-07
 1.00000e-07
 5.00000e-08
 1.39250e-01
 2.78500e-01
 2.78500e-01
 2.78500e-01
 2.78500e-01
 2.78500e-01
 2.78500e-01
 2.78500e-01
 2.78500e-01
 2.78500e-01
 2.78500e-01
 2.78500e-01
 2.78500e-01
 2.78500e-01
 2.78500e-01
 2.78500e-01
 2.78500e-01
 2.78500e-01
 2.78500e-01
 2.78500e-01
 2.78500e-01
 2.78500e-01
 2.78500e-01
 2.78500e-01
 2.71150e-01
 2.71538e-01
 2.79615e-01
 2.79958e-01
 2.79961e-01
 2.79960e-01
 2.79955e-01
 2.79932e-01
 2.79871e-01
 2.79748e-01
 2.79555e-01
 2.79306e-01
 2.79020e-01
 2.78652e-01
 2.77887e-01
 2.76224e-01
 2.73437e-01
 2.70361e-01
 2.68872e-01
 2.69098e-01
 2.69608e-01
 2.69893e-01
 2.69980e-01
 2.69962e-01
 2.69960e-01
 2.69985e-01
 1.77056e-01
 4.56733e-02
 3.80186e-03
 1.88582e-04
 1.15017e-07
 1.10939e-07
 1.01483e-07
 1.00018e-07
 1.00000e-07
 1.00000e-07
 1.00000e-07
 1.00000e-07
 1.00000e-07
 1.00000e-07
 1.00000e-07
 1.00000e-07
 1.00000e-07
 1.00000e-07
 1.00000e-07
 1.00000e-07
 1.00000e-07
 1.00000e-07
 1.00000e-07
 1.00000e-07
 1.00000e-07
 1.00000e-07
 1.00000e-07
 1.00000e-07
 1.00000e-07
 1.00000e-07
 1.00000e-07
 1.00000e-07
 1.00000e-07
 1.00000e-07
 1.00000e-07
 1.00000e-07
 1.00000e-07
 1.00000e-07
 1.00000e-07
 1.00000e-07
 1.00000e-07
 1.00000e-07
 1.00000e-07
 1.00000e-07
 1.00000e-07
 1.00000e-07
 1.00000e-07
 1.00000e-07
 1.00000e-07
 1.00000e-07
 5.00000e-08
 1.39250e-01
 2.78500e-01
 2.78500e-01
 2.78500e-01
 2.78500e-01
 2.78500e-01
 2.78500e-01
 2.78500e-01
 2.78500e-01
 2.78500e-01
 2.78500e-01
 2.78500e-01
 2.78500e-01
 2.78500e-01
 2.78500e-01
 2.78500e-01
 2.78500e-01
 2.78500e-01
 2.78500e-01
 2.78500e-01
 2.78500e-01
 2.78500e-01
 2.78500e-01
 2.78500e-01
 2.71150e-01
 2.71538e-01
 2.79615e-01
 2.79958e-01
 2.79961e-01
 2.79960e-01
 2.79955e-01
 2.79932e-01
 2.79871e-01
 2.79748e-01
 2.79556e-01
 2.79306e-01
 2.79020e-01
 2.78652e-01
 2.77887e-01
 2.76224e-01
 2.73437e-01
 2.70361e-01
 2.68872e-01
 2.69098e-01
 2.69609e-01
 2.69893e-01
 2.69980e-01
 2.69962e-01
 2.69960e-01
 2.69985e-01
 1.77056e-01
 4.56733e-02
 3.80187e-03
 1.88582e-04
 1.15017e-07
 1.10939e-07
 1.01483e-07
 1.00018e-07
 1.00000e-07
 1.00000e-07
 1.00000e-07
 1.00000e-07
 1.00000e-07
 1.00000e-07
 1.00000e-07
 1.00000e-07
 1.00000e-07
 1.00000e-07
 1.00000e-07
 1.00000e-07
 1.00000e-07
 1.00000e-07
 1.00000e-07
 1.00000e-07
 1.00000e-07
 1.00000e-07
 1.00000e-07
 1.00000e-07
 1.00000e-07
 1.00000e-07
 1.00000e-07
 1.00000e-07
 1.00000e-07
 1.00000e-07
 1.00000e-07
 1.00000e-07
 1.00000e-07
 1.00000e-07
 1.00000e-07
 1.00000e-07
 1.00000e-07
 1.00000e-07
 1.00000e-07
 1.00000e-07
 1.00000e-07
 1.00000e-07
 1.00000e-07
 1.00000e-07
 1.00000e-07
 1.00000e-07
 5.00000e-08
 6.96250e-02
 1.39250e-01
 1.39250e-01
 1.39250e-01
 1.39250e-01
 1.39250e-01
 1.39250e-01
 1.39250e-01
 1.39250e-01
 1.39250e-01
 1.39250e-01
 1.39250e-01
 1.39250e-01
 1.39250e-01
 1.39250e-01
 1.39250e-01
 1.39250e-01
 1.39250e-01
 1.39250e-01
 1.39250e-01
 1.39250e-01
 1.39250e-01
 1.39250e-01
 1.39250e-01
 1.35575e-01
 1.35769e-01
 1.39808e-01
 1.39979e-01
 1.39981e-01
 1.39980e-01
 1.39977e-01
 1.39966e-01
 1.39935e-01
 1.39874e-01
 1.39778e-01
 1.39653e-01
 1.39510e-01
 1.39326e-01
 1.38944e-01
 1.38112e-01
 1.36718e-01
 1.35180e-01
 1.34436e-01
 1.34549e-01
 1.34804e-01
 1.34947e-01
 1.34990e-01
 1.34981e-01
 1.34980e-01
 1.34993e-01
 8.85280e-02
 2.28367e-02
 1.90094e-03
 9.42913e-05
 5.75086e-08
 5.54693e-08
 5.07415e-08
 5.00091e-08
 5.00000e-08
 5.00000e-08
 5.00000e-08
 5.00000e-08
 5.00000e-08
 5.00000e-08
 5.00000e-08
 5.00000e-08
 5.00000e-08
 5.00000e-08
 5.00000e-08
 5.00000e-08
 5.00000e-08
 5.00000e-08
 5.00000e-08
 5.00000e-08
 5.00000e-08
 5.00000e-08
 5.00000e-08
 5.00000e-08
 5.00000e-08
 5.00000e-08
 5.00000e-08
 5.00000e-08
 5.00000e-08
 5.00000e-08
 5.00000e-08
 5.00000e-08
 5.00000e-08
 5.00000e-08
 5.00000e-08
 5.00000e-08
 5.00000e-08
 5.00000e-08
 5.00000e-08
 5.00000e-08
 5.00000e-08
 5.00000e-08
 5.00000e-08
 5.00000e-08
 5.00000e-08
 5.00000e-08
 2.50000e-08
