NodeMass
part
         1
coordinates
 5.69812e-86
 1.20363e-81
 6.26624e-78
 1.43276e-74
 1.82524e-71
 1.47745e-68
 8.26468e-66
 3.38797e-63
 1.06310e-60
 2.64133e-58
 5.33930e-56
 8.98065e-54
 1.28091e-51
 1.57471e-49
 1.69254e-47
 1.61071e-45
 1.37266e-43
 1.05839e-41
 7.45343e-40
 4.83602e-38
 2.91457e-36
 1.64413e-34
 8.74405e-33
 4.41473e-31
 2.12843e-29
 9.79022e-28
 2.09407e-26
 4.04212e-70
 2.80564e-66
 4.80279e-63
 3.61326e-60
 1.51554e-57
 4.04168e-55
 7.45306e-53
 1.00772e-50
 1.04345e-48
 8.55819e-47
 5.71250e-45
 3.17325e-43
 1.49481e-41
 6.06870e-40
 2.15354e-38
 6.76361e-37
 1.90117e-35
 4.83139e-34
 1.12033e-32
 2.39081e-31
 4.73268e-30
 8.75501e-29
 1.52414e-27
 2.51355e-26
 3.95026e-25
 5.94665e-24
 6.25719e-23
 1.34200e-61
 5.52497e-58
 5.61622e-55
 2.51190e-52
 6.27082e-50
 9.96450e-48
 1.09604e-45
 8.84825e-44
 5.47516e-42
 2.68562e-40
 1.07276e-38
 3.56781e-37
 1.00657e-35
 2.44774e-34
 5.20248e-33
 9.78382e-32
 1.64594e-30
 2.50162e-29
 3.46607e-28
 4.41420e-27
 5.20699e-26
 5.72975e-25
 5.92102e-24
 5.78220e-23
 5.36660e-22
 4.77190e-21
 3.29820e-20
 1.46584e-55
 4.27392e-52
 3.08219e-49
 9.79728e-47
 1.74131e-44
 1.97334e-42
 1.55051e-40
 8.95516e-39
 3.96996e-37
 1.39684e-35
 4.00659e-34
 9.57673e-33
 1.94302e-31
 3.39936e-30
 5.19886e-29
 7.03434e-28
 8.51098e-27
 9.29698e-26
 9.24879e-25
 8.44610e-24
 7.13227e-23
 5.60702e-22
 4.12944e-21
 2.86574e-20
 1.88389e-19
 1.18448e-18
 6.07635e-18
 6.89024e-51
 1.55420e-47
 8.69166e-45
 2.14760e-42
 2.97412e-40
 2.63223e-38
 1.61881e-36
 7.33324e-35
 2.55467e-33
 7.07550e-32
 1.59988e-30
 3.01829e-29
 4.83800e-28
 6.69134e-27
 8.09286e-26
 8.65977e-25
 8.28351e-24
 7.14885e-23
 5.61287e-22
 4.03960e-21
 2.68341e-20
 1.65567e-19
 9.54355e-19
 5.16666e-18
 2.63958e-17
 1.28601e-16
 5.25095e-16
 3.98641e-47
 7.34346e-44
 3.36395e-41
 6.82914e-39
 7.79362e-37
 5.70074e-35
 2.90560e-33
 1.09368e-31
 3.17332e-30
 7.33574e-29
 1.38702e-27
 2.19145e-26
 2.94535e-25
 3.41867e-24
 3.47164e-23
 3.11943e-22
 2.50495e-21
 1.81357e-20
 1.19321e-19
 7.18506e-19
 3.98542e-18
 2.04825e-17
 9.80521e-17
 4.39316e-16
 1.84997e-15
 7.40154e-15
 2.52303e-14
 4.90466e-44
 7.66047e-41
 2.98618e-38
 5.17762e-36
 5.06476e-34
 3.18649e-32
 1.40155e-30
 4.56650e-29
 1.15013e-27
 2.31369e-26
 3.81519e-25
 5.26654e-24
 6.19321e-23
 6.29619e-22
 5.60366e-21
 4.41387e-20
 3.10634e-19
 1.96968e-18
 1.13367e-17
 5.96216e-17
 2.88221e-16
 1.28753e-15
 5.34005e-15
 2.06480e-14
 7.46841e-14
 2.55325e-13
 7.51068e-13
 1.78184e-41
 2.42775e-38
 8.29118e-36
 1.26484e-33
 1.09314e-31
 6.10065e-30
 2.38921e-28
 6.95553e-27
 1.57026e-25
 2.83941e-24
 4.21884e-23
 5.25817e-22
 5.59176e-21
 5.14671e-20
 4.14993e-19
 2.96207e-18
 1.88846e-17
 1.08391e-16
 5.63957e-16
 2.67603e-15
 1.16421e-14
 4.66510e-14
 1.72859e-13
 5.94231e-13
 1.90013e-12
 5.70822e-12
 1.48514e-11
 2.38045e-39
 2.89687e-36
 8.87948e-34
 1.22160e-31
 9.56525e-30
 4.85763e-28
 1.73821e-26
 4.64087e-25
 9.64091e-24
 1.60891e-22
 2.21177e-21
 2.55575e-20
 2.52379e-19
 2.15938e-18
 1.61951e-17
 1.07523e-16
 6.37312e-16
 3.39696e-15
 1.63847e-14
 7.19006e-14
 2.88388e-13
 1.06138e-12
 3.59618e-12
 1.12476e-11
 3.25449e-11
 8.79883e-11
 2.07284e-10
 1.37360e-37
 1.52458e-34
 4.28447e-32
 5.43155e-30
 3.93788e-28
 1.85999e-26
 6.21580e-25
 1.55567e-23
 3.03941e-22
 4.78398e-21
 6.21749e-20
 6.80501e-19
 6.37385e-18
 5.17717e-17
 3.68726e-16
 2.32421e-15
 1.30684e-14
 6.59835e-14
 3.00861e-13
 1.24475e-12
 4.69154e-12
 1.61628e-11
 5.10381e-11
 1.48065e-10
 3.95356e-10
 9.80438e-10
 2.12236e-09
 3.88388e-36
 4.00908e-33
 1.05328e-30
 1.25450e-28
 8.58434e-27
 3.84317e-25
 1.22200e-23
 2.91985e-22
 5.46239e-21
 8.25313e-20
 1.03174e-18
 1.08790e-17
 9.82736e-17
 7.70296e-16
 5.29455e-15
 3.21928e-14
 1.74430e-13
 8.47351e-13
 3.70924e-12
 1.46927e-11
 5.28451e-11
 1.73062e-10
 5.17197e-10
 1.41281e-09
 3.53078e-09
 8.13277e-09
 1.63552e-08
 5.86424e-35
 5.73614e-32
 1.43470e-29
 1.63388e-27
 1.07335e-25
 4.63033e-24
 1.42339e-22
 3.29778e-21
 5.99740e-20
 8.82786e-19
 1.07701e-17
 1.10975e-16
 9.80474e-16
 7.51958e-15
 5.05666e-14
 3.00628e-13
 1.59087e-12
 7.53503e-12
 3.20871e-11
 1.23291e-10
 4.28664e-10
 1.35149e-09
 3.86958e-09
 1.00694e-08
 2.38103e-08
 5.14752e-08
 9.71544e-08
 5.45171e-34
 5.14461e-31
 1.24578e-28
 1.37794e-26
 8.81685e-25
 3.71384e-23
 1.11714e-21
 2.53734e-20
 4.53051e-19
 6.55527e-18
 7.86853e-17
 7.98167e-16
 6.94419e-15
 5.24415e-14
 3.47117e-13
 2.02982e-12
 1.05536e-11
 4.90380e-11
 2.04465e-10
 7.67366e-10
 2.59816e-09
 7.94771e-09
 2.19793e-08
 5.49388e-08
 1.23962e-07
 2.53716e-07
 4.52840e-07
 3.16638e-33
 2.93558e-30
 6.99361e-28
 7.62076e-26
 4.81010e-24
 2.00107e-22
 5.95150e-21
 1.33782e-19
 2.36612e-18
 3.39349e-17
 4.03962e-16
 4.06510e-15
 3.50899e-14
 2.62886e-13
 1.72559e-12
 9.99997e-12
 5.14739e-11
 2.36465e-10
 9.72993e-10
 3.59530e-09
 1.19495e-08
 3.57486e-08
 9.62391e-08
 2.32859e-07
 5.05297e-07
 9.86720e-07
 1.66674e-06
 5.69812e-86
 1.20363e-81
 6.26624e-78
 1.43276e-74
 1.82524e-71
 1.47745e-68
 8.26468e-66
 3.38797e-63
 1.06310e-60
 2.64133e-58
 5.33930e-56
 8.98065e-54
 1.28091e-51
 1.57471e-49
 1.69254e-47
 1.61071e-45
 1.37266e-43
 1.05839e-41
 7.45343e-40
 4.83602e-38
 2.91457e-36
 1.64413e-34
 8.74405e-33
 4.41473e-31
 2.12843e-29
 9.79022e-28
 2.09407e-26
 4.04212e-70
 2.80564e-66
 4.80279e-63
 3.61326e-60
 1.51554e-57
 4.04168e-55
 7.45306e-53
 1.00772e-50
 1.04345e-48
 8.55819e-47
 5.71250e-45
 3.17325e-43
 1.49481e-41
 6.06870e-40
 2.15354e-38
 6.76361e-37
 1.90117e-35
 4.83139e-34
 1.12033e-32
 2.39081e-31
 4.73268e-30
 8.75501e-29
 1.52414e-27
 2.51355e-26
 3.95026e-25
 5.94665e-24
 6.25719e-23
 1.34200e-61
 5.52497e-58
 5.61622e-55
 2.51190e-52
 6.27082e-50
 9.96450e-48
 1.09604e-45
 8.84825e-44
 5.47516e-42
 2.68562e-40
 1.07276e-38
 3.56781e-37
 1.00657e-35
 2.44774e-34
 5.20248e-33
 9.78382e-32
 1.64594e-30
 2.50162e-29
 3.46607e-28
 4.41420e-27
 5.20699e-26
 5.72975e-25
 5.92102e-24
 5.78220e-23
 5.36660e-22
 4.77190e-21
 3.29820e-20
 1.46584e-55
 4.27392e-52
 3.08219e-49
 9.79728e-47
 1.74131e-44
 1.97334e-42
 1.55051e-40
 8.95516e-39
 3.96996e-37
 1.39684e-35
 4.00659e-34
 9.57673e-33
 1.94302e-31
 3.39936e-30
 5.19886e-29
 7.03434e-28
 8.51098e-27
 9.29698e-26
 9.24879e-25
 8.44610e-24
 7.13227e-23
 5.60702e-22
 4.12944e-21
 2.86574e-20
 1.88389e-19
 1.18448e-18
 6.07635e-18
 6.89024e-51
 1.55420e-47
 8.69166e-45
 2.14760e-42
 2.97412e-40
 2.63223e-38
 1.61881e-36
 7.33324e-35
 2.55467e-33
 7.07550e-32
 1.59988e-30
 3.01829e-29
 4.83800e-28
 6.69134e-27
 8.09286e-26
 8.65977e-25
 8.28351e-24
 7.14885e-23
 5.61287e-22
 4.03960e-21
 2.68341e-20
 1.65567e-19
 9.54355e-19
 5.16666e-18
 2.63958e-17
 1.28601e-16
 5.25095e-16
 3.98641e-47
 7.34346e-44
 3.36395e-41
 6.82914e-39
 7.79362e-37
 5.70074e-35
 2.90560e-33
 1.09368e-31
 3.17332e-30
 7.33574e-29
 1.38702e-27
 2.19145e-26
 2.94535e-25
 3.41867e-24
 3.47164e-23
 3.11943e-22
 2.50495e-21
 1.81357e-20
 1.19321e-19
 7.18506e-19
 3.98542e-18
 2.04825e-17
 9.80521e-17
 4.39316e-16
 1.84997e-15
 7.40154e-15
 2.52303e-14
 4.90466e-44
 7.66047e-41
 2.98618e-38
 5.17762e-36
 5.06476e-34
 3.18649e-32
 1.40155e-30
 4.56650e-29
 1.15013e-27
 2.31369e-26
 3.81519e-25
 5.26654e-24
 6.19321e-23
 6.29619e-22
 5.60366e-21
 4.41387e-20
 3.10634e-19
 1.96968e-18
 1.13367e-17
 5.96216e-17
 2.88221e-16
 1.28753e-15
 5.34005e-15
 2.06480e-14
 7.46841e-14
 2.55325e-13
 7.51068e-13
 1.78184e-41
 2.42775e-38
 8.29118e-36
 1.26484e-33
 1.09314e-31
 6.10065e-30
 2.38921e-28
 6.95553e-27
 1.57026e-25
 2.83941e-24
 4.21884e-23
 5.25817e-22
 5.59176e-21
 5.14671e-20
 4.14993e-19
 2.96207e-18
 1.88846e-17
 1.08391e-16
 5.63957e-16
 2.67603e-15
 1.16421e-14
 4.66510e-14
 1.72859e-13
 5.94231e-13
 1.90013e-12
 5.70822e-12
 1.48514e-11
 2.38045e-39
 2.89687e-36
 8.87948e-34
 1.22160e-31
 9.56525e-30
 4.85763e-28
 1.73821e-26
 4.64087e-25
 9.64091e-24
 1.60891e-22
 2.21177e-21
 2.55575e-20
 2.52379e-19
 2.15938e-18
 1.61951e-17
 1.07523e-16
 6.37312e-16
 3.39696e-15
 1.63847e-14
 7.19006e-14
 2.88388e-13
 1.06138e-12
 3.59618e-12
 1.12476e-11
 3.25449e-11
 8.79883e-11
 2.07284e-10
 1.37360e-37
 1.52458e-34
 4.28447e-32
 5.43155e-30
 3.93788e-28
 1.85999e-26
 6.21580e-25
 1.55567e-23
 3.03941e-22
 4.78398e-21
 6.21749e-20
 6.80501e-19
 6.37385e-18
 5.17717e-17
 3.68726e-16
 2.32421e-15
 1.30684e-14
 6.59835e-14
 3.00861e-13
 1.24475e-12
 4.69154e-12
 1.61628e-11
 5.10381e-11
 1.48065e-10
 3.95356e-10
 9.80438e-10
 2.12236e-09
 3.88388e-36
 4.00908e-33
 1.05328e-30
 1.25450e-28
 8.58434e-27
 3.84317e-25
 1.22200e-23
 2.91985e-22
 5.46239e-21
 8.25313e-20
 1.03174e-18
 1.08790e-17
 9.82736e-17
 7.70296e-16
 5.29455e-15
 3.21928e-14
 1.74430e-13
 8.47351e-13
 3.70924e-12
 1.46927e-11
 5.28451e-11
 1.73062e-10
 5.17197e-10
 1.41281e-09
 3.53078e-09
 8.13277e-09
 1.63552e-08
 5.86424e-35
 5.73614e-32
 1.43470e-29
 1.63388e-27
 1.07335e-25
 4.63033e-24
 1.42339e-22
 3.29778e-21
 5.99740e-20
 8.82786e-19
 1.07701e-17
 1.10975e-16
 9.80474e-16
 7.51958e-15
 5.05666e-14
 3.00628e-13
 1.59087e-12
 7.53503e-12
 3.20871e-11
 1.23291e-10
 4.28664e-10
 1.35149e-09
 3.86958e-09
 1.00694e-08
 2.38103e-08
 5.14752e-08
 9.71544e-08
 5.45171e-34
 5.14461e-31
 1.24578e-28
 1.37794e-26
 8.81685e-25
 3.71384e-23
 1.11714e-21
 2.53734e-20
 4.53051e-19
 6.55527e-18
 7.86853e-17
 7.98167e-16
 6.94419e-15
 5.24415e-14
 3.47117e-13
 2.02982e-12
 1.05536e-11
 4.90380e-11
 2.04465e-10
 7.67366e-10
 2.59816e-09
 7.94771e-09
 2.19793e-08
 5.49388e-08
 1.23962e-07
 2.53716e-07
 4.52840e-07
 3.16638e-33
 2.93558e-30
 6.99361e-28
 7.62076e-26
 4.81010e-24
 2.00107e-22
 5.95150e-21
 1.33782e-19
 2.36612e-18
 3.39349e-17
 4.03962e-16
 4.06510e-15
 3.50899e-14
 2.62886e-13
 1.72559e-12
 9.99997e-12
 5.14739e-11
 2.36465e-10
 9.72993e-10
 3.59530e-09
 1.19495e-08
 3.57486e-08
 9.62391e-08
 2.32859e-07
 5.05297e-07
 9.86720e-07
 1.66674e-06
part
         2
coordinates
 2.12843e-29
 9.79022e-28
 2.09407e-26
 2.00146e-25
 1.10796e-24
 3.95074e-24
 9.48364e-24
 1.65119e-23
 2.23402e-23
 2.30724e-23
 1.86510e-23
 1.23404e-23
 6.40842e-24
 2.55015e-24
 7.50472e-25
 1.55322e-25
 2.10442e-26
 1.68664e-27
 6.96139e-29
 1.24907e-30
 7.98166e-33
 1.41843e-35
 4.96324e-39
 1.96125e-43
 3.04300e-49
 1.40906e-57
 2.75238e-73
 3.95026e-25
 5.94665e-24
 6.25719e-23
 3.93804e-22
 1.62229e-21
 4.62206e-21
 9.28032e-21
 1.40349e-20
 1.70748e-20
 1.63554e-20
 1.24871e-20
 7.94824e-21
 4.05014e-21
 1.60916e-21
 4.81591e-22
 1.03337e-22
 1.48214e-23
 1.28700e-24
 5.89720e-26
 1.20353e-27
 8.96621e-30
 1.91022e-32
 8.30564e-36
 4.29625e-40
 9.51233e-46
 7.49098e-54
 4.48554e-69
 5.36660e-22
 4.77190e-21
 3.29820e-20
 1.54212e-19
 5.06151e-19
 1.19745e-18
 2.07577e-18
 2.80839e-18
 3.13815e-18
 2.83026e-18
 2.07407e-18
 1.28548e-18
 6.47350e-19
 2.57972e-19
 7.86516e-20
 1.74809e-20
 2.64551e-21
 2.47632e-22
 1.25251e-23
 2.89136e-25
 2.49924e-27
 6.35795e-30
 3.42430e-33
 2.31312e-37
 7.29601e-43
 9.76144e-51
 1.79088e-65
 1.88389e-19
 1.18448e-18
 6.07635e-18
 2.26115e-17
 6.20278e-17
 1.24772e-16
 1.92027e-16
 2.40198e-16
 2.49715e-16
 2.13780e-16
 1.53045e-16
 9.30765e-17
 4.65902e-17
 1.86919e-17
 5.81427e-18
 1.33763e-18
 2.13011e-19
 2.13965e-20
 1.18820e-21
 3.08591e-23
 3.07999e-25
 9.31859e-28
 6.19697e-31
 5.45321e-35
 2.44613e-40
 5.55427e-48
 3.12053e-62
 2.63958e-17
 1.28601e-16
 5.25095e-16
 1.62603e-15
 3.82846e-15
 6.76572e-15
 9.49116e-15
 1.12220e-14
 1.09852e-14
 8.98826e-15
 6.36801e-15
 3.82257e-15
 1.91139e-15
 7.74497e-16
 2.46141e-16
 5.85930e-17
 9.79674e-18
 1.05185e-18
 6.38184e-20
 1.85518e-21
 2.12802e-23
 7.62687e-26
 6.24261e-29
 7.13886e-33
 4.54615e-38
 1.75007e-45
 3.00942e-59
 1.84997e-15
 7.40154e-15
 2.52303e-14
 6.73805e-14
 1.38498e-13
 2.20785e-13
 2.88878e-13
 3.26812e-13
 3.05712e-13
 2.41327e-13
 1.69866e-13
 1.01304e-13
 5.08160e-14
 2.08558e-14
 6.78196e-15
 1.67045e-15
 2.92774e-16
 3.34887e-17
 2.21026e-18
 7.15769e-20
 9.39387e-22
 3.97299e-24
 3.99007e-27
 5.91565e-31
 5.33920e-36
 3.48108e-43
 1.83127e-56
 7.46841e-14
 2.55325e-13
 7.51068e-13
 1.77198e-12
 3.24579e-12
 4.76470e-12
 5.91432e-12
 6.45782e-12
 5.85795e-12
 4.50434e-12
 3.14740e-12
 1.87730e-12
 9.48274e-13
 3.95280e-13
 1.31737e-13
 3.35876e-14
 6.16450e-15
 7.49204e-16
 5.35881e-17
 1.92501e-18
 2.87860e-20
 1.43146e-22
 1.75875e-25
 3.37288e-29
 4.30765e-34
 4.75216e-41
 7.64448e-54
 1.90013e-12
 5.70822e-12
 1.48514e-11
 3.15484e-11
 5.28134e-11
 7.26934e-11
 8.65731e-11
 9.18833e-11
 8.16159e-11
 6.16401e-11
 4.28247e-11
 2.56751e-11
 1.31061e-11
 5.56398e-12
 1.90410e-12
 5.02974e-13
 9.66310e-14
 1.24538e-14
 9.62366e-16
 3.82049e-17
 6.48490e-19
 3.77893e-21
 5.66447e-24
 1.40222e-27
 2.53035e-32
 4.71923e-39
 2.32051e-51
 3.25449e-11
 8.79883e-11
 2.07284e-10
 4.01113e-10
 6.24985e-10
 8.20031e-10
 9.46976e-10
 9.81433e-10
 8.57278e-10
 6.41598e-10
 4.45351e-10
 2.69155e-10
 1.39325e-10
 6.04155e-11
 2.12788e-11
 5.83198e-12
 1.17320e-12
 1.60145e-13
 1.33368e-14
 5.83287e-16
 1.12011e-17
 7.62565e-20
 1.39107e-22
 4.43647e-26
 1.12967e-30
 3.55926e-37
 5.34810e-49
 3.95356e-10
 9.80438e-10
 2.12236e-09
 3.78511e-09
 5.56937e-09
 7.05879e-09
 7.97745e-09
 8.10027e-09
 6.97932e-09
 5.22026e-09
 3.63725e-09
 2.22229e-09
 1.17066e-09
 5.20164e-10
 1.89073e-10
 5.38800e-11
 1.13616e-11
 1.64193e-12
 1.47101e-13
 7.06992e-15
 1.53166e-16
 1.21502e-18
 2.69142e-21
 1.10402e-24
 3.96232e-29
 2.10772e-35
 9.67605e-47
 3.53078e-09
 8.13277e-09
 1.63552e-08
 2.73069e-08
 3.84068e-08
 4.73781e-08
 5.26624e-08
 5.27080e-08
 4.50693e-08
 3.38441e-08
 2.37677e-08
 1.47369e-08
 7.92946e-09
 3.62328e-09
 1.36376e-09
 4.05230e-10
 8.97462e-11
 1.37381e-11
 1.32259e-12
 6.97276e-14
 1.70037e-15
 1.56824e-17
 4.21040e-20
 2.21827e-23
 1.12111e-27
 1.00642e-33
 1.41150e-44
 2.38103e-08
 5.14752e-08
 9.71544e-08
 1.53638e-07
 2.08273e-07
 2.51338e-07
 2.75832e-07
 2.74054e-07
 2.34208e-07
 1.77214e-07
 1.25966e-07
 7.95854e-08
 4.39107e-08
 2.07195e-08
 8.10814e-09
 2.52151e-09
 5.88243e-10
 9.55286e-11
 9.87854e-12
 5.70656e-13
 1.56381e-14
 1.67396e-16
 5.43910e-19
 3.67653e-22
 2.61481e-26
 3.96029e-32
 1.69697e-42
 1.23962e-07
 2.53716e-07
 4.52840e-07
 6.83691e-07
 8.98956e-07
 1.06595e-06
 1.15916e-06
 1.15149e-06
 9.91520e-07
 7.59479e-07
 5.49093e-07
 3.55236e-07
 2.01854e-07
 9.88699e-08
 4.04273e-08
 1.32201e-08
 3.26198e-09
 5.63476e-10
 6.25967e-11
 3.95962e-12
 1.21765e-13
 1.51021e-15
 5.92872e-18
 5.13390e-21
 5.13186e-25
 1.31005e-30
 1.71365e-40
 5.05297e-07
 9.86720e-07
 1.66674e-06
 2.41245e-06
 3.09389e-06
 3.61043e-06
 3.89207e-06
 3.88354e-06
 3.39921e-06
 2.64886e-06
 1.95376e-06
 1.30255e-06
 7.65576e-07
 3.91579e-07
 1.68209e-07
 5.81672e-08
 1.52628e-08
 2.81661e-09
 3.36602e-10
 2.33320e-11
 8.05218e-13
 1.15695e-14
 5.48752e-17
 6.08947e-20
 8.56156e-24
 3.68797e-29
 1.47488e-38
 2.12843e-29
 9.79022e-28
 2.09407e-26
 2.00146e-25
 1.10796e-24
 3.95074e-24
 9.48364e-24
 1.65119e-23
 2.23402e-23
 2.30724e-23
 1.86510e-23
 1.23404e-23
 6.40842e-24
 2.55015e-24
 7.50472e-25
 1.55322e-25
 2.10442e-26
 1.68664e-27
 6.96139e-29
 1.24907e-30
 7.98166e-33
 1.41843e-35
 4.96324e-39
 1.96125e-43
 3.04300e-49
 1.40906e-57
 2.75238e-73
 3.95026e-25
 5.94665e-24
 6.25719e-23
 3.93804e-22
 1.62229e-21
 4.62206e-21
 9.28032e-21
 1.40349e-20
 1.70748e-20
 1.63554e-20
 1.24871e-20
 7.94824e-21
 4.05014e-21
 1.60916e-21
 4.81591e-22
 1.03337e-22
 1.48214e-23
 1.28700e-24
 5.89720e-26
 1.20353e-27
 8.96621e-30
 1.91022e-32
 8.30564e-36
 4.29625e-40
 9.51233e-46
 7.49098e-54
 4.48554e-69
 5.36660e-22
 4.77190e-21
 3.29820e-20
 1.54212e-19
 5.06151e-19
 1.19745e-18
 2.07577e-18
 2.80839e-18
 3.13815e-18
 2.83026e-18
 2.07407e-18
 1.28548e-18
 6.47350e-19
 2.57972e-19
 7.86516e-20
 1.74809e-20
 2.64551e-21
 2.47632e-22
 1.25251e-23
 2.89136e-25
 2.49924e-27
 6.35795e-30
 3.42430e-33
 2.31312e-37
 7.29601e-43
 9.76144e-51
 1.79088e-65
 1.88389e-19
 1.18448e-18
 6.07635e-18
 2.26115e-17
 6.20278e-17
 1.24772e-16
 1.92027e-16
 2.40198e-16
 2.49715e-16
 2.13780e-16
 1.53045e-16
 9.30765e-17
 4.65902e-17
 1.86919e-17
 5.81427e-18
 1.33763e-18
 2.13011e-19
 2.13965e-20
 1.18820e-21
 3.08591e-23
 3.07999e-25
 9.31859e-28
 6.19697e-31
 5.45321e-35
 2.44613e-40
 5.55427e-48
 3.12053e-62
 2.63958e-17
 1.28601e-16
 5.25095e-16
 1.62603e-15
 3.82846e-15
 6.76572e-15
 9.49116e-15
 1.12220e-14
 1.09852e-14
 8.98826e-15
 6.36801e-15
 3.82257e-15
 1.91139e-15
 7.74497e-16
 2.46141e-16
 5.85930e-17
 9.79674e-18
 1.05185e-18
 6.38184e-20
 1.85518e-21
 2.12802e-23
 7.62687e-26
 6.24261e-29
 7.13886e-33
 4.54615e-38
 1.75007e-45
 3.00942e-59
 1.84997e-15
 7.40154e-15
 2.52303e-14
 6.73805e-14
 1.38498e-13
 2.20785e-13
 2.88878e-13
 3.26812e-13
 3.05712e-13
 2.41327e-13
 1.69866e-13
 1.01304e-13
 5.08160e-14
 2.08558e-14
 6.78196e-15
 1.67045e-15
 2.92774e-16
 3.34887e-17
 2.21026e-18
 7.15769e-20
 9.39387e-22
 3.97299e-24
 3.99007e-27
 5.91565e-31
 5.33920e-36
 3.48108e-43
 1.83127e-56
 7.46841e-14
 2.55325e-13
 7.51068e-13
 1.77198e-12
 3.24579e-12
 4.76470e-12
 5.91432e-12
 6.45782e-12
 5.85795e-12
 4.50434e-12
 3.14740e-12
 1.87730e-12
 9.48274e-13
 3.95280e-13
 1.31737e-13
 3.35876e-14
 6.16450e-15
 7.49204e-16
 5.35881e-17
 1.92501e-18
 2.87860e-20
 1.43146e-22
 1.75875e-25
 3.37288e-29
 4.30765e-34
 4.75216e-41
 7.64448e-54
 1.90013e-12
 5.70822e-12
 1.48514e-11
 3.15484e-11
 5.28134e-11
 7.26934e-11
 8.65731e-11
 9.18833e-11
 8.16159e-11
 6.16401e-11
 4.28247e-11
 2.56751e-11
 1.31061e-11
 5.56398e-12
 1.90410e-12
 5.02974e-13
 9.66310e-14
 1.24538e-14
 9.62366e-16
 3.82049e-17
 6.48490e-19
 3.77893e-21
 5.66447e-24
 1.40222e-27
 2.53035e-32
 4.71923e-39
 2.32051e-51
 3.25449e-11
 8.79883e-11
 2.07284e-10
 4.01113e-10
 6.24985e-10
 8.20031e-10
 9.46976e-10
 9.81433e-10
 8.57278e-10
 6.41598e-10
 4.45351e-10
 2.69155e-10
 1.39325e-10
 6.04155e-11
 2.12788e-11
 5.83198e-12
 1.17320e-12
 1.60145e-13
 1.33368e-14
 5.83287e-16
 1.12011e-17
 7.62565e-20
 1.39107e-22
 4.43647e-26
 1.12967e-30
 3.55926e-37
 5.34810e-49
 3.95356e-10
 9.80438e-10
 2.12236e-09
 3.78511e-09
 5.56937e-09
 7.05879e-09
 7.97745e-09
 8.10027e-09
 6.97932e-09
 5.22026e-09
 3.63725e-09
 2.22229e-09
 1.17066e-09
 5.20164e-10
 1.89073e-10
 5.38800e-11
 1.13616e-11
 1.64193e-12
 1.47101e-13
 7.06992e-15
 1.53166e-16
 1.21502e-18
 2.69142e-21
 1.10402e-24
 3.96232e-29
 2.10772e-35
 9.67605e-47
 3.53078e-09
 8.13277e-09
 1.63552e-08
 2.73069e-08
 3.84068e-08
 4.73781e-08
 5.26624e-08
 5.27080e-08
 4.50693e-08
 3.38441e-08
 2.37677e-08
 1.47369e-08
 7.92946e-09
 3.62328e-09
 1.36376e-09
 4.05230e-10
 8.97462e-11
 1.37381e-11
 1.32259e-12
 6.97276e-14
 1.70037e-15
 1.56824e-17
 4.21040e-20
 2.21827e-23
 1.12111e-27
 1.00642e-33
 1.41150e-44
 2.38103e-08
 5.14752e-08
 9.71544e-08
 1.53638e-07
 2.08273e-07
 2.51338e-07
 2.75832e-07
 2.74054e-07
 2.34208e-07
 1.77214e-07
 1.25966e-07
 7.95854e-08
 4.39107e-08
 2.07195e-08
 8.10814e-09
 2.52151e-09
 5.88243e-10
 9.55286e-11
 9.87854e-12
 5.70656e-13
 1.56381e-14
 1.67396e-16
 5.43910e-19
 3.67653e-22
 2.61481e-26
 3.96029e-32
 1.69697e-42
 1.23962e-07
 2.53716e-07
 4.52840e-07
 6.83691e-07
 8.98956e-07
 1.06595e-06
 1.15916e-06
 1.15149e-06
 9.91520e-07
 7.59479e-07
 5.49093e-07
 3.55236e-07
 2.01854e-07
 9.88699e-08
 4.04273e-08
 1.32201e-08
 3.26198e-09
 5.63476e-10
 6.25967e-11
 3.95962e-12
 1.21765e-13
 1.51021e-15
 5.92872e-18
 5.13390e-21
 5.13186e-25
 1.31005e-30
 1.71365e-40
 5.05297e-07
 9.86720e-07
 1.66674e-06
 2.41245e-06
 3.09389e-06
 3.61043e-06
 3.89207e-06
 3.88354e-06
 3.39921e-06
 2.64886e-06
 1.95376e-06
 1.30255e-06
 7.65576e-07
 3.91579e-07
 1.68209e-07
 5.81672e-08
 1.52628e-08
 2.81661e-09
 3.36602e-10
 2.33320e-11
 8.05218e-13
 1.15695e-14
 5.48752e-17
 6.08947e-20
 8.56156e-24
 3.68797e-29
 1.47488e-38
part
         3
coordinates
 5.86424e-35
 5.73614e-32
 1.43470e-29
 1.63388e-27
 1.07335e-25
 4.63033e-24
 1.42339e-22
 3.29778e-21
 5.99740e-20
 8.82786e-19
 1.07701e-17
 1.10975e-16
 9.80474e-16
 7.51958e-15
 5.05666e-14
 3.00628e-13
 1.59087e-12
 7.53503e-12
 3.20871e-11
 1.23291e-10
 4.28664e-10
 1.35149e-09
 3.86958e-09
 1.00694e-08
 2.38103e-08
 5.14752e-08
 9.71544e-08
 5.45171e-34
 5.14461e-31
 1.24578e-28
 1.37794e-26
 8.81685e-25
 3.71384e-23
 1.11714e-21
 2.53734e-20
 4.53051e-19
 6.55527e-18
 7.86853e-17
 7.98167e-16
 6.94419e-15
 5.24415e-14
 3.47117e-13
 2.02982e-12
 1.05536e-11
 4.90380e-11
 2.04465e-10
 7.67366e-10
 2.59816e-09
 7.94771e-09
 2.19793e-08
 5.49388e-08
 1.23962e-07
 2.53716e-07
 4.52840e-07
 3.16638e-33
 2.93558e-30
 6.99361e-28
 7.62076e-26
 4.81010e-24
 2.00107e-22
 5.95150e-21
 1.33782e-19
 2.36612e-18
 3.39349e-17
 4.03962e-16
 4.06510e-15
 3.50899e-14
 2.62886e-13
 1.72559e-12
 9.99997e-12
 5.14739e-11
 2.36465e-10
 9.72993e-10
 3.59530e-09
 1.19495e-08
 3.57486e-08
 9.62391e-08
 2.32859e-07
 5.05297e-07
 9.86720e-07
 1.66674e-06
 1.23715e-32
 1.14618e-29
 2.72626e-27
 2.96432e-25
 1.86638e-23
 7.74382e-22
 2.29689e-20
 5.14913e-19
 9.08232e-18
 1.29905e-16
 1.54209e-15
 1.54726e-14
 1.33132e-13
 9.93803e-13
 6.49616e-12
 3.74605e-11
 1.91685e-10
 8.74279e-10
 3.56607e-09
 1.30364e-08
 4.27603e-08
 1.25856e-07
 3.32084e-07
 7.84131e-07
 1.65396e-06
 3.10433e-06
 4.86987e-06
 3.40920e-32
 3.21019e-29
 7.73202e-27
 8.48935e-25
 5.38559e-23
 2.24773e-21
 6.69751e-20
 1.50669e-18
 2.66450e-17
 3.81797e-16
 4.53722e-15
 4.55421e-14
 3.91735e-13
 2.92112e-12
 1.90590e-11
 1.09609e-10
 5.58861e-10
 2.53749e-09
 1.02937e-08
 3.73908e-08
 1.21755e-07
 3.55411e-07
 9.28657e-07
 2.16604e-06
 4.34105e-06
 7.12117e-06
 9.71062e-06
 6.84950e-32
 6.66513e-29
 1.64751e-26
 1.84775e-24
 1.19240e-22
 5.04567e-21
 1.52023e-19
 3.45055e-18
 6.14533e-17
 8.85390e-16
 1.05645e-14
 1.06336e-13
 9.16117e-13
 6.83486e-12
 4.45729e-11
 2.55989e-10
 1.30243e-09
 5.89724e-09
 2.38420e-08
 8.62331e-08
 2.79090e-07
 8.06471e-07
 2.07083e-06
 4.58943e-06
 8.04462e-06
 1.12866e-05
 1.36802e-05
 1.03766e-31
 1.06223e-28
 2.72544e-26
 3.14289e-24
 2.07490e-22
 8.95881e-21
 2.74663e-19
 6.32233e-18
 1.13865e-16
 1.65488e-15
 1.98765e-14
 2.00999e-13
 1.73676e-12
 1.29752e-11
 8.46145e-11
 4.85337e-10
 2.46348e-09
 1.11177e-08
 4.47673e-08
 1.61212e-07
 5.19698e-07
 1.47539e-06
 3.61341e-06
 7.09207e-06
 1.07536e-05
 1.35385e-05
 1.54387e-05
 1.18943e-31
 1.31386e-28
 3.59642e-26
 4.37146e-24
 3.00430e-22
 1.33247e-20
 4.14262e-19
 9.62319e-18
 1.74508e-16
 2.55182e-15
 3.08524e-14
 3.14555e-13
 2.74726e-12
 2.08036e-11
 1.37721e-10
 8.00899e-10
 4.09962e-09
 1.84621e-08
 7.29487e-08
 2.52143e-07
 7.62619e-07
 2.00472e-06
 4.53511e-06
 8.11276e-06
 1.14453e-05
 1.38364e-05
 1.54248e-05
 1.00054e-31
 1.21517e-28
 3.59135e-26
 4.64356e-24
 3.35313e-22
 1.54998e-20
 5.02020e-19
 1.20837e-17
 2.25694e-16
 3.37958e-15
 4.16058e-14
 4.29508e-13
 3.77599e-12
 2.85970e-11
 1.87981e-10
 1.07701e-09
 5.38662e-09
 2.35080e-08
 8.93625e-08
 2.94925e-07
 8.36898e-07
 2.03871e-06
 4.29476e-06
 7.37762e-06
 1.02095e-05
 1.21501e-05
 1.33233e-05
 6.04562e-32
 8.28781e-29
 2.69247e-26
 3.75144e-24
 2.88801e-22
 1.41495e-20
 4.83300e-19
 1.21530e-17
 2.34977e-16
 3.61143e-15
 4.52637e-14
 4.71903e-13
 4.15490e-12
 3.12353e-11
 2.02004e-10
 1.12911e-09
 5.46907e-09
 2.29895e-08
 8.39482e-08
 2.65859e-07
 7.21789e-07
 1.67231e-06
 3.30901e-06
 5.33758e-06
 7.03551e-06
 8.09896e-06
 8.70831e-06
 2.56705e-32
 4.13951e-29
 1.54058e-26
 2.40502e-24
 2.02907e-22
 1.06537e-20
 3.80643e-19
 9.90964e-18
 1.96878e-16
 3.08915e-15
 3.93006e-14
 4.13698e-13
 3.65879e-12
 2.74876e-11
 1.76749e-10
 9.77407e-10
 4.65999e-09
 1.91648e-08
 6.78197e-08
 2.04870e-07
 5.22504e-07
 1.12057e-06
 1.98467e-06
 2.83802e-06
 3.40125e-06
 3.70956e-06
 3.95638e-06
 7.05472e-33
 1.40074e-29
 6.21038e-27
 1.12729e-24
 1.07042e-22
 6.16544e-21
 2.37187e-19
 6.54774e-18
 1.36187e-16
 2.21291e-15
 2.88782e-14
 3.09043e-13
 2.75705e-12
 2.07524e-11
 1.32782e-10
 7.24830e-10
 3.38147e-09
 1.34698e-08
 4.55520e-08
 1.29297e-07
 3.05723e-07
 5.93551e-07
 9.08679e-07
 1.11936e-06
 1.19422e-06
 1.21668e-06
 1.31203e-06
 1.16310e-33
 3.05468e-30
 1.67506e-27
 3.58926e-25
 3.92424e-23
 2.56190e-21
 1.09831e-19
 3.29882e-18
 7.32498e-17
 1.25140e-15
 1.69512e-14
 1.86269e-13
 1.68926e-12
 1.27991e-11
 8.16252e-11
 4.39823e-10
 2.00419e-09
 7.69926e-09
 2.47166e-08
 6.54677e-08
 1.44131e-07
 2.54047e-07
 3.43347e-07
 3.63432e-07
 3.24500e-07
 2.86746e-07
 3.13934e-07
 1.04740e-34
 4.12033e-31
 2.99915e-28
 7.96889e-26
 1.03429e-23
 7.74564e-22
 3.71200e-20
 1.22200e-18
 2.92405e-17
 5.30495e-16
 7.53594e-15
 8.60037e-14
 8.01475e-13
 6.16165e-12
 3.93931e-11
 2.10979e-10
 9.47781e-10
 3.55346e-09
 1.10189e-08
 2.79407e-08
 5.81312e-08
 9.37984e-08
 1.13463e-07
 1.01948e-07
 6.92987e-08
 4.42439e-08
 4.78936e-08
 4.00329e-36
 3.15420e-32
 3.44111e-29
 1.21393e-26
 1.95291e-24
 1.73125e-22
 9.50302e-21
 3.49271e-19
 9.13936e-18
 1.78224e-16
 2.68143e-15
 3.19744e-14
 3.07912e-13
 2.42176e-12
 1.56936e-11
 8.43960e-11
 3.76988e-10
 1.39202e-09
 4.21065e-09
 1.03126e-08
 2.03535e-08
 3.08233e-08
 3.43144e-08
 2.68802e-08
 1.35906e-08
 4.39219e-09
 3.66262e-09
 5.86424e-35
 5.73614e-32
 1.43470e-29
 1.63388e-27
 1.07335e-25
 4.63033e-24
 1.42339e-22
 3.29778e-21
 5.99740e-20
 8.82786e-19
 1.07701e-17
 1.10975e-16
 9.80474e-16
 7.51958e-15
 5.05666e-14
 3.00628e-13
 1.59087e-12
 7.53503e-12
 3.20871e-11
 1.23291e-10
 4.28664e-10
 1.35149e-09
 3.86958e-09
 1.00694e-08
 2.38103e-08
 5.14752e-08
 9.71544e-08
 5.45171e-34
 5.14461e-31
 1.24578e-28
 1.37794e-26
 8.81685e-25
 3.71384e-23
 1.11714e-21
 2.53734e-20
 4.53051e-19
 6.55527e-18
 7.86853e-17
 7.98167e-16
 6.94419e-15
 5.24415e-14
 3.47117e-13
 2.02982e-12
 1.05536e-11
 4.90380e-11
 2.04465e-10
 7.67366e-10
 2.59816e-09
 7.94771e-09
 2.19793e-08
 5.49388e-08
 1.23962e-07
 2.53716e-07
 4.52840e-07
 3.16638e-33
 2.93558e-30
 6.99361e-28
 7.62076e-26
 4.81010e-24
 2.00107e-22
 5.95150e-21
 1.33782e-19
 2.36612e-18
 3.39349e-17
 4.03962e-16
 4.06510e-15
 3.50899e-14
 2.62886e-13
 1.72559e-12
 9.99997e-12
 5.14739e-11
 2.36465e-10
 9.72993e-10
 3.59530e-09
 1.19495e-08
 3.57486e-08
 9.62391e-08
 2.32859e-07
 5.05297e-07
 9.86720e-07
 1.66674e-06
 1.23715e-32
 1.14618e-29
 2.72626e-27
 2.96432e-25
 1.86638e-23
 7.74382e-22
 2.29689e-20
 5.14913e-19
 9.08232e-18
 1.29905e-16
 1.54209e-15
 1.54726e-14
 1.33132e-13
 9.93803e-13
 6.49616e-12
 3.74605e-11
 1.91685e-10
 8.74279e-10
 3.56607e-09
 1.30364e-08
 4.27603e-08
 1.25856e-07
 3.32084e-07
 7.84131e-07
 1.65396e-06
 3.10433e-06
 4.86987e-06
 3.40920e-32
 3.21019e-29
 7.73202e-27
 8.48935e-25
 5.38559e-23
 2.24773e-21
 6.69751e-20
 1.50669e-18
 2.66450e-17
 3.81797e-16
 4.53722e-15
 4.55421e-14
 3.91735e-13
 2.92112e-12
 1.90590e-11
 1.09609e-10
 5.58861e-10
 2.53749e-09
 1.02937e-08
 3.73908e-08
 1.21755e-07
 3.55411e-07
 9.28657e-07
 2.16604e-06
 4.34105e-06
 7.12117e-06
 9.71062e-06
 6.84950e-32
 6.66513e-29
 1.64751e-26
 1.84775e-24
 1.19240e-22
 5.04567e-21
 1.52023e-19
 3.45055e-18
 6.14533e-17
 8.85390e-16
 1.05645e-14
 1.06336e-13
 9.16117e-13
 6.83486e-12
 4.45729e-11
 2.55989e-10
 1.30243e-09
 5.89724e-09
 2.38420e-08
 8.62331e-08
 2.79090e-07
 8.06471e-07
 2.07083e-06
 4.58943e-06
 8.04462e-06
 1.12866e-05
 1.36802e-05
 1.03766e-31
 1.06223e-28
 2.72544e-26
 3.14289e-24
 2.07490e-22
 8.95881e-21
 2.74663e-19
 6.32233e-18
 1.13865e-16
 1.65488e-15
 1.98765e-14
 2.00999e-13
 1.73676e-12
 1.29752e-11
 8.46145e-11
 4.85337e-10
 2.46348e-09
 1.11177e-08
 4.47673e-08
 1.61212e-07
 5.19698e-07
 1.47539e-06
 3.61341e-06
 7.09207e-06
 1.07536e-05
 1.35385e-05
 1.54387e-05
 1.18943e-31
 1.31386e-28
 3.59642e-26
 4.37146e-24
 3.00430e-22
 1.33247e-20
 4.14262e-19
 9.62319e-18
 1.74508e-16
 2.55182e-15
 3.08524e-14
 3.14555e-13
 2.74726e-12
 2.08036e-11
 1.37721e-10
 8.00899e-10
 4.09962e-09
 1.84621e-08
 7.29487e-08
 2.52143e-07
 7.62619e-07
 2.00472e-06
 4.53511e-06
 8.11276e-06
 1.14453e-05
 1.38364e-05
 1.54248e-05
 1.00054e-31
 1.21517e-28
 3.59135e-26
 4.64356e-24
 3.35313e-22
 1.54998e-20
 5.02020e-19
 1.20837e-17
 2.25694e-16
 3.37958e-15
 4.16058e-14
 4.29508e-13
 3.77599e-12
 2.85970e-11
 1.87981e-10
 1.07701e-09
 5.38662e-09
 2.35080e-08
 8.93625e-08
 2.94925e-07
 8.36898e-07
 2.03871e-06
 4.29476e-06
 7.37762e-06
 1.02095e-05
 1.21501e-05
 1.33233e-05
 6.04562e-32
 8.28781e-29
 2.69247e-26
 3.75144e-24
 2.88801e-22
 1.41495e-20
 4.83300e-19
 1.21530e-17
 2.34977e-16
 3.61143e-15
 4.52637e-14
 4.71903e-13
 4.15490e-12
 3.12353e-11
 2.02004e-10
 1.12911e-09
 5.46907e-09
 2.29895e-08
 8.39482e-08
 2.65859e-07
 7.21789e-07
 1.67231e-06
 3.30901e-06
 5.33758e-06
 7.03551e-06
 8.09896e-06
 8.70831e-06
 2.56705e-32
 4.13951e-29
 1.54058e-26
 2.40502e-24
 2.02907e-22
 1.06537e-20
 3.80643e-19
 9.90964e-18
 1.96878e-16
 3.08915e-15
 3.93006e-14
 4.13698e-13
 3.65879e-12
 2.74876e-11
 1.76749e-10
 9.77407e-10
 4.65999e-09
 1.91648e-08
 6.78197e-08
 2.04870e-07
 5.22504e-07
 1.12057e-06
 1.98467e-06
 2.83802e-06
 3.40125e-06
 3.70956e-06
 3.95638e-06
 7.05472e-33
 1.40074e-29
 6.21038e-27
 1.12729e-24
 1.07042e-22
 6.16544e-21
 2.37187e-19
 6.54774e-18
 1.36187e-16
 2.21291e-15
 2.88782e-14
 3.09043e-13
 2.75705e-12
 2.07524e-11
 1.32782e-10
 7.24830e-10
 3.38147e-09
 1.34698e-08
 4.55520e-08
 1.29297e-07
 3.05723e-07
 5.93551e-07
 9.08679e-07
 1.11936e-06
 1.19422e-06
 1.21668e-06
 1.31203e-06
 1.16310e-33
 3.05468e-30
 1.67506e-27
 3.58926e-25
 3.92424e-23
 2.56190e-21
 1.09831e-19
 3.29882e-18
 7.32498e-17
 1.25140e-15
 1.69512e-14
 1.86269e-13
 1.68926e-12
 1.27991e-11
 8.16252e-11
 4.39823e-10
 2.00419e-09
 7.69926e-09
 2.47166e-08
 6.54677e-08
 1.44131e-07
 2.54047e-07
 3.43347e-07
 3.63432e-07
 3.24500e-07
 2.86746e-07
 3.13934e-07
 1.04740e-34
 4.12033e-31
 2.99915e-28
 7.96889e-26
 1.03429e-23
 7.74564e-22
 3.71200e-20
 1.22200e-18
 2.92405e-17
 5.30495e-16
 7.53594e-15
 8.60037e-14
 8.01475e-13
 6.16165e-12
 3.93931e-11
 2.10979e-10
 9.47781e-10
 3.55346e-09
 1.10189e-08
 2.79407e-08
 5.81312e-08
 9.37984e-08
 1.13463e-07
 1.01948e-07
 6.92987e-08
 4.42439e-08
 4.78936e-08
 4.00329e-36
 3.15420e-32
 3.44111e-29
 1.21393e-26
 1.95291e-24
 1.73125e-22
 9.50302e-21
 3.49271e-19
 9.13936e-18
 1.78224e-16
 2.68143e-15
 3.19744e-14
 3.07912e-13
 2.42176e-12
 1.56936e-11
 8.43960e-11
 3.76988e-10
 1.39202e-09
 4.21065e-09
 1.03126e-08
 2.03535e-08
 3.08233e-08
 3.43144e-08
 2.68802e-08
 1.35906e-08
 4.39219e-09
 3.66262e-09
part
         4
coordinates
 2.38103e-08
 5.14752e-08
 9.71544e-08
 1.53638e-07
 2.08273e-07
 2.51338e-07
 2.75832e-07
 2.74054e-07
 2.34208e-07
 1.77214e-07
 1.25966e-07
 7.95854e-08
 4.39107e-08
 2.07195e-08
 8.10814e-09
 2.52151e-09
 5.88243e-10
 9.55286e-11
 9.87854e-12
 5.70656e-13
 1.56381e-14
 1.67396e-16
 5.43910e-19
 3.67653e-22
 2.61481e-26
 3.96029e-32
 1.69697e-42
 1.23962e-07
 2.53716e-07
 4.52840e-07
 6.83691e-07
 8.98956e-07
 1.06595e-06
 1.15916e-06
 1.15149e-06
 9.91520e-07
 7.59479e-07
 5.49093e-07
 3.55236e-07
 2.01854e-07
 9.88699e-08
 4.04273e-08
 1.32201e-08
 3.26198e-09
 5.63476e-10
 6.25967e-11
 3.95962e-12
 1.21765e-13
 1.51021e-15
 5.92872e-18
 5.13390e-21
 5.13186e-25
 1.31005e-30
 1.71365e-40
 5.05297e-07
 9.86720e-07
 1.66674e-06
 2.41245e-06
 3.09389e-06
 3.61043e-06
 3.89207e-06
 3.88354e-06
 3.39921e-06
 2.64886e-06
 1.95376e-06
 1.30255e-06
 7.65576e-07
 3.91579e-07
 1.68209e-07
 5.81672e-08
 1.52628e-08
 2.81661e-09
 3.36602e-10
 2.33320e-11
 8.05218e-13
 1.15695e-14
 5.48752e-17
 6.08947e-20
 8.56156e-24
 3.68797e-29
 1.47488e-38
 1.65396e-06
 3.10433e-06
 4.86987e-06
 6.49817e-06
 7.80395e-06
 8.69078e-06
 9.14573e-06
 9.17375e-06
 8.46890e-06
 7.17138e-06
 5.65082e-06
 3.95559e-06
 2.42373e-06
 1.30129e-06
 5.90697e-07
 2.17475e-07
 6.10964e-08
 1.21153e-08
 1.56087e-09
 1.18696e-10
 4.59875e-12
 7.65395e-14
 4.38544e-16
 6.23623e-19
 1.23346e-22
 8.96954e-28
 1.09733e-36
 4.34105e-06
 7.12117e-06
 9.71062e-06
 1.17171e-05
 1.31353e-05
 1.40096e-05
 1.44414e-05
 1.45255e-05
 1.40402e-05
 1.29063e-05
 1.12395e-05
 8.94317e-06
 6.21587e-06
 3.63293e-06
 1.75463e-06
 6.93710e-07
 2.10386e-07
 4.51706e-08
 6.29466e-09
 5.26103e-10
 2.29058e-11
 4.41811e-13
 3.05881e-15
 5.57588e-18
 1.55226e-21
 1.90688e-26
 7.14246e-35
 8.04462e-06
 1.12866e-05
 1.36802e-05
 1.53054e-05
 1.63702e-05
 1.70137e-05
 1.73559e-05
 1.74856e-05
 1.73485e-05
 1.68307e-05
 1.58626e-05
 1.41766e-05
 1.14764e-05
 7.92704e-06
 4.39102e-06
 1.88949e-06
 6.25155e-07
 1.46691e-07
 2.22232e-08
 2.04656e-09
 1.00305e-10
 2.24458e-12
 1.87929e-14
 4.39488e-17
 1.72356e-20
 3.58036e-25
 4.11034e-33
 1.07536e-05
 1.35385e-05
 1.54387e-05
 1.66833e-05
 1.74934e-05
 1.80061e-05
 1.83263e-05
 1.85137e-05
 1.85820e-05
 1.84967e-05
 1.81638e-05
 1.73765e-05
 1.57648e-05
 1.28443e-05
 8.62531e-06
 4.38116e-06
 1.60608e-06
 4.16300e-07
 6.90806e-08
 7.03072e-09
 3.88832e-10
 1.01121e-11
 1.02522e-13
 3.07962e-16
 1.70352e-19
 5.99180e-24
 2.11115e-31
 1.14453e-05
 1.38364e-05
 1.54248e-05
 1.64429e-05
 1.71188e-05
 1.76003e-05
 1.79965e-05
 1.83511e-05
 1.86469e-05
 1.88500e-05
 1.89070e-05
 1.87215e-05
 1.80558e-05
 1.64085e-05
 1.30816e-05
 8.15471e-06
 3.56681e-06
 1.03388e-06
 1.89996e-07
 2.14410e-08
 1.34212e-09
 4.06571e-11
 5.00085e-13
 1.93276e-15
 1.51048e-18
 9.01062e-23
 9.75989e-30
 1.02095e-05
 1.21501e-05
 1.33233e-05
 1.40254e-05
 1.45305e-05
 1.50223e-05
 1.56551e-05
 1.64856e-05
 1.73929e-05
 1.81904e-05
 1.87540e-05
 1.90208e-05
 1.89419e-05
 1.82610e-05
 1.63022e-05
 1.21734e-05
 6.56655e-06
 2.24760e-06
 4.64298e-07
 5.82940e-08
 4.14513e-09
 1.46686e-10
 2.19414e-12
 1.09343e-14
 1.20982e-17
 1.22652e-21
 4.09220e-28
 7.03551e-06
 8.09896e-06
 8.70831e-06
 9.10822e-06
 9.48984e-06
 1.00018e-05
 1.08092e-05
 1.20584e-05
 1.37670e-05
 1.57098e-05
 1.74268e-05
 1.85542e-05
 1.90559e-05
 1.89934e-05
 1.80751e-05
 1.53357e-05
 1.00261e-05
 4.23467e-06
 1.01164e-06
 1.41801e-07
 1.15021e-08
 4.77065e-10
 8.70332e-12
 5.60738e-14
 8.80614e-17
 1.52098e-20
 1.56686e-26
 3.40125e-06
 3.70956e-06
 3.95638e-06
 4.24281e-06
 4.60066e-06
 5.08264e-06
 5.79423e-06
 6.92960e-06
 8.71785e-06
 1.12312e-05
 1.41872e-05
 1.68471e-05
 1.84991e-05
 1.91019e-05
 1.88594e-05
 1.73080e-05
 1.31139e-05
 6.76221e-06
 1.97093e-06
 3.09545e-07
 2.87735e-08
 1.40388e-09
 3.13427e-11
 2.61899e-13
 5.85569e-16
 1.72812e-19
 5.51228e-25
 1.19422e-06
 1.21668e-06
 1.31203e-06
 1.51053e-06
 1.78822e-06
 2.14946e-06
 2.64194e-06
 3.40540e-06
 4.64856e-06
 6.66660e-06
 9.73810e-06
 1.35452e-05
 1.68736e-05
 1.86894e-05
 1.90946e-05
 1.83450e-05
 1.53885e-05
 9.41247e-06
 3.40092e-06
 6.08272e-07
 6.50792e-08
 3.74912e-09
 1.02820e-10
 1.11838e-12
 3.57281e-15
 1.80790e-18
 1.79157e-23
 3.24500e-07
 2.86746e-07
 3.13934e-07
 4.07426e-07
 5.53913e-07
 7.58534e-07
 1.04142e-06
 1.48452e-06
 2.24257e-06
 3.57527e-06
 5.88016e-06
 9.52680e-06
 1.40122e-05
 1.75113e-05
 1.89392e-05
 1.88066e-05
 1.68740e-05
 1.17839e-05
 5.09202e-06
 1.08076e-06
 1.33432e-07
 9.10660e-09
 3.08025e-10
 4.37931e-12
 2.00731e-14
 1.74871e-17
 5.40503e-22
 6.92987e-08
 4.42439e-08
 4.78936e-08
 7.86252e-08
 1.35321e-07
 2.24350e-07
 3.58530e-07
 5.82545e-07
 9.96417e-07
 1.79950e-06
 3.34969e-06
 6.16646e-06
 1.05789e-05
 1.53983e-05
 1.83297e-05
 1.89157e-05
 1.77222e-05
 1.36020e-05
 6.79336e-06
 1.75615e-06
 2.49826e-07
 2.02590e-08
 8.48668e-10
 1.58405e-11
 1.04607e-13
 1.57440e-16
 1.52201e-20
 1.35906e-08
 4.39219e-09
 3.66262e-09
 1.03879e-08
 2.67587e-08
 5.75988e-08
 1.11561e-07
 2.12694e-07
 4.20903e-07
 8.74160e-07
 1.86091e-06
 3.88577e-06
 7.55318e-06
 1.27729e-05
 1.71434e-05
 1.87327e-05
 1.81506e-05
 1.48912e-05
 8.35810e-06
 2.57518e-06
 4.23243e-07
 4.07931e-08
 2.12301e-09
 5.22746e-11
 5.00113e-13
 1.30700e-15
 3.95631e-19
 2.38103e-08
 5.14752e-08
 9.71544e-08
 1.53638e-07
 2.08273e-07
 2.51338e-07
 2.75832e-07
 2.74054e-07
 2.34208e-07
 1.77214e-07
 1.25966e-07
 7.95854e-08
 4.39107e-08
 2.07195e-08
 8.10814e-09
 2.52151e-09
 5.88243e-10
 9.55286e-11
 9.87854e-12
 5.70656e-13
 1.56381e-14
 1.67396e-16
 5.43910e-19
 3.67653e-22
 2.61481e-26
 3.96029e-32
 1.69697e-42
 1.23962e-07
 2.53716e-07
 4.52840e-07
 6.83691e-07
 8.98956e-07
 1.06595e-06
 1.15916e-06
 1.15149e-06
 9.91520e-07
 7.59479e-07
 5.49093e-07
 3.55236e-07
 2.01854e-07
 9.88699e-08
 4.04273e-08
 1.32201e-08
 3.26198e-09
 5.63476e-10
 6.25967e-11
 3.95962e-12
 1.21765e-13
 1.51021e-15
 5.92872e-18
 5.13390e-21
 5.13186e-25
 1.31005e-30
 1.71365e-40
 5.05297e-07
 9.86720e-07
 1.66674e-06
 2.41245e-06
 3.09389e-06
 3.61043e-06
 3.89207e-06
 3.88354e-06
 3.39921e-06
 2.64886e-06
 1.95376e-06
 1.30255e-06
 7.65576e-07
 3.91579e-07
 1.68209e-07
 5.81672e-08
 1.52628e-08
 2.81661e-09
 3.36602e-10
 2.33320e-11
 8.05218e-13
 1.15695e-14
 5.48752e-17
 6.08947e-20
 8.56156e-24
 3.68797e-29
 1.47488e-38
 1.65396e-06
 3.10433e-06
 4.86987e-06
 6.49817e-06
 7.80395e-06
 8.69078e-06
 9.14573e-06
 9.17375e-06
 8.46890e-06
 7.17138e-06
 5.65082e-06
 3.95559e-06
 2.42373e-06
 1.30129e-06
 5.90697e-07
 2.17475e-07
 6.10964e-08
 1.21153e-08
 1.56087e-09
 1.18696e-10
 4.59875e-12
 7.65395e-14
 4.38544e-16
 6.23623e-19
 1.23346e-22
 8.96954e-28
 1.09733e-36
 4.34105e-06
 7.12117e-06
 9.71062e-06
 1.17171e-05
 1.31353e-05
 1.40096e-05
 1.44414e-05
 1.45255e-05
 1.40402e-05
 1.29063e-05
 1.12395e-05
 8.94317e-06
 6.21587e-06
 3.63293e-06
 1.75463e-06
 6.93710e-07
 2.10386e-07
 4.51706e-08
 6.29466e-09
 5.26103e-10
 2.29058e-11
 4.41811e-13
 3.05881e-15
 5.57588e-18
 1.55226e-21
 1.90688e-26
 7.14246e-35
 8.04462e-06
 1.12866e-05
 1.36802e-05
 1.53054e-05
 1.63702e-05
 1.70137e-05
 1.73559e-05
 1.74856e-05
 1.73485e-05
 1.68307e-05
 1.58626e-05
 1.41766e-05
 1.14764e-05
 7.92704e-06
 4.39102e-06
 1.88949e-06
 6.25155e-07
 1.46691e-07
 2.22232e-08
 2.04656e-09
 1.00305e-10
 2.24458e-12
 1.87929e-14
 4.39488e-17
 1.72356e-20
 3.58036e-25
 4.11034e-33
 1.07536e-05
 1.35385e-05
 1.54387e-05
 1.66833e-05
 1.74934e-05
 1.80061e-05
 1.83263e-05
 1.85137e-05
 1.85820e-05
 1.84967e-05
 1.81638e-05
 1.73765e-05
 1.57648e-05
 1.28443e-05
 8.62531e-06
 4.38116e-06
 1.60608e-06
 4.16300e-07
 6.90806e-08
 7.03072e-09
 3.88832e-10
 1.01121e-11
 1.02522e-13
 3.07962e-16
 1.70352e-19
 5.99180e-24
 2.11115e-31
 1.14453e-05
 1.38364e-05
 1.54248e-05
 1.64429e-05
 1.71188e-05
 1.76003e-05
 1.79965e-05
 1.83511e-05
 1.86469e-05
 1.88500e-05
 1.89070e-05
 1.87215e-05
 1.80558e-05
 1.64085e-05
 1.30816e-05
 8.15471e-06
 3.56681e-06
 1.03388e-06
 1.89996e-07
 2.14410e-08
 1.34212e-09
 4.06571e-11
 5.00085e-13
 1.93276e-15
 1.51048e-18
 9.01062e-23
 9.75989e-30
 1.02095e-05
 1.21501e-05
 1.33233e-05
 1.40254e-05
 1.45305e-05
 1.50223e-05
 1.56551e-05
 1.64856e-05
 1.73929e-05
 1.81904e-05
 1.87540e-05
 1.90208e-05
 1.89419e-05
 1.82610e-05
 1.63022e-05
 1.21734e-05
 6.56655e-06
 2.24760e-06
 4.64298e-07
 5.82940e-08
 4.14513e-09
 1.46686e-10
 2.19414e-12
 1.09343e-14
 1.20982e-17
 1.22652e-21
 4.09220e-28
 7.03551e-06
 8.09896e-06
 8.70831e-06
 9.10822e-06
 9.48984e-06
 1.00018e-05
 1.08092e-05
 1.20584e-05
 1.37670e-05
 1.57098e-05
 1.74268e-05
 1.85542e-05
 1.90559e-05
 1.89934e-05
 1.80751e-05
 1.53357e-05
 1.00261e-05
 4.23467e-06
 1.01164e-06
 1.41801e-07
 1.15021e-08
 4.77065e-10
 8.70332e-12
 5.60738e-14
 8.80614e-17
 1.52098e-20
 1.56686e-26
 3.40125e-06
 3.70956e-06
 3.95638e-06
 4.24281e-06
 4.60066e-06
 5.08264e-06
 5.79423e-06
 6.92960e-06
 8.71785e-06
 1.12312e-05
 1.41872e-05
 1.68471e-05
 1.84991e-05
 1.91019e-05
 1.88594e-05
 1.73080e-05
 1.31139e-05
 6.76221e-06
 1.97093e-06
 3.09545e-07
 2.87735e-08
 1.40388e-09
 3.13427e-11
 2.61899e-13
 5.85569e-16
 1.72812e-19
 5.51228e-25
 1.19422e-06
 1.21668e-06
 1.31203e-06
 1.51053e-06
 1.78822e-06
 2.14946e-06
 2.64194e-06
 3.40540e-06
 4.64856e-06
 6.66660e-06
 9.73810e-06
 1.35452e-05
 1.68736e-05
 1.86894e-05
 1.90946e-05
 1.83450e-05
 1.53885e-05
 9.41247e-06
 3.40092e-06
 6.08272e-07
 6.50792e-08
 3.74912e-09
 1.02820e-10
 1.11838e-12
 3.57281e-15
 1.80790e-18
 1.79157e-23
 3.24500e-07
 2.86746e-07
 3.13934e-07
 4.07426e-07
 5.53913e-07
 7.58534e-07
 1.04142e-06
 1.48452e-06
 2.24257e-06
 3.57527e-06
 5.88016e-06
 9.52680e-06
 1.40122e-05
 1.75113e-05
 1.89392e-05
 1.88066e-05
 1.68740e-05
 1.17839e-05
 5.09202e-06
 1.08076e-06
 1.33432e-07
 9.10660e-09
 3.08025e-10
 4.37931e-12
 2.00731e-14
 1.74871e-17
 5.40503e-22
 6.92987e-08
 4.42439e-08
 4.78936e-08
 7.86252e-08
 1.35321e-07
 2.24350e-07
 3.58530e-07
 5.82545e-07
 9.96417e-07
 1.79950e-06
 3.34969e-06
 6.16646e-06
 1.05789e-05
 1.53983e-05
 1.83297e-05
 1.89157e-05
 1.77222e-05
 1.36020e-05
 6.79336e-06
 1.75615e-06
 2.49826e-07
 2.02590e-08
 8.48668e-10
 1.58405e-11
 1.04607e-13
 1.57440e-16
 1.52201e-20
 1.35906e-08
 4.39219e-09
 3.66262e-09
 1.03879e-08
 2.67587e-08
 5.75988e-08
 1.11561e-07
 2.12694e-07
 4.20903e-07
 8.74160e-07
 1.86091e-06
 3.88577e-06
 7.55318e-06
 1.27729e-05
 1.71434e-05
 1.87327e-05
 1.81506e-05
 1.48912e-05
 8.35810e-06
 2.57518e-06
 4.23243e-07
 4.07931e-08
 2.12301e-09
 5.22746e-11
 5.00113e-13
 1.30700e-15
 3.95631e-19
part
         5
coordinates
 1.16310e-33
 3.05468e-30
 1.67506e-27
 3.58926e-25
 3.92424e-23
 2.56190e-21
 1.09831e-19
 3.29882e-18
 7.32498e-17
 1.25140e-15
 1.69512e-14
 1.86269e-13
 1.68926e-12
 1.27991e-11
 8.16252e-11
 4.39823e-10
 2.00419e-09
 7.69926e-09
 2.47166e-08
 6.54677e-08
 1.44131e-07
 2.54047e-07
 3.43347e-07
 3.63432e-07
 3.24500e-07
 2.86746e-07
 3.13934e-07
 1.04740e-34
 4.12033e-31
 2.99915e-28
 7.96889e-26
 1.03429e-23
 7.74564e-22
 3.71200e-20
 1.22200e-18
 2.92405e-17
 5.30495e-16
 7.53594e-15
 8.60037e-14
 8.01475e-13
 6.16165e-12
 3.93931e-11
 2.10979e-10
 9.47781e-10
 3.55346e-09
 1.10189e-08
 2.79407e-08
 5.81312e-08
 9.37984e-08
 1.13463e-07
 1.01948e-07
 6.92987e-08
 4.42439e-08
 4.78936e-08
 4.00329e-36
 3.15420e-32
 3.44111e-29
 1.21393e-26
 1.95291e-24
 1.73125e-22
 9.50302e-21
 3.49271e-19
 9.13936e-18
 1.78224e-16
 2.68143e-15
 3.19744e-14
 3.07912e-13
 2.42176e-12
 1.56936e-11
 8.43960e-11
 3.76988e-10
 1.39202e-09
 4.21065e-09
 1.03126e-08
 2.03535e-08
 3.08233e-08
 3.43144e-08
 2.68802e-08
 1.35906e-08
 4.39219e-09
 3.66262e-09
 7.04252e-38
 1.66700e-33
 3.04415e-30
 1.50324e-27
 3.09059e-25
 3.30834e-23
 2.10866e-21
 8.73291e-20
 2.51462e-18
 5.29291e-17
 8.45679e-16
 1.05564e-14
 1.05138e-13
 8.46340e-13
 5.55907e-12
 3.00136e-11
 1.33329e-10
 4.85205e-10
 1.43391e-09
 3.39699e-09
 6.39877e-09
 9.26314e-09
 9.69246e-09
 6.98139e-09
 3.10737e-09
 6.72805e-10
 2.20341e-10
 1.16981e-39
 8.42394e-35
 2.58205e-31
 1.78450e-28
 4.68070e-26
 6.03384e-24
 4.45021e-22
 2.06859e-20
 6.52592e-19
 1.47564e-17
 2.49135e-16
 3.23909e-15
 3.31828e-14
 2.71857e-13
 1.79986e-12
 9.70289e-12
 4.26531e-11
 1.52345e-10
 4.38604e-10
 1.00523e-09
 1.82124e-09
 2.54117e-09
 2.54708e-09
 1.76797e-09
 7.85555e-10
 1.86824e-10
 5.92260e-11
 1.87851e-41
 4.10693e-36
 2.10856e-32
 2.03442e-29
 6.78792e-27
 1.05014e-24
 8.92747e-23
 4.63829e-21
 1.59606e-19
 3.85896e-18
 6.85107e-17
 9.23231e-16
 9.68020e-15
 8.03085e-14
 5.33298e-13
 2.85757e-12
 1.23822e-11
 4.32782e-11
 1.21189e-10
 2.68903e-10
 4.72011e-10
 6.38809e-10
 6.23888e-10
 4.29400e-10
 1.97532e-10
 5.32414e-11
 1.73283e-11
 2.89138e-43
 1.91659e-37
 1.64546e-33
 2.21174e-30
 9.36341e-28
 1.73333e-25
 1.69268e-23
 9.79394e-22
 3.66160e-20
 9.42697e-19
 1.75241e-17
 2.43724e-16
 2.60449e-15
 2.17884e-14
 1.44548e-13
 7.67140e-13
 3.26749e-12
 1.11552e-11
 3.03653e-11
 6.53140e-11
 1.11735e-10
 1.47335e-10
 1.41753e-10
 9.83714e-11
 4.69951e-11
 1.39598e-11
 5.05143e-12
 4.23351e-45
 8.49806e-39
 1.21824e-34
 2.27710e-31
 1.22052e-28
 2.69669e-26
 3.01610e-24
 1.93736e-22
 7.84264e-21
 2.14229e-19
 4.15437e-18
 5.94120e-17
 6.44766e-16
 5.42045e-15
 3.58112e-14
 1.87742e-13
 7.84508e-13
 2.61340e-12
 6.91615e-12
 1.44439e-11
 2.41944e-11
 3.11728e-11
 2.96830e-11
 2.09475e-11
 1.03505e-11
 3.29831e-12
 1.43362e-12
 5.85037e-47
 3.55258e-40
 8.49315e-36
 2.20424e-32
 1.49315e-29
 3.92920e-27
 5.02068e-25
 3.57064e-23
 1.56054e-21
 4.50892e-20
 9.09263e-19
 1.33294e-17
 1.46474e-16
 1.23401e-15
 8.09878e-15
 4.18593e-14
 1.71386e-13
 5.56846e-13
 1.43349e-12
 2.91165e-12
 4.79316e-12
 6.04450e-12
 5.69732e-12
 4.09281e-12
 2.07908e-12
 7.09052e-13
 4.11318e-13
 7.56806e-49
 1.38900e-41
 5.53210e-37
 1.99105e-33
 1.70207e-30
 5.32550e-28
 7.75870e-26
 6.09597e-24
 2.86956e-22
 8.74763e-21
 1.82963e-19
 2.74234e-18
 3.04404e-17
 2.56437e-16
 1.66873e-15
 8.49158e-15
 3.40399e-14
 1.07867e-13
 2.70331e-13
 5.34897e-13
 8.67929e-13
 1.07227e-12
 9.98195e-13
 7.26374e-13
 3.75826e-13
 1.40160e-13
 1.27908e-13
 9.08546e-51
 5.03626e-43
 3.33888e-38
 1.66490e-34
 1.79415e-31
 6.66594e-29
 1.10559e-26
 9.58044e-25
 4.84827e-23
 1.55621e-21
 3.36897e-20
 5.15236e-19
 5.76631e-18
 4.84928e-17
 3.12458e-16
 1.56397e-15
 6.13600e-15
 1.89688e-14
 4.63218e-14
 8.94143e-14
 1.43327e-13
 1.73575e-13
 1.59082e-13
 1.16300e-13
 6.06344e-14
 2.68606e-14
 5.12959e-14
 1.00294e-52
 1.67815e-44
 1.85085e-39
 1.27779e-35
 1.73453e-32
 7.64589e-30
 1.44214e-27
 1.37661e-25
 7.47913e-24
 2.52402e-22
 5.64682e-21
 8.79836e-20
 9.91392e-19
 8.31287e-18
 5.29872e-17
 2.60741e-16
 1.00114e-15
 3.02059e-15
 7.19395e-15
 1.35625e-14
 2.14956e-14
 2.55594e-14
 2.29956e-14
 1.66027e-14
 8.88503e-15
 6.32576e-15
 3.06752e-14
 1.00805e-54
 5.08925e-46
 9.33396e-41
 8.91844e-37
 1.52436e-33
 7.96846e-31
 1.70820e-28
 1.79491e-26
 1.04605e-24
 3.70795e-23
 8.56398e-22
 1.35803e-20
 1.53918e-19
 1.28582e-18
 8.10337e-18
 3.91929e-17
 1.47294e-16
 4.33967e-16
 1.00883e-15
 1.85916e-15
 2.90781e-15
 3.40918e-15
 3.00920e-15
 2.10199e-15
 1.32674e-15
 2.99560e-15
 2.80638e-14
 9.12694e-57
 1.38993e-47
 4.23835e-42
 5.60408e-38
 1.20602e-34
 7.47580e-32
 1.82118e-29
 2.10603e-27
 1.31615e-25
 4.89814e-24
 1.16726e-22
 1.88274e-21
 2.14524e-20
 1.78472e-19
 1.11179e-18
 5.28534e-18
 1.94478e-17
 5.59827e-17
 1.27113e-16
 2.29110e-16
 3.52677e-16
 4.08295e-16
 3.53104e-16
 2.58333e-16
 4.02709e-16
 3.35773e-15
 3.82155e-14
 7.35719e-59
 3.37923e-49
 1.71323e-43
 3.13520e-39
 8.49718e-36
 6.24782e-33
 1.73015e-30
 2.20243e-28
 1.47617e-26
 5.76793e-25
 1.41815e-23
 2.32634e-22
 2.66444e-21
 2.20736e-20
 1.35930e-19
 6.35292e-19
 2.28966e-18
 6.44310e-18
 1.42962e-17
 2.52136e-17
 3.79748e-17
 4.34037e-17
 3.91785e-17
 6.83277e-17
 5.81890e-16
 6.61453e-15
 7.43829e-14
 5.20764e-61
 7.20272e-51
 6.06358e-45
 1.53429e-40
 5.23365e-37
 4.56302e-34
 1.43611e-31
 2.01226e-29
 1.44649e-27
 5.93431e-26
 1.50541e-24
 2.51169e-23
 2.89209e-22
 2.38663e-21
 1.45355e-20
 6.68349e-20
 2.36152e-19
 6.50257e-19
 1.41090e-18
 2.44235e-18
 3.57819e-18
 4.89518e-18
 1.62409e-17
 1.62747e-16
 1.83291e-15
 1.91150e-14
 1.94994e-13
 1.16310e-33
 3.05468e-30
 1.67506e-27
 3.58926e-25
 3.92424e-23
 2.56190e-21
 1.09831e-19
 3.29882e-18
 7.32498e-17
 1.25140e-15
 1.69512e-14
 1.86269e-13
 1.68926e-12
 1.27991e-11
 8.16252e-11
 4.39823e-10
 2.00419e-09
 7.69926e-09
 2.47166e-08
 6.54677e-08
 1.44131e-07
 2.54047e-07
 3.43347e-07
 3.63432e-07
 3.24500e-07
 2.86746e-07
 3.13934e-07
 1.04740e-34
 4.12033e-31
 2.99915e-28
 7.96889e-26
 1.03429e-23
 7.74564e-22
 3.71200e-20
 1.22200e-18
 2.92405e-17
 5.30495e-16
 7.53594e-15
 8.60037e-14
 8.01475e-13
 6.16165e-12
 3.93931e-11
 2.10979e-10
 9.47781e-10
 3.55346e-09
 1.10189e-08
 2.79407e-08
 5.81312e-08
 9.37984e-08
 1.13463e-07
 1.01948e-07
 6.92987e-08
 4.42439e-08
 4.78936e-08
 4.00329e-36
 3.15420e-32
 3.44111e-29
 1.21393e-26
 1.95291e-24
 1.73125e-22
 9.50302e-21
 3.49271e-19
 9.13936e-18
 1.78224e-16
 2.68143e-15
 3.19744e-14
 3.07912e-13
 2.42176e-12
 1.56936e-11
 8.43960e-11
 3.76988e-10
 1.39202e-09
 4.21065e-09
 1.03126e-08
 2.03535e-08
 3.08233e-08
 3.43144e-08
 2.68802e-08
 1.35906e-08
 4.39219e-09
 3.66262e-09
 7.04252e-38
 1.66700e-33
 3.04415e-30
 1.50324e-27
 3.09059e-25
 3.30834e-23
 2.10866e-21
 8.73291e-20
 2.51462e-18
 5.29291e-17
 8.45679e-16
 1.05564e-14
 1.05138e-13
 8.46340e-13
 5.55907e-12
 3.00136e-11
 1.33329e-10
 4.85205e-10
 1.43391e-09
 3.39699e-09
 6.39877e-09
 9.26314e-09
 9.69246e-09
 6.98139e-09
 3.10737e-09
 6.72805e-10
 2.20341e-10
 1.16981e-39
 8.42394e-35
 2.58205e-31
 1.78450e-28
 4.68070e-26
 6.03384e-24
 4.45021e-22
 2.06859e-20
 6.52592e-19
 1.47564e-17
 2.49135e-16
 3.23909e-15
 3.31828e-14
 2.71857e-13
 1.79986e-12
 9.70289e-12
 4.26531e-11
 1.52345e-10
 4.38604e-10
 1.00523e-09
 1.82124e-09
 2.54117e-09
 2.54708e-09
 1.76797e-09
 7.85555e-10
 1.86824e-10
 5.92260e-11
 1.87851e-41
 4.10693e-36
 2.10856e-32
 2.03442e-29
 6.78792e-27
 1.05014e-24
 8.92747e-23
 4.63829e-21
 1.59606e-19
 3.85896e-18
 6.85107e-17
 9.23231e-16
 9.68020e-15
 8.03085e-14
 5.33298e-13
 2.85757e-12
 1.23822e-11
 4.32782e-11
 1.21189e-10
 2.68903e-10
 4.72011e-10
 6.38809e-10
 6.23888e-10
 4.29400e-10
 1.97532e-10
 5.32414e-11
 1.73283e-11
 2.89138e-43
 1.91659e-37
 1.64546e-33
 2.21174e-30
 9.36341e-28
 1.73333e-25
 1.69268e-23
 9.79394e-22
 3.66160e-20
 9.42697e-19
 1.75241e-17
 2.43724e-16
 2.60449e-15
 2.17884e-14
 1.44548e-13
 7.67140e-13
 3.26749e-12
 1.11552e-11
 3.03653e-11
 6.53140e-11
 1.11735e-10
 1.47335e-10
 1.41753e-10
 9.83714e-11
 4.69951e-11
 1.39598e-11
 5.05143e-12
 4.23351e-45
 8.49806e-39
 1.21824e-34
 2.27710e-31
 1.22052e-28
 2.69669e-26
 3.01610e-24
 1.93736e-22
 7.84264e-21
 2.14229e-19
 4.15437e-18
 5.94120e-17
 6.44766e-16
 5.42045e-15
 3.58112e-14
 1.87742e-13
 7.84508e-13
 2.61340e-12
 6.91615e-12
 1.44439e-11
 2.41944e-11
 3.11728e-11
 2.96830e-11
 2.09475e-11
 1.03505e-11
 3.29831e-12
 1.43362e-12
 5.85037e-47
 3.55258e-40
 8.49315e-36
 2.20424e-32
 1.49315e-29
 3.92920e-27
 5.02068e-25
 3.57064e-23
 1.56054e-21
 4.50892e-20
 9.09263e-19
 1.33294e-17
 1.46474e-16
 1.23401e-15
 8.09878e-15
 4.18593e-14
 1.71386e-13
 5.56846e-13
 1.43349e-12
 2.91165e-12
 4.79316e-12
 6.04450e-12
 5.69732e-12
 4.09281e-12
 2.07908e-12
 7.09052e-13
 4.11318e-13
 7.56806e-49
 1.38900e-41
 5.53210e-37
 1.99105e-33
 1.70207e-30
 5.32550e-28
 7.75870e-26
 6.09597e-24
 2.86956e-22
 8.74763e-21
 1.82963e-19
 2.74234e-18
 3.04404e-17
 2.56437e-16
 1.66873e-15
 8.49158e-15
 3.40399e-14
 1.07867e-13
 2.70331e-13
 5.34897e-13
 8.67929e-13
 1.07227e-12
 9.98195e-13
 7.26374e-13
 3.75826e-13
 1.40160e-13
 1.27908e-13
 9.08546e-51
 5.03626e-43
 3.33888e-38
 1.66490e-34
 1.79415e-31
 6.66594e-29
 1.10559e-26
 9.58044e-25
 4.84827e-23
 1.55621e-21
 3.36897e-20
 5.15236e-19
 5.76631e-18
 4.84928e-17
 3.12458e-16
 1.56397e-15
 6.13600e-15
 1.89688e-14
 4.63218e-14
 8.94143e-14
 1.43327e-13
 1.73575e-13
 1.59082e-13
 1.16300e-13
 6.06344e-14
 2.68606e-14
 5.12959e-14
 1.00294e-52
 1.67815e-44
 1.85085e-39
 1.27779e-35
 1.73453e-32
 7.64589e-30
 1.44214e-27
 1.37661e-25
 7.47913e-24
 2.52402e-22
 5.64682e-21
 8.79836e-20
 9.91392e-19
 8.31287e-18
 5.29872e-17
 2.60741e-16
 1.00114e-15
 3.02059e-15
 7.19395e-15
 1.35625e-14
 2.14956e-14
 2.55594e-14
 2.29956e-14
 1.66027e-14
 8.88503e-15
 6.32576e-15
 3.06752e-14
 1.00805e-54
 5.08925e-46
 9.33396e-41
 8.91844e-37
 1.52436e-33
 7.96846e-31
 1.70820e-28
 1.79491e-26
 1.04605e-24
 3.70795e-23
 8.56398e-22
 1.35803e-20
 1.53918e-19
 1.28582e-18
 8.10337e-18
 3.91929e-17
 1.47294e-16
 4.33967e-16
 1.00883e-15
 1.85916e-15
 2.90781e-15
 3.40918e-15
 3.00920e-15
 2.10199e-15
 1.32674e-15
 2.99560e-15
 2.80638e-14
 9.12694e-57
 1.38993e-47
 4.23835e-42
 5.60408e-38
 1.20602e-34
 7.47580e-32
 1.82118e-29
 2.10603e-27
 1.31615e-25
 4.89814e-24
 1.16726e-22
 1.88274e-21
 2.14524e-20
 1.78472e-19
 1.11179e-18
 5.28534e-18
 1.94478e-17
 5.59827e-17
 1.27113e-16
 2.29110e-16
 3.52677e-16
 4.08295e-16
 3.53104e-16
 2.58333e-16
 4.02709e-16
 3.35773e-15
 3.82155e-14
 7.35719e-59
 3.37923e-49
 1.71323e-43
 3.13520e-39
 8.49718e-36
 6.24782e-33
 1.73015e-30
 2.20243e-28
 1.47617e-26
 5.76793e-25
 1.41815e-23
 2.32634e-22
 2.66444e-21
 2.20736e-20
 1.35930e-19
 6.35292e-19
 2.28966e-18
 6.44310e-18
 1.42962e-17
 2.52136e-17
 3.79748e-17
 4.34037e-17
 3.91785e-17
 6.83277e-17
 5.81890e-16
 6.61453e-15
 7.43829e-14
 5.20764e-61
 7.20272e-51
 6.06358e-45
 1.53429e-40
 5.23365e-37
 4.56302e-34
 1.43611e-31
 2.01226e-29
 1.44649e-27
 5.93431e-26
 1.50541e-24
 2.51169e-23
 2.89209e-22
 2.38663e-21
 1.45355e-20
 6.68349e-20
 2.36152e-19
 6.50257e-19
 1.41090e-18
 2.44235e-18
 3.57819e-18
 4.89518e-18
 1.62409e-17
 1.62747e-16
 1.83291e-15
 1.91150e-14
 1.94994e-13
part
         6
coordinates
 3.24500e-07
 2.86746e-07
 3.13934e-07
 4.07426e-07
 5.53913e-07
 7.58534e-07
 1.04142e-06
 1.48452e-06
 2.24257e-06
 3.57527e-06
 5.88016e-06
 9.52680e-06
 1.40122e-05
 1.75113e-05
 1.89392e-05
 1.88066e-05
 1.68740e-05
 1.17839e-05
 5.09202e-06
 1.08076e-06
 1.33432e-07
 9.10660e-09
 3.08025e-10
 4.37931e-12
 2.00731e-14
 1.74871e-17
 5.40503e-22
 6.92987e-08
 4.42439e-08
 4.78936e-08
 7.86252e-08
 1.35321e-07
 2.24350e-07
 3.58530e-07
 5.82545e-07
 9.96417e-07
 1.79950e-06
 3.34969e-06
 6.16646e-06
 1.05789e-05
 1.53983e-05
 1.83297e-05
 1.89157e-05
 1.77222e-05
 1.36020e-05
 6.79336e-06
 1.75615e-06
 2.49826e-07
 2.02590e-08
 8.48668e-10
 1.58405e-11
 1.04607e-13
 1.57440e-16
 1.52201e-20
 1.35906e-08
 4.39219e-09
 3.66262e-09
 1.03879e-08
 2.67587e-08
 5.75988e-08
 1.11561e-07
 2.12694e-07
 4.20903e-07
 8.74160e-07
 1.86091e-06
 3.88577e-06
 7.55318e-06
 1.27729e-05
 1.71434e-05
 1.87327e-05
 1.81506e-05
 1.48912e-05
 8.35810e-06
 2.57518e-06
 4.23243e-07
 4.07931e-08
 2.12301e-09
 5.22746e-11
 5.00113e-13
 1.30700e-15
 3.95631e-19
 3.10737e-09
 6.72805e-10
 2.20341e-10
 1.23159e-09
 4.90030e-09
 1.38154e-08
 3.29885e-08
 7.52421e-08
 1.75136e-07
 4.22535e-07
 1.03189e-06
 2.44133e-06
 5.33002e-06
 1.02139e-05
 1.54775e-05
 1.82717e-05
 1.83078e-05
 1.57380e-05
 9.65858e-06
 3.40929e-06
 6.36062e-07
 7.24067e-08
 4.59384e-09
 1.45386e-10
 1.92571e-12
 7.89644e-15
 5.02472e-18
 7.85555e-10
 1.86824e-10
 5.92260e-11
 2.26109e-10
 1.02322e-09
 3.47162e-09
 1.00063e-08
 2.73353e-08
 7.52685e-08
 2.11285e-07
 5.89290e-07
 1.56618e-06
 3.79713e-06
 8.05090e-06
 1.37001e-05
 1.75816e-05
 1.82636e-05
 1.62502e-05
 1.06669e-05
 4.16251e-06
 8.52297e-07
 1.09862e-07
 8.24767e-09
 3.20013e-10
 5.47500e-12
 3.12321e-14
 3.13044e-17
 1.97532e-10
 5.32414e-11
 1.73283e-11
 4.99991e-11
 2.43949e-10
 9.60492e-10
 3.27871e-09
 1.06626e-08
 3.46339e-08
 1.12444e-07
 3.54675e-07
 1.04613e-06
 2.77857e-06
 6.41664e-06
 1.20718e-05
 1.67461e-05
 1.80925e-05
 1.65341e-05
 1.13985e-05
 4.77930e-06
 1.04684e-06
 1.46430e-07
 1.24163e-08
 5.71318e-10
 1.20276e-11
 8.86233e-14
 1.23571e-16
 4.69951e-11
 1.39598e-11
 5.05143e-12
 1.33047e-11
 6.82593e-11
 3.04213e-10
 1.21385e-09
 4.65716e-09
 1.76438e-08
 6.52977e-08
 2.29285e-07
 7.38879e-07
 2.11731e-06
 5.24123e-06
 1.06899e-05
 1.58888e-05
 1.78475e-05
 1.66483e-05
 1.18762e-05
 5.23315e-06
 1.20438e-06
 1.78481e-07
 1.63899e-08
 8.51805e-10
 2.12629e-11
 1.93231e-13
 3.48234e-16
 1.03505e-11
 3.29831e-12
 1.43362e-12
 4.13881e-12
 2.26281e-11
 1.13478e-10
 5.25761e-10
 2.34908e-09
 1.01840e-08
 4.20742e-08
 1.61242e-07
 5.57642e-07
 1.69623e-06
 4.43107e-06
 9.60917e-06
 1.51222e-05
 1.75617e-05
 1.66298e-05
 1.21339e-05
 5.51631e-06
 1.31233e-06
 2.02386e-07
 1.96508e-08
 1.10588e-09
 3.12113e-11
 3.35713e-13
 7.45425e-16
 2.07908e-12
 7.09052e-13
 4.11318e-13
 1.49421e-12
 9.02590e-12
 5.12912e-11
 2.73680e-10
 1.39507e-09
 6.74691e-09
 3.03531e-08
 1.24196e-07
 4.52321e-07
 1.43660e-06
 3.90108e-06
 8.82898e-06
 1.45037e-05
 1.72684e-05
 1.65116e-05
 1.22057e-05
 5.64226e-06
 1.36729e-06
 2.15986e-07
 2.17702e-08
 1.29568e-09
 3.96701e-11
 4.82611e-13
 1.26501e-15
 3.75826e-13
 1.40160e-13
 1.27908e-13
 6.50884e-13
 4.48153e-12
 2.88648e-11
 1.73973e-10
 9.83092e-10
 5.14757e-09
 2.45475e-08
 1.04842e-07
 3.94642e-07
 1.28812e-06
 3.58499e-06
 8.33400e-06
 1.40616e-05
 1.69924e-05
 1.62883e-05
 1.20354e-05
 5.56762e-06
 1.36019e-06
 2.18778e-07
 2.26214e-08
 1.39566e-09
 4.50428e-11
 5.96945e-13
 1.77624e-15
 6.06344e-14
 2.68606e-14
 5.12959e-14
 3.68319e-13
 2.86071e-12
 2.04555e-11
 1.34918e-10
 8.16649e-10
 4.48110e-09
 2.20518e-08
 9.62635e-08
 3.68270e-07
 1.21815e-06
 3.43197e-06
 8.08794e-06
 1.37918e-05
 1.67346e-05
 1.59777e-05
 1.16416e-05
 5.27854e-06
 1.27254e-06
 2.04694e-07
 2.14524e-08
 1.36495e-09
 4.62653e-11
 6.54417e-13
 2.13519e-15
 8.88503e-15
 6.32576e-15
 3.06752e-14
 2.75901e-13
 2.32812e-12
 1.78162e-11
 1.23728e-10
 7.75306e-10
 4.34816e-09
 2.16661e-08
 9.51288e-08
 3.64649e-07
 1.20731e-06
 3.40802e-06
 8.05240e-06
 1.36755e-05
 1.64676e-05
 1.55302e-05
 1.10125e-05
 4.80408e-06
 1.12677e-06
 1.78762e-07
 1.87125e-08
 1.20516e-09
 4.19913e-11
 6.20551e-13
 2.16942e-15
 1.32674e-15
 2.99560e-15
 2.80638e-14
 2.79056e-13
 2.48868e-12
 1.98422e-11
 1.40997e-10
 8.89265e-10
 4.96362e-09
 2.44172e-08
 1.05364e-07
 3.96464e-07
 1.29050e-06
 3.59379e-06
 8.34964e-06
 1.37741e-05
 1.61775e-05
 1.48745e-05
 1.00344e-05
 4.09702e-06
 9.30272e-07
 1.45758e-07
 1.51664e-08
 9.73480e-10
 3.40961e-11
 5.16226e-13
 1.88700e-15
 4.02709e-16
 3.35773e-15
 3.82155e-14
 3.91934e-13
 3.53807e-12
 2.80343e-11
 1.94886e-10
 1.19025e-09
 6.39713e-09
 3.02778e-08
 1.25999e-07
 4.58895e-07
 1.45171e-06
 3.94444e-06
 8.88232e-06
 1.39737e-05
 1.58007e-05
 1.40189e-05
 8.82188e-06
 3.27368e-06
 7.09991e-07
 1.08578e-07
 1.11741e-08
 7.17528e-10
 2.53533e-11
 3.88494e-13
 1.44871e-15
 5.81890e-16
 6.61453e-15
 7.43829e-14
 7.37141e-13
 6.34013e-12
 4.73792e-11
 3.09350e-10
 1.77575e-09
 9.00329e-09
 4.03994e-08
 1.60208e-07
 5.58604e-07
 1.69967e-06
 4.45721e-06
 9.51690e-06
 1.40917e-05
 1.52150e-05
 1.28490e-05
 7.41750e-06
 2.46298e-06
 5.11949e-07
 7.59895e-08
 7.63557e-09
 4.81220e-10
 1.67944e-11
 2.57029e-13
 9.69583e-16
 1.83291e-15
 1.91150e-14
 1.94994e-13
 1.75315e-12
 1.36720e-11
 9.29165e-11
 5.54975e-10
 2.93546e-09
 1.38162e-08
 5.79496e-08
 2.16220e-07
 7.13100e-07
 2.06349e-06
 5.16464e-06
 1.02135e-05
 1.40235e-05
 1.42928e-05
 1.12128e-05
 5.77276e-06
 1.69312e-06
 3.38978e-07
 4.85126e-08
 4.71854e-09
 2.89293e-10
 9.87634e-12
 1.48823e-13
 5.57269e-16
 3.24500e-07
 2.86746e-07
 3.13934e-07
 4.07426e-07
 5.53913e-07
 7.58534e-07
 1.04142e-06
 1.48452e-06
 2.24257e-06
 3.57527e-06
 5.88016e-06
 9.52680e-06
 1.40122e-05
 1.75113e-05
 1.89392e-05
 1.88066e-05
 1.68740e-05
 1.17839e-05
 5.09202e-06
 1.08076e-06
 1.33432e-07
 9.10660e-09
 3.08025e-10
 4.37931e-12
 2.00731e-14
 1.74871e-17
 5.40503e-22
 6.92987e-08
 4.42439e-08
 4.78936e-08
 7.86252e-08
 1.35321e-07
 2.24350e-07
 3.58530e-07
 5.82545e-07
 9.96417e-07
 1.79950e-06
 3.34969e-06
 6.16646e-06
 1.05789e-05
 1.53983e-05
 1.83297e-05
 1.89157e-05
 1.77222e-05
 1.36020e-05
 6.79336e-06
 1.75615e-06
 2.49826e-07
 2.02590e-08
 8.48668e-10
 1.58405e-11
 1.04607e-13
 1.57440e-16
 1.52201e-20
 1.35906e-08
 4.39219e-09
 3.66262e-09
 1.03879e-08
 2.67587e-08
 5.75988e-08
 1.11561e-07
 2.12694e-07
 4.20903e-07
 8.74160e-07
 1.86091e-06
 3.88577e-06
 7.55318e-06
 1.27729e-05
 1.71434e-05
 1.87327e-05
 1.81506e-05
 1.48912e-05
 8.35810e-06
 2.57518e-06
 4.23243e-07
 4.07931e-08
 2.12301e-09
 5.22746e-11
 5.00113e-13
 1.30700e-15
 3.95631e-19
 3.10737e-09
 6.72805e-10
 2.20341e-10
 1.23159e-09
 4.90030e-09
 1.38154e-08
 3.29885e-08
 7.52421e-08
 1.75136e-07
 4.22535e-07
 1.03189e-06
 2.44133e-06
 5.33002e-06
 1.02139e-05
 1.54775e-05
 1.82717e-05
 1.83078e-05
 1.57380e-05
 9.65858e-06
 3.40929e-06
 6.36062e-07
 7.24067e-08
 4.59384e-09
 1.45386e-10
 1.92571e-12
 7.89644e-15
 5.02472e-18
 7.85555e-10
 1.86824e-10
 5.92260e-11
 2.26109e-10
 1.02322e-09
 3.47162e-09
 1.00063e-08
 2.73353e-08
 7.52685e-08
 2.11285e-07
 5.89290e-07
 1.56618e-06
 3.79713e-06
 8.05090e-06
 1.37001e-05
 1.75816e-05
 1.82636e-05
 1.62502e-05
 1.06669e-05
 4.16251e-06
 8.52297e-07
 1.09862e-07
 8.24767e-09
 3.20013e-10
 5.47500e-12
 3.12321e-14
 3.13044e-17
 1.97532e-10
 5.32414e-11
 1.73283e-11
 4.99991e-11
 2.43949e-10
 9.60492e-10
 3.27871e-09
 1.06626e-08
 3.46339e-08
 1.12444e-07
 3.54675e-07
 1.04613e-06
 2.77857e-06
 6.41664e-06
 1.20718e-05
 1.67461e-05
 1.80925e-05
 1.65341e-05
 1.13985e-05
 4.77930e-06
 1.04684e-06
 1.46430e-07
 1.24163e-08
 5.71318e-10
 1.20276e-11
 8.86233e-14
 1.23571e-16
 4.69951e-11
 1.39598e-11
 5.05143e-12
 1.33047e-11
 6.82593e-11
 3.04213e-10
 1.21385e-09
 4.65716e-09
 1.76438e-08
 6.52977e-08
 2.29285e-07
 7.38879e-07
 2.11731e-06
 5.24123e-06
 1.06899e-05
 1.58888e-05
 1.78475e-05
 1.66483e-05
 1.18762e-05
 5.23315e-06
 1.20438e-06
 1.78481e-07
 1.63899e-08
 8.51805e-10
 2.12629e-11
 1.93231e-13
 3.48234e-16
 1.03505e-11
 3.29831e-12
 1.43362e-12
 4.13881e-12
 2.26281e-11
 1.13478e-10
 5.25761e-10
 2.34908e-09
 1.01840e-08
 4.20742e-08
 1.61242e-07
 5.57642e-07
 1.69623e-06
 4.43107e-06
 9.60917e-06
 1.51222e-05
 1.75617e-05
 1.66298e-05
 1.21339e-05
 5.51631e-06
 1.31233e-06
 2.02386e-07
 1.96508e-08
 1.10588e-09
 3.12113e-11
 3.35713e-13
 7.45425e-16
 2.07908e-12
 7.09052e-13
 4.11318e-13
 1.49421e-12
 9.02590e-12
 5.12912e-11
 2.73680e-10
 1.39507e-09
 6.74691e-09
 3.03531e-08
 1.24196e-07
 4.52321e-07
 1.43660e-06
 3.90108e-06
 8.82898e-06
 1.45037e-05
 1.72684e-05
 1.65116e-05
 1.22057e-05
 5.64226e-06
 1.36729e-06
 2.15986e-07
 2.17702e-08
 1.29568e-09
 3.96701e-11
 4.82611e-13
 1.26501e-15
 3.75826e-13
 1.40160e-13
 1.27908e-13
 6.50884e-13
 4.48153e-12
 2.88648e-11
 1.73973e-10
 9.83092e-10
 5.14757e-09
 2.45475e-08
 1.04842e-07
 3.94642e-07
 1.28812e-06
 3.58499e-06
 8.33400e-06
 1.40616e-05
 1.69924e-05
 1.62883e-05
 1.20354e-05
 5.56762e-06
 1.36019e-06
 2.18778e-07
 2.26214e-08
 1.39566e-09
 4.50428e-11
 5.96945e-13
 1.77624e-15
 6.06344e-14
 2.68606e-14
 5.12959e-14
 3.68319e-13
 2.86071e-12
 2.04555e-11
 1.34918e-10
 8.16649e-10
 4.48110e-09
 2.20518e-08
 9.62635e-08
 3.68270e-07
 1.21815e-06
 3.43197e-06
 8.08794e-06
 1.37918e-05
 1.67346e-05
 1.59777e-05
 1.16416e-05
 5.27854e-06
 1.27254e-06
 2.04694e-07
 2.14524e-08
 1.36495e-09
 4.62653e-11
 6.54417e-13
 2.13519e-15
 8.88503e-15
 6.32576e-15
 3.06752e-14
 2.75901e-13
 2.32812e-12
 1.78162e-11
 1.23728e-10
 7.75306e-10
 4.34816e-09
 2.16661e-08
 9.51288e-08
 3.64649e-07
 1.20731e-06
 3.40802e-06
 8.05240e-06
 1.36755e-05
 1.64676e-05
 1.55302e-05
 1.10125e-05
 4.80408e-06
 1.12677e-06
 1.78762e-07
 1.87125e-08
 1.20516e-09
 4.19913e-11
 6.20551e-13
 2.16942e-15
 1.32674e-15
 2.99560e-15
 2.80638e-14
 2.79056e-13
 2.48868e-12
 1.98422e-11
 1.40997e-10
 8.89265e-10
 4.96362e-09
 2.44172e-08
 1.05364e-07
 3.96464e-07
 1.29050e-06
 3.59379e-06
 8.34964e-06
 1.37741e-05
 1.61775e-05
 1.48745e-05
 1.00344e-05
 4.09702e-06
 9.30272e-07
 1.45758e-07
 1.51664e-08
 9.73480e-10
 3.40961e-11
 5.16226e-13
 1.88700e-15
 4.02709e-16
 3.35773e-15
 3.82155e-14
 3.91934e-13
 3.53807e-12
 2.80343e-11
 1.94886e-10
 1.19025e-09
 6.39713e-09
 3.02778e-08
 1.25999e-07
 4.58895e-07
 1.45171e-06
 3.94444e-06
 8.88232e-06
 1.39737e-05
 1.58007e-05
 1.40189e-05
 8.82188e-06
 3.27368e-06
 7.09991e-07
 1.08578e-07
 1.11741e-08
 7.17528e-10
 2.53533e-11
 3.88494e-13
 1.44871e-15
 5.81890e-16
 6.61453e-15
 7.43829e-14
 7.37141e-13
 6.34013e-12
 4.73792e-11
 3.09350e-10
 1.77575e-09
 9.00329e-09
 4.03994e-08
 1.60208e-07
 5.58604e-07
 1.69967e-06
 4.45721e-06
 9.51690e-06
 1.40917e-05
 1.52150e-05
 1.28490e-05
 7.41750e-06
 2.46298e-06
 5.11949e-07
 7.59895e-08
 7.63557e-09
 4.81220e-10
 1.67944e-11
 2.57029e-13
 9.69583e-16
 1.83291e-15
 1.91150e-14
 1.94994e-13
 1.75315e-12
 1.36720e-11
 9.29165e-11
 5.54975e-10
 2.93546e-09
 1.38162e-08
 5.79496e-08
 2.16220e-07
 7.13100e-07
 2.06349e-06
 5.16464e-06
 1.02135e-05
 1.40235e-05
 1.42928e-05
 1.12128e-05
 5.77276e-06
 1.69312e-06
 3.38978e-07
 4.85126e-08
 4.71854e-09
 2.89293e-10
 9.87634e-12
 1.48823e-13
 5.57269e-16
part
         7
coordinates
 9.12694e-57
 1.38993e-47
 4.23835e-42
 5.60408e-38
 1.20602e-34
 7.47580e-32
 1.82118e-29
 2.10603e-27
 1.31615e-25
 4.89814e-24
 1.16726e-22
 1.88274e-21
 2.14524e-20
 1.78472e-19
 1.11179e-18
 5.28534e-18
 1.94478e-17
 5.59827e-17
 1.27113e-16
 2.29110e-16
 3.52677e-16
 4.08295e-16
 3.53104e-16
 2.58333e-16
 4.02709e-16
 3.35773e-15
 3.82155e-14
 7.35719e-59
 3.37923e-49
 1.71323e-43
 3.13520e-39
 8.49718e-36
 6.24782e-33
 1.73015e-30
 2.20243e-28
 1.47617e-26
 5.76793e-25
 1.41815e-23
 2.32634e-22
 2.66444e-21
 2.20736e-20
 1.35930e-19
 6.35292e-19
 2.28966e-18
 6.44310e-18
 1.42962e-17
 2.52136e-17
 3.79748e-17
 4.34037e-17
 3.91785e-17
 6.83277e-17
 5.81890e-16
 6.61453e-15
 7.43829e-14
 5.20764e-61
 7.20272e-51
 6.06358e-45
 1.53429e-40
 5.23365e-37
 4.56302e-34
 1.43611e-31
 2.01226e-29
 1.44649e-27
 5.93431e-26
 1.50541e-24
 2.51169e-23
 2.89209e-22
 2.38663e-21
 1.45355e-20
 6.68349e-20
 2.36152e-19
 6.50257e-19
 1.41090e-18
 2.44235e-18
 3.57819e-18
 4.89518e-18
 1.62409e-17
 1.62747e-16
 1.83291e-15
 1.91150e-14
 1.94994e-13
 3.19526e-63
 1.33306e-52
 1.86682e-46
 6.54409e-42
 2.81518e-38
 2.91639e-35
 1.04531e-32
 1.61523e-30
 1.24740e-28
 5.38114e-27
 1.41015e-25
 2.39517e-24
 2.77454e-23
 2.28181e-22
 1.37488e-21
 6.22051e-21
 2.15478e-20
 5.80125e-20
 1.24901e-19
 2.48273e-19
 8.66635e-19
 7.57931e-18
 8.25733e-17
 8.56576e-16
 8.19107e-15
 7.30709e-14
 6.38001e-13
 1.67007e-65
 2.10219e-54
 4.89966e-48
 2.38143e-43
 1.29344e-39
 1.59431e-36
 6.51772e-34
 1.11241e-31
 9.24403e-30
 4.19931e-28
 1.13825e-26
 1.97041e-25
 2.29843e-24
 1.88535e-23
 1.12468e-22
 5.00996e-22
 1.70212e-21
 5.49481e-21
 3.83255e-20
 5.04564e-19
 6.25907e-18
 6.70549e-17
 6.37746e-16
 5.51867e-15
 4.40646e-14
 3.28716e-13
 2.38160e-12
 7.29420e-68
 2.77112e-56
 1.07566e-49
 7.25635e-45
 4.98281e-41
 7.32013e-38
 3.41976e-35
 6.45960e-33
 5.78761e-31
 2.77395e-29
 7.79081e-28
 1.37660e-26
 1.61907e-25
 1.32607e-24
 7.83851e-24
 3.44011e-23
 1.14676e-22
 1.47267e-20
 3.93735e-19
 5.97517e-18
 6.70177e-17
 6.20779e-16
 5.03184e-15
 3.68575e-14
 2.48266e-13
 1.54713e-12
 9.23358e-12
 2.60243e-70
 2.98527e-58
 1.93141e-51
 1.81054e-46
 1.57439e-42
 2.76204e-39
 1.47786e-36
 3.09681e-34
 2.99891e-32
 1.52009e-30
 4.43325e-29
 8.01094e-28
 9.51550e-27
 7.79217e-26
 4.56879e-25
 1.97683e-24
 6.46739e-24
 1.79282e-19
 4.47473e-18
 6.11690e-17
 6.09107e-16
 4.95065e-15
 3.48378e-14
 2.19530e-13
 1.26321e-12
 6.64860e-12
 3.30911e-11
 7.37962e-73
 2.55734e-60
 2.76019e-53
 3.60048e-48
 3.97189e-44
 8.33979e-41
 5.12385e-38
 1.19437e-35
 1.25363e-33
 6.73894e-32
 2.04617e-30
 3.79005e-29
 4.55551e-28
 3.73573e-27
 2.17521e-26
 9.28532e-26
 2.98174e-25
 1.55801e-18
 3.57225e-17
 4.43631e-16
 3.96803e-15
 2.86453e-14
 1.77130e-13
 9.71302e-13
 4.82369e-12
 2.17282e-11
 9.11791e-11
 1.60754e-75
 1.68390e-62
 3.03502e-55
 5.51723e-50
 7.73671e-46
 1.94904e-42
 1.37889e-39
 3.58641e-37
 4.09329e-35
 2.34096e-33
 7.42252e-32
 1.41310e-30
 1.72271e-29
 1.41728e-28
 8.20575e-28
 3.45802e-27
 1.08989e-26
 7.97236e-18
 1.68963e-16
 1.92003e-15
 1.55543e-14
 1.00661e-13
 5.53060e-13
 2.67672e-12
 1.16873e-11
 4.62579e-11
 1.70232e-10
 2.57490e-78
 8.15812e-65
 2.45809e-57
 6.23730e-52
 1.11419e-47
 3.37658e-44
 2.75923e-41
 8.03469e-39
 1.00069e-36
 6.11045e-35
 2.03014e-33
 3.98489e-32
 4.94029e-31
 4.08605e-30
 2.35563e-29
 9.80584e-29
 3.03235e-28
 2.05355e-17
 4.06377e-16
 4.29194e-15
 3.21719e-14
 1.91917e-13
 9.68087e-13
 4.28217e-12
 1.69952e-11
 6.09291e-11
 2.02079e-10
 2.85939e-81
 2.74202e-67
 1.38273e-59
 4.90586e-54
 1.11890e-49
 4.09046e-46
 3.87353e-43
 1.26737e-40
 1.72911e-38
 1.13177e-36
 3.95517e-35
 8.03244e-34
 1.01575e-32
 8.46551e-32
 4.86673e-31
 2.00216e-30
 6.07079e-30
 2.68097e-17
 5.06771e-16
 5.11876e-15
 3.65995e-14
 2.07217e-13
 9.85062e-13
 4.06868e-12
 1.49054e-11
 4.88986e-11
 1.46835e-10
 2.02379e-84
 5.87809e-70
 4.96675e-62
 2.46829e-56
 7.20445e-52
 3.18649e-48
 3.50878e-45
 1.29486e-42
 1.94319e-40
 1.36917e-38
 5.05408e-37
 1.06614e-35
 1.37980e-34
 1.16175e-33
 6.67049e-33
 2.71300e-32
 8.05700e-32
 1.81170e-17
 3.35020e-16
 3.35541e-15
 2.36528e-14
 1.30168e-13
 5.90606e-13
 2.28244e-12
 7.67181e-12
 2.27681e-11
 6.10322e-11
 8.00394e-88
 7.04624e-73
 9.98820e-65
 6.96528e-59
 2.60802e-54
 1.39973e-50
 1.79857e-47
 7.51593e-45
 1.24601e-42
 9.49380e-41
 3.71855e-39
 8.18271e-38
 1.08789e-36
 9.27988e-36
 5.33033e-35
 2.14355e-34
 6.22461e-34
 6.23541e-18
 1.15810e-16
 1.20162e-15
 8.52664e-15
 4.55897e-14
 1.94158e-13
 6.85501e-13
 2.05974e-12
 5.25274e-12
 1.18752e-11
 1.39415e-91
 3.72270e-76
 8.86349e-68
 8.68889e-62
 4.18358e-57
 2.73281e-53
 4.11223e-50
 1.95378e-47
 3.59414e-45
 2.97547e-43
 1.24264e-41
 2.86579e-40
 3.92998e-39
 3.40689e-38
 1.96097e-37
 7.79606e-37
 2.20829e-36
 1.01966e-18
 1.94492e-17
 2.16265e-16
 1.50454e-15
 7.40715e-15
 2.76548e-14
 8.41518e-14
 2.15993e-13
 3.56623e-13
 3.96694e-13
 6.00115e-96
 4.86389e-80
 1.94742e-71
 2.68843e-65
 1.66850e-60
 1.33047e-56
 2.35288e-53
 1.27616e-50
 2.61680e-48
 2.36539e-46
 1.05868e-44
 2.57163e-43
 3.65381e-42
 3.22989e-41
 1.86618e-40
 7.33076e-40
 2.01856e-39
 4.68382e-20
 9.16061e-19
 1.12048e-17
 6.90049e-17
 2.79824e-16
 8.26639e-16
 1.69718e-15
 1.99361e-15
 1.19712e-15
 3.41447e-16
 9.12694e-57
 1.38993e-47
 4.23835e-42
 5.60408e-38
 1.20602e-34
 7.47580e-32
 1.82118e-29
 2.10603e-27
 1.31615e-25
 4.89814e-24
 1.16726e-22
 1.88274e-21
 2.14524e-20
 1.78472e-19
 1.11179e-18
 5.28534e-18
 1.94478e-17
 5.59827e-17
 1.27113e-16
 2.29110e-16
 3.52677e-16
 4.08295e-16
 3.53104e-16
 2.58333e-16
 4.02709e-16
 3.35773e-15
 3.82155e-14
 7.35719e-59
 3.37923e-49
 1.71323e-43
 3.13520e-39
 8.49718e-36
 6.24782e-33
 1.73015e-30
 2.20243e-28
 1.47617e-26
 5.76793e-25
 1.41815e-23
 2.32634e-22
 2.66444e-21
 2.20736e-20
 1.35930e-19
 6.35292e-19
 2.28966e-18
 6.44310e-18
 1.42962e-17
 2.52136e-17
 3.79748e-17
 4.34037e-17
 3.91785e-17
 6.83277e-17
 5.81890e-16
 6.61453e-15
 7.43829e-14
 5.20764e-61
 7.20272e-51
 6.06358e-45
 1.53429e-40
 5.23365e-37
 4.56302e-34
 1.43611e-31
 2.01226e-29
 1.44649e-27
 5.93431e-26
 1.50541e-24
 2.51169e-23
 2.89209e-22
 2.38663e-21
 1.45355e-20
 6.68349e-20
 2.36152e-19
 6.50257e-19
 1.41090e-18
 2.44235e-18
 3.57819e-18
 4.89518e-18
 1.62409e-17
 1.62747e-16
 1.83291e-15
 1.91150e-14
 1.94994e-13
 3.19526e-63
 1.33306e-52
 1.86682e-46
 6.54409e-42
 2.81518e-38
 2.91639e-35
 1.04531e-32
 1.61523e-30
 1.24740e-28
 5.38114e-27
 1.41015e-25
 2.39517e-24
 2.77454e-23
 2.28181e-22
 1.37488e-21
 6.22051e-21
 2.15478e-20
 5.80125e-20
 1.24901e-19
 2.48273e-19
 8.66635e-19
 7.57931e-18
 8.25733e-17
 8.56576e-16
 8.19107e-15
 7.30709e-14
 6.38001e-13
 1.67007e-65
 2.10219e-54
 4.89966e-48
 2.38143e-43
 1.29344e-39
 1.59431e-36
 6.51772e-34
 1.11241e-31
 9.24403e-30
 4.19931e-28
 1.13825e-26
 1.97041e-25
 2.29843e-24
 1.88535e-23
 1.12468e-22
 5.00996e-22
 1.70212e-21
 5.49481e-21
 3.83255e-20
 5.04564e-19
 6.25907e-18
 6.70549e-17
 6.37746e-16
 5.51867e-15
 4.40646e-14
 3.28716e-13
 2.38160e-12
 7.29420e-68
 2.77112e-56
 1.07566e-49
 7.25635e-45
 4.98281e-41
 7.32013e-38
 3.41976e-35
 6.45960e-33
 5.78761e-31
 2.77395e-29
 7.79081e-28
 1.37660e-26
 1.61907e-25
 1.32607e-24
 7.83851e-24
 3.44011e-23
 1.14676e-22
 1.47267e-20
 3.93735e-19
 5.97517e-18
 6.70177e-17
 6.20779e-16
 5.03184e-15
 3.68575e-14
 2.48266e-13
 1.54713e-12
 9.23358e-12
 2.60243e-70
 2.98527e-58
 1.93141e-51
 1.81054e-46
 1.57439e-42
 2.76204e-39
 1.47786e-36
 3.09681e-34
 2.99891e-32
 1.52009e-30
 4.43325e-29
 8.01094e-28
 9.51550e-27
 7.79217e-26
 4.56879e-25
 1.97683e-24
 6.46739e-24
 1.79282e-19
 4.47473e-18
 6.11690e-17
 6.09107e-16
 4.95065e-15
 3.48378e-14
 2.19530e-13
 1.26321e-12
 6.64860e-12
 3.30911e-11
 7.37962e-73
 2.55734e-60
 2.76019e-53
 3.60048e-48
 3.97189e-44
 8.33979e-41
 5.12385e-38
 1.19437e-35
 1.25363e-33
 6.73894e-32
 2.04617e-30
 3.79005e-29
 4.55551e-28
 3.73573e-27
 2.17521e-26
 9.28532e-26
 2.98174e-25
 1.55801e-18
 3.57225e-17
 4.43631e-16
 3.96803e-15
 2.86453e-14
 1.77130e-13
 9.71302e-13
 4.82369e-12
 2.17282e-11
 9.11791e-11
 1.60754e-75
 1.68390e-62
 3.03502e-55
 5.51723e-50
 7.73671e-46
 1.94904e-42
 1.37889e-39
 3.58641e-37
 4.09329e-35
 2.34096e-33
 7.42252e-32
 1.41310e-30
 1.72271e-29
 1.41728e-28
 8.20575e-28
 3.45802e-27
 1.08989e-26
 7.97236e-18
 1.68963e-16
 1.92003e-15
 1.55543e-14
 1.00661e-13
 5.53060e-13
 2.67672e-12
 1.16873e-11
 4.62579e-11
 1.70232e-10
 2.57490e-78
 8.15812e-65
 2.45809e-57
 6.23730e-52
 1.11419e-47
 3.37658e-44
 2.75923e-41
 8.03469e-39
 1.00069e-36
 6.11045e-35
 2.03014e-33
 3.98489e-32
 4.94029e-31
 4.08605e-30
 2.35563e-29
 9.80584e-29
 3.03235e-28
 2.05355e-17
 4.06377e-16
 4.29194e-15
 3.21719e-14
 1.91917e-13
 9.68087e-13
 4.28217e-12
 1.69952e-11
 6.09291e-11
 2.02079e-10
 2.85939e-81
 2.74202e-67
 1.38273e-59
 4.90586e-54
 1.11890e-49
 4.09046e-46
 3.87353e-43
 1.26737e-40
 1.72911e-38
 1.13177e-36
 3.95517e-35
 8.03244e-34
 1.01575e-32
 8.46551e-32
 4.86673e-31
 2.00216e-30
 6.07079e-30
 2.68097e-17
 5.06771e-16
 5.11876e-15
 3.65995e-14
 2.07217e-13
 9.85062e-13
 4.06868e-12
 1.49054e-11
 4.88986e-11
 1.46835e-10
 2.02379e-84
 5.87809e-70
 4.96675e-62
 2.46829e-56
 7.20445e-52
 3.18649e-48
 3.50878e-45
 1.29486e-42
 1.94319e-40
 1.36917e-38
 5.05408e-37
 1.06614e-35
 1.37980e-34
 1.16175e-33
 6.67049e-33
 2.71300e-32
 8.05700e-32
 1.81170e-17
 3.35020e-16
 3.35541e-15
 2.36528e-14
 1.30168e-13
 5.90606e-13
 2.28244e-12
 7.67181e-12
 2.27681e-11
 6.10322e-11
 8.00394e-88
 7.04624e-73
 9.98820e-65
 6.96528e-59
 2.60802e-54
 1.39973e-50
 1.79857e-47
 7.51593e-45
 1.24601e-42
 9.49380e-41
 3.71855e-39
 8.18271e-38
 1.08789e-36
 9.27988e-36
 5.33033e-35
 2.14355e-34
 6.22461e-34
 6.23541e-18
 1.15810e-16
 1.20162e-15
 8.52664e-15
 4.55897e-14
 1.94158e-13
 6.85501e-13
 2.05974e-12
 5.25274e-12
 1.18752e-11
 1.39415e-91
 3.72270e-76
 8.86349e-68
 8.68889e-62
 4.18358e-57
 2.73281e-53
 4.11223e-50
 1.95378e-47
 3.59414e-45
 2.97547e-43
 1.24264e-41
 2.86579e-40
 3.92998e-39
 3.40689e-38
 1.96097e-37
 7.79606e-37
 2.20829e-36
 1.01966e-18
 1.94492e-17
 2.16265e-16
 1.50454e-15
 7.40715e-15
 2.76548e-14
 8.41518e-14
 2.15993e-13
 3.56623e-13
 3.96694e-13
 6.00115e-96
 4.86389e-80
 1.94742e-71
 2.68843e-65
 1.66850e-60
 1.33047e-56
 2.35288e-53
 1.27616e-50
 2.61680e-48
 2.36539e-46
 1.05868e-44
 2.57163e-43
 3.65381e-42
 3.22989e-41
 1.86618e-40
 7.33076e-40
 2.01856e-39
 4.68382e-20
 9.16061e-19
 1.12048e-17
 6.90049e-17
 2.79824e-16
 8.26639e-16
 1.69718e-15
 1.99361e-15
 1.19712e-15
 3.41447e-16
part
         8
coordinates
 4.02709e-16
 3.35773e-15
 3.82155e-14
 3.91934e-13
 3.53807e-12
 2.80343e-11
 1.94886e-10
 1.19025e-09
 6.39713e-09
 3.02778e-08
 1.25999e-07
 4.58895e-07
 1.45171e-06
 3.94444e-06
 8.88232e-06
 1.39737e-05
 1.58007e-05
 1.40189e-05
 8.82188e-06
 3.27368e-06
 7.09991e-07
 1.08578e-07
 1.11741e-08
 7.17528e-10
 2.53533e-11
 3.88494e-13
 1.44871e-15
 5.81890e-16
 6.61453e-15
 7.43829e-14
 7.37141e-13
 6.34013e-12
 4.73792e-11
 3.09350e-10
 1.77575e-09
 9.00329e-09
 4.03994e-08
 1.60208e-07
 5.58604e-07
 1.69967e-06
 4.45721e-06
 9.51690e-06
 1.40917e-05
 1.52150e-05
 1.28490e-05
 7.41750e-06
 2.46298e-06
 5.11949e-07
 7.59895e-08
 7.63557e-09
 4.81220e-10
 1.67944e-11
 2.57029e-13
 9.69583e-16
 1.83291e-15
 1.91150e-14
 1.94994e-13
 1.75315e-12
 1.36720e-11
 9.29165e-11
 5.54975e-10
 2.93546e-09
 1.38162e-08
 5.79496e-08
 2.16220e-07
 7.13100e-07
 2.06349e-06
 5.16464e-06
 1.02135e-05
 1.40235e-05
 1.42928e-05
 1.12128e-05
 5.77276e-06
 1.69312e-06
 3.38978e-07
 4.85126e-08
 4.71854e-09
 2.89293e-10
 9.87634e-12
 1.48823e-13
 5.57269e-16
 8.19107e-15
 7.30709e-14
 6.38001e-13
 4.96173e-12
 3.38546e-11
 2.03726e-10
 1.08991e-09
 5.21950e-09
 2.24724e-08
 8.70008e-08
 3.02366e-07
 9.35098e-07
 2.54403e-06
 5.97829e-06
 1.07166e-05
 1.35097e-05
 1.28484e-05
 9.08024e-06
 4.04292e-06
 1.05944e-06
 2.02551e-07
 2.76834e-08
 2.58117e-09
 1.52288e-10
 5.02210e-12
 7.34054e-14
 2.67973e-16
 4.40646e-14
 3.28716e-13
 2.38160e-12
 1.56001e-11
 9.12334e-11
 4.78396e-10
 2.26053e-09
 9.67116e-09
 3.76716e-08
 1.33515e-07
 4.27009e-07
 1.22304e-06
 3.10269e-06
 6.75257e-06
 1.07358e-05
 1.22661e-05
 1.06664e-05
 6.54627e-06
 2.45956e-06
 5.93888e-07
 1.06720e-07
 1.37975e-08
 1.22070e-09
 6.84902e-11
 2.15197e-12
 3.00235e-14
 1.04832e-16
 2.48266e-13
 1.54713e-12
 9.23358e-12
 5.04647e-11
 2.50608e-10
 1.13705e-09
 4.71481e-09
 1.78328e-08
 6.17064e-08
 1.96052e-07
 5.71106e-07
 1.51558e-06
 3.59007e-06
 7.07209e-06
 9.81612e-06
 9.96110e-06
 7.68560e-06
 3.98567e-06
 1.26200e-06
 2.84666e-07
 4.79404e-08
 5.80989e-09
 4.81988e-10
 2.53671e-11
 7.47638e-13
 9.77920e-15
 3.19822e-17
 1.26321e-12
 6.64860e-12
 3.30911e-11
 1.52043e-10
 6.41071e-10
 2.48727e-09
 8.90731e-09
 2.95330e-08
 9.09034e-08
 2.59974e-07
 6.94869e-07
 1.73184e-06
 3.83525e-06
 6.31415e-06
 7.41588e-06
 6.68063e-06
 4.47623e-06
 1.94519e-06
 5.38137e-07
 1.12605e-07
 1.75316e-08
 1.96451e-09
 1.50634e-10
 7.31780e-12
 1.98639e-13
 2.38562e-15
 7.13520e-18
 4.82369e-12
 2.17282e-11
 9.11791e-11
 3.53843e-10
 1.27520e-09
 4.29417e-09
 1.36014e-08
 4.07093e-08
 1.14790e-07
 3.02682e-07
 7.49409e-07
 1.71081e-06
 3.17609e-06
 4.18868e-06
 4.20935e-06
 3.42771e-06
 1.97665e-06
 7.14755e-07
 1.78403e-07
 3.40145e-08
 4.82678e-09
 4.92035e-10
 3.42316e-11
 1.50360e-12
 3.67359e-14
 3.94832e-16
 1.04954e-18
 1.16873e-11
 4.62579e-11
 1.70232e-10
 5.82735e-10
 1.86558e-09
 5.61117e-09
 1.58887e-08
 4.23274e-08
 1.05417e-07
 2.45416e-07
 5.42090e-07
 1.09426e-06
 1.62461e-06
 1.80078e-06
 1.66483e-06
 1.21373e-06
 5.91723e-07
 1.78008e-07
 4.02345e-08
 6.87705e-09
 8.70679e-10
 7.88455e-11
 4.84728e-12
 1.86958e-13
 3.98146e-15
 3.69914e-17
 8.42337e-20
 1.69952e-11
 6.09291e-11
 2.02079e-10
 6.23256e-10
 1.79759e-09
 4.86041e-09
 1.22629e-08
 2.86636e-08
 6.10770e-08
 1.13481e-07
 1.94505e-07
 3.14753e-07
 4.03845e-07
 4.08458e-07
 3.48314e-07
 2.20764e-07
 8.86267e-08
 2.29088e-08
 4.53781e-09
 6.76938e-10
 7.40706e-11
 5.73048e-12
 2.97284e-13
 9.55151e-15
 1.67235e-16
 1.26100e-18
 2.30182e-21
 1.49054e-11
 4.88986e-11
 1.46835e-10
 4.05792e-10
 1.03704e-09
 2.46052e-09
 5.27457e-09
 1.03094e-08
 1.88615e-08
 2.69832e-08
 2.93132e-08
 2.64787e-08
 1.89832e-08
 9.21534e-09
 2.85074e-09
 6.92206e-10
 1.33594e-10
 2.03608e-11
 2.41616e-12
 2.18713e-13
 1.46805e-14
 7.02684e-16
 2.27015e-17
 4.56502e-19
 5.02201e-21
 2.38679e-23
 2.75371e-26
 7.67181e-12
 2.27681e-11
 6.10322e-11
 1.46939e-10
 3.16996e-10
 6.35115e-10
 1.04947e-09
 1.28196e-09
 1.25434e-09
 1.04277e-09
 6.41232e-10
 2.60848e-10
 7.70745e-11
 1.88656e-11
 3.80522e-12
 6.28557e-13
 8.42341e-14
 9.03653e-15
 7.62308e-16
 4.94011e-17
 2.38527e-18
 8.23780e-20
 1.92348e-21
 2.79736e-23
 2.22548e-25
 7.64470e-28
 6.36947e-31
 2.05974e-12
 5.25274e-12
 1.18752e-11
 2.23711e-11
 3.00331e-11
 3.07606e-11
 2.64826e-11
 1.72292e-11
 7.55487e-12
 2.37502e-12
 6.31634e-13
 1.42211e-13
 2.70290e-14
 4.31607e-15
 5.74944e-16
 6.32839e-17
 5.68555e-18
 4.10558e-19
 2.33727e-20
 1.02369e-21
 3.34286e-23
 7.80851e-25
 1.23269e-26
 1.21119e-28
 6.50412e-31
 1.50654e-33
 8.45540e-37
 2.15993e-13
 3.56623e-13
 3.96694e-13
 3.34370e-13
 1.99869e-13
 7.60986e-14
 2.13394e-14
 5.07908e-15
 1.02761e-15
 1.77269e-16
 2.60996e-17
 3.27493e-18
 3.48926e-19
 3.13836e-20
 2.36402e-21
 1.47611e-22
 7.54258e-24
 3.10394e-25
 1.00850e-26
 2.52348e-28
 4.71042e-30
 6.29085e-32
 5.67745e-34
 3.18810e-36
 9.77945e-39
 1.29319e-41
 4.14103e-45
 1.99361e-15
 1.19712e-15
 3.41447e-16
 5.19804e-17
 6.32907e-18
 6.40701e-19
 5.48399e-20
 4.00320e-21
 2.50384e-22
 1.34443e-23
 6.19514e-25
 2.44383e-26
 8.21593e-28
 2.33884e-29
 5.58992e-31
 1.10971e-32
 1.80569e-34
 2.36929e-36
 2.45687e-38
 1.96341e-40
 1.17110e-42
 4.99925e-45
 1.44241e-47
 2.58967e-50
 2.53985e-53
 1.07380e-56
 1.09931e-60
 4.02709e-16
 3.35773e-15
 3.82155e-14
 3.91934e-13
 3.53807e-12
 2.80343e-11
 1.94886e-10
 1.19025e-09
 6.39713e-09
 3.02778e-08
 1.25999e-07
 4.58895e-07
 1.45171e-06
 3.94444e-06
 8.88232e-06
 1.39737e-05
 1.58007e-05
 1.40189e-05
 8.82188e-06
 3.27368e-06
 7.09991e-07
 1.08578e-07
 1.11741e-08
 7.17528e-10
 2.53533e-11
 3.88494e-13
 1.44871e-15
 5.81890e-16
 6.61453e-15
 7.43829e-14
 7.37141e-13
 6.34013e-12
 4.73792e-11
 3.09350e-10
 1.77575e-09
 9.00329e-09
 4.03994e-08
 1.60208e-07
 5.58604e-07
 1.69967e-06
 4.45721e-06
 9.51690e-06
 1.40917e-05
 1.52150e-05
 1.28490e-05
 7.41750e-06
 2.46298e-06
 5.11949e-07
 7.59895e-08
 7.63557e-09
 4.81220e-10
 1.67944e-11
 2.57029e-13
 9.69583e-16
 1.83291e-15
 1.91150e-14
 1.94994e-13
 1.75315e-12
 1.36720e-11
 9.29165e-11
 5.54975e-10
 2.93546e-09
 1.38162e-08
 5.79496e-08
 2.16220e-07
 7.13100e-07
 2.06349e-06
 5.16464e-06
 1.02135e-05
 1.40235e-05
 1.42928e-05
 1.12128e-05
 5.77276e-06
 1.69312e-06
 3.38978e-07
 4.85126e-08
 4.71854e-09
 2.89293e-10
 9.87634e-12
 1.48823e-13
 5.57269e-16
 8.19107e-15
 7.30709e-14
 6.38001e-13
 4.96173e-12
 3.38546e-11
 2.03726e-10
 1.08991e-09
 5.21950e-09
 2.24724e-08
 8.70008e-08
 3.02366e-07
 9.35098e-07
 2.54403e-06
 5.97829e-06
 1.07166e-05
 1.35097e-05
 1.28484e-05
 9.08024e-06
 4.04292e-06
 1.05944e-06
 2.02551e-07
 2.76834e-08
 2.58117e-09
 1.52288e-10
 5.02210e-12
 7.34054e-14
 2.67973e-16
 4.40646e-14
 3.28716e-13
 2.38160e-12
 1.56001e-11
 9.12334e-11
 4.78396e-10
 2.26053e-09
 9.67116e-09
 3.76716e-08
 1.33515e-07
 4.27009e-07
 1.22304e-06
 3.10269e-06
 6.75257e-06
 1.07358e-05
 1.22661e-05
 1.06664e-05
 6.54627e-06
 2.45956e-06
 5.93888e-07
 1.06720e-07
 1.37975e-08
 1.22070e-09
 6.84902e-11
 2.15197e-12
 3.00235e-14
 1.04832e-16
 2.48266e-13
 1.54713e-12
 9.23358e-12
 5.04647e-11
 2.50608e-10
 1.13705e-09
 4.71481e-09
 1.78328e-08
 6.17064e-08
 1.96052e-07
 5.71106e-07
 1.51558e-06
 3.59007e-06
 7.07209e-06
 9.81612e-06
 9.96110e-06
 7.68560e-06
 3.98567e-06
 1.26200e-06
 2.84666e-07
 4.79404e-08
 5.80989e-09
 4.81988e-10
 2.53671e-11
 7.47638e-13
 9.77920e-15
 3.19822e-17
 1.26321e-12
 6.64860e-12
 3.30911e-11
 1.52043e-10
 6.41071e-10
 2.48727e-09
 8.90731e-09
 2.95330e-08
 9.09034e-08
 2.59974e-07
 6.94869e-07
 1.73184e-06
 3.83525e-06
 6.31415e-06
 7.41588e-06
 6.68063e-06
 4.47623e-06
 1.94519e-06
 5.38137e-07
 1.12605e-07
 1.75316e-08
 1.96451e-09
 1.50634e-10
 7.31780e-12
 1.98639e-13
 2.38562e-15
 7.13520e-18
 4.82369e-12
 2.17282e-11
 9.11791e-11
 3.53843e-10
 1.27520e-09
 4.29417e-09
 1.36014e-08
 4.07093e-08
 1.14790e-07
 3.02682e-07
 7.49409e-07
 1.71081e-06
 3.17609e-06
 4.18868e-06
 4.20935e-06
 3.42771e-06
 1.97665e-06
 7.14755e-07
 1.78403e-07
 3.40145e-08
 4.82678e-09
 4.92035e-10
 3.42316e-11
 1.50360e-12
 3.67359e-14
 3.94832e-16
 1.04954e-18
 1.16873e-11
 4.62579e-11
 1.70232e-10
 5.82735e-10
 1.86558e-09
 5.61117e-09
 1.58887e-08
 4.23274e-08
 1.05417e-07
 2.45416e-07
 5.42090e-07
 1.09426e-06
 1.62461e-06
 1.80078e-06
 1.66483e-06
 1.21373e-06
 5.91723e-07
 1.78008e-07
 4.02345e-08
 6.87705e-09
 8.70679e-10
 7.88455e-11
 4.84728e-12
 1.86958e-13
 3.98146e-15
 3.69914e-17
 8.42337e-20
 1.69952e-11
 6.09291e-11
 2.02079e-10
 6.23256e-10
 1.79759e-09
 4.86041e-09
 1.22629e-08
 2.86636e-08
 6.10770e-08
 1.13481e-07
 1.94505e-07
 3.14753e-07
 4.03845e-07
 4.08458e-07
 3.48314e-07
 2.20764e-07
 8.86267e-08
 2.29088e-08
 4.53781e-09
 6.76938e-10
 7.40706e-11
 5.73048e-12
 2.97284e-13
 9.55151e-15
 1.67235e-16
 1.26100e-18
 2.30182e-21
 1.49054e-11
 4.88986e-11
 1.46835e-10
 4.05792e-10
 1.03704e-09
 2.46052e-09
 5.27457e-09
 1.03094e-08
 1.88615e-08
 2.69832e-08
 2.93132e-08
 2.64787e-08
 1.89832e-08
 9.21534e-09
 2.85074e-09
 6.92206e-10
 1.33594e-10
 2.03608e-11
 2.41616e-12
 2.18713e-13
 1.46805e-14
 7.02684e-16
 2.27015e-17
 4.56502e-19
 5.02201e-21
 2.38679e-23
 2.75371e-26
 7.67181e-12
 2.27681e-11
 6.10322e-11
 1.46939e-10
 3.16996e-10
 6.35115e-10
 1.04947e-09
 1.28196e-09
 1.25434e-09
 1.04277e-09
 6.41232e-10
 2.60848e-10
 7.70745e-11
 1.88656e-11
 3.80522e-12
 6.28557e-13
 8.42341e-14
 9.03653e-15
 7.62308e-16
 4.94011e-17
 2.38527e-18
 8.23780e-20
 1.92348e-21
 2.79736e-23
 2.22548e-25
 7.64470e-28
 6.36947e-31
 2.05974e-12
 5.25274e-12
 1.18752e-11
 2.23711e-11
 3.00331e-11
 3.07606e-11
 2.64826e-11
 1.72292e-11
 7.55487e-12
 2.37502e-12
 6.31634e-13
 1.42211e-13
 2.70290e-14
 4.31607e-15
 5.74944e-16
 6.32839e-17
 5.68555e-18
 4.10558e-19
 2.33727e-20
 1.02369e-21
 3.34286e-23
 7.80851e-25
 1.23269e-26
 1.21119e-28
 6.50412e-31
 1.50654e-33
 8.45540e-37
 2.15993e-13
 3.56623e-13
 3.96694e-13
 3.34370e-13
 1.99869e-13
 7.60986e-14
 2.13394e-14
 5.07908e-15
 1.02761e-15
 1.77269e-16
 2.60996e-17
 3.27493e-18
 3.48926e-19
 3.13836e-20
 2.36402e-21
 1.47611e-22
 7.54258e-24
 3.10394e-25
 1.00850e-26
 2.52348e-28
 4.71042e-30
 6.29085e-32
 5.67745e-34
 3.18810e-36
 9.77945e-39
 1.29319e-41
 4.14103e-45
 1.99361e-15
 1.19712e-15
 3.41447e-16
 5.19804e-17
 6.32907e-18
 6.40701e-19
 5.48399e-20
 4.00320e-21
 2.50384e-22
 1.34443e-23
 6.19514e-25
 2.44383e-26
 8.21593e-28
 2.33884e-29
 5.58992e-31
 1.10971e-32
 1.80569e-34
 2.36929e-36
 2.45687e-38
 1.96341e-40
 1.17110e-42
 4.99925e-45
 1.44241e-47
 2.58967e-50
 2.53985e-53
 1.07380e-56
 1.09931e-60
