NodeMass
part
         1
coordinates
 1.29114e-35
 1.66887e-29
 7.43778e-26
 2.83843e-23
 2.34998e-21
 6.84369e-20
 9.60700e-19
 8.02373e-18
 4.57589e-17
 1.95202e-16
 6.62722e-16
 1.86978e-15
 4.52072e-15
 9.57645e-15
 1.80612e-14
 3.06762e-14
 4.72856e-14
 6.65994e-14
 8.58792e-14
 1.01300e-13
 1.07487e-13
 1.01475e-13
 8.40045e-14
 5.81483e-14
 2.99196e-14
 9.61805e-15
 1.93014e-15
 1.87893e-32
 9.74792e-27
 2.79101e-23
 7.70223e-21
 4.85708e-19
 1.11608e-17
 1.27638e-16
 8.94195e-16
 4.39031e-15
 1.65083e-14
 5.04899e-14
 1.30974e-13
 2.96837e-13
 6.00474e-13
 1.10129e-12
 1.85236e-12
 2.88123e-12
 4.16849e-12
 5.63078e-12
 7.15024e-12
 8.59181e-12
 9.46462e-12
 9.45931e-12
 8.68590e-12
 7.16336e-12
 5.08957e-12
 3.03421e-12
 6.08706e-30
 1.31610e-24
 2.47003e-21
 5.01353e-19
 2.45276e-17
 4.54334e-16
 4.33353e-15
 2.60563e-14
 1.12466e-13
 3.79591e-13
 1.06155e-12
 2.56028e-12
 5.47696e-12
 1.06023e-11
 1.88456e-11
 3.10923e-11
 4.79959e-11
 6.97279e-11
 9.57305e-11
 1.24945e-10
 1.54468e-10
 1.82556e-10
 2.05444e-10
 2.13205e-10
 2.04817e-10
 1.85438e-10
 1.58554e-10
 7.74706e-28
 7.30451e-23
 9.19187e-20
 1.39834e-17
 5.41180e-16
 8.24926e-15
 6.69373e-14
 3.51206e-13
 1.35082e-12
 4.13757e-12
 1.06750e-11
 2.41076e-11
 4.89320e-11
 9.09333e-11
 1.56791e-10
 2.53309e-10
 3.86269e-10
 5.59007e-10
 7.70850e-10
 1.01604e-09
 1.28249e-09
 1.56110e-09
 1.81220e-09
 2.02895e-09
 2.14543e-09
 2.12331e-09
 2.03425e-09
 4.86456e-26
 2.11121e-21
 1.82653e-18
 2.12573e-16
 6.63530e-15
 8.47461e-14
 5.92812e-13
 2.73889e-12
 9.44432e-12
 2.63673e-11
 6.30403e-11
 1.33928e-10
 2.59067e-10
 4.63924e-10
 7.78130e-10
 1.23294e-09
 1.85745e-09
 2.67357e-09
 3.69024e-09
 4.89728e-09
 6.26078e-09
 7.72704e-09
 9.25156e-09
 1.06518e-08
 1.17788e-08
 1.25733e-08
 1.28281e-08
 1.70245e-24
 3.62206e-20
 2.21447e-17
 2.01488e-15
 5.15699e-14
 5.59805e-13
 3.37743e-12
 1.37941e-11
 4.25905e-11
 1.08047e-10
 2.39788e-10
 4.82113e-10
 8.95149e-10
 1.55521e-09
 2.55250e-09
 3.98537e-09
 5.95153e-09
 8.53629e-09
 1.17980e-08
 1.57515e-08
 2.03507e-08
 2.54743e-08
 3.09732e-08
 3.65729e-08
 4.19271e-08
 4.63211e-08
 4.97134e-08
 3.58562e-23
 4.01494e-19
 1.78794e-16
 1.29911e-14
 2.75068e-13
 2.54914e-12
 1.29078e-11
 4.48007e-11
 1.22729e-10
 2.88705e-10
 6.09597e-10
 1.18397e-09
 2.14786e-09
 3.67615e-09
 5.97819e-09
 9.28719e-09
 1.38437e-08
 1.98734e-08
 2.75600e-08
 3.70147e-08
 4.82438e-08
 6.11146e-08
 7.53229e-08
 9.04874e-08
 1.06059e-07
 1.21146e-07
 1.34205e-07
 4.80746e-22
 3.05735e-18
 1.02549e-15
 6.07311e-14
 1.01085e-12
 6.80419e-12
 2.78689e-11
 8.59103e-11
 2.23257e-10
 5.16617e-10
 1.09225e-09
 2.14163e-09
 3.93330e-09
 6.81443e-09
 1.12002e-08
 1.75508e-08
 2.63367e-08
 3.79962e-08
 5.28898e-08
 7.12566e-08
 9.31761e-08
 1.18534e-07
 1.46987e-07
 1.77932e-07
 2.10612e-07
 2.44662e-07
 2.77386e-07
 4.30611e-21
 1.67991e-17
 4.39160e-15
 1.96473e-13
 2.09668e-12
 1.09373e-11
 3.95788e-11
 1.18401e-10
 3.15348e-10
 7.65517e-10
 1.70742e-09
 3.51576e-09
 6.71855e-09
 1.19901e-08
 2.01147e-08
 3.19277e-08
 4.82343e-08
 6.97158e-08
 9.68481e-08
 1.29843e-07
 1.68622e-07
 2.12807e-07
 2.61738e-07
 3.14492e-07
 3.69920e-07
 4.27211e-07
 4.85983e-07
 2.69794e-20
 6.95913e-17
 1.43862e-14
 3.71223e-13
 2.81389e-12
 1.27879e-11
 4.66705e-11
 1.53655e-10
 4.60958e-10
 1.23999e-09
 2.97705e-09
 6.42453e-09
 1.26214e-08
 2.28471e-08
 3.85257e-08
 6.11645e-08
 9.20859e-08
 1.32183e-07
 1.81873e-07
 2.41015e-07
 3.08879e-07
 3.84246e-07
 4.65591e-07
 5.50995e-07
 6.37637e-07
 7.23341e-07
 8.08028e-07
 1.23527e-19
 2.27437e-16
 2.94442e-14
 4.71184e-13
 2.91866e-12
 1.34828e-11
 5.90127e-11
 2.37933e-10
 8.15298e-10
 2.34175e-09
 5.76620e-09
 1.25026e-08
 2.44559e-08
 4.37797e-08
 7.25971e-08
 1.12922e-07
 1.66566e-07
 2.35038e-07
 3.19394e-07
 4.19966e-07
 5.35985e-07
 6.65191e-07
 8.03618e-07
 9.46216e-07
 1.08718e-06
 1.22300e-06
 1.34357e-06
 4.30249e-19
 5.82393e-16
 4.02065e-14
 4.61316e-13
 2.73132e-12
 1.60641e-11
 9.53910e-11
 4.43238e-10
 1.56974e-09
 4.47134e-09
 1.07760e-08
 2.26221e-08
 4.23856e-08
 7.25308e-08
 1.15547e-07
 1.73924e-07
 2.50338e-07
 3.47744e-07
 4.69091e-07
 6.16837e-07
 7.92172e-07
 9.93984e-07
 1.21781e-06
 1.45596e-06
 1.69935e-06
 1.94127e-06
 2.14354e-06
 1.18498e-18
 1.01395e-15
 4.28645e-14
 3.70074e-13
 2.73219e-12
 2.57549e-11
 1.80514e-10
 8.38694e-10
 2.86054e-09
 7.75701e-09
 1.75778e-08
 3.46101e-08
 6.11240e-08
 9.95037e-08
 1.52559e-07
 2.23710e-07
 3.17143e-07
 4.37783e-07
 5.90978e-07
 7.81907e-07
 1.01475e-06
 1.29155e-06
 1.61081e-06
 1.96595e-06
 2.34559e-06
 2.73985e-06
 3.09865e-06
 2.69803e-18
 1.27800e-15
 3.61233e-14
 2.87796e-13
 3.77839e-12
 4.86123e-11
 3.32894e-10
 1.45110e-09
 4.61132e-09
 1.15872e-08
 2.43643e-08
 4.49473e-08
 7.55015e-08
 1.18676e-07
 1.77980e-07
 2.58059e-07
 3.64795e-07
 5.05120e-07
 6.86589e-07
 9.16873e-07
 1.20309e-06
 1.55075e-06
 1.96207e-06
 2.43386e-06
 2.95569e-06
 3.51277e-06
 4.07586e-06
 1.29114e-35
 1.66887e-29
 7.43778e-26
 2.83843e-23
 2.34998e-21
 6.84369e-20
 9.60700e-19
 8.02373e-18
 4.57589e-17
 1.95202e-16
 6.62722e-16
 1.86978e-15
 4.52072e-15
 9.57645e-15
 1.80612e-14
 3.06762e-14
 4.72856e-14
 6.65994e-14
 8.58792e-14
 1.01300e-13
 1.07487e-13
 1.01475e-13
 8.40045e-14
 5.81483e-14
 2.99196e-14
 9.61805e-15
 1.93014e-15
 1.87893e-32
 9.74792e-27
 2.79101e-23
 7.70223e-21
 4.85708e-19
 1.11608e-17
 1.27638e-16
 8.94195e-16
 4.39031e-15
 1.65083e-14
 5.04899e-14
 1.30974e-13
 2.96837e-13
 6.00474e-13
 1.10129e-12
 1.85236e-12
 2.88123e-12
 4.16849e-12
 5.63078e-12
 7.15024e-12
 8.59181e-12
 9.46462e-12
 9.45931e-12
 8.68590e-12
 7.16336e-12
 5.08957e-12
 3.03421e-12
 6.08706e-30
 1.31610e-24
 2.47003e-21
 5.01353e-19
 2.45276e-17
 4.54334e-16
 4.33353e-15
 2.60563e-14
 1.12466e-13
 3.79591e-13
 1.06155e-12
 2.56028e-12
 5.47696e-12
 1.06023e-11
 1.88456e-11
 3.10923e-11
 4.79959e-11
 6.97279e-11
 9.57305e-11
 1.24945e-10
 1.54468e-10
 1.82556e-10
 2.05444e-10
 2.13205e-10
 2.04817e-10
 1.85438e-10
 1.58554e-10
 7.74706e-28
 7.30451e-23
 9.19187e-20
 1.39834e-17
 5.41180e-16
 8.24926e-15
 6.69373e-14
 3.51206e-13
 1.35082e-12
 4.13757e-12
 1.06750e-11
 2.41076e-11
 4.89320e-11
 9.09333e-11
 1.56791e-10
 2.53309e-10
 3.86269e-10
 5.59007e-10
 7.70850e-10
 1.01604e-09
 1.28249e-09
 1.56110e-09
 1.81220e-09
 2.02895e-09
 2.14543e-09
 2.12331e-09
 2.03425e-09
 4.86456e-26
 2.11121e-21
 1.82653e-18
 2.12573e-16
 6.63530e-15
 8.47461e-14
 5.92812e-13
 2.73889e-12
 9.44432e-12
 2.63673e-11
 6.30403e-11
 1.33928e-10
 2.59067e-10
 4.63924e-10
 7.78130e-10
 1.23294e-09
 1.85745e-09
 2.67357e-09
 3.69024e-09
 4.89728e-09
 6.26078e-09
 7.72704e-09
 9.25156e-09
 1.06518e-08
 1.17788e-08
 1.25733e-08
 1.28281e-08
 1.70245e-24
 3.62206e-20
 2.21447e-17
 2.01488e-15
 5.15699e-14
 5.59805e-13
 3.37743e-12
 1.37941e-11
 4.25905e-11
 1.08047e-10
 2.39788e-10
 4.82113e-10
 8.95149e-10
 1.55521e-09
 2.55250e-09
 3.98537e-09
 5.95153e-09
 8.53629e-09
 1.17980e-08
 1.57515e-08
 2.03507e-08
 2.54743e-08
 3.09732e-08
 3.65729e-08
 4.19271e-08
 4.63211e-08
 4.97134e-08
 3.58562e-23
 4.01494e-19
 1.78794e-16
 1.29911e-14
 2.75068e-13
 2.54914e-12
 1.29078e-11
 4.48007e-11
 1.22729e-10
 2.88705e-10
 6.09597e-10
 1.18397e-09
 2.14786e-09
 3.67615e-09
 5.97819e-09
 9.28719e-09
 1.38437e-08
 1.98734e-08
 2.75600e-08
 3.70147e-08
 4.82438e-08
 6.11146e-08
 7.53229e-08
 9.04874e-08
 1.06059e-07
 1.21146e-07
 1.34205e-07
 4.80746e-22
 3.05735e-18
 1.02549e-15
 6.07311e-14
 1.01085e-12
 6.80419e-12
 2.78689e-11
 8.59103e-11
 2.23257e-10
 5.16617e-10
 1.09225e-09
 2.14163e-09
 3.93330e-09
 6.81443e-09
 1.12002e-08
 1.75508e-08
 2.63367e-08
 3.79962e-08
 5.28898e-08
 7.12566e-08
 9.31761e-08
 1.18534e-07
 1.46987e-07
 1.77932e-07
 2.10612e-07
 2.44662e-07
 2.77386e-07
 4.30611e-21
 1.67991e-17
 4.39160e-15
 1.96473e-13
 2.09668e-12
 1.09373e-11
 3.95788e-11
 1.18401e-10
 3.15348e-10
 7.65517e-10
 1.70742e-09
 3.51576e-09
 6.71855e-09
 1.19901e-08
 2.01147e-08
 3.19277e-08
 4.82343e-08
 6.97158e-08
 9.68481e-08
 1.29843e-07
 1.68622e-07
 2.12807e-07
 2.61738e-07
 3.14492e-07
 3.69920e-07
 4.27211e-07
 4.85983e-07
 2.69794e-20
 6.95913e-17
 1.43862e-14
 3.71223e-13
 2.81389e-12
 1.27879e-11
 4.66705e-11
 1.53655e-10
 4.60958e-10
 1.23999e-09
 2.97705e-09
 6.42453e-09
 1.26214e-08
 2.28471e-08
 3.85257e-08
 6.11645e-08
 9.20859e-08
 1.32183e-07
 1.81873e-07
 2.41015e-07
 3.08879e-07
 3.84246e-07
 4.65591e-07
 5.50995e-07
 6.37637e-07
 7.23341e-07
 8.08028e-07
 1.23527e-19
 2.27437e-16
 2.94442e-14
 4.71184e-13
 2.91866e-12
 1.34828e-11
 5.90127e-11
 2.37933e-10
 8.15298e-10
 2.34175e-09
 5.76620e-09
 1.25026e-08
 2.44559e-08
 4.37797e-08
 7.25971e-08
 1.12922e-07
 1.66566e-07
 2.35038e-07
 3.19394e-07
 4.19966e-07
 5.35985e-07
 6.65191e-07
 8.03618e-07
 9.46216e-07
 1.08718e-06
 1.22300e-06
 1.34357e-06
 4.30249e-19
 5.82393e-16
 4.02065e-14
 4.61316e-13
 2.73132e-12
 1.60641e-11
 9.53910e-11
 4.43238e-10
 1.56974e-09
 4.47134e-09
 1.07760e-08
 2.26221e-08
 4.23856e-08
 7.25308e-08
 1.15547e-07
 1.73924e-07
 2.50338e-07
 3.47744e-07
 4.69091e-07
 6.16837e-07
 7.92172e-07
 9.93984e-07
 1.21781e-06
 1.45596e-06
 1.69935e-06
 1.94127e-06
 2.14354e-06
 1.18498e-18
 1.01395e-15
 4.28645e-14
 3.70074e-13
 2.73219e-12
 2.57549e-11
 1.80514e-10
 8.38694e-10
 2.86054e-09
 7.75701e-09
 1.75778e-08
 3.46101e-08
 6.11240e-08
 9.95037e-08
 1.52559e-07
 2.23710e-07
 3.17143e-07
 4.37783e-07
 5.90978e-07
 7.81907e-07
 1.01475e-06
 1.29155e-06
 1.61081e-06
 1.96595e-06
 2.34559e-06
 2.73985e-06
 3.09865e-06
 2.69803e-18
 1.27800e-15
 3.61233e-14
 2.87796e-13
 3.77839e-12
 4.86123e-11
 3.32894e-10
 1.45110e-09
 4.61132e-09
 1.15872e-08
 2.43643e-08
 4.49473e-08
 7.55015e-08
 1.18676e-07
 1.77980e-07
 2.58059e-07
 3.64795e-07
 5.05120e-07
 6.86589e-07
 9.16873e-07
 1.20309e-06
 1.55075e-06
 1.96207e-06
 2.43386e-06
 2.95569e-06
 3.51277e-06
 4.07586e-06
part
         2
coordinates
 2.99196e-14
 9.61805e-15
 1.93014e-15
 5.79588e-16
 7.79158e-16
 1.90151e-15
 4.28606e-15
 8.14327e-15
 1.28651e-14
 1.59690e-14
 1.64513e-14
 1.51769e-14
 1.21426e-14
 7.94532e-15
 4.23833e-15
 1.92675e-15
 7.22452e-16
 2.14617e-16
 4.83078e-17
 7.78443e-18
 8.37820e-19
 5.59743e-20
 2.16488e-21
 4.47997e-23
 4.40817e-25
 1.65152e-27
 1.34229e-30
 7.16336e-12
 5.08957e-12
 3.03421e-12
 1.55086e-12
 7.11701e-13
 3.23618e-13
 2.04273e-13
 2.16344e-13
 3.35383e-13
 6.29885e-13
 1.15423e-12
 1.66879e-12
 1.87243e-12
 1.80582e-12
 1.50937e-12
 9.79787e-13
 4.65832e-13
 1.74537e-13
 5.31958e-14
 1.24599e-14
 2.12766e-15
 2.49967e-16
 1.88450e-17
 8.32292e-19
 1.88209e-20
 1.71763e-22
 3.55756e-25
 2.04817e-10
 1.85438e-10
 1.58554e-10
 1.28718e-10
 9.80489e-11
 6.85440e-11
 4.34875e-11
 2.55156e-11
 1.54793e-11
 1.20956e-11
 1.27849e-11
 1.68623e-11
 2.59060e-11
 3.60644e-11
 4.01757e-11
 3.74808e-11
 2.86143e-11
 1.55621e-11
 5.69810e-12
 1.63654e-12
 3.58445e-13
 5.63081e-14
 5.90459e-15
 3.76560e-16
 1.27258e-17
 1.78887e-19
 5.85433e-22
 2.14543e-09
 2.12331e-09
 2.03425e-09
 1.89184e-09
 1.70065e-09
 1.47144e-09
 1.22032e-09
 9.62908e-10
 7.07201e-10
 4.75915e-10
 3.07924e-10
 2.23884e-10
 2.09897e-10
 2.34537e-10
 2.82979e-10
 3.19552e-10
 3.07944e-10
 2.41104e-10
 1.33304e-10
 4.72734e-11
 1.22504e-11
 2.36261e-12
 3.13994e-13
 2.61297e-14
 1.18352e-15
 2.28448e-17
 1.04867e-19
 1.17788e-08
 1.25733e-08
 1.28281e-08
 1.26171e-08
 1.21145e-08
 1.12987e-08
 1.02020e-08
 8.88239e-09
 7.40771e-09
 5.87255e-09
 4.38001e-09
 3.05971e-09
 2.08448e-09
 1.57315e-09
 1.46126e-09
 1.51058e-09
 1.52521e-09
 1.38761e-09
 9.96579e-10
 4.83279e-10
 1.47819e-10
 3.34424e-11
 5.33529e-12
 5.47615e-13
 3.14184e-14
 7.87819e-16
 4.80735e-18
 4.19271e-08
 4.63211e-08
 4.97134e-08
 5.15535e-08
 5.13263e-08
 4.97373e-08
 4.68870e-08
 4.28104e-08
 3.77233e-08
 3.19481e-08
 2.58253e-08
 1.96659e-08
 1.40088e-08
 9.64471e-09
 7.01354e-09
 5.85799e-09
 5.44518e-09
 5.04591e-09
 4.09031e-09
 2.42527e-09
 9.19884e-10
 2.35068e-10
 4.33100e-11
 5.25141e-12
 3.64923e-13
 1.13832e-14
 8.87623e-17
 1.06059e-07
 1.21146e-07
 1.34205e-07
 1.44811e-07
 1.50896e-07
 1.50863e-07
 1.46450e-07
 1.38171e-07
 1.26100e-07
 1.10939e-07
 9.37440e-08
 7.55612e-08
 5.73370e-08
 4.07234e-08
 2.79712e-08
 2.02264e-08
 1.64854e-08
 1.44313e-08
 1.20120e-08
 8.00415e-09
 3.60284e-09
 1.04222e-09
 2.16785e-10
 3.00859e-11
 2.44304e-12
 9.13438e-14
 8.78690e-16
 2.10612e-07
 2.44662e-07
 2.77386e-07
 3.06514e-07
 3.31859e-07
 3.46575e-07
 3.46771e-07
 3.36366e-07
 3.16527e-07
 2.87427e-07
 2.50965e-07
 2.09944e-07
 1.66902e-07
 1.24321e-07
 8.68679e-08
 5.97541e-08
 4.40294e-08
 3.56556e-08
 2.90844e-08
 2.04523e-08
 1.03201e-08
 3.35275e-09
 7.75959e-10
 1.20654e-10
 1.11507e-11
 4.85192e-13
 5.58650e-15
 3.69920e-07
 4.27211e-07
 4.85983e-07
 5.42387e-07
 5.95530e-07
 6.43057e-07
 6.68247e-07
 6.65976e-07
 6.44015e-07
 6.02806e-07
 5.42923e-07
 4.68677e-07
 3.85966e-07
 2.99779e-07
 2.17014e-07
 1.49130e-07
 1.04162e-07
 7.87939e-08
 6.20148e-08
 4.43226e-08
 2.39726e-08
 8.60670e-09
 2.18334e-09
 3.74067e-10
 3.85494e-11
 1.90595e-12
 2.55888e-14
 6.37637e-07
 7.23341e-07
 8.08028e-07
 8.91810e-07
 9.71213e-07
 1.04843e-06
 1.11397e-06
 1.14017e-06
 1.12665e-06
 1.08260e-06
 1.00394e-06
 8.92895e-07
 7.58034e-07
 6.09593e-07
 4.57378e-07
 3.20093e-07
 2.19238e-07
 1.58016e-07
 1.19946e-07
 8.56341e-08
 4.82236e-08
 1.87359e-08
 5.14283e-09
 9.57227e-10
 1.08179e-10
 5.95765e-12
 9.11297e-14
 1.08718e-06
 1.22300e-06
 1.34357e-06
 1.45182e-06
 1.55103e-06
 1.63769e-06
 1.72413e-06
 1.78268e-06
 1.78711e-06
 1.74663e-06
 1.65674e-06
 1.51184e-06
 1.31816e-06
 1.09056e-06
 8.44610e-07
 6.06188e-07
 4.14903e-07
 2.90472e-07
 2.13962e-07
 1.51580e-07
 8.73632e-08
 3.60483e-08
 1.05843e-08
 2.11411e-09
 2.58370e-10
 1.55839e-11
 2.65962e-13
 1.69935e-06
 1.94127e-06
 2.14354e-06
 2.30368e-06
 2.44270e-06
 2.53816e-06
 2.61177e-06
 2.66744e-06
 2.67340e-06
 2.62758e-06
 2.52201e-06
 2.34148e-06
 2.08377e-06
 1.76305e-06
 1.40221e-06
 1.03273e-06
 7.13688e-07
 4.92866e-07
 3.55223e-07
 2.49387e-07
 1.45844e-07
 6.30397e-08
 1.95746e-08
 4.15138e-09
 5.42224e-10
 3.53068e-11
 6.59551e-13
 2.34559e-06
 2.73985e-06
 3.09865e-06
 3.40732e-06
 3.67268e-06
 3.82450e-06
 3.87506e-06
 3.88525e-06
 3.85487e-06
 3.77556e-06
 3.63166e-06
 3.40072e-06
 3.06835e-06
 2.64110e-06
 2.14607e-06
 1.61917e-06
 1.13685e-06
 7.82639e-07
 5.56124e-07
 3.87249e-07
 2.28824e-07
 1.02554e-07
 3.33375e-08
 7.43695e-09
 1.02742e-09
 7.12921e-11
 1.43171e-12
 2.95569e-06
 3.51277e-06
 4.07586e-06
 4.63030e-06
 5.11052e-06
 5.38744e-06
 5.45744e-06
 5.42767e-06
 5.34744e-06
 5.20822e-06
 4.99781e-06
 4.69271e-06
 4.26778e-06
 3.71832e-06
 3.07095e-06
 2.36653e-06
 1.69318e-06
 1.17081e-06
 8.25913e-07
 5.71684e-07
 3.40632e-07
 1.57051e-07
 5.30083e-08
 1.23393e-08
 1.78717e-09
 1.30664e-10
 2.77343e-12
 2.99196e-14
 9.61805e-15
 1.93014e-15
 5.79588e-16
 7.79158e-16
 1.90151e-15
 4.28606e-15
 8.14327e-15
 1.28651e-14
 1.59690e-14
 1.64513e-14
 1.51769e-14
 1.21426e-14
 7.94532e-15
 4.23833e-15
 1.92675e-15
 7.22452e-16
 2.14617e-16
 4.83078e-17
 7.78443e-18
 8.37820e-19
 5.59743e-20
 2.16488e-21
 4.47997e-23
 4.40817e-25
 1.65152e-27
 1.34229e-30
 7.16336e-12
 5.08957e-12
 3.03421e-12
 1.55086e-12
 7.11701e-13
 3.23618e-13
 2.04273e-13
 2.16344e-13
 3.35383e-13
 6.29885e-13
 1.15423e-12
 1.66879e-12
 1.87243e-12
 1.80582e-12
 1.50937e-12
 9.79787e-13
 4.65832e-13
 1.74537e-13
 5.31958e-14
 1.24599e-14
 2.12766e-15
 2.49967e-16
 1.88450e-17
 8.32292e-19
 1.88209e-20
 1.71763e-22
 3.55756e-25
 2.04817e-10
 1.85438e-10
 1.58554e-10
 1.28718e-10
 9.80489e-11
 6.85440e-11
 4.34875e-11
 2.55156e-11
 1.54793e-11
 1.20956e-11
 1.27849e-11
 1.68623e-11
 2.59060e-11
 3.60644e-11
 4.01757e-11
 3.74808e-11
 2.86143e-11
 1.55621e-11
 5.69810e-12
 1.63654e-12
 3.58445e-13
 5.63081e-14
 5.90459e-15
 3.76560e-16
 1.27258e-17
 1.78887e-19
 5.85433e-22
 2.14543e-09
 2.12331e-09
 2.03425e-09
 1.89184e-09
 1.70065e-09
 1.47144e-09
 1.22032e-09
 9.62908e-10
 7.07201e-10
 4.75915e-10
 3.07924e-10
 2.23884e-10
 2.09897e-10
 2.34537e-10
 2.82979e-10
 3.19552e-10
 3.07944e-10
 2.41104e-10
 1.33304e-10
 4.72734e-11
 1.22504e-11
 2.36261e-12
 3.13994e-13
 2.61297e-14
 1.18352e-15
 2.28448e-17
 1.04867e-19
 1.17788e-08
 1.25733e-08
 1.28281e-08
 1.26171e-08
 1.21145e-08
 1.12987e-08
 1.02020e-08
 8.88239e-09
 7.40771e-09
 5.87255e-09
 4.38001e-09
 3.05971e-09
 2.08448e-09
 1.57315e-09
 1.46126e-09
 1.51058e-09
 1.52521e-09
 1.38761e-09
 9.96579e-10
 4.83279e-10
 1.47819e-10
 3.34424e-11
 5.33529e-12
 5.47615e-13
 3.14184e-14
 7.87819e-16
 4.80735e-18
 4.19271e-08
 4.63211e-08
 4.97134e-08
 5.15535e-08
 5.13263e-08
 4.97373e-08
 4.68870e-08
 4.28104e-08
 3.77233e-08
 3.19481e-08
 2.58253e-08
 1.96659e-08
 1.40088e-08
 9.64471e-09
 7.01354e-09
 5.85799e-09
 5.44518e-09
 5.04591e-09
 4.09031e-09
 2.42527e-09
 9.19884e-10
 2.35068e-10
 4.33100e-11
 5.25141e-12
 3.64923e-13
 1.13832e-14
 8.87623e-17
 1.06059e-07
 1.21146e-07
 1.34205e-07
 1.44811e-07
 1.50896e-07
 1.50863e-07
 1.46450e-07
 1.38171e-07
 1.26100e-07
 1.10939e-07
 9.37440e-08
 7.55612e-08
 5.73370e-08
 4.07234e-08
 2.79712e-08
 2.02264e-08
 1.64854e-08
 1.44313e-08
 1.20120e-08
 8.00415e-09
 3.60284e-09
 1.04222e-09
 2.16785e-10
 3.00859e-11
 2.44304e-12
 9.13438e-14
 8.78690e-16
 2.10612e-07
 2.44662e-07
 2.77386e-07
 3.06514e-07
 3.31859e-07
 3.46575e-07
 3.46771e-07
 3.36366e-07
 3.16527e-07
 2.87427e-07
 2.50965e-07
 2.09944e-07
 1.66902e-07
 1.24321e-07
 8.68679e-08
 5.97541e-08
 4.40294e-08
 3.56556e-08
 2.90844e-08
 2.04523e-08
 1.03201e-08
 3.35275e-09
 7.75959e-10
 1.20654e-10
 1.11507e-11
 4.85192e-13
 5.58650e-15
 3.69920e-07
 4.27211e-07
 4.85983e-07
 5.42387e-07
 5.95530e-07
 6.43057e-07
 6.68247e-07
 6.65976e-07
 6.44015e-07
 6.02806e-07
 5.42923e-07
 4.68677e-07
 3.85966e-07
 2.99779e-07
 2.17014e-07
 1.49130e-07
 1.04162e-07
 7.87939e-08
 6.20148e-08
 4.43226e-08
 2.39726e-08
 8.60670e-09
 2.18334e-09
 3.74067e-10
 3.85494e-11
 1.90595e-12
 2.55888e-14
 6.37637e-07
 7.23341e-07
 8.08028e-07
 8.91810e-07
 9.71213e-07
 1.04843e-06
 1.11397e-06
 1.14017e-06
 1.12665e-06
 1.08260e-06
 1.00394e-06
 8.92895e-07
 7.58034e-07
 6.09593e-07
 4.57378e-07
 3.20093e-07
 2.19238e-07
 1.58016e-07
 1.19946e-07
 8.56341e-08
 4.82236e-08
 1.87359e-08
 5.14283e-09
 9.57227e-10
 1.08179e-10
 5.95765e-12
 9.11297e-14
 1.08718e-06
 1.22300e-06
 1.34357e-06
 1.45182e-06
 1.55103e-06
 1.63769e-06
 1.72413e-06
 1.78268e-06
 1.78711e-06
 1.74663e-06
 1.65674e-06
 1.51184e-06
 1.31816e-06
 1.09056e-06
 8.44610e-07
 6.06188e-07
 4.14903e-07
 2.90472e-07
 2.13962e-07
 1.51580e-07
 8.73632e-08
 3.60483e-08
 1.05843e-08
 2.11411e-09
 2.58370e-10
 1.55839e-11
 2.65962e-13
 1.69935e-06
 1.94127e-06
 2.14354e-06
 2.30368e-06
 2.44270e-06
 2.53816e-06
 2.61177e-06
 2.66744e-06
 2.67340e-06
 2.62758e-06
 2.52201e-06
 2.34148e-06
 2.08377e-06
 1.76305e-06
 1.40221e-06
 1.03273e-06
 7.13688e-07
 4.92866e-07
 3.55223e-07
 2.49387e-07
 1.45844e-07
 6.30397e-08
 1.95746e-08
 4.15138e-09
 5.42224e-10
 3.53068e-11
 6.59551e-13
 2.34559e-06
 2.73985e-06
 3.09865e-06
 3.40732e-06
 3.67268e-06
 3.82450e-06
 3.87506e-06
 3.88525e-06
 3.85487e-06
 3.77556e-06
 3.63166e-06
 3.40072e-06
 3.06835e-06
 2.64110e-06
 2.14607e-06
 1.61917e-06
 1.13685e-06
 7.82639e-07
 5.56124e-07
 3.87249e-07
 2.28824e-07
 1.02554e-07
 3.33375e-08
 7.43695e-09
 1.02742e-09
 7.12921e-11
 1.43171e-12
 2.95569e-06
 3.51277e-06
 4.07586e-06
 4.63030e-06
 5.11052e-06
 5.38744e-06
 5.45744e-06
 5.42767e-06
 5.34744e-06
 5.20822e-06
 4.99781e-06
 4.69271e-06
 4.26778e-06
 3.71832e-06
 3.07095e-06
 2.36653e-06
 1.69318e-06
 1.17081e-06
 8.25913e-07
 5.71684e-07
 3.40632e-07
 1.57051e-07
 5.30083e-08
 1.23393e-08
 1.78717e-09
 1.30664e-10
 2.77343e-12
part
         3
coordinates
 4.30249e-19
 5.82393e-16
 4.02065e-14
 4.61316e-13
 2.73132e-12
 1.60641e-11
 9.53910e-11
 4.43238e-10
 1.56974e-09
 4.47134e-09
 1.07760e-08
 2.26221e-08
 4.23856e-08
 7.25308e-08
 1.15547e-07
 1.73924e-07
 2.50338e-07
 3.47744e-07
 4.69091e-07
 6.16837e-07
 7.92172e-07
 9.93984e-07
 1.21781e-06
 1.45596e-06
 1.69935e-06
 1.94127e-06
 2.14354e-06
 1.18498e-18
 1.01395e-15
 4.28645e-14
 3.70074e-13
 2.73219e-12
 2.57549e-11
 1.80514e-10
 8.38694e-10
 2.86054e-09
 7.75701e-09
 1.75778e-08
 3.46101e-08
 6.11240e-08
 9.95037e-08
 1.52559e-07
 2.23710e-07
 3.17143e-07
 4.37783e-07
 5.90978e-07
 7.81907e-07
 1.01475e-06
 1.29155e-06
 1.61081e-06
 1.96595e-06
 2.34559e-06
 2.73985e-06
 3.09865e-06
 2.69803e-18
 1.27800e-15
 3.61233e-14
 2.87796e-13
 3.77839e-12
 4.86123e-11
 3.32894e-10
 1.45110e-09
 4.61132e-09
 1.15872e-08
 2.43643e-08
 4.49473e-08
 7.55015e-08
 1.18676e-07
 1.77980e-07
 2.58059e-07
 3.64795e-07
 5.05120e-07
 6.86589e-07
 9.16873e-07
 1.20309e-06
 1.55075e-06
 1.96207e-06
 2.43386e-06
 2.95569e-06
 3.51277e-06
 4.07586e-06
 4.85696e-18
 1.33757e-15
 2.32311e-14
 2.77769e-13
 7.04146e-12
 8.91411e-11
 5.57473e-10
 2.22327e-09
 6.48188e-09
 1.50528e-08
 2.96622e-08
 5.20687e-08
 8.44591e-08
 1.30006e-07
 1.93236e-07
 2.80149e-07
 3.98118e-07
 5.55488e-07
 7.61317e-07
 1.02538e-06
 1.35801e-06
 1.76923e-06
 2.26672e-06
 2.85264e-06
 3.52057e-06
 4.25403e-06
 5.03661e-06
 6.74164e-18
 1.15753e-15
 1.40879e-14
 4.05122e-13
 1.34480e-11
 1.48584e-10
 8.32922e-10
 3.02184e-09
 8.12743e-09
 1.76623e-08
 3.30258e-08
 5.58352e-08
 8.85736e-08
 1.35174e-07
 2.01246e-07
 2.93805e-07
 4.20803e-07
 5.90908e-07
 8.13912e-07
 1.10148e-06
 1.46754e-06
 1.92786e-06
 2.49780e-06
 3.18761e-06
 3.99671e-06
 4.91546e-06
 5.90716e-06
 7.64911e-18
 7.46615e-16
 1.11345e-14
 8.01091e-13
 2.34615e-11
 2.22706e-10
 1.11712e-09
 3.72561e-09
 9.35631e-09
 1.92234e-08
 3.45333e-08
 5.69633e-08
 8.93410e-08
 1.36491e-07
 2.04791e-07
 3.01366e-07
 4.33733e-07
 6.10118e-07
 8.40705e-07
 1.13879e-06
 1.52172e-06
 2.01086e-06
 2.62962e-06
 3.39937e-06
 4.32906e-06
 5.41241e-06
 6.55776e-06
 7.56651e-18
 3.72087e-16
 1.38515e-14
 1.58624e-12
 3.69817e-11
 3.01793e-10
 1.37408e-09
 4.26406e-09
 1.00887e-08
 1.98160e-08
 3.43244e-08
 5.53447e-08
 8.68613e-08
 1.34703e-07
 2.05058e-07
 3.03640e-07
 4.35910e-07
 6.08513e-07
 8.31444e-07
 1.11993e-06
 1.49656e-06
 1.99134e-06
 2.63698e-06
 3.46316e-06
 4.48500e-06
 5.69577e-06
 6.94183e-06
 6.05595e-18
 1.91684e-16
 2.77370e-14
 2.84646e-12
 5.25904e-11
 3.76623e-10
 1.57937e-09
 4.59889e-09
 1.03510e-08
 1.93031e-08
 3.21303e-08
 5.16028e-08
 8.29387e-08
 1.31590e-07
 2.01461e-07
 2.94454e-07
 4.11496e-07
 5.56604e-07
 7.40656e-07
 9.82623e-07
 1.31023e-06
 1.75992e-06
 2.37408e-06
 3.19271e-06
 4.23733e-06
 5.49820e-06
 6.83674e-06
 3.64442e-18
 1.41442e-16
 6.25642e-14
 4.61712e-12
 6.83163e-11
 4.40342e-10
 1.71800e-09
 4.73834e-09
 1.00091e-08
 1.75945e-08
 2.89280e-08
 4.80549e-08
 7.99403e-08
 1.27514e-07
 1.89586e-07
 2.62963e-07
 3.48077e-07
 4.51668e-07
 5.86109e-07
 7.69924e-07
 1.02822e-06
 1.39304e-06
 1.90419e-06
 2.60511e-06
 3.53100e-06
 4.69656e-06
 6.06520e-06
 1.75962e-18
 2.15116e-16
 1.30284e-13
 6.78092e-12
 8.27865e-11
 4.87282e-10
 1.78869e-09
 4.61566e-09
 9.04631e-09
 1.54353e-08
 2.61438e-08
 4.53395e-08
 7.64117e-08
 1.17610e-07
 1.63643e-07
 2.12800e-07
 2.69476e-07
 3.42034e-07
 4.41022e-07
 5.80151e-07
 7.77969e-07
 1.05826e-06
 1.45028e-06
 1.99042e-06
 2.72317e-06
 3.69711e-06
 4.95502e-06
 7.23154e-19
 5.87786e-16
 2.43748e-13
 9.03153e-12
 9.46825e-11
 5.14975e-10
 1.77668e-09
 4.21014e-09
 7.84404e-09
 1.34946e-08
 2.38406e-08
 4.26473e-08
 7.01345e-08
 1.00309e-07
 1.29725e-07
 1.61549e-07
 2.00214e-07
 2.50851e-07
 3.20650e-07
 4.19486e-07
 5.60593e-07
 7.60422e-07
 1.04007e-06
 1.43026e-06
 1.97679e-06
 2.73988e-06
 3.79511e-06
 3.36636e-19
 1.70492e-15
 4.12600e-13
 1.11305e-11
 1.03038e-10
 5.23990e-10
 1.65426e-09
 3.66729e-09
 6.69875e-09
 1.18141e-08
 2.17729e-08
 3.91101e-08
 6.03876e-08
 7.99365e-08
 9.83118e-08
 1.18657e-07
 1.43593e-07
 1.76722e-07
 2.22758e-07
 2.87877e-07
 3.80213e-07
 5.09066e-07
 6.87249e-07
 9.37062e-07
 1.29638e-06
 1.82857e-06
 2.62689e-06
 7.23322e-19
 4.47761e-15
 6.27888e-13
 1.29307e-11
 1.07717e-10
 5.02550e-10
 1.46118e-09
 3.11493e-09
 5.66865e-09
 1.03297e-08
 1.97517e-08
 3.42055e-08
 4.88464e-08
 6.08592e-08
 7.20079e-08
 8.42720e-08
 9.95692e-08
 1.20093e-07
 1.48461e-07
 1.87887e-07
 2.42458e-07
 3.15844e-07
 4.14037e-07
 5.48857e-07
 7.39458e-07
 1.04380e-06
 1.57035e-06
 4.70663e-18
 1.05663e-14
 8.52782e-13
 1.42563e-11
 1.08598e-10
 4.54074e-10
 1.25371e-09
 2.59991e-09
 4.75189e-09
 9.00748e-09
 1.74886e-08
 2.84855e-08
 3.78775e-08
 4.49935e-08
 5.13821e-08
 5.85706e-08
 6.77139e-08
 7.98274e-08
 9.59983e-08
 1.17418e-07
 1.45541e-07
 1.80970e-07
 2.25526e-07
 2.81965e-07
 3.51607e-07
 4.87018e-07
 8.10581e-07
 2.96681e-17
 2.11719e-14
 1.05467e-12
 1.50346e-11
 1.02792e-10
 3.97486e-10
 1.04815e-09
 2.12729e-09
 3.95011e-09
 7.79208e-09
 1.48749e-08
 2.27746e-08
 2.85462e-08
 3.26043e-08
 3.62504e-08
 4.05721e-08
 4.61054e-08
 5.29502e-08
 6.12560e-08
 7.11442e-08
 8.29871e-08
 9.67818e-08
 1.12646e-07
 1.29665e-07
 1.46469e-07
 2.03552e-07
 4.10234e-07
 4.30249e-19
 5.82393e-16
 4.02065e-14
 4.61316e-13
 2.73132e-12
 1.60641e-11
 9.53910e-11
 4.43238e-10
 1.56974e-09
 4.47134e-09
 1.07760e-08
 2.26221e-08
 4.23856e-08
 7.25308e-08
 1.15547e-07
 1.73924e-07
 2.50338e-07
 3.47744e-07
 4.69091e-07
 6.16837e-07
 7.92172e-07
 9.93984e-07
 1.21781e-06
 1.45596e-06
 1.69935e-06
 1.94127e-06
 2.14354e-06
 1.18498e-18
 1.01395e-15
 4.28645e-14
 3.70074e-13
 2.73219e-12
 2.57549e-11
 1.80514e-10
 8.38694e-10
 2.86054e-09
 7.75701e-09
 1.75778e-08
 3.46101e-08
 6.11240e-08
 9.95037e-08
 1.52559e-07
 2.23710e-07
 3.17143e-07
 4.37783e-07
 5.90978e-07
 7.81907e-07
 1.01475e-06
 1.29155e-06
 1.61081e-06
 1.96595e-06
 2.34559e-06
 2.73985e-06
 3.09865e-06
 2.69803e-18
 1.27800e-15
 3.61233e-14
 2.87796e-13
 3.77839e-12
 4.86123e-11
 3.32894e-10
 1.45110e-09
 4.61132e-09
 1.15872e-08
 2.43643e-08
 4.49473e-08
 7.55015e-08
 1.18676e-07
 1.77980e-07
 2.58059e-07
 3.64795e-07
 5.05120e-07
 6.86589e-07
 9.16873e-07
 1.20309e-06
 1.55075e-06
 1.96207e-06
 2.43386e-06
 2.95569e-06
 3.51277e-06
 4.07586e-06
 4.85696e-18
 1.33757e-15
 2.32311e-14
 2.77769e-13
 7.04146e-12
 8.91411e-11
 5.57473e-10
 2.22327e-09
 6.48188e-09
 1.50528e-08
 2.96622e-08
 5.20687e-08
 8.44591e-08
 1.30006e-07
 1.93236e-07
 2.80149e-07
 3.98118e-07
 5.55488e-07
 7.61317e-07
 1.02538e-06
 1.35801e-06
 1.76923e-06
 2.26672e-06
 2.85264e-06
 3.52057e-06
 4.25403e-06
 5.03661e-06
 6.74164e-18
 1.15753e-15
 1.40879e-14
 4.05122e-13
 1.34480e-11
 1.48584e-10
 8.32922e-10
 3.02184e-09
 8.12743e-09
 1.76623e-08
 3.30258e-08
 5.58352e-08
 8.85736e-08
 1.35174e-07
 2.01246e-07
 2.93805e-07
 4.20803e-07
 5.90908e-07
 8.13912e-07
 1.10148e-06
 1.46754e-06
 1.92786e-06
 2.49780e-06
 3.18761e-06
 3.99671e-06
 4.91546e-06
 5.90716e-06
 7.64911e-18
 7.46615e-16
 1.11345e-14
 8.01091e-13
 2.34615e-11
 2.22706e-10
 1.11712e-09
 3.72561e-09
 9.35631e-09
 1.92234e-08
 3.45333e-08
 5.69633e-08
 8.93410e-08
 1.36491e-07
 2.04791e-07
 3.01366e-07
 4.33733e-07
 6.10118e-07
 8.40705e-07
 1.13879e-06
 1.52172e-06
 2.01086e-06
 2.62962e-06
 3.39937e-06
 4.32906e-06
 5.41241e-06
 6.55776e-06
 7.56651e-18
 3.72087e-16
 1.38515e-14
 1.58624e-12
 3.69817e-11
 3.01793e-10
 1.37408e-09
 4.26406e-09
 1.00887e-08
 1.98160e-08
 3.43244e-08
 5.53447e-08
 8.68613e-08
 1.34703e-07
 2.05058e-07
 3.03640e-07
 4.35910e-07
 6.08513e-07
 8.31444e-07
 1.11993e-06
 1.49656e-06
 1.99134e-06
 2.63698e-06
 3.46316e-06
 4.48500e-06
 5.69577e-06
 6.94183e-06
 6.05595e-18
 1.91684e-16
 2.77370e-14
 2.84646e-12
 5.25904e-11
 3.76623e-10
 1.57937e-09
 4.59889e-09
 1.03510e-08
 1.93031e-08
 3.21303e-08
 5.16028e-08
 8.29387e-08
 1.31590e-07
 2.01461e-07
 2.94454e-07
 4.11496e-07
 5.56604e-07
 7.40656e-07
 9.82623e-07
 1.31023e-06
 1.75992e-06
 2.37408e-06
 3.19271e-06
 4.23733e-06
 5.49820e-06
 6.83674e-06
 3.64442e-18
 1.41442e-16
 6.25642e-14
 4.61712e-12
 6.83163e-11
 4.40342e-10
 1.71800e-09
 4.73834e-09
 1.00091e-08
 1.75945e-08
 2.89280e-08
 4.80549e-08
 7.99403e-08
 1.27514e-07
 1.89586e-07
 2.62963e-07
 3.48077e-07
 4.51668e-07
 5.86109e-07
 7.69924e-07
 1.02822e-06
 1.39304e-06
 1.90419e-06
 2.60511e-06
 3.53100e-06
 4.69656e-06
 6.06520e-06
 1.75962e-18
 2.15116e-16
 1.30284e-13
 6.78092e-12
 8.27865e-11
 4.87282e-10
 1.78869e-09
 4.61566e-09
 9.04631e-09
 1.54353e-08
 2.61438e-08
 4.53395e-08
 7.64117e-08
 1.17610e-07
 1.63643e-07
 2.12800e-07
 2.69476e-07
 3.42034e-07
 4.41022e-07
 5.80151e-07
 7.77969e-07
 1.05826e-06
 1.45028e-06
 1.99042e-06
 2.72317e-06
 3.69711e-06
 4.95502e-06
 7.23154e-19
 5.87786e-16
 2.43748e-13
 9.03153e-12
 9.46825e-11
 5.14975e-10
 1.77668e-09
 4.21014e-09
 7.84404e-09
 1.34946e-08
 2.38406e-08
 4.26473e-08
 7.01345e-08
 1.00309e-07
 1.29725e-07
 1.61549e-07
 2.00214e-07
 2.50851e-07
 3.20650e-07
 4.19486e-07
 5.60593e-07
 7.60422e-07
 1.04007e-06
 1.43026e-06
 1.97679e-06
 2.73988e-06
 3.79511e-06
 3.36636e-19
 1.70492e-15
 4.12600e-13
 1.11305e-11
 1.03038e-10
 5.23990e-10
 1.65426e-09
 3.66729e-09
 6.69875e-09
 1.18141e-08
 2.17729e-08
 3.91101e-08
 6.03876e-08
 7.99365e-08
 9.83118e-08
 1.18657e-07
 1.43593e-07
 1.76722e-07
 2.22758e-07
 2.87877e-07
 3.80213e-07
 5.09066e-07
 6.87249e-07
 9.37062e-07
 1.29638e-06
 1.82857e-06
 2.62689e-06
 7.23322e-19
 4.47761e-15
 6.27888e-13
 1.29307e-11
 1.07717e-10
 5.02550e-10
 1.46118e-09
 3.11493e-09
 5.66865e-09
 1.03297e-08
 1.97517e-08
 3.42055e-08
 4.88464e-08
 6.08592e-08
 7.20079e-08
 8.42720e-08
 9.95692e-08
 1.20093e-07
 1.48461e-07
 1.87887e-07
 2.42458e-07
 3.15844e-07
 4.14037e-07
 5.48857e-07
 7.39458e-07
 1.04380e-06
 1.57035e-06
 4.70663e-18
 1.05663e-14
 8.52782e-13
 1.42563e-11
 1.08598e-10
 4.54074e-10
 1.25371e-09
 2.59991e-09
 4.75189e-09
 9.00748e-09
 1.74886e-08
 2.84855e-08
 3.78775e-08
 4.49935e-08
 5.13821e-08
 5.85706e-08
 6.77139e-08
 7.98274e-08
 9.59983e-08
 1.17418e-07
 1.45541e-07
 1.80970e-07
 2.25526e-07
 2.81965e-07
 3.51607e-07
 4.87018e-07
 8.10581e-07
 2.96681e-17
 2.11719e-14
 1.05467e-12
 1.50346e-11
 1.02792e-10
 3.97486e-10
 1.04815e-09
 2.12729e-09
 3.95011e-09
 7.79208e-09
 1.48749e-08
 2.27746e-08
 2.85462e-08
 3.26043e-08
 3.62504e-08
 4.05721e-08
 4.61054e-08
 5.29502e-08
 6.12560e-08
 7.11442e-08
 8.29871e-08
 9.67818e-08
 1.12646e-07
 1.29665e-07
 1.46469e-07
 2.03552e-07
 4.10234e-07
part
         4
coordinates
 1.69935e-06
 1.94127e-06
 2.14354e-06
 2.30368e-06
 2.44270e-06
 2.53816e-06
 2.61177e-06
 2.66744e-06
 2.67340e-06
 2.62758e-06
 2.52201e-06
 2.34148e-06
 2.08377e-06
 1.76305e-06
 1.40221e-06
 1.03273e-06
 7.13688e-07
 4.92866e-07
 3.55223e-07
 2.49387e-07
 1.45844e-07
 6.30397e-08
 1.95746e-08
 4.15138e-09
 5.42224e-10
 3.53068e-11
 6.59551e-13
 2.34559e-06
 2.73985e-06
 3.09865e-06
 3.40732e-06
 3.67268e-06
 3.82450e-06
 3.87506e-06
 3.88525e-06
 3.85487e-06
 3.77556e-06
 3.63166e-06
 3.40072e-06
 3.06835e-06
 2.64110e-06
 2.14607e-06
 1.61917e-06
 1.13685e-06
 7.82639e-07
 5.56124e-07
 3.87249e-07
 2.28824e-07
 1.02554e-07
 3.33375e-08
 7.43695e-09
 1.02742e-09
 7.12921e-11
 1.43171e-12
 2.95569e-06
 3.51277e-06
 4.07586e-06
 4.63030e-06
 5.11052e-06
 5.38744e-06
 5.45744e-06
 5.42767e-06
 5.34744e-06
 5.20822e-06
 4.99781e-06
 4.69271e-06
 4.26778e-06
 3.71832e-06
 3.07095e-06
 2.36653e-06
 1.69318e-06
 1.17081e-06
 8.25913e-07
 5.71684e-07
 3.40632e-07
 1.57051e-07
 5.30083e-08
 1.23393e-08
 1.78717e-09
 1.30664e-10
 2.77343e-12
 3.52057e-06
 4.25403e-06
 5.03661e-06
 5.83348e-06
 6.49589e-06
 6.88608e-06
 7.02839e-06
 7.02296e-06
 6.93724e-06
 6.77656e-06
 6.52718e-06
 6.16296e-06
 5.64984e-06
 4.97031e-06
 4.15502e-06
 3.25981e-06
 2.37840e-06
 1.66110e-06
 1.16990e-06
 8.06957e-07
 4.84338e-07
 2.28383e-07
 7.95070e-08
 1.91834e-08
 2.89077e-09
 2.20419e-10
 4.86286e-12
 3.99671e-06
 4.91546e-06
 5.90716e-06
 6.86098e-06
 7.59466e-06
 8.03245e-06
 8.24822e-06
 8.30410e-06
 8.25443e-06
 8.12868e-06
 7.90404e-06
 7.54906e-06
 7.02144e-06
 6.28599e-06
 5.35045e-06
 4.28002e-06
 3.18728e-06
 2.25562e-06
 1.59248e-06
 1.09673e-06
 6.62438e-07
 3.17984e-07
 1.13545e-07
 2.82296e-08
 4.39531e-09
 3.46087e-10
 7.80144e-12
 4.32906e-06
 5.41241e-06
 6.55776e-06
 7.58091e-06
 8.33534e-06
 8.80308e-06
 9.06857e-06
 9.17121e-06
 9.15485e-06
 9.07080e-06
 8.89802e-06
 8.60230e-06
 8.13587e-06
 7.44892e-06
 6.51501e-06
 5.36710e-06
 4.10666e-06
 2.95609e-06
 2.09518e-06
 1.44240e-06
 8.75764e-07
 4.26333e-07
 1.55420e-07
 3.96127e-08
 6.33199e-09
 5.09910e-10
 1.15358e-11
 4.48500e-06
 5.69577e-06
 6.94183e-06
 7.98908e-06
 8.74678e-06
 9.23577e-06
 9.52872e-06
 9.66923e-06
 9.69043e-06
 9.64550e-06
 9.53281e-06
 9.31476e-06
 8.93947e-06
 8.34922e-06
 7.50545e-06
 6.40681e-06
 5.09260e-06
 3.75892e-06
 2.67778e-06
 1.84389e-06
 1.12381e-06
 5.53016e-07
 2.04996e-07
 5.33167e-08
 8.69641e-09
 7.09195e-10
 1.58182e-11
 4.23733e-06
 5.49820e-06
 6.83674e-06
 7.98801e-06
 8.81626e-06
 9.35484e-06
 9.67984e-06
 9.85739e-06
 9.92484e-06
 9.92246e-06
 9.86786e-06
 9.73325e-06
 9.46392e-06
 8.99461e-06
 8.27467e-06
 7.29010e-06
 6.04265e-06
 4.62524e-06
 3.33747e-06
 2.29994e-06
 1.40502e-06
 6.96780e-07
 2.61680e-07
 6.91535e-08
 1.14400e-08
 9.34874e-10
 2.01658e-11
 3.53100e-06
 4.69656e-06
 6.06520e-06
 7.43185e-06
 8.51230e-06
 9.21809e-06
 9.63541e-06
 9.86397e-06
 9.97277e-06
 1.00067e-05
 9.99253e-06
 9.92173e-06
 9.74523e-06
 9.39479e-06
 8.80638e-06
 7.95121e-06
 6.83245e-06
 5.47041e-06
 4.06351e-06
 2.81009e-06
 1.71750e-06
 8.55657e-07
 3.24423e-07
 8.67508e-08
 1.44646e-08
 1.17123e-09
 2.38834e-11
 2.72317e-06
 3.69711e-06
 4.95502e-06
 6.42813e-06
 7.80728e-06
 8.80295e-06
 9.40751e-06
 9.74265e-06
 9.91504e-06
 9.99207e-06
 1.00074e-05
 9.96911e-06
 9.84633e-06
 9.57884e-06
 9.10356e-06
 8.38322e-06
 7.41975e-06
 6.21330e-06
 4.81051e-06
 3.37301e-06
 2.06072e-06
 1.02702e-06
 3.91717e-07
 1.05602e-07
 1.76849e-08
 1.40606e-09
 2.58917e-11
 1.97679e-06
 2.73988e-06
 3.79511e-06
 5.17781e-06
 6.71923e-06
 8.03486e-06
 8.91263e-06
 9.43367e-06
 9.72995e-06
 9.89317e-06
 9.96057e-06
 9.94968e-06
 9.85173e-06
 9.62065e-06
 9.21826e-06
 8.62356e-06
 7.83008e-06
 6.81539e-06
 5.51960e-06
 3.97935e-06
 2.43425e-06
 1.20730e-06
 4.61669e-07
 1.25023e-07
 2.08832e-08
 1.61896e-09
 2.55909e-11
 1.29638e-06
 1.82857e-06
 2.62689e-06
 3.79038e-06
 5.31665e-06
 6.88663e-06
 8.09513e-06
 8.87365e-06
 9.35955e-06
 9.66588e-06
 9.83370e-06
 9.87598e-06
 9.80539e-06
 9.59594e-06
 9.22965e-06
 8.73134e-06
 8.10646e-06
 7.28578e-06
 6.14110e-06
 4.58670e-06
 2.83451e-06
 1.39383e-06
 5.32869e-07
 1.43841e-07
 2.36215e-08
 1.71745e-09
 2.28138e-11
 7.39458e-07
 1.04380e-06
 1.57035e-06
 2.44843e-06
 3.77013e-06
 5.41648e-06
 6.94377e-06
 8.04135e-06
 8.77647e-06
 9.28101e-06
 9.59925e-06
 9.72880e-06
 9.70114e-06
 9.52235e-06
 9.18914e-06
 8.77336e-06
 8.30119e-06
 7.65743e-06
 6.65228e-06
 5.13632e-06
 3.23919e-06
 1.58316e-06
 6.01802e-07
 1.62542e-07
 2.61226e-08
 1.68169e-09
 1.76661e-11
 3.51607e-07
 4.87018e-07
 8.10581e-07
 1.44188e-06
 2.46597e-06
 3.90536e-06
 5.52913e-06
 6.93691e-06
 7.97145e-06
 8.72408e-06
 9.23826e-06
 9.49066e-06
 9.52491e-06
 9.38807e-06
 9.10625e-06
 8.77823e-06
 8.44128e-06
 7.95335e-06
 7.06974e-06
 5.58114e-06
 3.57656e-06
 1.75427e-06
 6.64353e-07
 1.78439e-07
 2.74897e-08
 1.54575e-09
 1.08968e-11
 1.46469e-07
 2.03552e-07
 4.10234e-07
 8.64219e-07
 1.62318e-06
 2.72541e-06
 4.13873e-06
 5.65048e-06
 6.97522e-06
 8.01624e-06
 8.75689e-06
 9.15776e-06
 9.27400e-06
 9.19650e-06
 8.98874e-06
 8.75283e-06
 8.52439e-06
 8.14457e-06
 7.34115e-06
 5.87045e-06
 3.81939e-06
 1.90490e-06
 7.19980e-07
 1.88253e-07
 2.71614e-08
 1.30697e-09
 4.65234e-12
 1.69935e-06
 1.94127e-06
 2.14354e-06
 2.30368e-06
 2.44270e-06
 2.53816e-06
 2.61177e-06
 2.66744e-06
 2.67340e-06
 2.62758e-06
 2.52201e-06
 2.34148e-06
 2.08377e-06
 1.76305e-06
 1.40221e-06
 1.03273e-06
 7.13688e-07
 4.92866e-07
 3.55223e-07
 2.49387e-07
 1.45844e-07
 6.30397e-08
 1.95746e-08
 4.15138e-09
 5.42224e-10
 3.53068e-11
 6.59551e-13
 2.34559e-06
 2.73985e-06
 3.09865e-06
 3.40732e-06
 3.67268e-06
 3.82450e-06
 3.87506e-06
 3.88525e-06
 3.85487e-06
 3.77556e-06
 3.63166e-06
 3.40072e-06
 3.06835e-06
 2.64110e-06
 2.14607e-06
 1.61917e-06
 1.13685e-06
 7.82639e-07
 5.56124e-07
 3.87249e-07
 2.28824e-07
 1.02554e-07
 3.33375e-08
 7.43695e-09
 1.02742e-09
 7.12921e-11
 1.43171e-12
 2.95569e-06
 3.51277e-06
 4.07586e-06
 4.63030e-06
 5.11052e-06
 5.38744e-06
 5.45744e-06
 5.42767e-06
 5.34744e-06
 5.20822e-06
 4.99781e-06
 4.69271e-06
 4.26778e-06
 3.71832e-06
 3.07095e-06
 2.36653e-06
 1.69318e-06
 1.17081e-06
 8.25913e-07
 5.71684e-07
 3.40632e-07
 1.57051e-07
 5.30083e-08
 1.23393e-08
 1.78717e-09
 1.30664e-10
 2.77343e-12
 3.52057e-06
 4.25403e-06
 5.03661e-06
 5.83348e-06
 6.49589e-06
 6.88608e-06
 7.02839e-06
 7.02296e-06
 6.93724e-06
 6.77656e-06
 6.52718e-06
 6.16296e-06
 5.64984e-06
 4.97031e-06
 4.15502e-06
 3.25981e-06
 2.37840e-06
 1.66110e-06
 1.16990e-06
 8.06957e-07
 4.84338e-07
 2.28383e-07
 7.95070e-08
 1.91834e-08
 2.89077e-09
 2.20419e-10
 4.86286e-12
 3.99671e-06
 4.91546e-06
 5.90716e-06
 6.86098e-06
 7.59466e-06
 8.03245e-06
 8.24822e-06
 8.30410e-06
 8.25443e-06
 8.12868e-06
 7.90404e-06
 7.54906e-06
 7.02144e-06
 6.28599e-06
 5.35045e-06
 4.28002e-06
 3.18728e-06
 2.25562e-06
 1.59248e-06
 1.09673e-06
 6.62438e-07
 3.17984e-07
 1.13545e-07
 2.82296e-08
 4.39531e-09
 3.46087e-10
 7.80144e-12
 4.32906e-06
 5.41241e-06
 6.55776e-06
 7.58091e-06
 8.33534e-06
 8.80308e-06
 9.06857e-06
 9.17121e-06
 9.15485e-06
 9.07080e-06
 8.89802e-06
 8.60230e-06
 8.13587e-06
 7.44892e-06
 6.51501e-06
 5.36710e-06
 4.10666e-06
 2.95609e-06
 2.09518e-06
 1.44240e-06
 8.75764e-07
 4.26333e-07
 1.55420e-07
 3.96127e-08
 6.33199e-09
 5.09910e-10
 1.15358e-11
 4.48500e-06
 5.69577e-06
 6.94183e-06
 7.98908e-06
 8.74678e-06
 9.23577e-06
 9.52872e-06
 9.66923e-06
 9.69043e-06
 9.64550e-06
 9.53281e-06
 9.31476e-06
 8.93947e-06
 8.34922e-06
 7.50545e-06
 6.40681e-06
 5.09260e-06
 3.75892e-06
 2.67778e-06
 1.84389e-06
 1.12381e-06
 5.53016e-07
 2.04996e-07
 5.33167e-08
 8.69641e-09
 7.09195e-10
 1.58182e-11
 4.23733e-06
 5.49820e-06
 6.83674e-06
 7.98801e-06
 8.81626e-06
 9.35484e-06
 9.67984e-06
 9.85739e-06
 9.92484e-06
 9.92246e-06
 9.86786e-06
 9.73325e-06
 9.46392e-06
 8.99461e-06
 8.27467e-06
 7.29010e-06
 6.04265e-06
 4.62524e-06
 3.33747e-06
 2.29994e-06
 1.40502e-06
 6.96780e-07
 2.61680e-07
 6.91535e-08
 1.14400e-08
 9.34874e-10
 2.01658e-11
 3.53100e-06
 4.69656e-06
 6.06520e-06
 7.43185e-06
 8.51230e-06
 9.21809e-06
 9.63541e-06
 9.86397e-06
 9.97277e-06
 1.00067e-05
 9.99253e-06
 9.92173e-06
 9.74523e-06
 9.39479e-06
 8.80638e-06
 7.95121e-06
 6.83245e-06
 5.47041e-06
 4.06351e-06
 2.81009e-06
 1.71750e-06
 8.55657e-07
 3.24423e-07
 8.67508e-08
 1.44646e-08
 1.17123e-09
 2.38834e-11
 2.72317e-06
 3.69711e-06
 4.95502e-06
 6.42813e-06
 7.80728e-06
 8.80295e-06
 9.40751e-06
 9.74265e-06
 9.91504e-06
 9.99207e-06
 1.00074e-05
 9.96911e-06
 9.84633e-06
 9.57884e-06
 9.10356e-06
 8.38322e-06
 7.41975e-06
 6.21330e-06
 4.81051e-06
 3.37301e-06
 2.06072e-06
 1.02702e-06
 3.91717e-07
 1.05602e-07
 1.76849e-08
 1.40606e-09
 2.58917e-11
 1.97679e-06
 2.73988e-06
 3.79511e-06
 5.17781e-06
 6.71923e-06
 8.03486e-06
 8.91263e-06
 9.43367e-06
 9.72995e-06
 9.89317e-06
 9.96057e-06
 9.94968e-06
 9.85173e-06
 9.62065e-06
 9.21826e-06
 8.62356e-06
 7.83008e-06
 6.81539e-06
 5.51960e-06
 3.97935e-06
 2.43425e-06
 1.20730e-06
 4.61669e-07
 1.25023e-07
 2.08832e-08
 1.61896e-09
 2.55909e-11
 1.29638e-06
 1.82857e-06
 2.62689e-06
 3.79038e-06
 5.31665e-06
 6.88663e-06
 8.09513e-06
 8.87365e-06
 9.35955e-06
 9.66588e-06
 9.83370e-06
 9.87598e-06
 9.80539e-06
 9.59594e-06
 9.22965e-06
 8.73134e-06
 8.10646e-06
 7.28578e-06
 6.14110e-06
 4.58670e-06
 2.83451e-06
 1.39383e-06
 5.32869e-07
 1.43841e-07
 2.36215e-08
 1.71745e-09
 2.28138e-11
 7.39458e-07
 1.04380e-06
 1.57035e-06
 2.44843e-06
 3.77013e-06
 5.41648e-06
 6.94377e-06
 8.04135e-06
 8.77647e-06
 9.28101e-06
 9.59925e-06
 9.72880e-06
 9.70114e-06
 9.52235e-06
 9.18914e-06
 8.77336e-06
 8.30119e-06
 7.65743e-06
 6.65228e-06
 5.13632e-06
 3.23919e-06
 1.58316e-06
 6.01802e-07
 1.62542e-07
 2.61226e-08
 1.68169e-09
 1.76661e-11
 3.51607e-07
 4.87018e-07
 8.10581e-07
 1.44188e-06
 2.46597e-06
 3.90536e-06
 5.52913e-06
 6.93691e-06
 7.97145e-06
 8.72408e-06
 9.23826e-06
 9.49066e-06
 9.52491e-06
 9.38807e-06
 9.10625e-06
 8.77823e-06
 8.44128e-06
 7.95335e-06
 7.06974e-06
 5.58114e-06
 3.57656e-06
 1.75427e-06
 6.64353e-07
 1.78439e-07
 2.74897e-08
 1.54575e-09
 1.08968e-11
 1.46469e-07
 2.03552e-07
 4.10234e-07
 8.64219e-07
 1.62318e-06
 2.72541e-06
 4.13873e-06
 5.65048e-06
 6.97522e-06
 8.01624e-06
 8.75689e-06
 9.15776e-06
 9.27400e-06
 9.19650e-06
 8.98874e-06
 8.75283e-06
 8.52439e-06
 8.14457e-06
 7.34115e-06
 5.87045e-06
 3.81939e-06
 1.90490e-06
 7.19980e-07
 1.88253e-07
 2.71614e-08
 1.30697e-09
 4.65234e-12
part
         5
coordinates
 7.23322e-19
 4.47761e-15
 6.27888e-13
 1.29307e-11
 1.07717e-10
 5.02550e-10
 1.46118e-09
 3.11493e-09
 5.66865e-09
 1.03297e-08
 1.97517e-08
 3.42055e-08
 4.88464e-08
 6.08592e-08
 7.20079e-08
 8.42720e-08
 9.95692e-08
 1.20093e-07
 1.48461e-07
 1.87887e-07
 2.42458e-07
 3.15844e-07
 4.14037e-07
 5.48857e-07
 7.39458e-07
 1.04380e-06
 1.57035e-06
 4.70663e-18
 1.05663e-14
 8.52782e-13
 1.42563e-11
 1.08598e-10
 4.54074e-10
 1.25371e-09
 2.59991e-09
 4.75189e-09
 9.00748e-09
 1.74886e-08
 2.84855e-08
 3.78775e-08
 4.49935e-08
 5.13821e-08
 5.85706e-08
 6.77139e-08
 7.98274e-08
 9.59983e-08
 1.17418e-07
 1.45541e-07
 1.80970e-07
 2.25526e-07
 2.81965e-07
 3.51607e-07
 4.87018e-07
 8.10581e-07
 2.96681e-17
 2.11719e-14
 1.05467e-12
 1.50346e-11
 1.02792e-10
 3.97486e-10
 1.04815e-09
 2.12729e-09
 3.95011e-09
 7.79208e-09
 1.48749e-08
 2.27746e-08
 2.85462e-08
 3.26043e-08
 3.62504e-08
 4.05721e-08
 4.61054e-08
 5.29502e-08
 6.12560e-08
 7.11442e-08
 8.29871e-08
 9.67818e-08
 1.12646e-07
 1.29665e-07
 1.46469e-07
 2.03552e-07
 4.10234e-07
 1.05884e-16
 3.31367e-14
 1.20058e-12
 1.51178e-11
 9.10519e-11
 3.35746e-10
 8.53678e-10
 1.70676e-09
 3.24301e-09
 6.60754e-09
 1.21683e-08
 1.75780e-08
 2.10906e-08
 2.34526e-08
 2.56829e-08
 2.85864e-08
 3.22137e-08
 3.60038e-08
 3.97070e-08
 4.32058e-08
 4.68864e-08
 5.11649e-08
 5.60731e-08
 6.17060e-08
 7.15386e-08
 1.10909e-07
 2.54574e-07
 2.24387e-16
 4.20487e-14
 1.26110e-12
 1.38577e-11
 7.74630e-11
 2.73675e-10
 6.75750e-10
 1.34223e-09
 2.61242e-09
 5.42294e-09
 9.62662e-09
 1.32771e-08
 1.55122e-08
 1.70663e-08
 1.86911e-08
 2.10719e-08
 2.39274e-08
 2.62674e-08
 2.77874e-08
 2.85932e-08
 2.93181e-08
 3.06678e-08
 3.31332e-08
 3.81375e-08
 5.05880e-08
 8.83573e-08
 1.97364e-07
 3.39720e-16
 4.65701e-14
 1.20105e-12
 1.17322e-11
 6.34229e-11
 2.16459e-10
 5.20918e-10
 1.03200e-09
 2.04981e-09
 4.28157e-09
 7.38453e-09
 9.91787e-09
 1.15248e-08
 1.27788e-08
 1.42537e-08
 1.66318e-08
 1.94759e-08
 2.14873e-08
 2.23527e-08
 2.24811e-08
 2.25936e-08
 2.34702e-08
 2.59450e-08
 3.19319e-08
 4.68073e-08
 8.52148e-08
 1.77009e-07
 4.17180e-16
 4.63893e-14
 1.03266e-12
 9.61322e-12
 5.00197e-11
 1.65656e-10
 3.90794e-10
 7.73508e-10
 1.55846e-09
 3.24909e-09
 5.52066e-09
 7.39965e-09
 8.75074e-09
 9.97456e-09
 1.15500e-08
 1.42241e-08
 1.75102e-08
 1.97892e-08
 2.06703e-08
 2.08213e-08
 2.10161e-08
 2.21965e-08
 2.57503e-08
 3.43314e-08
 5.38118e-08
 9.66009e-08
 1.83509e-07
 4.40315e-16
 4.11546e-14
 8.34850e-13
 7.51393e-12
 3.79504e-11
 1.22746e-10
 2.85033e-10
 5.63371e-10
 1.14419e-09
 2.37108e-09
 4.04180e-09
 5.55385e-09
 6.83311e-09
 8.16415e-09
 9.98592e-09
 1.31033e-08
 1.70158e-08
 1.98958e-08
 2.12558e-08
 2.18602e-08
 2.26328e-08
 2.51008e-08
 3.15018e-08
 4.50321e-08
 7.15287e-08
 1.21907e-07
 2.12366e-07
 4.07177e-16
 3.30856e-14
 6.43695e-13
 5.60618e-12
 2.76900e-11
 8.80258e-11
 2.01818e-10
 3.97592e-10
 8.10351e-10
 1.67121e-09
 2.91241e-09
 4.20099e-09
 5.48270e-09
 6.99031e-09
 9.14746e-09
 1.27636e-08
 1.77439e-08
 2.22253e-08
 2.50973e-08
 2.69937e-08
 2.91632e-08
 3.40870e-08
 4.49671e-08
 6.50959e-08
 1.00060e-07
 1.60204e-07
 2.58884e-07
 3.34104e-16
 2.49776e-14
 4.67793e-13
 3.98659e-12
 1.94205e-11
 6.10361e-11
 1.38459e-10
 2.71268e-10
 5.54119e-10
 1.14697e-09
 2.07313e-09
 3.18971e-09
 4.49117e-09
 6.20075e-09
 8.74202e-09
 1.29663e-08
 1.97738e-08
 2.76907e-08
 3.39419e-08
 3.84008e-08
 4.29088e-08
 5.09890e-08
 6.71205e-08
 9.48415e-08
 1.39526e-07
 2.11343e-07
 3.21792e-07
 2.47886e-16
 1.75291e-14
 3.20101e-13
 2.69881e-12
 1.30742e-11
 4.08497e-11
 9.18378e-11
 1.78538e-10
 3.66047e-10
 7.70589e-10
 1.45733e-09
 2.41600e-09
 3.72153e-09
 5.61783e-09
 8.56571e-09
 1.35596e-08
 2.22283e-08
 3.46208e-08
 4.72585e-08
 5.73325e-08
 6.59214e-08
 7.78880e-08
 9.94678e-08
 1.35174e-07
 1.90079e-07
 2.74220e-07
 3.97976e-07
 1.66766e-16
 1.13850e-14
 2.05794e-13
 1.73509e-12
 8.42747e-12
 2.63229e-11
 5.87368e-11
 1.13023e-10
 2.32993e-10
 5.04452e-10
 1.00695e-09
 1.81409e-09
 3.08571e-09
 5.12222e-09
 8.45399e-09
 1.42011e-08
 2.42818e-08
 4.04203e-08
 6.12204e-08
 8.20201e-08
 1.00281e-07
 1.18675e-07
 1.44841e-07
 1.87925e-07
 2.53091e-07
 3.49085e-07
 4.85759e-07
 1.01301e-16
 6.82101e-15
 1.23820e-13
 1.05515e-12
 5.18162e-12
 1.62756e-11
 3.61032e-11
 6.85324e-11
 1.42022e-10
 3.18733e-10
 6.78173e-10
 1.33784e-09
 2.52732e-09
 4.63524e-09
 8.27200e-09
 1.45778e-08
 2.57062e-08
 4.43446e-08
 7.17154e-08
 1.05249e-07
 1.40204e-07
 1.73809e-07
 2.09458e-07
 2.58032e-07
 3.31822e-07
 4.40317e-07
 5.88686e-07
 5.52492e-17
 3.74759e-15
 6.92879e-14
 6.03298e-13
 3.02240e-12
 9.61118e-12
 2.12336e-11
 3.95847e-11
 8.21983e-11
 1.92227e-10
 4.39682e-10
 9.55334e-10
 2.01056e-09
 4.08796e-09
 7.89129e-09
 1.45603e-08
 2.62859e-08
 4.63207e-08
 7.74717e-08
 1.20415e-07
 1.72602e-07
 2.29756e-07
 2.88931e-07
 3.53387e-07
 4.36396e-07
 5.54803e-07
 7.15335e-07
 2.68433e-17
 1.87210e-15
 3.57625e-14
 3.21876e-13
 1.66197e-12
 5.39548e-12
 1.19002e-11
 2.16737e-11
 4.47750e-11
 1.09320e-10
 2.70410e-10
 6.48883e-10
 1.51861e-09
 3.41588e-09
 7.14367e-09
 1.38461e-08
 2.55535e-08
 4.57503e-08
 7.84833e-08
 1.26308e-07
 1.89436e-07
 2.66621e-07
 3.55938e-07
 4.55629e-07
 5.68157e-07
 7.07190e-07
 8.83945e-07
 1.14723e-17
 8.39489e-16
 1.68190e-14
 1.58476e-13
 8.53624e-13
 2.86008e-12
 6.31661e-12
 1.11789e-11
 2.26917e-11
 5.76597e-11
 1.54622e-10
 4.09340e-10
 1.05860e-09
 2.61427e-09
 5.95485e-09
 1.22478e-08
 2.31747e-08
 4.18178e-08
 7.28356e-08
 1.20655e-07
 1.87884e-07
 2.75634e-07
 3.84318e-07
 5.14052e-07
 6.65415e-07
 8.43989e-07
 1.05428e-06
 7.23322e-19
 4.47761e-15
 6.27888e-13
 1.29307e-11
 1.07717e-10
 5.02550e-10
 1.46118e-09
 3.11493e-09
 5.66865e-09
 1.03297e-08
 1.97517e-08
 3.42055e-08
 4.88464e-08
 6.08592e-08
 7.20079e-08
 8.42720e-08
 9.95692e-08
 1.20093e-07
 1.48461e-07
 1.87887e-07
 2.42458e-07
 3.15844e-07
 4.14037e-07
 5.48857e-07
 7.39458e-07
 1.04380e-06
 1.57035e-06
 4.70663e-18
 1.05663e-14
 8.52782e-13
 1.42563e-11
 1.08598e-10
 4.54074e-10
 1.25371e-09
 2.59991e-09
 4.75189e-09
 9.00748e-09
 1.74886e-08
 2.84855e-08
 3.78775e-08
 4.49935e-08
 5.13821e-08
 5.85706e-08
 6.77139e-08
 7.98274e-08
 9.59983e-08
 1.17418e-07
 1.45541e-07
 1.80970e-07
 2.25526e-07
 2.81965e-07
 3.51607e-07
 4.87018e-07
 8.10581e-07
 2.96681e-17
 2.11719e-14
 1.05467e-12
 1.50346e-11
 1.02792e-10
 3.97486e-10
 1.04815e-09
 2.12729e-09
 3.95011e-09
 7.79208e-09
 1.48749e-08
 2.27746e-08
 2.85462e-08
 3.26043e-08
 3.62504e-08
 4.05721e-08
 4.61054e-08
 5.29502e-08
 6.12560e-08
 7.11442e-08
 8.29871e-08
 9.67818e-08
 1.12646e-07
 1.29665e-07
 1.46469e-07
 2.03552e-07
 4.10234e-07
 1.05884e-16
 3.31367e-14
 1.20058e-12
 1.51178e-11
 9.10519e-11
 3.35746e-10
 8.53678e-10
 1.70676e-09
 3.24301e-09
 6.60754e-09
 1.21683e-08
 1.75780e-08
 2.10906e-08
 2.34526e-08
 2.56829e-08
 2.85864e-08
 3.22137e-08
 3.60038e-08
 3.97070e-08
 4.32058e-08
 4.68864e-08
 5.11649e-08
 5.60731e-08
 6.17060e-08
 7.15386e-08
 1.10909e-07
 2.54574e-07
 2.24387e-16
 4.20487e-14
 1.26110e-12
 1.38577e-11
 7.74630e-11
 2.73675e-10
 6.75750e-10
 1.34223e-09
 2.61242e-09
 5.42294e-09
 9.62662e-09
 1.32771e-08
 1.55122e-08
 1.70663e-08
 1.86911e-08
 2.10719e-08
 2.39274e-08
 2.62674e-08
 2.77874e-08
 2.85932e-08
 2.93181e-08
 3.06678e-08
 3.31332e-08
 3.81375e-08
 5.05880e-08
 8.83573e-08
 1.97364e-07
 3.39720e-16
 4.65701e-14
 1.20105e-12
 1.17322e-11
 6.34229e-11
 2.16459e-10
 5.20918e-10
 1.03200e-09
 2.04981e-09
 4.28157e-09
 7.38453e-09
 9.91787e-09
 1.15248e-08
 1.27788e-08
 1.42537e-08
 1.66318e-08
 1.94759e-08
 2.14873e-08
 2.23527e-08
 2.24811e-08
 2.25936e-08
 2.34702e-08
 2.59450e-08
 3.19319e-08
 4.68073e-08
 8.52148e-08
 1.77009e-07
 4.17180e-16
 4.63893e-14
 1.03266e-12
 9.61322e-12
 5.00197e-11
 1.65656e-10
 3.90794e-10
 7.73508e-10
 1.55846e-09
 3.24909e-09
 5.52066e-09
 7.39965e-09
 8.75074e-09
 9.97456e-09
 1.15500e-08
 1.42241e-08
 1.75102e-08
 1.97892e-08
 2.06703e-08
 2.08213e-08
 2.10161e-08
 2.21965e-08
 2.57503e-08
 3.43314e-08
 5.38118e-08
 9.66009e-08
 1.83509e-07
 4.40315e-16
 4.11546e-14
 8.34850e-13
 7.51393e-12
 3.79504e-11
 1.22746e-10
 2.85033e-10
 5.63371e-10
 1.14419e-09
 2.37108e-09
 4.04180e-09
 5.55385e-09
 6.83311e-09
 8.16415e-09
 9.98592e-09
 1.31033e-08
 1.70158e-08
 1.98958e-08
 2.12558e-08
 2.18602e-08
 2.26328e-08
 2.51008e-08
 3.15018e-08
 4.50321e-08
 7.15287e-08
 1.21907e-07
 2.12366e-07
 4.07177e-16
 3.30856e-14
 6.43695e-13
 5.60618e-12
 2.76900e-11
 8.80258e-11
 2.01818e-10
 3.97592e-10
 8.10351e-10
 1.67121e-09
 2.91241e-09
 4.20099e-09
 5.48270e-09
 6.99031e-09
 9.14746e-09
 1.27636e-08
 1.77439e-08
 2.22253e-08
 2.50973e-08
 2.69937e-08
 2.91632e-08
 3.40870e-08
 4.49671e-08
 6.50959e-08
 1.00060e-07
 1.60204e-07
 2.58884e-07
 3.34104e-16
 2.49776e-14
 4.67793e-13
 3.98659e-12
 1.94205e-11
 6.10361e-11
 1.38459e-10
 2.71268e-10
 5.54119e-10
 1.14697e-09
 2.07313e-09
 3.18971e-09
 4.49117e-09
 6.20075e-09
 8.74202e-09
 1.29663e-08
 1.97738e-08
 2.76907e-08
 3.39419e-08
 3.84008e-08
 4.29088e-08
 5.09890e-08
 6.71205e-08
 9.48415e-08
 1.39526e-07
 2.11343e-07
 3.21792e-07
 2.47886e-16
 1.75291e-14
 3.20101e-13
 2.69881e-12
 1.30742e-11
 4.08497e-11
 9.18378e-11
 1.78538e-10
 3.66047e-10
 7.70589e-10
 1.45733e-09
 2.41600e-09
 3.72153e-09
 5.61783e-09
 8.56571e-09
 1.35596e-08
 2.22283e-08
 3.46208e-08
 4.72585e-08
 5.73325e-08
 6.59214e-08
 7.78880e-08
 9.94678e-08
 1.35174e-07
 1.90079e-07
 2.74220e-07
 3.97976e-07
 1.66766e-16
 1.13850e-14
 2.05794e-13
 1.73509e-12
 8.42747e-12
 2.63229e-11
 5.87368e-11
 1.13023e-10
 2.32993e-10
 5.04452e-10
 1.00695e-09
 1.81409e-09
 3.08571e-09
 5.12222e-09
 8.45399e-09
 1.42011e-08
 2.42818e-08
 4.04203e-08
 6.12204e-08
 8.20201e-08
 1.00281e-07
 1.18675e-07
 1.44841e-07
 1.87925e-07
 2.53091e-07
 3.49085e-07
 4.85759e-07
 1.01301e-16
 6.82101e-15
 1.23820e-13
 1.05515e-12
 5.18162e-12
 1.62756e-11
 3.61032e-11
 6.85324e-11
 1.42022e-10
 3.18733e-10
 6.78173e-10
 1.33784e-09
 2.52732e-09
 4.63524e-09
 8.27200e-09
 1.45778e-08
 2.57062e-08
 4.43446e-08
 7.17154e-08
 1.05249e-07
 1.40204e-07
 1.73809e-07
 2.09458e-07
 2.58032e-07
 3.31822e-07
 4.40317e-07
 5.88686e-07
 5.52492e-17
 3.74759e-15
 6.92879e-14
 6.03298e-13
 3.02240e-12
 9.61118e-12
 2.12336e-11
 3.95847e-11
 8.21983e-11
 1.92227e-10
 4.39682e-10
 9.55334e-10
 2.01056e-09
 4.08796e-09
 7.89129e-09
 1.45603e-08
 2.62859e-08
 4.63207e-08
 7.74717e-08
 1.20415e-07
 1.72602e-07
 2.29756e-07
 2.88931e-07
 3.53387e-07
 4.36396e-07
 5.54803e-07
 7.15335e-07
 2.68433e-17
 1.87210e-15
 3.57625e-14
 3.21876e-13
 1.66197e-12
 5.39548e-12
 1.19002e-11
 2.16737e-11
 4.47750e-11
 1.09320e-10
 2.70410e-10
 6.48883e-10
 1.51861e-09
 3.41588e-09
 7.14367e-09
 1.38461e-08
 2.55535e-08
 4.57503e-08
 7.84833e-08
 1.26308e-07
 1.89436e-07
 2.66621e-07
 3.55938e-07
 4.55629e-07
 5.68157e-07
 7.07190e-07
 8.83945e-07
 1.14723e-17
 8.39489e-16
 1.68190e-14
 1.58476e-13
 8.53624e-13
 2.86008e-12
 6.31661e-12
 1.11789e-11
 2.26917e-11
 5.76597e-11
 1.54622e-10
 4.09340e-10
 1.05860e-09
 2.61427e-09
 5.95485e-09
 1.22478e-08
 2.31747e-08
 4.18178e-08
 7.28356e-08
 1.20655e-07
 1.87884e-07
 2.75634e-07
 3.84318e-07
 5.14052e-07
 6.65415e-07
 8.43989e-07
 1.05428e-06
part
         6
coordinates
 7.39458e-07
 1.04380e-06
 1.57035e-06
 2.44843e-06
 3.77013e-06
 5.41648e-06
 6.94377e-06
 8.04135e-06
 8.77647e-06
 9.28101e-06
 9.59925e-06
 9.72880e-06
 9.70114e-06
 9.52235e-06
 9.18914e-06
 8.77336e-06
 8.30119e-06
 7.65743e-06
 6.65228e-06
 5.13632e-06
 3.23919e-06
 1.58316e-06
 6.01802e-07
 1.62542e-07
 2.61226e-08
 1.68169e-09
 1.76661e-11
 3.51607e-07
 4.87018e-07
 8.10581e-07
 1.44188e-06
 2.46597e-06
 3.90536e-06
 5.52913e-06
 6.93691e-06
 7.97145e-06
 8.72408e-06
 9.23826e-06
 9.49066e-06
 9.52491e-06
 9.38807e-06
 9.10625e-06
 8.77823e-06
 8.44128e-06
 7.95335e-06
 7.06974e-06
 5.58114e-06
 3.57656e-06
 1.75427e-06
 6.64353e-07
 1.78439e-07
 2.74897e-08
 1.54575e-09
 1.08968e-11
 1.46469e-07
 2.03552e-07
 4.10234e-07
 8.64219e-07
 1.62318e-06
 2.72541e-06
 4.13873e-06
 5.65048e-06
 6.97522e-06
 8.01624e-06
 8.75689e-06
 9.15776e-06
 9.27400e-06
 9.19650e-06
 8.98874e-06
 8.75283e-06
 8.52439e-06
 8.14457e-06
 7.34115e-06
 5.87045e-06
 3.81939e-06
 1.90490e-06
 7.19980e-07
 1.88253e-07
 2.71614e-08
 1.30697e-09
 4.65234e-12
 7.15386e-08
 1.10909e-07
 2.54574e-07
 5.77790e-07
 1.13152e-06
 1.95853e-06
 3.06863e-06
 4.42635e-06
 5.88051e-06
 7.19828e-06
 8.17976e-06
 8.74056e-06
 8.95755e-06
 8.96131e-06
 8.85374e-06
 8.71482e-06
 8.55156e-06
 8.21006e-06
 7.42872e-06
 5.99410e-06
 3.98265e-06
 2.03136e-06
 7.66216e-07
 1.95604e-07
 2.60612e-08
 1.00891e-09
 1.59723e-12
 5.05880e-08
 8.83573e-08
 1.97364e-07
 4.35185e-07
 8.50396e-07
 1.48309e-06
 2.35971e-06
 3.49315e-06
 4.87315e-06
 6.33006e-06
 7.52358e-06
 8.25248e-06
 8.59011e-06
 8.70834e-06
 8.72429e-06
 8.67668e-06
 8.54657e-06
 8.20272e-06
 7.41333e-06
 6.01017e-06
 4.07137e-06
 2.12310e-06
 7.99533e-07
 1.99534e-07
 2.43181e-08
 6.94540e-10
 1.29133e-12
 4.68073e-08
 8.52148e-08
 1.77009e-07
 3.63745e-07
 6.90507e-07
 1.19883e-06
 1.92203e-06
 2.88652e-06
 4.12592e-06
 5.55449e-06
 6.84257e-06
 7.71738e-06
 8.21219e-06
 8.48539e-06
 8.61866e-06
 8.63418e-06
 8.51901e-06
 8.15376e-06
 7.34404e-06
 5.97101e-06
 4.12114e-06
 2.20124e-06
 8.25983e-07
 1.97606e-07
 2.20363e-08
 4.51022e-10
 2.47133e-12
 5.38118e-08
 9.66009e-08
 1.83509e-07
 3.44737e-07
 6.16199e-07
 1.03805e-06
 1.65364e-06
 2.50098e-06
 3.61776e-06
 4.95698e-06
 6.24674e-06
 7.23110e-06
 7.89723e-06
 8.31717e-06
 8.52864e-06
 8.57665e-06
 8.45674e-06
 8.05114e-06
 7.21530e-06
 5.89124e-06
 4.13124e-06
 2.24130e-06
 8.37847e-07
 1.91520e-07
 1.93301e-08
 3.45144e-10
 5.62386e-12
 7.15287e-08
 1.21907e-07
 2.12366e-07
 3.67328e-07
 6.15115e-07
 9.90973e-07
 1.53694e-06
 2.29264e-06
 3.29864e-06
 4.54717e-06
 5.82847e-06
 6.89780e-06
 7.68436e-06
 8.18643e-06
 8.43151e-06
 8.48846e-06
 8.34345e-06
 7.88551e-06
 7.03189e-06
 5.77841e-06
 4.09643e-06
 2.22927e-06
 8.27592e-07
 1.81209e-07
 1.61945e-08
 3.40616e-10
 1.12331e-11
 1.00060e-07
 1.60204e-07
 2.58884e-07
 4.16799e-07
 6.61765e-07
 1.02608e-06
 1.54387e-06
 2.24792e-06
 3.17772e-06
 4.35458e-06
 5.61628e-06
 6.71651e-06
 7.54029e-06
 8.05879e-06
 8.30325e-06
 8.34848e-06
 8.16395e-06
 7.65478e-06
 6.80715e-06
 5.64230e-06
 4.02822e-06
 2.18243e-06
 8.00722e-07
 1.67392e-07
 1.34608e-08
 4.18925e-10
 1.91844e-11
 1.39526e-07
 2.11343e-07
 3.21792e-07
 4.89648e-07
 7.39817e-07
 1.10058e-06
 1.60587e-06
 2.28805e-06
 3.18075e-06
 4.31390e-06
 5.54058e-06
 6.61194e-06
 7.40753e-06
 7.89772e-06
 8.11651e-06
 8.13565e-06
 7.90914e-06
 7.36359e-06
 6.56339e-06
 5.49617e-06
 3.91758e-06
 2.09325e-06
 7.55304e-07
 1.51626e-07
 1.22706e-08
 6.31793e-10
 2.78781e-11
 1.90079e-07
 2.74220e-07
 3.97976e-07
 5.78674e-07
 8.38269e-07
 1.20104e-06
 1.69776e-06
 2.35899e-06
 3.22219e-06
 4.32014e-06
 5.49714e-06
 6.50437e-06
 7.23543e-06
 7.66801e-06
 7.84529e-06
 7.83552e-06
 7.58093e-06
 7.04823e-06
 6.33370e-06
 5.33479e-06
 3.75540e-06
 1.96087e-06
 6.91904e-07
 1.34273e-07
 1.25653e-08
 1.04304e-09
 3.35217e-11
 2.53091e-07
 3.49085e-07
 4.85759e-07
 6.79125e-07
 9.48566e-07
 1.31481e-06
 1.80513e-06
 2.44844e-06
 3.28578e-06
 4.33618e-06
 5.42993e-06
 6.33939e-06
 6.97987e-06
 7.33949e-06
 7.47403e-06
 7.44873e-06
 7.21759e-06
 6.76696e-06
 6.13049e-06
 5.13477e-06
 3.53394e-06
 1.79178e-06
 6.19905e-07
 1.20567e-07
 1.41513e-08
 1.58143e-09
 3.48281e-11
 3.31822e-07
 4.40317e-07
 5.88686e-07
 7.93270e-07
 1.07182e-06
 1.44179e-06
 1.92835e-06
 2.55979e-06
 3.37822e-06
 4.35842e-06
 5.32101e-06
 6.09924e-06
 6.64027e-06
 6.94148e-06
 7.05666e-06
 7.04724e-06
 6.88990e-06
 6.53318e-06
 5.92671e-06
 4.87654e-06
 3.24983e-06
 1.59880e-06
 5.51996e-07
 1.17037e-07
 1.73969e-08
 1.94099e-09
 3.32431e-11
 4.36396e-07
 5.54803e-07
 7.15335e-07
 9.31425e-07
 1.21896e-06
 1.59455e-06
 2.08205e-06
 2.70975e-06
 3.51127e-06
 4.40708e-06
 5.22708e-06
 5.87743e-06
 6.33310e-06
 6.59790e-06
 6.71086e-06
 6.72422e-06
 6.62145e-06
 6.31365e-06
 5.69089e-06
 4.54475e-06
 2.90887e-06
 1.40232e-06
 4.96599e-07
 1.20242e-07
 2.12376e-08
 2.01049e-09
 2.87855e-11
 5.68157e-07
 7.07190e-07
 8.83945e-07
 1.11425e-06
 1.41313e-06
 1.79805e-06
 2.29341e-06
 2.92769e-06
 3.70138e-06
 4.49658e-06
 5.18677e-06
 5.73119e-06
 6.11540e-06
 6.34415e-06
 6.44552e-06
 6.46125e-06
 6.37167e-06
 6.06822e-06
 5.38811e-06
 4.12945e-06
 2.53091e-06
 1.21821e-06
 4.53171e-07
 1.22593e-07
 2.30945e-08
 1.90484e-09
 2.17153e-11
 6.65415e-07
 8.43989e-07
 1.05428e-06
 1.31512e-06
 1.64090e-06
 2.04691e-06
 2.55795e-06
 3.19341e-06
 3.90532e-06
 4.57861e-06
 5.15147e-06
 5.60306e-06
 5.92022e-06
 6.10784e-06
 6.18942e-06
 6.19624e-06
 6.09513e-06
 5.75591e-06
 4.97861e-06
 3.63992e-06
 2.15207e-06
 1.05045e-06
 4.12600e-07
 1.20636e-07
 2.24092e-08
 1.61153e-09
 1.41037e-11
 7.39458e-07
 1.04380e-06
 1.57035e-06
 2.44843e-06
 3.77013e-06
 5.41648e-06
 6.94377e-06
 8.04135e-06
 8.77647e-06
 9.28101e-06
 9.59925e-06
 9.72880e-06
 9.70114e-06
 9.52235e-06
 9.18914e-06
 8.77336e-06
 8.30119e-06
 7.65743e-06
 6.65228e-06
 5.13632e-06
 3.23919e-06
 1.58316e-06
 6.01802e-07
 1.62542e-07
 2.61226e-08
 1.68169e-09
 1.76661e-11
 3.51607e-07
 4.87018e-07
 8.10581e-07
 1.44188e-06
 2.46597e-06
 3.90536e-06
 5.52913e-06
 6.93691e-06
 7.97145e-06
 8.72408e-06
 9.23826e-06
 9.49066e-06
 9.52491e-06
 9.38807e-06
 9.10625e-06
 8.77823e-06
 8.44128e-06
 7.95335e-06
 7.06974e-06
 5.58114e-06
 3.57656e-06
 1.75427e-06
 6.64353e-07
 1.78439e-07
 2.74897e-08
 1.54575e-09
 1.08968e-11
 1.46469e-07
 2.03552e-07
 4.10234e-07
 8.64219e-07
 1.62318e-06
 2.72541e-06
 4.13873e-06
 5.65048e-06
 6.97522e-06
 8.01624e-06
 8.75689e-06
 9.15776e-06
 9.27400e-06
 9.19650e-06
 8.98874e-06
 8.75283e-06
 8.52439e-06
 8.14457e-06
 7.34115e-06
 5.87045e-06
 3.81939e-06
 1.90490e-06
 7.19980e-07
 1.88253e-07
 2.71614e-08
 1.30697e-09
 4.65234e-12
 7.15386e-08
 1.10909e-07
 2.54574e-07
 5.77790e-07
 1.13152e-06
 1.95853e-06
 3.06863e-06
 4.42635e-06
 5.88051e-06
 7.19828e-06
 8.17976e-06
 8.74056e-06
 8.95755e-06
 8.96131e-06
 8.85374e-06
 8.71482e-06
 8.55156e-06
 8.21006e-06
 7.42872e-06
 5.99410e-06
 3.98265e-06
 2.03136e-06
 7.66216e-07
 1.95604e-07
 2.60612e-08
 1.00891e-09
 1.59723e-12
 5.05880e-08
 8.83573e-08
 1.97364e-07
 4.35185e-07
 8.50396e-07
 1.48309e-06
 2.35971e-06
 3.49315e-06
 4.87315e-06
 6.33006e-06
 7.52358e-06
 8.25248e-06
 8.59011e-06
 8.70834e-06
 8.72429e-06
 8.67668e-06
 8.54657e-06
 8.20272e-06
 7.41333e-06
 6.01017e-06
 4.07137e-06
 2.12310e-06
 7.99533e-07
 1.99534e-07
 2.43181e-08
 6.94540e-10
 1.29133e-12
 4.68073e-08
 8.52148e-08
 1.77009e-07
 3.63745e-07
 6.90507e-07
 1.19883e-06
 1.92203e-06
 2.88652e-06
 4.12592e-06
 5.55449e-06
 6.84257e-06
 7.71738e-06
 8.21219e-06
 8.48539e-06
 8.61866e-06
 8.63418e-06
 8.51901e-06
 8.15376e-06
 7.34404e-06
 5.97101e-06
 4.12114e-06
 2.20124e-06
 8.25983e-07
 1.97606e-07
 2.20363e-08
 4.51022e-10
 2.47133e-12
 5.38118e-08
 9.66009e-08
 1.83509e-07
 3.44737e-07
 6.16199e-07
 1.03805e-06
 1.65364e-06
 2.50098e-06
 3.61776e-06
 4.95698e-06
 6.24674e-06
 7.23110e-06
 7.89723e-06
 8.31717e-06
 8.52864e-06
 8.57665e-06
 8.45674e-06
 8.05114e-06
 7.21530e-06
 5.89124e-06
 4.13124e-06
 2.24130e-06
 8.37847e-07
 1.91520e-07
 1.93301e-08
 3.45144e-10
 5.62386e-12
 7.15287e-08
 1.21907e-07
 2.12366e-07
 3.67328e-07
 6.15115e-07
 9.90973e-07
 1.53694e-06
 2.29264e-06
 3.29864e-06
 4.54717e-06
 5.82847e-06
 6.89780e-06
 7.68436e-06
 8.18643e-06
 8.43151e-06
 8.48846e-06
 8.34345e-06
 7.88551e-06
 7.03189e-06
 5.77841e-06
 4.09643e-06
 2.22927e-06
 8.27592e-07
 1.81209e-07
 1.61945e-08
 3.40616e-10
 1.12331e-11
 1.00060e-07
 1.60204e-07
 2.58884e-07
 4.16799e-07
 6.61765e-07
 1.02608e-06
 1.54387e-06
 2.24792e-06
 3.17772e-06
 4.35458e-06
 5.61628e-06
 6.71651e-06
 7.54029e-06
 8.05879e-06
 8.30325e-06
 8.34848e-06
 8.16395e-06
 7.65478e-06
 6.80715e-06
 5.64230e-06
 4.02822e-06
 2.18243e-06
 8.00722e-07
 1.67392e-07
 1.34608e-08
 4.18925e-10
 1.91844e-11
 1.39526e-07
 2.11343e-07
 3.21792e-07
 4.89648e-07
 7.39817e-07
 1.10058e-06
 1.60587e-06
 2.28805e-06
 3.18075e-06
 4.31390e-06
 5.54058e-06
 6.61194e-06
 7.40753e-06
 7.89772e-06
 8.11651e-06
 8.13565e-06
 7.90914e-06
 7.36359e-06
 6.56339e-06
 5.49617e-06
 3.91758e-06
 2.09325e-06
 7.55304e-07
 1.51626e-07
 1.22706e-08
 6.31793e-10
 2.78781e-11
 1.90079e-07
 2.74220e-07
 3.97976e-07
 5.78674e-07
 8.38269e-07
 1.20104e-06
 1.69776e-06
 2.35899e-06
 3.22219e-06
 4.32014e-06
 5.49714e-06
 6.50437e-06
 7.23543e-06
 7.66801e-06
 7.84529e-06
 7.83552e-06
 7.58093e-06
 7.04823e-06
 6.33370e-06
 5.33479e-06
 3.75540e-06
 1.96087e-06
 6.91904e-07
 1.34273e-07
 1.25653e-08
 1.04304e-09
 3.35217e-11
 2.53091e-07
 3.49085e-07
 4.85759e-07
 6.79125e-07
 9.48566e-07
 1.31481e-06
 1.80513e-06
 2.44844e-06
 3.28578e-06
 4.33618e-06
 5.42993e-06
 6.33939e-06
 6.97987e-06
 7.33949e-06
 7.47403e-06
 7.44873e-06
 7.21759e-06
 6.76696e-06
 6.13049e-06
 5.13477e-06
 3.53394e-06
 1.79178e-06
 6.19905e-07
 1.20567e-07
 1.41513e-08
 1.58143e-09
 3.48281e-11
 3.31822e-07
 4.40317e-07
 5.88686e-07
 7.93270e-07
 1.07182e-06
 1.44179e-06
 1.92835e-06
 2.55979e-06
 3.37822e-06
 4.35842e-06
 5.32101e-06
 6.09924e-06
 6.64027e-06
 6.94148e-06
 7.05666e-06
 7.04724e-06
 6.88990e-06
 6.53318e-06
 5.92671e-06
 4.87654e-06
 3.24983e-06
 1.59880e-06
 5.51996e-07
 1.17037e-07
 1.73969e-08
 1.94099e-09
 3.32431e-11
 4.36396e-07
 5.54803e-07
 7.15335e-07
 9.31425e-07
 1.21896e-06
 1.59455e-06
 2.08205e-06
 2.70975e-06
 3.51127e-06
 4.40708e-06
 5.22708e-06
 5.87743e-06
 6.33310e-06
 6.59790e-06
 6.71086e-06
 6.72422e-06
 6.62145e-06
 6.31365e-06
 5.69089e-06
 4.54475e-06
 2.90887e-06
 1.40232e-06
 4.96599e-07
 1.20242e-07
 2.12376e-08
 2.01049e-09
 2.87855e-11
 5.68157e-07
 7.07190e-07
 8.83945e-07
 1.11425e-06
 1.41313e-06
 1.79805e-06
 2.29341e-06
 2.92769e-06
 3.70138e-06
 4.49658e-06
 5.18677e-06
 5.73119e-06
 6.11540e-06
 6.34415e-06
 6.44552e-06
 6.46125e-06
 6.37167e-06
 6.06822e-06
 5.38811e-06
 4.12945e-06
 2.53091e-06
 1.21821e-06
 4.53171e-07
 1.22593e-07
 2.30945e-08
 1.90484e-09
 2.17153e-11
 6.65415e-07
 8.43989e-07
 1.05428e-06
 1.31512e-06
 1.64090e-06
 2.04691e-06
 2.55795e-06
 3.19341e-06
 3.90532e-06
 4.57861e-06
 5.15147e-06
 5.60306e-06
 5.92022e-06
 6.10784e-06
 6.18942e-06
 6.19624e-06
 6.09513e-06
 5.75591e-06
 4.97861e-06
 3.63992e-06
 2.15207e-06
 1.05045e-06
 4.12600e-07
 1.20636e-07
 2.24092e-08
 1.61153e-09
 1.41037e-11
part
         7
coordinates
 5.52492e-17
 3.74759e-15
 6.92879e-14
 6.03298e-13
 3.02240e-12
 9.61118e-12
 2.12336e-11
 3.95847e-11
 8.21983e-11
 1.92227e-10
 4.39682e-10
 9.55334e-10
 2.01056e-09
 4.08796e-09
 7.89129e-09
 1.45603e-08
 2.62859e-08
 4.63207e-08
 7.74717e-08
 1.20415e-07
 1.72602e-07
 2.29756e-07
 2.88931e-07
 3.53387e-07
 4.36396e-07
 5.54803e-07
 7.15335e-07
 2.68433e-17
 1.87210e-15
 3.57625e-14
 3.21876e-13
 1.66197e-12
 5.39548e-12
 1.19002e-11
 2.16737e-11
 4.47750e-11
 1.09320e-10
 2.70410e-10
 6.48883e-10
 1.51861e-09
 3.41588e-09
 7.14367e-09
 1.38461e-08
 2.55535e-08
 4.57503e-08
 7.84833e-08
 1.26308e-07
 1.89436e-07
 2.66621e-07
 3.55938e-07
 4.55629e-07
 5.68157e-07
 7.07190e-07
 8.83945e-07
 1.14723e-17
 8.39489e-16
 1.68190e-14
 1.58476e-13
 8.53624e-13
 2.86008e-12
 6.31661e-12
 1.11789e-11
 2.26917e-11
 5.76597e-11
 1.54622e-10
 4.09340e-10
 1.05860e-09
 2.61427e-09
 5.95485e-09
 1.22478e-08
 2.31747e-08
 4.18178e-08
 7.28356e-08
 1.20655e-07
 1.87884e-07
 2.75634e-07
 3.84318e-07
 5.14052e-07
 6.65415e-07
 8.43989e-07
 1.05428e-06
 4.22916e-18
 3.31322e-16
 7.06972e-15
 7.07015e-14
 4.02926e-13
 1.41339e-12
 3.13927e-12
 5.37372e-12
 1.05099e-11
 2.74944e-11
 7.98646e-11
 2.32562e-10
 6.60312e-10
 1.77628e-09
 4.40248e-09
 9.79260e-09
 1.95051e-08
 3.56630e-08
 6.21022e-08
 1.04297e-07
 1.67402e-07
 2.54792e-07
 3.68106e-07
 5.08689e-07
 6.78789e-07
 8.84249e-07
 1.12459e-06
 1.31214e-18
 1.12331e-16
 2.59506e-15
 2.79589e-14
 1.71274e-13
 6.41352e-13
 1.44664e-12
 2.39588e-12
 4.39728e-12
 1.15659e-11
 3.61623e-11
 1.15262e-10
 3.56977e-10
 1.04014e-09
 2.77862e-09
 6.70999e-09
 1.44726e-08
 2.79961e-08
 4.97932e-08
 8.37933e-08
 1.35595e-07
 2.11105e-07
 3.15083e-07
 4.50985e-07
 6.21129e-07
 8.30626e-07
 1.07804e-06
 3.30568e-19
 3.15808e-17
 8.03729e-16
 9.47509e-15
 6.34220e-14
 2.59686e-13
 6.07461e-13
 9.83617e-13
 1.64462e-12
 4.15979e-12
 1.37949e-11
 4.78681e-11
 1.60965e-10
 5.06437e-10
 1.45601e-09
 3.77802e-09
 8.81644e-09
 1.85479e-08
 3.51899e-08
 6.14687e-08
 1.01295e-07
 1.59736e-07
 2.42790e-07
 3.56671e-07
 5.06872e-07
 7.00256e-07
 9.35509e-07
 6.42994e-20
 7.00668e-18
 2.00165e-16
 2.62523e-15
 1.95257e-14
 8.95909e-14
 2.25951e-13
 3.67601e-13
 5.49249e-13
 1.23912e-12
 4.21331e-12
 1.58005e-11
 5.75156e-11
 1.95171e-10
 6.04580e-10
 1.69193e-09
 4.26567e-09
 9.70815e-09
 2.00486e-08
 3.78623e-08
 6.59790e-08
 1.07828e-07
 1.67953e-07
 2.51715e-07
 3.65530e-07
 5.18194e-07
 7.12125e-07
 8.98697e-21
 1.14343e-18
 3.74430e-17
 5.56380e-16
 4.67473e-15
 2.45462e-14
 7.09780e-14
 1.21719e-13
 1.65463e-13
 3.01304e-13
 9.67292e-13
 3.85455e-12
 1.51400e-11
 5.53456e-11
 1.84819e-10
 5.59191e-10
 1.52965e-09
 3.78906e-09
 8.53240e-09
 1.75642e-08
 3.32876e-08
 5.85819e-08
 9.66932e-08
 1.51339e-07
 2.27068e-07
 3.30413e-07
 4.65530e-07
 8.12818e-22
 1.23876e-19
 4.76519e-18
 8.19918e-17
 7.91345e-16
 4.81006e-15
 1.72786e-14
 3.35814e-14
 4.49454e-14
 6.27014e-14
 1.58308e-13
 6.31889e-13
 2.64876e-12
 1.03568e-11
 3.70124e-11
 1.20332e-10
 3.55706e-10
 9.57716e-10
 2.35587e-09
 5.31571e-09
 1.10548e-08
 2.13098e-08
 3.83240e-08
 6.47740e-08
 1.03710e-07
 1.59128e-07
 2.33958e-07
 4.07330e-23
 7.64623e-21
 3.55680e-19
 7.29505e-18
 8.32166e-17
 5.93683e-16
 2.76987e-15
 6.82101e-15
 1.02745e-14
 1.24069e-14
 2.01347e-14
 6.60738e-14
 2.83820e-13
 1.16726e-12
 4.36764e-12
 1.48634e-11
 4.62159e-11
 1.31928e-10
 3.47328e-10
 8.46986e-10
 1.92115e-09
 4.07032e-09
 8.09141e-09
 1.51633e-08
 2.69152e-08
 4.56107e-08
 7.30629e-08
 8.99424e-25
 2.13936e-22
 1.24125e-20
 3.13112e-19
 4.34656e-18
 3.76256e-17
 2.18836e-16
 8.06378e-16
 1.60749e-15
 2.14626e-15
 2.65213e-15
 5.34652e-15
 2.02317e-14
 8.58605e-14
 3.34526e-13
 1.17547e-12
 3.76023e-12
 1.10671e-11
 3.02442e-11
 7.73252e-11
 1.86077e-10
 4.23443e-10
 9.14611e-10
 1.88102e-09
 3.69466e-09
 6.97582e-09
 1.23962e-08
 6.31554e-27
 1.96353e-24
 1.46814e-22
 4.70755e-21
 8.21132e-20
 8.87071e-19
 6.41612e-18
 3.24903e-17
 1.08762e-16
 2.11122e-16
 2.97094e-16
 4.48546e-16
 1.18909e-15
 4.73415e-15
 1.90044e-14
 6.89654e-14
 2.25319e-13
 6.70846e-13
 1.84439e-12
 4.74230e-12
 1.15389e-11
 2.68510e-11
 6.02818e-11
 1.31431e-10
 2.79499e-10
 5.83011e-10
 1.15274e-09
 8.55555e-30
 3.65809e-27
 3.70845e-25
 1.58755e-23
 3.63785e-22
 5.08217e-21
 4.69468e-20
 3.02097e-19
 1.39437e-18
 4.65884e-18
 1.13545e-17
 2.24353e-17
 5.32492e-17
 1.91987e-16
 7.93980e-16
 3.07385e-15
 1.06647e-14
 3.32147e-14
 9.38093e-14
 2.43094e-13
 5.85285e-13
 1.32777e-12
 2.88488e-12
 6.11718e-12
 1.29165e-11
 2.77233e-11
 5.83787e-11
 8.30258e-34
 5.49850e-31
 8.49140e-29
 5.43641e-27
 1.82619e-25
 3.66230e-24
 4.75905e-23
 4.24455e-22
 2.71898e-21
 1.30927e-20
 5.08144e-20
 1.82522e-19
 7.36540e-19
 3.50536e-18
 1.71329e-17
 7.68049e-17
 3.04132e-16
 1.05941e-15
 3.26285e-15
 8.94469e-15
 2.19774e-14
 4.87775e-14
 9.88788e-14
 1.88015e-13
 3.51564e-13
 6.92418e-13
 1.43401e-12
 1.75511e-40
 2.86604e-37
 1.05719e-34
 1.55812e-32
 1.15501e-30
 4.87332e-29
 1.26405e-27
 2.12663e-26
 2.42111e-25
 1.94277e-24
 1.16245e-23
 5.86900e-23
 3.26682e-22
 2.43793e-21
 2.02739e-20
 1.52166e-19
 9.60670e-19
 5.04636e-18
 2.21580e-17
 8.19246e-17
 2.55636e-16
 6.50789e-16
 1.16535e-15
 1.59834e-15
 2.02892e-15
 3.25544e-15
 7.25607e-15
 5.52492e-17
 3.74759e-15
 6.92879e-14
 6.03298e-13
 3.02240e-12
 9.61118e-12
 2.12336e-11
 3.95847e-11
 8.21983e-11
 1.92227e-10
 4.39682e-10
 9.55334e-10
 2.01056e-09
 4.08796e-09
 7.89129e-09
 1.45603e-08
 2.62859e-08
 4.63207e-08
 7.74717e-08
 1.20415e-07
 1.72602e-07
 2.29756e-07
 2.88931e-07
 3.53387e-07
 4.36396e-07
 5.54803e-07
 7.15335e-07
 2.68433e-17
 1.87210e-15
 3.57625e-14
 3.21876e-13
 1.66197e-12
 5.39548e-12
 1.19002e-11
 2.16737e-11
 4.47750e-11
 1.09320e-10
 2.70410e-10
 6.48883e-10
 1.51861e-09
 3.41588e-09
 7.14367e-09
 1.38461e-08
 2.55535e-08
 4.57503e-08
 7.84833e-08
 1.26308e-07
 1.89436e-07
 2.66621e-07
 3.55938e-07
 4.55629e-07
 5.68157e-07
 7.07190e-07
 8.83945e-07
 1.14723e-17
 8.39489e-16
 1.68190e-14
 1.58476e-13
 8.53624e-13
 2.86008e-12
 6.31661e-12
 1.11789e-11
 2.26917e-11
 5.76597e-11
 1.54622e-10
 4.09340e-10
 1.05860e-09
 2.61427e-09
 5.95485e-09
 1.22478e-08
 2.31747e-08
 4.18178e-08
 7.28356e-08
 1.20655e-07
 1.87884e-07
 2.75634e-07
 3.84318e-07
 5.14052e-07
 6.65415e-07
 8.43989e-07
 1.05428e-06
 4.22916e-18
 3.31322e-16
 7.06972e-15
 7.07015e-14
 4.02926e-13
 1.41339e-12
 3.13927e-12
 5.37372e-12
 1.05099e-11
 2.74944e-11
 7.98646e-11
 2.32562e-10
 6.60312e-10
 1.77628e-09
 4.40248e-09
 9.79260e-09
 1.95051e-08
 3.56630e-08
 6.21022e-08
 1.04297e-07
 1.67402e-07
 2.54792e-07
 3.68106e-07
 5.08689e-07
 6.78789e-07
 8.84249e-07
 1.12459e-06
 1.31214e-18
 1.12331e-16
 2.59506e-15
 2.79589e-14
 1.71274e-13
 6.41352e-13
 1.44664e-12
 2.39588e-12
 4.39728e-12
 1.15659e-11
 3.61623e-11
 1.15262e-10
 3.56977e-10
 1.04014e-09
 2.77862e-09
 6.70999e-09
 1.44726e-08
 2.79961e-08
 4.97932e-08
 8.37933e-08
 1.35595e-07
 2.11105e-07
 3.15083e-07
 4.50985e-07
 6.21129e-07
 8.30626e-07
 1.07804e-06
 3.30568e-19
 3.15808e-17
 8.03729e-16
 9.47509e-15
 6.34220e-14
 2.59686e-13
 6.07461e-13
 9.83617e-13
 1.64462e-12
 4.15979e-12
 1.37949e-11
 4.78681e-11
 1.60965e-10
 5.06437e-10
 1.45601e-09
 3.77802e-09
 8.81644e-09
 1.85479e-08
 3.51899e-08
 6.14687e-08
 1.01295e-07
 1.59736e-07
 2.42790e-07
 3.56671e-07
 5.06872e-07
 7.00256e-07
 9.35509e-07
 6.42994e-20
 7.00668e-18
 2.00165e-16
 2.62523e-15
 1.95257e-14
 8.95909e-14
 2.25951e-13
 3.67601e-13
 5.49249e-13
 1.23912e-12
 4.21331e-12
 1.58005e-11
 5.75156e-11
 1.95171e-10
 6.04580e-10
 1.69193e-09
 4.26567e-09
 9.70815e-09
 2.00486e-08
 3.78623e-08
 6.59790e-08
 1.07828e-07
 1.67953e-07
 2.51715e-07
 3.65530e-07
 5.18194e-07
 7.12125e-07
 8.98697e-21
 1.14343e-18
 3.74430e-17
 5.56380e-16
 4.67473e-15
 2.45462e-14
 7.09780e-14
 1.21719e-13
 1.65463e-13
 3.01304e-13
 9.67292e-13
 3.85455e-12
 1.51400e-11
 5.53456e-11
 1.84819e-10
 5.59191e-10
 1.52965e-09
 3.78906e-09
 8.53240e-09
 1.75642e-08
 3.32876e-08
 5.85819e-08
 9.66932e-08
 1.51339e-07
 2.27068e-07
 3.30413e-07
 4.65530e-07
 8.12818e-22
 1.23876e-19
 4.76519e-18
 8.19918e-17
 7.91345e-16
 4.81006e-15
 1.72786e-14
 3.35814e-14
 4.49454e-14
 6.27014e-14
 1.58308e-13
 6.31889e-13
 2.64876e-12
 1.03568e-11
 3.70124e-11
 1.20332e-10
 3.55706e-10
 9.57716e-10
 2.35587e-09
 5.31571e-09
 1.10548e-08
 2.13098e-08
 3.83240e-08
 6.47740e-08
 1.03710e-07
 1.59128e-07
 2.33958e-07
 4.07330e-23
 7.64623e-21
 3.55680e-19
 7.29505e-18
 8.32166e-17
 5.93683e-16
 2.76987e-15
 6.82101e-15
 1.02745e-14
 1.24069e-14
 2.01347e-14
 6.60738e-14
 2.83820e-13
 1.16726e-12
 4.36764e-12
 1.48634e-11
 4.62159e-11
 1.31928e-10
 3.47328e-10
 8.46986e-10
 1.92115e-09
 4.07032e-09
 8.09141e-09
 1.51633e-08
 2.69152e-08
 4.56107e-08
 7.30629e-08
 8.99424e-25
 2.13936e-22
 1.24125e-20
 3.13112e-19
 4.34656e-18
 3.76256e-17
 2.18836e-16
 8.06378e-16
 1.60749e-15
 2.14626e-15
 2.65213e-15
 5.34652e-15
 2.02317e-14
 8.58605e-14
 3.34526e-13
 1.17547e-12
 3.76023e-12
 1.10671e-11
 3.02442e-11
 7.73252e-11
 1.86077e-10
 4.23443e-10
 9.14611e-10
 1.88102e-09
 3.69466e-09
 6.97582e-09
 1.23962e-08
 6.31554e-27
 1.96353e-24
 1.46814e-22
 4.70755e-21
 8.21132e-20
 8.87071e-19
 6.41612e-18
 3.24903e-17
 1.08762e-16
 2.11122e-16
 2.97094e-16
 4.48546e-16
 1.18909e-15
 4.73415e-15
 1.90044e-14
 6.89654e-14
 2.25319e-13
 6.70846e-13
 1.84439e-12
 4.74230e-12
 1.15389e-11
 2.68510e-11
 6.02818e-11
 1.31431e-10
 2.79499e-10
 5.83011e-10
 1.15274e-09
 8.55555e-30
 3.65809e-27
 3.70845e-25
 1.58755e-23
 3.63785e-22
 5.08217e-21
 4.69468e-20
 3.02097e-19
 1.39437e-18
 4.65884e-18
 1.13545e-17
 2.24353e-17
 5.32492e-17
 1.91987e-16
 7.93980e-16
 3.07385e-15
 1.06647e-14
 3.32147e-14
 9.38093e-14
 2.43094e-13
 5.85285e-13
 1.32777e-12
 2.88488e-12
 6.11718e-12
 1.29165e-11
 2.77233e-11
 5.83787e-11
 8.30258e-34
 5.49850e-31
 8.49140e-29
 5.43641e-27
 1.82619e-25
 3.66230e-24
 4.75905e-23
 4.24455e-22
 2.71898e-21
 1.30927e-20
 5.08144e-20
 1.82522e-19
 7.36540e-19
 3.50536e-18
 1.71329e-17
 7.68049e-17
 3.04132e-16
 1.05941e-15
 3.26285e-15
 8.94469e-15
 2.19774e-14
 4.87775e-14
 9.88788e-14
 1.88015e-13
 3.51564e-13
 6.92418e-13
 1.43401e-12
 1.75511e-40
 2.86604e-37
 1.05719e-34
 1.55812e-32
 1.15501e-30
 4.87332e-29
 1.26405e-27
 2.12663e-26
 2.42111e-25
 1.94277e-24
 1.16245e-23
 5.86900e-23
 3.26682e-22
 2.43793e-21
 2.02739e-20
 1.52166e-19
 9.60670e-19
 5.04636e-18
 2.21580e-17
 8.19246e-17
 2.55636e-16
 6.50789e-16
 1.16535e-15
 1.59834e-15
 2.02892e-15
 3.25544e-15
 7.25607e-15
part
         8
coordinates
 4.36396e-07
 5.54803e-07
 7.15335e-07
 9.31425e-07
 1.21896e-06
 1.59455e-06
 2.08205e-06
 2.70975e-06
 3.51127e-06
 4.40708e-06
 5.22708e-06
 5.87743e-06
 6.33310e-06
 6.59790e-06
 6.71086e-06
 6.72422e-06
 6.62145e-06
 6.31365e-06
 5.69089e-06
 4.54475e-06
 2.90887e-06
 1.40232e-06
 4.96599e-07
 1.20242e-07
 2.12376e-08
 2.01049e-09
 2.87855e-11
 5.68157e-07
 7.07190e-07
 8.83945e-07
 1.11425e-06
 1.41313e-06
 1.79805e-06
 2.29341e-06
 2.92769e-06
 3.70138e-06
 4.49658e-06
 5.18677e-06
 5.73119e-06
 6.11540e-06
 6.34415e-06
 6.44552e-06
 6.46125e-06
 6.37167e-06
 6.06822e-06
 5.38811e-06
 4.12945e-06
 2.53091e-06
 1.21821e-06
 4.53171e-07
 1.22593e-07
 2.30945e-08
 1.90484e-09
 2.17153e-11
 6.65415e-07
 8.43989e-07
 1.05428e-06
 1.31512e-06
 1.64090e-06
 2.04691e-06
 2.55795e-06
 3.19341e-06
 3.90532e-06
 4.57861e-06
 5.15147e-06
 5.60306e-06
 5.92022e-06
 6.10784e-06
 6.18942e-06
 6.19624e-06
 6.09513e-06
 5.75591e-06
 4.97861e-06
 3.63992e-06
 2.15207e-06
 1.05045e-06
 4.12600e-07
 1.20636e-07
 2.24092e-08
 1.61153e-09
 1.41037e-11
 6.78789e-07
 8.84249e-07
 1.12459e-06
 1.41495e-06
 1.76805e-06
 2.19614e-06
 2.72202e-06
 3.34551e-06
 3.99146e-06
 4.57079e-06
 5.05600e-06
 5.42905e-06
 5.68358e-06
 5.82819e-06
 5.88564e-06
 5.87255e-06
 5.73195e-06
 5.31949e-06
 4.43482e-06
 3.09676e-06
 1.79195e-06
 8.90314e-07
 3.64898e-07
 1.11107e-07
 1.94896e-08
 1.13312e-09
 8.03494e-12
 6.21129e-07
 8.30626e-07
 1.07804e-06
 1.37624e-06
 1.73675e-06
 2.17061e-06
 2.69889e-06
 3.29917e-06
 3.88900e-06
 4.39980e-06
 4.81104e-06
 5.11257e-06
 5.30686e-06
 5.40662e-06
 5.43543e-06
 5.38666e-06
 5.18031e-06
 4.68089e-06
 3.73417e-06
 2.50216e-06
 1.43351e-06
 7.18701e-07
 2.98637e-07
 8.95129e-08
 1.40819e-08
 6.43274e-10
 4.00214e-12
 5.06872e-07
 7.00256e-07
 9.35509e-07
 1.22209e-06
 1.56985e-06
 1.98882e-06
 2.49239e-06
 3.03459e-06
 3.53782e-06
 3.96023e-06
 4.28842e-06
 4.51704e-06
 4.65123e-06
 4.70813e-06
 4.70184e-06
 4.59814e-06
 4.31495e-06
 3.75030e-06
 2.84542e-06
 1.83772e-06
 1.04356e-06
 5.17531e-07
 2.08460e-07
 5.80950e-08
 7.97271e-09
 3.08482e-10
 1.68088e-12
 3.65530e-07
 5.18194e-07
 7.12125e-07
 9.55733e-07
 1.25710e-06
 1.62376e-06
 2.04769e-06
 2.47284e-06
 2.84856e-06
 3.15511e-06
 3.38268e-06
 3.52937e-06
 3.60376e-06
 3.61953e-06
 3.56559e-06
 3.39531e-06
 3.06097e-06
 2.52065e-06
 1.81798e-06
 1.14516e-06
 6.41603e-07
 3.08711e-07
 1.17059e-07
 2.96611e-08
 3.61687e-09
 1.25880e-10
 5.72970e-13
 2.27068e-07
 3.30413e-07
 4.65530e-07
 6.40724e-07
 8.61825e-07
 1.12216e-06
 1.39687e-06
 1.65144e-06
 1.86723e-06
 2.03615e-06
 2.15380e-06
 2.22157e-06
 2.24844e-06
 2.23479e-06
 2.15514e-06
 1.98423e-06
 1.71531e-06
 1.34739e-06
 9.40852e-07
 5.87777e-07
 3.24015e-07
 1.50320e-07
 5.38493e-08
 1.26537e-08
 1.38166e-09
 4.13341e-11
 1.50250e-13
 1.03710e-07
 1.59128e-07
 2.33958e-07
 3.33393e-07
 4.58767e-07
 5.94445e-07
 7.22239e-07
 8.33786e-07
 9.25064e-07
 9.93667e-07
 1.03885e-06
 1.06229e-06
 1.06888e-06
 1.05279e-06
 9.96738e-07
 8.97984e-07
 7.62551e-07
 5.92052e-07
 4.10894e-07
 2.54095e-07
 1.36691e-07
 6.08465e-08
 2.05105e-08
 4.41939e-09
 4.16739e-10
 1.02961e-11
 2.79295e-14
 2.69152e-08
 4.56107e-08
 7.30629e-08
 1.11228e-07
 1.59649e-07
 2.11678e-07
 2.60750e-07
 3.04111e-07
 3.40045e-07
 3.67341e-07
 3.85639e-07
 3.95507e-07
 3.98640e-07
 3.92488e-07
 3.70236e-07
 3.31178e-07
 2.78601e-07
 2.13993e-07
 1.46383e-07
 8.85026e-08
 4.59557e-08
 1.94039e-08
 6.06034e-09
 1.16982e-09
 9.23355e-11
 1.80124e-12
 3.23462e-15
 3.69466e-09
 6.97582e-09
 1.23962e-08
 2.06085e-08
 3.21993e-08
 4.67283e-08
 6.21156e-08
 7.63899e-08
 8.86139e-08
 9.81692e-08
 1.04776e-07
 1.08534e-07
 1.09970e-07
 1.08795e-07
 1.03079e-07
 9.21754e-08
 7.70853e-08
 5.85070e-08
 3.92381e-08
 2.30133e-08
 1.14233e-08
 4.51735e-09
 1.28251e-09
 2.15141e-10
 1.37472e-11
 1.99696e-13
 1.92968e-16
 2.79499e-10
 5.83011e-10
 1.15274e-09
 2.11195e-09
 3.59889e-09
 5.73049e-09
 8.50144e-09
 1.15535e-08
 1.44058e-08
 1.67857e-08
 1.85398e-08
 1.96221e-08
 2.01109e-08
 2.00827e-08
 1.92400e-08
 1.73131e-08
 1.44377e-08
 1.08252e-08
 7.09721e-09
 4.01680e-09
 1.89051e-09
 6.91568e-10
 1.74955e-10
 2.46357e-11
 1.22825e-12
 1.24752e-14
 5.46748e-18
 1.29165e-11
 2.77233e-11
 5.83787e-11
 1.15336e-10
 2.12253e-10
 3.65390e-10
 5.89325e-10
 8.89039e-10
 1.23344e-09
 1.56141e-09
 1.82745e-09
 2.01038e-09
 2.10651e-09
 2.13189e-09
 2.07167e-09
 1.88488e-09
 1.57094e-09
 1.16355e-09
 7.44721e-10
 4.05023e-10
 1.79276e-10
 5.98853e-11
 1.32245e-11
 1.50824e-12
 5.65408e-14
 3.79916e-16
 6.74454e-20
 3.51564e-13
 6.92418e-13
 1.43401e-12
 2.92355e-12
 5.67471e-12
 1.03776e-11
 1.78228e-11
 2.87820e-11
 4.36482e-11
 6.10562e-11
 7.76961e-11
 9.07168e-11
 9.87972e-11
 1.02080e-10
 1.00729e-10
 9.28491e-11
 7.74371e-11
 5.66481e-11
 3.53596e-11
 1.83990e-11
 7.58344e-12
 2.27859e-12
 4.29504e-13
 3.83450e-14
 1.04544e-15
 4.45099e-18
 2.98011e-22
 2.02892e-15
 3.25544e-15
 7.25607e-15
 1.67927e-14
 3.59913e-14
 7.14708e-14
 1.32717e-13
 2.30752e-13
 3.75240e-13
 5.69242e-13
 7.92879e-13
 1.00242e-12
 1.15727e-12
 1.23753e-12
 1.24323e-12
 1.15980e-12
 9.69656e-13
 7.01055e-13
 4.25859e-13
 2.10635e-13
 7.97744e-14
 2.11638e-14
 3.32060e-15
 2.25116e-16
 4.34218e-18
 1.13499e-20
 2.73823e-25
 4.36396e-07
 5.54803e-07
 7.15335e-07
 9.31425e-07
 1.21896e-06
 1.59455e-06
 2.08205e-06
 2.70975e-06
 3.51127e-06
 4.40708e-06
 5.22708e-06
 5.87743e-06
 6.33310e-06
 6.59790e-06
 6.71086e-06
 6.72422e-06
 6.62145e-06
 6.31365e-06
 5.69089e-06
 4.54475e-06
 2.90887e-06
 1.40232e-06
 4.96599e-07
 1.20242e-07
 2.12376e-08
 2.01049e-09
 2.87855e-11
 5.68157e-07
 7.07190e-07
 8.83945e-07
 1.11425e-06
 1.41313e-06
 1.79805e-06
 2.29341e-06
 2.92769e-06
 3.70138e-06
 4.49658e-06
 5.18677e-06
 5.73119e-06
 6.11540e-06
 6.34415e-06
 6.44552e-06
 6.46125e-06
 6.37167e-06
 6.06822e-06
 5.38811e-06
 4.12945e-06
 2.53091e-06
 1.21821e-06
 4.53171e-07
 1.22593e-07
 2.30945e-08
 1.90484e-09
 2.17153e-11
 6.65415e-07
 8.43989e-07
 1.05428e-06
 1.31512e-06
 1.64090e-06
 2.04691e-06
 2.55795e-06
 3.19341e-06
 3.90532e-06
 4.57861e-06
 5.15147e-06
 5.60306e-06
 5.92022e-06
 6.10784e-06
 6.18942e-06
 6.19624e-06
 6.09513e-06
 5.75591e-06
 4.97861e-06
 3.63992e-06
 2.15207e-06
 1.05045e-06
 4.12600e-07
 1.20636e-07
 2.24092e-08
 1.61153e-09
 1.41037e-11
 6.78789e-07
 8.84249e-07
 1.12459e-06
 1.41495e-06
 1.76805e-06
 2.19614e-06
 2.72202e-06
 3.34551e-06
 3.99146e-06
 4.57079e-06
 5.05600e-06
 5.42905e-06
 5.68358e-06
 5.82819e-06
 5.88564e-06
 5.87255e-06
 5.73195e-06
 5.31949e-06
 4.43482e-06
 3.09676e-06
 1.79195e-06
 8.90314e-07
 3.64898e-07
 1.11107e-07
 1.94896e-08
 1.13312e-09
 8.03494e-12
 6.21129e-07
 8.30626e-07
 1.07804e-06
 1.37624e-06
 1.73675e-06
 2.17061e-06
 2.69889e-06
 3.29917e-06
 3.88900e-06
 4.39980e-06
 4.81104e-06
 5.11257e-06
 5.30686e-06
 5.40662e-06
 5.43543e-06
 5.38666e-06
 5.18031e-06
 4.68089e-06
 3.73417e-06
 2.50216e-06
 1.43351e-06
 7.18701e-07
 2.98637e-07
 8.95129e-08
 1.40819e-08
 6.43274e-10
 4.00214e-12
 5.06872e-07
 7.00256e-07
 9.35509e-07
 1.22209e-06
 1.56985e-06
 1.98882e-06
 2.49239e-06
 3.03459e-06
 3.53782e-06
 3.96023e-06
 4.28842e-06
 4.51704e-06
 4.65123e-06
 4.70813e-06
 4.70184e-06
 4.59814e-06
 4.31495e-06
 3.75030e-06
 2.84542e-06
 1.83772e-06
 1.04356e-06
 5.17531e-07
 2.08460e-07
 5.80950e-08
 7.97271e-09
 3.08482e-10
 1.68088e-12
 3.65530e-07
 5.18194e-07
 7.12125e-07
 9.55733e-07
 1.25710e-06
 1.62376e-06
 2.04769e-06
 2.47284e-06
 2.84856e-06
 3.15511e-06
 3.38268e-06
 3.52937e-06
 3.60376e-06
 3.61953e-06
 3.56559e-06
 3.39531e-06
 3.06097e-06
 2.52065e-06
 1.81798e-06
 1.14516e-06
 6.41603e-07
 3.08711e-07
 1.17059e-07
 2.96611e-08
 3.61687e-09
 1.25880e-10
 5.72970e-13
 2.27068e-07
 3.30413e-07
 4.65530e-07
 6.40724e-07
 8.61825e-07
 1.12216e-06
 1.39687e-06
 1.65144e-06
 1.86723e-06
 2.03615e-06
 2.15380e-06
 2.22157e-06
 2.24844e-06
 2.23479e-06
 2.15514e-06
 1.98423e-06
 1.71531e-06
 1.34739e-06
 9.40852e-07
 5.87777e-07
 3.24015e-07
 1.50320e-07
 5.38493e-08
 1.26537e-08
 1.38166e-09
 4.13341e-11
 1.50250e-13
 1.03710e-07
 1.59128e-07
 2.33958e-07
 3.33393e-07
 4.58767e-07
 5.94445e-07
 7.22239e-07
 8.33786e-07
 9.25064e-07
 9.93667e-07
 1.03885e-06
 1.06229e-06
 1.06888e-06
 1.05279e-06
 9.96738e-07
 8.97984e-07
 7.62551e-07
 5.92052e-07
 4.10894e-07
 2.54095e-07
 1.36691e-07
 6.08465e-08
 2.05105e-08
 4.41939e-09
 4.16739e-10
 1.02961e-11
 2.79295e-14
 2.69152e-08
 4.56107e-08
 7.30629e-08
 1.11228e-07
 1.59649e-07
 2.11678e-07
 2.60750e-07
 3.04111e-07
 3.40045e-07
 3.67341e-07
 3.85639e-07
 3.95507e-07
 3.98640e-07
 3.92488e-07
 3.70236e-07
 3.31178e-07
 2.78601e-07
 2.13993e-07
 1.46383e-07
 8.85026e-08
 4.59557e-08
 1.94039e-08
 6.06034e-09
 1.16982e-09
 9.23355e-11
 1.80124e-12
 3.23462e-15
 3.69466e-09
 6.97582e-09
 1.23962e-08
 2.06085e-08
 3.21993e-08
 4.67283e-08
 6.21156e-08
 7.63899e-08
 8.86139e-08
 9.81692e-08
 1.04776e-07
 1.08534e-07
 1.09970e-07
 1.08795e-07
 1.03079e-07
 9.21754e-08
 7.70853e-08
 5.85070e-08
 3.92381e-08
 2.30133e-08
 1.14233e-08
 4.51735e-09
 1.28251e-09
 2.15141e-10
 1.37472e-11
 1.99696e-13
 1.92968e-16
 2.79499e-10
 5.83011e-10
 1.15274e-09
 2.11195e-09
 3.59889e-09
 5.73049e-09
 8.50144e-09
 1.15535e-08
 1.44058e-08
 1.67857e-08
 1.85398e-08
 1.96221e-08
 2.01109e-08
 2.00827e-08
 1.92400e-08
 1.73131e-08
 1.44377e-08
 1.08252e-08
 7.09721e-09
 4.01680e-09
 1.89051e-09
 6.91568e-10
 1.74955e-10
 2.46357e-11
 1.22825e-12
 1.24752e-14
 5.46748e-18
 1.29165e-11
 2.77233e-11
 5.83787e-11
 1.15336e-10
 2.12253e-10
 3.65390e-10
 5.89325e-10
 8.89039e-10
 1.23344e-09
 1.56141e-09
 1.82745e-09
 2.01038e-09
 2.10651e-09
 2.13189e-09
 2.07167e-09
 1.88488e-09
 1.57094e-09
 1.16355e-09
 7.44721e-10
 4.05023e-10
 1.79276e-10
 5.98853e-11
 1.32245e-11
 1.50824e-12
 5.65408e-14
 3.79916e-16
 6.74454e-20
 3.51564e-13
 6.92418e-13
 1.43401e-12
 2.92355e-12
 5.67471e-12
 1.03776e-11
 1.78228e-11
 2.87820e-11
 4.36482e-11
 6.10562e-11
 7.76961e-11
 9.07168e-11
 9.87972e-11
 1.02080e-10
 1.00729e-10
 9.28491e-11
 7.74371e-11
 5.66481e-11
 3.53596e-11
 1.83990e-11
 7.58344e-12
 2.27859e-12
 4.29504e-13
 3.83450e-14
 1.04544e-15
 4.45099e-18
 2.98011e-22
 2.02892e-15
 3.25544e-15
 7.25607e-15
 1.67927e-14
 3.59913e-14
 7.14708e-14
 1.32717e-13
 2.30752e-13
 3.75240e-13
 5.69242e-13
 7.92879e-13
 1.00242e-12
 1.15727e-12
 1.23753e-12
 1.24323e-12
 1.15980e-12
 9.69656e-13
 7.01055e-13
 4.25859e-13
 2.10635e-13
 7.97744e-14
 2.11638e-14
 3.32060e-15
 2.25116e-16
 4.34218e-18
 1.13499e-20
 2.73823e-25
