NodeMass
part
         1
coordinates
 7.76762e-40
 2.01783e-34
 4.95644e-31
 1.75745e-28
 1.91896e-26
 9.15953e-25
 2.33795e-23
 3.63909e-22
 3.78852e-21
 2.82384e-20
 1.58690e-19
 6.99740e-19
 2.49773e-18
 7.39651e-18
 1.85249e-17
 3.98366e-17
 7.44176e-17
 1.21823e-16
 1.75988e-16
 2.25303e-16
 2.55405e-16
 2.55369e-16
 2.24764e-16
 1.72908e-16
 1.10854e-16
 9.79140e-17
 3.71552e-16
 4.23282e-36
 4.22312e-31
 6.61237e-28
 1.73434e-25
 1.50655e-23
 5.97823e-22
 1.30788e-20
 1.78628e-19
 1.66397e-18
 1.12916e-17
 5.87005e-17
 2.43110e-16
 8.27149e-16
 2.36880e-15
 5.82080e-15
 1.24605e-14
 2.35163e-14
 3.94903e-14
 5.94179e-14
 8.07113e-14
 9.91547e-14
 1.09833e-13
 1.09627e-13
 9.96433e-14
 8.32323e-14
 7.93288e-14
 1.36508e-13
 4.87555e-33
 1.92599e-28
 1.94923e-25
 3.81806e-23
 2.65848e-21
 8.82646e-20
 1.66442e-18
 2.00462e-17
 1.67806e-16
 1.04028e-15
 5.01491e-15
 1.95295e-14
 6.33103e-14
 1.74964e-13
 4.20080e-13
 8.89513e-13
 1.68117e-12
 2.86290e-12
 4.42518e-12
 6.24610e-12
 8.10707e-12
 9.68085e-12
 1.06187e-11
 1.07479e-11
 1.02452e-11
 1.01355e-11
 1.25708e-11
 2.06064e-30
 3.35969e-26
 2.23887e-23
 3.31627e-21
 1.86912e-19
 5.23524e-18
 8.57039e-17
 9.15925e-16
 6.92646e-15
 3.93945e-14
 1.76644e-13
 6.47927e-13
 2.00158e-12
 5.32963e-12
 1.24602e-11
 2.59578e-11
 4.87620e-11
 8.33836e-11
 1.30777e-10
 1.89239e-10
 2.54060e-10
 3.18251e-10
 3.71978e-10
 4.06097e-10
 4.16699e-10
 4.23480e-10
 4.69355e-10
 3.92186e-28
 2.79636e-24
 1.25771e-21
 1.43203e-19
 6.61621e-18
 1.57968e-16
 2.26500e-15
 2.16427e-14
 1.48801e-13
 7.80424e-13
 3.26725e-12
 1.13140e-11
 3.33317e-11
 8.54364e-11
 1.93987e-10
 3.95836e-10
 7.34450e-10
 1.25085e-09
 1.97030e-09
 2.88767e-09
 3.95655e-09
 5.09604e-09
 6.18782e-09
 7.10975e-09
 7.65898e-09
 7.97373e-09
 8.53201e-09
 3.67973e-26
 1.24478e-22
 3.90463e-20
 3.49015e-18
 1.34286e-16
 2.76815e-15
 3.51360e-14
 3.02882e-13
 1.90742e-12
 9.28049e-12
 3.64398e-11
 1.19489e-10
 3.36193e-10
 8.29379e-10
 1.82552e-09
 3.63602e-09
 6.63013e-09
 1.11721e-08
 1.75296e-08
 2.57667e-08
 3.56446e-08
 4.66035e-08
 5.77527e-08
 6.86124e-08
 7.68186e-08
 8.18689e-08
 8.69573e-08
 1.76971e-24
 3.17638e-21
 7.24779e-19
 5.21991e-17
 1.70458e-15
 3.07939e-14
 3.50268e-13
 2.75173e-12
 1.60064e-11
 7.27375e-11
 2.69274e-10
 8.39224e-10
 2.25988e-09
 5.36850e-09
 1.14425e-08
 2.21892e-08
 3.96088e-08
 6.56928e-08
 1.02027e-07
 1.49290e-07
 2.06680e-07
 2.71863e-07
 3.41004e-07
 4.11366e-07
 4.74310e-07
 5.19696e-07
 5.53547e-07
 4.48242e-23
 4.89971e-20
 8.54915e-18
 5.11147e-16
 1.44700e-14
 2.32867e-13
 2.40518e-12
 1.74082e-11
 9.43743e-11
 4.03504e-10
 1.41664e-09
 4.21474e-09
 1.08925e-08
 2.49454e-08
 5.14645e-08
 9.69951e-08
 1.69015e-07
 2.74845e-07
 4.20672e-07
 6.09690e-07
 8.38812e-07
 1.10311e-06
 1.39303e-06
 1.69467e-06
 1.97619e-06
 2.20643e-06
 2.38022e-06
 6.34733e-22
 4.82463e-19
 6.77752e-17
 3.46869e-15
 8.69753e-14
 1.26761e-12
 1.20475e-11
 8.12228e-11
 4.14179e-10
 1.67902e-09
 5.62615e-09
 1.60575e-08
 3.99563e-08
 8.83514e-08
 1.76453e-07
 3.22941e-07
 5.48341e-07
 8.72286e-07
 1.31386e-06
 1.88363e-06
 2.55681e-06
 3.28657e-06
 3.98781e-06
 4.61754e-06
 5.14667e-06
 5.55071e-06
 5.87513e-06
 5.51756e-21
 3.22330e-18
 3.81411e-16
 1.71814e-14
 3.89249e-13
 5.21780e-12
 4.62161e-11
 2.93371e-10
 1.42014e-09
 5.50192e-09
 1.77153e-08
 4.87560e-08
 1.17193e-07
 2.50579e-07
 4.84675e-07
 8.61577e-07
 1.42329e-06
 2.21597e-06
 3.23519e-06
 4.35963e-06
 5.43206e-06
 6.39386e-06
 7.19477e-06
 7.80628e-06
 8.26285e-06
 8.61846e-06
 8.91782e-06
 3.22488e-20
 1.55076e-17
 1.60230e-15
 6.50393e-14
 1.35474e-12
 1.69405e-11
 1.41527e-10
 8.54733e-10
 3.96373e-09
 1.47941e-08
 4.60876e-08
 1.22912e-07
 2.86090e-07
 5.91890e-07
 1.10920e-06
 1.91742e-06
 3.06665e-06
 4.48272e-06
 5.91962e-06
 7.13819e-06
 8.02543e-06
 8.64070e-06
 9.09491e-06
 9.39309e-06
 9.57736e-06
 9.72769e-06
 9.84141e-06
 1.36154e-19
 5.65652e-17
 5.24708e-15
 1.95675e-13
 3.80569e-12
 4.49837e-11
 3.58588e-10
 2.08137e-09
 9.32840e-09
 3.38037e-08
 1.02528e-07
 2.65911e-07
 5.99811e-07
 1.19960e-06
 2.17763e-06
 3.61347e-06
 5.34579e-06
 6.95865e-06
 8.12053e-06
 8.83855e-06
 9.23002e-06
 9.40576e-06
 9.47353e-06
 9.42882e-06
 9.27591e-06
 9.04870e-06
 8.77971e-06
 4.40448e-19
 1.63207e-16
 1.38953e-14
 4.84336e-13
 8.93126e-12
 1.01135e-10
 7.78011e-10
 4.38109e-09
 1.91227e-08
 6.77184e-08
 2.00829e-07
 5.07152e-07
 1.10751e-06
 2.13642e-06
 3.71925e-06
 5.70293e-06
 7.48710e-06
 8.62609e-06
 9.17172e-06
 9.36915e-06
 9.35274e-06
 9.13474e-06
 8.72231e-06
 8.12922e-06
 7.41404e-06
 6.67648e-06
 6.04692e-06
 1.13246e-18
 3.84432e-16
 3.06992e-14
 1.01857e-12
 1.81294e-11
 1.99138e-10
 1.49093e-09
 8.19309e-09
 3.49736e-08
 1.21415e-07
 3.52101e-07
 8.64525e-07
 1.82609e-06
 3.40005e-06
 5.54293e-06
 7.59451e-06
 8.85302e-06
 9.34902e-06
 9.41354e-06
 9.20005e-06
 8.69684e-06
 7.88419e-06
 6.82159e-06
 5.68958e-06
 4.65490e-06
 3.78404e-06
 3.16609e-06
 7.76762e-40
 2.01783e-34
 4.95644e-31
 1.75745e-28
 1.91896e-26
 9.15953e-25
 2.33795e-23
 3.63909e-22
 3.78852e-21
 2.82384e-20
 1.58690e-19
 6.99740e-19
 2.49773e-18
 7.39651e-18
 1.85249e-17
 3.98366e-17
 7.44176e-17
 1.21823e-16
 1.75988e-16
 2.25303e-16
 2.55405e-16
 2.55369e-16
 2.24764e-16
 1.72908e-16
 1.10854e-16
 9.79140e-17
 3.71552e-16
 4.23282e-36
 4.22312e-31
 6.61237e-28
 1.73434e-25
 1.50655e-23
 5.97823e-22
 1.30788e-20
 1.78628e-19
 1.66397e-18
 1.12916e-17
 5.87005e-17
 2.43110e-16
 8.27149e-16
 2.36880e-15
 5.82080e-15
 1.24605e-14
 2.35163e-14
 3.94903e-14
 5.94179e-14
 8.07113e-14
 9.91547e-14
 1.09833e-13
 1.09627e-13
 9.96433e-14
 8.32323e-14
 7.93288e-14
 1.36508e-13
 4.87555e-33
 1.92599e-28
 1.94923e-25
 3.81806e-23
 2.65848e-21
 8.82646e-20
 1.66442e-18
 2.00462e-17
 1.67806e-16
 1.04028e-15
 5.01491e-15
 1.95295e-14
 6.33103e-14
 1.74964e-13
 4.20080e-13
 8.89513e-13
 1.68117e-12
 2.86290e-12
 4.42518e-12
 6.24610e-12
 8.10707e-12
 9.68085e-12
 1.06187e-11
 1.07479e-11
 1.02452e-11
 1.01355e-11
 1.25708e-11
 2.06064e-30
 3.35969e-26
 2.23887e-23
 3.31627e-21
 1.86912e-19
 5.23524e-18
 8.57039e-17
 9.15925e-16
 6.92646e-15
 3.93945e-14
 1.76644e-13
 6.47927e-13
 2.00158e-12
 5.32963e-12
 1.24602e-11
 2.59578e-11
 4.87620e-11
 8.33836e-11
 1.30777e-10
 1.89239e-10
 2.54060e-10
 3.18251e-10
 3.71978e-10
 4.06097e-10
 4.16699e-10
 4.23480e-10
 4.69355e-10
 3.92186e-28
 2.79636e-24
 1.25771e-21
 1.43203e-19
 6.61621e-18
 1.57968e-16
 2.26500e-15
 2.16427e-14
 1.48801e-13
 7.80424e-13
 3.26725e-12
 1.13140e-11
 3.33317e-11
 8.54364e-11
 1.93987e-10
 3.95836e-10
 7.34450e-10
 1.25085e-09
 1.97030e-09
 2.88767e-09
 3.95655e-09
 5.09604e-09
 6.18782e-09
 7.10975e-09
 7.65898e-09
 7.97373e-09
 8.53201e-09
 3.67973e-26
 1.24478e-22
 3.90463e-20
 3.49015e-18
 1.34286e-16
 2.76815e-15
 3.51360e-14
 3.02882e-13
 1.90742e-12
 9.28049e-12
 3.64398e-11
 1.19489e-10
 3.36193e-10
 8.29379e-10
 1.82552e-09
 3.63602e-09
 6.63013e-09
 1.11721e-08
 1.75296e-08
 2.57667e-08
 3.56446e-08
 4.66035e-08
 5.77527e-08
 6.86124e-08
 7.68186e-08
 8.18689e-08
 8.69573e-08
 1.76971e-24
 3.17638e-21
 7.24779e-19
 5.21991e-17
 1.70458e-15
 3.07939e-14
 3.50268e-13
 2.75173e-12
 1.60064e-11
 7.27375e-11
 2.69274e-10
 8.39224e-10
 2.25988e-09
 5.36850e-09
 1.14425e-08
 2.21892e-08
 3.96088e-08
 6.56928e-08
 1.02027e-07
 1.49290e-07
 2.06680e-07
 2.71863e-07
 3.41004e-07
 4.11366e-07
 4.74310e-07
 5.19696e-07
 5.53547e-07
 4.48242e-23
 4.89971e-20
 8.54915e-18
 5.11147e-16
 1.44700e-14
 2.32867e-13
 2.40518e-12
 1.74082e-11
 9.43743e-11
 4.03504e-10
 1.41664e-09
 4.21474e-09
 1.08925e-08
 2.49454e-08
 5.14645e-08
 9.69951e-08
 1.69015e-07
 2.74845e-07
 4.20672e-07
 6.09690e-07
 8.38812e-07
 1.10311e-06
 1.39303e-06
 1.69467e-06
 1.97619e-06
 2.20643e-06
 2.38022e-06
 6.34733e-22
 4.82463e-19
 6.77752e-17
 3.46869e-15
 8.69753e-14
 1.26761e-12
 1.20475e-11
 8.12228e-11
 4.14179e-10
 1.67902e-09
 5.62615e-09
 1.60575e-08
 3.99563e-08
 8.83514e-08
 1.76453e-07
 3.22941e-07
 5.48341e-07
 8.72286e-07
 1.31386e-06
 1.88363e-06
 2.55681e-06
 3.28657e-06
 3.98781e-06
 4.61754e-06
 5.14667e-06
 5.55071e-06
 5.87513e-06
 5.51756e-21
 3.22330e-18
 3.81411e-16
 1.71814e-14
 3.89249e-13
 5.21780e-12
 4.62161e-11
 2.93371e-10
 1.42014e-09
 5.50192e-09
 1.77153e-08
 4.87560e-08
 1.17193e-07
 2.50579e-07
 4.84675e-07
 8.61577e-07
 1.42329e-06
 2.21597e-06
 3.23519e-06
 4.35963e-06
 5.43206e-06
 6.39386e-06
 7.19477e-06
 7.80628e-06
 8.26285e-06
 8.61846e-06
 8.91782e-06
 3.22488e-20
 1.55076e-17
 1.60230e-15
 6.50393e-14
 1.35474e-12
 1.69405e-11
 1.41527e-10
 8.54733e-10
 3.96373e-09
 1.47941e-08
 4.60876e-08
 1.22912e-07
 2.86090e-07
 5.91890e-07
 1.10920e-06
 1.91742e-06
 3.06665e-06
 4.48272e-06
 5.91962e-06
 7.13819e-06
 8.02543e-06
 8.64070e-06
 9.09491e-06
 9.39309e-06
 9.57736e-06
 9.72769e-06
 9.84141e-06
 1.36154e-19
 5.65652e-17
 5.24708e-15
 1.95675e-13
 3.80569e-12
 4.49837e-11
 3.58588e-10
 2.08137e-09
 9.32840e-09
 3.38037e-08
 1.02528e-07
 2.65911e-07
 5.99811e-07
 1.19960e-06
 2.17763e-06
 3.61347e-06
 5.34579e-06
 6.95865e-06
 8.12053e-06
 8.83855e-06
 9.23002e-06
 9.40576e-06
 9.47353e-06
 9.42882e-06
 9.27591e-06
 9.04870e-06
 8.77971e-06
 4.40448e-19
 1.63207e-16
 1.38953e-14
 4.84336e-13
 8.93126e-12
 1.01135e-10
 7.78011e-10
 4.38109e-09
 1.91227e-08
 6.77184e-08
 2.00829e-07
 5.07152e-07
 1.10751e-06
 2.13642e-06
 3.71925e-06
 5.70293e-06
 7.48710e-06
 8.62609e-06
 9.17172e-06
 9.36915e-06
 9.35274e-06
 9.13474e-06
 8.72231e-06
 8.12922e-06
 7.41404e-06
 6.67648e-06
 6.04692e-06
 1.13246e-18
 3.84432e-16
 3.06992e-14
 1.01857e-12
 1.81294e-11
 1.99138e-10
 1.49093e-09
 8.19309e-09
 3.49736e-08
 1.21415e-07
 3.52101e-07
 8.64525e-07
 1.82609e-06
 3.40005e-06
 5.54293e-06
 7.59451e-06
 8.85302e-06
 9.34902e-06
 9.41354e-06
 9.20005e-06
 8.69684e-06
 7.88419e-06
 6.82159e-06
 5.68958e-06
 4.65490e-06
 3.78404e-06
 3.16609e-06
part
         2
coordinates
 1.10854e-16
 9.79140e-17
 3.71552e-16
 1.39887e-15
 3.64780e-15
 7.17635e-15
 1.14621e-14
 1.53054e-14
 1.72169e-14
 1.68351e-14
 1.45887e-14
 1.10632e-14
 7.30195e-15
 4.18878e-15
 2.06796e-15
 8.55712e-16
 2.87679e-16
 7.51709e-17
 1.43062e-17
 1.79908e-18
 1.29572e-19
 4.54203e-21
 7.17457e-23
 5.05678e-25
 1.49908e-27
 1.55612e-30
 3.30345e-34
 8.32323e-14
 7.93288e-14
 1.36508e-13
 3.30250e-13
 7.28000e-13
 1.33526e-12
 2.05977e-12
 2.67392e-12
 2.94159e-12
 2.88284e-12
 2.56951e-12
 2.01389e-12
 1.36719e-12
 8.13562e-13
 4.27012e-13
 1.91771e-13
 7.16111e-14
 2.14289e-14
 4.88105e-15
 7.87413e-16
 8.16850e-17
 4.90621e-18
 1.57840e-19
 2.54550e-21
 1.85813e-23
 4.98002e-26
 2.81817e-29
 1.02452e-11
 1.01355e-11
 1.25708e-11
 2.04242e-11
 3.61473e-11
 6.00482e-11
 8.94993e-11
 1.12943e-10
 1.21371e-10
 1.19139e-10
 1.08384e-10
 8.79713e-11
 6.18578e-11
 3.80134e-11
 2.09281e-11
 1.00435e-11
 4.07900e-12
 1.35605e-12
 3.52993e-13
 6.77073e-14
 8.83036e-15
 7.13839e-16
 3.28643e-17
 7.92974e-19
 8.92447e-21
 3.76286e-23
 3.39654e-26
 4.16699e-10
 4.23480e-10
 4.69355e-10
 5.97593e-10
 8.43114e-10
 1.21950e-09
 1.69844e-09
 2.07130e-09
 2.18860e-09
 2.14178e-09
 1.96353e-09
 1.63029e-09
 1.18554e-09
 7.54110e-10
 4.31381e-10
 2.18765e-10
 9.53286e-11
 3.45812e-11
 1.00298e-11
 2.20264e-12
 3.40759e-13
 3.40374e-14
 2.00872e-15
 6.38564e-17
 9.64941e-19
 5.53339e-21
 6.85308e-24
 7.65898e-09
 7.97373e-09
 8.53201e-09
 9.66887e-09
 1.16408e-08
 1.46394e-08
 1.85706e-08
 2.14969e-08
 2.21934e-08
 2.15627e-08
 1.97677e-08
 1.66206e-08
 1.24009e-08
 8.13815e-09
 4.81495e-09
 2.55971e-09
 1.18507e-09
 4.63336e-10
 1.47300e-10
 3.62029e-11
 6.43143e-12
 7.59267e-13
 5.43596e-14
 2.13842e-15
 4.05436e-17
 2.94460e-19
 4.64849e-22
 7.68186e-08
 8.18689e-08
 8.69573e-08
 9.38561e-08
 1.03549e-07
 1.17474e-07
 1.35157e-07
 1.46406e-07
 1.46844e-07
 1.40978e-07
 1.28236e-07
 1.08164e-07
 8.21439e-08
 5.53875e-08
 3.38027e-08
 1.87264e-08
 9.14185e-09
 3.81682e-09
 1.31447e-09
 3.55964e-10
 7.10961e-11
 9.64789e-12
 8.10144e-13
 3.79599e-14
 8.66526e-16
 7.63297e-18
 1.46873e-20
 4.74310e-07
 5.19696e-07
 5.53547e-07
 5.85588e-07
 6.19482e-07
 6.63122e-07
 7.03585e-07
 7.15433e-07
 6.98495e-07
 6.57213e-07
 5.89243e-07
 4.95648e-07
 3.81095e-07
 2.63131e-07
 1.65311e-07
 9.50229e-08
 4.86334e-08
 2.15286e-08
 7.95960e-09
 2.34741e-09
 5.19091e-10
 7.93961e-11
 7.63723e-12
 4.15038e-13
 1.10836e-14
 1.14885e-16
 2.61149e-19
 1.97619e-06
 2.20643e-06
 2.38022e-06
 2.50418e-06
 2.56349e-06
 2.56958e-06
 2.53493e-06
 2.44049e-06
 2.29258e-06
 2.09648e-06
 1.85325e-06
 1.56517e-06
 1.23790e-06
 8.97150e-07
 5.93149e-07
 3.57499e-07
 1.92167e-07
 8.98923e-08
 3.54495e-08
 1.12826e-08
 2.72964e-09
 4.63550e-10
 5.01693e-11
 3.09851e-12
 9.46854e-14
 1.12818e-15
 2.95691e-18
 5.14667e-06
 5.55071e-06
 5.87513e-06
 6.08556e-06
 6.12945e-06
 6.04840e-06
 5.87753e-06
 5.61557e-06
 5.26915e-06
 4.83937e-06
 4.31724e-06
 3.69413e-06
 2.99699e-06
 2.27532e-06
 1.59516e-06
 1.02153e-06
 5.84475e-07
 2.91307e-07
 1.22723e-07
 4.19810e-08
 1.10203e-08
 2.05395e-09
 2.46576e-10
 1.70257e-11
 5.84666e-13
 7.85382e-15
 2.32554e-17
 8.26285e-06
 8.61846e-06
 8.91782e-06
 9.08332e-06
 9.09241e-06
 9.00369e-06
 8.81608e-06
 8.51765e-06
 8.10951e-06
 7.60505e-06
 7.01229e-06
 6.31624e-06
 5.49035e-06
 4.51320e-06
 3.42286e-06
 2.34311e-06
 1.42709e-06
 7.61292e-07
 3.43729e-07
 1.26303e-07
 3.58049e-08
 7.26350e-09
 9.56497e-10
 7.28488e-11
 2.76830e-12
 4.12219e-14
 1.35428e-16
 9.57736e-06
 9.72769e-06
 9.84141e-06
 9.86813e-06
 9.81288e-06
 9.70145e-06
 9.53873e-06
 9.31476e-06
 9.01067e-06
 8.63662e-06
 8.23143e-06
 7.80769e-06
 7.29983e-06
 6.59742e-06
 5.61571e-06
 4.33561e-06
 2.92560e-06
 1.68371e-06
 8.09961e-07
 3.18650e-07
 9.71614e-08
 2.13188e-08
 3.05216e-09
 2.53514e-10
 1.05180e-11
 1.70990e-13
 6.12987e-16
 9.27591e-06
 9.04870e-06
 8.77971e-06
 8.50890e-06
 8.31638e-06
 8.22276e-06
 8.18148e-06
 8.17064e-06
 8.15670e-06
 8.10408e-06
 8.00635e-06
 7.87955e-06
 7.71364e-06
 7.46243e-06
 7.02000e-06
 6.18290e-06
 4.82757e-06
 3.15988e-06
 1.66413e-06
 6.95829e-07
 2.26944e-07
 5.35354e-08
 8.26916e-09
 7.41724e-10
 3.31970e-11
 5.81037e-13
 2.23761e-15
 7.41404e-06
 6.67648e-06
 6.04692e-06
 5.53133e-06
 5.22907e-06
 5.20960e-06
 5.35288e-06
 5.62833e-06
 6.01865e-06
 6.45501e-06
 6.84621e-06
 7.14191e-06
 7.33269e-06
 7.41848e-06
 7.36334e-06
 7.07819e-06
 6.31934e-06
 4.85893e-06
 2.96737e-06
 1.36674e-06
 4.71945e-07
 1.18723e-07
 1.96216e-08
 1.88201e-09
 8.97930e-11
 1.66873e-12
 6.79629e-15
 4.65490e-06
 3.78404e-06
 3.16609e-06
 2.71994e-06
 2.44644e-06
 2.42547e-06
 2.57186e-06
 2.87852e-06
 3.36391e-06
 4.01799e-06
 4.78583e-06
 5.56852e-06
 6.26993e-06
 6.81151e-06
 7.12872e-06
 7.20971e-06
 6.98846e-06
 6.15745e-06
 4.45280e-06
 2.38012e-06
 8.93502e-07
 2.37679e-07
 4.16548e-08
 4.22943e-09
 2.12613e-10
 4.13927e-12
 1.75569e-14
 1.10854e-16
 9.79140e-17
 3.71552e-16
 1.39887e-15
 3.64780e-15
 7.17635e-15
 1.14621e-14
 1.53054e-14
 1.72169e-14
 1.68351e-14
 1.45887e-14
 1.10632e-14
 7.30195e-15
 4.18878e-15
 2.06796e-15
 8.55712e-16
 2.87679e-16
 7.51709e-17
 1.43062e-17
 1.79908e-18
 1.29572e-19
 4.54203e-21
 7.17457e-23
 5.05678e-25
 1.49908e-27
 1.55612e-30
 3.30345e-34
 8.32323e-14
 7.93288e-14
 1.36508e-13
 3.30250e-13
 7.28000e-13
 1.33526e-12
 2.05977e-12
 2.67392e-12
 2.94159e-12
 2.88284e-12
 2.56951e-12
 2.01389e-12
 1.36719e-12
 8.13562e-13
 4.27012e-13
 1.91771e-13
 7.16111e-14
 2.14289e-14
 4.88105e-15
 7.87413e-16
 8.16850e-17
 4.90621e-18
 1.57840e-19
 2.54550e-21
 1.85813e-23
 4.98002e-26
 2.81817e-29
 1.02452e-11
 1.01355e-11
 1.25708e-11
 2.04242e-11
 3.61473e-11
 6.00482e-11
 8.94993e-11
 1.12943e-10
 1.21371e-10
 1.19139e-10
 1.08384e-10
 8.79713e-11
 6.18578e-11
 3.80134e-11
 2.09281e-11
 1.00435e-11
 4.07900e-12
 1.35605e-12
 3.52993e-13
 6.77073e-14
 8.83036e-15
 7.13839e-16
 3.28643e-17
 7.92974e-19
 8.92447e-21
 3.76286e-23
 3.39654e-26
 4.16699e-10
 4.23480e-10
 4.69355e-10
 5.97593e-10
 8.43114e-10
 1.21950e-09
 1.69844e-09
 2.07130e-09
 2.18860e-09
 2.14178e-09
 1.96353e-09
 1.63029e-09
 1.18554e-09
 7.54110e-10
 4.31381e-10
 2.18765e-10
 9.53286e-11
 3.45812e-11
 1.00298e-11
 2.20264e-12
 3.40759e-13
 3.40374e-14
 2.00872e-15
 6.38564e-17
 9.64941e-19
 5.53339e-21
 6.85308e-24
 7.65898e-09
 7.97373e-09
 8.53201e-09
 9.66887e-09
 1.16408e-08
 1.46394e-08
 1.85706e-08
 2.14969e-08
 2.21934e-08
 2.15627e-08
 1.97677e-08
 1.66206e-08
 1.24009e-08
 8.13815e-09
 4.81495e-09
 2.55971e-09
 1.18507e-09
 4.63336e-10
 1.47300e-10
 3.62029e-11
 6.43143e-12
 7.59267e-13
 5.43596e-14
 2.13842e-15
 4.05436e-17
 2.94460e-19
 4.64849e-22
 7.68186e-08
 8.18689e-08
 8.69573e-08
 9.38561e-08
 1.03549e-07
 1.17474e-07
 1.35157e-07
 1.46406e-07
 1.46844e-07
 1.40978e-07
 1.28236e-07
 1.08164e-07
 8.21439e-08
 5.53875e-08
 3.38027e-08
 1.87264e-08
 9.14185e-09
 3.81682e-09
 1.31447e-09
 3.55964e-10
 7.10961e-11
 9.64789e-12
 8.10144e-13
 3.79599e-14
 8.66526e-16
 7.63297e-18
 1.46873e-20
 4.74310e-07
 5.19696e-07
 5.53547e-07
 5.85588e-07
 6.19482e-07
 6.63122e-07
 7.03585e-07
 7.15433e-07
 6.98495e-07
 6.57213e-07
 5.89243e-07
 4.95648e-07
 3.81095e-07
 2.63131e-07
 1.65311e-07
 9.50229e-08
 4.86334e-08
 2.15286e-08
 7.95960e-09
 2.34741e-09
 5.19091e-10
 7.93961e-11
 7.63723e-12
 4.15038e-13
 1.10836e-14
 1.14885e-16
 2.61149e-19
 1.97619e-06
 2.20643e-06
 2.38022e-06
 2.50418e-06
 2.56349e-06
 2.56958e-06
 2.53493e-06
 2.44049e-06
 2.29258e-06
 2.09648e-06
 1.85325e-06
 1.56517e-06
 1.23790e-06
 8.97150e-07
 5.93149e-07
 3.57499e-07
 1.92167e-07
 8.98923e-08
 3.54495e-08
 1.12826e-08
 2.72964e-09
 4.63550e-10
 5.01693e-11
 3.09851e-12
 9.46854e-14
 1.12818e-15
 2.95691e-18
 5.14667e-06
 5.55071e-06
 5.87513e-06
 6.08556e-06
 6.12945e-06
 6.04840e-06
 5.87753e-06
 5.61557e-06
 5.26915e-06
 4.83937e-06
 4.31724e-06
 3.69413e-06
 2.99699e-06
 2.27532e-06
 1.59516e-06
 1.02153e-06
 5.84475e-07
 2.91307e-07
 1.22723e-07
 4.19810e-08
 1.10203e-08
 2.05395e-09
 2.46576e-10
 1.70257e-11
 5.84666e-13
 7.85382e-15
 2.32554e-17
 8.26285e-06
 8.61846e-06
 8.91782e-06
 9.08332e-06
 9.09241e-06
 9.00369e-06
 8.81608e-06
 8.51765e-06
 8.10951e-06
 7.60505e-06
 7.01229e-06
 6.31624e-06
 5.49035e-06
 4.51320e-06
 3.42286e-06
 2.34311e-06
 1.42709e-06
 7.61292e-07
 3.43729e-07
 1.26303e-07
 3.58049e-08
 7.26350e-09
 9.56497e-10
 7.28488e-11
 2.76830e-12
 4.12219e-14
 1.35428e-16
 9.57736e-06
 9.72769e-06
 9.84141e-06
 9.86813e-06
 9.81288e-06
 9.70145e-06
 9.53873e-06
 9.31476e-06
 9.01067e-06
 8.63662e-06
 8.23143e-06
 7.80769e-06
 7.29983e-06
 6.59742e-06
 5.61571e-06
 4.33561e-06
 2.92560e-06
 1.68371e-06
 8.09961e-07
 3.18650e-07
 9.71614e-08
 2.13188e-08
 3.05216e-09
 2.53514e-10
 1.05180e-11
 1.70990e-13
 6.12987e-16
 9.27591e-06
 9.04870e-06
 8.77971e-06
 8.50890e-06
 8.31638e-06
 8.22276e-06
 8.18148e-06
 8.17064e-06
 8.15670e-06
 8.10408e-06
 8.00635e-06
 7.87955e-06
 7.71364e-06
 7.46243e-06
 7.02000e-06
 6.18290e-06
 4.82757e-06
 3.15988e-06
 1.66413e-06
 6.95829e-07
 2.26944e-07
 5.35354e-08
 8.26916e-09
 7.41724e-10
 3.31970e-11
 5.81037e-13
 2.23761e-15
 7.41404e-06
 6.67648e-06
 6.04692e-06
 5.53133e-06
 5.22907e-06
 5.20960e-06
 5.35288e-06
 5.62833e-06
 6.01865e-06
 6.45501e-06
 6.84621e-06
 7.14191e-06
 7.33269e-06
 7.41848e-06
 7.36334e-06
 7.07819e-06
 6.31934e-06
 4.85893e-06
 2.96737e-06
 1.36674e-06
 4.71945e-07
 1.18723e-07
 1.96216e-08
 1.88201e-09
 8.97930e-11
 1.66873e-12
 6.79629e-15
 4.65490e-06
 3.78404e-06
 3.16609e-06
 2.71994e-06
 2.44644e-06
 2.42547e-06
 2.57186e-06
 2.87852e-06
 3.36391e-06
 4.01799e-06
 4.78583e-06
 5.56852e-06
 6.26993e-06
 6.81151e-06
 7.12872e-06
 7.20971e-06
 6.98846e-06
 6.15745e-06
 4.45280e-06
 2.38012e-06
 8.93502e-07
 2.37679e-07
 4.16548e-08
 4.22943e-09
 2.12613e-10
 4.13927e-12
 1.75569e-14
part
         3
coordinates
 1.36154e-19
 5.65652e-17
 5.24708e-15
 1.95675e-13
 3.80569e-12
 4.49837e-11
 3.58588e-10
 2.08137e-09
 9.32840e-09
 3.38037e-08
 1.02528e-07
 2.65911e-07
 5.99811e-07
 1.19960e-06
 2.17763e-06
 3.61347e-06
 5.34579e-06
 6.95865e-06
 8.12053e-06
 8.83855e-06
 9.23002e-06
 9.40576e-06
 9.47353e-06
 9.42882e-06
 9.27591e-06
 9.04870e-06
 8.77971e-06
 4.40448e-19
 1.63207e-16
 1.38953e-14
 4.84336e-13
 8.93126e-12
 1.01135e-10
 7.78011e-10
 4.38109e-09
 1.91227e-08
 6.77184e-08
 2.00829e-07
 5.07152e-07
 1.10751e-06
 2.13642e-06
 3.71925e-06
 5.70293e-06
 7.48710e-06
 8.62609e-06
 9.17172e-06
 9.36915e-06
 9.35274e-06
 9.13474e-06
 8.72231e-06
 8.12922e-06
 7.41404e-06
 6.67648e-06
 6.04692e-06
 1.13246e-18
 3.84432e-16
 3.06992e-14
 1.01857e-12
 1.81294e-11
 1.99138e-10
 1.49093e-09
 8.19309e-09
 3.49736e-08
 1.21415e-07
 3.52101e-07
 8.64525e-07
 1.82609e-06
 3.40005e-06
 5.54293e-06
 7.59451e-06
 8.85302e-06
 9.34902e-06
 9.41354e-06
 9.20005e-06
 8.69684e-06
 7.88419e-06
 6.82159e-06
 5.68958e-06
 4.65490e-06
 3.78404e-06
 3.16609e-06
 2.38349e-18
 7.66594e-16
 5.87810e-14
 1.86947e-12
 3.19503e-11
 3.38723e-10
 2.46955e-09
 1.33277e-08
 5.62527e-08
 1.93834e-07
 5.53965e-07
 1.32643e-06
 2.71964e-06
 4.86915e-06
 7.26447e-06
 8.89058e-06
 9.49823e-06
 9.51985e-06
 9.17662e-06
 8.42444e-06
 7.23783e-06
 5.79606e-06
 4.39633e-06
 3.25713e-06
 2.42779e-06
 1.83462e-06
 1.43832e-06
 4.22418e-18
 1.29774e-15
 9.39443e-14
 2.83998e-12
 4.64840e-11
 4.78234e-10
 3.42842e-09
 1.84059e-08
 7.79625e-08
 2.70644e-07
 7.74590e-07
 1.83303e-06
 3.69239e-06
 6.31661e-06
 8.61646e-06
 9.65025e-06
 9.76714e-06
 9.38418e-06
 8.48385e-06
 7.01884e-06
 5.25660e-06
 3.65592e-06
 2.47837e-06
 1.69225e-06
 1.17340e-06
 8.27084e-07
 6.07064e-07
 6.26136e-18
 1.81039e-15
 1.23216e-13
 3.56935e-12
 5.66823e-11
 5.75009e-10
 4.11431e-09
 2.22832e-08
 9.59807e-08
 3.39577e-07
 9.87994e-07
 2.34317e-06
 4.67510e-06
 7.58797e-06
 9.58615e-06
 1.01097e-05
 9.84073e-06
 8.94819e-06
 7.33152e-06
 5.27392e-06
 3.41500e-06
 2.12679e-06
 1.32723e-06
 8.37822e-07
 5.38368e-07
 3.52467e-07
 2.40817e-07
 7.75894e-18
 2.11432e-15
 1.38415e-13
 3.92365e-12
 6.15016e-11
 6.22587e-10
 4.48642e-09
 2.47332e-08
 1.09416e-07
 3.98210e-07
 1.19128e-06
 2.85471e-06
 5.62524e-06
 8.64487e-06
 1.02703e-05
 1.04095e-05
 9.73092e-06
 8.18828e-06
 5.90673e-06
 3.66142e-06
 2.11157e-06
 1.20577e-06
 6.90577e-07
 4.00377e-07
 2.36565e-07
 1.42800e-07
 9.02394e-08
 8.24468e-18
 2.18145e-15
 1.40579e-13
 3.94498e-12
 6.16941e-11
 6.28186e-10
 4.58892e-09
 2.58284e-08
 1.17902e-07
 4.44435e-07
 1.37784e-06
 3.35008e-06
 6.47651e-06
 9.47448e-06
 1.07582e-05
 1.05766e-05
 9.41570e-06
 7.18997e-06
 4.53026e-06
 2.47649e-06
 1.30466e-06
 6.79720e-07
 3.54305e-07
 1.86675e-07
 1.00293e-07
 5.53234e-08
 3.21740e-08
 7.36218e-18
 1.94027e-15
 1.24392e-13
 3.45284e-12
 5.43113e-11
 5.65177e-10
 4.30498e-09
 2.55265e-08
 1.21677e-07
 4.77668e-07
 1.53878e-06
 3.80115e-06
 7.18496e-06
 1.00815e-05
 1.10906e-05
 1.06214e-05
 8.96015e-06
 6.19170e-06
 3.46011e-06
 1.72635e-06
 8.33325e-07
 3.93924e-07
 1.84768e-07
 8.71216e-08
 4.20213e-08
 2.12029e-08
 1.16880e-08
 5.31965e-18
 1.38745e-15
 8.79677e-14
 2.44258e-12
 3.96739e-11
 4.39780e-10
 3.65892e-09
 2.37412e-08
 1.21512e-07
 4.99117e-07
 1.66461e-06
 4.17435e-06
 7.72372e-06
 1.04831e-05
 1.12942e-05
 1.06003e-05
 8.52254e-06
 5.42694e-06
 2.77123e-06
 1.29804e-06
 5.80212e-07
 2.49922e-07
 1.05059e-07
 4.38006e-08
 1.90391e-08
 9.54727e-09
 6.14049e-09
 3.09449e-18
 7.97401e-16
 5.05190e-14
 1.46913e-12
 2.62225e-11
 3.29386e-10
 3.08550e-09
 2.18759e-08
 1.19481e-07
 5.10763e-07
 1.74721e-06
 4.43905e-06
 8.07777e-06
 1.07078e-05
 1.13989e-05
 1.05731e-05
 8.22075e-06
 4.97306e-06
 2.42428e-06
 1.09654e-06
 4.66368e-07
 1.88284e-07
 7.28354e-08
 2.74321e-08
 1.14982e-08
 7.19869e-09
 6.75176e-09
 1.40192e-18
 3.76011e-16
 2.55091e-14
 8.45458e-13
 1.80080e-11
 2.65559e-10
 2.77691e-09
 2.09789e-08
 1.18211e-07
 5.16046e-07
 1.78503e-06
 4.57945e-06
 8.25285e-06
 1.07945e-05
 1.14343e-05
 1.05701e-05
 8.10757e-06
 4.81546e-06
 2.32760e-06
 1.04403e-06
 4.37883e-07
 1.73548e-07
 6.55959e-08
 2.41560e-08
 1.10096e-08
 9.40539e-09
 1.21357e-08
 4.55333e-19
 1.40737e-16
 1.17720e-14
 5.15411e-13
 1.38755e-11
 2.35656e-10
 2.64346e-09
 2.06160e-08
 1.17859e-07
 5.16227e-07
 1.75723e-06
 4.56622e-06
 8.22956e-06
 1.07231e-05
 1.13968e-05
 1.06646e-05
 8.37159e-06
 5.13548e-06
 2.58368e-06
 1.20355e-06
 5.27813e-07
 2.21535e-07
 8.99820e-08
 3.54973e-08
 1.67851e-08
 1.62983e-08
 2.60701e-08
 9.72038e-20
 4.73086e-17
 6.43550e-15
 3.95861e-13
 1.25634e-11
 2.28539e-10
 2.62508e-09
 2.05213e-08
 1.16586e-07
 5.00503e-07
 1.65851e-06
 4.35288e-06
 7.91987e-06
 1.04272e-05
 1.12619e-05
 1.08139e-05
 8.94705e-06
 5.92260e-06
 3.21856e-06
 1.61295e-06
 7.71994e-07
 3.59697e-07
 1.64626e-07
 7.32671e-08
 3.43804e-08
 3.12592e-08
 5.83568e-08
 2.33430e-20
 2.82154e-17
 5.77978e-15
 4.06285e-13
 1.32483e-11
 2.38193e-10
 2.67720e-09
 2.05012e-08
 1.12976e-07
 4.65662e-07
 1.51556e-06
 3.99147e-06
 7.41519e-06
 1.00048e-05
 1.10608e-05
 1.09175e-05
 9.56622e-06
 6.97165e-06
 4.19906e-06
 2.30189e-06
 1.22142e-06
 6.39876e-07
 3.34464e-07
 1.75242e-07
 9.65529e-08
 8.66375e-08
 1.52878e-07
 1.36154e-19
 5.65652e-17
 5.24708e-15
 1.95675e-13
 3.80569e-12
 4.49837e-11
 3.58588e-10
 2.08137e-09
 9.32840e-09
 3.38037e-08
 1.02528e-07
 2.65911e-07
 5.99811e-07
 1.19960e-06
 2.17763e-06
 3.61347e-06
 5.34579e-06
 6.95865e-06
 8.12053e-06
 8.83855e-06
 9.23002e-06
 9.40576e-06
 9.47353e-06
 9.42882e-06
 9.27591e-06
 9.04870e-06
 8.77971e-06
 4.40448e-19
 1.63207e-16
 1.38953e-14
 4.84336e-13
 8.93126e-12
 1.01135e-10
 7.78011e-10
 4.38109e-09
 1.91227e-08
 6.77184e-08
 2.00829e-07
 5.07152e-07
 1.10751e-06
 2.13642e-06
 3.71925e-06
 5.70293e-06
 7.48710e-06
 8.62609e-06
 9.17172e-06
 9.36915e-06
 9.35274e-06
 9.13474e-06
 8.72231e-06
 8.12922e-06
 7.41404e-06
 6.67648e-06
 6.04692e-06
 1.13246e-18
 3.84432e-16
 3.06992e-14
 1.01857e-12
 1.81294e-11
 1.99138e-10
 1.49093e-09
 8.19309e-09
 3.49736e-08
 1.21415e-07
 3.52101e-07
 8.64525e-07
 1.82609e-06
 3.40005e-06
 5.54293e-06
 7.59451e-06
 8.85302e-06
 9.34902e-06
 9.41354e-06
 9.20005e-06
 8.69684e-06
 7.88419e-06
 6.82159e-06
 5.68958e-06
 4.65490e-06
 3.78404e-06
 3.16609e-06
 2.38349e-18
 7.66594e-16
 5.87810e-14
 1.86947e-12
 3.19503e-11
 3.38723e-10
 2.46955e-09
 1.33277e-08
 5.62527e-08
 1.93834e-07
 5.53965e-07
 1.32643e-06
 2.71964e-06
 4.86915e-06
 7.26447e-06
 8.89058e-06
 9.49823e-06
 9.51985e-06
 9.17662e-06
 8.42444e-06
 7.23783e-06
 5.79606e-06
 4.39633e-06
 3.25713e-06
 2.42779e-06
 1.83462e-06
 1.43832e-06
 4.22418e-18
 1.29774e-15
 9.39443e-14
 2.83998e-12
 4.64840e-11
 4.78234e-10
 3.42842e-09
 1.84059e-08
 7.79625e-08
 2.70644e-07
 7.74590e-07
 1.83303e-06
 3.69239e-06
 6.31661e-06
 8.61646e-06
 9.65025e-06
 9.76714e-06
 9.38418e-06
 8.48385e-06
 7.01884e-06
 5.25660e-06
 3.65592e-06
 2.47837e-06
 1.69225e-06
 1.17340e-06
 8.27084e-07
 6.07064e-07
 6.26136e-18
 1.81039e-15
 1.23216e-13
 3.56935e-12
 5.66823e-11
 5.75009e-10
 4.11431e-09
 2.22832e-08
 9.59807e-08
 3.39577e-07
 9.87994e-07
 2.34317e-06
 4.67510e-06
 7.58797e-06
 9.58615e-06
 1.01097e-05
 9.84073e-06
 8.94819e-06
 7.33152e-06
 5.27392e-06
 3.41500e-06
 2.12679e-06
 1.32723e-06
 8.37822e-07
 5.38368e-07
 3.52467e-07
 2.40817e-07
 7.75894e-18
 2.11432e-15
 1.38415e-13
 3.92365e-12
 6.15016e-11
 6.22587e-10
 4.48642e-09
 2.47332e-08
 1.09416e-07
 3.98210e-07
 1.19128e-06
 2.85471e-06
 5.62524e-06
 8.64487e-06
 1.02703e-05
 1.04095e-05
 9.73092e-06
 8.18828e-06
 5.90673e-06
 3.66142e-06
 2.11157e-06
 1.20577e-06
 6.90577e-07
 4.00377e-07
 2.36565e-07
 1.42800e-07
 9.02394e-08
 8.24468e-18
 2.18145e-15
 1.40579e-13
 3.94498e-12
 6.16941e-11
 6.28186e-10
 4.58892e-09
 2.58284e-08
 1.17902e-07
 4.44435e-07
 1.37784e-06
 3.35008e-06
 6.47651e-06
 9.47448e-06
 1.07582e-05
 1.05766e-05
 9.41570e-06
 7.18997e-06
 4.53026e-06
 2.47649e-06
 1.30466e-06
 6.79720e-07
 3.54305e-07
 1.86675e-07
 1.00293e-07
 5.53234e-08
 3.21740e-08
 7.36218e-18
 1.94027e-15
 1.24392e-13
 3.45284e-12
 5.43113e-11
 5.65177e-10
 4.30498e-09
 2.55265e-08
 1.21677e-07
 4.77668e-07
 1.53878e-06
 3.80115e-06
 7.18496e-06
 1.00815e-05
 1.10906e-05
 1.06214e-05
 8.96015e-06
 6.19170e-06
 3.46011e-06
 1.72635e-06
 8.33325e-07
 3.93924e-07
 1.84768e-07
 8.71216e-08
 4.20213e-08
 2.12029e-08
 1.16880e-08
 5.31965e-18
 1.38745e-15
 8.79677e-14
 2.44258e-12
 3.96739e-11
 4.39780e-10
 3.65892e-09
 2.37412e-08
 1.21512e-07
 4.99117e-07
 1.66461e-06
 4.17435e-06
 7.72372e-06
 1.04831e-05
 1.12942e-05
 1.06003e-05
 8.52254e-06
 5.42694e-06
 2.77123e-06
 1.29804e-06
 5.80212e-07
 2.49922e-07
 1.05059e-07
 4.38006e-08
 1.90391e-08
 9.54727e-09
 6.14049e-09
 3.09449e-18
 7.97401e-16
 5.05190e-14
 1.46913e-12
 2.62225e-11
 3.29386e-10
 3.08550e-09
 2.18759e-08
 1.19481e-07
 5.10763e-07
 1.74721e-06
 4.43905e-06
 8.07777e-06
 1.07078e-05
 1.13989e-05
 1.05731e-05
 8.22075e-06
 4.97306e-06
 2.42428e-06
 1.09654e-06
 4.66368e-07
 1.88284e-07
 7.28354e-08
 2.74321e-08
 1.14982e-08
 7.19869e-09
 6.75176e-09
 1.40192e-18
 3.76011e-16
 2.55091e-14
 8.45458e-13
 1.80080e-11
 2.65559e-10
 2.77691e-09
 2.09789e-08
 1.18211e-07
 5.16046e-07
 1.78503e-06
 4.57945e-06
 8.25285e-06
 1.07945e-05
 1.14343e-05
 1.05701e-05
 8.10757e-06
 4.81546e-06
 2.32760e-06
 1.04403e-06
 4.37883e-07
 1.73548e-07
 6.55959e-08
 2.41560e-08
 1.10096e-08
 9.40539e-09
 1.21357e-08
 4.55333e-19
 1.40737e-16
 1.17720e-14
 5.15411e-13
 1.38755e-11
 2.35656e-10
 2.64346e-09
 2.06160e-08
 1.17859e-07
 5.16227e-07
 1.75723e-06
 4.56622e-06
 8.22956e-06
 1.07231e-05
 1.13968e-05
 1.06646e-05
 8.37159e-06
 5.13548e-06
 2.58368e-06
 1.20355e-06
 5.27813e-07
 2.21535e-07
 8.99820e-08
 3.54973e-08
 1.67851e-08
 1.62983e-08
 2.60701e-08
 9.72038e-20
 4.73086e-17
 6.43550e-15
 3.95861e-13
 1.25634e-11
 2.28539e-10
 2.62508e-09
 2.05213e-08
 1.16586e-07
 5.00503e-07
 1.65851e-06
 4.35288e-06
 7.91987e-06
 1.04272e-05
 1.12619e-05
 1.08139e-05
 8.94705e-06
 5.92260e-06
 3.21856e-06
 1.61295e-06
 7.71994e-07
 3.59697e-07
 1.64626e-07
 7.32671e-08
 3.43804e-08
 3.12592e-08
 5.83568e-08
 2.33430e-20
 2.82154e-17
 5.77978e-15
 4.06285e-13
 1.32483e-11
 2.38193e-10
 2.67720e-09
 2.05012e-08
 1.12976e-07
 4.65662e-07
 1.51556e-06
 3.99147e-06
 7.41519e-06
 1.00048e-05
 1.10608e-05
 1.09175e-05
 9.56622e-06
 6.97165e-06
 4.19906e-06
 2.30189e-06
 1.22142e-06
 6.39876e-07
 3.34464e-07
 1.75242e-07
 9.65529e-08
 8.66375e-08
 1.52878e-07
part
         4
coordinates
 9.27591e-06
 9.04870e-06
 8.77971e-06
 8.50890e-06
 8.31638e-06
 8.22276e-06
 8.18148e-06
 8.17064e-06
 8.15670e-06
 8.10408e-06
 8.00635e-06
 7.87955e-06
 7.71364e-06
 7.46243e-06
 7.02000e-06
 6.18290e-06
 4.82757e-06
 3.15988e-06
 1.66413e-06
 6.95829e-07
 2.26944e-07
 5.35354e-08
 8.26916e-09
 7.41724e-10
 3.31970e-11
 5.81037e-13
 2.23761e-15
 7.41404e-06
 6.67648e-06
 6.04692e-06
 5.53133e-06
 5.22907e-06
 5.20960e-06
 5.35288e-06
 5.62833e-06
 6.01865e-06
 6.45501e-06
 6.84621e-06
 7.14191e-06
 7.33269e-06
 7.41848e-06
 7.36334e-06
 7.07819e-06
 6.31934e-06
 4.85893e-06
 2.96737e-06
 1.36674e-06
 4.71945e-07
 1.18723e-07
 1.96216e-08
 1.88201e-09
 8.97930e-11
 1.66873e-12
 6.79629e-15
 4.65490e-06
 3.78404e-06
 3.16609e-06
 2.71994e-06
 2.44644e-06
 2.42547e-06
 2.57186e-06
 2.87852e-06
 3.36391e-06
 4.01799e-06
 4.78583e-06
 5.56852e-06
 6.26993e-06
 6.81151e-06
 7.12872e-06
 7.20971e-06
 6.98846e-06
 6.15745e-06
 4.45280e-06
 2.38012e-06
 8.93502e-07
 2.37679e-07
 4.16548e-08
 4.22943e-09
 2.12613e-10
 4.13927e-12
 1.75569e-14
 2.42779e-06
 1.83462e-06
 1.43832e-06
 1.16716e-06
 9.97719e-07
 9.67657e-07
 1.03571e-06
 1.20046e-06
 1.49592e-06
 1.97122e-06
 2.65908e-06
 3.53863e-06
 4.55185e-06
 5.56732e-06
 6.40524e-06
 6.92611e-06
 7.08332e-06
 6.79712e-06
 5.67567e-06
 3.59031e-06
 1.53565e-06
 4.32264e-07
 7.99924e-08
 8.53325e-09
 4.47430e-10
 9.01313e-12
 3.92376e-14
 1.17340e-06
 8.27084e-07
 6.07064e-07
 4.63913e-07
 3.76079e-07
 3.57041e-07
 3.87212e-07
 4.66731e-07
 6.20398e-07
 8.80710e-07
 1.28750e-06
 1.89504e-06
 2.76373e-06
 3.89352e-06
 5.13685e-06
 6.20769e-06
 6.83551e-06
 6.95030e-06
 6.39918e-06
 4.72853e-06
 2.37968e-06
 7.33000e-07
 1.41629e-07
 1.57255e-08
 8.51241e-10
 1.75284e-11
 7.72004e-14
 5.38368e-07
 3.52467e-07
 2.40817e-07
 1.72366e-07
 1.31942e-07
 1.22395e-07
 1.35071e-07
 1.70909e-07
 2.44837e-07
 3.78396e-07
 6.01827e-07
 9.58144e-07
 1.51273e-06
 2.37265e-06
 3.59681e-06
 5.02283e-06
 6.22084e-06
 6.80138e-06
 6.69954e-06
 5.58598e-06
 3.29088e-06
 1.15777e-06
 2.33055e-07
 2.67504e-08
 1.48099e-09
 3.08055e-11
 1.35275e-13
 2.36565e-07
 1.42800e-07
 9.02394e-08
 6.02209e-08
 4.34188e-08
 3.93086e-08
 4.43501e-08
 5.95643e-08
 9.31400e-08
 1.58229e-07
 2.75077e-07
 4.74800e-07
 8.08142e-07
 1.36005e-06
 2.26447e-06
 3.62543e-06
 5.20666e-06
 6.36696e-06
 6.71499e-06
 6.09646e-06
 4.12057e-06
 1.68249e-06
 3.56522e-07
 4.22347e-08
 2.37496e-09
 4.93705e-11
 2.13116e-13
 1.00293e-07
 5.53234e-08
 3.21740e-08
 2.00265e-08
 1.37177e-08
 1.21727e-08
 1.40220e-08
 2.00352e-08
 3.44585e-08
 6.48484e-08
 1.23808e-07
 2.32117e-07
 4.25433e-07
 7.66415e-07
 1.36357e-06
 2.39779e-06
 3.97437e-06
 5.61564e-06
 6.49802e-06
 6.34797e-06
 4.82040e-06
 2.26362e-06
 5.19830e-07
 6.27481e-08
 3.55246e-09
 7.29770e-11
 3.05097e-13
 4.20213e-08
 2.12029e-08
 1.16880e-08
 7.30645e-09
 5.32057e-09
 4.88838e-09
 5.52821e-09
 7.70055e-09
 1.33876e-08
 2.67567e-08
 5.53950e-08
 1.12517e-07
 2.21869e-07
 4.27385e-07
 8.11052e-07
 1.52349e-06
 2.80565e-06
 4.61144e-06
 6.06000e-06
 6.40381e-06
 5.31100e-06
 2.80836e-06
 7.23702e-07
 8.85533e-08
 5.00527e-09
 1.00332e-10
 3.99503e-13
 1.90391e-08
 9.54727e-09
 6.14049e-09
 4.97140e-09
 4.62775e-09
 4.68051e-09
 4.92499e-09
 5.65234e-09
 7.67231e-09
 1.28826e-08
 2.57602e-08
 5.47142e-08
 1.15077e-07
 2.36554e-07
 4.78168e-07
 9.57186e-07
 1.89279e-06
 3.54648e-06
 5.39475e-06
 6.26826e-06
 5.58699e-06
 3.26074e-06
 9.51073e-07
 1.18908e-07
 6.66979e-09
 1.28852e-10
 4.78203e-13
 1.14982e-08
 7.19869e-09
 6.75176e-09
 7.49727e-09
 8.77839e-09
 9.51039e-09
 9.14807e-09
 8.47533e-09
 8.24175e-09
 9.46616e-09
 1.42507e-08
 2.76718e-08
 5.97901e-08
 1.30206e-07
 2.79910e-07
 5.96499e-07
 1.26096e-06
 2.59789e-06
 4.57488e-06
 5.97496e-06
 5.74926e-06
 3.65066e-06
 1.18814e-06
 1.52296e-07
 8.42852e-09
 1.54595e-10
 5.22828e-13
 1.10096e-08
 9.40539e-09
 1.21357e-08
 1.68966e-08
 2.24806e-08
 2.47951e-08
 2.23264e-08
 1.80594e-08
 1.35551e-08
 1.07645e-08
 1.07398e-08
 1.56757e-08
 3.17032e-08
 7.14326e-08
 1.62697e-07
 3.68835e-07
 8.32928e-07
 1.84801e-06
 3.73149e-06
 5.54227e-06
 5.79657e-06
 3.96793e-06
 1.42984e-06
 1.86761e-07
 1.01595e-08
 1.74496e-10
 5.24524e-13
 1.67851e-08
 1.62983e-08
 2.60701e-08
 4.12814e-08
 5.71774e-08
 6.21377e-08
 5.32968e-08
 4.01107e-08
 2.63206e-08
 1.58783e-08
 1.08062e-08
 1.07381e-08
 1.77015e-08
 3.93328e-08
 9.40343e-08
 2.26576e-07
 5.46942e-07
 1.30810e-06
 2.94966e-06
 4.99401e-06
 5.70869e-06
 4.17629e-06
 1.64251e-06
 2.20927e-07
 1.18486e-08
 1.89286e-10
 4.84590e-13
 3.43804e-08
 3.12592e-08
 5.83568e-08
 1.00502e-07
 1.38174e-07
 1.43833e-07
 1.16984e-07
 8.28547e-08
 5.00955e-08
 2.57393e-08
 1.30966e-08
 8.86211e-09
 1.06688e-08
 2.18736e-08
 5.39300e-08
 1.37882e-07
 3.56351e-07
 9.21467e-07
 2.27137e-06
 4.38759e-06
 5.51592e-06
 4.30064e-06
 1.80693e-06
 2.55093e-07
 1.36530e-08
 2.04309e-10
 4.05657e-13
 9.65529e-08
 8.66375e-08
 1.52878e-07
 2.50193e-07
 3.15272e-07
 3.04297e-07
 2.33107e-07
 1.54463e-07
 8.66312e-08
 4.01562e-08
 1.69421e-08
 8.40428e-09
 7.07239e-09
 1.22625e-08
 3.05168e-08
 8.25769e-08
 2.29038e-07
 6.42717e-07
 1.73625e-06
 3.78510e-06
 5.23363e-06
 4.34757e-06
 1.91316e-06
 2.92180e-07
 1.61961e-08
 2.51421e-10
 5.07202e-13
 9.27591e-06
 9.04870e-06
 8.77971e-06
 8.50890e-06
 8.31638e-06
 8.22276e-06
 8.18148e-06
 8.17064e-06
 8.15670e-06
 8.10408e-06
 8.00635e-06
 7.87955e-06
 7.71364e-06
 7.46243e-06
 7.02000e-06
 6.18290e-06
 4.82757e-06
 3.15988e-06
 1.66413e-06
 6.95829e-07
 2.26944e-07
 5.35354e-08
 8.26916e-09
 7.41724e-10
 3.31970e-11
 5.81037e-13
 2.23761e-15
 7.41404e-06
 6.67648e-06
 6.04692e-06
 5.53133e-06
 5.22907e-06
 5.20960e-06
 5.35288e-06
 5.62833e-06
 6.01865e-06
 6.45501e-06
 6.84621e-06
 7.14191e-06
 7.33269e-06
 7.41848e-06
 7.36334e-06
 7.07819e-06
 6.31934e-06
 4.85893e-06
 2.96737e-06
 1.36674e-06
 4.71945e-07
 1.18723e-07
 1.96216e-08
 1.88201e-09
 8.97930e-11
 1.66873e-12
 6.79629e-15
 4.65490e-06
 3.78404e-06
 3.16609e-06
 2.71994e-06
 2.44644e-06
 2.42547e-06
 2.57186e-06
 2.87852e-06
 3.36391e-06
 4.01799e-06
 4.78583e-06
 5.56852e-06
 6.26993e-06
 6.81151e-06
 7.12872e-06
 7.20971e-06
 6.98846e-06
 6.15745e-06
 4.45280e-06
 2.38012e-06
 8.93502e-07
 2.37679e-07
 4.16548e-08
 4.22943e-09
 2.12613e-10
 4.13927e-12
 1.75569e-14
 2.42779e-06
 1.83462e-06
 1.43832e-06
 1.16716e-06
 9.97719e-07
 9.67657e-07
 1.03571e-06
 1.20046e-06
 1.49592e-06
 1.97122e-06
 2.65908e-06
 3.53863e-06
 4.55185e-06
 5.56732e-06
 6.40524e-06
 6.92611e-06
 7.08332e-06
 6.79712e-06
 5.67567e-06
 3.59031e-06
 1.53565e-06
 4.32264e-07
 7.99924e-08
 8.53325e-09
 4.47430e-10
 9.01313e-12
 3.92376e-14
 1.17340e-06
 8.27084e-07
 6.07064e-07
 4.63913e-07
 3.76079e-07
 3.57041e-07
 3.87212e-07
 4.66731e-07
 6.20398e-07
 8.80710e-07
 1.28750e-06
 1.89504e-06
 2.76373e-06
 3.89352e-06
 5.13685e-06
 6.20769e-06
 6.83551e-06
 6.95030e-06
 6.39918e-06
 4.72853e-06
 2.37968e-06
 7.33000e-07
 1.41629e-07
 1.57255e-08
 8.51241e-10
 1.75284e-11
 7.72004e-14
 5.38368e-07
 3.52467e-07
 2.40817e-07
 1.72366e-07
 1.31942e-07
 1.22395e-07
 1.35071e-07
 1.70909e-07
 2.44837e-07
 3.78396e-07
 6.01827e-07
 9.58144e-07
 1.51273e-06
 2.37265e-06
 3.59681e-06
 5.02283e-06
 6.22084e-06
 6.80138e-06
 6.69954e-06
 5.58598e-06
 3.29088e-06
 1.15777e-06
 2.33055e-07
 2.67504e-08
 1.48099e-09
 3.08055e-11
 1.35275e-13
 2.36565e-07
 1.42800e-07
 9.02394e-08
 6.02209e-08
 4.34188e-08
 3.93086e-08
 4.43501e-08
 5.95643e-08
 9.31400e-08
 1.58229e-07
 2.75077e-07
 4.74800e-07
 8.08142e-07
 1.36005e-06
 2.26447e-06
 3.62543e-06
 5.20666e-06
 6.36696e-06
 6.71499e-06
 6.09646e-06
 4.12057e-06
 1.68249e-06
 3.56522e-07
 4.22347e-08
 2.37496e-09
 4.93705e-11
 2.13116e-13
 1.00293e-07
 5.53234e-08
 3.21740e-08
 2.00265e-08
 1.37177e-08
 1.21727e-08
 1.40220e-08
 2.00352e-08
 3.44585e-08
 6.48484e-08
 1.23808e-07
 2.32117e-07
 4.25433e-07
 7.66415e-07
 1.36357e-06
 2.39779e-06
 3.97437e-06
 5.61564e-06
 6.49802e-06
 6.34797e-06
 4.82040e-06
 2.26362e-06
 5.19830e-07
 6.27481e-08
 3.55246e-09
 7.29770e-11
 3.05097e-13
 4.20213e-08
 2.12029e-08
 1.16880e-08
 7.30645e-09
 5.32057e-09
 4.88838e-09
 5.52821e-09
 7.70055e-09
 1.33876e-08
 2.67567e-08
 5.53950e-08
 1.12517e-07
 2.21869e-07
 4.27385e-07
 8.11052e-07
 1.52349e-06
 2.80565e-06
 4.61144e-06
 6.06000e-06
 6.40381e-06
 5.31100e-06
 2.80836e-06
 7.23702e-07
 8.85533e-08
 5.00527e-09
 1.00332e-10
 3.99503e-13
 1.90391e-08
 9.54727e-09
 6.14049e-09
 4.97140e-09
 4.62775e-09
 4.68051e-09
 4.92499e-09
 5.65234e-09
 7.67231e-09
 1.28826e-08
 2.57602e-08
 5.47142e-08
 1.15077e-07
 2.36554e-07
 4.78168e-07
 9.57186e-07
 1.89279e-06
 3.54648e-06
 5.39475e-06
 6.26826e-06
 5.58699e-06
 3.26074e-06
 9.51073e-07
 1.18908e-07
 6.66979e-09
 1.28852e-10
 4.78203e-13
 1.14982e-08
 7.19869e-09
 6.75176e-09
 7.49727e-09
 8.77839e-09
 9.51039e-09
 9.14807e-09
 8.47533e-09
 8.24175e-09
 9.46616e-09
 1.42507e-08
 2.76718e-08
 5.97901e-08
 1.30206e-07
 2.79910e-07
 5.96499e-07
 1.26096e-06
 2.59789e-06
 4.57488e-06
 5.97496e-06
 5.74926e-06
 3.65066e-06
 1.18814e-06
 1.52296e-07
 8.42852e-09
 1.54595e-10
 5.22828e-13
 1.10096e-08
 9.40539e-09
 1.21357e-08
 1.68966e-08
 2.24806e-08
 2.47951e-08
 2.23264e-08
 1.80594e-08
 1.35551e-08
 1.07645e-08
 1.07398e-08
 1.56757e-08
 3.17032e-08
 7.14326e-08
 1.62697e-07
 3.68835e-07
 8.32928e-07
 1.84801e-06
 3.73149e-06
 5.54227e-06
 5.79657e-06
 3.96793e-06
 1.42984e-06
 1.86761e-07
 1.01595e-08
 1.74496e-10
 5.24524e-13
 1.67851e-08
 1.62983e-08
 2.60701e-08
 4.12814e-08
 5.71774e-08
 6.21377e-08
 5.32968e-08
 4.01107e-08
 2.63206e-08
 1.58783e-08
 1.08062e-08
 1.07381e-08
 1.77015e-08
 3.93328e-08
 9.40343e-08
 2.26576e-07
 5.46942e-07
 1.30810e-06
 2.94966e-06
 4.99401e-06
 5.70869e-06
 4.17629e-06
 1.64251e-06
 2.20927e-07
 1.18486e-08
 1.89286e-10
 4.84590e-13
 3.43804e-08
 3.12592e-08
 5.83568e-08
 1.00502e-07
 1.38174e-07
 1.43833e-07
 1.16984e-07
 8.28547e-08
 5.00955e-08
 2.57393e-08
 1.30966e-08
 8.86211e-09
 1.06688e-08
 2.18736e-08
 5.39300e-08
 1.37882e-07
 3.56351e-07
 9.21467e-07
 2.27137e-06
 4.38759e-06
 5.51592e-06
 4.30064e-06
 1.80693e-06
 2.55093e-07
 1.36530e-08
 2.04309e-10
 4.05657e-13
 9.65529e-08
 8.66375e-08
 1.52878e-07
 2.50193e-07
 3.15272e-07
 3.04297e-07
 2.33107e-07
 1.54463e-07
 8.66312e-08
 4.01562e-08
 1.69421e-08
 8.40428e-09
 7.07239e-09
 1.22625e-08
 3.05168e-08
 8.25769e-08
 2.29038e-07
 6.42717e-07
 1.73625e-06
 3.78510e-06
 5.23363e-06
 4.34757e-06
 1.91316e-06
 2.92180e-07
 1.61961e-08
 2.51421e-10
 5.07202e-13
part
         5
coordinates
 4.55333e-19
 1.40737e-16
 1.17720e-14
 5.15411e-13
 1.38755e-11
 2.35656e-10
 2.64346e-09
 2.06160e-08
 1.17859e-07
 5.16227e-07
 1.75723e-06
 4.56622e-06
 8.22956e-06
 1.07231e-05
 1.13968e-05
 1.06646e-05
 8.37159e-06
 5.13548e-06
 2.58368e-06
 1.20355e-06
 5.27813e-07
 2.21535e-07
 8.99820e-08
 3.54973e-08
 1.67851e-08
 1.62983e-08
 2.60701e-08
 9.72038e-20
 4.73086e-17
 6.43550e-15
 3.95861e-13
 1.25634e-11
 2.28539e-10
 2.62508e-09
 2.05213e-08
 1.16586e-07
 5.00503e-07
 1.65851e-06
 4.35288e-06
 7.91987e-06
 1.04272e-05
 1.12619e-05
 1.08139e-05
 8.94705e-06
 5.92260e-06
 3.21856e-06
 1.61295e-06
 7.71994e-07
 3.59697e-07
 1.64626e-07
 7.32671e-08
 3.43804e-08
 3.12592e-08
 5.83568e-08
 2.33430e-20
 2.82154e-17
 5.77978e-15
 4.06285e-13
 1.32483e-11
 2.38193e-10
 2.67720e-09
 2.05012e-08
 1.12976e-07
 4.65662e-07
 1.51556e-06
 3.99147e-06
 7.41519e-06
 1.00048e-05
 1.10608e-05
 1.09175e-05
 9.56622e-06
 6.97165e-06
 4.19906e-06
 2.30189e-06
 1.22142e-06
 6.39876e-07
 3.34464e-07
 1.75242e-07
 9.65529e-08
 8.66375e-08
 1.52878e-07
 4.02080e-20
 4.08152e-17
 7.51557e-15
 4.85370e-13
 1.47539e-11
 2.52520e-10
 2.70705e-09
 1.97510e-08
 1.03953e-07
 4.15392e-07
 1.32287e-06
 3.47022e-06
 6.72775e-06
 9.50455e-06
 1.08119e-05
 1.09562e-05
 1.01399e-05
 8.23009e-06
 5.67333e-06
 3.47908e-06
 2.05016e-06
 1.20513e-06
 7.22485e-07
 4.56593e-07
 3.24280e-07
 3.19296e-07
 4.49232e-07
 8.10509e-20
 6.31951e-17
 9.73334e-15
 5.56747e-13
 1.55387e-11
 2.47828e-10
 2.51040e-09
 1.74687e-08
 8.90561e-08
 3.50194e-07
 1.09602e-06
 2.84492e-06
 5.82321e-06
 8.79271e-06
 1.04392e-05
 1.09003e-05
 1.05706e-05
 9.43015e-06
 7.49855e-06
 5.31861e-06
 3.51933e-06
 2.30586e-06
 1.57302e-06
 1.16680e-06
 9.84830e-07
 1.01085e-06
 1.16588e-06
 1.25511e-19
 8.13697e-17
 1.10487e-14
 5.74635e-13
 1.48560e-11
 2.21149e-10
 2.12926e-09
 1.43905e-08
 7.21751e-08
 2.79804e-07
 8.69542e-07
 2.24263e-06
 4.78659e-06
 7.77996e-06
 9.86115e-06
 1.07389e-05
 1.08162e-05
 1.03104e-05
 9.20231e-06
 7.57783e-06
 5.82551e-06
 4.35279e-06
 3.32744e-06
 2.74129e-06
 2.48795e-06
 2.43373e-06
 2.41380e-06
 1.60817e-19
 9.09615e-17
 1.11115e-14
 5.30086e-13
 1.27662e-11
 1.82268e-10
 1.70668e-09
 1.12623e-08
 5.54600e-08
 2.12475e-07
 6.55813e-07
 1.68283e-06
 3.67918e-06
 6.48166e-06
 8.97348e-06
 1.03632e-05
 1.08413e-05
 1.08061e-05
 1.03875e-05
 9.54701e-06
 8.38209e-06
 7.13865e-06
 6.07882e-06
 5.33284e-06
 4.84759e-06
 4.46188e-06
 4.07620e-06
 1.73771e-19
 8.80992e-17
 9.81074e-15
 4.36006e-13
 1.00245e-11
 1.38439e-10
 1.26657e-09
 8.22733e-09
 4.00365e-08
 1.52275e-07
 4.68768e-07
 1.20382e-06
 2.65062e-06
 4.97608e-06
 7.60240e-06
 9.55837e-06
 1.05700e-05
 1.09443e-05
 1.09665e-05
 1.07228e-05
 1.02190e-05
 9.51924e-06
 8.73280e-06
 7.96169e-06
 7.24417e-06
 6.54906e-06
 5.83464e-06
 1.59434e-19
 7.38178e-17
 7.67733e-15
 3.25163e-13
 7.23530e-12
 9.74712e-11
 8.74990e-10
 5.61014e-09
 2.70843e-08
 1.02666e-07
 3.16321e-07
 8.15839e-07
 1.80504e-06
 3.49017e-06
 5.78837e-06
 8.07041e-06
 9.70982e-06
 1.06206e-05
 1.10267e-05
 1.11359e-05
 1.10420e-05
 1.07449e-05
 1.02241e-05
 9.53234e-06
 8.75396e-06
 7.85916e-06
 6.76037e-06
 1.25325e-19
 5.42633e-17
 5.37861e-15
 2.20163e-13
 4.76986e-12
 6.30571e-11
 5.58937e-10
 3.55594e-09
 1.71036e-08
 6.48310e-08
 2.00447e-07
 5.20536e-07
 1.16337e-06
 2.27843e-06
 3.93706e-06
 5.94816e-06
 7.86869e-06
 9.35413e-06
 1.03048e-05
 1.07945e-05
 1.09768e-05
 1.09310e-05
 1.05740e-05
 9.88151e-06
 8.97761e-06
 7.84744e-06
 6.43018e-06
 8.50043e-20
 3.51109e-17
 3.36173e-15
 1.34147e-13
 2.85595e-12
 3.73320e-11
 3.28754e-10
 2.08552e-09
 1.00322e-08
 3.81329e-08
 1.18541e-07
 3.10348e-07
 7.01068e-07
 1.39042e-06
 2.44323e-06
 3.82334e-06
 5.38080e-06
 6.90235e-06
 8.18179e-06
 9.09301e-06
 9.61781e-06
 9.81631e-06
 9.62371e-06
 8.93595e-06
 7.94505e-06
 6.71913e-06
 5.28688e-06
 4.96202e-20
 1.98647e-17
 1.86068e-15
 7.31871e-14
 1.54499e-12
 2.01157e-11
 1.77030e-10
 1.12505e-09
 5.43168e-09
 2.07531e-08
 6.49437e-08
 1.71452e-07
 3.91330e-07
 7.85660e-07
 1.39904e-06
 2.21835e-06
 3.17468e-06
 4.20339e-06
 5.22822e-06
 6.11840e-06
 6.75171e-06
 7.08492e-06
 7.09644e-06
 6.61171e-06
 5.79300e-06
 4.79127e-06
 3.66243e-06
 2.47681e-20
 9.76097e-18
 9.06056e-16
 3.55055e-14
 7.49759e-13
 9.79337e-12
 8.66357e-11
 5.54114e-10
 2.69420e-09
 1.03702e-08
 3.26983e-08
 8.70005e-08
 2.00238e-07
 4.05644e-07
 7.28796e-07
 1.16378e-06
 1.67169e-06
 2.22102e-06
 2.77792e-06
 3.28676e-06
 3.68788e-06
 3.93073e-06
 3.99939e-06
 3.74025e-06
 3.24301e-06
 2.67378e-06
 2.05277e-06
 1.04858e-20
 4.12899e-18
 3.84605e-16
 1.51736e-14
 3.23329e-13
 4.26770e-12
 3.81740e-11
 2.46877e-10
 1.21314e-09
 4.71513e-09
 1.49956e-08
 4.01916e-08
 9.30627e-08
 1.89389e-07
 3.40942e-07
 5.42626e-07
 7.72410e-07
 1.01346e-06
 1.25189e-06
 1.46544e-06
 1.63017e-06
 1.72699e-06
 1.74473e-06
 1.63250e-06
 1.42961e-06
 1.19579e-06
 9.38517e-07
 3.72371e-21
 1.48657e-18
 1.40695e-16
 5.64787e-15
 1.22534e-13
 1.64664e-12
 1.49855e-11
 9.84834e-11
 4.90999e-10
 1.93242e-09
 6.20895e-09
 1.67697e-08
 3.90200e-08
 7.95362e-08
 1.42642e-07
 2.23206e-07
 3.09497e-07
 3.94309e-07
 4.73098e-07
 5.39923e-07
 5.89489e-07
 6.18257e-07
 6.23730e-07
 6.01974e-07
 5.48352e-07
 4.65930e-07
 3.72468e-07
 1.09352e-21
 4.49017e-19
 4.37253e-17
 1.80550e-15
 4.02569e-14
 5.55151e-13
 5.17441e-12
 3.47462e-11
 1.76530e-10
 7.05918e-10
 2.29721e-09
 6.26279e-09
 1.46584e-08
 2.99485e-08
 5.33488e-08
 8.10942e-08
 1.08138e-07
 1.32660e-07
 1.53533e-07
 1.69941e-07
 1.81805e-07
 1.89352e-07
 1.92906e-07
 1.91488e-07
 1.79012e-07
 1.56165e-07
 1.28585e-07
 4.55333e-19
 1.40737e-16
 1.17720e-14
 5.15411e-13
 1.38755e-11
 2.35656e-10
 2.64346e-09
 2.06160e-08
 1.17859e-07
 5.16227e-07
 1.75723e-06
 4.56622e-06
 8.22956e-06
 1.07231e-05
 1.13968e-05
 1.06646e-05
 8.37159e-06
 5.13548e-06
 2.58368e-06
 1.20355e-06
 5.27813e-07
 2.21535e-07
 8.99820e-08
 3.54973e-08
 1.67851e-08
 1.62983e-08
 2.60701e-08
 9.72038e-20
 4.73086e-17
 6.43550e-15
 3.95861e-13
 1.25634e-11
 2.28539e-10
 2.62508e-09
 2.05213e-08
 1.16586e-07
 5.00503e-07
 1.65851e-06
 4.35288e-06
 7.91987e-06
 1.04272e-05
 1.12619e-05
 1.08139e-05
 8.94705e-06
 5.92260e-06
 3.21856e-06
 1.61295e-06
 7.71994e-07
 3.59697e-07
 1.64626e-07
 7.32671e-08
 3.43804e-08
 3.12592e-08
 5.83568e-08
 2.33430e-20
 2.82154e-17
 5.77978e-15
 4.06285e-13
 1.32483e-11
 2.38193e-10
 2.67720e-09
 2.05012e-08
 1.12976e-07
 4.65662e-07
 1.51556e-06
 3.99147e-06
 7.41519e-06
 1.00048e-05
 1.10608e-05
 1.09175e-05
 9.56622e-06
 6.97165e-06
 4.19906e-06
 2.30189e-06
 1.22142e-06
 6.39876e-07
 3.34464e-07
 1.75242e-07
 9.65529e-08
 8.66375e-08
 1.52878e-07
 4.02080e-20
 4.08152e-17
 7.51557e-15
 4.85370e-13
 1.47539e-11
 2.52520e-10
 2.70705e-09
 1.97510e-08
 1.03953e-07
 4.15392e-07
 1.32287e-06
 3.47022e-06
 6.72775e-06
 9.50455e-06
 1.08119e-05
 1.09562e-05
 1.01399e-05
 8.23009e-06
 5.67333e-06
 3.47908e-06
 2.05016e-06
 1.20513e-06
 7.22485e-07
 4.56593e-07
 3.24280e-07
 3.19296e-07
 4.49232e-07
 8.10509e-20
 6.31951e-17
 9.73334e-15
 5.56747e-13
 1.55387e-11
 2.47828e-10
 2.51040e-09
 1.74687e-08
 8.90561e-08
 3.50194e-07
 1.09602e-06
 2.84492e-06
 5.82321e-06
 8.79271e-06
 1.04392e-05
 1.09003e-05
 1.05706e-05
 9.43015e-06
 7.49855e-06
 5.31861e-06
 3.51933e-06
 2.30586e-06
 1.57302e-06
 1.16680e-06
 9.84830e-07
 1.01085e-06
 1.16588e-06
 1.25511e-19
 8.13697e-17
 1.10487e-14
 5.74635e-13
 1.48560e-11
 2.21149e-10
 2.12926e-09
 1.43905e-08
 7.21751e-08
 2.79804e-07
 8.69542e-07
 2.24263e-06
 4.78659e-06
 7.77996e-06
 9.86115e-06
 1.07389e-05
 1.08162e-05
 1.03104e-05
 9.20231e-06
 7.57783e-06
 5.82551e-06
 4.35279e-06
 3.32744e-06
 2.74129e-06
 2.48795e-06
 2.43373e-06
 2.41380e-06
 1.60817e-19
 9.09615e-17
 1.11115e-14
 5.30086e-13
 1.27662e-11
 1.82268e-10
 1.70668e-09
 1.12623e-08
 5.54600e-08
 2.12475e-07
 6.55813e-07
 1.68283e-06
 3.67918e-06
 6.48166e-06
 8.97348e-06
 1.03632e-05
 1.08413e-05
 1.08061e-05
 1.03875e-05
 9.54701e-06
 8.38209e-06
 7.13865e-06
 6.07882e-06
 5.33284e-06
 4.84759e-06
 4.46188e-06
 4.07620e-06
 1.73771e-19
 8.80992e-17
 9.81074e-15
 4.36006e-13
 1.00245e-11
 1.38439e-10
 1.26657e-09
 8.22733e-09
 4.00365e-08
 1.52275e-07
 4.68768e-07
 1.20382e-06
 2.65062e-06
 4.97608e-06
 7.60240e-06
 9.55837e-06
 1.05700e-05
 1.09443e-05
 1.09665e-05
 1.07228e-05
 1.02190e-05
 9.51924e-06
 8.73280e-06
 7.96169e-06
 7.24417e-06
 6.54906e-06
 5.83464e-06
 1.59434e-19
 7.38178e-17
 7.67733e-15
 3.25163e-13
 7.23530e-12
 9.74712e-11
 8.74990e-10
 5.61014e-09
 2.70843e-08
 1.02666e-07
 3.16321e-07
 8.15839e-07
 1.80504e-06
 3.49017e-06
 5.78837e-06
 8.07041e-06
 9.70982e-06
 1.06206e-05
 1.10267e-05
 1.11359e-05
 1.10420e-05
 1.07449e-05
 1.02241e-05
 9.53234e-06
 8.75396e-06
 7.85916e-06
 6.76037e-06
 1.25325e-19
 5.42633e-17
 5.37861e-15
 2.20163e-13
 4.76986e-12
 6.30571e-11
 5.58937e-10
 3.55594e-09
 1.71036e-08
 6.48310e-08
 2.00447e-07
 5.20536e-07
 1.16337e-06
 2.27843e-06
 3.93706e-06
 5.94816e-06
 7.86869e-06
 9.35413e-06
 1.03048e-05
 1.07945e-05
 1.09768e-05
 1.09310e-05
 1.05740e-05
 9.88151e-06
 8.97761e-06
 7.84744e-06
 6.43018e-06
 8.50043e-20
 3.51109e-17
 3.36173e-15
 1.34147e-13
 2.85595e-12
 3.73320e-11
 3.28754e-10
 2.08552e-09
 1.00322e-08
 3.81329e-08
 1.18541e-07
 3.10348e-07
 7.01068e-07
 1.39042e-06
 2.44323e-06
 3.82334e-06
 5.38080e-06
 6.90235e-06
 8.18179e-06
 9.09301e-06
 9.61781e-06
 9.81631e-06
 9.62371e-06
 8.93595e-06
 7.94505e-06
 6.71913e-06
 5.28688e-06
 4.96202e-20
 1.98647e-17
 1.86068e-15
 7.31871e-14
 1.54499e-12
 2.01157e-11
 1.77030e-10
 1.12505e-09
 5.43168e-09
 2.07531e-08
 6.49437e-08
 1.71452e-07
 3.91330e-07
 7.85660e-07
 1.39904e-06
 2.21835e-06
 3.17468e-06
 4.20339e-06
 5.22822e-06
 6.11840e-06
 6.75171e-06
 7.08492e-06
 7.09644e-06
 6.61171e-06
 5.79300e-06
 4.79127e-06
 3.66243e-06
 2.47681e-20
 9.76097e-18
 9.06056e-16
 3.55055e-14
 7.49759e-13
 9.79337e-12
 8.66357e-11
 5.54114e-10
 2.69420e-09
 1.03702e-08
 3.26983e-08
 8.70005e-08
 2.00238e-07
 4.05644e-07
 7.28796e-07
 1.16378e-06
 1.67169e-06
 2.22102e-06
 2.77792e-06
 3.28676e-06
 3.68788e-06
 3.93073e-06
 3.99939e-06
 3.74025e-06
 3.24301e-06
 2.67378e-06
 2.05277e-06
 1.04858e-20
 4.12899e-18
 3.84605e-16
 1.51736e-14
 3.23329e-13
 4.26770e-12
 3.81740e-11
 2.46877e-10
 1.21314e-09
 4.71513e-09
 1.49956e-08
 4.01916e-08
 9.30627e-08
 1.89389e-07
 3.40942e-07
 5.42626e-07
 7.72410e-07
 1.01346e-06
 1.25189e-06
 1.46544e-06
 1.63017e-06
 1.72699e-06
 1.74473e-06
 1.63250e-06
 1.42961e-06
 1.19579e-06
 9.38517e-07
 3.72371e-21
 1.48657e-18
 1.40695e-16
 5.64787e-15
 1.22534e-13
 1.64664e-12
 1.49855e-11
 9.84834e-11
 4.90999e-10
 1.93242e-09
 6.20895e-09
 1.67697e-08
 3.90200e-08
 7.95362e-08
 1.42642e-07
 2.23206e-07
 3.09497e-07
 3.94309e-07
 4.73098e-07
 5.39923e-07
 5.89489e-07
 6.18257e-07
 6.23730e-07
 6.01974e-07
 5.48352e-07
 4.65930e-07
 3.72468e-07
 1.09352e-21
 4.49017e-19
 4.37253e-17
 1.80550e-15
 4.02569e-14
 5.55151e-13
 5.17441e-12
 3.47462e-11
 1.76530e-10
 7.05918e-10
 2.29721e-09
 6.26279e-09
 1.46584e-08
 2.99485e-08
 5.33488e-08
 8.10942e-08
 1.08138e-07
 1.32660e-07
 1.53533e-07
 1.69941e-07
 1.81805e-07
 1.89352e-07
 1.92906e-07
 1.91488e-07
 1.79012e-07
 1.56165e-07
 1.28585e-07
part
         6
coordinates
 1.67851e-08
 1.62983e-08
 2.60701e-08
 4.12814e-08
 5.71774e-08
 6.21377e-08
 5.32968e-08
 4.01107e-08
 2.63206e-08
 1.58783e-08
 1.08062e-08
 1.07381e-08
 1.77015e-08
 3.93328e-08
 9.40343e-08
 2.26576e-07
 5.46942e-07
 1.30810e-06
 2.94966e-06
 4.99401e-06
 5.70869e-06
 4.17629e-06
 1.64251e-06
 2.20927e-07
 1.18486e-08
 1.89286e-10
 4.84590e-13
 3.43804e-08
 3.12592e-08
 5.83568e-08
 1.00502e-07
 1.38174e-07
 1.43833e-07
 1.16984e-07
 8.28547e-08
 5.00955e-08
 2.57393e-08
 1.30966e-08
 8.86211e-09
 1.06688e-08
 2.18736e-08
 5.39300e-08
 1.37882e-07
 3.56351e-07
 9.21467e-07
 2.27137e-06
 4.38759e-06
 5.51592e-06
 4.30064e-06
 1.80693e-06
 2.55093e-07
 1.36530e-08
 2.04309e-10
 4.05657e-13
 9.65529e-08
 8.66375e-08
 1.52878e-07
 2.50193e-07
 3.15272e-07
 3.04297e-07
 2.33107e-07
 1.54463e-07
 8.66312e-08
 4.01562e-08
 1.69421e-08
 8.40428e-09
 7.07239e-09
 1.22625e-08
 3.05168e-08
 8.25769e-08
 2.29038e-07
 6.42717e-07
 1.73625e-06
 3.78510e-06
 5.23363e-06
 4.34757e-06
 1.91316e-06
 2.92180e-07
 1.61961e-08
 2.51421e-10
 5.07202e-13
 3.24280e-07
 3.19296e-07
 4.49232e-07
 5.99316e-07
 6.56609e-07
 5.82951e-07
 4.18838e-07
 2.57290e-07
 1.33718e-07
 5.74446e-08
 2.17894e-08
 8.74997e-09
 5.25582e-09
 7.05859e-09
 1.72651e-08
 4.93304e-08
 1.47072e-07
 4.48350e-07
 1.33129e-06
 3.19663e-06
 4.85550e-06
 4.29804e-06
 1.96397e-06
 3.38408e-07
 2.07343e-08
 4.12057e-10
 1.60976e-12
 9.84830e-07
 1.01085e-06
 1.16588e-06
 1.26605e-06
 1.22346e-06
 1.00118e-06
 6.71561e-07
 3.82011e-07
 1.85172e-07
 7.54392e-08
 2.71126e-08
 9.49439e-09
 4.31854e-09
 4.26359e-09
 9.82868e-09
 2.97271e-08
 9.54992e-08
 3.16004e-07
 1.02263e-06
 2.66300e-06
 4.41688e-06
 4.15861e-06
 1.99762e-06
 4.00081e-07
 2.83066e-08
 7.68180e-10
 4.71870e-12
 2.48795e-06
 2.43373e-06
 2.41380e-06
 2.29700e-06
 2.02722e-06
 1.55202e-06
 9.78687e-07
 5.15861e-07
 2.32418e-07
 9.01641e-08
 3.14671e-08
 1.02199e-08
 3.78331e-09
 2.73748e-09
 5.66246e-09
 1.82166e-08
 6.35703e-08
 2.28659e-07
 7.97603e-07
 2.24144e-06
 3.95694e-06
 3.91741e-06
 2.01053e-06
 4.64608e-07
 3.88188e-08
 1.32839e-09
 1.01956e-11
 4.84759e-06
 4.46188e-06
 4.07620e-06
 3.65117e-06
 3.06308e-06
 2.19294e-06
 1.27833e-06
 6.34849e-07
 2.72434e-07
 1.02525e-07
 3.49284e-08
 1.08343e-08
 3.46569e-09
 1.89172e-09
 3.35084e-09
 1.15495e-08
 4.46408e-08
 1.75426e-07
 6.50997e-07
 1.92011e-06
 3.46246e-06
 3.56860e-06
 1.96991e-06
 5.02630e-07
 4.98331e-08
 1.99121e-09
 1.75405e-11
 7.24417e-06
 6.54906e-06
 5.83464e-06
 4.95086e-06
 3.79930e-06
 2.50973e-06
 1.39692e-06
 6.77646e-07
 2.88250e-07
 1.08606e-07
 3.68691e-08
 1.12967e-08
 3.34709e-09
 1.49758e-09
 2.30217e-09
 8.56097e-09
 3.60581e-08
 1.48658e-07
 5.67000e-07
 1.66650e-06
 2.94781e-06
 3.13788e-06
 1.86469e-06
 5.10211e-07
 5.71473e-08
 2.57214e-09
 2.54194e-11
 8.75396e-06
 7.85916e-06
 6.76037e-06
 5.37080e-06
 3.79466e-06
 2.37172e-06
 1.31171e-06
 6.37185e-07
 2.73543e-07
 1.04652e-07
 3.61117e-08
 1.12516e-08
 3.31850e-09
 1.39991e-09
 2.08362e-09
 8.07698e-09
 3.45602e-08
 1.39917e-07
 5.21444e-07
 1.45956e-06
 2.47726e-06
 2.68508e-06
 1.69972e-06
 4.98412e-07
 5.94587e-08
 2.91993e-09
 3.19904e-11
 8.97761e-06
 7.84744e-06
 6.43018e-06
 4.83866e-06
 3.30674e-06
 2.03945e-06
 1.12481e-06
 5.51566e-07
 2.40973e-07
 9.43398e-08
 3.32957e-08
 1.06053e-08
 3.23776e-09
 1.44136e-09
 2.25731e-09
 8.72868e-09
 3.61703e-08
 1.39824e-07
 4.92198e-07
 1.28194e-06
 2.07925e-06
 2.25246e-06
 1.48493e-06
 4.66845e-07
 5.85919e-08
 3.01437e-09
 3.55821e-11
 7.94505e-06
 6.71913e-06
 5.28688e-06
 3.85411e-06
 2.57768e-06
 1.57769e-06
 8.73566e-07
 4.35125e-07
 1.94638e-07
 7.84039e-08
 2.85007e-08
 9.39552e-09
 3.07588e-09
 1.57531e-09
 2.71837e-09
 1.01682e-08
 3.94384e-08
 1.42035e-07
 4.65452e-07
 1.12164e-06
 1.73802e-06
 1.86173e-06
 1.25342e-06
 4.14872e-07
 5.49958e-08
 2.91142e-09
 3.56979e-11
 5.79300e-06
 4.79127e-06
 3.66243e-06
 2.63238e-06
 1.75167e-06
 1.07376e-06
 6.01840e-07
 3.06719e-07
 1.41598e-07
 5.91317e-08
 2.23066e-08
 7.71289e-09
 2.82534e-09
 1.78910e-09
 3.46893e-09
 1.22894e-08
 4.36740e-08
 1.43756e-07
 4.35796e-07
 9.72886e-07
 1.44136e-06
 1.52225e-06
 1.02877e-06
 3.46614e-07
 4.82070e-08
 2.61788e-09
 3.27044e-11
 3.24301e-06
 2.67378e-06
 2.05277e-06
 1.48502e-06
 9.97341e-07
 6.19710e-07
 3.54675e-07
 1.86077e-07
 8.91038e-08
 3.88040e-08
 1.53621e-08
 5.71494e-09
 2.46707e-09
 2.00303e-09
 4.37665e-09
 1.45325e-08
 4.70485e-08
 1.42579e-07
 4.01310e-07
 8.32574e-07
 1.17981e-06
 1.22363e-06
 8.18297e-07
 2.73292e-07
 3.89791e-08
 2.15101e-09
 2.72311e-11
 1.42961e-06
 1.19579e-06
 9.38517e-07
 6.93661e-07
 4.75806e-07
 3.02264e-07
 1.77196e-07
 9.55030e-08
 4.71643e-08
 2.13213e-08
 8.90804e-09
 3.69439e-09
 2.00044e-09
 2.14340e-09
 5.20681e-09
 1.61720e-08
 4.82519e-08
 1.37063e-07
 3.61370e-07
 6.99549e-07
 9.48211e-07
 9.61055e-07
 6.30575e-07
 2.06048e-07
 2.91547e-08
 1.61103e-09
 2.05227e-11
 5.48352e-07
 4.65930e-07
 3.72468e-07
 2.80873e-07
 1.96613e-07
 1.27523e-07
 7.64244e-08
 4.21809e-08
 2.13733e-08
 9.95402e-09
 4.38518e-09
 2.11036e-09
 1.50797e-09
 2.18654e-09
 5.75522e-09
 1.68275e-08
 4.73635e-08
 1.27500e-07
 3.16024e-07
 5.72649e-07
 7.42503e-07
 7.31594e-07
 4.67485e-07
 1.48437e-07
 2.04234e-08
 1.10976e-09
 1.40151e-11
 1.79012e-07
 1.56165e-07
 1.28585e-07
 9.87934e-08
 7.06705e-08
 4.67901e-08
 2.86172e-08
 1.61244e-08
 8.35716e-09
 4.02557e-09
 1.92916e-09
 1.14072e-09
 1.11042e-09
 2.15332e-09
 5.91606e-09
 1.65115e-08
 4.44432e-08
 1.14376e-07
 2.66191e-07
 4.52261e-07
 5.61591e-07
 5.34527e-07
 3.29137e-07
 1.00719e-07
 1.33424e-08
 7.03425e-10
 8.63114e-12
 1.67851e-08
 1.62983e-08
 2.60701e-08
 4.12814e-08
 5.71774e-08
 6.21377e-08
 5.32968e-08
 4.01107e-08
 2.63206e-08
 1.58783e-08
 1.08062e-08
 1.07381e-08
 1.77015e-08
 3.93328e-08
 9.40343e-08
 2.26576e-07
 5.46942e-07
 1.30810e-06
 2.94966e-06
 4.99401e-06
 5.70869e-06
 4.17629e-06
 1.64251e-06
 2.20927e-07
 1.18486e-08
 1.89286e-10
 4.84590e-13
 3.43804e-08
 3.12592e-08
 5.83568e-08
 1.00502e-07
 1.38174e-07
 1.43833e-07
 1.16984e-07
 8.28547e-08
 5.00955e-08
 2.57393e-08
 1.30966e-08
 8.86211e-09
 1.06688e-08
 2.18736e-08
 5.39300e-08
 1.37882e-07
 3.56351e-07
 9.21467e-07
 2.27137e-06
 4.38759e-06
 5.51592e-06
 4.30064e-06
 1.80693e-06
 2.55093e-07
 1.36530e-08
 2.04309e-10
 4.05657e-13
 9.65529e-08
 8.66375e-08
 1.52878e-07
 2.50193e-07
 3.15272e-07
 3.04297e-07
 2.33107e-07
 1.54463e-07
 8.66312e-08
 4.01562e-08
 1.69421e-08
 8.40428e-09
 7.07239e-09
 1.22625e-08
 3.05168e-08
 8.25769e-08
 2.29038e-07
 6.42717e-07
 1.73625e-06
 3.78510e-06
 5.23363e-06
 4.34757e-06
 1.91316e-06
 2.92180e-07
 1.61961e-08
 2.51421e-10
 5.07202e-13
 3.24280e-07
 3.19296e-07
 4.49232e-07
 5.99316e-07
 6.56609e-07
 5.82951e-07
 4.18838e-07
 2.57290e-07
 1.33718e-07
 5.74446e-08
 2.17894e-08
 8.74997e-09
 5.25582e-09
 7.05859e-09
 1.72651e-08
 4.93304e-08
 1.47072e-07
 4.48350e-07
 1.33129e-06
 3.19663e-06
 4.85550e-06
 4.29804e-06
 1.96397e-06
 3.38408e-07
 2.07343e-08
 4.12057e-10
 1.60976e-12
 9.84830e-07
 1.01085e-06
 1.16588e-06
 1.26605e-06
 1.22346e-06
 1.00118e-06
 6.71561e-07
 3.82011e-07
 1.85172e-07
 7.54392e-08
 2.71126e-08
 9.49439e-09
 4.31854e-09
 4.26359e-09
 9.82868e-09
 2.97271e-08
 9.54992e-08
 3.16004e-07
 1.02263e-06
 2.66300e-06
 4.41688e-06
 4.15861e-06
 1.99762e-06
 4.00081e-07
 2.83066e-08
 7.68180e-10
 4.71870e-12
 2.48795e-06
 2.43373e-06
 2.41380e-06
 2.29700e-06
 2.02722e-06
 1.55202e-06
 9.78687e-07
 5.15861e-07
 2.32418e-07
 9.01641e-08
 3.14671e-08
 1.02199e-08
 3.78331e-09
 2.73748e-09
 5.66246e-09
 1.82166e-08
 6.35703e-08
 2.28659e-07
 7.97603e-07
 2.24144e-06
 3.95694e-06
 3.91741e-06
 2.01053e-06
 4.64608e-07
 3.88188e-08
 1.32839e-09
 1.01956e-11
 4.84759e-06
 4.46188e-06
 4.07620e-06
 3.65117e-06
 3.06308e-06
 2.19294e-06
 1.27833e-06
 6.34849e-07
 2.72434e-07
 1.02525e-07
 3.49284e-08
 1.08343e-08
 3.46569e-09
 1.89172e-09
 3.35084e-09
 1.15495e-08
 4.46408e-08
 1.75426e-07
 6.50997e-07
 1.92011e-06
 3.46246e-06
 3.56860e-06
 1.96991e-06
 5.02630e-07
 4.98331e-08
 1.99121e-09
 1.75405e-11
 7.24417e-06
 6.54906e-06
 5.83464e-06
 4.95086e-06
 3.79930e-06
 2.50973e-06
 1.39692e-06
 6.77646e-07
 2.88250e-07
 1.08606e-07
 3.68691e-08
 1.12967e-08
 3.34709e-09
 1.49758e-09
 2.30217e-09
 8.56097e-09
 3.60581e-08
 1.48658e-07
 5.67000e-07
 1.66650e-06
 2.94781e-06
 3.13788e-06
 1.86469e-06
 5.10211e-07
 5.71473e-08
 2.57214e-09
 2.54194e-11
 8.75396e-06
 7.85916e-06
 6.76037e-06
 5.37080e-06
 3.79466e-06
 2.37172e-06
 1.31171e-06
 6.37185e-07
 2.73543e-07
 1.04652e-07
 3.61117e-08
 1.12516e-08
 3.31850e-09
 1.39991e-09
 2.08362e-09
 8.07698e-09
 3.45602e-08
 1.39917e-07
 5.21444e-07
 1.45956e-06
 2.47726e-06
 2.68508e-06
 1.69972e-06
 4.98412e-07
 5.94587e-08
 2.91993e-09
 3.19904e-11
 8.97761e-06
 7.84744e-06
 6.43018e-06
 4.83866e-06
 3.30674e-06
 2.03945e-06
 1.12481e-06
 5.51566e-07
 2.40973e-07
 9.43398e-08
 3.32957e-08
 1.06053e-08
 3.23776e-09
 1.44136e-09
 2.25731e-09
 8.72868e-09
 3.61703e-08
 1.39824e-07
 4.92198e-07
 1.28194e-06
 2.07925e-06
 2.25246e-06
 1.48493e-06
 4.66845e-07
 5.85919e-08
 3.01437e-09
 3.55821e-11
 7.94505e-06
 6.71913e-06
 5.28688e-06
 3.85411e-06
 2.57768e-06
 1.57769e-06
 8.73566e-07
 4.35125e-07
 1.94638e-07
 7.84039e-08
 2.85007e-08
 9.39552e-09
 3.07588e-09
 1.57531e-09
 2.71837e-09
 1.01682e-08
 3.94384e-08
 1.42035e-07
 4.65452e-07
 1.12164e-06
 1.73802e-06
 1.86173e-06
 1.25342e-06
 4.14872e-07
 5.49958e-08
 2.91142e-09
 3.56979e-11
 5.79300e-06
 4.79127e-06
 3.66243e-06
 2.63238e-06
 1.75167e-06
 1.07376e-06
 6.01840e-07
 3.06719e-07
 1.41598e-07
 5.91317e-08
 2.23066e-08
 7.71289e-09
 2.82534e-09
 1.78910e-09
 3.46893e-09
 1.22894e-08
 4.36740e-08
 1.43756e-07
 4.35796e-07
 9.72886e-07
 1.44136e-06
 1.52225e-06
 1.02877e-06
 3.46614e-07
 4.82070e-08
 2.61788e-09
 3.27044e-11
 3.24301e-06
 2.67378e-06
 2.05277e-06
 1.48502e-06
 9.97341e-07
 6.19710e-07
 3.54675e-07
 1.86077e-07
 8.91038e-08
 3.88040e-08
 1.53621e-08
 5.71494e-09
 2.46707e-09
 2.00303e-09
 4.37665e-09
 1.45325e-08
 4.70485e-08
 1.42579e-07
 4.01310e-07
 8.32574e-07
 1.17981e-06
 1.22363e-06
 8.18297e-07
 2.73292e-07
 3.89791e-08
 2.15101e-09
 2.72311e-11
 1.42961e-06
 1.19579e-06
 9.38517e-07
 6.93661e-07
 4.75806e-07
 3.02264e-07
 1.77196e-07
 9.55030e-08
 4.71643e-08
 2.13213e-08
 8.90804e-09
 3.69439e-09
 2.00044e-09
 2.14340e-09
 5.20681e-09
 1.61720e-08
 4.82519e-08
 1.37063e-07
 3.61370e-07
 6.99549e-07
 9.48211e-07
 9.61055e-07
 6.30575e-07
 2.06048e-07
 2.91547e-08
 1.61103e-09
 2.05227e-11
 5.48352e-07
 4.65930e-07
 3.72468e-07
 2.80873e-07
 1.96613e-07
 1.27523e-07
 7.64244e-08
 4.21809e-08
 2.13733e-08
 9.95402e-09
 4.38518e-09
 2.11036e-09
 1.50797e-09
 2.18654e-09
 5.75522e-09
 1.68275e-08
 4.73635e-08
 1.27500e-07
 3.16024e-07
 5.72649e-07
 7.42503e-07
 7.31594e-07
 4.67485e-07
 1.48437e-07
 2.04234e-08
 1.10976e-09
 1.40151e-11
 1.79012e-07
 1.56165e-07
 1.28585e-07
 9.87934e-08
 7.06705e-08
 4.67901e-08
 2.86172e-08
 1.61244e-08
 8.35716e-09
 4.02557e-09
 1.92916e-09
 1.14072e-09
 1.11042e-09
 2.15332e-09
 5.91606e-09
 1.65115e-08
 4.44432e-08
 1.14376e-07
 2.66191e-07
 4.52261e-07
 5.61591e-07
 5.34527e-07
 3.29137e-07
 1.00719e-07
 1.33424e-08
 7.03425e-10
 8.63114e-12
part
         7
coordinates
 1.04858e-20
 4.12899e-18
 3.84605e-16
 1.51736e-14
 3.23329e-13
 4.26770e-12
 3.81740e-11
 2.46877e-10
 1.21314e-09
 4.71513e-09
 1.49956e-08
 4.01916e-08
 9.30627e-08
 1.89389e-07
 3.40942e-07
 5.42626e-07
 7.72410e-07
 1.01346e-06
 1.25189e-06
 1.46544e-06
 1.63017e-06
 1.72699e-06
 1.74473e-06
 1.63250e-06
 1.42961e-06
 1.19579e-06
 9.38517e-07
 3.72371e-21
 1.48657e-18
 1.40695e-16
 5.64787e-15
 1.22534e-13
 1.64664e-12
 1.49855e-11
 9.84834e-11
 4.90999e-10
 1.93242e-09
 6.20895e-09
 1.67697e-08
 3.90200e-08
 7.95362e-08
 1.42642e-07
 2.23206e-07
 3.09497e-07
 3.94309e-07
 4.73098e-07
 5.39923e-07
 5.89489e-07
 6.18257e-07
 6.23730e-07
 6.01974e-07
 5.48352e-07
 4.65930e-07
 3.72468e-07
 1.09352e-21
 4.49017e-19
 4.37253e-17
 1.80550e-15
 4.02569e-14
 5.55151e-13
 5.17441e-12
 3.47462e-11
 1.76530e-10
 7.05918e-10
 2.29721e-09
 6.26279e-09
 1.46584e-08
 2.99485e-08
 5.33488e-08
 8.10942e-08
 1.08138e-07
 1.32660e-07
 1.53533e-07
 1.69941e-07
 1.81805e-07
 1.89352e-07
 1.92906e-07
 1.91488e-07
 1.79012e-07
 1.56165e-07
 1.28585e-07
 2.59922e-22
 1.11316e-19
 1.12918e-17
 4.84830e-16
 1.12149e-14
 1.60001e-13
 1.53801e-12
 1.06142e-11
 5.52188e-11
 2.25243e-10
 7.44780e-10
 2.05522e-09
 4.85267e-09
 9.98079e-09
 1.75821e-08
 2.58800e-08
 3.31825e-08
 3.91232e-08
 4.34865e-08
 4.63411e-08
 4.81022e-08
 4.94682e-08
 5.06656e-08
 5.10547e-08
 4.93454e-08
 4.50909e-08
 3.82632e-08
 4.87731e-23
 2.20984e-20
 2.36544e-18
 1.06841e-16
 2.59048e-15
 3.85834e-14
 3.85505e-13
 2.75268e-12
 1.47467e-11
 6.16483e-11
 2.07928e-10
 5.82740e-10
 1.39308e-09
 2.89694e-09
 5.03319e-09
 7.18779e-09
 8.89240e-09
 1.00675e-08
 1.07127e-08
 1.08925e-08
 1.08326e-08
 1.08870e-08
 1.11071e-08
 1.13071e-08
 1.12972e-08
 1.08551e-08
 9.59965e-09
 6.99252e-24
 3.40120e-21
 3.89417e-19
 1.87342e-17
 4.81511e-16
 7.56294e-15
 7.92448e-14
 5.89986e-13
 3.27631e-12
 1.41151e-11
 4.87847e-11
 1.39392e-10
 3.38476e-10
 7.13084e-10
 1.22790e-09
 1.71207e-09
 2.05372e-09
 2.24235e-09
 2.29224e-09
 2.18627e-09
 2.03597e-09
 1.98144e-09
 1.99730e-09
 2.04626e-09
 2.09800e-09
 2.11526e-09
 1.97731e-09
 7.34603e-25
 3.89530e-22
 4.84022e-20
 2.51408e-18
 6.93627e-17
 1.16207e-15
 1.29006e-14
 1.01052e-13
 5.86267e-13
 2.62035e-12
 9.33165e-12
 2.73009e-11
 6.75515e-11
 1.44603e-10
 2.49077e-10
 3.42641e-10
 4.02084e-10
 4.28287e-10
 4.20389e-10
 3.70837e-10
 3.15936e-10
 2.91323e-10
 2.86213e-10
 2.93180e-10
 3.08778e-10
 3.24062e-10
 3.21690e-10
 5.35849e-26
 3.14963e-23
 4.31602e-21
 2.45760e-19
 7.38324e-18
 1.33698e-16
 1.59156e-15
 1.32589e-14
 8.11297e-14
 3.79290e-13
 1.40139e-12
 4.22082e-12
 1.06838e-11
 2.33327e-11
 4.06828e-11
 5.59633e-11
 6.49971e-11
 6.82763e-11
 6.46652e-11
 5.27720e-11
 4.04370e-11
 3.40876e-11
 3.18234e-11
 3.20092e-11
 3.43262e-11
 3.77419e-11
 3.99042e-11
 2.52885e-27
 1.67914e-24
 2.58468e-22
 1.64229e-20
 5.46379e-19
 1.08641e-17
 1.40710e-16
 1.26315e-15
 8.24754e-15
 4.07467e-14
 1.57578e-13
 4.92136e-13
 1.28113e-12
 2.86795e-12
 5.13038e-12
 7.16429e-12
 8.33207e-12
 8.70767e-12
 8.08638e-12
 6.22434e-12
 4.26163e-12
 3.14965e-12
 2.66394e-12
 2.55949e-12
 2.74910e-12
 3.18637e-12
 3.57876e-12
 7.01805e-29
 5.38596e-26
 9.52365e-24
 6.90062e-22
 2.59583e-20
 5.77985e-19
 8.29398e-18
 8.15629e-17
 5.76683e-16
 3.04995e-15
 1.24844e-14
 4.08040e-14
 1.09949e-13
 2.53312e-13
 4.71994e-13
 6.80705e-13
 8.02839e-13
 8.42053e-13
 7.80719e-13
 5.84385e-13
 3.64518e-13
 2.30512e-13
 1.64784e-13
 1.42874e-13
 1.48580e-13
 1.82998e-13
 2.31820e-13
 9.99847e-31
 9.13886e-28
 1.91168e-25
 1.62533e-23
 7.10517e-22
 1.81802e-20
 2.96053e-19
 3.25928e-18
 2.54388e-17
 1.46467e-16
 6.43893e-16
 2.22947e-15
 6.27081e-15
 1.48831e-14
 2.92821e-14
 4.45007e-14
 5.41298e-14
 5.75401e-14
 5.39947e-14
 4.04485e-14
 2.39540e-14
 1.32457e-14
 7.72352e-15
 5.73452e-15
 6.18206e-15
 1.05124e-14
 2.30656e-14
 5.93070e-33
 6.74346e-30
 1.74132e-27
 1.81042e-25
 9.56837e-24
 2.92035e-22
 5.58522e-21
 7.09886e-20
 6.28298e-19
 4.03008e-18
 1.94094e-17
 7.24622e-17
 2.16135e-16
 5.32690e-16
 1.10985e-15
 1.79829e-15
 2.29290e-15
 2.49776e-15
 2.40437e-15
 1.85129e-15
 1.09676e-15
 6.09049e-16
 4.67009e-16
 7.86783e-16
 2.32174e-15
 7.57171e-15
 2.33317e-14
 1.01456e-35
 1.54240e-32
 5.27490e-30
 7.17836e-28
 4.89444e-26
 1.89357e-24
 4.49607e-23
 6.92887e-22
 7.25010e-21
 5.36175e-20
 2.90898e-19
 1.19822e-18
 3.86744e-18
 1.01046e-17
 2.22362e-17
 3.87939e-17
 5.26580e-17
 5.92640e-17
 5.84723e-17
 5.20551e-17
 5.80951e-17
 1.27667e-16
 4.24764e-16
 1.46735e-15
 4.69463e-15
 1.37654e-14
 3.71419e-14
 2.24505e-39
 5.28819e-36
 2.76438e-33
 5.65280e-31
 5.66831e-29
 3.13945e-27
 1.03250e-25
 2.12007e-24
 2.83276e-23
 2.56485e-22
 1.64064e-21
 7.71845e-21
 2.76767e-20
 7.79564e-20
 1.76881e-19
 3.29507e-19
 5.12240e-19
 7.75297e-19
 1.80037e-18
 7.59210e-18
 3.57154e-17
 1.48408e-16
 5.34191e-16
 1.69792e-15
 4.46085e-15
 1.05453e-14
 2.41855e-14
 3.48589e-45
 2.10003e-41
 2.72683e-38
 1.33351e-35
 3.04243e-33
 3.59006e-31
 2.30922e-29
 8.34408e-28
 1.74750e-26
 2.22924e-25
 1.84634e-24
 1.05721e-23
 4.41310e-23
 1.40182e-22
 3.56871e-22
 9.17674e-22
 5.10635e-21
 5.24257e-20
 4.74264e-19
 3.26253e-18
 1.69718e-17
 6.92821e-17
 2.32763e-16
 6.67633e-16
 1.28645e-15
 1.68028e-15
 1.65555e-15
 1.04858e-20
 4.12899e-18
 3.84605e-16
 1.51736e-14
 3.23329e-13
 4.26770e-12
 3.81740e-11
 2.46877e-10
 1.21314e-09
 4.71513e-09
 1.49956e-08
 4.01916e-08
 9.30627e-08
 1.89389e-07
 3.40942e-07
 5.42626e-07
 7.72410e-07
 1.01346e-06
 1.25189e-06
 1.46544e-06
 1.63017e-06
 1.72699e-06
 1.74473e-06
 1.63250e-06
 1.42961e-06
 1.19579e-06
 9.38517e-07
 3.72371e-21
 1.48657e-18
 1.40695e-16
 5.64787e-15
 1.22534e-13
 1.64664e-12
 1.49855e-11
 9.84834e-11
 4.90999e-10
 1.93242e-09
 6.20895e-09
 1.67697e-08
 3.90200e-08
 7.95362e-08
 1.42642e-07
 2.23206e-07
 3.09497e-07
 3.94309e-07
 4.73098e-07
 5.39923e-07
 5.89489e-07
 6.18257e-07
 6.23730e-07
 6.01974e-07
 5.48352e-07
 4.65930e-07
 3.72468e-07
 1.09352e-21
 4.49017e-19
 4.37253e-17
 1.80550e-15
 4.02569e-14
 5.55151e-13
 5.17441e-12
 3.47462e-11
 1.76530e-10
 7.05918e-10
 2.29721e-09
 6.26279e-09
 1.46584e-08
 2.99485e-08
 5.33488e-08
 8.10942e-08
 1.08138e-07
 1.32660e-07
 1.53533e-07
 1.69941e-07
 1.81805e-07
 1.89352e-07
 1.92906e-07
 1.91488e-07
 1.79012e-07
 1.56165e-07
 1.28585e-07
 2.59922e-22
 1.11316e-19
 1.12918e-17
 4.84830e-16
 1.12149e-14
 1.60001e-13
 1.53801e-12
 1.06142e-11
 5.52188e-11
 2.25243e-10
 7.44780e-10
 2.05522e-09
 4.85267e-09
 9.98079e-09
 1.75821e-08
 2.58800e-08
 3.31825e-08
 3.91232e-08
 4.34865e-08
 4.63411e-08
 4.81022e-08
 4.94682e-08
 5.06656e-08
 5.10547e-08
 4.93454e-08
 4.50909e-08
 3.82632e-08
 4.87731e-23
 2.20984e-20
 2.36544e-18
 1.06841e-16
 2.59048e-15
 3.85834e-14
 3.85505e-13
 2.75268e-12
 1.47467e-11
 6.16483e-11
 2.07928e-10
 5.82740e-10
 1.39308e-09
 2.89694e-09
 5.03319e-09
 7.18779e-09
 8.89240e-09
 1.00675e-08
 1.07127e-08
 1.08925e-08
 1.08326e-08
 1.08870e-08
 1.11071e-08
 1.13071e-08
 1.12972e-08
 1.08551e-08
 9.59965e-09
 6.99252e-24
 3.40120e-21
 3.89417e-19
 1.87342e-17
 4.81511e-16
 7.56294e-15
 7.92448e-14
 5.89986e-13
 3.27631e-12
 1.41151e-11
 4.87847e-11
 1.39392e-10
 3.38476e-10
 7.13084e-10
 1.22790e-09
 1.71207e-09
 2.05372e-09
 2.24235e-09
 2.29224e-09
 2.18627e-09
 2.03597e-09
 1.98144e-09
 1.99730e-09
 2.04626e-09
 2.09800e-09
 2.11526e-09
 1.97731e-09
 7.34603e-25
 3.89530e-22
 4.84022e-20
 2.51408e-18
 6.93627e-17
 1.16207e-15
 1.29006e-14
 1.01052e-13
 5.86267e-13
 2.62035e-12
 9.33165e-12
 2.73009e-11
 6.75515e-11
 1.44603e-10
 2.49077e-10
 3.42641e-10
 4.02084e-10
 4.28287e-10
 4.20389e-10
 3.70837e-10
 3.15936e-10
 2.91323e-10
 2.86213e-10
 2.93180e-10
 3.08778e-10
 3.24062e-10
 3.21690e-10
 5.35849e-26
 3.14963e-23
 4.31602e-21
 2.45760e-19
 7.38324e-18
 1.33698e-16
 1.59156e-15
 1.32589e-14
 8.11297e-14
 3.79290e-13
 1.40139e-12
 4.22082e-12
 1.06838e-11
 2.33327e-11
 4.06828e-11
 5.59633e-11
 6.49971e-11
 6.82763e-11
 6.46652e-11
 5.27720e-11
 4.04370e-11
 3.40876e-11
 3.18234e-11
 3.20092e-11
 3.43262e-11
 3.77419e-11
 3.99042e-11
 2.52885e-27
 1.67914e-24
 2.58468e-22
 1.64229e-20
 5.46379e-19
 1.08641e-17
 1.40710e-16
 1.26315e-15
 8.24754e-15
 4.07467e-14
 1.57578e-13
 4.92136e-13
 1.28113e-12
 2.86795e-12
 5.13038e-12
 7.16429e-12
 8.33207e-12
 8.70767e-12
 8.08638e-12
 6.22434e-12
 4.26163e-12
 3.14965e-12
 2.66394e-12
 2.55949e-12
 2.74910e-12
 3.18637e-12
 3.57876e-12
 7.01805e-29
 5.38596e-26
 9.52365e-24
 6.90062e-22
 2.59583e-20
 5.77985e-19
 8.29398e-18
 8.15629e-17
 5.76683e-16
 3.04995e-15
 1.24844e-14
 4.08040e-14
 1.09949e-13
 2.53312e-13
 4.71994e-13
 6.80705e-13
 8.02839e-13
 8.42053e-13
 7.80719e-13
 5.84385e-13
 3.64518e-13
 2.30512e-13
 1.64784e-13
 1.42874e-13
 1.48580e-13
 1.82998e-13
 2.31820e-13
 9.99847e-31
 9.13886e-28
 1.91168e-25
 1.62533e-23
 7.10517e-22
 1.81802e-20
 2.96053e-19
 3.25928e-18
 2.54388e-17
 1.46467e-16
 6.43893e-16
 2.22947e-15
 6.27081e-15
 1.48831e-14
 2.92821e-14
 4.45007e-14
 5.41298e-14
 5.75401e-14
 5.39947e-14
 4.04485e-14
 2.39540e-14
 1.32457e-14
 7.72352e-15
 5.73452e-15
 6.18206e-15
 1.05124e-14
 2.30656e-14
 5.93070e-33
 6.74346e-30
 1.74132e-27
 1.81042e-25
 9.56837e-24
 2.92035e-22
 5.58522e-21
 7.09886e-20
 6.28298e-19
 4.03008e-18
 1.94094e-17
 7.24622e-17
 2.16135e-16
 5.32690e-16
 1.10985e-15
 1.79829e-15
 2.29290e-15
 2.49776e-15
 2.40437e-15
 1.85129e-15
 1.09676e-15
 6.09049e-16
 4.67009e-16
 7.86783e-16
 2.32174e-15
 7.57171e-15
 2.33317e-14
 1.01456e-35
 1.54240e-32
 5.27490e-30
 7.17836e-28
 4.89444e-26
 1.89357e-24
 4.49607e-23
 6.92887e-22
 7.25010e-21
 5.36175e-20
 2.90898e-19
 1.19822e-18
 3.86744e-18
 1.01046e-17
 2.22362e-17
 3.87939e-17
 5.26580e-17
 5.92640e-17
 5.84723e-17
 5.20551e-17
 5.80951e-17
 1.27667e-16
 4.24764e-16
 1.46735e-15
 4.69463e-15
 1.37654e-14
 3.71419e-14
 2.24505e-39
 5.28819e-36
 2.76438e-33
 5.65280e-31
 5.66831e-29
 3.13945e-27
 1.03250e-25
 2.12007e-24
 2.83276e-23
 2.56485e-22
 1.64064e-21
 7.71845e-21
 2.76767e-20
 7.79564e-20
 1.76881e-19
 3.29507e-19
 5.12240e-19
 7.75297e-19
 1.80037e-18
 7.59210e-18
 3.57154e-17
 1.48408e-16
 5.34191e-16
 1.69792e-15
 4.46085e-15
 1.05453e-14
 2.41855e-14
 3.48589e-45
 2.10003e-41
 2.72683e-38
 1.33351e-35
 3.04243e-33
 3.59006e-31
 2.30922e-29
 8.34408e-28
 1.74750e-26
 2.22924e-25
 1.84634e-24
 1.05721e-23
 4.41310e-23
 1.40182e-22
 3.56871e-22
 9.17674e-22
 5.10635e-21
 5.24257e-20
 4.74264e-19
 3.26253e-18
 1.69718e-17
 6.92821e-17
 2.32763e-16
 6.67633e-16
 1.28645e-15
 1.68028e-15
 1.65555e-15
part
         8
coordinates
 1.42961e-06
 1.19579e-06
 9.38517e-07
 6.93661e-07
 4.75806e-07
 3.02264e-07
 1.77196e-07
 9.55030e-08
 4.71643e-08
 2.13213e-08
 8.90804e-09
 3.69439e-09
 2.00044e-09
 2.14340e-09
 5.20681e-09
 1.61720e-08
 4.82519e-08
 1.37063e-07
 3.61370e-07
 6.99549e-07
 9.48211e-07
 9.61055e-07
 6.30575e-07
 2.06048e-07
 2.91547e-08
 1.61103e-09
 2.05227e-11
 5.48352e-07
 4.65930e-07
 3.72468e-07
 2.80873e-07
 1.96613e-07
 1.27523e-07
 7.64244e-08
 4.21809e-08
 2.13733e-08
 9.95402e-09
 4.38518e-09
 2.11036e-09
 1.50797e-09
 2.18654e-09
 5.75522e-09
 1.68275e-08
 4.73635e-08
 1.27500e-07
 3.16024e-07
 5.72649e-07
 7.42503e-07
 7.31594e-07
 4.67485e-07
 1.48437e-07
 2.04234e-08
 1.10976e-09
 1.40151e-11
 1.79012e-07
 1.56165e-07
 1.28585e-07
 9.87934e-08
 7.06705e-08
 4.67901e-08
 2.86172e-08
 1.61244e-08
 8.35716e-09
 4.02557e-09
 1.92916e-09
 1.14072e-09
 1.11042e-09
 2.15332e-09
 5.91606e-09
 1.65115e-08
 4.44432e-08
 1.14376e-07
 2.66191e-07
 4.52261e-07
 5.61591e-07
 5.34527e-07
 3.29137e-07
 1.00719e-07
 1.33424e-08
 7.03425e-10
 8.63114e-12
 4.93454e-08
 4.50909e-08
 3.82632e-08
 2.99754e-08
 2.19692e-08
 1.48777e-08
 9.29020e-09
 5.34135e-09
 2.83906e-09
 1.44392e-09
 8.01994e-10
 6.17828e-10
 8.63402e-10
 2.07469e-09
 5.69686e-09
 1.53041e-08
 3.95305e-08
 9.79678e-08
 2.13719e-07
 3.41441e-07
 4.07373e-07
 3.71089e-07
 2.16753e-07
 6.33241e-08
 7.96643e-09
 4.01745e-10
 4.70936e-12
 1.12972e-08
 1.08551e-08
 9.59965e-09
 7.71991e-09
 5.79298e-09
 4.02227e-09
 2.56831e-09
 1.51155e-09
 8.36145e-10
 4.72847e-10
 3.30429e-10
 3.62317e-10
 7.24749e-10
 1.91501e-09
 5.12349e-09
 1.32422e-08
 3.29539e-08
 7.89169e-08
 1.61259e-07
 2.42960e-07
 2.79298e-07
 2.40911e-07
 1.30858e-07
 3.61173e-08
 4.25708e-09
 2.02531e-10
 2.22856e-12
 2.09800e-09
 2.11526e-09
 1.97731e-09
 1.64882e-09
 1.26485e-09
 9.02922e-10
 5.91937e-10
 3.61492e-10
 2.17782e-10
 1.49908e-10
 1.45675e-10
 2.48392e-10
 6.18354e-10
 1.64419e-09
 4.25291e-09
 1.06062e-08
 2.55072e-08
 5.89457e-08
 1.12592e-07
 1.59759e-07
 1.76756e-07
 1.43041e-07
 7.07314e-08
 1.81894e-08
 1.98406e-09
 8.77646e-11
 8.88243e-13
 3.08778e-10
 3.24062e-10
 3.21690e-10
 2.82407e-10
 2.22070e-10
 1.63862e-10
 1.11929e-10
 7.42755e-11
 5.37718e-11
 5.14170e-11
 8.13757e-11
 1.92640e-10
 5.04803e-10
 1.30453e-09
 3.25732e-09
 7.85172e-09
 1.82450e-08
 4.03386e-08
 7.12783e-08
 9.45394e-08
 9.99227e-08
 7.52322e-08
 3.32364e-08
 7.78622e-09
 7.78103e-10
 3.14555e-11
 2.85393e-13
 3.43262e-11
 3.77419e-11
 3.99042e-11
 3.70593e-11
 3.03911e-11
 2.36797e-11
 1.78177e-11
 1.45183e-11
 1.52617e-11
 2.52713e-11
 5.94646e-11
 1.53271e-10
 3.92247e-10
 9.73125e-10
 2.32866e-09
 5.37655e-09
 1.19696e-08
 2.45826e-08
 3.94611e-08
 4.86131e-08
 4.82538e-08
 3.33323e-08
 1.30371e-08
 2.68906e-09
 2.43626e-10
 8.78645e-12
 6.89779e-14
 2.74910e-12
 3.18637e-12
 3.57876e-12
 3.57420e-12
 3.23211e-12
 2.91268e-12
 2.93349e-12
 3.90436e-12
 7.73812e-12
 1.90251e-11
 4.87199e-11
 1.22729e-10
 2.98875e-10
 6.99858e-10
 1.57238e-09
 3.38592e-09
 6.98193e-09
 1.26007e-08
 1.79528e-08
 2.04960e-08
 1.85953e-08
 1.14383e-08
 3.94958e-09
 6.96632e-10
 5.59560e-11
 1.73386e-12
 1.11339e-14
 1.48580e-13
 1.82998e-13
 2.31820e-13
 2.78168e-13
 3.43822e-13
 5.17645e-13
 1.05124e-12
 2.56435e-12
 6.59077e-12
 1.68075e-11
 4.15132e-11
 9.83430e-11
 2.22665e-10
 4.80909e-10
 9.86370e-10
 1.88896e-09
 3.32855e-09
 4.98819e-09
 6.14900e-09
 6.34214e-09
 5.05183e-09
 2.66208e-09
 8.03585e-10
 1.18742e-10
 8.10715e-12
 2.02437e-13
 9.42512e-16
 6.18206e-15
 1.05124e-14
 2.30656e-14
 5.53484e-14
 1.43526e-13
 3.83213e-13
 1.01165e-12
 2.59619e-12
 6.42869e-12
 1.52762e-11
 3.46846e-11
 7.50541e-11
 1.54106e-10
 2.92666e-10
 5.09590e-10
 8.03222e-10
 1.10961e-09
 1.32879e-09
 1.39850e-09
 1.20886e-09
 7.79258e-10
 3.44833e-10
 8.84253e-11
 1.05948e-11
 5.67081e-13
 9.77873e-15
 1.97963e-17
 2.32174e-15
 7.57171e-15
 2.33317e-14
 6.73088e-14
 1.83345e-13
 4.74064e-13
 1.16572e-12
 2.72520e-12
 6.01910e-12
 1.24210e-11
 2.38736e-11
 4.37720e-11
 7.66584e-11
 1.20513e-10
 1.62812e-10
 1.94229e-10
 2.11138e-10
 2.02323e-10
 1.68147e-10
 1.16694e-10
 6.13003e-11
 2.24051e-11
 4.73994e-12
 4.50642e-13
 1.80667e-14
 2.00628e-16
 1.54497e-19
 4.69463e-15
 1.37654e-14
 3.71419e-14
 9.30927e-14
 2.14947e-13
 4.40928e-13
 8.57214e-13
 1.66924e-12
 3.21337e-12
 5.75040e-12
 9.05722e-12
 1.29216e-11
 1.69083e-11
 1.96196e-11
 1.97134e-11
 1.83751e-11
 1.66968e-11
 1.33867e-11
 8.99767e-12
 5.07631e-12
 2.19651e-12
 6.53498e-13
 1.12237e-13
 8.35952e-15
 2.45205e-16
 1.69827e-18
 4.73511e-22
 4.46085e-15
 1.05453e-14
 2.41855e-14
 5.38638e-14
 1.09953e-13
 1.79335e-13
 2.41502e-13
 3.04989e-13
 4.08878e-13
 5.61335e-13
 6.74797e-13
 7.05093e-13
 7.33854e-13
 7.78961e-13
 7.11653e-13
 5.59166e-13
 4.32576e-13
 3.02583e-13
 1.73100e-13
 8.05977e-14
 2.88413e-14
 6.95439e-15
 9.60713e-16
 5.56064e-17
 1.17776e-18
 5.00362e-21
 4.93640e-25
 1.28645e-15
 1.68028e-15
 1.65555e-15
 1.43471e-15
 1.56233e-15
 2.39568e-15
 3.19787e-15
 3.38818e-15
 3.68579e-15
 4.60224e-15
 5.56549e-15
 5.72305e-15
 5.33223e-15
 5.23121e-15
 4.62677e-15
 3.27525e-15
 2.19141e-15
 1.36786e-15
 6.86409e-16
 2.67542e-16
 7.96466e-17
 1.55663e-17
 1.72008e-18
 7.69527e-20
 1.16750e-21
 3.01393e-24
 1.03895e-28
 1.42961e-06
 1.19579e-06
 9.38517e-07
 6.93661e-07
 4.75806e-07
 3.02264e-07
 1.77196e-07
 9.55030e-08
 4.71643e-08
 2.13213e-08
 8.90804e-09
 3.69439e-09
 2.00044e-09
 2.14340e-09
 5.20681e-09
 1.61720e-08
 4.82519e-08
 1.37063e-07
 3.61370e-07
 6.99549e-07
 9.48211e-07
 9.61055e-07
 6.30575e-07
 2.06048e-07
 2.91547e-08
 1.61103e-09
 2.05227e-11
 5.48352e-07
 4.65930e-07
 3.72468e-07
 2.80873e-07
 1.96613e-07
 1.27523e-07
 7.64244e-08
 4.21809e-08
 2.13733e-08
 9.95402e-09
 4.38518e-09
 2.11036e-09
 1.50797e-09
 2.18654e-09
 5.75522e-09
 1.68275e-08
 4.73635e-08
 1.27500e-07
 3.16024e-07
 5.72649e-07
 7.42503e-07
 7.31594e-07
 4.67485e-07
 1.48437e-07
 2.04234e-08
 1.10976e-09
 1.40151e-11
 1.79012e-07
 1.56165e-07
 1.28585e-07
 9.87934e-08
 7.06705e-08
 4.67901e-08
 2.86172e-08
 1.61244e-08
 8.35716e-09
 4.02557e-09
 1.92916e-09
 1.14072e-09
 1.11042e-09
 2.15332e-09
 5.91606e-09
 1.65115e-08
 4.44432e-08
 1.14376e-07
 2.66191e-07
 4.52261e-07
 5.61591e-07
 5.34527e-07
 3.29137e-07
 1.00719e-07
 1.33424e-08
 7.03425e-10
 8.63114e-12
 4.93454e-08
 4.50909e-08
 3.82632e-08
 2.99754e-08
 2.19692e-08
 1.48777e-08
 9.29020e-09
 5.34135e-09
 2.83906e-09
 1.44392e-09
 8.01994e-10
 6.17828e-10
 8.63402e-10
 2.07469e-09
 5.69686e-09
 1.53041e-08
 3.95305e-08
 9.79678e-08
 2.13719e-07
 3.41441e-07
 4.07373e-07
 3.71089e-07
 2.16753e-07
 6.33241e-08
 7.96643e-09
 4.01745e-10
 4.70936e-12
 1.12972e-08
 1.08551e-08
 9.59965e-09
 7.71991e-09
 5.79298e-09
 4.02227e-09
 2.56831e-09
 1.51155e-09
 8.36145e-10
 4.72847e-10
 3.30429e-10
 3.62317e-10
 7.24749e-10
 1.91501e-09
 5.12349e-09
 1.32422e-08
 3.29539e-08
 7.89169e-08
 1.61259e-07
 2.42960e-07
 2.79298e-07
 2.40911e-07
 1.30858e-07
 3.61173e-08
 4.25708e-09
 2.02531e-10
 2.22856e-12
 2.09800e-09
 2.11526e-09
 1.97731e-09
 1.64882e-09
 1.26485e-09
 9.02922e-10
 5.91937e-10
 3.61492e-10
 2.17782e-10
 1.49908e-10
 1.45675e-10
 2.48392e-10
 6.18354e-10
 1.64419e-09
 4.25291e-09
 1.06062e-08
 2.55072e-08
 5.89457e-08
 1.12592e-07
 1.59759e-07
 1.76756e-07
 1.43041e-07
 7.07314e-08
 1.81894e-08
 1.98406e-09
 8.77646e-11
 8.88243e-13
 3.08778e-10
 3.24062e-10
 3.21690e-10
 2.82407e-10
 2.22070e-10
 1.63862e-10
 1.11929e-10
 7.42755e-11
 5.37718e-11
 5.14170e-11
 8.13757e-11
 1.92640e-10
 5.04803e-10
 1.30453e-09
 3.25732e-09
 7.85172e-09
 1.82450e-08
 4.03386e-08
 7.12783e-08
 9.45394e-08
 9.99227e-08
 7.52322e-08
 3.32364e-08
 7.78622e-09
 7.78103e-10
 3.14555e-11
 2.85393e-13
 3.43262e-11
 3.77419e-11
 3.99042e-11
 3.70593e-11
 3.03911e-11
 2.36797e-11
 1.78177e-11
 1.45183e-11
 1.52617e-11
 2.52713e-11
 5.94646e-11
 1.53271e-10
 3.92247e-10
 9.73125e-10
 2.32866e-09
 5.37655e-09
 1.19696e-08
 2.45826e-08
 3.94611e-08
 4.86131e-08
 4.82538e-08
 3.33323e-08
 1.30371e-08
 2.68906e-09
 2.43626e-10
 8.78645e-12
 6.89779e-14
 2.74910e-12
 3.18637e-12
 3.57876e-12
 3.57420e-12
 3.23211e-12
 2.91268e-12
 2.93349e-12
 3.90436e-12
 7.73812e-12
 1.90251e-11
 4.87199e-11
 1.22729e-10
 2.98875e-10
 6.99858e-10
 1.57238e-09
 3.38592e-09
 6.98193e-09
 1.26007e-08
 1.79528e-08
 2.04960e-08
 1.85953e-08
 1.14383e-08
 3.94958e-09
 6.96632e-10
 5.59560e-11
 1.73386e-12
 1.11339e-14
 1.48580e-13
 1.82998e-13
 2.31820e-13
 2.78168e-13
 3.43822e-13
 5.17645e-13
 1.05124e-12
 2.56435e-12
 6.59077e-12
 1.68075e-11
 4.15132e-11
 9.83430e-11
 2.22665e-10
 4.80909e-10
 9.86370e-10
 1.88896e-09
 3.32855e-09
 4.98819e-09
 6.14900e-09
 6.34214e-09
 5.05183e-09
 2.66208e-09
 8.03585e-10
 1.18742e-10
 8.10715e-12
 2.02437e-13
 9.42512e-16
 6.18206e-15
 1.05124e-14
 2.30656e-14
 5.53484e-14
 1.43526e-13
 3.83213e-13
 1.01165e-12
 2.59619e-12
 6.42869e-12
 1.52762e-11
 3.46846e-11
 7.50541e-11
 1.54106e-10
 2.92666e-10
 5.09590e-10
 8.03222e-10
 1.10961e-09
 1.32879e-09
 1.39850e-09
 1.20886e-09
 7.79258e-10
 3.44833e-10
 8.84253e-11
 1.05948e-11
 5.67081e-13
 9.77873e-15
 1.97963e-17
 2.32174e-15
 7.57171e-15
 2.33317e-14
 6.73088e-14
 1.83345e-13
 4.74064e-13
 1.16572e-12
 2.72520e-12
 6.01910e-12
 1.24210e-11
 2.38736e-11
 4.37720e-11
 7.66584e-11
 1.20513e-10
 1.62812e-10
 1.94229e-10
 2.11138e-10
 2.02323e-10
 1.68147e-10
 1.16694e-10
 6.13003e-11
 2.24051e-11
 4.73994e-12
 4.50642e-13
 1.80667e-14
 2.00628e-16
 1.54497e-19
 4.69463e-15
 1.37654e-14
 3.71419e-14
 9.30927e-14
 2.14947e-13
 4.40928e-13
 8.57214e-13
 1.66924e-12
 3.21337e-12
 5.75040e-12
 9.05722e-12
 1.29216e-11
 1.69083e-11
 1.96196e-11
 1.97134e-11
 1.83751e-11
 1.66968e-11
 1.33867e-11
 8.99767e-12
 5.07631e-12
 2.19651e-12
 6.53498e-13
 1.12237e-13
 8.35952e-15
 2.45205e-16
 1.69827e-18
 4.73511e-22
 4.46085e-15
 1.05453e-14
 2.41855e-14
 5.38638e-14
 1.09953e-13
 1.79335e-13
 2.41502e-13
 3.04989e-13
 4.08878e-13
 5.61335e-13
 6.74797e-13
 7.05093e-13
 7.33854e-13
 7.78961e-13
 7.11653e-13
 5.59166e-13
 4.32576e-13
 3.02583e-13
 1.73100e-13
 8.05977e-14
 2.88413e-14
 6.95439e-15
 9.60713e-16
 5.56064e-17
 1.17776e-18
 5.00362e-21
 4.93640e-25
 1.28645e-15
 1.68028e-15
 1.65555e-15
 1.43471e-15
 1.56233e-15
 2.39568e-15
 3.19787e-15
 3.38818e-15
 3.68579e-15
 4.60224e-15
 5.56549e-15
 5.72305e-15
 5.33223e-15
 5.23121e-15
 4.62677e-15
 3.27525e-15
 2.19141e-15
 1.36786e-15
 6.86409e-16
 2.67542e-16
 7.96466e-17
 1.55663e-17
 1.72008e-18
 7.69527e-20
 1.16750e-21
 3.01393e-24
 1.03895e-28
