NodeMass
part
         1
coordinates
 9.48713e-47
 3.65770e-42
 4.54222e-39
 1.27675e-36
 1.42564e-34
 8.23731e-33
 2.86830e-31
 6.64458e-30
 1.09766e-28
 1.36167e-27
 1.32072e-26
 1.03504e-25
 6.73846e-25
 3.73361e-24
 1.79896e-23
 7.68657e-23
 2.96657e-22
 1.05385e-21
 3.52138e-21
 1.13522e-20
 3.61831e-20
 1.15952e-19
 3.85704e-19
 1.56004e-18
 1.02964e-17
 1.05333e-16
 6.59262e-16
 2.25808e-15
 5.22179e-15
 9.23075e-15
 1.33538e-14
 1.64625e-14
 1.76301e-14
 1.63933e-14
 1.34080e-14
 9.79355e-15
 6.30800e-15
 3.53927e-15
 1.70181e-15
 6.85273e-16
 2.23481e-16
 5.61834e-17
 1.00970e-17
 1.14798e-18
 6.67785e-20
 1.38617e-21
 6.23117e-24
 4.35684e-27
 7.22420e-31
 3.20476e-35
 2.49225e-40
 1.34609e-41
 1.91962e-37
 1.48900e-34
 3.06130e-32
 2.70624e-30
 1.29968e-28
 3.89014e-27
 7.94270e-26
 1.17944e-24
 1.33655e-23
 1.20038e-22
 8.81305e-22
 5.43054e-21
 2.87442e-20
 1.33481e-19
 5.54580e-19
 2.10000e-18
 7.37927e-18
 2.45323e-17
 7.90261e-17
 2.54471e-16
 8.47434e-16
 2.97972e-15
 1.09784e-14
 4.11230e-14
 1.53026e-13
 4.62427e-13
 1.01940e-12
 1.72998e-12
 2.43321e-12
 2.97554e-12
 3.25705e-12
 3.17933e-12
 2.74726e-12
 2.14473e-12
 1.52588e-12
 9.74015e-13
 5.50752e-13
 2.71552e-13
 1.14186e-13
 3.96631e-14
 1.08629e-14
 2.18539e-15
 2.88137e-16
 2.04266e-17
 5.53266e-19
 3.66888e-21
 5.14262e-24
 2.11009e-27
 2.49468e-31
 5.34957e-36
 3.49487e-37
 1.91045e-33
 9.35312e-31
 1.41170e-28
 9.88346e-27
 3.93815e-25
 1.00971e-23
 1.80808e-22
 2.39824e-21
 2.46356e-20
 2.03012e-19
 1.38139e-18
 7.95416e-18
 3.96013e-17
 1.73846e-16
 6.85395e-16
 2.46979e-15
 8.26957e-15
 2.61028e-14
 7.85286e-14
 2.26589e-13
 6.28089e-13
 1.66955e-12
 4.24160e-12
 1.02656e-11
 2.37365e-11
 4.82426e-11
 7.95572e-11
 1.10024e-10
 1.34658e-10
 1.49539e-10
 1.51697e-10
 1.39455e-10
 1.15992e-10
 8.86773e-11
 6.25820e-11
 4.00835e-11
 2.30236e-11
 1.16815e-11
 5.12510e-12
 1.88660e-12
 5.57717e-13
 1.23918e-13
 1.86092e-14
 1.57165e-15
 5.38600e-17
 4.88860e-19
 1.03607e-21
 6.69753e-25
 1.26951e-28
 4.40375e-33
 2.66074e-33
 5.94123e-30
 1.86887e-27
 2.08448e-25
 1.15718e-23
 3.81714e-22
 8.34322e-21
 1.30099e-19
 1.52695e-18
 1.40518e-17
 1.04729e-16
 6.49168e-16
 3.42191e-15
 1.56327e-14
 6.29083e-14
 2.26107e-13
 7.34407e-13
 2.17679e-12
 5.93536e-12
 1.49867e-11
 3.52366e-11
 7.75061e-11
 1.60137e-10
 3.11909e-10
 5.74712e-10
 1.00865e-09
 1.59262e-09
 2.19667e-09
 2.70773e-09
 3.05550e-09
 3.20793e-09
 3.08407e-09
 2.72165e-09
 2.23682e-09
 1.69953e-09
 1.20017e-09
 7.76817e-10
 4.55343e-10
 2.38184e-10
 1.08937e-10
 4.23431e-11
 1.34224e-11
 3.26128e-12
 5.50188e-13
 5.43393e-14
 2.30053e-15
 2.73882e-17
 7.90515e-20
 7.01555e-23
 1.83042e-26
 8.75018e-31
 6.18362e-30
 6.41704e-27
 1.34304e-24
 1.12217e-22
 4.95917e-21
 1.35172e-19
 2.50322e-18
 3.36583e-17
 3.44895e-16
 2.79444e-15
 1.84303e-14
 1.01302e-13
 4.73171e-13
 1.90927e-12
 6.74975e-12
 2.11636e-11
 5.94890e-11
 1.51348e-10
 3.51524e-10
 7.51293e-10
 1.48853e-09
 2.75312e-09
 4.78399e-09
 7.85268e-09
 1.22279e-08
 1.80354e-08
 2.45780e-08
 3.05631e-08
 3.50733e-08
 3.76506e-08
 3.79201e-08
 3.53070e-08
 3.05556e-08
 2.49145e-08
 1.90114e-08
 1.35366e-08
 8.89747e-09
 5.33894e-09
 2.88321e-09
 1.37395e-09
 5.62595e-10
 1.90360e-10
 5.02175e-11
 9.41810e-12
 1.07155e-12
 5.49790e-14
 8.35410e-16
 3.11234e-18
 3.53899e-21
 1.17755e-24
 7.15934e-29
 3.35841e-27
 2.16174e-24
 3.26328e-22
 2.11112e-20
 7.52803e-19
 1.70070e-17
 2.65923e-16
 3.05912e-15
 2.70749e-14
 1.90767e-13
 1.09936e-12
 5.29701e-12
 2.17348e-11
 7.71493e-11
 2.40162e-10
 6.63671e-10
 1.64601e-09
 3.70047e-09
 7.60958e-09
 1.44321e-08
 2.54345e-08
 4.19379e-08
 6.50936e-08
 9.56179e-08
 1.33529e-07
 1.76644e-07
 2.19741e-07
 2.55987e-07
 2.80288e-07
 2.91303e-07
 2.84314e-07
 2.60032e-07
 2.24210e-07
 1.82147e-07
 1.40285e-07
 1.01323e-07
 6.79055e-08
 4.18165e-08
 2.33461e-08
 1.15933e-08
 4.99538e-09
 1.79880e-09
 5.12589e-10
 1.06030e-10
 1.37300e-11
 8.40545e-13
 1.59959e-14
 7.45543e-17
 1.04158e-19
 4.21776e-23
 3.10439e-27
 4.38445e-25
 2.11291e-22
 2.51307e-20
 1.32432e-18
 3.93887e-17
 7.55558e-16
 1.01716e-14
 1.01874e-13
 7.92164e-13
 4.94086e-12
 2.53647e-11
 1.09455e-10
 4.04090e-10
 1.29576e-09
 3.65717e-09
 9.19396e-09
 2.08110e-08
 4.28373e-08
 8.09154e-08
 1.41400e-07
 2.30235e-07
 3.51201e-07
 5.04142e-07
 6.84872e-07
 8.85697e-07
 1.09291e-06
 1.28374e-06
 1.43011e-06
 1.51494e-06
 1.53691e-06
 1.47365e-06
 1.33842e-06
 1.15693e-06
 9.43893e-07
 7.34016e-07
 5.40385e-07
 3.71412e-07
 2.35283e-07
 1.35977e-07
 7.04637e-08
 3.19461e-08
 1.22200e-08
 3.74830e-09
 8.50079e-10
 1.24081e-10
 8.95070e-12
 2.10351e-13
 1.20373e-15
 2.00866e-18
 9.58598e-22
 8.25618e-26
 1.84935e-23
 7.26638e-21
 7.23089e-19
 3.25342e-17
 8.39859e-16
 1.41724e-14
 1.69733e-13
 1.52647e-12
 1.07418e-11
 6.10287e-11
 2.86954e-10
 1.13941e-09
 3.88592e-09
 1.15502e-08
 3.03072e-08
 7.10237e-08
 1.50247e-07
 2.89791e-07
 5.14327e-07
 8.46107e-07
 1.30152e-06
 1.86605e-06
 2.47899e-06
 3.07933e-06
 3.62353e-06
 4.07064e-06
 4.39407e-06
 4.58904e-06
 4.67169e-06
 4.63760e-06
 4.46430e-06
 4.17769e-06
 3.79156e-06
 3.30971e-06
 2.74560e-06
 2.13017e-06
 1.52757e-06
 9.99415e-07
 5.97587e-07
 3.24435e-07
 1.54766e-07
 6.28244e-08
 2.06969e-08
 5.12338e-09
 8.36648e-10
 7.04176e-11
 2.02095e-12
 1.40472e-14
 2.74363e-17
 1.50718e-20
 1.48133e-24
 3.39544e-22
 1.14460e-19
 9.95530e-18
 3.97520e-16
 9.22203e-15
 1.41299e-13
 1.54953e-12
 1.28488e-11
 8.38372e-11
 4.43678e-10
 1.95039e-09
 7.26164e-09
 2.32724e-08
 6.50903e-08
 1.60764e-07
 3.54230e-07
 7.02651e-07
 1.26536e-06
 2.08625e-06
 3.12987e-06
 4.27621e-06
 5.38248e-06
 6.32311e-06
 7.04088e-06
 7.53942e-06
 7.84375e-06
 7.96800e-06
 7.95495e-06
 7.87966e-06
 7.74693e-06
 7.54092e-06
 7.27008e-06
 6.92064e-06
 6.46155e-06
 5.84909e-06
 5.06932e-06
 4.13591e-06
 3.08100e-06
 2.03458e-06
 1.17360e-06
 5.88272e-07
 2.53438e-07
 8.96217e-08
 2.41405e-08
 4.38564e-09
 4.27482e-10
 1.48399e-11
 1.24645e-13
 2.80736e-16
 1.74366e-19
 1.91808e-23
 3.40878e-21
 1.02303e-18
 8.03685e-17
 2.93232e-15
 6.27369e-14
 8.93038e-13
 9.15088e-12
 7.12128e-11
 4.37457e-10
 2.18403e-09
 9.06657e-09
 3.18780e-08
 9.63891e-08
 2.53886e-07
 5.88995e-07
 1.21471e-06
 2.25398e-06
 3.71072e-06
 5.37969e-06
 6.95288e-06
 8.19336e-06
 9.03685e-06
 9.53514e-06
 9.72535e-06
 9.67472e-06
 9.50760e-06
 9.27700e-06
 9.02290e-06
 8.80813e-06
 8.64696e-06
 8.52499e-06
 8.41774e-06
 8.30446e-06
 8.14701e-06
 7.89532e-06
 7.49340e-06
 6.87101e-06
 5.92886e-06
 4.64149e-06
 3.16525e-06
 1.78869e-06
 8.22448e-07
 3.13009e-07
 9.16303e-08
 1.84485e-08
 2.07098e-09
 8.62055e-11
 8.73963e-13
 2.24573e-15
 1.55549e-18
 1.88563e-22
 2.18205e-20
 5.99889e-18
 4.36266e-16
 1.48565e-14
 2.98554e-13
 4.01106e-12
 3.89294e-11
 2.87634e-10
 1.67984e-09
 7.97606e-09
 3.14706e-08
 1.05017e-07
 3.00759e-07
 7.48679e-07
 1.63904e-06
 3.16446e-06
 5.21564e-06
 7.29238e-06
 8.90893e-06
 9.90282e-06
 1.03141e-05
 1.02417e-05
 9.87407e-06
 9.30609e-06
 8.61982e-06
 7.97626e-06
 7.45184e-06
 7.07250e-06
 6.84305e-06
 6.74722e-06
 6.80647e-06
 6.98478e-06
 7.24574e-06
 7.56597e-06
 7.85675e-06
 8.02709e-06
 8.00688e-06
 7.70163e-06
 6.99636e-06
 5.76309e-06
 3.99660e-06
 2.17199e-06
 9.01625e-07
 2.87055e-07
 6.39086e-08
 8.22519e-09
 4.07158e-10
 4.98991e-12
 1.45315e-14
 1.11077e-17
 1.46492e-21
 9.84465e-20
 2.53779e-17
 1.74219e-15
 5.62916e-14
 1.07745e-12
 1.38256e-11
 1.28394e-10
 9.08607e-10
 5.08341e-09
 2.31095e-08
 8.71927e-08
 2.77716e-07
 7.57672e-07
 1.79741e-06
 3.66093e-06
 6.13909e-06
 8.42480e-06
 9.89473e-06
 1.04860e-05
 1.03687e-05
 9.68351e-06
 8.57511e-06
 7.33251e-06
 6.16493e-06
 5.16432e-06
 4.40433e-06
 3.88324e-06
 3.56664e-06
 3.41589e-06
 3.40000e-06
 3.55464e-06
 3.86674e-06
 4.32852e-06
 4.95141e-06
 5.69595e-06
 6.50619e-06
 7.24465e-06
 7.73799e-06
 7.86297e-06
 7.46278e-06
 6.29189e-06
 4.29769e-06
 2.15264e-06
 7.57716e-07
 1.86400e-07
 2.73752e-08
 1.59925e-09
 2.37621e-11
 7.82638e-14
 6.55028e-17
 9.29179e-21
 3.34773e-19
 8.25811e-17
 5.44032e-15
 1.69069e-13
 3.11770e-12
 3.85838e-11
 3.45757e-10
 2.36098e-09
 1.27390e-08
 5.57961e-08
 2.02528e-07
 6.19360e-07
 1.62109e-06
 3.60220e-06
 6.36091e-06
 8.82554e-06
 1.01954e-05
 1.05157e-05
 9.99190e-06
 8.71094e-06
 6.96590e-06
 5.21119e-06
 3.76931e-06
 2.72757e-06
 2.02932e-06
 1.59890e-06
 1.35250e-06
 1.22146e-06
 1.16675e-06
 1.17680e-06
 1.26631e-06
 1.44203e-06
 1.72776e-06
 2.16059e-06
 2.79592e-06
 3.69859e-06
 4.83901e-06
 6.08348e-06
 7.16073e-06
 7.70647e-06
 7.49989e-06
 6.28308e-06
 4.00023e-06
 1.71071e-06
 4.66689e-07
 7.77239e-08
 5.32536e-09
 9.62284e-11
 3.59687e-13
 3.27558e-16
 4.94315e-20
 8.98562e-19
 2.16094e-16
 1.38628e-14
 4.19327e-13
 7.52422e-12
 9.05757e-11
 7.89067e-10
 5.23393e-09
 2.74054e-08
 1.16357e-07
 4.08857e-07
 1.20734e-06
 3.01820e-06
 5.89650e-06
 8.67151e-06
 1.02000e-05
 1.04922e-05
 9.73848e-06
 7.99918e-06
 5.75887e-06
 3.74363e-06
 2.31424e-06
 1.42381e-06
 9.10985e-07
 6.20698e-07
 4.61017e-07
 3.77541e-07
 3.36916e-07
 3.22266e-07
 3.30845e-07
 3.67295e-07
 4.35992e-07
 5.50209e-07
 7.33874e-07
 1.02981e-06
 1.51703e-06
 2.30714e-06
 3.50627e-06
 5.06700e-06
 6.57753e-06
 7.44656e-06
 7.30435e-06
 5.77768e-06
 3.14779e-06
 1.02391e-06
 1.90975e-07
 1.52914e-08
 3.36749e-10
 1.44238e-12
 1.42089e-15
 2.25545e-19
 1.96572e-18
 4.69157e-16
 2.97113e-14
 8.84363e-13
 1.55817e-11
 1.83872e-10
 1.56789e-09
 1.01645e-08
 5.19458e-08
 2.15035e-07
 7.36524e-07
 2.12307e-06
 4.81824e-06
 7.95174e-06
 9.95779e-06
 1.05030e-05
 9.80201e-06
 7.84230e-06
 5.24906e-06
 3.04427e-06
 1.64518e-06
 8.77110e-07
 4.71374e-07
 2.64525e-07
 1.60930e-07
 1.10335e-07
 8.67946e-08
 7.65291e-08
 7.34505e-08
 7.70350e-08
 8.86837e-08
 1.10518e-07
 1.48282e-07
 2.12796e-07
 3.25170e-07
 5.25151e-07
 8.86400e-07
 1.54540e-06
 2.70714e-06
 4.44474e-06
 6.24960e-06
 7.25785e-06
 6.87566e-06
 4.71893e-06
 1.94788e-06
 4.10491e-07
 3.84559e-08
 1.03217e-09
 5.14785e-12
 5.45042e-15
 8.99669e-19
 3.58374e-18
 8.63854e-16
 5.47278e-14
 1.61983e-12
 2.82653e-11
 3.29378e-10
 2.76706e-09
 1.76360e-08
 8.84235e-08
 3.58273e-07
 1.19739e-06
 3.31241e-06
 6.58884e-06
 9.31758e-06
 1.04293e-05
 1.01245e-05
 8.30612e-06
 5.46383e-06
 2.97036e-06
 1.45802e-06
 6.84650e-07
 3.13168e-07
 1.43603e-07
 6.87038e-08
 3.62141e-08
 2.24416e-08
 1.68873e-08
 1.47992e-08
 1.43374e-08
 1.54011e-08
 1.83582e-08
 2.39673e-08
 3.42343e-08
 5.30983e-08
 8.88796e-08
 1.58975e-07
 3.00406e-07
 5.91406e-07
 1.18894e-06
 2.38488e-06
 4.30432e-06
 6.24209e-06
 7.08168e-06
 5.95626e-06
 3.10185e-06
 7.82988e-07
 8.59801e-08
 2.80364e-09
 1.66276e-11
 1.87996e-14
 3.19432e-18
 5.53175e-18
 1.37148e-15
 8.81009e-14
 2.61933e-12
 4.56047e-11
 5.28439e-10
 4.40151e-09
 2.77411e-08
 1.37233e-07
 5.47698e-07
 1.80471e-06
 4.59655e-06
 7.98958e-06
 1.00583e-05
 1.04377e-05
 9.20223e-06
 6.40616e-06
 3.46593e-06
 1.61196e-06
 6.95668e-07
 2.82106e-07
 1.09598e-07
 4.20167e-08
 1.67025e-08
 7.52799e-09
 4.35634e-09
 3.39519e-09
 3.22423e-09
 3.33144e-09
 3.62762e-09
 4.16202e-09
 5.18818e-09
 7.31904e-09
 1.17685e-08
 2.13431e-08
 4.24602e-08
 9.04779e-08
 2.02944e-07
 4.70377e-07
 1.09796e-06
 2.47333e-06
 4.63359e-06
 6.48107e-06
 6.58425e-06
 4.19440e-06
 1.32894e-06
 1.73312e-07
 6.81902e-09
 4.92320e-11
 5.92564e-14
 1.02971e-17
 7.39680e-18
 1.92088e-15
 1.26332e-13
 3.79572e-12
 6.63091e-11
 7.69569e-10
 6.39933e-09
 4.00864e-08
 1.96504e-07
 7.75669e-07
 2.51850e-06
 5.79793e-06
 8.96851e-06
 1.03987e-05
 1.01118e-05
 7.92408e-06
 4.65439e-06
 2.16816e-06
 9.01410e-07
 3.42034e-07
 1.19710e-07
 3.93077e-08
 1.25307e-08
 4.28049e-09
 1.99303e-09
 1.61781e-09
 1.98395e-09
 2.60031e-09
 3.11608e-09
 3.34978e-09
 3.13527e-09
 2.71249e-09
 2.55849e-09
 3.02484e-09
 4.89820e-09
 1.02063e-08
 2.44512e-08
 6.29844e-08
 1.69250e-07
 4.63030e-07
 1.24927e-06
 3.01173e-06
 5.32747e-06
 6.56691e-06
 5.04360e-06
 2.00707e-06
 3.19580e-07
 1.49919e-08
 1.34759e-10
 1.73934e-13
 3.08530e-17
 8.40602e-18
 2.34384e-15
 1.60687e-13
 4.94084e-12
 8.79589e-11
 1.03258e-09
 8.61453e-09
 5.37969e-08
 2.61930e-07
 1.02346e-06
 3.22969e-06
 6.78624e-06
 9.60550e-06
 1.05165e-05
 9.54820e-06
 6.62056e-06
 3.36758e-06
 1.41458e-06
 5.30800e-07
 1.78531e-07
 5.43168e-08
 1.52254e-08
 4.29236e-09
 1.73221e-09
 1.62683e-09
 2.78222e-09
 4.95374e-09
 7.44913e-09
 9.37305e-09
 1.01401e-08
 8.87017e-09
 6.22490e-09
 3.91945e-09
 2.41364e-09
 1.86222e-09
 2.57593e-09
 6.07354e-09
 1.78308e-08
 5.61285e-08
 1.81191e-07
 5.79987e-07
 1.75010e-06
 3.98772e-06
 6.02968e-06
 5.56668e-06
 2.73279e-06
 5.46364e-07
 3.00493e-08
 3.42583e-10
 4.87198e-13
 8.80952e-17
 7.96936e-18
 2.44458e-15
 1.80001e-13
 5.83979e-12
 1.07163e-10
 1.26854e-09
 1.06279e-08
 6.67497e-08
 3.25890e-07
 1.27296e-06
 3.87516e-06
 7.55019e-06
 1.00138e-05
 1.05164e-05
 8.90466e-06
 5.52387e-06
 2.52728e-06
 9.83060e-07
 3.37000e-07
 1.02041e-07
 2.74647e-08
 6.87659e-09
 2.17870e-09
 1.81857e-09
 3.55193e-09
 7.79128e-09
 1.47080e-08
 2.28427e-08
 2.95337e-08
 3.26472e-08
 2.88834e-08
 2.00775e-08
 1.18876e-08
 5.99779e-09
 2.68602e-09
 1.40594e-09
 1.66423e-09
 4.68876e-09
 1.72477e-08
 6.65462e-08
 2.55728e-07
 9.32839e-07
 2.75354e-06
 5.09206e-06
 5.66201e-06
 3.39087e-06
 8.51833e-07
 5.52517e-08
 8.10429e-10
 1.34022e-12
 2.44060e-16
 6.33625e-18
 2.20007e-15
 1.76682e-13
 6.09586e-12
 1.16357e-10
 1.42145e-09
 1.21791e-08
 7.75553e-08
 3.80700e-07
 1.48883e-06
 4.38012e-06
 8.09071e-06
 1.02861e-05
 1.04639e-05
 8.32897e-06
 4.72626e-06
 2.01725e-06
 7.40363e-07
 2.36060e-07
 6.55571e-08
 1.60429e-08
 3.98540e-09
 1.94973e-09
 3.19573e-09
 8.08665e-09
 1.86153e-08
 3.66734e-08
 5.98180e-08
 8.06690e-08
 9.21438e-08
 8.37319e-08
 5.92732e-08
 3.50088e-08
 1.73191e-08
 7.12279e-09
 2.51342e-09
 1.02344e-09
 1.30919e-09
 4.95688e-09
 2.30088e-08
 1.07082e-07
 4.69129e-07
 1.75833e-06
 4.01219e-06
 5.41533e-06
 3.87051e-06
 1.18210e-06
 9.38279e-08
 1.78591e-09
 3.70880e-12
 6.58629e-16
 4.14537e-18
 1.70343e-15
 1.51897e-13
 5.60227e-12
 1.12718e-10
 1.44256e-09
 1.27625e-08
 8.29433e-08
 4.13514e-07
 1.63166e-06
 4.70755e-06
 8.44392e-06
 1.04880e-05
 1.04383e-05
 7.95085e-06
 4.24738e-06
 1.73720e-06
 6.09696e-07
 1.84418e-07
 4.82587e-08
 1.12701e-08
 3.10430e-09
 2.36108e-09
 5.41068e-09
 1.50018e-08
 3.65387e-08
 7.69146e-08
 1.34469e-07
 1.92551e-07
 2.29464e-07
 2.17529e-07
 1.58889e-07
 9.30432e-08
 4.52764e-08
 1.84416e-08
 6.21431e-09
 1.78543e-09
 6.80130e-10
 1.41526e-09
 7.57727e-09
 4.33991e-08
 2.32286e-07
 1.06852e-06
 3.07377e-06
 5.01100e-06
 4.15276e-06
 1.48724e-06
 1.48551e-07
 3.66988e-09
 1.03931e-11
 1.73643e-15
 2.11157e-18
 1.08746e-15
 1.13510e-13
 4.62508e-12
 9.95591e-11
 1.33091e-09
 1.21697e-08
 8.12843e-08
 4.15207e-07
 1.66674e-06
 4.82916e-06
 8.63274e-06
 1.06577e-05
 1.05129e-05
 7.85877e-06
 4.08813e-06
 1.64273e-06
 5.65311e-07
 1.67739e-07
 4.33210e-08
 1.02491e-08
 3.14023e-09
 2.89711e-09
 7.37918e-09
 2.17332e-08
 5.72263e-08
 1.32643e-07
 2.57408e-07
 4.00841e-07
 5.04451e-07
 5.05887e-07
 3.86331e-07
 2.25203e-07
 1.07149e-07
 4.30024e-08
 1.43886e-08
 3.98982e-09
 9.67924e-10
 5.29511e-10
 2.44010e-09
 1.73030e-08
 1.14177e-07
 6.30703e-07
 2.28737e-06
 4.42305e-06
 4.20315e-06
 1.75080e-06
 2.22056e-07
 7.04271e-09
 2.90803e-11
 4.76307e-15
 7.71778e-19
 5.38137e-16
 7.02202e-14
 3.33130e-12
 7.88681e-11
 1.12474e-09
 1.07791e-08
 7.45319e-08
 3.90382e-07
 1.59509e-06
 4.74249e-06
 8.64198e-06
 1.07863e-05
 1.07042e-05
 8.05138e-06
 4.22027e-06
 1.70791e-06
 5.92577e-07
 1.78532e-07
 4.75561e-08
 1.19335e-08
 3.91290e-09
 3.37260e-09
 7.72950e-09
 2.34281e-08
 6.87436e-08
 1.84094e-07
 4.15408e-07
 7.24955e-07
 9.78989e-07
 1.04437e-06
 8.40524e-07
 4.95718e-07
 2.30771e-07
 9.09930e-08
 3.01212e-08
 8.33812e-09
 1.91947e-09
 4.53708e-10
 8.37146e-10
 6.99392e-09
 5.70626e-08
 3.73946e-07
 1.65595e-06
 3.70266e-06
 4.02579e-06
 1.95862e-06
 3.15291e-07
 1.26509e-08
 7.92789e-11
 1.68532e-14
 1.78802e-19
 1.91375e-16
 3.35724e-14
 1.97940e-12
 5.42860e-11
 8.53117e-10
 8.72801e-09
 6.33633e-08
 3.44197e-07
 1.44388e-06
 4.48508e-06
 8.48458e-06
 1.08758e-05
 1.10033e-05
 8.50228e-06
 4.62310e-06
 1.92369e-06
 6.89605e-07
 2.18106e-07
 6.29264e-08
 1.79500e-08
 6.53662e-09
 4.67315e-09
 7.30737e-09
 1.89148e-08
 6.38942e-08
 2.14076e-07
 5.77407e-07
 1.15090e-06
 1.68982e-06
 1.90606e-06
 1.62034e-06
 9.88041e-07
 4.51901e-07
 1.74852e-07
 5.73487e-08
 1.58339e-08
 3.66771e-09
 7.23579e-10
 3.86419e-10
 3.04711e-09
 3.01886e-08
 2.31160e-07
 1.19071e-06
 3.03592e-06
 3.75384e-06
 2.10183e-06
 4.18082e-07
 2.13488e-08
 2.05800e-10
 9.08844e-14
 2.08954e-20
 4.59873e-17
 1.21822e-14
 9.44784e-13
 3.17731e-11
 5.69887e-10
 6.40240e-09
 4.97089e-08
 2.83540e-07
 1.23332e-06
 4.04713e-06
 8.11967e-06
 1.08796e-05
 1.13503e-05
 9.21345e-06
 5.37974e-06
 2.37342e-06
 9.06182e-07
 3.13721e-07
 1.03571e-07
 3.59013e-08
 1.57375e-08
 1.08529e-08
 1.20550e-08
 2.01419e-08
 6.54139e-08
 2.53557e-07
 7.59783e-07
 1.67778e-06
 2.64098e-06
 3.08733e-06
 2.74213e-06
 1.75122e-06
 8.02301e-07
 3.04821e-07
 9.95171e-08
 2.75317e-08
 6.44271e-09
 1.26177e-09
 3.25425e-10
 1.57524e-09
 1.77024e-08
 1.52041e-07
 8.65109e-07
 2.48623e-06
 3.44205e-06
 2.16542e-06
 5.13094e-07
 3.33283e-08
 5.02266e-10
 6.17532e-13
 1.48909e-21
 8.75249e-18
 3.78281e-15
 3.99640e-13
 1.65405e-11
 3.43654e-10
 4.31451e-09
 3.61823e-08
 2.18622e-07
 9.95924e-07
 3.46023e-06
 7.49567e-06
 1.06805e-05
 1.16421e-05
 1.01246e-05
 6.55233e-06
 3.19235e-06
 1.33781e-06
 5.25926e-07
 2.05640e-07
 8.78728e-08
 4.67967e-08
 3.54717e-08
 3.86218e-08
 5.74853e-08
 1.35143e-07
 4.06352e-07
 1.10325e-06
 2.42082e-06
 3.84741e-06
 4.48384e-06
 4.02817e-06
 2.66239e-06
 1.24460e-06
 4.67313e-07
 1.52122e-07
 4.22393e-08
 9.98925e-09
 1.99622e-09
 4.11483e-10
 1.02480e-09
 1.17670e-08
 1.06898e-07
 6.44080e-07
 2.03358e-06
 3.05329e-06
 2.10719e-06
 5.84828e-07
 4.64319e-08
 1.03911e-09
 2.68274e-12
 1.95217e-22
 1.75779e-18
 1.15204e-15
 1.62329e-13
 8.20358e-12
 1.96781e-10
 2.73213e-09
 2.46640e-08
 1.57864e-07
 7.55556e-07
 2.77631e-06
 6.58951e-06
 1.01881e-05
 1.17731e-05
 1.10639e-05
 8.10885e-06
 4.53755e-06
 2.14336e-06
 9.71281e-07
 4.49357e-07
 2.29644e-07
 1.41827e-07
 1.17163e-07
 1.30007e-07
 1.86418e-07
 3.53934e-07
 7.99016e-07
 1.81043e-06
 3.59585e-06
 5.32299e-06
 5.91283e-06
 5.23629e-06
 3.50246e-06
 1.66734e-06
 6.23225e-07
 2.02119e-07
 5.61770e-08
 1.33908e-08
 2.72417e-09
 5.26475e-10
 7.79148e-10
 8.55754e-09
 7.92454e-08
 4.93149e-07
 1.66652e-06
 2.62891e-06
 1.95273e-06
 6.24568e-07
 5.77306e-08
 1.70769e-09
 7.08763e-12
 4.20539e-23
 3.81881e-19
 3.43093e-16
 6.28427e-14
 3.84702e-12
 1.06279e-10
 1.62852e-09
 1.58193e-08
 1.06842e-07
 5.34925e-07
 2.06293e-06
 5.42431e-06
 9.32261e-06
 1.16117e-05
 1.17646e-05
 9.82212e-06
 6.51066e-06
 3.57962e-06
 1.85780e-06
 9.97146e-07
 5.87837e-07
 4.03914e-07
 3.51354e-07
 3.87724e-07
 5.19923e-07
 8.51315e-07
 1.59059e-06
 3.08646e-06
 5.28820e-06
 6.94259e-06
 7.20692e-06
 6.21925e-06
 4.12516e-06
 1.97076e-06
 7.35009e-07
 2.37073e-07
 6.57402e-08
 1.57378e-08
 3.24009e-09
 6.13312e-10
 6.38500e-10
 6.56371e-09
 6.10616e-08
 3.87153e-07
 1.37227e-06
 2.24868e-06
 1.78200e-06
 6.36859e-07
 6.57409e-08
 2.34299e-09
 1.36387e-11
 1.06775e-23
 9.14747e-20
 1.00650e-16
 2.31746e-14
 1.70085e-12
 5.38772e-11
 9.09585e-10
 9.50018e-09
 6.76900e-08
 3.53450e-07
 1.41395e-06
 4.11153e-06
 8.00898e-06
 1.10139e-05
 1.20318e-05
 1.12529e-05
 8.88425e-06
 5.88434e-06
 3.53023e-06
 2.14274e-06
 1.41540e-06
 1.05415e-06
 9.45295e-07
 1.02551e-06
 1.28822e-06
 1.87825e-06
 3.06240e-06
 5.09302e-06
 7.30693e-06
 8.43656e-06
 8.23535e-06
 6.86558e-06
 4.44813e-06
 2.10456e-06
 7.81102e-07
 2.49940e-07
 6.89979e-08
 1.65543e-08
 3.43683e-09
 6.47997e-10
 5.47345e-10
 5.26964e-09
 4.87380e-08
 3.11236e-07
 1.13687e-06
 1.92218e-06
 1.60449e-06
 6.19004e-07
 7.00060e-08
 2.85627e-09
 2.13359e-11
 2.84546e-24
 2.36590e-20
 2.91815e-17
 8.12884e-15
 7.06373e-13
 2.55151e-11
 4.73887e-10
 5.31456e-09
 3.99360e-08
 2.17300e-07
 8.99178e-07
 2.82629e-06
 6.27530e-06
 9.81008e-06
 1.17503e-05
 1.19928e-05
 1.09149e-05
 8.75830e-06
 6.29528e-06
 4.35882e-06
 3.15111e-06
 2.49408e-06
 2.28448e-06
 2.43097e-06
 2.89073e-06
 3.84281e-06
 5.51210e-06
 7.66187e-06
 9.22832e-06
 9.57680e-06
 8.87492e-06
 7.07271e-06
 4.37293e-06
 1.98447e-06
 7.19191e-07
 2.26298e-07
 6.21795e-08
 1.49675e-08
 3.13260e-09
 5.95601e-10
 4.77200e-10
 4.41109e-09
 4.02006e-08
 2.55845e-07
 9.48074e-07
 1.63666e-06
 1.40901e-06
 5.68308e-07
 7.07269e-08
 3.17837e-09
 2.86024e-11
 7.71406e-25
 6.33470e-21
 8.33457e-18
 2.70405e-15
 2.74286e-13
 1.12313e-11
 2.29136e-10
 2.75477e-09
 2.18187e-08
 1.23649e-07
 5.29605e-07
 1.75350e-06
 4.36530e-06
 7.90098e-06
 1.07267e-05
 1.19368e-05
 1.19269e-05
 1.10536e-05
 9.49771e-06
 7.74151e-06
 6.27976e-06
 5.30611e-06
 4.95110e-06
 5.16544e-06
 5.83390e-06
 7.06106e-06
 8.68858e-06
 1.00525e-05
 1.05678e-05
 1.02145e-05
 8.96163e-06
 6.60414e-06
 3.71770e-06
 1.57297e-06
 5.55349e-07
 1.72509e-07
 4.74478e-08
 1.15050e-08
 2.43336e-09
 4.74093e-10
 4.19330e-10
 3.83757e-09
 3.41783e-08
 2.14639e-07
 7.95512e-07
 1.38639e-06
 1.21337e-06
 5.02327e-07
 6.70653e-08
 3.28898e-09
 3.39560e-11
 2.06711e-25
 1.68833e-21
 2.32124e-18
 8.48833e-16
 9.90178e-14
 4.56934e-12
 1.02239e-10
 1.31576e-09
 1.09754e-08
 6.47463e-08
 2.86949e-07
 9.90174e-07
 2.65888e-06
 5.51935e-06
 8.74811e-06
 1.09772e-05
 1.18790e-05
 1.19641e-05
 1.15381e-05
 1.07436e-05
 9.83303e-06
 9.06331e-06
 8.75005e-06
 8.95442e-06
 9.52541e-06
 1.03702e-05
 1.11291e-05
 1.14052e-05
 1.10935e-05
 1.01068e-05
 8.14410e-06
 5.29936e-06
 2.64264e-06
 1.06441e-06
 3.75536e-07
 1.17260e-07
 3.24668e-08
 7.93377e-09
 1.69275e-09
 3.42147e-10
 3.75118e-10
 3.46006e-09
 2.98650e-08
 1.83321e-07
 6.70636e-07
 1.16669e-06
 1.02899e-06
 4.32766e-07
 5.95612e-08
 3.15164e-09
 3.63552e-11
 5.31868e-26
 4.34840e-22
 6.20844e-19
 2.49660e-16
 3.30114e-14
 1.70733e-12
 4.18278e-11
 5.75633e-10
 5.05319e-09
 3.10142e-08
 1.42126e-07
 5.08122e-07
 1.42935e-06
 3.26174e-06
 6.01177e-06
 8.81883e-06
 1.07144e-05
 1.16161e-05
 1.19122e-05
 1.18996e-05
 1.17376e-05
 1.15254e-05
 1.14351e-05
 1.15368e-05
 1.17425e-05
 1.19156e-05
 1.18648e-05
 1.14648e-05
 1.05409e-05
 8.81900e-06
 6.25965e-06
 3.54778e-06
 1.62328e-06
 6.46202e-07
 2.28357e-07
 7.15510e-08
 1.98735e-08
 4.87582e-09
 1.04470e-09
 2.24307e-10
 3.45011e-10
 3.22359e-09
 2.67303e-08
 1.58906e-07
 5.66589e-07
 9.73141e-07
 8.54668e-07
 3.60741e-07
 5.04889e-08
 2.78572e-09
 3.52180e-11
 1.28216e-26
 1.05738e-22
 1.56659e-19
 6.81638e-17
 1.00856e-14
 5.81685e-13
 1.55797e-11
 2.29168e-10
 2.11598e-09
 1.35058e-08
 6.39389e-08
 2.35857e-07
 6.90799e-07
 1.65443e-06
 3.36782e-06
 5.74563e-06
 8.12546e-06
 9.87506e-06
 1.09093e-05
 1.14408e-05
 1.16989e-05
 1.18205e-05
 1.18666e-05
 1.18736e-05
 1.18182e-05
 1.16103e-05
 1.11080e-05
 1.01316e-05
 8.52375e-06
 6.29129e-06
 3.87814e-06
 1.98341e-06
 8.77504e-07
 3.46204e-07
 1.21658e-07
 3.80689e-08
 1.05893e-08
 2.60550e-09
 5.60774e-10
 1.36444e-10
 3.29437e-10
 3.09148e-09
 2.44093e-08
 1.39256e-07
 4.77997e-07
 8.01942e-07
 6.93368e-07
 2.90290e-07
 4.07935e-08
 2.30225e-09
 3.10013e-11
 2.83573e-27
 2.37802e-23
 3.66169e-20
 1.70825e-17
 2.79886e-15
 1.79235e-13
 5.24198e-12
 8.24202e-11
 8.00299e-10
 5.31092e-09
 2.59548e-08
 9.85284e-08
 2.98712e-07
 7.44538e-07
 1.57833e-06
 2.94261e-06
 4.75766e-06
 6.63799e-06
 8.22706e-06
 9.34482e-06
 1.00315e-05
 1.04290e-05
 1.05690e-05
 1.04980e-05
 1.02284e-05
 9.65611e-06
 8.67353e-06
 7.22151e-06
 5.37411e-06
 3.45837e-06
 1.91376e-06
 9.31735e-07
 4.06498e-07
 1.58885e-07
 5.56014e-08
 1.73902e-08
 4.84617e-09
 1.19492e-09
 2.59512e-10
 8.25496e-11
 3.32015e-10
 3.03869e-09
 2.26359e-08
 1.22782e-07
 4.00738e-07
 6.50082e-07
 5.47596e-07
 2.24854e-07
 3.12549e-08
 1.78621e-09
 2.50006e-11
 5.64230e-28
 4.84971e-24
 7.78547e-21
 3.87906e-18
 6.98403e-16
 4.94889e-14
 1.57941e-12
 2.65608e-11
 2.71292e-10
 1.87191e-09
 9.43917e-09
 3.68170e-08
 1.15006e-07
 2.96291e-07
 6.48654e-07
 1.24205e-06
 2.12922e-06
 3.28066e-06
 4.55778e-06
 5.71190e-06
 6.57778e-06
 7.14727e-06
 7.34932e-06
 7.20355e-06
 6.76981e-06
 6.01393e-06
 4.96182e-06
 3.71690e-06
 2.46937e-06
 1.45147e-06
 7.68554e-07
 3.67521e-07
 1.58615e-07
 6.16642e-08
 2.15411e-08
 6.74084e-09
 1.88184e-09
 4.64332e-10
 1.03752e-10
 5.64107e-11
 3.52494e-10
 3.04880e-09
 2.12145e-08
 1.08268e-07
 3.31792e-07
 5.15397e-07
 4.18453e-07
 1.66441e-07
 2.26567e-08
 1.29611e-09
 1.84953e-11
 9.90324e-29
 8.79508e-25
 1.47879e-21
 7.86688e-19
 1.54903e-16
 1.21172e-14
 4.22009e-13
 7.59936e-12
 8.17135e-11
 5.86471e-10
 3.05105e-09
 1.22162e-08
 3.91819e-08
 1.03795e-07
 2.33459e-07
 4.57302e-07
 7.96345e-07
 1.25272e-06
 1.81939e-06
 2.43515e-06
 2.98647e-06
 3.38477e-06
 3.52160e-06
 3.39015e-06
 3.05412e-06
 2.54369e-06
 1.94025e-06
 1.34476e-06
 8.47386e-07
 4.87060e-07
 2.54518e-07
 1.20656e-07
 5.17733e-08
 2.00576e-08
 6.99492e-09
 2.18827e-09
 6.10912e-10
 1.50628e-10
 3.75051e-11
 4.94637e-11
 3.91264e-10
 3.12582e-09
 2.00034e-08
 9.48077e-08
 2.69197e-07
 3.96654e-07
 3.07203e-07
 1.16706e-07
 1.53959e-08
 8.69966e-10
 1.24817e-11
 1.50225e-29
 1.39029e-25
 2.46304e-22
 1.40229e-19
 3.01375e-17
 2.59977e-15
 9.88966e-14
 1.91029e-12
 2.16535e-11
 1.61786e-10
 8.68588e-10
 3.56850e-09
 1.17236e-08
 3.18063e-08
 7.31972e-08
 1.46288e-07
 2.58883e-07
 4.12311e-07
 6.00204e-07
 8.04176e-07
 9.94434e-07
 1.13275e-06
 1.17192e-06
 1.11045e-06
 9.75651e-07
 7.88024e-07
 5.82205e-07
 3.92120e-07
 2.41424e-07
 1.36131e-07
 7.01010e-08
 3.28708e-08
 1.39925e-08
 5.39022e-09
 1.87260e-09
 5.84330e-10
 1.62546e-10
 4.03855e-11
 1.50575e-11
 5.53852e-11
 4.50695e-10
 3.24796e-09
 1.88202e-08
 8.17369e-08
 2.12037e-07
 2.93513e-07
 2.14644e-07
 7.65659e-08
 9.68719e-09
 5.34182e-10
 7.57720e-12
 1.92672e-30
 1.87550e-26
 3.52670e-23
 2.15832e-20
 5.06604e-18
 4.82135e-16
 2.00708e-14
 4.16860e-13
 4.99100e-12
 3.88699e-11
 2.15499e-10
 9.08442e-10
 3.05230e-09
 8.45607e-09
 1.98430e-08
 4.03408e-08
 7.23868e-08
 1.16424e-07
 1.70197e-07
 2.27903e-07
 2.81801e-07
 3.18491e-07
 3.24743e-07
 3.02537e-07
 2.59356e-07
 2.02968e-07
 1.44661e-07
 9.42667e-08
 5.66199e-08
 3.12606e-08
 1.58157e-08
 7.30906e-09
 3.07512e-09
 1.17365e-09
 4.04765e-10
 1.25465e-10
 3.46334e-11
 9.51840e-12
 1.05047e-11
 7.12624e-11
 5.31212e-10
 3.37649e-09
 1.75083e-08
 6.86905e-08
 1.60339e-07
 2.06092e-07
 1.40823e-07
 4.62488e-08
 5.56052e-09
 2.95775e-10
 4.07779e-12
 2.03919e-31
 2.10948e-27
 4.24713e-24
 2.81155e-21
 7.22965e-19
 7.60677e-17
 3.47580e-15
 7.78685e-14
 9.87353e-13
 8.02960e-12
 4.60206e-11
 1.99136e-10
 6.83709e-10
 1.93030e-09
 4.60610e-09
 9.49817e-09
 1.72332e-08
 2.79353e-08
 4.09899e-08
 5.48054e-08
 6.75454e-08
 7.52582e-08
 7.51894e-08
 6.86524e-08
 5.71615e-08
 4.30440e-08
 2.94569e-08
 1.85271e-08
 1.07865e-08
 5.79500e-09
 2.86367e-09
 1.29717e-09
 5.36603e-10
 2.01900e-10
 6.87652e-11
 2.10188e-11
 5.90870e-12
 3.13666e-12
 1.34873e-11
 9.81261e-11
 6.36167e-10
 3.49011e-09
 1.59080e-08
 5.53235e-08
 1.14416e-07
 1.34679e-07
 8.50968e-08
 2.51887e-08
 2.85336e-09
 1.44712e-10
 1.90512e-12
 1.73199e-32
 1.92642e-28
 4.19569e-25
 3.02911e-22
 8.57997e-20
 1.00201e-17
 5.04706e-16
 1.22459e-14
 1.64997e-13
 1.40452e-12
 8.33446e-12
 3.70470e-11
 1.29946e-10
 3.73397e-10
 9.04165e-10
 1.88641e-09
 3.45148e-09
 5.62531e-09
 8.27494e-09
 1.10292e-08
 1.34961e-08
 1.47540e-08
 1.43817e-08
 1.28208e-08
 1.03155e-08
 7.41780e-09
 4.82843e-09
 2.90678e-09
 1.62689e-09
 8.44039e-10
 4.04515e-10
 1.78390e-10
 7.20758e-11
 2.65515e-11
 8.85272e-12
 2.68924e-12
 1.13254e-12
 3.18521e-12
 2.16869e-11
 1.38962e-10
 7.59730e-10
 3.53177e-09
 1.38016e-08
 4.15367e-08
 7.51716e-08
 7.98582e-08
 4.60961e-08
 1.19945e-08
 1.27209e-09
 6.07613e-11
 7.49333e-13
 1.14200e-33
 1.38423e-29
 3.30138e-26
 2.62653e-23
 8.26085e-21
 1.07734e-18
 6.01615e-17
 1.58902e-15
 2.28458e-14
 2.04174e-13
 1.25697e-12
 5.74637e-12
 2.05971e-11
 6.01959e-11
 1.47691e-10
 3.11110e-10
 5.72620e-10
 9.36111e-10
 1.37756e-09
 1.82205e-09
 2.20004e-09
 2.35753e-09
 2.23945e-09
 1.93698e-09
 1.49375e-09
 1.01318e-09
 6.17999e-10
 3.52404e-10
 1.87926e-10
 9.33617e-11
 4.30190e-11
 1.83002e-11
 7.15117e-12
 2.54978e-12
 8.36257e-13
 3.71162e-13
 9.47687e-13
 5.97655e-12
 3.67534e-11
 1.95931e-10
 8.82641e-10
 3.42049e-09
 1.11534e-08
 2.81221e-08
 4.40203e-08
 4.15034e-08
 2.14751e-08
 4.77296e-09
 4.72639e-10
 2.09519e-11
 2.36859e-13
 5.61071e-35
 7.53044e-31
 1.99596e-27
 1.77298e-24
 6.25944e-22
 9.19439e-20
 5.73490e-18
 1.65935e-16
 2.55873e-15
 2.40987e-14
 1.54321e-13
 7.26764e-13
 2.66385e-12
 7.91637e-12
 1.96589e-11
 4.17372e-11
 7.70987e-11
 1.26002e-10
 1.84793e-10
 2.41967e-10
 2.86617e-10
 3.00069e-10
 2.76885e-10
 2.30115e-10
 1.67941e-10
 1.05887e-10
 5.97160e-11
 3.18939e-11
 1.59916e-11
 7.49876e-12
 3.27410e-12
 1.32438e-12
 4.93553e-13
 1.74729e-13
 1.08148e-13
 3.66173e-13
 2.16596e-12
 1.22867e-11
 6.15311e-11
 2.63952e-10
 9.74013e-10
 3.06313e-09
 8.06224e-09
 1.63322e-08
 2.17340e-08
 1.78204e-08
 8.01907e-09
 1.49228e-09
 1.37033e-10
 5.52433e-12
 5.58210e-14
 1.94859e-36
 2.95284e-32
 8.85880e-29
 8.93387e-26
 3.59190e-23
 6.01223e-21
 4.22893e-19
 1.35089e-17
 2.24799e-16
 2.24151e-15
 1.49792e-14
 7.28240e-14
 2.73261e-13
 8.25862e-13
 2.07419e-12
 4.43135e-12
 8.19628e-12
 1.33307e-11
 1.93828e-11
 2.52070e-11
 2.90860e-11
 2.93996e-11
 2.62228e-11
 2.07396e-11
 1.40816e-11
 8.09454e-12
 4.15329e-12
 2.03216e-12
 9.38522e-13
 4.07445e-13
 1.65609e-13
 6.31092e-14
 2.75464e-14
 4.19299e-14
 1.99658e-13
 1.07371e-12
 5.41548e-12
 2.43734e-11
 9.47270e-11
 3.24171e-10
 9.59241e-10
 2.35116e-09
 4.79443e-09
 7.46020e-09
 8.16937e-09
 5.66172e-09
 2.10458e-09
 3.31702e-10
 2.74350e-11
 9.77758e-13
 8.56899e-15
 4.45613e-38
 7.81558e-34
 2.71729e-30
 3.17972e-27
 1.48421e-24
 2.87594e-22
 2.30948e-20
 8.22282e-19
 1.48766e-17
 1.57925e-16
 1.10573e-15
 5.56434e-15
 2.14072e-14
 6.58245e-14
 1.67100e-13
 3.58687e-13
 6.62705e-13
 1.06897e-12
 1.53229e-12
 1.97473e-12
 2.20401e-12
 2.12589e-12
 1.81729e-12
 1.35047e-12
 8.34605e-13
 4.23181e-13
 1.91811e-13
 8.36909e-14
 3.47831e-14
 1.37759e-14
 6.12554e-15
 8.37076e-15
 3.38756e-14
 1.60232e-13
 7.40124e-13
 3.19924e-12
 1.21062e-11
 4.11004e-11
 1.25018e-10
 3.30760e-10
 7.48737e-10
 1.36266e-09
 2.03064e-09
 2.30513e-09
 1.90828e-09
 1.03835e-09
 2.92374e-10
 3.92904e-11
 2.82614e-12
 8.61565e-14
 6.27708e-16
 6.06366e-40
 1.27261e-35
 5.29359e-32
 7.40486e-29
 4.12073e-26
 9.44631e-24
 8.80044e-22
 3.53372e-20
 7.01289e-19
 7.97936e-18
 5.88212e-17
 3.07402e-16
 1.21487e-15
 3.80310e-15
 9.75269e-15
 2.09978e-14
 3.86685e-14
 6.17838e-14
 8.66136e-14
 1.08993e-13
 1.17339e-13
 1.07447e-13
 8.63815e-14
 5.87764e-14
 3.20477e-14
 1.38439e-14
 5.36919e-15
 2.06694e-15
 1.12690e-15
 2.46452e-15
 1.09285e-14
 4.99034e-14
 1.98570e-13
 7.12240e-13
 2.35947e-12
 7.21824e-12
 2.05192e-11
 5.41492e-11
 1.25808e-10
 2.35541e-10
 3.75833e-10
 4.83639e-10
 4.80545e-10
 3.56377e-10
 1.66870e-10
 3.99025e-11
 5.93215e-12
 5.08950e-13
 2.29779e-14
 4.15343e-16
 1.49683e-18
 4.19822e-42
 1.10652e-37
 5.76800e-34
 1.00731e-30
 6.94721e-28
 1.94383e-25
 2.14660e-23
 9.86416e-22
 2.17053e-20
 2.66858e-19
 2.08345e-18
 1.13532e-17
 4.62009e-17
 1.47362e-16
 3.81472e-16
 8.21989e-16
 1.50382e-15
 2.37361e-15
 3.24086e-15
 3.89957e-15
 3.99893e-15
 3.45378e-15
 2.55431e-15
 1.53784e-15
 7.17474e-16
 3.17903e-16
 4.47914e-16
 1.65559e-15
 6.41875e-15
 2.29929e-14
 7.54616e-14
 2.31902e-13
 6.78894e-13
 1.88549e-12
 4.90404e-12
 1.07405e-11
 1.99529e-11
 3.68608e-11
 6.36724e-11
 8.31399e-11
 8.42040e-11
 6.79200e-11
 3.63418e-11
 1.10711e-11
 2.34647e-12
 3.38994e-13
 3.23641e-14
 1.85291e-15
 5.44899e-17
 5.95276e-19
 1.04677e-21
 1.12625e-44
 4.03266e-40
 2.84088e-36
 6.64740e-33
 6.04907e-30
 2.16871e-27
 2.92607e-25
 1.56771e-23
 3.87488e-22
 5.19815e-21
 4.32924e-20
 2.47203e-19
 1.03881e-18
 3.37891e-18
 8.82012e-18
 1.89624e-17
 3.42638e-17
 5.30794e-17
 7.02565e-17
 7.93294e-17
 7.63244e-17
 6.43036e-17
 5.97095e-17
 1.16766e-16
 4.05586e-16
 1.45868e-15
 4.80752e-15
 1.44075e-14
 3.94582e-14
 9.94537e-14
 2.20647e-13
 4.05839e-13
 7.40953e-13
 1.51563e-12
 3.28186e-12
 5.99555e-12
 7.71348e-12
 7.73374e-12
 6.52410e-12
 3.88090e-12
 1.48838e-12
 4.92120e-13
 1.55035e-13
 3.49506e-14
 5.60897e-15
 6.25099e-16
 4.52439e-17
 1.90254e-18
 3.85476e-20
 2.55519e-22
 1.78965e-25
 6.53991e-48
 3.72104e-43
 4.11764e-39
 1.48526e-35
 2.01482e-32
 1.01006e-29
 1.74344e-27
 1.11608e-25
 3.14840e-24
 4.66300e-23
 4.17911e-22
 2.51565e-21
 1.09539e-20
 3.63645e-20
 9.55460e-20
 2.04016e-19
 3.61150e-19
 5.45066e-19
 7.63537e-19
 1.67552e-18
 7.52629e-18
 3.57108e-17
 1.39855e-16
 4.69149e-16
 1.35410e-15
 2.97377e-15
 6.18796e-15
 1.42437e-14
 3.41940e-14
 7.87506e-14
 1.55123e-13
 2.18267e-13
 2.32243e-13
 2.10108e-13
 1.53535e-13
 8.63224e-14
 3.91508e-14
 1.75425e-14
 1.10692e-14
 5.90087e-15
 2.05140e-15
 5.54752e-16
 1.36759e-16
 2.51961e-17
 3.30841e-18
 2.99573e-19
 1.71691e-20
 5.47656e-22
 7.80940e-24
 3.14184e-26
 8.16132e-30
 1.07786e-52
 1.63807e-47
 4.67568e-43
 4.10390e-39
 1.21398e-35
 1.05111e-32
 2.51418e-30
 1.98964e-28
 6.53403e-27
 1.08376e-25
 1.05644e-24
 6.75383e-24
 3.05970e-23
 1.03732e-22
 2.73481e-22
 5.75924e-22
 1.00449e-21
 5.46416e-21
 7.91368e-20
 8.86764e-19
 6.30136e-18
 3.14644e-17
 1.19383e-16
 3.75576e-16
 9.72574e-16
 1.59293e-15
 1.73976e-15
 1.38929e-15
 7.50952e-16
 2.70838e-16
 1.32338e-16
 1.24278e-16
 1.00198e-16
 6.87302e-17
 5.23968e-17
 2.86505e-17
 1.16448e-17
 4.49155e-18
 2.35533e-18
 1.14877e-18
 3.74114e-19
 9.02916e-20
 1.89520e-20
 2.97889e-21
 3.30292e-22
 2.48315e-23
 1.14722e-24
 2.81495e-26
 2.85186e-28
 6.96098e-31
 6.49859e-35
 9.48713e-47
 3.65770e-42
 4.54222e-39
 1.27675e-36
 1.42564e-34
 8.23731e-33
 2.86830e-31
 6.64458e-30
 1.09766e-28
 1.36167e-27
 1.32072e-26
 1.03504e-25
 6.73846e-25
 3.73361e-24
 1.79896e-23
 7.68657e-23
 2.96657e-22
 1.05385e-21
 3.52138e-21
 1.13522e-20
 3.61831e-20
 1.15952e-19
 3.85704e-19
 1.56004e-18
 1.02964e-17
 1.05333e-16
 6.59262e-16
 2.25808e-15
 5.22179e-15
 9.23075e-15
 1.33538e-14
 1.64625e-14
 1.76301e-14
 1.63933e-14
 1.34080e-14
 9.79355e-15
 6.30800e-15
 3.53927e-15
 1.70181e-15
 6.85273e-16
 2.23481e-16
 5.61834e-17
 1.00970e-17
 1.14798e-18
 6.67785e-20
 1.38617e-21
 6.23117e-24
 4.35684e-27
 7.22420e-31
 3.20476e-35
 2.49225e-40
 1.34609e-41
 1.91962e-37
 1.48900e-34
 3.06130e-32
 2.70624e-30
 1.29968e-28
 3.89014e-27
 7.94270e-26
 1.17944e-24
 1.33655e-23
 1.20038e-22
 8.81305e-22
 5.43054e-21
 2.87442e-20
 1.33481e-19
 5.54580e-19
 2.10000e-18
 7.37927e-18
 2.45323e-17
 7.90261e-17
 2.54471e-16
 8.47434e-16
 2.97972e-15
 1.09784e-14
 4.11230e-14
 1.53026e-13
 4.62427e-13
 1.01940e-12
 1.72998e-12
 2.43321e-12
 2.97554e-12
 3.25705e-12
 3.17933e-12
 2.74726e-12
 2.14473e-12
 1.52588e-12
 9.74015e-13
 5.50752e-13
 2.71552e-13
 1.14186e-13
 3.96631e-14
 1.08629e-14
 2.18539e-15
 2.88137e-16
 2.04266e-17
 5.53266e-19
 3.66888e-21
 5.14262e-24
 2.11009e-27
 2.49468e-31
 5.34957e-36
 3.49487e-37
 1.91045e-33
 9.35312e-31
 1.41170e-28
 9.88346e-27
 3.93815e-25
 1.00971e-23
 1.80808e-22
 2.39824e-21
 2.46356e-20
 2.03012e-19
 1.38139e-18
 7.95416e-18
 3.96013e-17
 1.73846e-16
 6.85395e-16
 2.46979e-15
 8.26957e-15
 2.61028e-14
 7.85286e-14
 2.26589e-13
 6.28089e-13
 1.66955e-12
 4.24160e-12
 1.02656e-11
 2.37365e-11
 4.82426e-11
 7.95572e-11
 1.10024e-10
 1.34658e-10
 1.49539e-10
 1.51697e-10
 1.39455e-10
 1.15992e-10
 8.86773e-11
 6.25820e-11
 4.00835e-11
 2.30236e-11
 1.16815e-11
 5.12510e-12
 1.88660e-12
 5.57717e-13
 1.23918e-13
 1.86092e-14
 1.57165e-15
 5.38600e-17
 4.88860e-19
 1.03607e-21
 6.69753e-25
 1.26951e-28
 4.40375e-33
 2.66074e-33
 5.94123e-30
 1.86887e-27
 2.08448e-25
 1.15718e-23
 3.81714e-22
 8.34322e-21
 1.30099e-19
 1.52695e-18
 1.40518e-17
 1.04729e-16
 6.49168e-16
 3.42191e-15
 1.56327e-14
 6.29083e-14
 2.26107e-13
 7.34407e-13
 2.17679e-12
 5.93536e-12
 1.49867e-11
 3.52366e-11
 7.75061e-11
 1.60137e-10
 3.11909e-10
 5.74712e-10
 1.00865e-09
 1.59262e-09
 2.19667e-09
 2.70773e-09
 3.05550e-09
 3.20793e-09
 3.08407e-09
 2.72165e-09
 2.23682e-09
 1.69953e-09
 1.20017e-09
 7.76817e-10
 4.55343e-10
 2.38184e-10
 1.08937e-10
 4.23431e-11
 1.34224e-11
 3.26128e-12
 5.50188e-13
 5.43393e-14
 2.30053e-15
 2.73882e-17
 7.90515e-20
 7.01555e-23
 1.83042e-26
 8.75018e-31
 6.18362e-30
 6.41704e-27
 1.34304e-24
 1.12217e-22
 4.95917e-21
 1.35172e-19
 2.50322e-18
 3.36583e-17
 3.44895e-16
 2.79444e-15
 1.84303e-14
 1.01302e-13
 4.73171e-13
 1.90927e-12
 6.74975e-12
 2.11636e-11
 5.94890e-11
 1.51348e-10
 3.51524e-10
 7.51293e-10
 1.48853e-09
 2.75312e-09
 4.78399e-09
 7.85268e-09
 1.22279e-08
 1.80354e-08
 2.45780e-08
 3.05631e-08
 3.50733e-08
 3.76506e-08
 3.79201e-08
 3.53070e-08
 3.05556e-08
 2.49145e-08
 1.90114e-08
 1.35366e-08
 8.89747e-09
 5.33894e-09
 2.88321e-09
 1.37395e-09
 5.62595e-10
 1.90360e-10
 5.02175e-11
 9.41810e-12
 1.07155e-12
 5.49790e-14
 8.35410e-16
 3.11234e-18
 3.53899e-21
 1.17755e-24
 7.15934e-29
 3.35841e-27
 2.16174e-24
 3.26328e-22
 2.11112e-20
 7.52803e-19
 1.70070e-17
 2.65923e-16
 3.05912e-15
 2.70749e-14
 1.90767e-13
 1.09936e-12
 5.29701e-12
 2.17348e-11
 7.71493e-11
 2.40162e-10
 6.63671e-10
 1.64601e-09
 3.70047e-09
 7.60958e-09
 1.44321e-08
 2.54345e-08
 4.19379e-08
 6.50936e-08
 9.56179e-08
 1.33529e-07
 1.76644e-07
 2.19741e-07
 2.55987e-07
 2.80288e-07
 2.91303e-07
 2.84314e-07
 2.60032e-07
 2.24210e-07
 1.82147e-07
 1.40285e-07
 1.01323e-07
 6.79055e-08
 4.18165e-08
 2.33461e-08
 1.15933e-08
 4.99538e-09
 1.79880e-09
 5.12589e-10
 1.06030e-10
 1.37300e-11
 8.40545e-13
 1.59959e-14
 7.45543e-17
 1.04158e-19
 4.21776e-23
 3.10439e-27
 4.38445e-25
 2.11291e-22
 2.51307e-20
 1.32432e-18
 3.93887e-17
 7.55558e-16
 1.01716e-14
 1.01874e-13
 7.92164e-13
 4.94086e-12
 2.53647e-11
 1.09455e-10
 4.04090e-10
 1.29576e-09
 3.65717e-09
 9.19396e-09
 2.08110e-08
 4.28373e-08
 8.09154e-08
 1.41400e-07
 2.30235e-07
 3.51201e-07
 5.04142e-07
 6.84872e-07
 8.85697e-07
 1.09291e-06
 1.28374e-06
 1.43011e-06
 1.51494e-06
 1.53691e-06
 1.47365e-06
 1.33842e-06
 1.15693e-06
 9.43893e-07
 7.34016e-07
 5.40385e-07
 3.71412e-07
 2.35283e-07
 1.35977e-07
 7.04637e-08
 3.19461e-08
 1.22200e-08
 3.74830e-09
 8.50079e-10
 1.24081e-10
 8.95070e-12
 2.10351e-13
 1.20373e-15
 2.00866e-18
 9.58598e-22
 8.25618e-26
 1.84935e-23
 7.26638e-21
 7.23089e-19
 3.25342e-17
 8.39859e-16
 1.41724e-14
 1.69733e-13
 1.52647e-12
 1.07418e-11
 6.10287e-11
 2.86954e-10
 1.13941e-09
 3.88592e-09
 1.15502e-08
 3.03072e-08
 7.10237e-08
 1.50247e-07
 2.89791e-07
 5.14327e-07
 8.46107e-07
 1.30152e-06
 1.86605e-06
 2.47899e-06
 3.07933e-06
 3.62353e-06
 4.07064e-06
 4.39407e-06
 4.58904e-06
 4.67169e-06
 4.63760e-06
 4.46430e-06
 4.17769e-06
 3.79156e-06
 3.30971e-06
 2.74560e-06
 2.13017e-06
 1.52757e-06
 9.99415e-07
 5.97587e-07
 3.24435e-07
 1.54766e-07
 6.28244e-08
 2.06969e-08
 5.12338e-09
 8.36648e-10
 7.04176e-11
 2.02095e-12
 1.40472e-14
 2.74363e-17
 1.50718e-20
 1.48133e-24
 3.39544e-22
 1.14460e-19
 9.95530e-18
 3.97520e-16
 9.22203e-15
 1.41299e-13
 1.54953e-12
 1.28488e-11
 8.38372e-11
 4.43678e-10
 1.95039e-09
 7.26164e-09
 2.32724e-08
 6.50903e-08
 1.60764e-07
 3.54230e-07
 7.02651e-07
 1.26536e-06
 2.08625e-06
 3.12987e-06
 4.27621e-06
 5.38248e-06
 6.32311e-06
 7.04088e-06
 7.53942e-06
 7.84375e-06
 7.96800e-06
 7.95495e-06
 7.87966e-06
 7.74693e-06
 7.54092e-06
 7.27008e-06
 6.92064e-06
 6.46155e-06
 5.84909e-06
 5.06932e-06
 4.13591e-06
 3.08100e-06
 2.03458e-06
 1.17360e-06
 5.88272e-07
 2.53438e-07
 8.96217e-08
 2.41405e-08
 4.38564e-09
 4.27482e-10
 1.48399e-11
 1.24645e-13
 2.80736e-16
 1.74366e-19
 1.91808e-23
 3.40878e-21
 1.02303e-18
 8.03685e-17
 2.93232e-15
 6.27369e-14
 8.93038e-13
 9.15088e-12
 7.12128e-11
 4.37457e-10
 2.18403e-09
 9.06657e-09
 3.18780e-08
 9.63891e-08
 2.53886e-07
 5.88995e-07
 1.21471e-06
 2.25398e-06
 3.71072e-06
 5.37969e-06
 6.95288e-06
 8.19336e-06
 9.03685e-06
 9.53514e-06
 9.72535e-06
 9.67472e-06
 9.50760e-06
 9.27700e-06
 9.02290e-06
 8.80813e-06
 8.64696e-06
 8.52499e-06
 8.41774e-06
 8.30446e-06
 8.14701e-06
 7.89532e-06
 7.49340e-06
 6.87101e-06
 5.92886e-06
 4.64149e-06
 3.16525e-06
 1.78869e-06
 8.22448e-07
 3.13009e-07
 9.16303e-08
 1.84485e-08
 2.07098e-09
 8.62055e-11
 8.73963e-13
 2.24573e-15
 1.55549e-18
 1.88563e-22
 2.18205e-20
 5.99889e-18
 4.36266e-16
 1.48565e-14
 2.98554e-13
 4.01106e-12
 3.89294e-11
 2.87634e-10
 1.67984e-09
 7.97606e-09
 3.14706e-08
 1.05017e-07
 3.00759e-07
 7.48679e-07
 1.63904e-06
 3.16446e-06
 5.21564e-06
 7.29238e-06
 8.90893e-06
 9.90282e-06
 1.03141e-05
 1.02417e-05
 9.87407e-06
 9.30609e-06
 8.61982e-06
 7.97626e-06
 7.45184e-06
 7.07250e-06
 6.84305e-06
 6.74722e-06
 6.80647e-06
 6.98478e-06
 7.24574e-06
 7.56597e-06
 7.85675e-06
 8.02709e-06
 8.00688e-06
 7.70163e-06
 6.99636e-06
 5.76309e-06
 3.99660e-06
 2.17199e-06
 9.01625e-07
 2.87055e-07
 6.39086e-08
 8.22519e-09
 4.07158e-10
 4.98991e-12
 1.45315e-14
 1.11077e-17
 1.46492e-21
 9.84465e-20
 2.53779e-17
 1.74219e-15
 5.62916e-14
 1.07745e-12
 1.38256e-11
 1.28394e-10
 9.08607e-10
 5.08341e-09
 2.31095e-08
 8.71927e-08
 2.77716e-07
 7.57672e-07
 1.79741e-06
 3.66093e-06
 6.13909e-06
 8.42480e-06
 9.89473e-06
 1.04860e-05
 1.03687e-05
 9.68351e-06
 8.57511e-06
 7.33251e-06
 6.16493e-06
 5.16432e-06
 4.40433e-06
 3.88324e-06
 3.56664e-06
 3.41589e-06
 3.40000e-06
 3.55464e-06
 3.86674e-06
 4.32852e-06
 4.95141e-06
 5.69595e-06
 6.50619e-06
 7.24465e-06
 7.73799e-06
 7.86297e-06
 7.46278e-06
 6.29189e-06
 4.29769e-06
 2.15264e-06
 7.57716e-07
 1.86400e-07
 2.73752e-08
 1.59925e-09
 2.37621e-11
 7.82638e-14
 6.55028e-17
 9.29179e-21
 3.34773e-19
 8.25811e-17
 5.44032e-15
 1.69069e-13
 3.11770e-12
 3.85838e-11
 3.45757e-10
 2.36098e-09
 1.27390e-08
 5.57961e-08
 2.02528e-07
 6.19360e-07
 1.62109e-06
 3.60220e-06
 6.36091e-06
 8.82554e-06
 1.01954e-05
 1.05157e-05
 9.99190e-06
 8.71094e-06
 6.96590e-06
 5.21119e-06
 3.76931e-06
 2.72757e-06
 2.02932e-06
 1.59890e-06
 1.35250e-06
 1.22146e-06
 1.16675e-06
 1.17680e-06
 1.26631e-06
 1.44203e-06
 1.72776e-06
 2.16059e-06
 2.79592e-06
 3.69859e-06
 4.83901e-06
 6.08348e-06
 7.16073e-06
 7.70647e-06
 7.49989e-06
 6.28308e-06
 4.00023e-06
 1.71071e-06
 4.66689e-07
 7.77239e-08
 5.32536e-09
 9.62284e-11
 3.59687e-13
 3.27558e-16
 4.94315e-20
 8.98562e-19
 2.16094e-16
 1.38628e-14
 4.19327e-13
 7.52422e-12
 9.05757e-11
 7.89067e-10
 5.23393e-09
 2.74054e-08
 1.16357e-07
 4.08857e-07
 1.20734e-06
 3.01820e-06
 5.89650e-06
 8.67151e-06
 1.02000e-05
 1.04922e-05
 9.73848e-06
 7.99918e-06
 5.75887e-06
 3.74363e-06
 2.31424e-06
 1.42381e-06
 9.10985e-07
 6.20698e-07
 4.61017e-07
 3.77541e-07
 3.36916e-07
 3.22266e-07
 3.30845e-07
 3.67295e-07
 4.35992e-07
 5.50209e-07
 7.33874e-07
 1.02981e-06
 1.51703e-06
 2.30714e-06
 3.50627e-06
 5.06700e-06
 6.57753e-06
 7.44656e-06
 7.30435e-06
 5.77768e-06
 3.14779e-06
 1.02391e-06
 1.90975e-07
 1.52914e-08
 3.36749e-10
 1.44238e-12
 1.42089e-15
 2.25545e-19
 1.96572e-18
 4.69157e-16
 2.97113e-14
 8.84363e-13
 1.55817e-11
 1.83872e-10
 1.56789e-09
 1.01645e-08
 5.19458e-08
 2.15035e-07
 7.36524e-07
 2.12307e-06
 4.81824e-06
 7.95174e-06
 9.95779e-06
 1.05030e-05
 9.80201e-06
 7.84230e-06
 5.24906e-06
 3.04427e-06
 1.64518e-06
 8.77110e-07
 4.71374e-07
 2.64525e-07
 1.60930e-07
 1.10335e-07
 8.67946e-08
 7.65291e-08
 7.34505e-08
 7.70350e-08
 8.86837e-08
 1.10518e-07
 1.48282e-07
 2.12796e-07
 3.25170e-07
 5.25151e-07
 8.86400e-07
 1.54540e-06
 2.70714e-06
 4.44474e-06
 6.24960e-06
 7.25785e-06
 6.87566e-06
 4.71893e-06
 1.94788e-06
 4.10491e-07
 3.84559e-08
 1.03217e-09
 5.14785e-12
 5.45042e-15
 8.99669e-19
 3.58374e-18
 8.63854e-16
 5.47278e-14
 1.61983e-12
 2.82653e-11
 3.29378e-10
 2.76706e-09
 1.76360e-08
 8.84235e-08
 3.58273e-07
 1.19739e-06
 3.31241e-06
 6.58884e-06
 9.31758e-06
 1.04293e-05
 1.01245e-05
 8.30612e-06
 5.46383e-06
 2.97036e-06
 1.45802e-06
 6.84650e-07
 3.13168e-07
 1.43603e-07
 6.87038e-08
 3.62141e-08
 2.24416e-08
 1.68873e-08
 1.47992e-08
 1.43374e-08
 1.54011e-08
 1.83582e-08
 2.39673e-08
 3.42343e-08
 5.30983e-08
 8.88796e-08
 1.58975e-07
 3.00406e-07
 5.91406e-07
 1.18894e-06
 2.38488e-06
 4.30432e-06
 6.24209e-06
 7.08168e-06
 5.95626e-06
 3.10185e-06
 7.82988e-07
 8.59801e-08
 2.80364e-09
 1.66276e-11
 1.87996e-14
 3.19432e-18
 5.53175e-18
 1.37148e-15
 8.81009e-14
 2.61933e-12
 4.56047e-11
 5.28439e-10
 4.40151e-09
 2.77411e-08
 1.37233e-07
 5.47698e-07
 1.80471e-06
 4.59655e-06
 7.98958e-06
 1.00583e-05
 1.04377e-05
 9.20223e-06
 6.40616e-06
 3.46593e-06
 1.61196e-06
 6.95668e-07
 2.82106e-07
 1.09598e-07
 4.20167e-08
 1.67025e-08
 7.52799e-09
 4.35634e-09
 3.39519e-09
 3.22423e-09
 3.33144e-09
 3.62762e-09
 4.16202e-09
 5.18818e-09
 7.31904e-09
 1.17685e-08
 2.13431e-08
 4.24602e-08
 9.04779e-08
 2.02944e-07
 4.70377e-07
 1.09796e-06
 2.47333e-06
 4.63359e-06
 6.48107e-06
 6.58425e-06
 4.19440e-06
 1.32894e-06
 1.73312e-07
 6.81902e-09
 4.92320e-11
 5.92564e-14
 1.02971e-17
 7.39680e-18
 1.92088e-15
 1.26332e-13
 3.79572e-12
 6.63091e-11
 7.69569e-10
 6.39933e-09
 4.00864e-08
 1.96504e-07
 7.75669e-07
 2.51850e-06
 5.79793e-06
 8.96851e-06
 1.03987e-05
 1.01118e-05
 7.92408e-06
 4.65439e-06
 2.16816e-06
 9.01410e-07
 3.42034e-07
 1.19710e-07
 3.93077e-08
 1.25307e-08
 4.28049e-09
 1.99303e-09
 1.61781e-09
 1.98395e-09
 2.60031e-09
 3.11608e-09
 3.34978e-09
 3.13527e-09
 2.71249e-09
 2.55849e-09
 3.02484e-09
 4.89820e-09
 1.02063e-08
 2.44512e-08
 6.29844e-08
 1.69250e-07
 4.63030e-07
 1.24927e-06
 3.01173e-06
 5.32747e-06
 6.56691e-06
 5.04360e-06
 2.00707e-06
 3.19580e-07
 1.49919e-08
 1.34759e-10
 1.73934e-13
 3.08530e-17
 8.40602e-18
 2.34384e-15
 1.60687e-13
 4.94084e-12
 8.79589e-11
 1.03258e-09
 8.61453e-09
 5.37969e-08
 2.61930e-07
 1.02346e-06
 3.22969e-06
 6.78624e-06
 9.60550e-06
 1.05165e-05
 9.54820e-06
 6.62056e-06
 3.36758e-06
 1.41458e-06
 5.30800e-07
 1.78531e-07
 5.43168e-08
 1.52254e-08
 4.29236e-09
 1.73221e-09
 1.62683e-09
 2.78222e-09
 4.95374e-09
 7.44913e-09
 9.37305e-09
 1.01401e-08
 8.87017e-09
 6.22490e-09
 3.91945e-09
 2.41364e-09
 1.86222e-09
 2.57593e-09
 6.07354e-09
 1.78308e-08
 5.61285e-08
 1.81191e-07
 5.79987e-07
 1.75010e-06
 3.98772e-06
 6.02968e-06
 5.56668e-06
 2.73279e-06
 5.46364e-07
 3.00493e-08
 3.42583e-10
 4.87198e-13
 8.80952e-17
 7.96936e-18
 2.44458e-15
 1.80001e-13
 5.83979e-12
 1.07163e-10
 1.26854e-09
 1.06279e-08
 6.67497e-08
 3.25890e-07
 1.27296e-06
 3.87516e-06
 7.55019e-06
 1.00138e-05
 1.05164e-05
 8.90466e-06
 5.52387e-06
 2.52728e-06
 9.83060e-07
 3.37000e-07
 1.02041e-07
 2.74647e-08
 6.87659e-09
 2.17870e-09
 1.81857e-09
 3.55193e-09
 7.79128e-09
 1.47080e-08
 2.28427e-08
 2.95337e-08
 3.26472e-08
 2.88834e-08
 2.00775e-08
 1.18876e-08
 5.99779e-09
 2.68602e-09
 1.40594e-09
 1.66423e-09
 4.68876e-09
 1.72477e-08
 6.65462e-08
 2.55728e-07
 9.32839e-07
 2.75354e-06
 5.09206e-06
 5.66201e-06
 3.39087e-06
 8.51833e-07
 5.52517e-08
 8.10429e-10
 1.34022e-12
 2.44060e-16
 6.33625e-18
 2.20007e-15
 1.76682e-13
 6.09586e-12
 1.16357e-10
 1.42145e-09
 1.21791e-08
 7.75553e-08
 3.80700e-07
 1.48883e-06
 4.38012e-06
 8.09071e-06
 1.02861e-05
 1.04639e-05
 8.32897e-06
 4.72626e-06
 2.01725e-06
 7.40363e-07
 2.36060e-07
 6.55571e-08
 1.60429e-08
 3.98540e-09
 1.94973e-09
 3.19573e-09
 8.08665e-09
 1.86153e-08
 3.66734e-08
 5.98180e-08
 8.06690e-08
 9.21438e-08
 8.37319e-08
 5.92732e-08
 3.50088e-08
 1.73191e-08
 7.12279e-09
 2.51342e-09
 1.02344e-09
 1.30919e-09
 4.95688e-09
 2.30088e-08
 1.07082e-07
 4.69129e-07
 1.75833e-06
 4.01219e-06
 5.41533e-06
 3.87051e-06
 1.18210e-06
 9.38279e-08
 1.78591e-09
 3.70880e-12
 6.58629e-16
 4.14537e-18
 1.70343e-15
 1.51897e-13
 5.60227e-12
 1.12718e-10
 1.44256e-09
 1.27625e-08
 8.29433e-08
 4.13514e-07
 1.63166e-06
 4.70755e-06
 8.44392e-06
 1.04880e-05
 1.04383e-05
 7.95085e-06
 4.24738e-06
 1.73720e-06
 6.09696e-07
 1.84418e-07
 4.82587e-08
 1.12701e-08
 3.10430e-09
 2.36108e-09
 5.41068e-09
 1.50018e-08
 3.65387e-08
 7.69146e-08
 1.34469e-07
 1.92551e-07
 2.29464e-07
 2.17529e-07
 1.58889e-07
 9.30432e-08
 4.52764e-08
 1.84416e-08
 6.21431e-09
 1.78543e-09
 6.80130e-10
 1.41526e-09
 7.57727e-09
 4.33991e-08
 2.32286e-07
 1.06852e-06
 3.07377e-06
 5.01100e-06
 4.15276e-06
 1.48724e-06
 1.48551e-07
 3.66988e-09
 1.03931e-11
 1.73643e-15
 2.11157e-18
 1.08746e-15
 1.13510e-13
 4.62508e-12
 9.95591e-11
 1.33091e-09
 1.21697e-08
 8.12843e-08
 4.15207e-07
 1.66674e-06
 4.82916e-06
 8.63274e-06
 1.06577e-05
 1.05129e-05
 7.85877e-06
 4.08813e-06
 1.64273e-06
 5.65311e-07
 1.67739e-07
 4.33210e-08
 1.02491e-08
 3.14023e-09
 2.89711e-09
 7.37918e-09
 2.17332e-08
 5.72263e-08
 1.32643e-07
 2.57408e-07
 4.00841e-07
 5.04451e-07
 5.05887e-07
 3.86331e-07
 2.25203e-07
 1.07149e-07
 4.30024e-08
 1.43886e-08
 3.98982e-09
 9.67924e-10
 5.29511e-10
 2.44010e-09
 1.73030e-08
 1.14177e-07
 6.30703e-07
 2.28737e-06
 4.42305e-06
 4.20315e-06
 1.75080e-06
 2.22056e-07
 7.04271e-09
 2.90803e-11
 4.76307e-15
 7.71778e-19
 5.38137e-16
 7.02202e-14
 3.33130e-12
 7.88681e-11
 1.12474e-09
 1.07791e-08
 7.45319e-08
 3.90382e-07
 1.59509e-06
 4.74249e-06
 8.64198e-06
 1.07863e-05
 1.07042e-05
 8.05138e-06
 4.22027e-06
 1.70791e-06
 5.92577e-07
 1.78532e-07
 4.75561e-08
 1.19335e-08
 3.91290e-09
 3.37260e-09
 7.72950e-09
 2.34281e-08
 6.87436e-08
 1.84094e-07
 4.15408e-07
 7.24955e-07
 9.78989e-07
 1.04437e-06
 8.40524e-07
 4.95718e-07
 2.30771e-07
 9.09930e-08
 3.01212e-08
 8.33812e-09
 1.91947e-09
 4.53708e-10
 8.37146e-10
 6.99392e-09
 5.70626e-08
 3.73946e-07
 1.65595e-06
 3.70266e-06
 4.02579e-06
 1.95862e-06
 3.15291e-07
 1.26509e-08
 7.92789e-11
 1.68532e-14
 1.78802e-19
 1.91375e-16
 3.35724e-14
 1.97940e-12
 5.42860e-11
 8.53117e-10
 8.72801e-09
 6.33633e-08
 3.44197e-07
 1.44388e-06
 4.48508e-06
 8.48458e-06
 1.08758e-05
 1.10033e-05
 8.50228e-06
 4.62310e-06
 1.92369e-06
 6.89605e-07
 2.18106e-07
 6.29264e-08
 1.79500e-08
 6.53662e-09
 4.67315e-09
 7.30737e-09
 1.89148e-08
 6.38942e-08
 2.14076e-07
 5.77407e-07
 1.15090e-06
 1.68982e-06
 1.90606e-06
 1.62034e-06
 9.88041e-07
 4.51901e-07
 1.74852e-07
 5.73487e-08
 1.58339e-08
 3.66771e-09
 7.23579e-10
 3.86419e-10
 3.04711e-09
 3.01886e-08
 2.31160e-07
 1.19071e-06
 3.03592e-06
 3.75384e-06
 2.10183e-06
 4.18082e-07
 2.13488e-08
 2.05800e-10
 9.08844e-14
 2.08954e-20
 4.59873e-17
 1.21822e-14
 9.44784e-13
 3.17731e-11
 5.69887e-10
 6.40240e-09
 4.97089e-08
 2.83540e-07
 1.23332e-06
 4.04713e-06
 8.11967e-06
 1.08796e-05
 1.13503e-05
 9.21345e-06
 5.37974e-06
 2.37342e-06
 9.06182e-07
 3.13721e-07
 1.03571e-07
 3.59013e-08
 1.57375e-08
 1.08529e-08
 1.20550e-08
 2.01419e-08
 6.54139e-08
 2.53557e-07
 7.59783e-07
 1.67778e-06
 2.64098e-06
 3.08733e-06
 2.74213e-06
 1.75122e-06
 8.02301e-07
 3.04821e-07
 9.95171e-08
 2.75317e-08
 6.44271e-09
 1.26177e-09
 3.25425e-10
 1.57524e-09
 1.77024e-08
 1.52041e-07
 8.65109e-07
 2.48623e-06
 3.44205e-06
 2.16542e-06
 5.13094e-07
 3.33283e-08
 5.02266e-10
 6.17532e-13
 1.48909e-21
 8.75249e-18
 3.78281e-15
 3.99640e-13
 1.65405e-11
 3.43654e-10
 4.31451e-09
 3.61823e-08
 2.18622e-07
 9.95924e-07
 3.46023e-06
 7.49567e-06
 1.06805e-05
 1.16421e-05
 1.01246e-05
 6.55233e-06
 3.19235e-06
 1.33781e-06
 5.25926e-07
 2.05640e-07
 8.78728e-08
 4.67967e-08
 3.54717e-08
 3.86218e-08
 5.74853e-08
 1.35143e-07
 4.06352e-07
 1.10325e-06
 2.42082e-06
 3.84741e-06
 4.48384e-06
 4.02817e-06
 2.66239e-06
 1.24460e-06
 4.67313e-07
 1.52122e-07
 4.22393e-08
 9.98925e-09
 1.99622e-09
 4.11483e-10
 1.02480e-09
 1.17670e-08
 1.06898e-07
 6.44080e-07
 2.03358e-06
 3.05329e-06
 2.10719e-06
 5.84828e-07
 4.64319e-08
 1.03911e-09
 2.68274e-12
 1.95217e-22
 1.75779e-18
 1.15204e-15
 1.62329e-13
 8.20358e-12
 1.96781e-10
 2.73213e-09
 2.46640e-08
 1.57864e-07
 7.55556e-07
 2.77631e-06
 6.58951e-06
 1.01881e-05
 1.17731e-05
 1.10639e-05
 8.10885e-06
 4.53755e-06
 2.14336e-06
 9.71281e-07
 4.49357e-07
 2.29644e-07
 1.41827e-07
 1.17163e-07
 1.30007e-07
 1.86418e-07
 3.53934e-07
 7.99016e-07
 1.81043e-06
 3.59585e-06
 5.32299e-06
 5.91283e-06
 5.23629e-06
 3.50246e-06
 1.66734e-06
 6.23225e-07
 2.02119e-07
 5.61770e-08
 1.33908e-08
 2.72417e-09
 5.26475e-10
 7.79148e-10
 8.55754e-09
 7.92454e-08
 4.93149e-07
 1.66652e-06
 2.62891e-06
 1.95273e-06
 6.24568e-07
 5.77306e-08
 1.70769e-09
 7.08763e-12
 4.20539e-23
 3.81881e-19
 3.43093e-16
 6.28427e-14
 3.84702e-12
 1.06279e-10
 1.62852e-09
 1.58193e-08
 1.06842e-07
 5.34925e-07
 2.06293e-06
 5.42431e-06
 9.32261e-06
 1.16117e-05
 1.17646e-05
 9.82212e-06
 6.51066e-06
 3.57962e-06
 1.85780e-06
 9.97146e-07
 5.87837e-07
 4.03914e-07
 3.51354e-07
 3.87724e-07
 5.19923e-07
 8.51315e-07
 1.59059e-06
 3.08646e-06
 5.28820e-06
 6.94259e-06
 7.20692e-06
 6.21925e-06
 4.12516e-06
 1.97076e-06
 7.35009e-07
 2.37073e-07
 6.57402e-08
 1.57378e-08
 3.24009e-09
 6.13312e-10
 6.38500e-10
 6.56371e-09
 6.10616e-08
 3.87153e-07
 1.37227e-06
 2.24868e-06
 1.78200e-06
 6.36859e-07
 6.57409e-08
 2.34299e-09
 1.36387e-11
 1.06775e-23
 9.14747e-20
 1.00650e-16
 2.31746e-14
 1.70085e-12
 5.38772e-11
 9.09585e-10
 9.50018e-09
 6.76900e-08
 3.53450e-07
 1.41395e-06
 4.11153e-06
 8.00898e-06
 1.10139e-05
 1.20318e-05
 1.12529e-05
 8.88425e-06
 5.88434e-06
 3.53023e-06
 2.14274e-06
 1.41540e-06
 1.05415e-06
 9.45295e-07
 1.02551e-06
 1.28822e-06
 1.87825e-06
 3.06240e-06
 5.09302e-06
 7.30693e-06
 8.43656e-06
 8.23535e-06
 6.86558e-06
 4.44813e-06
 2.10456e-06
 7.81102e-07
 2.49940e-07
 6.89979e-08
 1.65543e-08
 3.43683e-09
 6.47997e-10
 5.47345e-10
 5.26964e-09
 4.87380e-08
 3.11236e-07
 1.13687e-06
 1.92218e-06
 1.60449e-06
 6.19004e-07
 7.00060e-08
 2.85627e-09
 2.13359e-11
 2.84546e-24
 2.36590e-20
 2.91815e-17
 8.12884e-15
 7.06373e-13
 2.55151e-11
 4.73887e-10
 5.31456e-09
 3.99360e-08
 2.17300e-07
 8.99178e-07
 2.82629e-06
 6.27530e-06
 9.81008e-06
 1.17503e-05
 1.19928e-05
 1.09149e-05
 8.75830e-06
 6.29528e-06
 4.35882e-06
 3.15111e-06
 2.49408e-06
 2.28448e-06
 2.43097e-06
 2.89073e-06
 3.84281e-06
 5.51210e-06
 7.66187e-06
 9.22832e-06
 9.57680e-06
 8.87492e-06
 7.07271e-06
 4.37293e-06
 1.98447e-06
 7.19191e-07
 2.26298e-07
 6.21795e-08
 1.49675e-08
 3.13260e-09
 5.95601e-10
 4.77200e-10
 4.41109e-09
 4.02006e-08
 2.55845e-07
 9.48074e-07
 1.63666e-06
 1.40901e-06
 5.68308e-07
 7.07269e-08
 3.17837e-09
 2.86024e-11
 7.71406e-25
 6.33470e-21
 8.33457e-18
 2.70405e-15
 2.74286e-13
 1.12313e-11
 2.29136e-10
 2.75477e-09
 2.18187e-08
 1.23649e-07
 5.29605e-07
 1.75350e-06
 4.36530e-06
 7.90098e-06
 1.07267e-05
 1.19368e-05
 1.19269e-05
 1.10536e-05
 9.49771e-06
 7.74151e-06
 6.27976e-06
 5.30611e-06
 4.95110e-06
 5.16544e-06
 5.83390e-06
 7.06106e-06
 8.68858e-06
 1.00525e-05
 1.05678e-05
 1.02145e-05
 8.96163e-06
 6.60414e-06
 3.71770e-06
 1.57297e-06
 5.55349e-07
 1.72509e-07
 4.74478e-08
 1.15050e-08
 2.43336e-09
 4.74093e-10
 4.19330e-10
 3.83757e-09
 3.41783e-08
 2.14639e-07
 7.95512e-07
 1.38639e-06
 1.21337e-06
 5.02327e-07
 6.70653e-08
 3.28898e-09
 3.39560e-11
 2.06711e-25
 1.68833e-21
 2.32124e-18
 8.48833e-16
 9.90178e-14
 4.56934e-12
 1.02239e-10
 1.31576e-09
 1.09754e-08
 6.47463e-08
 2.86949e-07
 9.90174e-07
 2.65888e-06
 5.51935e-06
 8.74811e-06
 1.09772e-05
 1.18790e-05
 1.19641e-05
 1.15381e-05
 1.07436e-05
 9.83303e-06
 9.06331e-06
 8.75005e-06
 8.95442e-06
 9.52541e-06
 1.03702e-05
 1.11291e-05
 1.14052e-05
 1.10935e-05
 1.01068e-05
 8.14410e-06
 5.29936e-06
 2.64264e-06
 1.06441e-06
 3.75536e-07
 1.17260e-07
 3.24668e-08
 7.93377e-09
 1.69275e-09
 3.42147e-10
 3.75118e-10
 3.46006e-09
 2.98650e-08
 1.83321e-07
 6.70636e-07
 1.16669e-06
 1.02899e-06
 4.32766e-07
 5.95612e-08
 3.15164e-09
 3.63552e-11
 5.31868e-26
 4.34840e-22
 6.20844e-19
 2.49660e-16
 3.30114e-14
 1.70733e-12
 4.18278e-11
 5.75633e-10
 5.05319e-09
 3.10142e-08
 1.42126e-07
 5.08122e-07
 1.42935e-06
 3.26174e-06
 6.01177e-06
 8.81883e-06
 1.07144e-05
 1.16161e-05
 1.19122e-05
 1.18996e-05
 1.17376e-05
 1.15254e-05
 1.14351e-05
 1.15368e-05
 1.17425e-05
 1.19156e-05
 1.18648e-05
 1.14648e-05
 1.05409e-05
 8.81900e-06
 6.25965e-06
 3.54778e-06
 1.62328e-06
 6.46202e-07
 2.28357e-07
 7.15510e-08
 1.98735e-08
 4.87582e-09
 1.04470e-09
 2.24307e-10
 3.45011e-10
 3.22359e-09
 2.67303e-08
 1.58906e-07
 5.66589e-07
 9.73141e-07
 8.54668e-07
 3.60741e-07
 5.04889e-08
 2.78572e-09
 3.52180e-11
 1.28216e-26
 1.05738e-22
 1.56659e-19
 6.81638e-17
 1.00856e-14
 5.81685e-13
 1.55797e-11
 2.29168e-10
 2.11598e-09
 1.35058e-08
 6.39389e-08
 2.35857e-07
 6.90799e-07
 1.65443e-06
 3.36782e-06
 5.74563e-06
 8.12546e-06
 9.87506e-06
 1.09093e-05
 1.14408e-05
 1.16989e-05
 1.18205e-05
 1.18666e-05
 1.18736e-05
 1.18182e-05
 1.16103e-05
 1.11080e-05
 1.01316e-05
 8.52375e-06
 6.29129e-06
 3.87814e-06
 1.98341e-06
 8.77504e-07
 3.46204e-07
 1.21658e-07
 3.80689e-08
 1.05893e-08
 2.60550e-09
 5.60774e-10
 1.36444e-10
 3.29437e-10
 3.09148e-09
 2.44093e-08
 1.39256e-07
 4.77997e-07
 8.01942e-07
 6.93368e-07
 2.90290e-07
 4.07935e-08
 2.30225e-09
 3.10013e-11
 2.83573e-27
 2.37802e-23
 3.66169e-20
 1.70825e-17
 2.79886e-15
 1.79235e-13
 5.24198e-12
 8.24202e-11
 8.00299e-10
 5.31092e-09
 2.59548e-08
 9.85284e-08
 2.98712e-07
 7.44538e-07
 1.57833e-06
 2.94261e-06
 4.75766e-06
 6.63799e-06
 8.22706e-06
 9.34482e-06
 1.00315e-05
 1.04290e-05
 1.05690e-05
 1.04980e-05
 1.02284e-05
 9.65611e-06
 8.67353e-06
 7.22151e-06
 5.37411e-06
 3.45837e-06
 1.91376e-06
 9.31735e-07
 4.06498e-07
 1.58885e-07
 5.56014e-08
 1.73902e-08
 4.84617e-09
 1.19492e-09
 2.59512e-10
 8.25496e-11
 3.32015e-10
 3.03869e-09
 2.26359e-08
 1.22782e-07
 4.00738e-07
 6.50082e-07
 5.47596e-07
 2.24854e-07
 3.12549e-08
 1.78621e-09
 2.50006e-11
 5.64230e-28
 4.84971e-24
 7.78547e-21
 3.87906e-18
 6.98403e-16
 4.94889e-14
 1.57941e-12
 2.65608e-11
 2.71292e-10
 1.87191e-09
 9.43917e-09
 3.68170e-08
 1.15006e-07
 2.96291e-07
 6.48654e-07
 1.24205e-06
 2.12922e-06
 3.28066e-06
 4.55778e-06
 5.71190e-06
 6.57778e-06
 7.14727e-06
 7.34932e-06
 7.20355e-06
 6.76981e-06
 6.01393e-06
 4.96182e-06
 3.71690e-06
 2.46937e-06
 1.45147e-06
 7.68554e-07
 3.67521e-07
 1.58615e-07
 6.16642e-08
 2.15411e-08
 6.74084e-09
 1.88184e-09
 4.64332e-10
 1.03752e-10
 5.64107e-11
 3.52494e-10
 3.04880e-09
 2.12145e-08
 1.08268e-07
 3.31792e-07
 5.15397e-07
 4.18453e-07
 1.66441e-07
 2.26567e-08
 1.29611e-09
 1.84953e-11
 9.90324e-29
 8.79508e-25
 1.47879e-21
 7.86688e-19
 1.54903e-16
 1.21172e-14
 4.22009e-13
 7.59936e-12
 8.17135e-11
 5.86471e-10
 3.05105e-09
 1.22162e-08
 3.91819e-08
 1.03795e-07
 2.33459e-07
 4.57302e-07
 7.96345e-07
 1.25272e-06
 1.81939e-06
 2.43515e-06
 2.98647e-06
 3.38477e-06
 3.52160e-06
 3.39015e-06
 3.05412e-06
 2.54369e-06
 1.94025e-06
 1.34476e-06
 8.47386e-07
 4.87060e-07
 2.54518e-07
 1.20656e-07
 5.17733e-08
 2.00576e-08
 6.99492e-09
 2.18827e-09
 6.10912e-10
 1.50628e-10
 3.75051e-11
 4.94637e-11
 3.91264e-10
 3.12582e-09
 2.00034e-08
 9.48077e-08
 2.69197e-07
 3.96654e-07
 3.07203e-07
 1.16706e-07
 1.53959e-08
 8.69966e-10
 1.24817e-11
 1.50225e-29
 1.39029e-25
 2.46304e-22
 1.40229e-19
 3.01375e-17
 2.59977e-15
 9.88966e-14
 1.91029e-12
 2.16535e-11
 1.61786e-10
 8.68588e-10
 3.56850e-09
 1.17236e-08
 3.18063e-08
 7.31972e-08
 1.46288e-07
 2.58883e-07
 4.12311e-07
 6.00204e-07
 8.04176e-07
 9.94434e-07
 1.13275e-06
 1.17192e-06
 1.11045e-06
 9.75651e-07
 7.88024e-07
 5.82205e-07
 3.92120e-07
 2.41424e-07
 1.36131e-07
 7.01010e-08
 3.28708e-08
 1.39925e-08
 5.39022e-09
 1.87260e-09
 5.84330e-10
 1.62546e-10
 4.03855e-11
 1.50575e-11
 5.53852e-11
 4.50695e-10
 3.24796e-09
 1.88202e-08
 8.17369e-08
 2.12037e-07
 2.93513e-07
 2.14644e-07
 7.65659e-08
 9.68719e-09
 5.34182e-10
 7.57720e-12
 1.92672e-30
 1.87550e-26
 3.52670e-23
 2.15832e-20
 5.06604e-18
 4.82135e-16
 2.00708e-14
 4.16860e-13
 4.99100e-12
 3.88699e-11
 2.15499e-10
 9.08442e-10
 3.05230e-09
 8.45607e-09
 1.98430e-08
 4.03408e-08
 7.23868e-08
 1.16424e-07
 1.70197e-07
 2.27903e-07
 2.81801e-07
 3.18491e-07
 3.24743e-07
 3.02537e-07
 2.59356e-07
 2.02968e-07
 1.44661e-07
 9.42667e-08
 5.66199e-08
 3.12606e-08
 1.58157e-08
 7.30906e-09
 3.07512e-09
 1.17365e-09
 4.04765e-10
 1.25465e-10
 3.46334e-11
 9.51840e-12
 1.05047e-11
 7.12624e-11
 5.31212e-10
 3.37649e-09
 1.75083e-08
 6.86905e-08
 1.60339e-07
 2.06092e-07
 1.40823e-07
 4.62488e-08
 5.56052e-09
 2.95775e-10
 4.07779e-12
 2.03919e-31
 2.10948e-27
 4.24713e-24
 2.81155e-21
 7.22965e-19
 7.60677e-17
 3.47580e-15
 7.78685e-14
 9.87353e-13
 8.02960e-12
 4.60206e-11
 1.99136e-10
 6.83709e-10
 1.93030e-09
 4.60610e-09
 9.49817e-09
 1.72332e-08
 2.79353e-08
 4.09899e-08
 5.48054e-08
 6.75454e-08
 7.52582e-08
 7.51894e-08
 6.86524e-08
 5.71615e-08
 4.30440e-08
 2.94569e-08
 1.85271e-08
 1.07865e-08
 5.79500e-09
 2.86367e-09
 1.29717e-09
 5.36603e-10
 2.01900e-10
 6.87652e-11
 2.10188e-11
 5.90870e-12
 3.13666e-12
 1.34873e-11
 9.81261e-11
 6.36167e-10
 3.49011e-09
 1.59080e-08
 5.53235e-08
 1.14416e-07
 1.34679e-07
 8.50968e-08
 2.51887e-08
 2.85336e-09
 1.44712e-10
 1.90512e-12
 1.73199e-32
 1.92642e-28
 4.19569e-25
 3.02911e-22
 8.57997e-20
 1.00201e-17
 5.04706e-16
 1.22459e-14
 1.64997e-13
 1.40452e-12
 8.33446e-12
 3.70470e-11
 1.29946e-10
 3.73397e-10
 9.04165e-10
 1.88641e-09
 3.45148e-09
 5.62531e-09
 8.27494e-09
 1.10292e-08
 1.34961e-08
 1.47540e-08
 1.43817e-08
 1.28208e-08
 1.03155e-08
 7.41780e-09
 4.82843e-09
 2.90678e-09
 1.62689e-09
 8.44039e-10
 4.04515e-10
 1.78390e-10
 7.20758e-11
 2.65515e-11
 8.85272e-12
 2.68924e-12
 1.13254e-12
 3.18521e-12
 2.16869e-11
 1.38962e-10
 7.59730e-10
 3.53177e-09
 1.38016e-08
 4.15367e-08
 7.51716e-08
 7.98582e-08
 4.60961e-08
 1.19945e-08
 1.27209e-09
 6.07613e-11
 7.49333e-13
 1.14200e-33
 1.38423e-29
 3.30138e-26
 2.62653e-23
 8.26085e-21
 1.07734e-18
 6.01615e-17
 1.58902e-15
 2.28458e-14
 2.04174e-13
 1.25697e-12
 5.74637e-12
 2.05971e-11
 6.01959e-11
 1.47691e-10
 3.11110e-10
 5.72620e-10
 9.36111e-10
 1.37756e-09
 1.82205e-09
 2.20004e-09
 2.35753e-09
 2.23945e-09
 1.93698e-09
 1.49375e-09
 1.01318e-09
 6.17999e-10
 3.52404e-10
 1.87926e-10
 9.33617e-11
 4.30190e-11
 1.83002e-11
 7.15117e-12
 2.54978e-12
 8.36257e-13
 3.71162e-13
 9.47687e-13
 5.97655e-12
 3.67534e-11
 1.95931e-10
 8.82641e-10
 3.42049e-09
 1.11534e-08
 2.81221e-08
 4.40203e-08
 4.15034e-08
 2.14751e-08
 4.77296e-09
 4.72639e-10
 2.09519e-11
 2.36859e-13
 5.61071e-35
 7.53044e-31
 1.99596e-27
 1.77298e-24
 6.25944e-22
 9.19439e-20
 5.73490e-18
 1.65935e-16
 2.55873e-15
 2.40987e-14
 1.54321e-13
 7.26764e-13
 2.66385e-12
 7.91637e-12
 1.96589e-11
 4.17372e-11
 7.70987e-11
 1.26002e-10
 1.84793e-10
 2.41967e-10
 2.86617e-10
 3.00069e-10
 2.76885e-10
 2.30115e-10
 1.67941e-10
 1.05887e-10
 5.97160e-11
 3.18939e-11
 1.59916e-11
 7.49876e-12
 3.27410e-12
 1.32438e-12
 4.93553e-13
 1.74729e-13
 1.08148e-13
 3.66173e-13
 2.16596e-12
 1.22867e-11
 6.15311e-11
 2.63952e-10
 9.74013e-10
 3.06313e-09
 8.06224e-09
 1.63322e-08
 2.17340e-08
 1.78204e-08
 8.01907e-09
 1.49228e-09
 1.37033e-10
 5.52433e-12
 5.58210e-14
 1.94859e-36
 2.95284e-32
 8.85880e-29
 8.93387e-26
 3.59190e-23
 6.01223e-21
 4.22893e-19
 1.35089e-17
 2.24799e-16
 2.24151e-15
 1.49792e-14
 7.28240e-14
 2.73261e-13
 8.25862e-13
 2.07419e-12
 4.43135e-12
 8.19628e-12
 1.33307e-11
 1.93828e-11
 2.52070e-11
 2.90860e-11
 2.93996e-11
 2.62228e-11
 2.07396e-11
 1.40816e-11
 8.09454e-12
 4.15329e-12
 2.03216e-12
 9.38522e-13
 4.07445e-13
 1.65609e-13
 6.31092e-14
 2.75464e-14
 4.19299e-14
 1.99658e-13
 1.07371e-12
 5.41548e-12
 2.43734e-11
 9.47270e-11
 3.24171e-10
 9.59241e-10
 2.35116e-09
 4.79443e-09
 7.46020e-09
 8.16937e-09
 5.66172e-09
 2.10458e-09
 3.31702e-10
 2.74350e-11
 9.77758e-13
 8.56899e-15
 4.45613e-38
 7.81558e-34
 2.71729e-30
 3.17972e-27
 1.48421e-24
 2.87594e-22
 2.30948e-20
 8.22282e-19
 1.48766e-17
 1.57925e-16
 1.10573e-15
 5.56434e-15
 2.14072e-14
 6.58245e-14
 1.67100e-13
 3.58687e-13
 6.62705e-13
 1.06897e-12
 1.53229e-12
 1.97473e-12
 2.20401e-12
 2.12589e-12
 1.81729e-12
 1.35047e-12
 8.34605e-13
 4.23181e-13
 1.91811e-13
 8.36909e-14
 3.47831e-14
 1.37759e-14
 6.12554e-15
 8.37076e-15
 3.38756e-14
 1.60232e-13
 7.40124e-13
 3.19924e-12
 1.21062e-11
 4.11004e-11
 1.25018e-10
 3.30760e-10
 7.48737e-10
 1.36266e-09
 2.03064e-09
 2.30513e-09
 1.90828e-09
 1.03835e-09
 2.92374e-10
 3.92904e-11
 2.82614e-12
 8.61565e-14
 6.27708e-16
 6.06366e-40
 1.27261e-35
 5.29359e-32
 7.40486e-29
 4.12073e-26
 9.44631e-24
 8.80044e-22
 3.53372e-20
 7.01289e-19
 7.97936e-18
 5.88212e-17
 3.07402e-16
 1.21487e-15
 3.80310e-15
 9.75269e-15
 2.09978e-14
 3.86685e-14
 6.17838e-14
 8.66136e-14
 1.08993e-13
 1.17339e-13
 1.07447e-13
 8.63815e-14
 5.87764e-14
 3.20477e-14
 1.38439e-14
 5.36919e-15
 2.06694e-15
 1.12690e-15
 2.46452e-15
 1.09285e-14
 4.99034e-14
 1.98570e-13
 7.12240e-13
 2.35947e-12
 7.21824e-12
 2.05192e-11
 5.41492e-11
 1.25808e-10
 2.35541e-10
 3.75833e-10
 4.83639e-10
 4.80545e-10
 3.56377e-10
 1.66870e-10
 3.99025e-11
 5.93215e-12
 5.08950e-13
 2.29779e-14
 4.15343e-16
 1.49683e-18
 4.19822e-42
 1.10652e-37
 5.76800e-34
 1.00731e-30
 6.94721e-28
 1.94383e-25
 2.14660e-23
 9.86416e-22
 2.17053e-20
 2.66858e-19
 2.08345e-18
 1.13532e-17
 4.62009e-17
 1.47362e-16
 3.81472e-16
 8.21989e-16
 1.50382e-15
 2.37361e-15
 3.24086e-15
 3.89957e-15
 3.99893e-15
 3.45378e-15
 2.55431e-15
 1.53784e-15
 7.17474e-16
 3.17903e-16
 4.47914e-16
 1.65559e-15
 6.41875e-15
 2.29929e-14
 7.54616e-14
 2.31902e-13
 6.78894e-13
 1.88549e-12
 4.90404e-12
 1.07405e-11
 1.99529e-11
 3.68608e-11
 6.36724e-11
 8.31399e-11
 8.42040e-11
 6.79200e-11
 3.63418e-11
 1.10711e-11
 2.34647e-12
 3.38994e-13
 3.23641e-14
 1.85291e-15
 5.44899e-17
 5.95276e-19
 1.04677e-21
 1.12625e-44
 4.03266e-40
 2.84088e-36
 6.64740e-33
 6.04907e-30
 2.16871e-27
 2.92607e-25
 1.56771e-23
 3.87488e-22
 5.19815e-21
 4.32924e-20
 2.47203e-19
 1.03881e-18
 3.37891e-18
 8.82012e-18
 1.89624e-17
 3.42638e-17
 5.30794e-17
 7.02565e-17
 7.93294e-17
 7.63244e-17
 6.43036e-17
 5.97095e-17
 1.16766e-16
 4.05586e-16
 1.45868e-15
 4.80752e-15
 1.44075e-14
 3.94582e-14
 9.94537e-14
 2.20647e-13
 4.05839e-13
 7.40953e-13
 1.51563e-12
 3.28186e-12
 5.99555e-12
 7.71348e-12
 7.73374e-12
 6.52410e-12
 3.88090e-12
 1.48838e-12
 4.92120e-13
 1.55035e-13
 3.49506e-14
 5.60897e-15
 6.25099e-16
 4.52439e-17
 1.90254e-18
 3.85476e-20
 2.55519e-22
 1.78965e-25
 6.53991e-48
 3.72104e-43
 4.11764e-39
 1.48526e-35
 2.01482e-32
 1.01006e-29
 1.74344e-27
 1.11608e-25
 3.14840e-24
 4.66300e-23
 4.17911e-22
 2.51565e-21
 1.09539e-20
 3.63645e-20
 9.55460e-20
 2.04016e-19
 3.61150e-19
 5.45066e-19
 7.63537e-19
 1.67552e-18
 7.52629e-18
 3.57108e-17
 1.39855e-16
 4.69149e-16
 1.35410e-15
 2.97377e-15
 6.18796e-15
 1.42437e-14
 3.41940e-14
 7.87506e-14
 1.55123e-13
 2.18267e-13
 2.32243e-13
 2.10108e-13
 1.53535e-13
 8.63224e-14
 3.91508e-14
 1.75425e-14
 1.10692e-14
 5.90087e-15
 2.05140e-15
 5.54752e-16
 1.36759e-16
 2.51961e-17
 3.30841e-18
 2.99573e-19
 1.71691e-20
 5.47656e-22
 7.80940e-24
 3.14184e-26
 8.16132e-30
 1.07786e-52
 1.63807e-47
 4.67568e-43
 4.10390e-39
 1.21398e-35
 1.05111e-32
 2.51418e-30
 1.98964e-28
 6.53403e-27
 1.08376e-25
 1.05644e-24
 6.75383e-24
 3.05970e-23
 1.03732e-22
 2.73481e-22
 5.75924e-22
 1.00449e-21
 5.46416e-21
 7.91368e-20
 8.86764e-19
 6.30136e-18
 3.14644e-17
 1.19383e-16
 3.75576e-16
 9.72574e-16
 1.59293e-15
 1.73976e-15
 1.38929e-15
 7.50952e-16
 2.70838e-16
 1.32338e-16
 1.24278e-16
 1.00198e-16
 6.87302e-17
 5.23968e-17
 2.86505e-17
 1.16448e-17
 4.49155e-18
 2.35533e-18
 1.14877e-18
 3.74114e-19
 9.02916e-20
 1.89520e-20
 2.97889e-21
 3.30292e-22
 2.48315e-23
 1.14722e-24
 2.81495e-26
 2.85186e-28
 6.96098e-31
 6.49859e-35
