Density
part
         1
hexa8
 1.10209e-59
 9.35579e-56
 1.94940e-52
 1.77593e-49
 8.97063e-47
 2.86413e-44
 6.28386e-42
 1.00419e-39
 1.22033e-37
 1.16597e-35
 8.99538e-34
 5.72753e-32
 2.59259e-44
 7.15580e-41
 4.85202e-38
 1.43973e-35
 2.37076e-33
 2.46961e-31
 1.76913e-29
 9.23717e-28
 3.66972e-26
 1.14674e-24
 2.89431e-23
 6.02990e-22
 2.35440e-36
 3.79128e-33
 1.50242e-30
 2.61011e-28
 2.52075e-26
 1.54262e-24
 6.50221e-23
 2.00048e-21
 4.68905e-20
 8.65487e-19
 1.29152e-17
 1.59209e-16
 5.83771e-31
 6.50606e-28
 1.78970e-25
 2.16471e-23
 1.45984e-21
 6.25619e-20
 1.85171e-18
 4.01066e-17
 6.63369e-16
 8.65861e-15
 9.15461e-14
 8.00937e-13
 5.31701e-27
 4.45203e-24
 9.24085e-22
 8.47076e-20
 4.34809e-18
 1.42432e-16
 3.23545e-15
 5.39891e-14
 6.90465e-13
 6.99180e-12
 5.75290e-11
 3.92829e-10
 5.28220e-24
 3.48920e-21
 5.74800e-19
 4.20727e-17
 1.73484e-15
 4.59188e-14
 8.47573e-13
 1.15539e-11
 1.21318e-10
 1.01339e-09
 6.90846e-09
 3.92442e-08
 1.04373e-21
 5.63210e-19
 7.64056e-17
 4.64254e-15
 1.60164e-13
 3.57373e-12
 5.60060e-11
 6.52541e-10
 5.89255e-09
 4.25695e-08
 2.52269e-07
 1.25146e-06
 6.13225e-20
 2.78625e-17
 3.21487e-15
 1.67771e-13
 5.01722e-12
 9.78801e-11
 1.35179e-09
 1.39794e-08
 1.12762e-07
 7.31806e-07
 3.91516e-06
 1.76099e-05
 1.45038e-18
 5.71748e-16
 5.78855e-14
 2.67839e-12
 7.16918e-11
 1.26238e-09
 1.58520e-08
 1.49999e-07
 1.11307e-06
 6.67529e-06
 3.31244e-05
 1.38608e-04
 1.74256e-17
 6.13901e-15
 5.61493e-13
 2.36938e-11
 5.83098e-10
 9.50512e-09
 1.11132e-07
 9.83757e-07
 6.85538e-06
 3.87248e-05
 1.81399e-04
 7.17509e-04
 1.25868e-16
 4.07315e-14
 3.45193e-12
 1.35951e-10
 3.14117e-09
 4.83024e-08
 5.34689e-07
 4.49320e-06
 2.97740e-05
 1.60045e-04
 7.13179e-04
 2.67973e-03
 6.13604e-16
 1.86894e-13
 1.49898e-11
 5.61184e-10
 1.23685e-08
 1.81900e-07
 1.92918e-06
 1.55467e-05
 9.87981e-05
 5.08857e-04
 2.16865e-03
 7.77174e-03
 2.18250e-15
 6.39554e-13
 4.94336e-11
 1.78612e-09
 3.80356e-08
 5.40847e-07
 5.54716e-06
 4.32146e-05
 2.65217e-04
 1.31699e-03
 5.39923e-03
 1.85661e-02
 5.97233e-15
 1.71838e-12
 1.30094e-10
 4.59704e-09
 9.56333e-08
 1.32711e-06
 1.32690e-05
 1.00633e-04
 6.00243e-04
 2.89105e-03
 1.14723e-02
 3.81256e-02
 1.30366e-14
 3.75573e-12
 2.82759e-10
 9.89125e-09
 2.03040e-07
 2.77310e-06
 2.72272e-05
 2.02343e-04
 1.18005e-03
 5.54409e-03
 2.14079e-02
 6.91520e-02
 2.32536e-14
 6.84029e-12
 5.19793e-10
 1.82122e-08
 3.72422e-07
 5.04645e-06
 4.89954e-05
 3.59042e-04
 2.05967e-03
 9.49790e-03
 3.59069e-02
 1.12880e-01
 3.44698e-14
 1.05457e-11
 8.21227e-10
 2.91615e-08
 5.99724e-07
 8.12665e-06
 7.85555e-05
 5.71077e-04
 3.24023e-03
 1.47470e-02
 5.50418e-02
 1.72416e-01
 4.40973e-14
 1.43417e-11
 1.15362e-09
 4.17879e-08
 8.65570e-07
 1.17164e-05
 1.13486e-04
 8.23529e-04
 4.64784e-03
 2.09856e-02
 7.75416e-02
 2.38443e-01
 4.55541e-14
 1.63268e-11
 1.39896e-09
 5.18740e-08
 1.09961e-06
 1.53791e-05
 1.52299e-04
 1.11523e-03
 6.26273e-03
 2.80172e-02
 1.01878e-01
 3.01174e-01
 3.82746e-14
 1.53536e-11
 1.44424e-09
 5.92167e-08
 1.33411e-06
 1.87971e-05
 1.82528e-04
 1.32750e-03
 7.53294e-03
 3.39230e-02
 1.24484e-01
 3.53080e-01
 2.63406e-14
 1.23977e-11
 1.29274e-09
 5.60816e-08
 1.32172e-06
 1.97945e-05
 2.05093e-04
 1.55076e-03
 8.89905e-03
 3.98616e-02
 1.44074e-01
 3.83592e-01
 1.39397e-14
 8.23834e-12
 9.92834e-10
 4.73513e-08
 1.19529e-06
 1.86758e-05
 1.99101e-04
 1.53900e-03
 9.05211e-03
 4.19165e-02
 1.54987e-01
 4.04240e-01
 5.13208e-15
 4.08522e-12
 6.25681e-10
 3.45792e-08
 9.58572e-07
 1.59880e-05
 1.78621e-04
 1.43063e-03
 8.62509e-03
 4.05697e-02
 1.51611e-01
 4.02083e-01
 1.16392e-15
 1.42269e-12
 2.92036e-10
 2.04677e-08
 6.65666e-07
 1.21634e-05
 1.45037e-04
 1.22001e-03
 7.63300e-03
 3.68783e-02
 1.40418e-01
 3.88331e-01
 1.20731e-16
 3.04386e-13
 9.52669e-11
 8.89378e-09
 3.60010e-07
 7.85299e-06
 1.04884e-04
 9.43595e-04
 6.20858e-03
 3.11594e-02
 1.22064e-01
 3.59061e-01
part
         2
hexa8
 3.06795e-30
 1.40194e-28
 5.54438e-27
 1.92018e-25
 5.88473e-24
 1.61078e-22
 3.97065e-21
 8.88011e-20
 1.81373e-18
 3.40303e-17
 5.89549e-16
 9.47205e-15
 1.05844e-20
 1.58211e-19
 2.04624e-18
 2.31646e-17
 2.31894e-16
 2.07157e-15
 1.66479e-14
 1.21223e-13
 8.04900e-13
 4.90075e-12
 2.74959e-11
 1.42751e-10
 1.65685e-15
 1.46658e-14
 1.12390e-13
 7.54021e-13
 4.47382e-12
 2.36877e-11
 1.12822e-10
 4.86849e-10
 1.91552e-09
 6.91092e-09
 2.29803e-08
 7.07563e-08
 5.93171e-12
 3.73580e-11
 2.04028e-10
 9.76630e-10
 4.13916e-09
 1.56732e-08
 5.34541e-08
 1.65406e-07
 4.67466e-07
 1.21408e-06
 2.91458e-06
 6.50424e-06
 2.27896e-09
 1.12552e-08
 4.83415e-08
 1.82406e-07
 6.10861e-07
 1.83228e-06
 4.96332e-06
 1.22333e-05
 2.76245e-05
 5.75206e-05
 1.11129e-04
 2.00443e-04
 1.90277e-07
 7.87088e-07
 2.84222e-06
 9.04365e-06
 2.56141e-05
 6.51671e-05
 1.50202e-04
 3.16163e-04
 6.12434e-04
 1.09963e-03
 1.84203e-03
 2.89555e-03
 5.32462e-06
 1.93790e-05
 6.18212e-05
 1.74353e-04
 4.39138e-04
 9.96796e-04
 2.05657e-03
 3.88790e-03
 6.78656e-03
 1.10168e-02
 1.67420e-02
 2.39748e-02
 6.82236e-05
 2.26581e-04
 6.61727e-04
 1.71258e-03
 3.96754e-03
 8.30362e-03
 1.58350e-02
 2.77329e-02
 4.49256e-02
 6.77971e-02
 9.61657e-02
 1.29286e-01
 5.00993e-04
 1.55411e-03
 4.24844e-03
 1.03084e-02
 2.24325e-02
 4.41875e-02
 7.94192e-02
 1.30964e-01
 1.98418e-01
 2.70149e-01
 3.36783e-01
 3.91620e-01
 2.45308e-03
 7.18626e-03
 1.85094e-02
 4.21062e-02
 8.52809e-02
 1.54861e-01
 2.53554e-01
 3.61326e-01
 4.55219e-01
 5.19538e-01
 5.54276e-01
 5.68218e-01
 8.68171e-03
 2.39932e-02
 5.80075e-02
 1.23070e-01
 2.31213e-01
 3.72381e-01
 4.97055e-01
 5.75606e-01
 6.08783e-01
 6.17074e-01
 6.12532e-01
 5.86395e-01
 2.39342e-02
 6.26618e-02
 1.43298e-01
 2.87084e-01
 4.54151e-01
 5.71034e-01
 6.18082e-01
 6.27105e-01
 6.07828e-01
 5.57294e-01
 4.91864e-01
 4.15608e-01
 5.47323e-02
 1.36846e-01
 2.97183e-01
 4.80334e-01
 5.90354e-01
 6.23734e-01
 6.19603e-01
 5.69363e-01
 4.72671e-01
 3.54448e-01
 2.53790e-01
 1.80977e-01
 1.08559e-01
 2.61970e-01
 4.64139e-01
 5.86786e-01
 6.22718e-01
 6.12222e-01
 5.40724e-01
 3.95081e-01
 2.54931e-01
 1.53308e-01
 9.45868e-02
 6.08592e-02
 1.92269e-01
 4.05602e-01
 5.63906e-01
 6.17709e-01
 6.14378e-01
 5.38601e-01
 3.66281e-01
 2.08434e-01
 1.11324e-01
 5.86259e-02
 3.13324e-02
 1.76641e-02
 2.98658e-01
 5.09359e-01
 6.06503e-01
 6.20217e-01
 5.65630e-01
 3.90977e-01
 2.06990e-01
 1.01221e-01
 4.67165e-02
 2.10152e-02
 9.50960e-03
 4.55545e-03
 4.03712e-01
 5.66991e-01
 6.18239e-01
 6.01658e-01
 4.63331e-01
 2.48797e-01
 1.15849e-01
 4.93225e-02
 1.95860e-02
 7.41967e-03
 2.77505e-03
 1.08961e-03
 4.75932e-01
 5.98140e-01
 6.20815e-01
 5.59820e-01
 3.46836e-01
 1.62245e-01
 6.72870e-02
 2.51759e-02
 8.60817e-03
 2.73358e-03
 8.31295e-04
 2.59147e-04
 5.21209e-01
 6.11927e-01
 6.14753e-01
 4.94704e-01
 2.55088e-01
 1.09395e-01
 4.12905e-02
 1.38569e-02
 4.15684e-03
 1.12371e-03
 2.81065e-04
 7.24754e-05
 5.52865e-01
 6.20143e-01
 6.04340e-01
 4.33189e-01
 2.05093e-01
 8.27251e-02
 2.90513e-02
 8.90735e-03
 2.38630e-03
 5.63067e-04
 1.23169e-04
 3.44319e-05
 5.69848e-01
 6.25933e-01
 5.91230e-01
 3.80997e-01
 1.71358e-01
 6.52094e-02
 2.14062e-02
 6.10906e-03
 1.53803e-03
 3.54307e-04
 8.53768e-05
 3.91645e-05
 5.83896e-01
 6.32030e-01
 5.89314e-01
 3.60153e-01
 1.58805e-01
 5.98401e-02
 1.97059e-02
 5.76276e-03
 1.51810e-03
 3.67905e-04
 1.02808e-04
 6.29821e-05
 5.88439e-01
 6.38945e-01
 5.95950e-01
 3.68896e-01
 1.63984e-01
 6.27047e-02
 2.11513e-02
 6.43550e-03
 1.81190e-03
 4.99511e-04
 1.69194e-04
 1.18329e-04
 5.86354e-01
 6.47563e-01
 6.11625e-01
 3.97994e-01
 1.82137e-01
 7.24571e-02
 2.58827e-02
 8.59240e-03
 2.77388e-03
 9.31623e-04
 3.67390e-04
 2.39534e-04
 5.77108e-01
 6.57036e-01
 6.34422e-01
 4.50059e-01
 2.18770e-01
 9.28736e-02
 3.62313e-02
 1.36293e-02
 5.26409e-03
 2.23452e-03
 1.07231e-03
 6.04311e-04
part
         3
hexa8
 1.41848e-13
 1.97366e-12
 1.33573e-11
 4.48225e-11
 1.00824e-10
 1.71498e-10
 2.37379e-10
 2.79150e-10
 2.81410e-10
 2.41396e-10
 1.83236e-10
 1.21767e-10
 6.97210e-11
 6.90775e-10
 3.09409e-09
 1.00840e-08
 2.20161e-08
 3.66410e-08
 4.99665e-08
 5.92258e-08
 6.28234e-08
 5.74727e-08
 4.62300e-08
 3.38726e-08
 2.20965e-08
 1.26495e-08
 2.03608e-07
 5.42308e-07
 1.17329e-06
 1.91387e-06
 2.60202e-06
 3.11803e-06
 3.36425e-06
 3.32436e-06
 2.86106e-06
 2.22844e-06
 1.60919e-06
 1.04517e-06
 6.04212e-07
 1.36388e-05
 2.65608e-05
 4.34450e-05
 5.91977e-05
 7.20626e-05
 7.99170e-05
 8.23866e-05
 7.47383e-05
 6.37710e-05
 4.88867e-05
 3.50911e-05
 2.29032e-05
 1.34517e-05
 3.41473e-04
 5.43338e-04
 7.48031e-04
 9.24793e-04
 1.04809e-03
 1.10388e-03
 1.09863e-03
 9.53008e-04
 8.05786e-04
 6.17167e-04
 4.44036e-04
 2.93050e-04
 1.75588e-04
 4.31708e-03
 5.93803e-03
 7.45835e-03
 8.65097e-03
 9.37590e-03
 9.62165e-03
 9.07704e-03
 7.96585e-03
 6.55748e-03
 5.08941e-03
 3.69169e-03
 2.47624e-03
 1.51852e-03
 3.26014e-02
 4.09174e-02
 4.83064e-02
 5.35029e-02
 5.61424e-02
 5.65658e-02
 5.17645e-02
 4.62886e-02
 3.77550e-02
 2.96020e-02
 2.17203e-02
 1.48902e-02
 9.37663e-03
 1.62445e-01
 1.91542e-01
 2.14055e-01
 2.27642e-01
 2.33011e-01
 2.30432e-01
 2.12211e-01
 1.93191e-01
 1.61068e-01
 1.28256e-01
 9.50131e-02
 6.67712e-02
 4.34672e-02
 4.29582e-01
 4.50537e-01
 4.60126e-01
 4.63014e-01
 4.61299e-01
 4.49527e-01
 4.35941e-01
 4.15712e-01
 3.87488e-01
 3.48680e-01
 2.95029e-01
 2.27228e-01
 1.56868e-01
 5.71306e-01
 5.65023e-01
 5.51833e-01
 5.41864e-01
 5.32845e-01
 5.24417e-01
 5.16346e-01
 5.07674e-01
 4.98232e-01
 4.84270e-01
 4.61505e-01
 4.23293e-01
 3.62753e-01
 5.57795e-01
 5.29593e-01
 5.03182e-01
 4.83991e-01
 4.73248e-01
 4.69833e-01
 4.76342e-01
 4.86180e-01
 4.95380e-01
 5.00555e-01
 5.02651e-01
 4.94795e-01
 4.79379e-01
 3.47195e-01
 2.96025e-01
 2.61979e-01
 2.42623e-01
 2.34730e-01
 2.34657e-01
 2.56157e-01
 2.80658e-01
 3.30367e-01
 3.83252e-01
 4.37010e-01
 4.77399e-01
 4.92574e-01
 1.34377e-01
 1.08007e-01
 9.24608e-02
 8.41824e-02
 8.10731e-02
 8.20395e-02
 9.30324e-02
 1.06208e-01
 1.33028e-01
 1.70260e-01
 2.30245e-01
 3.16474e-01
 4.05000e-01
 4.16836e-02
 3.16414e-02
 2.61538e-02
 2.33872e-02
 2.24257e-02
 2.31380e-02
 2.71411e-02
 3.24535e-02
 4.33114e-02
 5.98795e-02
 8.85078e-02
 1.35850e-01
 2.14542e-01
 1.08453e-02
 7.67597e-03
 6.09532e-03
 5.34006e-03
 5.09500e-03
 5.36584e-03
 6.52908e-03
 8.22416e-03
 1.17364e-02
 1.76506e-02
 2.86838e-02
 4.91240e-02
 8.76447e-02
 2.43310e-03
 1.57566e-03
 1.19012e-03
 1.01561e-03
 9.61873e-04
 1.03249e-03
 1.31094e-03
 1.74857e-03
 2.68564e-03
 4.43092e-03
 7.98368e-03
 1.53757e-02
 3.12259e-02
 4.85708e-04
 2.80044e-04
 1.99094e-04
 1.64943e-04
 1.54868e-04
 1.67962e-04
 2.21977e-04
 3.13735e-04
 5.21625e-04
 9.53932e-04
 1.92855e-03
 4.22366e-03
 9.85522e-03
 9.38175e-05
 5.00447e-05
 3.73726e-05
 3.35925e-05
 3.28264e-05
 3.34616e-05
 3.94775e-05
 5.25398e-05
 8.81252e-05
 1.76688e-04
 4.05576e-04
 1.02502e-03
 2.78709e-03
 2.73691e-05
 2.12663e-05
 2.31890e-05
 2.71584e-05
 2.90101e-05
 2.62928e-05
 2.24301e-05
 1.99468e-05
 2.01532e-05
 3.13319e-05
 7.48271e-05
 2.19639e-04
 7.07863e-04
 2.30704e-05
 3.16159e-05
 6.10491e-05
 8.46719e-05
 9.60386e-05
 8.22203e-05
 5.49619e-05
 3.17401e-05
 1.75284e-05
 1.25578e-05
 1.50667e-05
 4.20163e-05
 1.61383e-04
 4.23240e-05
 1.00173e-04
 2.05650e-04
 2.94457e-04
 3.40132e-04
 2.99606e-04
 1.98969e-04
 1.10598e-04
 4.87819e-05
 1.78043e-05
 8.64259e-06
 9.20378e-06
 3.33475e-05
 9.72205e-05
 2.64583e-04
 5.82343e-04
 8.75471e-04
 1.03945e-03
 9.34744e-04
 6.16134e-04
 3.39785e-04
 1.51025e-04
 5.35866e-05
 1.50617e-05
 5.61092e-06
 7.32413e-06
 1.96015e-04
 5.74858e-04
 1.44826e-03
 2.33318e-03
 2.87151e-03
 2.63759e-03
 1.71856e-03
 9.21535e-04
 4.00850e-04
 1.42475e-04
 4.11500e-05
 9.23459e-06
 3.56819e-06
 3.36378e-04
 1.07652e-03
 3.21844e-03
 5.66029e-03
 7.22107e-03
 6.75737e-03
 4.37434e-03
 2.26565e-03
 9.58071e-04
 3.32596e-04
 9.60784e-05
 2.28123e-05
 4.17563e-06
 5.46081e-04
 1.95965e-03
 6.63680e-03
 1.27305e-02
 1.65430e-02
 1.56343e-02
 1.01115e-02
 5.02015e-03
 2.06934e-03
 7.04237e-04
 2.00056e-04
 4.80616e-05
 9.13270e-06
part
         4
hexa8
 3.37798e-11
 1.35995e-11
 4.33798e-12
 1.04058e-12
 1.71682e-13
 1.68238e-14
 7.65857e-16
 1.11050e-17
 3.06736e-20
 8.20124e-24
 6.90191e-29
 1.34008e-36
 8.49695e-52
 6.24377e-09
 2.61302e-09
 8.85744e-10
 2.31524e-10
 4.28976e-11
 4.89988e-12
 2.71321e-13
 4.99733e-15
 1.82021e-17
 6.69825e-21
 8.35219e-26
 2.82768e-33
 5.57233e-48
 3.05346e-07
 1.32964e-07
 4.77177e-08
 1.34836e-08
 2.77244e-09
 3.63696e-10
 2.41441e-11
 5.58511e-13
 2.66406e-15
 1.34355e-18
 2.47558e-23
 1.45922e-30
 8.93024e-45
 6.98170e-06
 3.16405e-06
 1.19874e-06
 3.63974e-07
 8.22776e-08
 1.22420e-08
 9.61441e-10
 2.76146e-11
 1.71278e-13
 1.17872e-16
 3.20082e-21
 3.27997e-28
 6.22891e-42
 9.38040e-05
 4.42438e-05
 1.76601e-05
 5.73637e-06
 1.41541e-06
 2.36446e-07
 2.17123e-08
 7.65625e-10
 6.13108e-12
 5.73334e-15
 2.28861e-19
 4.07132e-26
 2.39751e-39
 8.36421e-04
 4.10667e-04
 1.72500e-04
 5.97564e-05
 1.60081e-05
 2.97849e-06
 3.16616e-07
 1.35584e-08
 1.39193e-10
 1.76151e-13
 1.03117e-17
 3.18047e-24
 5.80383e-37
 5.32989e-03
 2.72695e-03
 1.20502e-03
 4.44282e-04
 1.28723e-04
 2.65148e-05
 3.23579e-06
 1.66555e-07
 2.17681e-09
 3.71369e-12
 3.18122e-16
 1.69933e-22
 9.60420e-35
 2.54687e-02
 1.36312e-02
 6.33683e-03
 2.48340e-03
 7.76134e-04
 1.76201e-04
 2.45188e-05
 1.50273e-06
 2.48299e-08
 5.68965e-11
 7.11858e-15
 6.57979e-21
 1.15126e-32
 9.41201e-02
 5.32945e-02
 2.60312e-02
 1.08370e-02
 3.64734e-03
 9.09625e-04
 1.43515e-04
 1.03866e-05
 2.15447e-07
 6.60758e-10
 1.20547e-13
 1.92672e-19
 1.04338e-30
 2.69694e-01
 1.67801e-01
 8.57521e-02
 3.79753e-02
 1.37631e-02
 3.76088e-03
 6.69426e-04
 5.68239e-05
 1.46886e-06
 6.00827e-09
 1.59608e-12
 4.40922e-18
 7.38919e-29
 4.36736e-01
 3.55868e-01
 2.29337e-01
 1.08932e-01
 4.27142e-02
 1.27605e-02
 2.55005e-03
 2.52681e-04
 8.07553e-06
 4.38939e-08
 1.69568e-11
 8.09443e-17
 4.19816e-27
 4.90935e-01
 4.69468e-01
 3.98759e-01
 2.57326e-01
 1.11036e-01
 3.62622e-02
 8.09196e-03
 9.34004e-04
 3.65830e-05
 2.63140e-07
 1.47642e-10
 1.21772e-15
 1.95503e-25
 4.69043e-01
 4.90620e-01
 4.75819e-01
 4.06348e-01
 2.43694e-01
 8.78948e-02
 2.17523e-02
 2.92696e-03
 1.39114e-04
 1.31776e-06
 1.07230e-09
 1.52810e-14
 7.59720e-24
 3.30683e-01
 4.37244e-01
 4.82142e-01
 4.71650e-01
 3.81944e-01
 1.84809e-01
 5.03031e-02
 7.91429e-03
 4.51459e-04
 5.59816e-06
 6.59464e-09
 1.62375e-13
 2.50116e-22
 1.59686e-01
 2.82432e-01
 4.17603e-01
 4.76342e-01
 4.56952e-01
 3.10928e-01
 1.01730e-01
 1.87503e-02
 1.26933e-03
 2.04535e-05
 3.47918e-08
 1.47996e-12
 7.06742e-21
 6.59151e-02
 1.38042e-01
 2.76047e-01
 4.19990e-01
 4.70395e-01
 4.07791e-01
 1.83527e-01
 3.94048e-02
 3.13557e-03
 6.50755e-05
 1.59274e-07
 1.17002e-11
 1.73339e-19
 2.41537e-02
 5.97291e-02
 1.46679e-01
 3.08502e-01
 4.37786e-01
 4.50345e-01
 2.83445e-01
 7.40435e-02
 6.89488e-03
 1.82400e-04
 6.39208e-07
 8.10205e-11
 3.72655e-18
 8.01915e-03
 2.33951e-02
 6.76720e-02
 1.85023e-01
 3.62924e-01
 4.50822e-01
 3.65649e-01
 1.24708e-01
 1.36632e-02
 4.55329e-04
 2.26986e-06
 4.95673e-10
 7.08297e-17
 2.42860e-03
 8.49260e-03
 2.94731e-02
 9.64340e-02
 2.59095e-01
 4.06733e-01
 4.11744e-01
 1.83033e-01
 2.46932e-02
 1.02282e-03
 7.19308e-06
 2.69957e-09
 1.19917e-15
 6.72314e-04
 2.86065e-03
 1.20385e-02
 4.75231e-02
 1.64485e-01
 3.46967e-01
 4.24498e-01
 2.37166e-01
 4.12025e-02
 2.08779e-03
 2.05033e-05
 1.31768e-08
 1.82027e-14
 1.71300e-04
 9.07247e-04
 4.72394e-03
 2.28592e-02
 9.61558e-02
 2.81814e-01
 4.15623e-01
 2.82670e-01
 6.42775e-02
 3.90779e-03
 5.29572e-05
 5.79826e-08
 2.49123e-13
 4.07452e-05
 2.74127e-04
 1.79956e-03
 1.07587e-02
 5.41930e-02
 2.06448e-01
 3.70780e-01
 3.11654e-01
 9.43090e-02
 6.76122e-03
 1.24799e-04
 2.31190e-07
 3.08845e-12
 9.85494e-06
 8.15896e-05
 6.88197e-04
 5.14020e-03
 3.14588e-02
 1.44906e-01
 3.22854e-01
 3.23662e-01
 1.23482e-01
 1.08759e-02
 2.70045e-04
 8.38810e-07
 3.48102e-11
 3.49722e-06
 2.58306e-05
 2.78370e-04
 2.57372e-03
 1.87758e-02
 9.97021e-02
 2.78145e-01
 3.24401e-01
 1.47811e-01
 1.62935e-02
 5.39504e-04
 2.77843e-06
 3.57587e-10
 2.63755e-06
 1.02305e-05
 1.29299e-04
 1.41505e-03
 1.18198e-02
 6.95654e-02
 2.32093e-01
 3.07124e-01
 1.64997e-01
 2.27576e-02
 9.99080e-04
 8.41906e-06
 3.35104e-09
part
         5
hexa8
 5.86107e-18
 4.53659e-14
 2.39715e-11
 3.12569e-09
 1.59798e-07
 4.14424e-06
 6.29660e-05
 6.37446e-04
 4.55396e-03
 2.42189e-02
 9.88839e-02
 3.11161e-01
 2.67822e-19
 6.38983e-15
 5.70285e-12
 1.03835e-09
 6.71150e-08
 2.06148e-06
 3.55271e-05
 3.95046e-04
 3.03913e-03
 1.72238e-02
 7.48673e-02
 2.51451e-01
 1.15755e-20
 8.48326e-16
 1.27525e-12
 3.23579e-10
 2.63998e-08
 9.58012e-07
 1.87335e-05
 2.28022e-04
 1.88665e-03
 1.13027e-02
 5.15586e-02
 1.85398e-01
 4.70762e-22
 1.05666e-16
 2.66896e-13
 9.42078e-11
 9.68109e-09
 4.14499e-07
 9.18606e-06
 1.22231e-04
 1.08536e-03
 6.86871e-03
 3.27464e-02
 1.22029e-01
 1.79152e-23
 1.22851e-17
 5.20289e-14
 2.55056e-11
 3.29484e-09
 1.66303e-07
 4.16897e-06
 6.06167e-05
 5.76165e-04
 3.84643e-03
 1.91287e-02
 7.37973e-02
 6.34093e-25
 1.32557e-18
 9.39630e-15
 6.38793e-12
 1.03570e-09
 6.15858e-08
 1.74258e-06
 2.76773e-05
 2.80922e-04
 1.97482e-03
 1.02300e-02
 4.08587e-02
 2.07344e-26
 1.31906e-19
 1.56268e-15
 1.47149e-12
 2.99099e-10
 2.09398e-08
 6.67418e-07
 1.15724e-05
 1.25181e-04
 9.24785e-04
 4.98230e-03
 2.05762e-02
 6.21818e-28
 1.20205e-20
 2.37729e-16
 3.09779e-13
 7.88837e-11
 6.49848e-09
 2.32962e-07
 4.40555e-06
 5.07135e-05
 3.92916e-04
 2.19767e-03
 9.36542e-03
 1.69662e-29
 9.95449e-22
 3.28374e-17
 5.91779e-14
 1.88734e-11
 1.82873e-09
 7.36668e-08
 1.51782e-06
 1.85736e-05
 1.50634e-04
 8.73092e-04
 3.83077e-03
 4.17470e-31
 7.42735e-23
 4.08445e-18
 1.01772e-14
 4.06560e-12
 4.63259e-10
 2.09639e-08
 4.70176e-07
 6.11207e-06
 5.18081e-05
 3.10636e-04
 1.40041e-03
 9.17366e-33
 4.94572e-24
 4.53267e-19
 1.56163e-15
 7.81816e-13
 1.04782e-10
 5.32848e-09
 1.30019e-07
 1.79490e-06
 1.58844e-05
 9.83821e-05
 4.54939e-04
 1.78079e-34
 2.90788e-25
 4.44131e-20
 2.11657e-16
 1.32915e-13
 2.09666e-11
 1.19922e-09
 3.18368e-08
 4.66760e-07
 4.31051e-06
 2.75503e-05
 1.30505e-04
 3.01666e-36
 1.49160e-26
 3.79739e-21
 2.50500e-17
 1.97563e-14
 3.67239e-12
 2.36591e-10
 6.83852e-09
 1.06532e-07
 1.02673e-06
 6.76850e-06
 3.28152e-05
 4.39794e-38
 6.58418e-28
 2.79526e-22
 2.55495e-18
 2.53475e-15
 5.56196e-13
 4.04393e-11
 1.27447e-09
 2.11184e-08
 2.12557e-07
 1.44535e-06
 7.16895e-06
 5.43054e-40
 2.46187e-29
 1.74403e-23
 2.21163e-19
 2.76550e-16
 7.17987e-14
 5.90604e-12
 2.03396e-10
 3.59098e-09
 3.77937e-08
 2.65252e-07
 1.34607e-06
 5.57451e-42
 7.65436e-31
 9.05603e-25
 1.59581e-20
 2.52087e-17
 7.76568e-15
 7.24898e-13
 2.73611e-11
 5.15899e-10
 5.68833e-09
 4.12563e-08
 2.14321e-07
 4.65277e-44
 1.93583e-32
 3.82907e-26
 9.39336e-22
 1.87952e-18
 6.89321e-16
 7.32809e-14
 3.04276e-12
 6.14611e-11
 7.11759e-10
 5.34423e-09
 2.84494e-08
 3.07370e-46
 3.87708e-34
 1.28369e-27
 4.39325e-23
 1.11674e-19
 4.89486e-17
 5.95085e-15
 2.73020e-13
 5.93074e-12
 7.23676e-11
 5.63873e-10
 3.08065e-09
 1.55405e-48
 5.94678e-36
 3.30048e-29
 1.57946e-24
 5.11719e-21
 2.69208e-18
 3.76043e-16
 1.91604e-14
 4.49707e-13
 5.80459e-12
 4.70763e-11
 2.64492e-10
 5.75837e-51
 6.68983e-38
 6.23336e-31
 4.18181e-26
 1.73292e-22
 1.09933e-19
 1.77362e-17
 1.00942e-15
 2.57388e-14
 3.53084e-13
 2.99158e-12
 1.73285e-11
 1.47492e-53
 5.20656e-40
 8.15820e-33
 7.69359e-28
 4.09327e-24
 3.14688e-21
 5.89783e-19
 3.77310e-17
 1.05183e-15
 1.54199e-14
 1.37090e-13
 8.21217e-13
 2.40149e-56
 2.57828e-42
 6.80580e-35
 9.04791e-30
 6.20501e-26
 5.81164e-23
 1.27314e-20
 9.21888e-19
 2.82966e-17
 4.46164e-16
 4.18390e-15
 2.60152e-14
 2.17995e-59
 7.12485e-45
 3.17418e-37
 5.96653e-32
 5.29610e-28
 6.07622e-25
 1.56613e-22
 1.29312e-20
 4.40459e-19
 7.52431e-18
 7.48779e-17
 4.85397e-16
 8.69777e-63
 8.66258e-48
 6.52565e-40
 1.73959e-34
 2.00699e-30
 2.83642e-27
 8.66070e-25
 8.21811e-23
 3.13289e-21
 5.84629e-20
 6.21764e-19
 4.22383e-18
 8.56116e-67
 2.60083e-51
 3.31913e-43
 1.25861e-37
 1.89531e-33
 3.31814e-30
 1.20867e-27
 1.32882e-25
 5.72116e-24
 1.17695e-22
 1.34855e-21
 9.65857e-21
part
         6
hexa8
 5.52996e-01
 6.57115e-01
 6.64177e-01
 5.23108e-01
 2.85658e-01
 1.32609e-01
 5.81449e-02
 2.54381e-02
 1.18944e-02
 6.33247e-03
 3.90980e-03
 2.72797e-03
 5.06470e-01
 6.48218e-01
 6.84834e-01
 6.05766e-01
 3.89025e-01
 2.02623e-01
 1.01196e-01
 5.15524e-02
 2.85631e-02
 1.81563e-02
 1.34781e-02
 1.15726e-02
 4.31266e-01
 6.20436e-01
 6.85026e-01
 6.68687e-01
 5.24422e-01
 3.22944e-01
 1.82030e-01
 1.06337e-01
 6.75470e-02
 4.86993e-02
 4.03744e-02
 3.88261e-02
 3.32160e-01
 5.59737e-01
 6.69539e-01
 6.90478e-01
 6.40248e-01
 4.95755e-01
 3.26013e-01
 2.12934e-01
 1.50335e-01
 1.18375e-01
 1.04697e-01
 1.06568e-01
 2.22462e-01
 4.52637e-01
 6.20709e-01
 6.84512e-01
 6.81516e-01
 6.36330e-01
 5.31633e-01
 4.03709e-01
 3.07998e-01
 2.58160e-01
 2.37231e-01
 2.44951e-01
 1.29359e-01
 3.10747e-01
 5.16815e-01
 6.42650e-01
 6.78819e-01
 6.74530e-01
 6.50467e-01
 6.02895e-01
 5.38170e-01
 4.84600e-01
 4.57840e-01
 4.62375e-01
 6.75313e-02
 1.73207e-01
 3.55551e-01
 5.34788e-01
 6.32187e-01
 6.64080e-01
 6.64056e-01
 6.55967e-01
 6.39544e-01
 6.19521e-01
 6.00814e-01
 5.83868e-01
 3.16248e-02
 8.52003e-02
 1.87049e-01
 3.48855e-01
 5.03158e-01
 5.91453e-01
 6.29841e-01
 6.41366e-01
 6.37209e-01
 6.27242e-01
 6.12296e-01
 5.91310e-01
 1.32509e-02
 3.70705e-02
 8.51625e-02
 1.66414e-01
 2.89562e-01
 4.18566e-01
 5.04134e-01
 5.52080e-01
 5.71384e-01
 5.68556e-01
 5.55715e-01
 5.29515e-01
 4.94882e-03
 1.42546e-02
 3.38717e-02
 6.84123e-02
 1.21339e-01
 1.93272e-01
 2.75883e-01
 3.46951e-01
 4.00050e-01
 4.06514e-01
 3.94268e-01
 3.62555e-01
 1.63937e-03
 4.83176e-03
 1.17789e-02
 2.43945e-02
 4.40360e-02
 7.05385e-02
 1.02132e-01
 1.32911e-01
 1.69869e-01
 1.79207e-01
 1.71098e-01
 1.50548e-01
 4.78879e-04
 1.43792e-03
 3.57502e-03
 7.54830e-03
 1.38383e-02
 2.24132e-02
 3.25924e-02
 4.26675e-02
 5.41975e-02
 5.73419e-02
 5.45254e-02
 4.75597e-02
 1.22492e-04
 3.73592e-04
 9.43206e-04
 2.02087e-03
 3.75040e-03
 6.12847e-03
 8.96182e-03
 1.16996e-02
 1.48221e-02
 1.54866e-02
 1.46118e-02
 1.25605e-02
 2.72045e-05
 8.41097e-05
 2.14957e-04
 4.65601e-04
 8.71631e-04
 1.43226e-03
 2.10692e-03
 2.73308e-03
 3.45256e-03
 3.51809e-03
 3.28230e-03
 2.76905e-03
 5.19144e-06
 1.62496e-05
 4.19433e-05
 9.15723e-05
 1.72372e-04
 2.83916e-04
 4.19762e-04
 5.39337e-04
 6.73697e-04
 6.71506e-04
 6.16167e-04
 5.06876e-04
 8.40166e-07
 2.66028e-06
 6.92400e-06
 1.52009e-05
 2.86903e-05
 4.72269e-05
 7.00613e-05
 8.88013e-05
 1.08630e-04
 1.06533e-04
 9.54295e-05
 7.60585e-05
 1.13412e-07
 3.63121e-07
 9.51868e-07
 2.09729e-06
 3.95902e-06
 6.49386e-06
 9.58355e-06
 1.21010e-05
 1.42760e-05
 1.37452e-05
 1.19617e-05
 9.17111e-06
 1.24991e-08
 4.04625e-08
 1.06727e-07
 2.35603e-07
 4.43737e-07
 7.23088e-07
 1.04741e-06
 1.34014e-06
 1.49603e-06
 1.40872e-06
 1.18313e-06
 8.64261e-07
 1.09346e-09
 3.57945e-09
 9.49299e-09
 2.09607e-08
 3.92890e-08
 6.33929e-08
 8.95311e-08
 1.16238e-07
 1.21239e-07
 1.11022e-07
 8.91728e-08
 6.12514e-08
 7.31054e-11
 2.42066e-10
 6.44999e-10
 1.42190e-09
 2.64492e-09
 4.20962e-09
 5.79974e-09
 7.45065e-09
 7.34259e-09
 6.45048e-09
 4.87945e-09
 3.05103e-09
 3.54185e-12
 1.18678e-11
 3.17436e-11
 6.97152e-11
 1.28239e-10
 2.01409e-10
 2.69279e-10
 3.30928e-10
 3.12929e-10
 2.58812e-10
 1.80660e-10
 9.76593e-11
 1.14947e-13
 3.89946e-13
 1.04581e-12
 2.28168e-12
 4.13151e-12
 6.37604e-12
 8.27110e-12
 9.39001e-12
 8.48325e-12
 6.49813e-12
 3.94146e-12
 1.78126e-12
 2.20250e-15
 7.56822e-15
 2.03179e-14
 4.38658e-14
 7.77025e-14
 1.17029e-13
 1.44500e-13
 1.50929e-13
 1.44011e-13
 2.05748e-13
 7.31015e-13
 3.60596e-12
 1.97362e-17
 6.87168e-17
 1.84201e-16
 3.91352e-16
 6.72186e-16
 1.18100e-15
 5.38466e-15
 4.73485e-14
 3.60264e-13
 2.21149e-12
 1.12395e-11
 4.86396e-11
 4.66159e-20
 1.64472e-19
 4.38485e-19
 9.09242e-19
 1.49477e-18
 1.16658e-15
 2.18133e-14
 2.47250e-13
 1.65216e-12
 7.61813e-12
 2.64343e-11
 7.73799e-11
part
         7
hexa8
 2.23945e-03
 5.23869e-03
 1.42089e-02
 2.74387e-02
 3.48483e-02
 3.27783e-02
 2.12916e-02
 1.00523e-02
 4.04978e-03
 1.36016e-03
 3.83821e-04
 9.18173e-05
 1.84856e-05
 1.20724e-02
 1.84825e-02
 3.46706e-02
 5.75991e-02
 6.81160e-02
 6.16565e-02
 3.89617e-02
 1.74697e-02
 6.72738e-03
 2.18968e-03
 6.06669e-04
 1.43995e-04
 2.90778e-05
 4.31664e-02
 5.69168e-02
 8.51482e-02
 1.18155e-01
 1.27045e-01
 1.05053e-01
 5.79836e-02
 2.48899e-02
 9.27521e-03
 2.95191e-03
 8.05846e-04
 1.89664e-04
 3.84019e-05
 1.18385e-01
 1.46145e-01
 1.93903e-01
 2.22594e-01
 2.06106e-01
 1.46666e-01
 7.32046e-02
 3.08114e-02
 1.11702e-02
 3.47641e-03
 9.33985e-04
 2.17576e-04
 4.40001e-05
 2.68925e-01
 3.13836e-01
 3.39093e-01
 3.26155e-01
 2.70486e-01
 1.72823e-01
 8.22714e-02
 3.36955e-02
 1.19284e-02
 3.64272e-03
 9.65195e-04
 2.22749e-04
 4.49407e-05
 4.73132e-01
 4.72340e-01
 4.47709e-01
 3.89972e-01
 2.98715e-01
 1.79837e-01
 8.37046e-02
 3.23562e-02
 1.05759e-02
 2.99778e-03
 7.49950e-04
 1.69157e-04
 3.41321e-05
 5.63047e-01
 5.29922e-01
 4.77660e-01
 4.00441e-01
 2.90967e-01
 1.52825e-01
 6.05903e-02
 2.15679e-02
 6.92190e-03
 1.99675e-03
 5.16431e-04
 1.19391e-04
 2.43947e-05
 5.61443e-01
 5.15040e-01
 4.43509e-01
 3.37652e-01
 1.97234e-01
 8.96073e-02
 3.60722e-02
 1.29764e-02
 4.18622e-03
 1.21235e-03
 3.14870e-04
 7.31573e-05
 1.49848e-05
 4.85932e-01
 4.17770e-01
 3.21759e-01
 2.02782e-01
 1.02409e-01
 4.58089e-02
 1.83386e-02
 6.59663e-03
 2.13496e-03
 6.21388e-04
 1.62363e-04
 3.79743e-05
 7.77753e-06
 3.09145e-01
 2.36546e-01
 1.54089e-01
 8.57316e-02
 4.27644e-02
 1.91454e-02
 7.70320e-03
 2.78892e-03
 9.08917e-04
 2.66456e-04
 7.01537e-05
 1.65259e-05
 3.36592e-06
 1.20599e-01
 8.66484e-02
 5.39727e-02
 2.99916e-02
 1.49312e-02
 6.68143e-03
 2.69308e-03
 9.78760e-04
 3.20707e-04
 9.46368e-05
 2.51069e-05
 5.94364e-06
 1.19973e-06
 3.75335e-02
 2.61243e-02
 1.59081e-02
 8.71420e-03
 4.30079e-03
 1.91640e-03
 7.71955e-04
 2.81152e-04
 9.25075e-05
 2.74539e-05
 7.33346e-06
 1.72985e-06
 3.61268e-07
 9.69798e-03
 6.50692e-03
 3.86178e-03
 2.07546e-03
 1.01111e-03
 4.47013e-04
 1.79369e-04
 6.52729e-05
 2.15077e-05
 6.40499e-06
 1.71517e-06
 3.95927e-07
 1.21321e-07
 2.08226e-03
 1.33521e-03
 7.66622e-04
 4.01725e-04
 1.92145e-04
 8.38424e-05
 3.33383e-05
 1.20597e-05
 3.96051e-06
 1.17816e-06
 3.10681e-07
 7.35939e-08
 6.83299e-08
 3.68408e-04
 2.22677e-04
 1.22998e-04
 6.24844e-05
 2.91307e-05
 1.24451e-05
 4.86392e-06
 1.73539e-06
 5.64117e-07
 1.65337e-07
 4.13447e-08
 2.22626e-08
 7.95607e-08
 5.25553e-05
 2.99125e-05
 1.57526e-05
 7.66634e-06
 3.44267e-06
 1.42390e-06
 5.41168e-07
 1.88602e-07
 5.98715e-08
 1.62846e-08
 7.38445e-09
 1.80802e-08
 1.61303e-07
 5.92423e-06
 3.14908e-06
 1.55797e-06
 7.16658e-07
 3.05893e-07
 1.20838e-07
 4.41167e-08
 1.47551e-08
 4.23788e-09
 2.19231e-09
 5.31249e-09
 4.38957e-08
 3.56652e-07
 5.10993e-07
 2.49498e-07
 1.14050e-07
 4.87436e-08
 1.94347e-08
 7.23338e-09
 2.44196e-09
 7.47749e-10
 5.96506e-10
 2.07164e-09
 1.63237e-08
 1.20529e-07
 8.03613e-07
 3.21396e-08
 1.40876e-08
 5.81792e-09
 2.26886e-09
 8.27770e-10
 2.64303e-10
 1.20437e-10
 2.01278e-10
 1.21447e-09
 8.59988e-09
 5.56319e-08
 3.31905e-07
 1.79288e-06
 1.38250e-09
 5.33021e-10
 1.94179e-10
 6.27479e-11
 2.45392e-11
 3.27423e-11
 1.60011e-10
 1.05195e-09
 6.43285e-09
 3.61958e-08
 1.84913e-07
 8.78162e-07
 3.61151e-06
 3.74661e-11
 1.12096e-11
 4.67726e-12
 7.42045e-12
 3.91878e-11
 2.44472e-10
 1.34956e-09
 6.75293e-09
 3.17426e-08
 1.41990e-07
 5.56610e-07
 1.81364e-06
 5.36105e-06
 1.33715e-12
 3.40461e-12
 1.87632e-11
 1.03105e-10
 5.21684e-10
 2.50500e-09
 1.04443e-08
 3.79761e-08
 1.24920e-07
 3.70805e-07
 1.00608e-06
 2.53516e-06
 5.74239e-06
 1.73628e-11
 7.94457e-11
 3.33877e-10
 1.26748e-09
 4.34396e-09
 1.33869e-08
 3.80973e-08
 1.00853e-07
 2.46887e-07
 5.53816e-07
 9.33828e-07
 1.00353e-06
 9.42368e-07
 1.82578e-10
 6.04597e-10
 1.76934e-09
 4.60591e-09
 1.06442e-08
 2.07525e-08
 2.55675e-08
 2.52327e-08
 2.13689e-08
 1.26547e-08
 4.42700e-09
 1.24778e-09
 2.89756e-10
 1.68170e-10
 1.86442e-10
 1.55506e-10
 7.79761e-11
 2.18247e-11
 4.94000e-12
 9.29340e-13
 1.46936e-13
 1.96459e-14
 2.22741e-15
 2.14099e-16
 1.73968e-17
 1.18879e-18
part
         8
hexa8
 3.28729e-06
 6.09521e-06
 7.49633e-05
 8.95467e-04
 8.07094e-03
 5.07531e-02
 1.90405e-01
 2.73327e-01
 1.73873e-01
 2.98514e-02
 1.72321e-03
 2.33895e-05
 2.85546e-08
 5.03129e-06
 4.81629e-06
 5.03648e-05
 6.24771e-04
 5.85661e-03
 3.84474e-02
 1.55196e-01
 2.45226e-01
 1.76212e-01
 3.64824e-02
 2.49401e-03
 5.02442e-05
 1.27857e-07
 6.46444e-06
 4.17976e-06
 3.63492e-05
 4.61021e-04
 4.43771e-03
 3.00169e-02
 1.26996e-01
 2.18716e-01
 1.73817e-01
 4.13734e-02
 3.18980e-03
 8.30611e-05
 3.24239e-07
 7.37861e-06
 3.72615e-06
 2.80559e-05
 3.58812e-04
 3.50435e-03
 2.41260e-02
 1.04884e-01
 1.93092e-01
 1.62134e-01
 4.37844e-02
 3.72876e-03
 1.14844e-04
 6.10196e-07
 7.54873e-06
 3.29607e-06
 2.30294e-05
 2.93778e-04
 2.87778e-03
 1.99302e-02
 8.77351e-02
 1.68716e-01
 1.44251e-01
 4.41609e-02
 4.04582e-03
 1.41219e-04
 9.41354e-07
 5.77155e-06
 2.82100e-06
 2.00105e-05
 2.52400e-04
 2.45194e-03
 1.68885e-02
 7.43342e-02
 1.46145e-01
 1.27063e-01
 4.19909e-02
 4.14436e-03
 1.58029e-04
 1.24345e-06
 4.17876e-06
 2.39466e-06
 1.83451e-05
 2.26985e-04
 2.16224e-03
 1.46491e-02
 6.37238e-02
 1.25584e-01
 1.10259e-01
 3.70125e-02
 3.96826e-03
 1.63813e-04
 1.45718e-06
 2.63158e-06
 2.02751e-06
 1.76655e-05
 2.13021e-04
 1.96836e-03
 1.29765e-02
 5.51765e-02
 1.06931e-01
 9.37688e-02
 3.20370e-02
 3.45277e-03
 1.55685e-04
 1.53720e-06
 1.47882e-06
 1.76795e-06
 1.76637e-05
 2.07576e-04
 1.84435e-03
 1.17061e-02
 4.81271e-02
 8.99712e-02
 7.80144e-02
 2.63661e-02
 2.90323e-03
 1.34057e-04
 1.44327e-06
 7.80428e-07
 1.67495e-06
 1.94624e-05
 2.07794e-04
 1.77282e-03
 1.07135e-02
 4.21085e-02
 7.44880e-02
 6.32648e-02
 2.08083e-02
 2.29320e-03
 1.08308e-04
 1.22852e-06
 4.36951e-07
 1.86144e-06
 2.16773e-05
 2.21395e-04
 1.74050e-03
 9.89545e-03
 3.67044e-02
 6.03345e-02
 4.97139e-02
 1.55963e-02
 1.71178e-03
 8.15471e-05
 9.49490e-07
 3.15837e-07
 2.32520e-06
 2.59539e-05
 2.37949e-04
 1.73145e-03
 9.16205e-03
 3.14970e-02
 4.75271e-02
 3.75665e-02
 1.10022e-02
 1.19153e-03
 5.67382e-05
 6.70819e-07
 2.99165e-07
 3.17241e-06
 3.16218e-05
 2.64267e-04
 1.73521e-03
 8.44173e-03
 2.62861e-02
 3.60875e-02
 2.70105e-02
 7.22682e-03
 7.66466e-04
 3.60252e-05
 4.24789e-07
 4.44380e-07
 4.55168e-06
 4.01629e-05
 2.95172e-04
 1.73180e-03
 7.54446e-03
 2.09407e-02
 2.61102e-02
 1.82094e-02
 4.35846e-03
 4.50021e-04
 2.05992e-05
 2.37765e-07
 7.63913e-07
 6.79814e-06
 5.15186e-05
 3.26056e-04
 1.68701e-03
 6.48050e-03
 1.57001e-02
 1.77374e-02
 1.12696e-02
 2.37323e-03
 2.37008e-04
 1.04033e-05
 1.15255e-07
 1.37820e-06
 1.04059e-05
 6.68743e-05
 3.53419e-04
 1.56843e-03
 5.27012e-03
 1.08099e-02
 1.10749e-02
 6.20093e-03
 1.14792e-03
 1.09101e-04
 4.50732e-06
 4.69294e-08
 2.55187e-06
 1.60355e-05
 8.38240e-05
 3.69522e-04
 1.34530e-03
 3.84360e-03
 6.57271e-03
 6.14310e-03
 2.89077e-03
 4.79924e-04
 4.19785e-05
 1.60187e-06
 1.53162e-08
 4.72849e-06
 2.39976e-05
 9.92488e-05
 3.54497e-04
 1.03620e-03
 2.46987e-03
 3.38193e-03
 2.83891e-03
 1.07169e-03
 1.58258e-04
 1.25777e-05
 4.34319e-07
 3.71041e-09
 8.31756e-06
 3.22607e-05
 1.08380e-04
 3.01475e-04
 6.82257e-04
 1.24194e-03
 1.36141e-03
 9.76241e-04
 2.76059e-04
 3.64031e-05
 2.58727e-06
 7.85722e-08
 5.79227e-10
 1.22278e-05
 3.77213e-05
 9.88253e-05
 1.94632e-04
 3.38489e-04
 3.96527e-04
 3.51733e-04
 1.84206e-04
 3.78980e-05
 4.42282e-06
 2.69532e-07
 6.88666e-09
 4.18041e-11
 1.46705e-05
 3.18506e-05
 5.82956e-05
 8.07013e-05
 7.94648e-05
 5.74653e-05
 1.89188e-05
 3.25603e-06
 3.60774e-07
 2.38628e-08
 8.36166e-10
 1.23554e-11
 4.35024e-14
 1.07969e-05
 1.29794e-05
 1.25230e-05
 9.11747e-06
 3.32569e-06
 6.93853e-07
 1.03071e-07
 1.05251e-08
 7.04458e-10
 2.86826e-11
 6.27408e-13
 5.84384e-15
 1.30606e-17
 6.89527e-07
 2.83157e-07
 7.36541e-08
 1.48637e-08
 2.29245e-09
 2.65420e-10
 2.24798e-11
 1.34183e-12
 5.35036e-14
 1.31580e-15
 1.75604e-17
 1.00531e-19
 1.38854e-22
 5.52583e-11
 8.62961e-12
 1.09016e-12
 1.09846e-13
 8.66791e-15
 5.23150e-16
 2.34192e-17
 7.46464e-19
 1.60137e-20
 2.13040e-22
 1.54400e-24
 4.81309e-27
 3.62661e-30
 6.77472e-20
 3.19239e-21
 1.22739e-22
 3.78986e-24
 9.21480e-26
 1.72112e-27
 2.39243e-29
 2.37398e-31
 1.58852e-33
 6.60074e-36
 1.49560e-38
 1.45848e-41
 3.43922e-45
