NodeMass
part
         1
coordinates
 0.00000e+00
 0.00000e+00
 0.00000e+00
 0.00000e+00
 0.00000e+00
 0.00000e+00
 1.55627e-46
 5.04869e-43
 6.25319e-42
 1.60882e-41
 1.56944e-41
 6.09342e-42
 6.21852e-39
 1.69861e-37
 1.14465e-36
 2.50328e-36
 2.21796e-36
 7.46922e-37
 5.12553e-38
 1.38777e-41
 0.00000e+00
 0.00000e+00
 0.00000e+00
 0.00000e+00
 0.00000e+00
 0.00000e+00
 0.00000e+00
 0.00000e+00
 0.00000e+00
 0.00000e+00
 0.00000e+00
 0.00000e+00
 0.00000e+00
 1.92485e-44
 1.36585e-41
 1.08965e-40
 2.25794e-40
 1.88355e-40
 6.52739e-41
 5.43135e-38
 1.50539e-36
 1.09042e-35
 2.64601e-35
 2.71553e-35
 1.13629e-35
 1.21600e-36
 1.47794e-39
 0.00000e+00
 0.00000e+00
 0.00000e+00
 0.00000e+00
 0.00000e+00
 0.00000e+00
 0.00000e+00
 0.00000e+00
 0.00000e+00
 0.00000e+00
 0.00000e+00
 0.00000e+00
 0.00000e+00
 2.78960e-42
 4.05036e-40
 1.96546e-39
 3.06125e-39
 2.01435e-39
 5.75152e-40
 3.56753e-37
 1.04102e-35
 8.40168e-35
 2.43278e-34
 3.15523e-34
 1.77611e-34
 3.15894e-35
 1.86068e-37
 0.00000e+00
 0.00000e+00
 0.00000e+00
 0.00000e+00
 0.00000e+00
 0.00000e+00
 0.00000e+00
 0.00000e+00
 0.00000e+00
 0.00000e+00
 0.00000e+00
 0.00000e+00
 0.00000e+00
 5.17566e-40
 1.55570e-38
 4.50405e-38
 4.93775e-38
 2.40285e-38
 5.12398e-39
 2.27533e-36
 7.18850e-35
 6.55749e-34
 2.49751e-33
 4.38126e-33
 3.50802e-33
 1.06840e-33
 3.02727e-35
 0.00000e+00
 0.00000e+00
 0.00000e+00
 0.00000e+00
 0.00000e+00
 0.00000e+00
 0.00000e+00
 0.00000e+00
 0.00000e+00
 0.00000e+00
 0.00000e+00
 0.00000e+00
 0.00000e+00
 1.36867e-37
 9.22683e-37
 1.51545e-36
 1.01709e-36
 3.35690e-37
 5.23781e-38
 1.51709e-35
 5.34685e-34
 5.58475e-33
 3.04504e-32
 7.82549e-32
 1.01247e-31
 5.54468e-32
 7.06934e-33
 0.00000e+00
 0.00000e+00
 0.00000e+00
 0.00000e+00
 0.00000e+00
 0.00000e+00
 0.00000e+00
 0.00000e+00
 0.00000e+00
 0.00000e+00
 0.00000e+00
 0.00000e+00
 0.00000e+00
 6.43589e-35
 1.27721e-34
 9.05072e-35
 3.23753e-35
 5.88557e-36
 7.00069e-37
 1.19551e-34
 4.95475e-33
 6.38776e-32
 4.59960e-31
 2.15066e-30
 5.22036e-30
 6.42068e-30
 2.95006e-30
 0.00000e+00
 0.00000e+00
 0.00000e+00
 0.00000e+00
 0.00000e+00
 0.00000e+00
 0.00000e+00
 2.94578e-30
 1.43747e-29
 3.14698e-29
 3.32591e-29
 1.74765e-29
 5.08998e-30
 9.63029e-31
 1.51108e-31
 2.23929e-32
 2.95520e-33
 3.21326e-34
 2.58910e-35
 2.17419e-33
 1.14794e-31
 2.01530e-30
 2.15321e-29
 1.70116e-28
 1.10385e-27
 6.35552e-27
 3.44050e-26
 1.56717e-25
 4.78542e-25
 8.65272e-25
 8.91377e-25
 4.78790e-25
 2.03714e-25
 4.78790e-25
 1.00931e-28
 5.70732e-28
 1.31863e-27
 1.39715e-27
 7.12652e-28
 1.95162e-28
 3.56050e-29
 5.46234e-30
 7.71565e-31
 9.48548e-32
 9.46585e-33
 6.92404e-34
 3.65127e-32
 2.14817e-30
 4.20613e-29
 4.98615e-28
 4.32023e-27
 3.02465e-26
 1.83198e-25
 1.01384e-24
 4.79520e-24
 1.58231e-23
 2.98654e-23
 3.10216e-23
 1.61007e-23
 6.11910e-24
 1.61007e-23
 1.48182e-27
 9.78313e-27
 2.36712e-26
 2.49671e-26
 1.21452e-26
 2.98243e-27
 4.96735e-28
 7.04669e-29
 9.02437e-30
 9.91276e-31
 8.75792e-32
 5.64997e-33
 1.86859e-31
 1.22891e-29
 2.70637e-28
 3.61691e-27
 3.52389e-26
 2.75124e-25
 1.83155e-24
 1.09141e-23
 5.64624e-23
 2.14318e-22
 4.34353e-22
 4.59486e-22
 2.31538e-22
 7.84449e-23
 2.31538e-22
 1.41373e-26
 1.08792e-25
 2.74124e-25
 2.87320e-25
 1.32108e-25
 2.77452e-26
 3.91885e-27
 4.79326e-28
 5.24168e-29
 4.90336e-30
 3.70453e-31
 2.08191e-32
 4.84863e-31
 3.46314e-29
 8.28987e-28
 1.22558e-26
 1.35109e-25
 1.21567e-24
 9.33880e-24
 6.37579e-23
 3.84078e-22
 1.80160e-21
 4.02080e-21
 4.36263e-21
 2.13946e-21
 6.49180e-22
 2.13946e-21
 1.03424e-25
 9.15965e-25
 2.39846e-24
 2.51646e-24
 1.10288e-24
 1.90734e-25
 2.01527e-26
 1.90721e-27
 1.66987e-28
 1.28811e-29
 8.22350e-31
 3.94895e-32
 6.10459e-31
 4.77486e-29
 1.29388e-27
 2.20163e-26
 2.82414e-25
 2.99741e-24
 2.79548e-23
 2.39787e-22
 1.84391e-21
 1.12593e-20
 2.79513e-20
 3.11279e-20
 1.48485e-20
 4.08381e-21
 1.48485e-20
 6.40289e-25
 6.37109e-24
 1.73802e-23
 1.86335e-23
 8.07278e-24
 1.15330e-24
 6.84768e-26
 4.08026e-27
 2.46119e-28
 1.48381e-29
 8.19853e-31
 3.55441e-32
 4.08674e-31
 3.52866e-29
 1.05096e-27
 1.94980e-26
 2.76543e-25
 3.44662e-24
 4.25411e-23
 5.43465e-22
 7.38140e-21
 6.03528e-20
 1.62706e-19
 1.83120e-19
 8.46440e-20
 2.15106e-20
 8.46440e-20
 3.60981e-24
 3.90254e-23
 1.11716e-22
 1.26773e-22
 5.82169e-23
 7.87431e-24
 1.32282e-25
 2.66160e-27
 1.37296e-28
 6.79007e-30
 3.27813e-31
 1.35920e-32
 1.53909e-31
 1.40443e-29
 4.15393e-28
 7.57759e-27
 1.10792e-25
 1.57919e-24
 2.30574e-23
 6.32021e-22
 3.39384e-20
 3.21873e-19
 8.67876e-19
 9.51484e-19
 4.23177e-19
 1.02047e-19
 4.23177e-19
 1.96052e-23
 2.20185e-22
 6.69478e-22
 8.41224e-22
 4.51054e-22
 8.07240e-23
 1.99556e-24
 7.58081e-29
 1.47909e-29
 9.02506e-31
 4.26858e-32
 1.94587e-33
 2.72535e-32
 2.48179e-30
 6.90562e-29
 1.10891e-27
 1.39780e-26
 1.71313e-25
 8.06243e-25
 5.46369e-21
 2.64851e-19
 1.93018e-18
 4.54686e-18
 4.58702e-18
 1.94049e-18
 4.59072e-19
 1.94049e-18
 0.00000e+00
 0.00000e+00
 0.00000e+00
 0.00000e+00
 0.00000e+00
 0.00000e+00
 1.55627e-46
 5.04869e-43
 6.25319e-42
 1.60882e-41
 1.56944e-41
 6.09342e-42
 6.21852e-39
 1.69861e-37
 1.14465e-36
 2.50328e-36
 2.21796e-36
 7.46922e-37
 5.12553e-38
 1.38777e-41
 0.00000e+00
 0.00000e+00
 0.00000e+00
 0.00000e+00
 0.00000e+00
 0.00000e+00
 0.00000e+00
 0.00000e+00
 0.00000e+00
 0.00000e+00
 0.00000e+00
 0.00000e+00
 0.00000e+00
 1.92485e-44
 1.36585e-41
 1.08965e-40
 2.25794e-40
 1.88355e-40
 6.52739e-41
 5.43135e-38
 1.50539e-36
 1.09042e-35
 2.64601e-35
 2.71553e-35
 1.13629e-35
 1.21600e-36
 1.47794e-39
 0.00000e+00
 0.00000e+00
 0.00000e+00
 0.00000e+00
 0.00000e+00
 0.00000e+00
 0.00000e+00
 0.00000e+00
 0.00000e+00
 0.00000e+00
 0.00000e+00
 0.00000e+00
 0.00000e+00
 2.78960e-42
 4.05036e-40
 1.96546e-39
 3.06125e-39
 2.01435e-39
 5.75152e-40
 3.56753e-37
 1.04102e-35
 8.40168e-35
 2.43278e-34
 3.15523e-34
 1.77611e-34
 3.15894e-35
 1.86068e-37
 0.00000e+00
 0.00000e+00
 0.00000e+00
 0.00000e+00
 0.00000e+00
 0.00000e+00
 0.00000e+00
 0.00000e+00
 0.00000e+00
 0.00000e+00
 0.00000e+00
 0.00000e+00
 0.00000e+00
 5.17566e-40
 1.55570e-38
 4.50405e-38
 4.93775e-38
 2.40285e-38
 5.12398e-39
 2.27533e-36
 7.18850e-35
 6.55749e-34
 2.49751e-33
 4.38126e-33
 3.50802e-33
 1.06840e-33
 3.02727e-35
 0.00000e+00
 0.00000e+00
 0.00000e+00
 0.00000e+00
 0.00000e+00
 0.00000e+00
 0.00000e+00
 0.00000e+00
 0.00000e+00
 0.00000e+00
 0.00000e+00
 0.00000e+00
 0.00000e+00
 1.36867e-37
 9.22683e-37
 1.51545e-36
 1.01709e-36
 3.35690e-37
 5.23781e-38
 1.51709e-35
 5.34685e-34
 5.58475e-33
 3.04504e-32
 7.82549e-32
 1.01247e-31
 5.54468e-32
 7.06934e-33
 0.00000e+00
 0.00000e+00
 0.00000e+00
 0.00000e+00
 0.00000e+00
 0.00000e+00
 0.00000e+00
 0.00000e+00
 0.00000e+00
 0.00000e+00
 0.00000e+00
 0.00000e+00
 0.00000e+00
 6.43589e-35
 1.27721e-34
 9.05072e-35
 3.23753e-35
 5.88557e-36
 7.00069e-37
 1.19551e-34
 4.95475e-33
 6.38776e-32
 4.59960e-31
 2.15066e-30
 5.22036e-30
 6.42068e-30
 2.95006e-30
 0.00000e+00
 0.00000e+00
 0.00000e+00
 0.00000e+00
 0.00000e+00
 0.00000e+00
 0.00000e+00
 2.94578e-30
 1.43747e-29
 3.14698e-29
 3.32591e-29
 1.74765e-29
 5.08998e-30
 9.63029e-31
 1.51108e-31
 2.23929e-32
 2.95520e-33
 3.21326e-34
 2.58910e-35
 2.17419e-33
 1.14794e-31
 2.01530e-30
 2.15321e-29
 1.70116e-28
 1.10385e-27
 6.35552e-27
 3.44050e-26
 1.56717e-25
 4.78542e-25
 8.65272e-25
 8.91377e-25
 4.78790e-25
 2.03714e-25
 4.78790e-25
 1.00931e-28
 5.70732e-28
 1.31863e-27
 1.39715e-27
 7.12652e-28
 1.95162e-28
 3.56050e-29
 5.46234e-30
 7.71565e-31
 9.48548e-32
 9.46585e-33
 6.92404e-34
 3.65127e-32
 2.14817e-30
 4.20613e-29
 4.98615e-28
 4.32023e-27
 3.02465e-26
 1.83198e-25
 1.01384e-24
 4.79520e-24
 1.58231e-23
 2.98654e-23
 3.10216e-23
 1.61007e-23
 6.11910e-24
 1.61007e-23
 1.48182e-27
 9.78313e-27
 2.36712e-26
 2.49671e-26
 1.21452e-26
 2.98243e-27
 4.96735e-28
 7.04669e-29
 9.02437e-30
 9.91276e-31
 8.75792e-32
 5.64997e-33
 1.86859e-31
 1.22891e-29
 2.70637e-28
 3.61691e-27
 3.52389e-26
 2.75124e-25
 1.83155e-24
 1.09141e-23
 5.64624e-23
 2.14318e-22
 4.34353e-22
 4.59486e-22
 2.31538e-22
 7.84449e-23
 2.31538e-22
 1.41373e-26
 1.08792e-25
 2.74124e-25
 2.87320e-25
 1.32108e-25
 2.77452e-26
 3.91885e-27
 4.79326e-28
 5.24168e-29
 4.90336e-30
 3.70453e-31
 2.08191e-32
 4.84863e-31
 3.46314e-29
 8.28987e-28
 1.22558e-26
 1.35109e-25
 1.21567e-24
 9.33880e-24
 6.37579e-23
 3.84078e-22
 1.80160e-21
 4.02080e-21
 4.36263e-21
 2.13946e-21
 6.49180e-22
 2.13946e-21
 1.03424e-25
 9.15965e-25
 2.39846e-24
 2.51646e-24
 1.10288e-24
 1.90734e-25
 2.01527e-26
 1.90721e-27
 1.66987e-28
 1.28811e-29
 8.22350e-31
 3.94895e-32
 6.10459e-31
 4.77486e-29
 1.29388e-27
 2.20163e-26
 2.82414e-25
 2.99741e-24
 2.79548e-23
 2.39787e-22
 1.84391e-21
 1.12593e-20
 2.79513e-20
 3.11279e-20
 1.48485e-20
 4.08381e-21
 1.48485e-20
 6.40289e-25
 6.37109e-24
 1.73802e-23
 1.86335e-23
 8.07278e-24
 1.15330e-24
 6.84768e-26
 4.08026e-27
 2.46119e-28
 1.48381e-29
 8.19853e-31
 3.55441e-32
 4.08674e-31
 3.52866e-29
 1.05096e-27
 1.94980e-26
 2.76543e-25
 3.44662e-24
 4.25411e-23
 5.43465e-22
 7.38140e-21
 6.03528e-20
 1.62706e-19
 1.83120e-19
 8.46440e-20
 2.15106e-20
 8.46440e-20
 3.60981e-24
 3.90254e-23
 1.11716e-22
 1.26773e-22
 5.82169e-23
 7.87431e-24
 1.32282e-25
 2.66160e-27
 1.37296e-28
 6.79007e-30
 3.27813e-31
 1.35920e-32
 1.53909e-31
 1.40443e-29
 4.15393e-28
 7.57759e-27
 1.10792e-25
 1.57919e-24
 2.30574e-23
 6.32021e-22
 3.39384e-20
 3.21873e-19
 8.67876e-19
 9.51484e-19
 4.23177e-19
 1.02047e-19
 4.23177e-19
 1.96052e-23
 2.20185e-22
 6.69478e-22
 8.41224e-22
 4.51054e-22
 8.07240e-23
 1.99556e-24
 7.58081e-29
 1.47909e-29
 9.02506e-31
 4.26858e-32
 1.94587e-33
 2.72535e-32
 2.48179e-30
 6.90562e-29
 1.10891e-27
 1.39780e-26
 1.71313e-25
 8.06243e-25
 5.46369e-21
 2.64851e-19
 1.93018e-18
 4.54686e-18
 4.58702e-18
 1.94049e-18
 4.59072e-19
 1.94049e-18
part
         2
coordinates
 0.00000e+00
 0.00000e+00
 0.00000e+00
 0.00000e+00
 0.00000e+00
 0.00000e+00
 0.00000e+00
 1.38777e-41
 5.12553e-38
 7.46922e-37
 2.21796e-36
 2.50328e-36
 1.14465e-36
 1.69861e-37
 6.21852e-39
 6.09342e-42
 1.56944e-41
 1.60882e-41
 6.25319e-42
 5.04869e-43
 1.55627e-46
 0.00000e+00
 0.00000e+00
 0.00000e+00
 0.00000e+00
 0.00000e+00
 0.00000e+00
 0.00000e+00
 0.00000e+00
 0.00000e+00
 0.00000e+00
 0.00000e+00
 0.00000e+00
 0.00000e+00
 1.47794e-39
 1.21600e-36
 1.13629e-35
 2.71553e-35
 2.64601e-35
 1.09042e-35
 1.50539e-36
 5.43135e-38
 6.52739e-41
 1.88355e-40
 2.25794e-40
 1.08965e-40
 1.36585e-41
 1.92485e-44
 0.00000e+00
 0.00000e+00
 0.00000e+00
 0.00000e+00
 0.00000e+00
 0.00000e+00
 0.00000e+00
 0.00000e+00
 0.00000e+00
 0.00000e+00
 0.00000e+00
 0.00000e+00
 0.00000e+00
 1.86068e-37
 3.15894e-35
 1.77611e-34
 3.15523e-34
 2.43278e-34
 8.40168e-35
 1.04102e-35
 3.56753e-37
 5.75152e-40
 2.01435e-39
 3.06125e-39
 1.96546e-39
 4.05036e-40
 2.78960e-42
 0.00000e+00
 0.00000e+00
 0.00000e+00
 0.00000e+00
 0.00000e+00
 0.00000e+00
 0.00000e+00
 0.00000e+00
 0.00000e+00
 0.00000e+00
 0.00000e+00
 0.00000e+00
 0.00000e+00
 3.02727e-35
 1.06840e-33
 3.50802e-33
 4.38126e-33
 2.49751e-33
 6.55749e-34
 7.18850e-35
 2.27533e-36
 5.12398e-39
 2.40285e-38
 4.93775e-38
 4.50405e-38
 1.55570e-38
 5.17566e-40
 0.00000e+00
 0.00000e+00
 0.00000e+00
 0.00000e+00
 0.00000e+00
 0.00000e+00
 0.00000e+00
 0.00000e+00
 0.00000e+00
 0.00000e+00
 0.00000e+00
 0.00000e+00
 0.00000e+00
 7.06934e-33
 5.54468e-32
 1.01247e-31
 7.82549e-32
 3.04504e-32
 5.58475e-33
 5.34685e-34
 1.51709e-35
 5.23781e-38
 3.35690e-37
 1.01709e-36
 1.51545e-36
 9.22683e-37
 1.36867e-37
 0.00000e+00
 0.00000e+00
 0.00000e+00
 0.00000e+00
 0.00000e+00
 0.00000e+00
 0.00000e+00
 0.00000e+00
 0.00000e+00
 0.00000e+00
 0.00000e+00
 0.00000e+00
 0.00000e+00
 2.95006e-30
 6.42068e-30
 5.22036e-30
 2.15066e-30
 4.59960e-31
 6.38776e-32
 4.95475e-33
 1.19551e-34
 7.00069e-37
 5.88557e-36
 3.23753e-35
 9.05072e-35
 1.27721e-34
 6.43589e-35
 0.00000e+00
 0.00000e+00
 0.00000e+00
 0.00000e+00
 0.00000e+00
 0.00000e+00
 4.78790e-25
 2.03714e-25
 4.78790e-25
 8.91377e-25
 8.65272e-25
 4.78542e-25
 1.56717e-25
 3.44050e-26
 6.35552e-27
 1.10385e-27
 1.70116e-28
 2.15321e-29
 2.01530e-30
 1.14794e-31
 2.17419e-33
 2.58910e-35
 3.21326e-34
 2.95520e-33
 2.23929e-32
 1.51108e-31
 9.63029e-31
 5.08998e-30
 1.74765e-29
 3.32591e-29
 3.14698e-29
 1.43747e-29
 2.94578e-30
 1.61007e-23
 6.11910e-24
 1.61007e-23
 3.10216e-23
 2.98654e-23
 1.58231e-23
 4.79520e-24
 1.01384e-24
 1.83198e-25
 3.02465e-26
 4.32023e-27
 4.98615e-28
 4.20613e-29
 2.14817e-30
 3.65127e-32
 6.92404e-34
 9.46585e-33
 9.48548e-32
 7.71565e-31
 5.46234e-30
 3.56050e-29
 1.95162e-28
 7.12652e-28
 1.39715e-27
 1.31863e-27
 5.70732e-28
 1.00931e-28
 2.31538e-22
 7.84449e-23
 2.31538e-22
 4.59486e-22
 4.34353e-22
 2.14318e-22
 5.64624e-23
 1.09141e-23
 1.83155e-24
 2.75124e-25
 3.52389e-26
 3.61691e-27
 2.70637e-28
 1.22891e-29
 1.86859e-31
 5.64997e-33
 8.75792e-32
 9.91276e-31
 9.02437e-30
 7.04669e-29
 4.96735e-28
 2.98243e-27
 1.21452e-26
 2.49671e-26
 2.36712e-26
 9.78313e-27
 1.48182e-27
 2.13946e-21
 6.49180e-22
 2.13946e-21
 4.36263e-21
 4.02080e-21
 1.80160e-21
 3.84078e-22
 6.37579e-23
 9.33880e-24
 1.21567e-24
 1.35109e-25
 1.22558e-26
 8.28987e-28
 3.46314e-29
 4.84863e-31
 2.08191e-32
 3.70453e-31
 4.90336e-30
 5.24168e-29
 4.79326e-28
 3.91885e-27
 2.77452e-26
 1.32108e-25
 2.87320e-25
 2.74124e-25
 1.08792e-25
 1.41373e-26
 1.48485e-20
 4.08381e-21
 1.48485e-20
 3.11279e-20
 2.79513e-20
 1.12593e-20
 1.84391e-21
 2.39787e-22
 2.79548e-23
 2.99741e-24
 2.82414e-25
 2.20163e-26
 1.29388e-27
 4.77486e-29
 6.10459e-31
 3.94895e-32
 8.22350e-31
 1.28811e-29
 1.66987e-28
 1.90721e-27
 2.01527e-26
 1.90734e-25
 1.10288e-24
 2.51646e-24
 2.39846e-24
 9.15965e-25
 1.03424e-25
 8.46440e-20
 2.15106e-20
 8.46440e-20
 1.83120e-19
 1.62706e-19
 6.03528e-20
 7.38140e-21
 5.43465e-22
 4.25411e-23
 3.44662e-24
 2.76543e-25
 1.94980e-26
 1.05096e-27
 3.52866e-29
 4.08674e-31
 3.55441e-32
 8.19853e-31
 1.48381e-29
 2.46119e-28
 4.08026e-27
 6.84768e-26
 1.15330e-24
 8.07278e-24
 1.86335e-23
 1.73802e-23
 6.37109e-24
 6.40289e-25
 4.23177e-19
 1.02047e-19
 4.23177e-19
 9.51484e-19
 8.67876e-19
 3.21873e-19
 3.39384e-20
 6.32021e-22
 2.30574e-23
 1.57919e-24
 1.10792e-25
 7.57759e-27
 4.15393e-28
 1.40443e-29
 1.53909e-31
 1.35920e-32
 3.27813e-31
 6.79007e-30
 1.37296e-28
 2.66160e-27
 1.32282e-25
 7.87431e-24
 5.82169e-23
 1.26773e-22
 1.11716e-22
 3.90254e-23
 3.60981e-24
 1.94049e-18
 4.59072e-19
 1.94049e-18
 4.58702e-18
 4.54686e-18
 1.93018e-18
 2.64851e-19
 5.46369e-21
 8.06243e-25
 1.71313e-25
 1.39780e-26
 1.10891e-27
 6.90562e-29
 2.48179e-30
 2.72535e-32
 1.94587e-33
 4.26858e-32
 9.02506e-31
 1.47909e-29
 7.58081e-29
 1.99556e-24
 8.07240e-23
 4.51054e-22
 8.41224e-22
 6.69478e-22
 2.20185e-22
 1.96052e-23
 0.00000e+00
 0.00000e+00
 0.00000e+00
 0.00000e+00
 0.00000e+00
 0.00000e+00
 0.00000e+00
 1.38777e-41
 5.12553e-38
 7.46922e-37
 2.21796e-36
 2.50328e-36
 1.14465e-36
 1.69861e-37
 6.21852e-39
 6.09342e-42
 1.56944e-41
 1.60882e-41
 6.25319e-42
 5.04869e-43
 1.55627e-46
 0.00000e+00
 0.00000e+00
 0.00000e+00
 0.00000e+00
 0.00000e+00
 0.00000e+00
 0.00000e+00
 0.00000e+00
 0.00000e+00
 0.00000e+00
 0.00000e+00
 0.00000e+00
 0.00000e+00
 1.47794e-39
 1.21600e-36
 1.13629e-35
 2.71553e-35
 2.64601e-35
 1.09042e-35
 1.50539e-36
 5.43135e-38
 6.52739e-41
 1.88355e-40
 2.25794e-40
 1.08965e-40
 1.36585e-41
 1.92485e-44
 0.00000e+00
 0.00000e+00
 0.00000e+00
 0.00000e+00
 0.00000e+00
 0.00000e+00
 0.00000e+00
 0.00000e+00
 0.00000e+00
 0.00000e+00
 0.00000e+00
 0.00000e+00
 0.00000e+00
 1.86068e-37
 3.15894e-35
 1.77611e-34
 3.15523e-34
 2.43278e-34
 8.40168e-35
 1.04102e-35
 3.56753e-37
 5.75152e-40
 2.01435e-39
 3.06125e-39
 1.96546e-39
 4.05036e-40
 2.78960e-42
 0.00000e+00
 0.00000e+00
 0.00000e+00
 0.00000e+00
 0.00000e+00
 0.00000e+00
 0.00000e+00
 0.00000e+00
 0.00000e+00
 0.00000e+00
 0.00000e+00
 0.00000e+00
 0.00000e+00
 3.02727e-35
 1.06840e-33
 3.50802e-33
 4.38126e-33
 2.49751e-33
 6.55749e-34
 7.18850e-35
 2.27533e-36
 5.12398e-39
 2.40285e-38
 4.93775e-38
 4.50405e-38
 1.55570e-38
 5.17566e-40
 0.00000e+00
 0.00000e+00
 0.00000e+00
 0.00000e+00
 0.00000e+00
 0.00000e+00
 0.00000e+00
 0.00000e+00
 0.00000e+00
 0.00000e+00
 0.00000e+00
 0.00000e+00
 0.00000e+00
 7.06934e-33
 5.54468e-32
 1.01247e-31
 7.82549e-32
 3.04504e-32
 5.58475e-33
 5.34685e-34
 1.51709e-35
 5.23781e-38
 3.35690e-37
 1.01709e-36
 1.51545e-36
 9.22683e-37
 1.36867e-37
 0.00000e+00
 0.00000e+00
 0.00000e+00
 0.00000e+00
 0.00000e+00
 0.00000e+00
 0.00000e+00
 0.00000e+00
 0.00000e+00
 0.00000e+00
 0.00000e+00
 0.00000e+00
 0.00000e+00
 2.95006e-30
 6.42068e-30
 5.22036e-30
 2.15066e-30
 4.59960e-31
 6.38776e-32
 4.95475e-33
 1.19551e-34
 7.00069e-37
 5.88557e-36
 3.23753e-35
 9.05072e-35
 1.27721e-34
 6.43589e-35
 0.00000e+00
 0.00000e+00
 0.00000e+00
 0.00000e+00
 0.00000e+00
 0.00000e+00
 4.78790e-25
 2.03714e-25
 4.78790e-25
 8.91377e-25
 8.65272e-25
 4.78542e-25
 1.56717e-25
 3.44050e-26
 6.35552e-27
 1.10385e-27
 1.70116e-28
 2.15321e-29
 2.01530e-30
 1.14794e-31
 2.17419e-33
 2.58910e-35
 3.21326e-34
 2.95520e-33
 2.23929e-32
 1.51108e-31
 9.63029e-31
 5.08998e-30
 1.74765e-29
 3.32591e-29
 3.14698e-29
 1.43747e-29
 2.94578e-30
 1.61007e-23
 6.11910e-24
 1.61007e-23
 3.10216e-23
 2.98654e-23
 1.58231e-23
 4.79520e-24
 1.01384e-24
 1.83198e-25
 3.02465e-26
 4.32023e-27
 4.98615e-28
 4.20613e-29
 2.14817e-30
 3.65127e-32
 6.92404e-34
 9.46585e-33
 9.48548e-32
 7.71565e-31
 5.46234e-30
 3.56050e-29
 1.95162e-28
 7.12652e-28
 1.39715e-27
 1.31863e-27
 5.70732e-28
 1.00931e-28
 2.31538e-22
 7.84449e-23
 2.31538e-22
 4.59486e-22
 4.34353e-22
 2.14318e-22
 5.64624e-23
 1.09141e-23
 1.83155e-24
 2.75124e-25
 3.52389e-26
 3.61691e-27
 2.70637e-28
 1.22891e-29
 1.86859e-31
 5.64997e-33
 8.75792e-32
 9.91276e-31
 9.02437e-30
 7.04669e-29
 4.96735e-28
 2.98243e-27
 1.21452e-26
 2.49671e-26
 2.36712e-26
 9.78313e-27
 1.48182e-27
 2.13946e-21
 6.49180e-22
 2.13946e-21
 4.36263e-21
 4.02080e-21
 1.80160e-21
 3.84078e-22
 6.37579e-23
 9.33880e-24
 1.21567e-24
 1.35109e-25
 1.22558e-26
 8.28987e-28
 3.46314e-29
 4.84863e-31
 2.08191e-32
 3.70453e-31
 4.90336e-30
 5.24168e-29
 4.79326e-28
 3.91885e-27
 2.77452e-26
 1.32108e-25
 2.87320e-25
 2.74124e-25
 1.08792e-25
 1.41373e-26
 1.48485e-20
 4.08381e-21
 1.48485e-20
 3.11279e-20
 2.79513e-20
 1.12593e-20
 1.84391e-21
 2.39787e-22
 2.79548e-23
 2.99741e-24
 2.82414e-25
 2.20163e-26
 1.29388e-27
 4.77486e-29
 6.10459e-31
 3.94895e-32
 8.22350e-31
 1.28811e-29
 1.66987e-28
 1.90721e-27
 2.01527e-26
 1.90734e-25
 1.10288e-24
 2.51646e-24
 2.39846e-24
 9.15965e-25
 1.03424e-25
 8.46440e-20
 2.15106e-20
 8.46440e-20
 1.83120e-19
 1.62706e-19
 6.03528e-20
 7.38140e-21
 5.43465e-22
 4.25411e-23
 3.44662e-24
 2.76543e-25
 1.94980e-26
 1.05096e-27
 3.52866e-29
 4.08674e-31
 3.55441e-32
 8.19853e-31
 1.48381e-29
 2.46119e-28
 4.08026e-27
 6.84768e-26
 1.15330e-24
 8.07278e-24
 1.86335e-23
 1.73802e-23
 6.37109e-24
 6.40289e-25
 4.23177e-19
 1.02047e-19
 4.23177e-19
 9.51484e-19
 8.67876e-19
 3.21873e-19
 3.39384e-20
 6.32021e-22
 2.30574e-23
 1.57919e-24
 1.10792e-25
 7.57759e-27
 4.15393e-28
 1.40443e-29
 1.53909e-31
 1.35920e-32
 3.27813e-31
 6.79007e-30
 1.37296e-28
 2.66160e-27
 1.32282e-25
 7.87431e-24
 5.82169e-23
 1.26773e-22
 1.11716e-22
 3.90254e-23
 3.60981e-24
 1.94049e-18
 4.59072e-19
 1.94049e-18
 4.58702e-18
 4.54686e-18
 1.93018e-18
 2.64851e-19
 5.46369e-21
 8.06243e-25
 1.71313e-25
 1.39780e-26
 1.10891e-27
 6.90562e-29
 2.48179e-30
 2.72535e-32
 1.94587e-33
 4.26858e-32
 9.02506e-31
 1.47909e-29
 7.58081e-29
 1.99556e-24
 8.07240e-23
 4.51054e-22
 8.41224e-22
 6.69478e-22
 2.20185e-22
 1.96052e-23
part
         3
coordinates
 6.40289e-25
 6.37109e-24
 1.73802e-23
 1.86335e-23
 8.07278e-24
 1.15330e-24
 6.84768e-26
 4.08026e-27
 2.46119e-28
 1.48381e-29
 8.19853e-31
 3.55441e-32
 4.08674e-31
 3.52866e-29
 1.05096e-27
 1.94980e-26
 2.76543e-25
 3.44662e-24
 4.25411e-23
 5.43465e-22
 7.38140e-21
 6.03528e-20
 1.62706e-19
 1.83120e-19
 8.46440e-20
 2.15106e-20
 8.46440e-20
 3.60981e-24
 3.90254e-23
 1.11716e-22
 1.26773e-22
 5.82169e-23
 7.87431e-24
 1.32282e-25
 2.66160e-27
 1.37296e-28
 6.79007e-30
 3.27813e-31
 1.35920e-32
 1.53909e-31
 1.40443e-29
 4.15393e-28
 7.57759e-27
 1.10792e-25
 1.57919e-24
 2.30574e-23
 6.32021e-22
 3.39384e-20
 3.21873e-19
 8.67876e-19
 9.51484e-19
 4.23177e-19
 1.02047e-19
 4.23177e-19
 1.96052e-23
 2.20185e-22
 6.69478e-22
 8.41224e-22
 4.51054e-22
 8.07240e-23
 1.99556e-24
 7.58081e-29
 1.47909e-29
 9.02506e-31
 4.26858e-32
 1.94587e-33
 2.72535e-32
 2.48179e-30
 6.90562e-29
 1.10891e-27
 1.39780e-26
 1.71313e-25
 8.06243e-25
 5.46369e-21
 2.64851e-19
 1.93018e-18
 4.54686e-18
 4.58702e-18
 1.94049e-18
 4.59072e-19
 1.94049e-18
 9.88090e-23
 1.16752e-21
 3.99984e-21
 5.91736e-21
 3.95327e-21
 1.02287e-21
 5.58330e-23
 1.47010e-30
 8.06239e-31
 7.89840e-32
 4.83320e-33
 2.80786e-34
 4.64107e-33
 4.08556e-31
 1.04197e-29
 1.43925e-28
 1.45566e-27
 1.16871e-26
 2.00125e-26
 1.21954e-19
 2.68198e-18
 1.34712e-17
 2.54378e-17
 2.20485e-17
 8.46725e-18
 1.89080e-18
 8.46725e-18
 4.73104e-22
 5.93794e-21
 2.50614e-20
 4.64610e-20
 4.15488e-20
 1.66760e-20
 1.99169e-21
 4.50474e-32
 3.87835e-32
 5.84881e-33
 4.69933e-34
 4.11503e-35
 7.17825e-34
 5.94761e-32
 1.36102e-30
 1.59309e-29
 1.27440e-28
 6.92637e-28
 7.87412e-28
 3.54852e-18
 3.55092e-17
 1.13633e-16
 1.60635e-16
 1.11400e-16
 3.61554e-17
 7.43552e-18
 3.61554e-17
 2.25027e-21
 3.05662e-20
 1.68655e-19
 4.22955e-19
 5.69144e-19
 3.84329e-19
 9.78010e-20
 1.58785e-33
 1.57753e-33
 3.49500e-34
 3.72713e-35
 5.76966e-36
 9.38352e-35
 7.17183e-33
 1.44958e-31
 1.42683e-30
 8.98637e-30
 3.43716e-29
 3.44576e-29
 1.44510e-16
 6.72936e-16
 1.24201e-15
 1.19485e-15
 6.19322e-16
 1.52447e-16
 2.87874e-17
 1.52447e-16
 1.13665e-20
 1.77454e-19
 1.20524e-18
 4.88036e-18
 1.09107e-17
 1.46466e-17
 7.57707e-18
 4.68757e-35
 5.06805e-35
 1.56668e-35
 2.23944e-36
 6.63645e-37
 9.38992e-36
 6.52950e-34
 1.15472e-32
 9.54887e-32
 4.75832e-31
 1.33821e-30
 1.23783e-30
 9.57376e-15
 2.09180e-14
 1.93444e-14
 1.11296e-14
 3.77010e-15
 6.99023e-16
 1.16867e-16
 6.99023e-16
 6.83542e-20
 1.31686e-18
 1.19790e-17
 7.36190e-17
 3.51431e-16
 1.44787e-15
 5.49232e-15
 2.01595e-14
 6.68787e-14
 2.03620e-13
 5.99330e-13
 1.86631e-12
 7.46767e-12
 3.40971e-11
 5.83487e-11
 5.60777e-11
 4.38908e-11
 2.75698e-11
 1.30560e-11
 4.85540e-12
 1.66285e-12
 5.21491e-13
 1.40466e-13
 2.92402e-14
 4.02597e-15
 5.52705e-16
 4.02597e-15
 1.44748e-18
 3.10542e-17
 3.16053e-16
 2.15469e-15
 1.12713e-14
 5.05835e-14
 1.96508e-13
 6.96524e-13
 2.29117e-12
 7.13959e-12
 2.17846e-11
 7.29486e-11
 3.36662e-10
 1.60527e-09
 2.68511e-09
 2.50922e-09
 1.95820e-09
 1.23022e-09
 5.84919e-10
 2.20307e-10
 7.40666e-11
 2.18237e-11
 5.31724e-12
 9.87347e-13
 1.22018e-13
 1.45662e-14
 1.22018e-13
 5.21153e-18
 1.12442e-16
 1.14705e-15
 7.81035e-15
 4.15858e-14
 1.83126e-13
 7.03324e-13
 2.50663e-12
 8.77579e-12
 3.16820e-11
 1.21879e-10
 5.09763e-10
 2.88473e-09
 1.41179e-08
 2.30276e-08
 2.08128e-08
 1.61206e-08
 1.00694e-08
 4.66299e-09
 1.70605e-09
 5.42448e-10
 1.47023e-10
 3.24057e-11
 5.41032e-12
 6.03397e-13
 6.64165e-14
 6.03397e-13
 6.98938e-18
 1.49827e-16
 1.51046e-15
 1.01295e-14
 5.35307e-14
 2.33462e-13
 9.04921e-13
 3.35718e-12
 1.29072e-11
 5.41188e-11
 2.56302e-10
 1.50627e-09
 1.28960e-08
 6.44458e-08
 1.02245e-07
 8.86265e-08
 6.13039e-08
 3.14954e-08
 1.29983e-08
 4.78414e-09
 1.54474e-09
 4.20216e-10
 9.16863e-11
 1.49373e-11
 1.60481e-12
 1.69217e-13
 1.60481e-12
 4.98546e-18
 1.03396e-16
 9.88777e-16
 6.18552e-15
 3.00358e-14
 1.23838e-13
 4.78153e-13
 1.91200e-12
 8.47989e-12
 4.39303e-11
 2.84934e-10
 2.47844e-09
 3.90767e-08
 1.94556e-07
 2.97919e-07
 2.23377e-07
 1.17713e-07
 4.72780e-08
 1.73866e-08
 6.20390e-09
 1.99439e-09
 5.45945e-10
 1.20158e-10
 1.96654e-11
 2.10646e-12
 2.19597e-13
 2.10646e-12
 2.40936e-18
 4.70555e-17
 4.05472e-16
 2.16618e-15
 8.28036e-15
 2.65847e-14
 9.01742e-14
 4.12969e-13
 2.37324e-12
 1.74943e-11
 1.78505e-10
 2.71605e-09
 9.19482e-08
 4.40051e-07
 6.16180e-07
 3.71200e-07
 1.35318e-07
 3.85029e-08
 1.17885e-08
 3.92482e-09
 1.30313e-09
 3.81186e-10
 8.87062e-11
 1.50027e-11
 1.63104e-12
 1.69911e-13
 1.63104e-12
 7.38780e-19
 1.35823e-17
 1.04130e-16
 4.59107e-16
 1.27855e-15
 2.41730e-15
 4.72940e-15
 2.79958e-14
 2.51867e-13
 3.03998e-12
 5.43884e-11
 1.75682e-09
 1.81257e-07
 8.11165e-07
 9.98548e-07
 4.56987e-07
 1.05736e-07
 1.87144e-08
 3.83080e-09
 1.11908e-09
 4.45671e-10
 1.61506e-10
 4.34790e-11
 7.99766e-12
 9.01764e-13
 9.38384e-14
 9.01764e-13
 1.81501e-19
 3.21249e-18
 2.25896e-17
 8.63524e-17
 1.80799e-16
 2.02382e-16
 9.42393e-17
 1.15081e-16
 2.80561e-15
 1.03229e-13
 5.20779e-12
 4.51618e-10
 3.14805e-07
 1.27062e-06
 1.37913e-06
 4.89711e-07
 7.36938e-08
 7.37024e-09
 5.88635e-10
 1.09737e-10
 7.12170e-11
 3.82978e-11
 1.30963e-11
 2.78736e-12
 3.34630e-13
 3.47522e-14
 3.34630e-13
 6.40289e-25
 6.37109e-24
 1.73802e-23
 1.86335e-23
 8.07278e-24
 1.15330e-24
 6.84768e-26
 4.08026e-27
 2.46119e-28
 1.48381e-29
 8.19853e-31
 3.55441e-32
 4.08674e-31
 3.52866e-29
 1.05096e-27
 1.94980e-26
 2.76543e-25
 3.44662e-24
 4.25411e-23
 5.43465e-22
 7.38140e-21
 6.03528e-20
 1.62706e-19
 1.83120e-19
 8.46440e-20
 2.15106e-20
 8.46440e-20
 3.60981e-24
 3.90254e-23
 1.11716e-22
 1.26773e-22
 5.82169e-23
 7.87431e-24
 1.32282e-25
 2.66160e-27
 1.37296e-28
 6.79007e-30
 3.27813e-31
 1.35920e-32
 1.53909e-31
 1.40443e-29
 4.15393e-28
 7.57759e-27
 1.10792e-25
 1.57919e-24
 2.30574e-23
 6.32021e-22
 3.39384e-20
 3.21873e-19
 8.67876e-19
 9.51484e-19
 4.23177e-19
 1.02047e-19
 4.23177e-19
 1.96052e-23
 2.20185e-22
 6.69478e-22
 8.41224e-22
 4.51054e-22
 8.07240e-23
 1.99556e-24
 7.58081e-29
 1.47909e-29
 9.02506e-31
 4.26858e-32
 1.94587e-33
 2.72535e-32
 2.48179e-30
 6.90562e-29
 1.10891e-27
 1.39780e-26
 1.71313e-25
 8.06243e-25
 5.46369e-21
 2.64851e-19
 1.93018e-18
 4.54686e-18
 4.58702e-18
 1.94049e-18
 4.59072e-19
 1.94049e-18
 9.88090e-23
 1.16752e-21
 3.99984e-21
 5.91736e-21
 3.95327e-21
 1.02287e-21
 5.58330e-23
 1.47010e-30
 8.06239e-31
 7.89840e-32
 4.83320e-33
 2.80786e-34
 4.64107e-33
 4.08556e-31
 1.04197e-29
 1.43925e-28
 1.45566e-27
 1.16871e-26
 2.00125e-26
 1.21954e-19
 2.68198e-18
 1.34712e-17
 2.54378e-17
 2.20485e-17
 8.46725e-18
 1.89080e-18
 8.46725e-18
 4.73104e-22
 5.93794e-21
 2.50614e-20
 4.64610e-20
 4.15488e-20
 1.66760e-20
 1.99169e-21
 4.50474e-32
 3.87835e-32
 5.84881e-33
 4.69933e-34
 4.11503e-35
 7.17825e-34
 5.94761e-32
 1.36102e-30
 1.59309e-29
 1.27440e-28
 6.92637e-28
 7.87412e-28
 3.54852e-18
 3.55092e-17
 1.13633e-16
 1.60635e-16
 1.11400e-16
 3.61554e-17
 7.43552e-18
 3.61554e-17
 2.25027e-21
 3.05662e-20
 1.68655e-19
 4.22955e-19
 5.69144e-19
 3.84329e-19
 9.78010e-20
 1.58785e-33
 1.57753e-33
 3.49500e-34
 3.72713e-35
 5.76966e-36
 9.38352e-35
 7.17183e-33
 1.44958e-31
 1.42683e-30
 8.98637e-30
 3.43716e-29
 3.44576e-29
 1.44510e-16
 6.72936e-16
 1.24201e-15
 1.19485e-15
 6.19322e-16
 1.52447e-16
 2.87874e-17
 1.52447e-16
 1.13665e-20
 1.77454e-19
 1.20524e-18
 4.88036e-18
 1.09107e-17
 1.46466e-17
 7.57707e-18
 4.68757e-35
 5.06805e-35
 1.56668e-35
 2.23944e-36
 6.63645e-37
 9.38992e-36
 6.52950e-34
 1.15472e-32
 9.54887e-32
 4.75832e-31
 1.33821e-30
 1.23783e-30
 9.57376e-15
 2.09180e-14
 1.93444e-14
 1.11296e-14
 3.77010e-15
 6.99023e-16
 1.16867e-16
 6.99023e-16
 6.83542e-20
 1.31686e-18
 1.19790e-17
 7.36190e-17
 3.51431e-16
 1.44787e-15
 5.49232e-15
 2.01595e-14
 6.68787e-14
 2.03620e-13
 5.99330e-13
 1.86631e-12
 7.46767e-12
 3.40971e-11
 5.83487e-11
 5.60777e-11
 4.38908e-11
 2.75698e-11
 1.30560e-11
 4.85540e-12
 1.66285e-12
 5.21491e-13
 1.40466e-13
 2.92402e-14
 4.02597e-15
 5.52705e-16
 4.02597e-15
 1.44748e-18
 3.10542e-17
 3.16053e-16
 2.15469e-15
 1.12713e-14
 5.05835e-14
 1.96508e-13
 6.96524e-13
 2.29117e-12
 7.13959e-12
 2.17846e-11
 7.29486e-11
 3.36662e-10
 1.60527e-09
 2.68511e-09
 2.50922e-09
 1.95820e-09
 1.23022e-09
 5.84919e-10
 2.20307e-10
 7.40666e-11
 2.18237e-11
 5.31724e-12
 9.87347e-13
 1.22018e-13
 1.45662e-14
 1.22018e-13
 5.21153e-18
 1.12442e-16
 1.14705e-15
 7.81035e-15
 4.15858e-14
 1.83126e-13
 7.03324e-13
 2.50663e-12
 8.77579e-12
 3.16820e-11
 1.21879e-10
 5.09763e-10
 2.88473e-09
 1.41179e-08
 2.30276e-08
 2.08128e-08
 1.61206e-08
 1.00694e-08
 4.66299e-09
 1.70605e-09
 5.42448e-10
 1.47023e-10
 3.24057e-11
 5.41032e-12
 6.03397e-13
 6.64165e-14
 6.03397e-13
 6.98938e-18
 1.49827e-16
 1.51046e-15
 1.01295e-14
 5.35307e-14
 2.33462e-13
 9.04921e-13
 3.35718e-12
 1.29072e-11
 5.41188e-11
 2.56302e-10
 1.50627e-09
 1.28960e-08
 6.44458e-08
 1.02245e-07
 8.86265e-08
 6.13039e-08
 3.14954e-08
 1.29983e-08
 4.78414e-09
 1.54474e-09
 4.20216e-10
 9.16863e-11
 1.49373e-11
 1.60481e-12
 1.69217e-13
 1.60481e-12
 4.98546e-18
 1.03396e-16
 9.88777e-16
 6.18552e-15
 3.00358e-14
 1.23838e-13
 4.78153e-13
 1.91200e-12
 8.47989e-12
 4.39303e-11
 2.84934e-10
 2.47844e-09
 3.90767e-08
 1.94556e-07
 2.97919e-07
 2.23377e-07
 1.17713e-07
 4.72780e-08
 1.73866e-08
 6.20390e-09
 1.99439e-09
 5.45945e-10
 1.20158e-10
 1.96654e-11
 2.10646e-12
 2.19597e-13
 2.10646e-12
 2.40936e-18
 4.70555e-17
 4.05472e-16
 2.16618e-15
 8.28036e-15
 2.65847e-14
 9.01742e-14
 4.12969e-13
 2.37324e-12
 1.74943e-11
 1.78505e-10
 2.71605e-09
 9.19482e-08
 4.40051e-07
 6.16180e-07
 3.71200e-07
 1.35318e-07
 3.85029e-08
 1.17885e-08
 3.92482e-09
 1.30313e-09
 3.81186e-10
 8.87062e-11
 1.50027e-11
 1.63104e-12
 1.69911e-13
 1.63104e-12
 7.38780e-19
 1.35823e-17
 1.04130e-16
 4.59107e-16
 1.27855e-15
 2.41730e-15
 4.72940e-15
 2.79958e-14
 2.51867e-13
 3.03998e-12
 5.43884e-11
 1.75682e-09
 1.81257e-07
 8.11165e-07
 9.98548e-07
 4.56987e-07
 1.05736e-07
 1.87144e-08
 3.83080e-09
 1.11908e-09
 4.45671e-10
 1.61506e-10
 4.34790e-11
 7.99766e-12
 9.01764e-13
 9.38384e-14
 9.01764e-13
 1.81501e-19
 3.21249e-18
 2.25896e-17
 8.63524e-17
 1.80799e-16
 2.02382e-16
 9.42393e-17
 1.15081e-16
 2.80561e-15
 1.03229e-13
 5.20779e-12
 4.51618e-10
 3.14805e-07
 1.27062e-06
 1.37913e-06
 4.89711e-07
 7.36938e-08
 7.37024e-09
 5.88635e-10
 1.09737e-10
 7.12170e-11
 3.82978e-11
 1.30963e-11
 2.78736e-12
 3.34630e-13
 3.47522e-14
 3.34630e-13
part
         4
coordinates
 8.46440e-20
 2.15106e-20
 8.46440e-20
 1.83120e-19
 1.62706e-19
 6.03528e-20
 7.38140e-21
 5.43465e-22
 4.25411e-23
 3.44662e-24
 2.76543e-25
 1.94980e-26
 1.05096e-27
 3.52866e-29
 4.08674e-31
 3.55441e-32
 8.19853e-31
 1.48381e-29
 2.46119e-28
 4.08026e-27
 6.84768e-26
 1.15330e-24
 8.07278e-24
 1.86335e-23
 1.73802e-23
 6.37109e-24
 6.40289e-25
 4.23177e-19
 1.02047e-19
 4.23177e-19
 9.51484e-19
 8.67876e-19
 3.21873e-19
 3.39384e-20
 6.32021e-22
 2.30574e-23
 1.57919e-24
 1.10792e-25
 7.57759e-27
 4.15393e-28
 1.40443e-29
 1.53909e-31
 1.35920e-32
 3.27813e-31
 6.79007e-30
 1.37296e-28
 2.66160e-27
 1.32282e-25
 7.87431e-24
 5.82169e-23
 1.26773e-22
 1.11716e-22
 3.90254e-23
 3.60981e-24
 1.94049e-18
 4.59072e-19
 1.94049e-18
 4.58702e-18
 4.54686e-18
 1.93018e-18
 2.64851e-19
 5.46369e-21
 8.06243e-25
 1.71313e-25
 1.39780e-26
 1.10891e-27
 6.90562e-29
 2.48179e-30
 2.72535e-32
 1.94587e-33
 4.26858e-32
 9.02506e-31
 1.47909e-29
 7.58081e-29
 1.99556e-24
 8.07240e-23
 4.51054e-22
 8.41224e-22
 6.69478e-22
 2.20185e-22
 1.96052e-23
 8.46725e-18
 1.89080e-18
 8.46725e-18
 2.20485e-17
 2.54378e-17
 1.34712e-17
 2.68198e-18
 1.21954e-19
 2.00125e-26
 1.16871e-26
 1.45566e-27
 1.43925e-28
 1.04197e-29
 4.08556e-31
 4.64107e-33
 2.80786e-34
 4.83320e-33
 7.89840e-32
 8.06239e-31
 1.47010e-30
 5.58330e-23
 1.02287e-21
 3.95327e-21
 5.91736e-21
 3.99984e-21
 1.16752e-21
 9.88090e-23
 3.61554e-17
 7.43552e-18
 3.61554e-17
 1.11400e-16
 1.60635e-16
 1.13633e-16
 3.55092e-17
 3.54852e-18
 7.87412e-28
 6.92637e-28
 1.27440e-28
 1.59309e-29
 1.36102e-30
 5.94761e-32
 7.17825e-34
 4.11503e-35
 4.69933e-34
 5.84881e-33
 3.87835e-32
 4.50474e-32
 1.99169e-21
 1.66760e-20
 4.15488e-20
 4.64610e-20
 2.50614e-20
 5.93794e-21
 4.73104e-22
 1.52447e-16
 2.87874e-17
 1.52447e-16
 6.19322e-16
 1.19485e-15
 1.24201e-15
 6.72936e-16
 1.44510e-16
 3.44576e-29
 3.43716e-29
 8.98637e-30
 1.42683e-30
 1.44958e-31
 7.17183e-33
 9.38352e-35
 5.76966e-36
 3.72713e-35
 3.49500e-34
 1.57753e-33
 1.58785e-33
 9.78010e-20
 3.84329e-19
 5.69144e-19
 4.22955e-19
 1.68655e-19
 3.05662e-20
 2.25027e-21
 6.99023e-16
 1.16867e-16
 6.99023e-16
 3.77010e-15
 1.11296e-14
 1.93444e-14
 2.09180e-14
 9.57376e-15
 1.23783e-30
 1.33821e-30
 4.75832e-31
 9.54887e-32
 1.15472e-32
 6.52950e-34
 9.38992e-36
 6.63645e-37
 2.23944e-36
 1.56668e-35
 5.06805e-35
 4.68757e-35
 7.57707e-18
 1.46466e-17
 1.09107e-17
 4.88036e-18
 1.20524e-18
 1.77454e-19
 1.13665e-20
 4.02597e-15
 5.52705e-16
 4.02597e-15
 2.92402e-14
 1.40466e-13
 5.21491e-13
 1.66285e-12
 4.85540e-12
 1.30560e-11
 2.75698e-11
 4.38908e-11
 5.60777e-11
 5.83487e-11
 3.40971e-11
 7.46767e-12
 1.86631e-12
 5.99330e-13
 2.03620e-13
 6.68787e-14
 2.01595e-14
 5.49232e-15
 1.44787e-15
 3.51431e-16
 7.36190e-17
 1.19790e-17
 1.31686e-18
 6.83542e-20
 1.22018e-13
 1.45662e-14
 1.22018e-13
 9.87347e-13
 5.31724e-12
 2.18237e-11
 7.40666e-11
 2.20307e-10
 5.84919e-10
 1.23022e-09
 1.95820e-09
 2.50922e-09
 2.68511e-09
 1.60527e-09
 3.36662e-10
 7.29486e-11
 2.17846e-11
 7.13959e-12
 2.29117e-12
 6.96524e-13
 1.96508e-13
 5.05835e-14
 1.12713e-14
 2.15469e-15
 3.16053e-16
 3.10542e-17
 1.44748e-18
 6.03397e-13
 6.64165e-14
 6.03397e-13
 5.41032e-12
 3.24057e-11
 1.47023e-10
 5.42448e-10
 1.70605e-09
 4.66299e-09
 1.00694e-08
 1.61206e-08
 2.08128e-08
 2.30276e-08
 1.41179e-08
 2.88473e-09
 5.09763e-10
 1.21879e-10
 3.16820e-11
 8.77579e-12
 2.50663e-12
 7.03324e-13
 1.83126e-13
 4.15858e-14
 7.81035e-15
 1.14705e-15
 1.12442e-16
 5.21153e-18
 1.60481e-12
 1.69217e-13
 1.60481e-12
 1.49373e-11
 9.16863e-11
 4.20216e-10
 1.54474e-09
 4.78414e-09
 1.29983e-08
 3.14954e-08
 6.13039e-08
 8.86265e-08
 1.02245e-07
 6.44458e-08
 1.28960e-08
 1.50627e-09
 2.56302e-10
 5.41188e-11
 1.29072e-11
 3.35718e-12
 9.04921e-13
 2.33462e-13
 5.35307e-14
 1.01295e-14
 1.51046e-15
 1.49827e-16
 6.98938e-18
 2.10646e-12
 2.19597e-13
 2.10646e-12
 1.96654e-11
 1.20158e-10
 5.45945e-10
 1.99439e-09
 6.20390e-09
 1.73866e-08
 4.72780e-08
 1.17713e-07
 2.23377e-07
 2.97919e-07
 1.94556e-07
 3.90767e-08
 2.47844e-09
 2.84934e-10
 4.39303e-11
 8.47989e-12
 1.91200e-12
 4.78153e-13
 1.23838e-13
 3.00358e-14
 6.18552e-15
 9.88777e-16
 1.03396e-16
 4.98546e-18
 1.63104e-12
 1.69911e-13
 1.63104e-12
 1.50027e-11
 8.87062e-11
 3.81186e-10
 1.30313e-09
 3.92482e-09
 1.17885e-08
 3.85029e-08
 1.35318e-07
 3.71200e-07
 6.16180e-07
 4.40051e-07
 9.19482e-08
 2.71605e-09
 1.78505e-10
 1.74943e-11
 2.37324e-12
 4.12969e-13
 9.01742e-14
 2.65847e-14
 8.28036e-15
 2.16618e-15
 4.05472e-16
 4.70555e-17
 2.40936e-18
 9.01764e-13
 9.38384e-14
 9.01764e-13
 7.99766e-12
 4.34790e-11
 1.61506e-10
 4.45671e-10
 1.11908e-09
 3.83080e-09
 1.87144e-08
 1.05736e-07
 4.56987e-07
 9.98548e-07
 8.11165e-07
 1.81257e-07
 1.75682e-09
 5.43884e-11
 3.03998e-12
 2.51867e-13
 2.79958e-14
 4.72940e-15
 2.41730e-15
 1.27855e-15
 4.59107e-16
 1.04130e-16
 1.35823e-17
 7.38780e-19
 3.34630e-13
 3.47522e-14
 3.34630e-13
 2.78736e-12
 1.30963e-11
 3.82978e-11
 7.12170e-11
 1.09737e-10
 5.88635e-10
 7.37024e-09
 7.36938e-08
 4.89711e-07
 1.37913e-06
 1.27062e-06
 3.14805e-07
 4.51618e-10
 5.20779e-12
 1.03229e-13
 2.80561e-15
 1.15081e-16
 9.42393e-17
 2.02382e-16
 1.80799e-16
 8.63524e-17
 2.25896e-17
 3.21249e-18
 1.81501e-19
 8.46440e-20
 2.15106e-20
 8.46440e-20
 1.83120e-19
 1.62706e-19
 6.03528e-20
 7.38140e-21
 5.43465e-22
 4.25411e-23
 3.44662e-24
 2.76543e-25
 1.94980e-26
 1.05096e-27
 3.52866e-29
 4.08674e-31
 3.55441e-32
 8.19853e-31
 1.48381e-29
 2.46119e-28
 4.08026e-27
 6.84768e-26
 1.15330e-24
 8.07278e-24
 1.86335e-23
 1.73802e-23
 6.37109e-24
 6.40289e-25
 4.23177e-19
 1.02047e-19
 4.23177e-19
 9.51484e-19
 8.67876e-19
 3.21873e-19
 3.39384e-20
 6.32021e-22
 2.30574e-23
 1.57919e-24
 1.10792e-25
 7.57759e-27
 4.15393e-28
 1.40443e-29
 1.53909e-31
 1.35920e-32
 3.27813e-31
 6.79007e-30
 1.37296e-28
 2.66160e-27
 1.32282e-25
 7.87431e-24
 5.82169e-23
 1.26773e-22
 1.11716e-22
 3.90254e-23
 3.60981e-24
 1.94049e-18
 4.59072e-19
 1.94049e-18
 4.58702e-18
 4.54686e-18
 1.93018e-18
 2.64851e-19
 5.46369e-21
 8.06243e-25
 1.71313e-25
 1.39780e-26
 1.10891e-27
 6.90562e-29
 2.48179e-30
 2.72535e-32
 1.94587e-33
 4.26858e-32
 9.02506e-31
 1.47909e-29
 7.58081e-29
 1.99556e-24
 8.07240e-23
 4.51054e-22
 8.41224e-22
 6.69478e-22
 2.20185e-22
 1.96052e-23
 8.46725e-18
 1.89080e-18
 8.46725e-18
 2.20485e-17
 2.54378e-17
 1.34712e-17
 2.68198e-18
 1.21954e-19
 2.00125e-26
 1.16871e-26
 1.45566e-27
 1.43925e-28
 1.04197e-29
 4.08556e-31
 4.64107e-33
 2.80786e-34
 4.83320e-33
 7.89840e-32
 8.06239e-31
 1.47010e-30
 5.58330e-23
 1.02287e-21
 3.95327e-21
 5.91736e-21
 3.99984e-21
 1.16752e-21
 9.88090e-23
 3.61554e-17
 7.43552e-18
 3.61554e-17
 1.11400e-16
 1.60635e-16
 1.13633e-16
 3.55092e-17
 3.54852e-18
 7.87412e-28
 6.92637e-28
 1.27440e-28
 1.59309e-29
 1.36102e-30
 5.94761e-32
 7.17825e-34
 4.11503e-35
 4.69933e-34
 5.84881e-33
 3.87835e-32
 4.50474e-32
 1.99169e-21
 1.66760e-20
 4.15488e-20
 4.64610e-20
 2.50614e-20
 5.93794e-21
 4.73104e-22
 1.52447e-16
 2.87874e-17
 1.52447e-16
 6.19322e-16
 1.19485e-15
 1.24201e-15
 6.72936e-16
 1.44510e-16
 3.44576e-29
 3.43716e-29
 8.98637e-30
 1.42683e-30
 1.44958e-31
 7.17183e-33
 9.38352e-35
 5.76966e-36
 3.72713e-35
 3.49500e-34
 1.57753e-33
 1.58785e-33
 9.78010e-20
 3.84329e-19
 5.69144e-19
 4.22955e-19
 1.68655e-19
 3.05662e-20
 2.25027e-21
 6.99023e-16
 1.16867e-16
 6.99023e-16
 3.77010e-15
 1.11296e-14
 1.93444e-14
 2.09180e-14
 9.57376e-15
 1.23783e-30
 1.33821e-30
 4.75832e-31
 9.54887e-32
 1.15472e-32
 6.52950e-34
 9.38992e-36
 6.63645e-37
 2.23944e-36
 1.56668e-35
 5.06805e-35
 4.68757e-35
 7.57707e-18
 1.46466e-17
 1.09107e-17
 4.88036e-18
 1.20524e-18
 1.77454e-19
 1.13665e-20
 4.02597e-15
 5.52705e-16
 4.02597e-15
 2.92402e-14
 1.40466e-13
 5.21491e-13
 1.66285e-12
 4.85540e-12
 1.30560e-11
 2.75698e-11
 4.38908e-11
 5.60777e-11
 5.83487e-11
 3.40971e-11
 7.46767e-12
 1.86631e-12
 5.99330e-13
 2.03620e-13
 6.68787e-14
 2.01595e-14
 5.49232e-15
 1.44787e-15
 3.51431e-16
 7.36190e-17
 1.19790e-17
 1.31686e-18
 6.83542e-20
 1.22018e-13
 1.45662e-14
 1.22018e-13
 9.87347e-13
 5.31724e-12
 2.18237e-11
 7.40666e-11
 2.20307e-10
 5.84919e-10
 1.23022e-09
 1.95820e-09
 2.50922e-09
 2.68511e-09
 1.60527e-09
 3.36662e-10
 7.29486e-11
 2.17846e-11
 7.13959e-12
 2.29117e-12
 6.96524e-13
 1.96508e-13
 5.05835e-14
 1.12713e-14
 2.15469e-15
 3.16053e-16
 3.10542e-17
 1.44748e-18
 6.03397e-13
 6.64165e-14
 6.03397e-13
 5.41032e-12
 3.24057e-11
 1.47023e-10
 5.42448e-10
 1.70605e-09
 4.66299e-09
 1.00694e-08
 1.61206e-08
 2.08128e-08
 2.30276e-08
 1.41179e-08
 2.88473e-09
 5.09763e-10
 1.21879e-10
 3.16820e-11
 8.77579e-12
 2.50663e-12
 7.03324e-13
 1.83126e-13
 4.15858e-14
 7.81035e-15
 1.14705e-15
 1.12442e-16
 5.21153e-18
 1.60481e-12
 1.69217e-13
 1.60481e-12
 1.49373e-11
 9.16863e-11
 4.20216e-10
 1.54474e-09
 4.78414e-09
 1.29983e-08
 3.14954e-08
 6.13039e-08
 8.86265e-08
 1.02245e-07
 6.44458e-08
 1.28960e-08
 1.50627e-09
 2.56302e-10
 5.41188e-11
 1.29072e-11
 3.35718e-12
 9.04921e-13
 2.33462e-13
 5.35307e-14
 1.01295e-14
 1.51046e-15
 1.49827e-16
 6.98938e-18
 2.10646e-12
 2.19597e-13
 2.10646e-12
 1.96654e-11
 1.20158e-10
 5.45945e-10
 1.99439e-09
 6.20390e-09
 1.73866e-08
 4.72780e-08
 1.17713e-07
 2.23377e-07
 2.97919e-07
 1.94556e-07
 3.90767e-08
 2.47844e-09
 2.84934e-10
 4.39303e-11
 8.47989e-12
 1.91200e-12
 4.78153e-13
 1.23838e-13
 3.00358e-14
 6.18552e-15
 9.88777e-16
 1.03396e-16
 4.98546e-18
 1.63104e-12
 1.69911e-13
 1.63104e-12
 1.50027e-11
 8.87062e-11
 3.81186e-10
 1.30313e-09
 3.92482e-09
 1.17885e-08
 3.85029e-08
 1.35318e-07
 3.71200e-07
 6.16180e-07
 4.40051e-07
 9.19482e-08
 2.71605e-09
 1.78505e-10
 1.74943e-11
 2.37324e-12
 4.12969e-13
 9.01742e-14
 2.65847e-14
 8.28036e-15
 2.16618e-15
 4.05472e-16
 4.70555e-17
 2.40936e-18
 9.01764e-13
 9.38384e-14
 9.01764e-13
 7.99766e-12
 4.34790e-11
 1.61506e-10
 4.45671e-10
 1.11908e-09
 3.83080e-09
 1.87144e-08
 1.05736e-07
 4.56987e-07
 9.98548e-07
 8.11165e-07
 1.81257e-07
 1.75682e-09
 5.43884e-11
 3.03998e-12
 2.51867e-13
 2.79958e-14
 4.72940e-15
 2.41730e-15
 1.27855e-15
 4.59107e-16
 1.04130e-16
 1.35823e-17
 7.38780e-19
 3.34630e-13
 3.47522e-14
 3.34630e-13
 2.78736e-12
 1.30963e-11
 3.82978e-11
 7.12170e-11
 1.09737e-10
 5.88635e-10
 7.37024e-09
 7.36938e-08
 4.89711e-07
 1.37913e-06
 1.27062e-06
 3.14805e-07
 4.51618e-10
 5.20779e-12
 1.03229e-13
 2.80561e-15
 1.15081e-16
 9.42393e-17
 2.02382e-16
 1.80799e-16
 8.63524e-17
 2.25896e-17
 3.21249e-18
 1.81501e-19
part
         5
coordinates
 2.40936e-18
 4.70555e-17
 4.05472e-16
 2.16618e-15
 8.28036e-15
 2.65847e-14
 9.01742e-14
 4.12969e-13
 2.37324e-12
 1.74943e-11
 1.78505e-10
 2.71605e-09
 9.19482e-08
 4.40051e-07
 6.16180e-07
 3.71200e-07
 1.35318e-07
 3.85029e-08
 1.17885e-08
 3.92482e-09
 1.30313e-09
 3.81186e-10
 8.87062e-11
 1.50027e-11
 1.63104e-12
 1.69911e-13
 1.63104e-12
 7.38780e-19
 1.35823e-17
 1.04130e-16
 4.59107e-16
 1.27855e-15
 2.41730e-15
 4.72940e-15
 2.79958e-14
 2.51867e-13
 3.03998e-12
 5.43884e-11
 1.75682e-09
 1.81257e-07
 8.11165e-07
 9.98548e-07
 4.56987e-07
 1.05736e-07
 1.87144e-08
 3.83080e-09
 1.11908e-09
 4.45671e-10
 1.61506e-10
 4.34790e-11
 7.99766e-12
 9.01764e-13
 9.38384e-14
 9.01764e-13
 1.81501e-19
 3.21249e-18
 2.25896e-17
 8.63524e-17
 1.80799e-16
 2.02382e-16
 9.42393e-17
 1.15081e-16
 2.80561e-15
 1.03229e-13
 5.20779e-12
 4.51618e-10
 3.14805e-07
 1.27062e-06
 1.37913e-06
 4.89711e-07
 7.36938e-08
 7.37024e-09
 5.88635e-10
 1.09737e-10
 7.12170e-11
 3.82978e-11
 1.30963e-11
 2.78736e-12
 3.34630e-13
 3.47522e-14
 3.34630e-13
 4.00680e-20
 6.71129e-19
 4.33500e-18
 1.45090e-17
 2.46635e-17
 2.00683e-17
 6.47806e-18
 2.79916e-19
 1.23223e-20
 6.00399e-22
 2.98421e-23
 1.25607e-24
 4.80475e-07
 1.75518e-06
 1.74064e-06
 5.32221e-07
 7.19405e-08
 5.83208e-09
 1.80847e-10
 5.92658e-12
 1.02796e-11
 7.71271e-12
 3.17749e-12
 7.61161e-13
 9.76892e-14
 1.04709e-14
 9.76892e-14
 8.27349e-21
 1.24596e-19
 7.25277e-19
 2.16664e-18
 3.11191e-18
 2.13233e-18
 6.37141e-19
 6.42028e-20
 5.57758e-21
 4.34928e-22
 2.78116e-23
 1.34091e-24
 6.52999e-07
 2.24411e-06
 2.14539e-06
 6.41299e-07
 9.61526e-08
 9.57473e-09
 4.48001e-10
 2.24159e-12
 1.44676e-12
 1.33854e-12
 6.35418e-13
 1.73708e-13
 2.46211e-14
 2.91953e-15
 2.46211e-14
 1.49961e-21
 1.95116e-20
 1.01093e-19
 2.73484e-19
 3.49045e-19
 2.17055e-19
 6.70166e-20
 9.68676e-21
 1.19623e-21
 1.22702e-22
 9.99236e-24
 5.97022e-25
 8.30654e-07
 2.78310e-06
 2.69731e-06
 8.92979e-07
 1.71338e-07
 2.54105e-08
 2.22133e-09
 3.75770e-11
 1.83857e-13
 1.92685e-13
 1.02835e-13
 3.19668e-14
 5.10988e-15
 7.02534e-16
 5.10988e-15
 2.19647e-22
 2.40462e-21
 1.10158e-20
 2.72320e-20
 3.22292e-20
 1.89281e-20
 6.00759e-21
 1.04888e-21
 1.59828e-22
 2.04523e-23
 2.09578e-24
 1.59438e-25
 1.03913e-06
 3.49349e-06
 3.56761e-06
 1.45443e-06
 4.35606e-07
 1.14585e-07
 2.19723e-08
 1.82078e-09
 1.90750e-14
 2.14436e-14
 1.28034e-14
 4.46448e-15
 8.23468e-16
 1.33366e-16
 8.23468e-16
 2.29435e-23
 2.08789e-22
 8.43986e-22
 1.91544e-21
 2.15475e-21
 1.22461e-21
 3.91785e-22
 7.71248e-23
 1.48859e-23
 2.80899e-24
 4.90510e-25
 6.79938e-26
 1.35312e-06
 4.75421e-06
 5.36988e-06
 2.88754e-06
 1.36534e-06
 6.64411e-07
 3.30391e-07
 1.86934e-07
 1.31755e-07
 1.04605e-07
 8.83001e-08
 7.86830e-08
 7.36050e-08
 7.20200e-08
 7.36050e-08
 1.25362e-21
 6.05964e-21
 1.59419e-20
 2.54277e-20
 2.44192e-20
 1.42294e-20
 5.11781e-21
 1.25320e-21
 2.86672e-22
 5.78418e-23
 9.56834e-24
 1.16534e-24
 1.98325e-06
 8.00689e-06
 1.13941e-05
 1.00424e-05
 8.99792e-06
 8.45781e-06
 8.13961e-06
 7.91886e-06
 7.75695e-06
 7.65011e-06
 7.58946e-06
 7.60462e-06
 7.65399e-06
 7.66927e-06
 7.65399e-06
 2.88470e-20
 1.66301e-19
 4.84617e-19
 8.24331e-19
 8.13772e-19
 4.70563e-19
 1.66913e-19
 4.03013e-20
 8.75899e-21
 1.62945e-21
 2.43069e-22
 2.63217e-23
 2.45205e-06
 1.08237e-05
 1.71747e-05
 1.76135e-05
 1.76159e-05
 1.75891e-05
 1.74599e-05
 1.70938e-05
 1.66130e-05
 1.62536e-05
 1.60885e-05
 1.63707e-05
 1.68303e-05
 1.69801e-05
 1.68303e-05
 2.81402e-19
 1.96425e-18
 6.35956e-18
 1.14529e-17
 1.14580e-17
 6.42737e-18
 2.15167e-18
 4.89035e-19
 9.70810e-20
 1.61456e-20
 2.12505e-21
 2.02000e-22
 2.53166e-06
 1.14726e-05
 1.85225e-05
 1.92744e-05
 1.93644e-05
 1.91025e-05
 1.80990e-05
 1.63918e-05
 1.47472e-05
 1.36650e-05
 1.32181e-05
 1.40972e-05
 1.58060e-05
 1.65708e-05
 1.58060e-05
 1.76369e-18
 1.49232e-17
 5.36629e-17
 1.01735e-16
 1.02285e-16
 5.47657e-17
 1.65589e-17
 3.35254e-18
 5.79784e-19
 8.30742e-20
 9.40285e-21
 7.72779e-22
 2.53176e-06
 1.16571e-05
 1.88798e-05
 1.95252e-05
 1.93377e-05
 1.82729e-05
 1.55718e-05
 1.20735e-05
 9.29365e-06
 7.55119e-06
 6.80436e-06
 7.88272e-06
 1.07414e-05
 1.23956e-05
 1.07414e-05
 8.39871e-18
 8.47419e-17
 3.37322e-16
 6.72276e-16
 6.82074e-16
 3.48820e-16
 9.11927e-17
 1.50214e-17
 2.10133e-18
 2.52229e-19
 2.48500e-20
 1.79646e-21
 2.40423e-06
 1.14363e-05
 1.88410e-05
 1.96146e-05
 1.93310e-05
 1.78484e-05
 1.42117e-05
 9.83083e-06
 6.57735e-06
 4.39858e-06
 3.25356e-06
 3.79759e-06
 6.87426e-06
 9.13367e-06
 6.87426e-06
 3.35664e-17
 3.90049e-16
 1.70761e-15
 3.59637e-15
 3.78159e-15
 1.91326e-15
 4.18421e-16
 4.56527e-17
 4.51754e-18
 4.06518e-19
 3.24195e-20
 2.08061e-21
 2.18789e-06
 1.10037e-05
 1.86396e-05
 1.96908e-05
 1.95263e-05
 1.84263e-05
 1.54674e-05
 1.10486e-05
 6.79547e-06
 3.63329e-06
 1.84554e-06
 1.67410e-06
 4.48046e-06
 6.93159e-06
 4.48046e-06
 1.21016e-16
 1.53855e-15
 7.32634e-15
 1.65297e-14
 1.90296e-14
 1.04463e-14
 2.06988e-15
 3.54885e-17
 3.46959e-18
 2.84320e-19
 1.96685e-20
 9.27187e-21
 1.87090e-06
 1.02874e-05
 1.82101e-05
 1.97115e-05
 1.97824e-05
 1.93949e-05
 1.83552e-05
 1.49653e-05
 9.21268e-06
 4.27279e-06
 1.58362e-06
 7.95406e-07
 3.06095e-06
 5.29717e-06
 3.06095e-06
 4.15105e-16
 5.38795e-15
 3.40088e-14
 9.83634e-14
 1.47197e-13
 1.13813e-13
 3.91004e-14
 6.34669e-14
 6.15299e-13
 8.00703e-12
 1.61742e-10
 5.81448e-09
 1.48656e-06
 9.14769e-06
 1.72891e-05
 1.95157e-05
 1.98615e-05
 1.99070e-05
 1.98609e-05
 1.76753e-05
 1.16922e-05
 5.37721e-06
 1.77955e-06
 5.44380e-07
 2.24348e-06
 4.08088e-06
 2.24348e-06
 2.40936e-18
 4.70555e-17
 4.05472e-16
 2.16618e-15
 8.28036e-15
 2.65847e-14
 9.01742e-14
 4.12969e-13
 2.37324e-12
 1.74943e-11
 1.78505e-10
 2.71605e-09
 9.19482e-08
 4.40051e-07
 6.16180e-07
 3.71200e-07
 1.35318e-07
 3.85029e-08
 1.17885e-08
 3.92482e-09
 1.30313e-09
 3.81186e-10
 8.87062e-11
 1.50027e-11
 1.63104e-12
 1.69911e-13
 1.63104e-12
 7.38780e-19
 1.35823e-17
 1.04130e-16
 4.59107e-16
 1.27855e-15
 2.41730e-15
 4.72940e-15
 2.79958e-14
 2.51867e-13
 3.03998e-12
 5.43884e-11
 1.75682e-09
 1.81257e-07
 8.11165e-07
 9.98548e-07
 4.56987e-07
 1.05736e-07
 1.87144e-08
 3.83080e-09
 1.11908e-09
 4.45671e-10
 1.61506e-10
 4.34790e-11
 7.99766e-12
 9.01764e-13
 9.38384e-14
 9.01764e-13
 1.81501e-19
 3.21249e-18
 2.25896e-17
 8.63524e-17
 1.80799e-16
 2.02382e-16
 9.42393e-17
 1.15081e-16
 2.80561e-15
 1.03229e-13
 5.20779e-12
 4.51618e-10
 3.14805e-07
 1.27062e-06
 1.37913e-06
 4.89711e-07
 7.36938e-08
 7.37024e-09
 5.88635e-10
 1.09737e-10
 7.12170e-11
 3.82978e-11
 1.30963e-11
 2.78736e-12
 3.34630e-13
 3.47522e-14
 3.34630e-13
 4.00680e-20
 6.71129e-19
 4.33500e-18
 1.45090e-17
 2.46635e-17
 2.00683e-17
 6.47806e-18
 2.79916e-19
 1.23223e-20
 6.00399e-22
 2.98421e-23
 1.25607e-24
 4.80475e-07
 1.75518e-06
 1.74064e-06
 5.32221e-07
 7.19405e-08
 5.83208e-09
 1.80847e-10
 5.92658e-12
 1.02796e-11
 7.71271e-12
 3.17749e-12
 7.61161e-13
 9.76892e-14
 1.04709e-14
 9.76892e-14
 8.27349e-21
 1.24596e-19
 7.25277e-19
 2.16664e-18
 3.11191e-18
 2.13233e-18
 6.37141e-19
 6.42028e-20
 5.57758e-21
 4.34928e-22
 2.78116e-23
 1.34091e-24
 6.52999e-07
 2.24411e-06
 2.14539e-06
 6.41299e-07
 9.61526e-08
 9.57473e-09
 4.48001e-10
 2.24159e-12
 1.44676e-12
 1.33854e-12
 6.35418e-13
 1.73708e-13
 2.46211e-14
 2.91953e-15
 2.46211e-14
 1.49961e-21
 1.95116e-20
 1.01093e-19
 2.73484e-19
 3.49045e-19
 2.17055e-19
 6.70166e-20
 9.68676e-21
 1.19623e-21
 1.22702e-22
 9.99236e-24
 5.97022e-25
 8.30654e-07
 2.78310e-06
 2.69731e-06
 8.92979e-07
 1.71338e-07
 2.54105e-08
 2.22133e-09
 3.75770e-11
 1.83857e-13
 1.92685e-13
 1.02835e-13
 3.19668e-14
 5.10988e-15
 7.02534e-16
 5.10988e-15
 2.19647e-22
 2.40462e-21
 1.10158e-20
 2.72320e-20
 3.22292e-20
 1.89281e-20
 6.00759e-21
 1.04888e-21
 1.59828e-22
 2.04523e-23
 2.09578e-24
 1.59438e-25
 1.03913e-06
 3.49349e-06
 3.56761e-06
 1.45443e-06
 4.35606e-07
 1.14585e-07
 2.19723e-08
 1.82078e-09
 1.90750e-14
 2.14436e-14
 1.28034e-14
 4.46448e-15
 8.23468e-16
 1.33366e-16
 8.23468e-16
 2.29435e-23
 2.08789e-22
 8.43986e-22
 1.91544e-21
 2.15475e-21
 1.22461e-21
 3.91785e-22
 7.71248e-23
 1.48859e-23
 2.80899e-24
 4.90510e-25
 6.79938e-26
 1.35312e-06
 4.75421e-06
 5.36988e-06
 2.88754e-06
 1.36534e-06
 6.64411e-07
 3.30391e-07
 1.86934e-07
 1.31755e-07
 1.04605e-07
 8.83001e-08
 7.86830e-08
 7.36050e-08
 7.20200e-08
 7.36050e-08
 1.25362e-21
 6.05964e-21
 1.59419e-20
 2.54277e-20
 2.44192e-20
 1.42294e-20
 5.11781e-21
 1.25320e-21
 2.86672e-22
 5.78418e-23
 9.56834e-24
 1.16534e-24
 1.98325e-06
 8.00689e-06
 1.13941e-05
 1.00424e-05
 8.99792e-06
 8.45781e-06
 8.13961e-06
 7.91886e-06
 7.75695e-06
 7.65011e-06
 7.58946e-06
 7.60462e-06
 7.65399e-06
 7.66927e-06
 7.65399e-06
 2.88470e-20
 1.66301e-19
 4.84617e-19
 8.24331e-19
 8.13772e-19
 4.70563e-19
 1.66913e-19
 4.03013e-20
 8.75899e-21
 1.62945e-21
 2.43069e-22
 2.63217e-23
 2.45205e-06
 1.08237e-05
 1.71747e-05
 1.76135e-05
 1.76159e-05
 1.75891e-05
 1.74599e-05
 1.70938e-05
 1.66130e-05
 1.62536e-05
 1.60885e-05
 1.63707e-05
 1.68303e-05
 1.69801e-05
 1.68303e-05
 2.81402e-19
 1.96425e-18
 6.35956e-18
 1.14529e-17
 1.14580e-17
 6.42737e-18
 2.15167e-18
 4.89035e-19
 9.70810e-20
 1.61456e-20
 2.12505e-21
 2.02000e-22
 2.53166e-06
 1.14726e-05
 1.85225e-05
 1.92744e-05
 1.93644e-05
 1.91025e-05
 1.80990e-05
 1.63918e-05
 1.47472e-05
 1.36650e-05
 1.32181e-05
 1.40972e-05
 1.58060e-05
 1.65708e-05
 1.58060e-05
 1.76369e-18
 1.49232e-17
 5.36629e-17
 1.01735e-16
 1.02285e-16
 5.47657e-17
 1.65589e-17
 3.35254e-18
 5.79784e-19
 8.30742e-20
 9.40285e-21
 7.72779e-22
 2.53176e-06
 1.16571e-05
 1.88798e-05
 1.95252e-05
 1.93377e-05
 1.82729e-05
 1.55718e-05
 1.20735e-05
 9.29365e-06
 7.55119e-06
 6.80436e-06
 7.88272e-06
 1.07414e-05
 1.23956e-05
 1.07414e-05
 8.39871e-18
 8.47419e-17
 3.37322e-16
 6.72276e-16
 6.82074e-16
 3.48820e-16
 9.11927e-17
 1.50214e-17
 2.10133e-18
 2.52229e-19
 2.48500e-20
 1.79646e-21
 2.40423e-06
 1.14363e-05
 1.88410e-05
 1.96146e-05
 1.93310e-05
 1.78484e-05
 1.42117e-05
 9.83083e-06
 6.57735e-06
 4.39858e-06
 3.25356e-06
 3.79759e-06
 6.87426e-06
 9.13367e-06
 6.87426e-06
 3.35664e-17
 3.90049e-16
 1.70761e-15
 3.59637e-15
 3.78159e-15
 1.91326e-15
 4.18421e-16
 4.56527e-17
 4.51754e-18
 4.06518e-19
 3.24195e-20
 2.08061e-21
 2.18789e-06
 1.10037e-05
 1.86396e-05
 1.96908e-05
 1.95263e-05
 1.84263e-05
 1.54674e-05
 1.10486e-05
 6.79547e-06
 3.63329e-06
 1.84554e-06
 1.67410e-06
 4.48046e-06
 6.93159e-06
 4.48046e-06
 1.21016e-16
 1.53855e-15
 7.32634e-15
 1.65297e-14
 1.90296e-14
 1.04463e-14
 2.06988e-15
 3.54885e-17
 3.46959e-18
 2.84320e-19
 1.96685e-20
 9.27187e-21
 1.87090e-06
 1.02874e-05
 1.82101e-05
 1.97115e-05
 1.97824e-05
 1.93949e-05
 1.83552e-05
 1.49653e-05
 9.21268e-06
 4.27279e-06
 1.58362e-06
 7.95406e-07
 3.06095e-06
 5.29717e-06
 3.06095e-06
 4.15105e-16
 5.38795e-15
 3.40088e-14
 9.83634e-14
 1.47197e-13
 1.13813e-13
 3.91004e-14
 6.34669e-14
 6.15299e-13
 8.00703e-12
 1.61742e-10
 5.81448e-09
 1.48656e-06
 9.14769e-06
 1.72891e-05
 1.95157e-05
 1.98615e-05
 1.99070e-05
 1.98609e-05
 1.76753e-05
 1.16922e-05
 5.37721e-06
 1.77955e-06
 5.44380e-07
 2.24348e-06
 4.08088e-06
 2.24348e-06
part
         6
coordinates
 1.63104e-12
 1.69911e-13
 1.63104e-12
 1.50027e-11
 8.87062e-11
 3.81186e-10
 1.30313e-09
 3.92482e-09
 1.17885e-08
 3.85029e-08
 1.35318e-07
 3.71200e-07
 6.16180e-07
 4.40051e-07
 9.19482e-08
 2.71605e-09
 1.78505e-10
 1.74943e-11
 2.37324e-12
 4.12969e-13
 9.01742e-14
 2.65847e-14
 8.28036e-15
 2.16618e-15
 4.05472e-16
 4.70555e-17
 2.40936e-18
 9.01764e-13
 9.38384e-14
 9.01764e-13
 7.99766e-12
 4.34790e-11
 1.61506e-10
 4.45671e-10
 1.11908e-09
 3.83080e-09
 1.87144e-08
 1.05736e-07
 4.56987e-07
 9.98548e-07
 8.11165e-07
 1.81257e-07
 1.75682e-09
 5.43884e-11
 3.03998e-12
 2.51867e-13
 2.79958e-14
 4.72940e-15
 2.41730e-15
 1.27855e-15
 4.59107e-16
 1.04130e-16
 1.35823e-17
 7.38780e-19
 3.34630e-13
 3.47522e-14
 3.34630e-13
 2.78736e-12
 1.30963e-11
 3.82978e-11
 7.12170e-11
 1.09737e-10
 5.88635e-10
 7.37024e-09
 7.36938e-08
 4.89711e-07
 1.37913e-06
 1.27062e-06
 3.14805e-07
 4.51618e-10
 5.20779e-12
 1.03229e-13
 2.80561e-15
 1.15081e-16
 9.42393e-17
 2.02382e-16
 1.80799e-16
 8.63524e-17
 2.25896e-17
 3.21249e-18
 1.81501e-19
 9.76892e-14
 1.04709e-14
 9.76892e-14
 7.61161e-13
 3.17749e-12
 7.71271e-12
 1.02796e-11
 5.92658e-12
 1.80847e-10
 5.83208e-09
 7.19405e-08
 5.32221e-07
 1.74064e-06
 1.75518e-06
 4.80475e-07
 1.25607e-24
 2.98421e-23
 6.00399e-22
 1.23223e-20
 2.79916e-19
 6.47806e-18
 2.00683e-17
 2.46635e-17
 1.45090e-17
 4.33500e-18
 6.71129e-19
 4.00680e-20
 2.46211e-14
 2.91953e-15
 2.46211e-14
 1.73708e-13
 6.35418e-13
 1.33854e-12
 1.44676e-12
 2.24159e-12
 4.48001e-10
 9.57473e-09
 9.61526e-08
 6.41299e-07
 2.14539e-06
 2.24411e-06
 6.52999e-07
 1.34091e-24
 2.78116e-23
 4.34928e-22
 5.57758e-21
 6.42028e-20
 6.37141e-19
 2.13233e-18
 3.11191e-18
 2.16664e-18
 7.25277e-19
 1.24596e-19
 8.27349e-21
 5.10988e-15
 7.02534e-16
 5.10988e-15
 3.19668e-14
 1.02835e-13
 1.92685e-13
 1.83857e-13
 3.75770e-11
 2.22133e-09
 2.54105e-08
 1.71338e-07
 8.92979e-07
 2.69731e-06
 2.78310e-06
 8.30654e-07
 5.97022e-25
 9.99236e-24
 1.22702e-22
 1.19623e-21
 9.68676e-21
 6.70166e-20
 2.17055e-19
 3.49045e-19
 2.73484e-19
 1.01093e-19
 1.95116e-20
 1.49961e-21
 8.23468e-16
 1.33366e-16
 8.23468e-16
 4.46448e-15
 1.28034e-14
 2.14436e-14
 1.90750e-14
 1.82078e-09
 2.19723e-08
 1.14585e-07
 4.35606e-07
 1.45443e-06
 3.56761e-06
 3.49349e-06
 1.03913e-06
 1.59438e-25
 2.09578e-24
 2.04523e-23
 1.59828e-22
 1.04888e-21
 6.00759e-21
 1.89281e-20
 3.22292e-20
 2.72320e-20
 1.10158e-20
 2.40462e-21
 2.19647e-22
 7.36050e-08
 7.20200e-08
 7.36050e-08
 7.86830e-08
 8.83001e-08
 1.04605e-07
 1.31755e-07
 1.86934e-07
 3.30391e-07
 6.64411e-07
 1.36534e-06
 2.88754e-06
 5.36988e-06
 4.75421e-06
 1.35312e-06
 6.79938e-26
 4.90510e-25
 2.80899e-24
 1.48859e-23
 7.71248e-23
 3.91785e-22
 1.22461e-21
 2.15475e-21
 1.91544e-21
 8.43986e-22
 2.08789e-22
 2.29435e-23
 7.65399e-06
 7.66927e-06
 7.65399e-06
 7.60462e-06
 7.58946e-06
 7.65011e-06
 7.75695e-06
 7.91886e-06
 8.13961e-06
 8.45781e-06
 8.99792e-06
 1.00424e-05
 1.13941e-05
 8.00689e-06
 1.98325e-06
 1.16534e-24
 9.56834e-24
 5.78418e-23
 2.86672e-22
 1.25320e-21
 5.11781e-21
 1.42294e-20
 2.44192e-20
 2.54277e-20
 1.59419e-20
 6.05964e-21
 1.25362e-21
 1.68303e-05
 1.69801e-05
 1.68303e-05
 1.63707e-05
 1.60885e-05
 1.62536e-05
 1.66130e-05
 1.70938e-05
 1.74599e-05
 1.75891e-05
 1.76159e-05
 1.76135e-05
 1.71747e-05
 1.08237e-05
 2.45205e-06
 2.63217e-23
 2.43069e-22
 1.62945e-21
 8.75899e-21
 4.03013e-20
 1.66913e-19
 4.70563e-19
 8.13772e-19
 8.24331e-19
 4.84617e-19
 1.66301e-19
 2.88470e-20
 1.58060e-05
 1.65708e-05
 1.58060e-05
 1.40972e-05
 1.32181e-05
 1.36650e-05
 1.47472e-05
 1.63918e-05
 1.80990e-05
 1.91025e-05
 1.93644e-05
 1.92744e-05
 1.85225e-05
 1.14726e-05
 2.53166e-06
 2.02000e-22
 2.12505e-21
 1.61456e-20
 9.70810e-20
 4.89035e-19
 2.15167e-18
 6.42737e-18
 1.14580e-17
 1.14529e-17
 6.35956e-18
 1.96425e-18
 2.81402e-19
 1.07414e-05
 1.23956e-05
 1.07414e-05
 7.88272e-06
 6.80436e-06
 7.55119e-06
 9.29365e-06
 1.20735e-05
 1.55718e-05
 1.82729e-05
 1.93377e-05
 1.95252e-05
 1.88798e-05
 1.16571e-05
 2.53176e-06
 7.72779e-22
 9.40285e-21
 8.30742e-20
 5.79784e-19
 3.35254e-18
 1.65589e-17
 5.47657e-17
 1.02285e-16
 1.01735e-16
 5.36629e-17
 1.49232e-17
 1.76369e-18
 6.87426e-06
 9.13367e-06
 6.87426e-06
 3.79759e-06
 3.25356e-06
 4.39858e-06
 6.57735e-06
 9.83083e-06
 1.42117e-05
 1.78484e-05
 1.93310e-05
 1.96146e-05
 1.88410e-05
 1.14363e-05
 2.40423e-06
 1.79646e-21
 2.48500e-20
 2.52229e-19
 2.10133e-18
 1.50214e-17
 9.11927e-17
 3.48820e-16
 6.82074e-16
 6.72276e-16
 3.37322e-16
 8.47419e-17
 8.39871e-18
 4.48046e-06
 6.93159e-06
 4.48046e-06
 1.67410e-06
 1.84554e-06
 3.63329e-06
 6.79547e-06
 1.10486e-05
 1.54674e-05
 1.84263e-05
 1.95263e-05
 1.96908e-05
 1.86396e-05
 1.10037e-05
 2.18789e-06
 2.08061e-21
 3.24195e-20
 4.06518e-19
 4.51754e-18
 4.56527e-17
 4.18421e-16
 1.91326e-15
 3.78159e-15
 3.59637e-15
 1.70761e-15
 3.90049e-16
 3.35664e-17
 3.06095e-06
 5.29717e-06
 3.06095e-06
 7.95406e-07
 1.58362e-06
 4.27279e-06
 9.21268e-06
 1.49653e-05
 1.83552e-05
 1.93949e-05
 1.97824e-05
 1.97115e-05
 1.82101e-05
 1.02874e-05
 1.87090e-06
 9.27187e-21
 1.96685e-20
 2.84320e-19
 3.46959e-18
 3.54885e-17
 2.06988e-15
 1.04463e-14
 1.90296e-14
 1.65297e-14
 7.32634e-15
 1.53855e-15
 1.21016e-16
 2.24348e-06
 4.08088e-06
 2.24348e-06
 5.44380e-07
 1.77955e-06
 5.37721e-06
 1.16922e-05
 1.76753e-05
 1.98609e-05
 1.99070e-05
 1.98615e-05
 1.95157e-05
 1.72891e-05
 9.14769e-06
 1.48656e-06
 5.81448e-09
 1.61742e-10
 8.00703e-12
 6.15299e-13
 6.34669e-14
 3.91004e-14
 1.13813e-13
 1.47197e-13
 9.83634e-14
 3.40088e-14
 5.38795e-15
 4.15105e-16
 1.63104e-12
 1.69911e-13
 1.63104e-12
 1.50027e-11
 8.87062e-11
 3.81186e-10
 1.30313e-09
 3.92482e-09
 1.17885e-08
 3.85029e-08
 1.35318e-07
 3.71200e-07
 6.16180e-07
 4.40051e-07
 9.19482e-08
 2.71605e-09
 1.78505e-10
 1.74943e-11
 2.37324e-12
 4.12969e-13
 9.01742e-14
 2.65847e-14
 8.28036e-15
 2.16618e-15
 4.05472e-16
 4.70555e-17
 2.40936e-18
 9.01764e-13
 9.38384e-14
 9.01764e-13
 7.99766e-12
 4.34790e-11
 1.61506e-10
 4.45671e-10
 1.11908e-09
 3.83080e-09
 1.87144e-08
 1.05736e-07
 4.56987e-07
 9.98548e-07
 8.11165e-07
 1.81257e-07
 1.75682e-09
 5.43884e-11
 3.03998e-12
 2.51867e-13
 2.79958e-14
 4.72940e-15
 2.41730e-15
 1.27855e-15
 4.59107e-16
 1.04130e-16
 1.35823e-17
 7.38780e-19
 3.34630e-13
 3.47522e-14
 3.34630e-13
 2.78736e-12
 1.30963e-11
 3.82978e-11
 7.12170e-11
 1.09737e-10
 5.88635e-10
 7.37024e-09
 7.36938e-08
 4.89711e-07
 1.37913e-06
 1.27062e-06
 3.14805e-07
 4.51618e-10
 5.20779e-12
 1.03229e-13
 2.80561e-15
 1.15081e-16
 9.42393e-17
 2.02382e-16
 1.80799e-16
 8.63524e-17
 2.25896e-17
 3.21249e-18
 1.81501e-19
 9.76892e-14
 1.04709e-14
 9.76892e-14
 7.61161e-13
 3.17749e-12
 7.71271e-12
 1.02796e-11
 5.92658e-12
 1.80847e-10
 5.83208e-09
 7.19405e-08
 5.32221e-07
 1.74064e-06
 1.75518e-06
 4.80475e-07
 1.25607e-24
 2.98421e-23
 6.00399e-22
 1.23223e-20
 2.79916e-19
 6.47806e-18
 2.00683e-17
 2.46635e-17
 1.45090e-17
 4.33500e-18
 6.71129e-19
 4.00680e-20
 2.46211e-14
 2.91953e-15
 2.46211e-14
 1.73708e-13
 6.35418e-13
 1.33854e-12
 1.44676e-12
 2.24159e-12
 4.48001e-10
 9.57473e-09
 9.61526e-08
 6.41299e-07
 2.14539e-06
 2.24411e-06
 6.52999e-07
 1.34091e-24
 2.78116e-23
 4.34928e-22
 5.57758e-21
 6.42028e-20
 6.37141e-19
 2.13233e-18
 3.11191e-18
 2.16664e-18
 7.25277e-19
 1.24596e-19
 8.27349e-21
 5.10988e-15
 7.02534e-16
 5.10988e-15
 3.19668e-14
 1.02835e-13
 1.92685e-13
 1.83857e-13
 3.75770e-11
 2.22133e-09
 2.54105e-08
 1.71338e-07
 8.92979e-07
 2.69731e-06
 2.78310e-06
 8.30654e-07
 5.97022e-25
 9.99236e-24
 1.22702e-22
 1.19623e-21
 9.68676e-21
 6.70166e-20
 2.17055e-19
 3.49045e-19
 2.73484e-19
 1.01093e-19
 1.95116e-20
 1.49961e-21
 8.23468e-16
 1.33366e-16
 8.23468e-16
 4.46448e-15
 1.28034e-14
 2.14436e-14
 1.90750e-14
 1.82078e-09
 2.19723e-08
 1.14585e-07
 4.35606e-07
 1.45443e-06
 3.56761e-06
 3.49349e-06
 1.03913e-06
 1.59438e-25
 2.09578e-24
 2.04523e-23
 1.59828e-22
 1.04888e-21
 6.00759e-21
 1.89281e-20
 3.22292e-20
 2.72320e-20
 1.10158e-20
 2.40462e-21
 2.19647e-22
 7.36050e-08
 7.20200e-08
 7.36050e-08
 7.86830e-08
 8.83001e-08
 1.04605e-07
 1.31755e-07
 1.86934e-07
 3.30391e-07
 6.64411e-07
 1.36534e-06
 2.88754e-06
 5.36988e-06
 4.75421e-06
 1.35312e-06
 6.79938e-26
 4.90510e-25
 2.80899e-24
 1.48859e-23
 7.71248e-23
 3.91785e-22
 1.22461e-21
 2.15475e-21
 1.91544e-21
 8.43986e-22
 2.08789e-22
 2.29435e-23
 7.65399e-06
 7.66927e-06
 7.65399e-06
 7.60462e-06
 7.58946e-06
 7.65011e-06
 7.75695e-06
 7.91886e-06
 8.13961e-06
 8.45781e-06
 8.99792e-06
 1.00424e-05
 1.13941e-05
 8.00689e-06
 1.98325e-06
 1.16534e-24
 9.56834e-24
 5.78418e-23
 2.86672e-22
 1.25320e-21
 5.11781e-21
 1.42294e-20
 2.44192e-20
 2.54277e-20
 1.59419e-20
 6.05964e-21
 1.25362e-21
 1.68303e-05
 1.69801e-05
 1.68303e-05
 1.63707e-05
 1.60885e-05
 1.62536e-05
 1.66130e-05
 1.70938e-05
 1.74599e-05
 1.75891e-05
 1.76159e-05
 1.76135e-05
 1.71747e-05
 1.08237e-05
 2.45205e-06
 2.63217e-23
 2.43069e-22
 1.62945e-21
 8.75899e-21
 4.03013e-20
 1.66913e-19
 4.70563e-19
 8.13772e-19
 8.24331e-19
 4.84617e-19
 1.66301e-19
 2.88470e-20
 1.58060e-05
 1.65708e-05
 1.58060e-05
 1.40972e-05
 1.32181e-05
 1.36650e-05
 1.47472e-05
 1.63918e-05
 1.80990e-05
 1.91025e-05
 1.93644e-05
 1.92744e-05
 1.85225e-05
 1.14726e-05
 2.53166e-06
 2.02000e-22
 2.12505e-21
 1.61456e-20
 9.70810e-20
 4.89035e-19
 2.15167e-18
 6.42737e-18
 1.14580e-17
 1.14529e-17
 6.35956e-18
 1.96425e-18
 2.81402e-19
 1.07414e-05
 1.23956e-05
 1.07414e-05
 7.88272e-06
 6.80436e-06
 7.55119e-06
 9.29365e-06
 1.20735e-05
 1.55718e-05
 1.82729e-05
 1.93377e-05
 1.95252e-05
 1.88798e-05
 1.16571e-05
 2.53176e-06
 7.72779e-22
 9.40285e-21
 8.30742e-20
 5.79784e-19
 3.35254e-18
 1.65589e-17
 5.47657e-17
 1.02285e-16
 1.01735e-16
 5.36629e-17
 1.49232e-17
 1.76369e-18
 6.87426e-06
 9.13367e-06
 6.87426e-06
 3.79759e-06
 3.25356e-06
 4.39858e-06
 6.57735e-06
 9.83083e-06
 1.42117e-05
 1.78484e-05
 1.93310e-05
 1.96146e-05
 1.88410e-05
 1.14363e-05
 2.40423e-06
 1.79646e-21
 2.48500e-20
 2.52229e-19
 2.10133e-18
 1.50214e-17
 9.11927e-17
 3.48820e-16
 6.82074e-16
 6.72276e-16
 3.37322e-16
 8.47419e-17
 8.39871e-18
 4.48046e-06
 6.93159e-06
 4.48046e-06
 1.67410e-06
 1.84554e-06
 3.63329e-06
 6.79547e-06
 1.10486e-05
 1.54674e-05
 1.84263e-05
 1.95263e-05
 1.96908e-05
 1.86396e-05
 1.10037e-05
 2.18789e-06
 2.08061e-21
 3.24195e-20
 4.06518e-19
 4.51754e-18
 4.56527e-17
 4.18421e-16
 1.91326e-15
 3.78159e-15
 3.59637e-15
 1.70761e-15
 3.90049e-16
 3.35664e-17
 3.06095e-06
 5.29717e-06
 3.06095e-06
 7.95406e-07
 1.58362e-06
 4.27279e-06
 9.21268e-06
 1.49653e-05
 1.83552e-05
 1.93949e-05
 1.97824e-05
 1.97115e-05
 1.82101e-05
 1.02874e-05
 1.87090e-06
 9.27187e-21
 1.96685e-20
 2.84320e-19
 3.46959e-18
 3.54885e-17
 2.06988e-15
 1.04463e-14
 1.90296e-14
 1.65297e-14
 7.32634e-15
 1.53855e-15
 1.21016e-16
 2.24348e-06
 4.08088e-06
 2.24348e-06
 5.44380e-07
 1.77955e-06
 5.37721e-06
 1.16922e-05
 1.76753e-05
 1.98609e-05
 1.99070e-05
 1.98615e-05
 1.95157e-05
 1.72891e-05
 9.14769e-06
 1.48656e-06
 5.81448e-09
 1.61742e-10
 8.00703e-12
 6.15299e-13
 6.34669e-14
 3.91004e-14
 1.13813e-13
 1.47197e-13
 9.83634e-14
 3.40088e-14
 5.38795e-15
 4.15105e-16
part
         7
coordinates
 3.35664e-17
 3.90049e-16
 1.70761e-15
 3.59637e-15
 3.78159e-15
 1.91326e-15
 4.18421e-16
 4.56527e-17
 4.51754e-18
 4.06518e-19
 3.24195e-20
 2.08061e-21
 2.18789e-06
 1.10037e-05
 1.86396e-05
 1.96908e-05
 1.95263e-05
 1.84263e-05
 1.54674e-05
 1.10486e-05
 6.79547e-06
 3.63329e-06
 1.84554e-06
 1.67410e-06
 4.48046e-06
 6.93159e-06
 4.48046e-06
 1.21016e-16
 1.53855e-15
 7.32634e-15
 1.65297e-14
 1.90296e-14
 1.04463e-14
 2.06988e-15
 3.54885e-17
 3.46959e-18
 2.84320e-19
 1.96685e-20
 9.27187e-21
 1.87090e-06
 1.02874e-05
 1.82101e-05
 1.97115e-05
 1.97824e-05
 1.93949e-05
 1.83552e-05
 1.49653e-05
 9.21268e-06
 4.27279e-06
 1.58362e-06
 7.95406e-07
 3.06095e-06
 5.29717e-06
 3.06095e-06
 4.15105e-16
 5.38795e-15
 3.40088e-14
 9.83634e-14
 1.47197e-13
 1.13813e-13
 3.91004e-14
 6.34669e-14
 6.15299e-13
 8.00703e-12
 1.61742e-10
 5.81448e-09
 1.48656e-06
 9.14769e-06
 1.72891e-05
 1.95157e-05
 1.98615e-05
 1.99070e-05
 1.98609e-05
 1.76753e-05
 1.16922e-05
 5.37721e-06
 1.77955e-06
 5.44380e-07
 2.24348e-06
 4.08088e-06
 2.24348e-06
 1.19936e-15
 1.61271e-14
 1.31282e-13
 4.44203e-13
 8.47430e-13
 1.09189e-12
 1.37213e-12
 4.02831e-12
 1.94873e-11
 1.30216e-10
 1.29668e-09
 2.23135e-08
 1.09681e-06
 7.48873e-06
 1.54839e-05
 1.87222e-05
 1.94769e-05
 1.96073e-05
 1.92055e-05
 1.71190e-05
 1.17974e-05
 5.60071e-06
 1.83662e-06
 4.72104e-07
 1.76468e-06
 3.26115e-06
 1.76468e-06
 2.59538e-15
 5.10610e-14
 3.90761e-13
 1.56707e-12
 4.16794e-12
 8.59135e-12
 1.73144e-11
 4.67485e-11
 1.62785e-10
 7.27714e-10
 4.45459e-09
 3.99970e-08
 7.34467e-07
 5.31942e-06
 1.22193e-05
 1.63331e-05
 1.77685e-05
 1.78903e-05
 1.69653e-05
 1.42792e-05
 9.37455e-06
 4.36508e-06
 1.42474e-06
 3.54005e-07
 1.45779e-06
 2.73498e-06
 1.45779e-06
 4.08327e-15
 9.66740e-14
 7.38670e-13
 3.42111e-12
 1.16045e-11
 3.23914e-11
 8.29112e-11
 2.16393e-10
 6.20683e-10
 2.05689e-09
 8.35183e-09
 4.49345e-08
 4.14778e-07
 2.93079e-06
 7.35550e-06
 1.10902e-05
 1.28779e-05
 1.28534e-05
 1.15787e-05
 8.97919e-06
 5.45611e-06
 2.43482e-06
 7.92421e-07
 2.05377e-07
 1.25041e-06
 2.38777e-06
 1.25041e-06
 4.91704e-15
 1.19694e-13
 9.46494e-13
 4.71116e-12
 1.76597e-11
 5.46206e-11
 1.48969e-10
 3.82426e-10
 1.00121e-09
 2.81442e-09
 8.82406e-09
 3.29334e-08
 1.74135e-07
 1.08626e-06
 2.84549e-06
 4.77752e-06
 5.89099e-06
 5.78690e-06
 4.92798e-06
 3.52170e-06
 2.02403e-06
 9.07624e-07
 3.02822e-07
 9.11479e-08
 1.11112e-06
 2.15841e-06
 1.11112e-06
 3.19474e-15
 7.23671e-14
 6.06897e-13
 3.08906e-12
 1.18055e-11
 3.72966e-11
 1.03586e-10
 2.66135e-10
 6.64984e-10
 1.68839e-09
 4.51760e-09
 1.30947e-08
 4.50656e-08
 2.33125e-07
 6.04522e-07
 1.05220e-06
 1.32118e-06
 1.27774e-06
 1.05330e-06
 7.24144e-07
 4.05714e-07
 1.84530e-07
 6.55128e-08
 3.10748e-08
 1.02139e-06
 2.00819e-06
 1.02139e-06
 7.00334e-16
 1.09520e-14
 1.15288e-13
 6.02159e-13
 2.32087e-12
 7.49080e-12
 2.15624e-11
 5.73179e-11
 1.40541e-10
 3.25363e-10
 7.25722e-10
 1.59784e-09
 4.46569e-09
 2.00595e-08
 4.95393e-08
 8.55006e-08
 1.06707e-07
 1.00491e-07
 7.94259e-08
 5.19757e-08
 2.88576e-08
 1.41374e-08
 5.70821e-09
 1.24202e-08
 9.70924e-07
 1.91989e-06
 9.70924e-07
 6.76262e-17
 8.32907e-16
 4.27711e-15
 1.17630e-14
 2.32868e-14
 2.83801e-14
 1.33445e-14
 0.00000e+00
 0.00000e+00
 0.00000e+00
 0.00000e+00
 0.00000e+00
 0.00000e+00
 0.00000e+00
 0.00000e+00
 0.00000e+00
 0.00000e+00
 0.00000e+00
 0.00000e+00
 5.46069e-11
 1.90170e-10
 2.73023e-10
 2.89060e-10
 9.56780e-09
 9.50583e-07
 1.88233e-06
 9.50583e-07
 1.42562e-17
 1.54072e-16
 5.59203e-16
 9.91071e-16
 9.54558e-16
 4.79677e-16
 9.68031e-17
 0.00000e+00
 0.00000e+00
 0.00000e+00
 0.00000e+00
 0.00000e+00
 0.00000e+00
 0.00000e+00
 0.00000e+00
 0.00000e+00
 0.00000e+00
 0.00000e+00
 0.00000e+00
 7.90656e-13
 6.19601e-12
 1.77365e-11
 8.68752e-11
 9.98813e-09
 9.71071e-07
 1.92232e-06
 9.71071e-07
 3.49150e-18
 3.36005e-17
 9.12055e-17
 1.17968e-16
 7.65349e-17
 2.16726e-17
 2.00886e-18
 0.00000e+00
 0.00000e+00
 0.00000e+00
 0.00000e+00
 0.00000e+00
 0.00000e+00
 0.00000e+00
 0.00000e+00
 0.00000e+00
 0.00000e+00
 0.00000e+00
 0.00000e+00
 2.15908e-14
 3.86622e-13
 2.31660e-12
 8.51149e-11
 1.16324e-08
 1.03672e-06
 2.05033e-06
 1.03672e-06
 9.09615e-19
 7.63426e-18
 1.75128e-17
 1.76733e-17
 8.30002e-18
 1.47661e-18
 6.17330e-20
 0.00000e+00
 0.00000e+00
 0.00000e+00
 0.00000e+00
 0.00000e+00
 0.00000e+00
 0.00000e+00
 0.00000e+00
 0.00000e+00
 0.00000e+00
 0.00000e+00
 0.00000e+00
 9.02238e-16
 4.20290e-14
 1.31335e-12
 1.34513e-10
 1.52397e-08
 1.14400e-06
 2.25778e-06
 1.14400e-06
 2.35786e-19
 1.74493e-18
 3.59092e-18
 3.06125e-18
 1.11164e-18
 1.34732e-19
 2.55729e-21
 0.00000e+00
 0.00000e+00
 0.00000e+00
 0.00000e+00
 0.00000e+00
 0.00000e+00
 0.00000e+00
 0.00000e+00
 0.00000e+00
 0.00000e+00
 0.00000e+00
 0.00000e+00
 7.33148e-17
 4.58676e-14
 6.60003e-12
 4.20627e-10
 2.69040e-08
 1.37414e-06
 2.69531e-06
 1.37414e-06
 4.74470e-20
 2.93069e-19
 5.59232e-19
 4.38390e-19
 1.37277e-19
 1.26184e-20
 1.21783e-22
 0.00000e+00
 0.00000e+00
 0.00000e+00
 0.00000e+00
 0.00000e+00
 0.00000e+00
 0.00000e+00
 0.00000e+00
 0.00000e+00
 0.00000e+00
 0.00000e+00
 0.00000e+00
 3.94471e-17
 3.71568e-14
 5.84614e-12
 3.34392e-10
 1.80674e-08
 7.68925e-07
 1.50237e-06
 7.68925e-07
 3.35664e-17
 3.90049e-16
 1.70761e-15
 3.59637e-15
 3.78159e-15
 1.91326e-15
 4.18421e-16
 4.56527e-17
 4.51754e-18
 4.06518e-19
 3.24195e-20
 2.08061e-21
 2.18789e-06
 1.10037e-05
 1.86396e-05
 1.96908e-05
 1.95263e-05
 1.84263e-05
 1.54674e-05
 1.10486e-05
 6.79547e-06
 3.63329e-06
 1.84554e-06
 1.67410e-06
 4.48046e-06
 6.93159e-06
 4.48046e-06
 1.21016e-16
 1.53855e-15
 7.32634e-15
 1.65297e-14
 1.90296e-14
 1.04463e-14
 2.06988e-15
 3.54885e-17
 3.46959e-18
 2.84320e-19
 1.96685e-20
 9.27187e-21
 1.87090e-06
 1.02874e-05
 1.82101e-05
 1.97115e-05
 1.97824e-05
 1.93949e-05
 1.83552e-05
 1.49653e-05
 9.21268e-06
 4.27279e-06
 1.58362e-06
 7.95406e-07
 3.06095e-06
 5.29717e-06
 3.06095e-06
 4.15105e-16
 5.38795e-15
 3.40088e-14
 9.83634e-14
 1.47197e-13
 1.13813e-13
 3.91004e-14
 6.34669e-14
 6.15299e-13
 8.00703e-12
 1.61742e-10
 5.81448e-09
 1.48656e-06
 9.14769e-06
 1.72891e-05
 1.95157e-05
 1.98615e-05
 1.99070e-05
 1.98609e-05
 1.76753e-05
 1.16922e-05
 5.37721e-06
 1.77955e-06
 5.44380e-07
 2.24348e-06
 4.08088e-06
 2.24348e-06
 1.19936e-15
 1.61271e-14
 1.31282e-13
 4.44203e-13
 8.47430e-13
 1.09189e-12
 1.37213e-12
 4.02831e-12
 1.94873e-11
 1.30216e-10
 1.29668e-09
 2.23135e-08
 1.09681e-06
 7.48873e-06
 1.54839e-05
 1.87222e-05
 1.94769e-05
 1.96073e-05
 1.92055e-05
 1.71190e-05
 1.17974e-05
 5.60071e-06
 1.83662e-06
 4.72104e-07
 1.76468e-06
 3.26115e-06
 1.76468e-06
 2.59538e-15
 5.10610e-14
 3.90761e-13
 1.56707e-12
 4.16794e-12
 8.59135e-12
 1.73144e-11
 4.67485e-11
 1.62785e-10
 7.27714e-10
 4.45459e-09
 3.99970e-08
 7.34467e-07
 5.31942e-06
 1.22193e-05
 1.63331e-05
 1.77685e-05
 1.78903e-05
 1.69653e-05
 1.42792e-05
 9.37455e-06
 4.36508e-06
 1.42474e-06
 3.54005e-07
 1.45779e-06
 2.73498e-06
 1.45779e-06
 4.08327e-15
 9.66740e-14
 7.38670e-13
 3.42111e-12
 1.16045e-11
 3.23914e-11
 8.29112e-11
 2.16393e-10
 6.20683e-10
 2.05689e-09
 8.35183e-09
 4.49345e-08
 4.14778e-07
 2.93079e-06
 7.35550e-06
 1.10902e-05
 1.28779e-05
 1.28534e-05
 1.15787e-05
 8.97919e-06
 5.45611e-06
 2.43482e-06
 7.92421e-07
 2.05377e-07
 1.25041e-06
 2.38777e-06
 1.25041e-06
 4.91704e-15
 1.19694e-13
 9.46494e-13
 4.71116e-12
 1.76597e-11
 5.46206e-11
 1.48969e-10
 3.82426e-10
 1.00121e-09
 2.81442e-09
 8.82406e-09
 3.29334e-08
 1.74135e-07
 1.08626e-06
 2.84549e-06
 4.77752e-06
 5.89099e-06
 5.78690e-06
 4.92798e-06
 3.52170e-06
 2.02403e-06
 9.07624e-07
 3.02822e-07
 9.11479e-08
 1.11112e-06
 2.15841e-06
 1.11112e-06
 3.19474e-15
 7.23671e-14
 6.06897e-13
 3.08906e-12
 1.18055e-11
 3.72966e-11
 1.03586e-10
 2.66135e-10
 6.64984e-10
 1.68839e-09
 4.51760e-09
 1.30947e-08
 4.50656e-08
 2.33125e-07
 6.04522e-07
 1.05220e-06
 1.32118e-06
 1.27774e-06
 1.05330e-06
 7.24144e-07
 4.05714e-07
 1.84530e-07
 6.55128e-08
 3.10748e-08
 1.02139e-06
 2.00819e-06
 1.02139e-06
 7.00334e-16
 1.09520e-14
 1.15288e-13
 6.02159e-13
 2.32087e-12
 7.49080e-12
 2.15624e-11
 5.73179e-11
 1.40541e-10
 3.25363e-10
 7.25722e-10
 1.59784e-09
 4.46569e-09
 2.00595e-08
 4.95393e-08
 8.55006e-08
 1.06707e-07
 1.00491e-07
 7.94259e-08
 5.19757e-08
 2.88576e-08
 1.41374e-08
 5.70821e-09
 1.24202e-08
 9.70924e-07
 1.91989e-06
 9.70924e-07
 6.76262e-17
 8.32907e-16
 4.27711e-15
 1.17630e-14
 2.32868e-14
 2.83801e-14
 1.33445e-14
 0.00000e+00
 0.00000e+00
 0.00000e+00
 0.00000e+00
 0.00000e+00
 0.00000e+00
 0.00000e+00
 0.00000e+00
 0.00000e+00
 0.00000e+00
 0.00000e+00
 0.00000e+00
 5.46069e-11
 1.90170e-10
 2.73023e-10
 2.89060e-10
 9.56780e-09
 9.50583e-07
 1.88233e-06
 9.50583e-07
 1.42562e-17
 1.54072e-16
 5.59203e-16
 9.91071e-16
 9.54558e-16
 4.79677e-16
 9.68031e-17
 0.00000e+00
 0.00000e+00
 0.00000e+00
 0.00000e+00
 0.00000e+00
 0.00000e+00
 0.00000e+00
 0.00000e+00
 0.00000e+00
 0.00000e+00
 0.00000e+00
 0.00000e+00
 7.90656e-13
 6.19601e-12
 1.77365e-11
 8.68752e-11
 9.98813e-09
 9.71071e-07
 1.92232e-06
 9.71071e-07
 3.49150e-18
 3.36005e-17
 9.12055e-17
 1.17968e-16
 7.65349e-17
 2.16726e-17
 2.00886e-18
 0.00000e+00
 0.00000e+00
 0.00000e+00
 0.00000e+00
 0.00000e+00
 0.00000e+00
 0.00000e+00
 0.00000e+00
 0.00000e+00
 0.00000e+00
 0.00000e+00
 0.00000e+00
 2.15908e-14
 3.86622e-13
 2.31660e-12
 8.51149e-11
 1.16324e-08
 1.03672e-06
 2.05033e-06
 1.03672e-06
 9.09615e-19
 7.63426e-18
 1.75128e-17
 1.76733e-17
 8.30002e-18
 1.47661e-18
 6.17330e-20
 0.00000e+00
 0.00000e+00
 0.00000e+00
 0.00000e+00
 0.00000e+00
 0.00000e+00
 0.00000e+00
 0.00000e+00
 0.00000e+00
 0.00000e+00
 0.00000e+00
 0.00000e+00
 9.02238e-16
 4.20290e-14
 1.31335e-12
 1.34513e-10
 1.52397e-08
 1.14400e-06
 2.25778e-06
 1.14400e-06
 2.35786e-19
 1.74493e-18
 3.59092e-18
 3.06125e-18
 1.11164e-18
 1.34732e-19
 2.55729e-21
 0.00000e+00
 0.00000e+00
 0.00000e+00
 0.00000e+00
 0.00000e+00
 0.00000e+00
 0.00000e+00
 0.00000e+00
 0.00000e+00
 0.00000e+00
 0.00000e+00
 0.00000e+00
 7.33148e-17
 4.58676e-14
 6.60003e-12
 4.20627e-10
 2.69040e-08
 1.37414e-06
 2.69531e-06
 1.37414e-06
 4.74470e-20
 2.93069e-19
 5.59232e-19
 4.38390e-19
 1.37277e-19
 1.26184e-20
 1.21783e-22
 0.00000e+00
 0.00000e+00
 0.00000e+00
 0.00000e+00
 0.00000e+00
 0.00000e+00
 0.00000e+00
 0.00000e+00
 0.00000e+00
 0.00000e+00
 0.00000e+00
 0.00000e+00
 3.94471e-17
 3.71568e-14
 5.84614e-12
 3.34392e-10
 1.80674e-08
 7.68925e-07
 1.50237e-06
 7.68925e-07
part
         8
coordinates
 4.48046e-06
 6.93159e-06
 4.48046e-06
 1.67410e-06
 1.84554e-06
 3.63329e-06
 6.79547e-06
 1.10486e-05
 1.54674e-05
 1.84263e-05
 1.95263e-05
 1.96908e-05
 1.86396e-05
 1.10037e-05
 2.18789e-06
 2.08061e-21
 3.24195e-20
 4.06518e-19
 4.51754e-18
 4.56527e-17
 4.18421e-16
 1.91326e-15
 3.78159e-15
 3.59637e-15
 1.70761e-15
 3.90049e-16
 3.35664e-17
 3.06095e-06
 5.29717e-06
 3.06095e-06
 7.95406e-07
 1.58362e-06
 4.27279e-06
 9.21268e-06
 1.49653e-05
 1.83552e-05
 1.93949e-05
 1.97824e-05
 1.97115e-05
 1.82101e-05
 1.02874e-05
 1.87090e-06
 9.27187e-21
 1.96685e-20
 2.84320e-19
 3.46959e-18
 3.54885e-17
 2.06988e-15
 1.04463e-14
 1.90296e-14
 1.65297e-14
 7.32634e-15
 1.53855e-15
 1.21016e-16
 2.24348e-06
 4.08088e-06
 2.24348e-06
 5.44380e-07
 1.77955e-06
 5.37721e-06
 1.16922e-05
 1.76753e-05
 1.98609e-05
 1.99070e-05
 1.98615e-05
 1.95157e-05
 1.72891e-05
 9.14769e-06
 1.48656e-06
 5.81448e-09
 1.61742e-10
 8.00703e-12
 6.15299e-13
 6.34669e-14
 3.91004e-14
 1.13813e-13
 1.47197e-13
 9.83634e-14
 3.40088e-14
 5.38795e-15
 4.15105e-16
 1.76468e-06
 3.26115e-06
 1.76468e-06
 4.72104e-07
 1.83662e-06
 5.60071e-06
 1.17974e-05
 1.71190e-05
 1.92055e-05
 1.96073e-05
 1.94769e-05
 1.87222e-05
 1.54839e-05
 7.48873e-06
 1.09681e-06
 2.23135e-08
 1.29668e-09
 1.30216e-10
 1.94873e-11
 4.02831e-12
 1.37213e-12
 1.09189e-12
 8.47430e-13
 4.44203e-13
 1.31282e-13
 1.61271e-14
 1.19936e-15
 1.45779e-06
 2.73498e-06
 1.45779e-06
 3.54005e-07
 1.42474e-06
 4.36508e-06
 9.37455e-06
 1.42792e-05
 1.69653e-05
 1.78903e-05
 1.77685e-05
 1.63331e-05
 1.22193e-05
 5.31942e-06
 7.34467e-07
 3.99970e-08
 4.45459e-09
 7.27714e-10
 1.62785e-10
 4.67485e-11
 1.73144e-11
 8.59135e-12
 4.16794e-12
 1.56707e-12
 3.90761e-13
 5.10610e-14
 2.59538e-15
 1.25041e-06
 2.38777e-06
 1.25041e-06
 2.05377e-07
 7.92421e-07
 2.43482e-06
 5.45611e-06
 8.97919e-06
 1.15787e-05
 1.28534e-05
 1.28779e-05
 1.10902e-05
 7.35550e-06
 2.93079e-06
 4.14778e-07
 4.49345e-08
 8.35183e-09
 2.05689e-09
 6.20683e-10
 2.16393e-10
 8.29112e-11
 3.23914e-11
 1.16045e-11
 3.42111e-12
 7.38670e-13
 9.66740e-14
 4.08327e-15
 1.11112e-06
 2.15841e-06
 1.11112e-06
 9.11479e-08
 3.02822e-07
 9.07624e-07
 2.02403e-06
 3.52170e-06
 4.92798e-06
 5.78690e-06
 5.89099e-06
 4.77752e-06
 2.84549e-06
 1.08626e-06
 1.74135e-07
 3.29334e-08
 8.82406e-09
 2.81442e-09
 1.00121e-09
 3.82426e-10
 1.48969e-10
 5.46206e-11
 1.76597e-11
 4.71116e-12
 9.46494e-13
 1.19694e-13
 4.91704e-15
 1.02139e-06
 2.00819e-06
 1.02139e-06
 3.10748e-08
 6.55128e-08
 1.84530e-07
 4.05714e-07
 7.24144e-07
 1.05330e-06
 1.27774e-06
 1.32118e-06
 1.05220e-06
 6.04522e-07
 2.33125e-07
 4.50656e-08
 1.30947e-08
 4.51760e-09
 1.68839e-09
 6.64984e-10
 2.66135e-10
 1.03586e-10
 3.72966e-11
 1.18055e-11
 3.08906e-12
 6.06897e-13
 7.23671e-14
 3.19474e-15
 9.70924e-07
 1.91989e-06
 9.70924e-07
 1.24202e-08
 5.70821e-09
 1.41374e-08
 2.88576e-08
 5.19757e-08
 7.94259e-08
 1.00491e-07
 1.06707e-07
 8.55006e-08
 4.95393e-08
 2.00595e-08
 4.46569e-09
 1.59784e-09
 7.25722e-10
 3.25363e-10
 1.40541e-10
 5.73179e-11
 2.15624e-11
 7.49080e-12
 2.32087e-12
 6.02159e-13
 1.15288e-13
 1.09520e-14
 7.00334e-16
 9.50583e-07
 1.88233e-06
 9.50583e-07
 9.56780e-09
 2.89060e-10
 2.73023e-10
 1.90170e-10
 5.46069e-11
 0.00000e+00
 0.00000e+00
 0.00000e+00
 0.00000e+00
 0.00000e+00
 0.00000e+00
 0.00000e+00
 0.00000e+00
 0.00000e+00
 0.00000e+00
 0.00000e+00
 0.00000e+00
 1.33445e-14
 2.83801e-14
 2.32868e-14
 1.17630e-14
 4.27711e-15
 8.32907e-16
 6.76262e-17
 9.71071e-07
 1.92232e-06
 9.71071e-07
 9.98813e-09
 8.68752e-11
 1.77365e-11
 6.19601e-12
 7.90656e-13
 0.00000e+00
 0.00000e+00
 0.00000e+00
 0.00000e+00
 0.00000e+00
 0.00000e+00
 0.00000e+00
 0.00000e+00
 0.00000e+00
 0.00000e+00
 0.00000e+00
 0.00000e+00
 9.68031e-17
 4.79677e-16
 9.54558e-16
 9.91071e-16
 5.59203e-16
 1.54072e-16
 1.42562e-17
 1.03672e-06
 2.05033e-06
 1.03672e-06
 1.16324e-08
 8.51149e-11
 2.31660e-12
 3.86622e-13
 2.15908e-14
 0.00000e+00
 0.00000e+00
 0.00000e+00
 0.00000e+00
 0.00000e+00
 0.00000e+00
 0.00000e+00
 0.00000e+00
 0.00000e+00
 0.00000e+00
 0.00000e+00
 0.00000e+00
 2.00886e-18
 2.16726e-17
 7.65349e-17
 1.17968e-16
 9.12055e-17
 3.36005e-17
 3.49150e-18
 1.14400e-06
 2.25778e-06
 1.14400e-06
 1.52397e-08
 1.34513e-10
 1.31335e-12
 4.20290e-14
 9.02238e-16
 0.00000e+00
 0.00000e+00
 0.00000e+00
 0.00000e+00
 0.00000e+00
 0.00000e+00
 0.00000e+00
 0.00000e+00
 0.00000e+00
 0.00000e+00
 0.00000e+00
 0.00000e+00
 6.17330e-20
 1.47661e-18
 8.30002e-18
 1.76733e-17
 1.75128e-17
 7.63426e-18
 9.09615e-19
 1.37414e-06
 2.69531e-06
 1.37414e-06
 2.69040e-08
 4.20627e-10
 6.60003e-12
 4.58676e-14
 7.33148e-17
 0.00000e+00
 0.00000e+00
 0.00000e+00
 0.00000e+00
 0.00000e+00
 0.00000e+00
 0.00000e+00
 0.00000e+00
 0.00000e+00
 0.00000e+00
 0.00000e+00
 0.00000e+00
 2.55729e-21
 1.34732e-19
 1.11164e-18
 3.06125e-18
 3.59092e-18
 1.74493e-18
 2.35786e-19
 7.68925e-07
 1.50237e-06
 7.68925e-07
 1.80674e-08
 3.34392e-10
 5.84614e-12
 3.71568e-14
 3.94471e-17
 0.00000e+00
 0.00000e+00
 0.00000e+00
 0.00000e+00
 0.00000e+00
 0.00000e+00
 0.00000e+00
 0.00000e+00
 0.00000e+00
 0.00000e+00
 0.00000e+00
 0.00000e+00
 1.21783e-22
 1.26184e-20
 1.37277e-19
 4.38390e-19
 5.59232e-19
 2.93069e-19
 4.74470e-20
 4.48046e-06
 6.93159e-06
 4.48046e-06
 1.67410e-06
 1.84554e-06
 3.63329e-06
 6.79547e-06
 1.10486e-05
 1.54674e-05
 1.84263e-05
 1.95263e-05
 1.96908e-05
 1.86396e-05
 1.10037e-05
 2.18789e-06
 2.08061e-21
 3.24195e-20
 4.06518e-19
 4.51754e-18
 4.56527e-17
 4.18421e-16
 1.91326e-15
 3.78159e-15
 3.59637e-15
 1.70761e-15
 3.90049e-16
 3.35664e-17
 3.06095e-06
 5.29717e-06
 3.06095e-06
 7.95406e-07
 1.58362e-06
 4.27279e-06
 9.21268e-06
 1.49653e-05
 1.83552e-05
 1.93949e-05
 1.97824e-05
 1.97115e-05
 1.82101e-05
 1.02874e-05
 1.87090e-06
 9.27187e-21
 1.96685e-20
 2.84320e-19
 3.46959e-18
 3.54885e-17
 2.06988e-15
 1.04463e-14
 1.90296e-14
 1.65297e-14
 7.32634e-15
 1.53855e-15
 1.21016e-16
 2.24348e-06
 4.08088e-06
 2.24348e-06
 5.44380e-07
 1.77955e-06
 5.37721e-06
 1.16922e-05
 1.76753e-05
 1.98609e-05
 1.99070e-05
 1.98615e-05
 1.95157e-05
 1.72891e-05
 9.14769e-06
 1.48656e-06
 5.81448e-09
 1.61742e-10
 8.00703e-12
 6.15299e-13
 6.34669e-14
 3.91004e-14
 1.13813e-13
 1.47197e-13
 9.83634e-14
 3.40088e-14
 5.38795e-15
 4.15105e-16
 1.76468e-06
 3.26115e-06
 1.76468e-06
 4.72104e-07
 1.83662e-06
 5.60071e-06
 1.17974e-05
 1.71190e-05
 1.92055e-05
 1.96073e-05
 1.94769e-05
 1.87222e-05
 1.54839e-05
 7.48873e-06
 1.09681e-06
 2.23135e-08
 1.29668e-09
 1.30216e-10
 1.94873e-11
 4.02831e-12
 1.37213e-12
 1.09189e-12
 8.47430e-13
 4.44203e-13
 1.31282e-13
 1.61271e-14
 1.19936e-15
 1.45779e-06
 2.73498e-06
 1.45779e-06
 3.54005e-07
 1.42474e-06
 4.36508e-06
 9.37455e-06
 1.42792e-05
 1.69653e-05
 1.78903e-05
 1.77685e-05
 1.63331e-05
 1.22193e-05
 5.31942e-06
 7.34467e-07
 3.99970e-08
 4.45459e-09
 7.27714e-10
 1.62785e-10
 4.67485e-11
 1.73144e-11
 8.59135e-12
 4.16794e-12
 1.56707e-12
 3.90761e-13
 5.10610e-14
 2.59538e-15
 1.25041e-06
 2.38777e-06
 1.25041e-06
 2.05377e-07
 7.92421e-07
 2.43482e-06
 5.45611e-06
 8.97919e-06
 1.15787e-05
 1.28534e-05
 1.28779e-05
 1.10902e-05
 7.35550e-06
 2.93079e-06
 4.14778e-07
 4.49345e-08
 8.35183e-09
 2.05689e-09
 6.20683e-10
 2.16393e-10
 8.29112e-11
 3.23914e-11
 1.16045e-11
 3.42111e-12
 7.38670e-13
 9.66740e-14
 4.08327e-15
 1.11112e-06
 2.15841e-06
 1.11112e-06
 9.11479e-08
 3.02822e-07
 9.07624e-07
 2.02403e-06
 3.52170e-06
 4.92798e-06
 5.78690e-06
 5.89099e-06
 4.77752e-06
 2.84549e-06
 1.08626e-06
 1.74135e-07
 3.29334e-08
 8.82406e-09
 2.81442e-09
 1.00121e-09
 3.82426e-10
 1.48969e-10
 5.46206e-11
 1.76597e-11
 4.71116e-12
 9.46494e-13
 1.19694e-13
 4.91704e-15
 1.02139e-06
 2.00819e-06
 1.02139e-06
 3.10748e-08
 6.55128e-08
 1.84530e-07
 4.05714e-07
 7.24144e-07
 1.05330e-06
 1.27774e-06
 1.32118e-06
 1.05220e-06
 6.04522e-07
 2.33125e-07
 4.50656e-08
 1.30947e-08
 4.51760e-09
 1.68839e-09
 6.64984e-10
 2.66135e-10
 1.03586e-10
 3.72966e-11
 1.18055e-11
 3.08906e-12
 6.06897e-13
 7.23671e-14
 3.19474e-15
 9.70924e-07
 1.91989e-06
 9.70924e-07
 1.24202e-08
 5.70821e-09
 1.41374e-08
 2.88576e-08
 5.19757e-08
 7.94259e-08
 1.00491e-07
 1.06707e-07
 8.55006e-08
 4.95393e-08
 2.00595e-08
 4.46569e-09
 1.59784e-09
 7.25722e-10
 3.25363e-10
 1.40541e-10
 5.73179e-11
 2.15624e-11
 7.49080e-12
 2.32087e-12
 6.02159e-13
 1.15288e-13
 1.09520e-14
 7.00334e-16
 9.50583e-07
 1.88233e-06
 9.50583e-07
 9.56780e-09
 2.89060e-10
 2.73023e-10
 1.90170e-10
 5.46069e-11
 0.00000e+00
 0.00000e+00
 0.00000e+00
 0.00000e+00
 0.00000e+00
 0.00000e+00
 0.00000e+00
 0.00000e+00
 0.00000e+00
 0.00000e+00
 0.00000e+00
 0.00000e+00
 1.33445e-14
 2.83801e-14
 2.32868e-14
 1.17630e-14
 4.27711e-15
 8.32907e-16
 6.76262e-17
 9.71071e-07
 1.92232e-06
 9.71071e-07
 9.98813e-09
 8.68752e-11
 1.77365e-11
 6.19601e-12
 7.90656e-13
 0.00000e+00
 0.00000e+00
 0.00000e+00
 0.00000e+00
 0.00000e+00
 0.00000e+00
 0.00000e+00
 0.00000e+00
 0.00000e+00
 0.00000e+00
 0.00000e+00
 0.00000e+00
 9.68031e-17
 4.79677e-16
 9.54558e-16
 9.91071e-16
 5.59203e-16
 1.54072e-16
 1.42562e-17
 1.03672e-06
 2.05033e-06
 1.03672e-06
 1.16324e-08
 8.51149e-11
 2.31660e-12
 3.86622e-13
 2.15908e-14
 0.00000e+00
 0.00000e+00
 0.00000e+00
 0.00000e+00
 0.00000e+00
 0.00000e+00
 0.00000e+00
 0.00000e+00
 0.00000e+00
 0.00000e+00
 0.00000e+00
 0.00000e+00
 2.00886e-18
 2.16726e-17
 7.65349e-17
 1.17968e-16
 9.12055e-17
 3.36005e-17
 3.49150e-18
 1.14400e-06
 2.25778e-06
 1.14400e-06
 1.52397e-08
 1.34513e-10
 1.31335e-12
 4.20290e-14
 9.02238e-16
 0.00000e+00
 0.00000e+00
 0.00000e+00
 0.00000e+00
 0.00000e+00
 0.00000e+00
 0.00000e+00
 0.00000e+00
 0.00000e+00
 0.00000e+00
 0.00000e+00
 0.00000e+00
 6.17330e-20
 1.47661e-18
 8.30002e-18
 1.76733e-17
 1.75128e-17
 7.63426e-18
 9.09615e-19
 1.37414e-06
 2.69531e-06
 1.37414e-06
 2.69040e-08
 4.20627e-10
 6.60003e-12
 4.58676e-14
 7.33148e-17
 0.00000e+00
 0.00000e+00
 0.00000e+00
 0.00000e+00
 0.00000e+00
 0.00000e+00
 0.00000e+00
 0.00000e+00
 0.00000e+00
 0.00000e+00
 0.00000e+00
 0.00000e+00
 2.55729e-21
 1.34732e-19
 1.11164e-18
 3.06125e-18
 3.59092e-18
 1.74493e-18
 2.35786e-19
 7.68925e-07
 1.50237e-06
 7.68925e-07
 1.80674e-08
 3.34392e-10
 5.84614e-12
 3.71568e-14
 3.94471e-17
 0.00000e+00
 0.00000e+00
 0.00000e+00
 0.00000e+00
 0.00000e+00
 0.00000e+00
 0.00000e+00
 0.00000e+00
 0.00000e+00
 0.00000e+00
 0.00000e+00
 0.00000e+00
 1.21783e-22
 1.26184e-20
 1.37277e-19
 4.38390e-19
 5.59232e-19
 2.93069e-19
 4.74470e-20
