1.0000000000000000E-03 1.0028100000000000E-01
2.0000000000000000E-03 1.0526099999999999E-01
3.0000000000000001E-03 1.0353800000000001E-01
4.0000000000000001E-03 1.0351800000000000E-01
5.0000000000000001E-03 9.9747000000000002E-02
6.0000000000000001E-03 1.0028900000000000E-01
7.0000000000000001E-03 1.0057199999999999E-01
8.0000000000000002E-03 1.0493500000000000E-01
9.0000000000000011E-03 1.0344100000000001E-01
1.0000000000000002E-02 9.9833000000000005E-02
1.1000000000000003E-02 1.0040200000000001E-01
1.2000000000000004E-02 1.0070900000000001E-01
1.3000000000000005E-02 1.0051100000000000E-01
1.4000000000000005E-02 1.0483900000000000E-01
1.5000000000000006E-02 1.0344100000000001E-01
1.6000000000000007E-02 9.9610000000000004E-02
1.7000000000000008E-02 1.0024000000000000E-01
1.8000000000000009E-02 1.0067400000000000E-01
1.9000000000000010E-02 1.0096400000000000E-01
2.0000000000000011E-02 1.0161000000000001E-01
2.1000000000000012E-02 1.0292999999999999E-01
2.2000000000000013E-02 1.0307200000000000E-01
2.3000000000000013E-02 1.0275800000000000E-01
2.4000000000000014E-02 9.9728999999999998E-02
2.5000000000000015E-02 1.0036500000000000E-01
2.6000000000000016E-02 1.0050700000000000E-01
2.7000000000000017E-02 1.0070100000000000E-01
2.8000000000000018E-02 1.0134600000000001E-01
2.9000000000000019E-02 1.0245799999999999E-01
3.0000000000000020E-02 1.0274899999999999E-01
3.1000000000000021E-02 1.0278900000000001E-01
3.2000000000000021E-02 1.0074200000000000E-01
3.3000000000000022E-02 1.0046600000000000E-01
3.4000000000000023E-02 1.0072299999999999E-01
3.5000000000000024E-02 1.0108399999999999E-01
3.6000000000000025E-02 1.0055600000000001E-01
3.7000000000000026E-02 1.0088600000000000E-01
3.8000000000000027E-02 1.0003700000000000E-01
3.9000000000000028E-02 1.0032300000000000E-01
4.0000000000000029E-02 1.0045500000000000E-01
4.1000000000000029E-02 1.0109799999999999E-01
4.2000000000000030E-02 1.0081800000000000E-01
4.3000000000000031E-02 1.0048700000000001E-01
4.4000000000000032E-02 1.0073600000000001E-01
4.5000000000000033E-02 1.0103200000000000E-01
4.6000000000000034E-02 1.0132900000000000E-01
4.7000000000000035E-02 1.0134600000000001E-01
4.8000000000000036E-02 1.0143000000000001E-01
4.9000000000000037E-02 1.0140299999999999E-01
5.0000000000000037E-02 1.1684200000000000E-01
5.1000000000000038E-02 1.0059600000000000E-01
5.2000000000000039E-02 1.0011000000000000E-01
5.3000000000000040E-02 1.0013200000000000E-01
5.4000000000000041E-02 1.0413400000000000E-01
5.5000000000000042E-02 1.0261400000000000E-01
5.6000000000000043E-02 1.0273599999999999E-01
5.7000000000000044E-02 1.0297700000000000E-01
5.8000000000000045E-02 1.0197000000000001E-01
5.9000000000000045E-02 1.0203100000000000E-01
6.0000000000000046E-02 1.0553400000000000E-01
6.1000000000000047E-02 1.0306000000000000E-01
6.2000000000000048E-02 1.0206300000000000E-01
6.3000000000000042E-02 1.0559300000000001E-01
6.4000000000000043E-02 1.0260700000000000E-01
6.5000000000000044E-02 1.0238999999999999E-01
6.6000000000000045E-02 1.0199500000000000E-01
6.7000000000000046E-02 1.0334900000000000E-01
6.8000000000000047E-02 1.0364900000000001E-01
6.9000000000000047E-02 1.0348400000000001E-01
7.0000000000000048E-02 1.0245300000000000E-01
7.1000000000000049E-02 1.0536900000000000E-01
7.2000000000000050E-02 1.0290600000000000E-01
7.3000000000000051E-02 1.0191600000000001E-01
7.4000000000000052E-02 1.0141000000000000E-01
7.5000000000000053E-02 1.0107200000000000E-01
7.6000000000000054E-02 1.0109799999999999E-01
7.7000000000000055E-02 1.0513000000000000E-01
7.8000000000000055E-02 1.0315199999999999E-01
7.9000000000000056E-02 1.0390400000000000E-01
8.0000000000000057E-02 1.0307200000000000E-01
8.1000000000000058E-02 1.0302600000000001E-01
8.2000000000000059E-02 9.9588999999999997E-02
8.3000000000000060E-02 1.0425100000000000E-01
8.4000000000000061E-02 1.0328000000000000E-01
8.5000000000000062E-02 9.9655999999999995E-02
8.6000000000000063E-02 1.0008700000000000E-01
8.7000000000000063E-02 1.0080799999999999E-01
8.8000000000000064E-02 1.0145500000000000E-01
8.9000000000000065E-02 1.0256600000000000E-01
9.0000000000000066E-02 1.0262300000000001E-01
9.1000000000000067E-02 1.0273400000000001E-01
9.2000000000000068E-02 1.0313700000000001E-01
9.3000000000000069E-02 1.0331899999999999E-01
9.4000000000000070E-02 1.0353100000000000E-01
9.5000000000000070E-02 1.0315900000000000E-01
9.6000000000000071E-02 1.0343100000000000E-01
9.7000000000000072E-02 1.0384800000000000E-01
9.8000000000000073E-02 1.0365400000000000E-01
9.9000000000000074E-02 1.0220200000000000E-01
1.0000000000000007E-01 1.1794700000000000E-01
1.0100000000000008E-01 1.0475800000000000E-01
1.0200000000000008E-01 1.0355800000000000E-01
1.0300000000000008E-01 1.0236400000000000E-01
1.0400000000000008E-01 1.0207800000000000E-01
1.0500000000000008E-01 1.0228700000000000E-01
1.0600000000000008E-01 1.0200700000000000E-01
1.0700000000000008E-01 1.0444100000000001E-01
1.0800000000000008E-01 1.0362399999999999E-01
1.0900000000000008E-01 1.0303800000000000E-01
1.1000000000000008E-01 1.0288200000000000E-01
1.1100000000000008E-01 1.0254000000000001E-01
1.1200000000000009E-01 1.0253100000000000E-01
1.1300000000000009E-01 1.0090800000000000E-01
1.1400000000000009E-01 1.0049200000000000E-01
1.1500000000000009E-01 1.0008400000000001E-01
1.1600000000000009E-01 1.0028600000000000E-01
1.1700000000000009E-01 1.0448399999999999E-01
1.1800000000000009E-01 1.0343900000000000E-01
1.1900000000000009E-01 1.0184100000000000E-01
1.2000000000000009E-01 1.0223400000000001E-01
1.2100000000000009E-01 1.0279700000000000E-01
1.2200000000000009E-01 1.0295500000000000E-01
1.2300000000000010E-01 1.0333800000000000E-01
1.2400000000000010E-01 9.9626999999999993E-02
1.2500000000000008E-01 1.0058100000000000E-01
1.2600000000000008E-01 1.0062400000000001E-01
1.2700000000000009E-01 1.0101100000000000E-01
1.2800000000000009E-01 1.0153000000000000E-01
1.2900000000000009E-01 1.0130100000000000E-01
1.3000000000000009E-01 1.0410899999999999E-01
1.3100000000000009E-01 9.9763000000000004E-02
1.3200000000000009E-01 1.0385900000000001E-01
1.3300000000000009E-01 1.0363799999999999E-01
1.3400000000000009E-01 1.0277400000000000E-01
1.3500000000000009E-01 1.0245899999999999E-01
1.3600000000000009E-01 1.0411500000000000E-01
1.3700000000000009E-01 1.0252799999999999E-01
1.3800000000000009E-01 1.0181900000000001E-01
1.3900000000000010E-01 1.0175300000000000E-01
1.4000000000000010E-01 1.0191000000000000E-01
1.4100000000000010E-01 1.0533900000000000E-01
1.4200000000000010E-01 1.0346400000000000E-01
1.4300000000000010E-01 1.0351000000000000E-01
1.4400000000000010E-01 1.0347199999999999E-01
1.4500000000000010E-01 1.0349999999999999E-01
1.4600000000000010E-01 1.0371000000000000E-01
1.4700000000000010E-01 1.0376000000000001E-01
1.4800000000000010E-01 1.0346000000000000E-01
1.4900000000000010E-01 1.0344800000000000E-01
1.5000000000000011E-01 1.1843900000000000E-01
1.5100000000000011E-01 1.0352000000000000E-01
1.5200000000000011E-01 1.0349400000000000E-01
1.5300000000000011E-01 1.0179700000000000E-01
1.5400000000000011E-01 1.0115399999999999E-01
1.5500000000000011E-01 1.0479800000000000E-01
1.5600000000000011E-01 1.0312000000000000E-01
1.5700000000000011E-01 1.0204600000000000E-01
1.5800000000000011E-01 1.0181500000000000E-01
1.5900000000000011E-01 1.0039400000000000E-01
1.6000000000000011E-01 1.0047700000000000E-01
1.6100000000000012E-01 1.0403800000000001E-01
1.6200000000000012E-01 1.0374899999999999E-01
1.6300000000000012E-01 1.0358900000000000E-01
1.6400000000000012E-01 1.0313200000000000E-01
1.6500000000000012E-01 1.0211400000000000E-01
1.6600000000000012E-01 1.0128700000000000E-01
1.6700000000000012E-01 1.0472600000000000E-01
1.6800000000000012E-01 1.0371000000000000E-01
1.6900000000000012E-01 1.0045500000000000E-01
1.7000000000000012E-01 1.0413300000000000E-01
1.7100000000000012E-01 1.0267900000000001E-01
1.7200000000000013E-01 1.0090900000000000E-01
1.7300000000000013E-01 1.0079500000000000E-01
1.7400000000000013E-01 1.0480900000000000E-01
1.7500000000000013E-01 1.0294399999999999E-01
1.7600000000000013E-01 1.0414800000000000E-01
1.7700000000000013E-01 1.0353400000000000E-01
1.7800000000000013E-01 1.0285700000000000E-01
1.7900000000000013E-01 1.0228000000000000E-01
1.8000000000000013E-01 1.0185800000000000E-01
1.8100000000000013E-01 1.0568300000000000E-01
1.8200000000000013E-01 1.0324500000000000E-01
1.8300000000000013E-01 1.0270600000000001E-01
1.8400000000000014E-01 1.0239300000000000E-01
1.8500000000000014E-01 1.0170999999999999E-01
1.8600000000000014E-01 1.0101800000000000E-01
1.8700000000000014E-01 1.0044400000000001E-01
1.8800000000000014E-01 1.0436400000000000E-01
1.8900000000000014E-01 1.0334800000000000E-01
1.9000000000000014E-01 1.0261199999999999E-01
1.9100000000000014E-01 1.0129100000000001E-01
1.9200000000000014E-01 1.0464600000000000E-01
1.9300000000000014E-01 1.0326500000000000E-01
1.9400000000000014E-01 1.0166500000000001E-01
1.9500000000000015E-01 1.0085800000000000E-01
1.9600000000000015E-01 1.0029299999999999E-01
1.9700000000000015E-01 1.0423100000000000E-01
1.9800000000000015E-01 1.0370500000000001E-01
1.9900000000000015E-01 1.0123699999999999E-01
2.0000000000000015E-01 1.1695300000000000E-01
2.0100000000000015E-01 1.0156900000000001E-01
2.0200000000000015E-01 1.0191400000000000E-01
2.0300000000000015E-01 1.0161900000000000E-01
2.0400000000000015E-01 1.0100099999999999E-01
2.0500000000000015E-01 1.0031500000000000E-01
2.0600000000000016E-01 1.0392400000000000E-01
2.0700000000000016E-01 1.0337100000000000E-01
2.0800000000000016E-01 1.0265800000000000E-01
2.0900000000000016E-01 1.0257100000000000E-01
2.1000000000000016E-01 1.0208200000000001E-01
2.1100000000000016E-01 1.0031800000000000E-01
2.1200000000000016E-01 1.0440900000000000E-01
2.1300000000000016E-01 1.0329400000000000E-01
2.1400000000000016E-01 1.0230400000000001E-01
2.1500000000000016E-01 1.0232100000000000E-01
2.1600000000000016E-01 1.0600400000000000E-01
2.1700000000000016E-01 1.0354500000000000E-01
2.1800000000000017E-01 1.0291500000000001E-01
2.1900000000000017E-01 1.0230200000000000E-01
2.2000000000000017E-01 1.0192400000000000E-01
2.2100000000000017E-01 1.0159400000000000E-01
2.2200000000000017E-01 1.0510700000000001E-01
2.2300000000000017E-01 1.0152600000000001E-01
2.2400000000000017E-01 1.0081100000000000E-01
2.2500000000000017E-01 1.0409599999999999E-01
2.2600000000000017E-01 1.0363300000000000E-01
2.2700000000000017E-01 1.0342100000000000E-01
2.2800000000000017E-01 1.0212599999999999E-01
2.2900000000000018E-01 1.0338000000000000E-01
2.3000000000000018E-01 1.0328900000000001E-01
2.3100000000000018E-01 1.0338200000000000E-01
2.3200000000000018E-01 1.0309100000000000E-01
2.3300000000000018E-01 1.0549000000000000E-01
2.3400000000000018E-01 1.0338300000000000E-01
2.3500000000000018E-01 1.0280900000000000E-01
2.3600000000000018E-01 1.0249000000000000E-01
2.3700000000000018E-01 1.0223800000000000E-01
2.3800000000000018E-01 1.0174100000000000E-01
2.3900000000000018E-01 1.0515500000000000E-01
2.4000000000000019E-01 1.0286300000000000E-01
2.4100000000000019E-01 1.0219100000000000E-01
2.4200000000000019E-01 1.0454100000000000E-01
2.4300000000000019E-01 1.0367200000000000E-01
2.4400000000000019E-01 1.0298200000000000E-01
2.4500000000000019E-01 1.0317200000000000E-01
2.4600000000000019E-01 1.0101800000000000E-01
2.4700000000000019E-01 1.0059700000000001E-01
2.4800000000000019E-01 1.0418600000000000E-01
2.4900000000000019E-01 1.0383400000000000E-01
2.5000000000000017E-01 1.1874400000000000E-01
2.5100000000000017E-01 1.0237300000000001E-01
2.5200000000000017E-01 1.0086600000000000E-01
2.5300000000000017E-01 1.0446200000000000E-01
2.5400000000000017E-01 1.0087100000000000E-01
2.5500000000000017E-01 1.0046400000000000E-01
2.5600000000000017E-01 1.0421999999999999E-01
2.5700000000000017E-01 1.0194300000000001E-01
2.5800000000000017E-01 1.0171300000000000E-01
2.5900000000000017E-01 1.0175900000000000E-01
2.6000000000000018E-01 1.0499200000000000E-01
2.6100000000000018E-01 1.0312600000000000E-01
2.6200000000000018E-01 1.0272000000000001E-01
2.6300000000000018E-01 1.0075700000000000E-01
2.6400000000000018E-01 1.0403700000000000E-01
2.6500000000000018E-01 1.0348200000000000E-01
2.6600000000000018E-01 1.0378500000000000E-01
2.6700000000000018E-01 1.0262000000000000E-01
2.6800000000000018E-01 1.0206500000000000E-01
2.6900000000000018E-01 1.0333000000000001E-01
2.7000000000000018E-01 1.0343100000000000E-01
2.7100000000000019E-01 1.0169000000000000E-01
2.7200000000000019E-01 1.0152200000000000E-01
2.7300000000000019E-01 1.0492899999999999E-01
2.7400000000000019E-01 1.0217000000000000E-01
2.7500000000000019E-01 1.0151300000000001E-01
2.7600000000000019E-01 1.0109100000000000E-01
2.7700000000000019E-01 1.0106800000000001E-01
2.7800000000000019E-01 1.0444299999999999E-01
2.7900000000000019E-01 1.0390400000000000E-01
2.8000000000000019E-01 1.0140299999999999E-01
2.8100000000000019E-01 1.0484100000000000E-01
2.8200000000000019E-01 1.0388600000000001E-01
2.8300000000000020E-01 1.0313799999999999E-01
2.8400000000000020E-01 1.0315299999999999E-01
2.8500000000000020E-01 1.0237100000000000E-01
2.8600000000000020E-01 1.0183300000000001E-01
2.8700000000000020E-01 1.0147500000000000E-01
2.8800000000000020E-01 1.0468800000000000E-01
2.8900000000000020E-01 1.0349600000000000E-01
2.9000000000000020E-01 1.0331200000000000E-01
2.9100000000000020E-01 1.0249900000000001E-01
2.9200000000000020E-01 1.0026300000000000E-01
2.9300000000000020E-01 1.0406600000000001E-01
2.9400000000000021E-01 1.0370300000000000E-01
2.9500000000000021E-01 1.0383500000000000E-01
2.9600000000000021E-01 1.0339400000000000E-01
2.9700000000000021E-01 1.0157500000000000E-01
2.9800000000000021E-01 1.0467600000000001E-01
2.9900000000000021E-01 1.0308000000000000E-01
3.0000000000000021E-01 1.1867000000000000E-01
3.0100000000000021E-01 1.0295400000000000E-01
3.0200000000000021E-01 1.0301800000000000E-01
3.0300000000000021E-01 1.0082400000000000E-01
3.0400000000000021E-01 1.0026599999999999E-01
3.0500000000000022E-01 1.0399799999999999E-01
3.0600000000000022E-01 1.0323400000000001E-01
3.0700000000000022E-01 1.0228000000000000E-01
3.0800000000000022E-01 1.0204800000000000E-01
3.0900000000000022E-01 1.0226399999999999E-01
3.1000000000000022E-01 1.0148200000000000E-01
3.1100000000000022E-01 1.0040600000000000E-01
3.1200000000000022E-01 1.0393700000000000E-01
3.1300000000000022E-01 1.0355000000000000E-01
3.1400000000000022E-01 1.0260800000000000E-01
3.1500000000000022E-01 1.0083600000000000E-01
3.1600000000000023E-01 1.0040800000000000E-01
3.1700000000000023E-01 1.0394800000000000E-01
3.1800000000000023E-01 1.0161100000000001E-01
3.1900000000000023E-01 1.0501300000000000E-01
3.2000000000000023E-01 1.0242900000000001E-01
3.2100000000000023E-01 1.0174300000000000E-01
3.2200000000000023E-01 1.0083200000000000E-01
3.2300000000000023E-01 1.0080900000000000E-01
3.2400000000000023E-01 1.0045900000000001E-01
3.2500000000000023E-01 1.0405800000000000E-01
3.2600000000000023E-01 1.0215399999999999E-01
3.2700000000000023E-01 1.0539999999999999E-01
3.2800000000000024E-01 1.0390500000000000E-01
3.2900000000000024E-01 1.0351500000000000E-01
3.3000000000000024E-01 1.0305100000000000E-01
3.3100000000000024E-01 1.0277300000000000E-01
3.3200000000000024E-01 1.0374400000000000E-01
3.3300000000000024E-01 1.0340299999999999E-01
3.3400000000000024E-01 1.0309000000000000E-01
3.3500000000000024E-01 1.0290100000000001E-01
3.3600000000000024E-01 1.0627200000000001E-01
3.3700000000000024E-01 1.0335700000000000E-01
3.3800000000000024E-01 1.0272500000000000E-01
3.3900000000000025E-01 1.0184799999999999E-01
3.4000000000000025E-01 1.0115900000000000E-01
3.4100000000000025E-01 1.0451600000000000E-01
3.4200000000000025E-01 1.0355000000000000E-01
3.4300000000000025E-01 1.0512100000000001E-01
3.4400000000000025E-01 1.0378100000000000E-01
3.4500000000000025E-01 1.0340100000000001E-01
3.4600000000000025E-01 1.0316400000000001E-01
3.4700000000000025E-01 1.0328900000000001E-01
3.4800000000000025E-01 1.0288400000000000E-01
3.4900000000000025E-01 1.0106999999999999E-01
3.5000000000000026E-01 1.1677200000000000E-01
3.5100000000000026E-01 1.0187599999999999E-01
3.5200000000000026E-01 1.0162700000000000E-01
3.5300000000000026E-01 1.0527400000000001E-01
3.5400000000000026E-01 1.0386800000000000E-01
3.5500000000000026E-01 1.0278100000000000E-01
3.5600000000000026E-01 1.0090900000000000E-01
3.5700000000000026E-01 1.0393100000000000E-01
3.5800000000000026E-01 1.0348700000000000E-01
3.5900000000000026E-01 1.0324800000000001E-01
3.6000000000000026E-01 1.0110300000000000E-01
3.6100000000000027E-01 1.0069200000000000E-01
3.6200000000000027E-01 1.0061100000000001E-01
3.6300000000000027E-01 1.0070700000000000E-01
3.6400000000000027E-01 1.0400100000000000E-01
3.6500000000000027E-01 1.0342999999999999E-01
3.6600000000000027E-01 1.0083100000000000E-01
3.6700000000000027E-01 1.0026500000000001E-01
3.6800000000000027E-01 1.0391200000000000E-01
3.6900000000000027E-01 1.0331300000000000E-01
3.7000000000000027E-01 1.0284100000000000E-01
3.7100000000000027E-01 1.0282600000000000E-01
3.7200000000000027E-01 1.0377599999999999E-01
3.7300000000000028E-01 1.0346500000000000E-01
3.7400000000000028E-01 1.0297400000000000E-01
3.7500000000000028E-01 1.0132300000000000E-01
3.7600000000000028E-01 1.0422700000000000E-01
3.7700000000000028E-01 1.0210900000000001E-01
3.7800000000000028E-01 1.0493800000000000E-01
3.7900000000000028E-01 1.0384300000000000E-01
3.8000000000000028E-01 1.0321300000000000E-01
3.8100000000000028E-01 1.0231000000000000E-01
3.8200000000000028E-01 1.0504400000000000E-01
3.8300000000000028E-01 1.0246500000000000E-01
3.8400000000000029E-01 1.0204100000000001E-01
3.8500000000000029E-01 1.0133600000000000E-01
3.8600000000000029E-01 1.0065300000000001E-01
3.8700000000000029E-01 1.0408299999999999E-01
3.8800000000000029E-01 1.0377100000000000E-01
3.8900000000000029E-01 1.0108000000000000E-01
3.9000000000000029E-01 1.0432900000000001E-01
3.9100000000000029E-01 1.0379200000000000E-01
3.9200000000000029E-01 1.0318600000000000E-01
3.9300000000000029E-01 1.0637000000000001E-01
3.9400000000000029E-01 1.0359599999999999E-01
3.9500000000000030E-01 1.0205900000000000E-01
3.9600000000000030E-01 1.0160200000000000E-01
3.9700000000000030E-01 1.0103800000000000E-01
3.9800000000000030E-01 1.0435700000000001E-01
3.9900000000000030E-01 1.0327699999999999E-01
4.0000000000000030E-01 1.1639200000000000E-01
4.0100000000000030E-01 1.0448000000000000E-01
4.0200000000000030E-01 1.0314500000000000E-01
4.0300000000000030E-01 1.0194300000000001E-01
4.0400000000000030E-01 1.0158499999999999E-01
4.0500000000000030E-01 1.0479200000000000E-01
4.0600000000000031E-01 1.0194200000000000E-01
4.0700000000000031E-01 1.0174500000000000E-01
4.0800000000000031E-01 1.0102999999999999E-01
4.0900000000000031E-01 1.0040300000000001E-01
4.1000000000000031E-01 1.0397199999999999E-01
4.1100000000000031E-01 1.0330200000000000E-01
4.1200000000000031E-01 1.0576000000000001E-01
4.1300000000000031E-01 1.0385400000000000E-01
4.1400000000000031E-01 1.0367999999999999E-01
4.1500000000000031E-01 1.0368800000000000E-01
4.1600000000000031E-01 1.0338400000000000E-01
4.1700000000000031E-01 1.0227000000000000E-01
4.1800000000000032E-01 1.0218800000000000E-01
4.1900000000000032E-01 1.0246300000000000E-01
4.2000000000000032E-01 1.0224900000000001E-01
4.2100000000000032E-01 1.0240800000000000E-01
4.2200000000000032E-01 1.0231000000000000E-01
4.2300000000000032E-01 1.0392200000000000E-01
4.2400000000000032E-01 1.0298700000000000E-01
4.2500000000000032E-01 1.0261199999999999E-01
4.2600000000000032E-01 1.0262700000000000E-01
4.2700000000000032E-01 1.0185100000000000E-01
4.2800000000000032E-01 1.0551400000000000E-01
4.2900000000000033E-01 1.0282300000000000E-01
4.3000000000000033E-01 1.0251399999999999E-01
4.3100000000000033E-01 1.0217400000000000E-01
4.3200000000000033E-01 1.0427699999999999E-01
4.3300000000000033E-01 1.0387100000000000E-01
4.3400000000000033E-01 1.0292300000000000E-01
4.3500000000000033E-01 1.0378800000000001E-01
4.3600000000000033E-01 1.0312399999999999E-01
4.3700000000000033E-01 1.0244100000000000E-01
4.3800000000000033E-01 1.0126300000000001E-01
4.3900000000000033E-01 1.0390500000000000E-01
4.4000000000000034E-01 1.0220200000000000E-01
4.4100000000000034E-01 1.0466499999999999E-01
4.4200000000000034E-01 1.0374400000000000E-01
4.4300000000000034E-01 1.0331799999999999E-01
4.4400000000000034E-01 1.0238999999999999E-01
4.4500000000000034E-01 1.0574900000000000E-01
4.4600000000000034E-01 1.0321500000000000E-01
4.4700000000000034E-01 1.0239300000000000E-01
4.4800000000000034E-01 1.0154299999999999E-01
4.4900000000000034E-01 1.0114600000000000E-01
4.5000000000000034E-01 1.2059900000000000E-01
4.5100000000000035E-01 1.0342300000000000E-01
4.5200000000000035E-01 1.0376700000000000E-01
4.5300000000000035E-01 1.0276299999999999E-01
4.5400000000000035E-01 1.0234699999999999E-01
4.5500000000000035E-01 1.0143000000000001E-01
4.5600000000000035E-01 1.0491200000000001E-01
4.5700000000000035E-01 1.0316800000000000E-01
4.5800000000000035E-01 1.0279099999999999E-01
4.5900000000000035E-01 1.0243200000000000E-01
4.6000000000000035E-01 1.0186400000000000E-01
4.6100000000000035E-01 1.0206800000000001E-01
4.6200000000000035E-01 1.0535100000000000E-01
4.6300000000000036E-01 1.0314400000000000E-01
4.6400000000000036E-01 1.0273599999999999E-01
4.6500000000000036E-01 1.0244399999999999E-01
4.6600000000000036E-01 1.0170000000000000E-01
4.6700000000000036E-01 1.0162000000000000E-01
4.6800000000000036E-01 1.0528899999999999E-01
4.6900000000000036E-01 1.0337600000000000E-01
4.7000000000000036E-01 1.0182700000000000E-01
4.7100000000000036E-01 1.0130100000000000E-01
4.7200000000000036E-01 1.0092100000000000E-01
4.7300000000000036E-01 1.0394500000000000E-01
4.7400000000000037E-01 9.9225999999999995E-02
4.7500000000000037E-01 1.0028800000000000E-01
4.7600000000000037E-01 1.0465800000000000E-01
4.7700000000000037E-01 1.0331799999999999E-01
4.7800000000000037E-01 1.0303300000000000E-01
4.7900000000000037E-01 1.0252699999999999E-01
4.8000000000000037E-01 1.0467500000000000E-01
4.8100000000000037E-01 1.0372400000000000E-01
4.8200000000000037E-01 1.0335800000000001E-01
4.8300000000000037E-01 1.0403999999999999E-01
4.8400000000000037E-01 1.0354400000000000E-01
4.8500000000000038E-01 1.0365099999999999E-01
4.8600000000000038E-01 1.0158600000000000E-01
4.8700000000000038E-01 1.0094900000000000E-01
4.8800000000000038E-01 1.0483600000000000E-01
4.8900000000000038E-01 1.0375300000000000E-01
4.9000000000000038E-01 1.0310000000000000E-01
4.9100000000000038E-01 1.0166300000000000E-01
4.9200000000000038E-01 1.0153300000000000E-01
4.9300000000000038E-01 1.0166100000000000E-01
4.9400000000000038E-01 1.0151399999999999E-01
4.9500000000000038E-01 1.0102500000000000E-01
4.9600000000000039E-01 1.0080699999999999E-01
4.9700000000000039E-01 1.0459599999999999E-01
4.9800000000000039E-01 1.0360700000000000E-01
4.9900000000000039E-01 1.0288500000000000E-01
