1.0000000000000000E-03 3.8740396499633789E-02
2.0000000000000000E-03 3.7211418151855469E-02
3.0000000000000001E-03 3.8530588150024414E-02
4.0000000000000001E-03 3.7559747695922852E-02
5.0000000000000001E-03 4.1848182678222656E-02
6.0000000000000001E-03 4.2893886566162109E-02
7.0000000000000001E-03 4.1277647018432617E-02
8.0000000000000002E-03 4.7929286956787109E-02
9.0000000000000011E-03 3.8853883743286133E-02
1.0000000000000002E-02 3.8578033447265625E-02
1.1000000000000003E-02 3.8679599761962891E-02
1.2000000000000004E-02 4.0883302688598633E-02
1.3000000000000005E-02 4.0131330490112305E-02
1.4000000000000005E-02 4.0539264678955078E-02
1.5000000000000006E-02 3.8699626922607422E-02
1.6000000000000007E-02 4.0929317474365234E-02
1.7000000000000008E-02 3.9715766906738281E-02
1.8000000000000009E-02 4.0347337722778320E-02
1.9000000000000010E-02 3.8254737854003906E-02
2.0000000000000011E-02 4.5468091964721680E-02
2.1000000000000012E-02 4.0655136108398438E-02
2.2000000000000013E-02 3.9525747299194336E-02
2.3000000000000013E-02 4.1360855102539062E-02
2.4000000000000014E-02 3.9356470108032227E-02
2.5000000000000015E-02 4.0247678756713867E-02
2.6000000000000016E-02 3.8970947265625000E-02
2.7000000000000017E-02 4.3581008911132812E-02
2.8000000000000018E-02 3.8534402847290039E-02
2.9000000000000019E-02 3.7243127822875977E-02
3.0000000000000020E-02 3.8759231567382812E-02
3.1000000000000021E-02 4.1841268539428711E-02
3.2000000000000021E-02 3.8097143173217773E-02
3.3000000000000022E-02 4.0484666824340820E-02
3.4000000000000023E-02 3.8010120391845703E-02
3.5000000000000024E-02 4.1546821594238281E-02
3.6000000000000025E-02 3.9085865020751953E-02
3.7000000000000026E-02 3.7496566772460938E-02
3.8000000000000027E-02 3.8882493972778320E-02
3.9000000000000028E-02 3.7682771682739258E-02
4.0000000000000029E-02 4.1136026382446289E-02
4.1000000000000029E-02 3.9892435073852539E-02
4.2000000000000030E-02 4.0223121643066406E-02
4.3000000000000031E-02 3.9159059524536133E-02
4.4000000000000032E-02 4.1573524475097656E-02
4.5000000000000033E-02 3.7858724594116211E-02
4.6000000000000034E-02 3.9184808731079102E-02
4.7000000000000035E-02 3.8694858551025391E-02
4.8000000000000036E-02 3.9680004119873047E-02
4.9000000000000037E-02 3.8873910903930664E-02
5.0000000000000037E-02 5.9294700622558594E-02
5.1000000000000038E-02 4.7589540481567383E-02
5.2000000000000039E-02 4.5113801956176758E-02
5.3000000000000040E-02 4.2279720306396484E-02
5.4000000000000041E-02 4.0185451507568359E-02
5.5000000000000042E-02 4.4920206069946289E-02
5.6000000000000043E-02 3.9979696273803711E-02
5.7000000000000044E-02 3.9440631866455078E-02
5.8000000000000045E-02 3.8753271102905273E-02
5.9000000000000045E-02 4.3267250061035156E-02
6.0000000000000046E-02 4.0322065353393555E-02
6.1000000000000047E-02 4.0862798690795898E-02
6.2000000000000048E-02 4.4597864151000977E-02
6.3000000000000042E-02 4.0654182434082031E-02
6.4000000000000043E-02 4.0241003036499023E-02
6.5000000000000044E-02 4.3363571166992188E-02
6.6000000000000045E-02 4.0068149566650391E-02
6.7000000000000046E-02 3.9745807647705078E-02
6.8000000000000047E-02 4.0834665298461914E-02
6.9000000000000047E-02 4.2742729187011719E-02
7.0000000000000048E-02 4.2297124862670898E-02
7.1000000000000049E-02 4.1834592819213867E-02
7.2000000000000050E-02 4.5717000961303711E-02
7.3000000000000051E-02 4.1204929351806641E-02
7.4000000000000052E-02 4.1906356811523438E-02
7.5000000000000053E-02 4.5826435089111328E-02
7.6000000000000054E-02 4.0613412857055664E-02
7.7000000000000055E-02 4.3387413024902344E-02
7.8000000000000055E-02 4.1460990905761719E-02
7.9000000000000056E-02 4.3823719024658203E-02
8.0000000000000057E-02 4.5671224594116211E-02
8.1000000000000058E-02 4.1850090026855469E-02
8.2000000000000059E-02 4.1700124740600586E-02
8.3000000000000060E-02 4.5685768127441406E-02
8.4000000000000061E-02 4.2313098907470703E-02
8.5000000000000062E-02 4.0932178497314453E-02
8.6000000000000063E-02 4.4606447219848633E-02
8.7000000000000063E-02 4.0422677993774414E-02
8.8000000000000064E-02 3.9316415786743164E-02
8.9000000000000065E-02 4.2710304260253906E-02
9.0000000000000066E-02 4.0453195571899414E-02
9.1000000000000067E-02 3.9853096008300781E-02
9.2000000000000068E-02 4.2759895324707031E-02
9.3000000000000069E-02 4.2617082595825195E-02
9.4000000000000070E-02 4.0564537048339844E-02
9.5000000000000070E-02 3.9311885833740234E-02
9.6000000000000071E-02 4.4386863708496094E-02
9.7000000000000072E-02 3.9191007614135742E-02
9.8000000000000073E-02 4.0210723876953125E-02
9.9000000000000074E-02 4.1847705841064453E-02
1.0000000000000007E-01 4.8499107360839844E-02
1.0100000000000008E-01 3.9117336273193359E-02
1.0200000000000008E-01 4.3765544891357422E-02
1.0300000000000008E-01 5.8280467987060547E-02
1.0400000000000008E-01 4.1014671325683594E-02
1.0500000000000008E-01 4.0546417236328125E-02
1.0600000000000008E-01 4.5362710952758789E-02
1.0700000000000008E-01 4.1732072830200195E-02
1.0800000000000008E-01 4.1369438171386719E-02
1.0900000000000008E-01 4.5329809188842773E-02
1.1000000000000008E-01 4.1775465011596680E-02
1.1100000000000008E-01 4.2720317840576172E-02
1.1200000000000009E-01 4.5068264007568359E-02
1.1300000000000009E-01 4.2105913162231445E-02
1.1400000000000009E-01 4.1666984558105469E-02
1.1500000000000009E-01 4.5410156250000000E-02
1.1600000000000009E-01 4.2770624160766602E-02
1.1700000000000009E-01 4.6407938003540039E-02
1.1800000000000009E-01 4.2905569076538086E-02
1.1900000000000009E-01 4.2974710464477539E-02
1.2000000000000009E-01 4.6446084976196289E-02
1.2100000000000009E-01 4.0796756744384766E-02
1.2200000000000009E-01 4.3504714965820312E-02
1.2300000000000010E-01 4.7565221786499023E-02
1.2400000000000010E-01 4.2161226272583008E-02
1.2500000000000008E-01 4.5240640640258789E-02
1.2600000000000008E-01 4.3410301208496094E-02
1.2700000000000009E-01 4.2153835296630859E-02
1.2800000000000009E-01 4.4871807098388672E-02
1.2900000000000009E-01 4.1599512100219727E-02
1.3000000000000009E-01 4.1837930679321289E-02
1.3100000000000009E-01 4.6579360961914062E-02
1.3200000000000009E-01 4.1741371154785156E-02
1.3300000000000009E-01 4.1622638702392578E-02
1.3400000000000009E-01 4.5512676239013672E-02
1.3500000000000009E-01 4.1389703750610352E-02
1.3600000000000009E-01 4.4997930526733398E-02
1.3700000000000009E-01 4.2395114898681641E-02
1.3800000000000009E-01 4.1359901428222656E-02
1.3900000000000010E-01 4.5572042465209961E-02
1.4000000000000010E-01 4.1423559188842773E-02
1.4100000000000010E-01 4.1022539138793945E-02
1.4200000000000010E-01 4.5699357986450195E-02
1.4300000000000010E-01 4.3363571166992188E-02
1.4400000000000010E-01 4.2637348175048828E-02
1.4500000000000010E-01 4.5357704162597656E-02
1.4600000000000010E-01 4.1172266006469727E-02
1.4700000000000010E-01 4.4646501541137695E-02
1.4800000000000010E-01 4.4418811798095703E-02
1.4900000000000010E-01 4.1736364364624023E-02
1.5000000000000011E-01 5.2507162094116211E-02
1.5100000000000011E-01 4.2565345764160156E-02
1.5200000000000011E-01 4.4884920120239258E-02
1.5300000000000011E-01 4.2257308959960938E-02
1.5400000000000011E-01 4.1470050811767578E-02
1.5500000000000011E-01 4.7333240509033203E-02
1.5600000000000011E-01 4.2962312698364258E-02
1.5700000000000011E-01 5.2907228469848633E-02
1.5800000000000011E-01 4.2094945907592773E-02
1.5900000000000011E-01 4.0212154388427734E-02
1.6000000000000011E-01 4.4729709625244141E-02
1.6100000000000012E-01 4.1673898696899414E-02
1.6200000000000012E-01 4.3963909149169922E-02
1.6300000000000012E-01 4.3294906616210938E-02
1.6400000000000012E-01 4.2439460754394531E-02
1.6500000000000012E-01 4.5095205307006836E-02
1.6600000000000012E-01 4.3849229812622070E-02
1.6700000000000012E-01 4.2927026748657227E-02
1.6800000000000012E-01 4.6041965484619141E-02
1.6900000000000012E-01 4.2103290557861328E-02
1.7000000000000012E-01 4.5720815658569336E-02
1.7100000000000012E-01 4.3139696121215820E-02
1.7200000000000013E-01 4.1465282440185547E-02
1.7300000000000013E-01 4.5804738998413086E-02
1.7400000000000013E-01 4.2526245117187500E-02
1.7500000000000013E-01 4.1841506958007812E-02
1.7600000000000013E-01 4.6196222305297852E-02
1.7700000000000013E-01 4.1606664657592773E-02
1.7800000000000013E-01 4.5010328292846680E-02
1.7900000000000013E-01 4.2661905288696289E-02
1.8000000000000013E-01 4.2543411254882812E-02
1.8100000000000013E-01 4.5628070831298828E-02
1.8200000000000013E-01 4.5323133468627930E-02
1.8300000000000013E-01 4.5936107635498047E-02
1.8400000000000014E-01 4.4034004211425781E-02
1.8500000000000014E-01 4.2392253875732422E-02
1.8600000000000014E-01 4.5072078704833984E-02
1.8700000000000014E-01 4.1579008102416992E-02
1.8800000000000014E-01 4.0634870529174805E-02
1.8900000000000014E-01 4.4104576110839844E-02
1.9000000000000014E-01 4.3297529220581055E-02
1.9100000000000014E-01 4.1154146194458008E-02
1.9200000000000014E-01 4.3803215026855469E-02
1.9300000000000014E-01 4.1110277175903320E-02
1.9400000000000014E-01 4.2446851730346680E-02
1.9500000000000015E-01 4.5545578002929688E-02
1.9600000000000015E-01 4.2969703674316406E-02
1.9700000000000015E-01 4.3848276138305664E-02
1.9800000000000015E-01 4.2111396789550781E-02
1.9900000000000015E-01 4.1119575500488281E-02
2.0000000000000015E-01 5.2234649658203125E-02
2.0100000000000015E-01 4.1141986846923828E-02
2.0200000000000015E-01 4.3557167053222656E-02
2.0300000000000015E-01 4.3258666992187500E-02
2.0400000000000015E-01 4.2085409164428711E-02
2.0500000000000015E-01 4.3190717697143555E-02
2.0600000000000016E-01 4.2548656463623047E-02
2.0700000000000016E-01 4.1793107986450195E-02
2.0800000000000016E-01 4.4750928878784180E-02
2.0900000000000016E-01 4.1294097900390625E-02
2.1000000000000016E-01 4.1068553924560547E-02
2.1100000000000016E-01 4.4974803924560547E-02
2.1200000000000016E-01 4.1637897491455078E-02
2.1300000000000016E-01 4.1355609893798828E-02
2.1400000000000016E-01 4.3015480041503906E-02
2.1500000000000016E-01 4.1834592819213867E-02
2.1600000000000016E-01 4.1105508804321289E-02
2.1700000000000016E-01 4.7265768051147461E-02
2.1800000000000017E-01 4.1538953781127930E-02
2.1900000000000017E-01 4.1558027267456055E-02
2.2000000000000017E-01 4.4454097747802734E-02
2.2100000000000017E-01 4.3137788772583008E-02
2.2200000000000017E-01 4.5994997024536133E-02
2.2300000000000017E-01 4.1589498519897461E-02
2.2400000000000017E-01 4.3419361114501953E-02
2.2500000000000017E-01 4.6288728713989258E-02
2.2600000000000017E-01 4.2614936828613281E-02
2.2700000000000017E-01 4.1880369186401367E-02
2.2800000000000017E-01 4.3003082275390625E-02
2.2900000000000018E-01 4.1877508163452148E-02
2.3000000000000018E-01 4.1556358337402344E-02
2.3100000000000018E-01 4.4009923934936523E-02
2.3200000000000018E-01 4.4395208358764648E-02
2.3300000000000018E-01 4.5840263366699219E-02
2.3400000000000018E-01 4.2051553726196289E-02
2.3500000000000018E-01 4.0673732757568359E-02
2.3600000000000018E-01 4.4173479080200195E-02
2.3700000000000018E-01 4.2164325714111328E-02
2.3800000000000018E-01 4.4165611267089844E-02
2.3900000000000018E-01 4.4909477233886719E-02
2.4000000000000019E-01 4.7108650207519531E-02
2.4100000000000019E-01 4.4784545898437500E-02
2.4200000000000019E-01 4.2183160781860352E-02
2.4300000000000019E-01 4.0969610214233398E-02
2.4400000000000019E-01 4.3036937713623047E-02
2.4500000000000019E-01 4.2063951492309570E-02
2.4600000000000019E-01 4.2950153350830078E-02
2.4700000000000019E-01 4.3826580047607422E-02
2.4800000000000019E-01 4.2119026184082031E-02
2.4900000000000019E-01 4.1880130767822266E-02
2.5000000000000017E-01 5.2850484848022461E-02
2.5100000000000017E-01 4.1682481765747070E-02
2.5200000000000017E-01 4.3712139129638672E-02
2.5300000000000017E-01 4.2784929275512695E-02
2.5400000000000017E-01 4.3239355087280273E-02
2.5500000000000017E-01 4.5035123825073242E-02
2.5600000000000017E-01 4.5858621597290039E-02
2.5700000000000017E-01 4.8202991485595703E-02
2.5800000000000017E-01 4.1650533676147461E-02
2.5900000000000017E-01 4.1608810424804688E-02
2.6000000000000018E-01 4.3939828872680664E-02
2.6100000000000018E-01 4.1951894760131836E-02
2.6200000000000018E-01 4.1152715682983398E-02
2.6300000000000018E-01 4.4550418853759766E-02
2.6400000000000018E-01 4.4871330261230469E-02
2.6500000000000018E-01 5.0347089767456055E-02
2.6600000000000018E-01 4.5640707015991211E-02
2.6700000000000018E-01 4.9978256225585938E-02
2.6800000000000018E-01 4.8516273498535156E-02
2.6900000000000018E-01 4.8753261566162109E-02
2.7000000000000018E-01 4.6297550201416016E-02
2.7100000000000019E-01 4.8953056335449219E-02
2.7200000000000019E-01 4.8222303390502930E-02
2.7300000000000019E-01 4.9485206604003906E-02
2.7400000000000019E-01 4.7574043273925781E-02
2.7500000000000019E-01 4.9746036529541016E-02
2.7600000000000019E-01 4.6290397644042969E-02
2.7700000000000019E-01 5.1064729690551758E-02
2.7800000000000019E-01 4.7353267669677734E-02
2.7900000000000019E-01 4.9505472183227539E-02
2.8000000000000019E-01 5.0454854965209961E-02
2.8100000000000019E-01 4.8296689987182617E-02
2.8200000000000019E-01 4.9460887908935547E-02
2.8300000000000020E-01 5.1691532135009766E-02
2.8400000000000020E-01 5.0333261489868164E-02
2.8500000000000020E-01 4.8698663711547852E-02
2.8600000000000020E-01 4.8662662506103516E-02
2.8700000000000020E-01 5.1327943801879883E-02
2.8800000000000020E-01 4.9704790115356445E-02
2.8900000000000020E-01 5.1527500152587891E-02
2.9000000000000020E-01 4.9452066421508789E-02
2.9100000000000020E-01 4.8294544219970703E-02
2.9200000000000020E-01 4.6751260757446289E-02
2.9300000000000020E-01 4.8438549041748047E-02
2.9400000000000021E-01 4.7350645065307617E-02
2.9500000000000021E-01 5.1601886749267578E-02
2.9600000000000021E-01 4.7394037246704102E-02
2.9700000000000021E-01 4.9864530563354492E-02
2.9800000000000021E-01 4.6394586563110352E-02
2.9900000000000021E-01 5.2876949310302734E-02
3.0000000000000021E-01 5.8375835418701172E-02
3.0100000000000021E-01 5.1489114761352539E-02
3.0200000000000021E-01 4.9081563949584961E-02
3.0300000000000021E-01 5.1514625549316406E-02
3.0400000000000021E-01 6.3440322875976562E-02
3.0500000000000022E-01 5.0486803054809570E-02
3.0600000000000022E-01 5.0605535507202148E-02
3.0700000000000022E-01 5.2728176116943359E-02
3.0800000000000022E-01 5.0216674804687500E-02
3.0900000000000022E-01 5.5233478546142578E-02
3.1000000000000022E-01 5.2783012390136719E-02
3.1100000000000022E-01 4.9928188323974609E-02
3.1200000000000022E-01 5.2392482757568359E-02
3.1300000000000022E-01 5.1664113998413086E-02
3.1400000000000022E-01 5.1781654357910156E-02
3.1500000000000022E-01 5.3890943527221680E-02
3.1600000000000023E-01 5.1728725433349609E-02
3.1700000000000023E-01 5.0159692764282227E-02
3.1800000000000023E-01 5.5036544799804688E-02
3.1900000000000023E-01 5.3956270217895508E-02
3.2000000000000023E-01 4.9650907516479492E-02
3.2100000000000023E-01 5.2577733993530273E-02
3.2200000000000023E-01 4.8530578613281250E-02
3.2300000000000023E-01 6.7907094955444336E-02
3.2400000000000023E-01 5.0083637237548828E-02
3.2500000000000023E-01 5.0248384475708008E-02
3.2600000000000023E-01 4.8744440078735352E-02
3.2700000000000023E-01 5.0977706909179688E-02
3.2800000000000024E-01 4.7519207000732422E-02
3.2900000000000024E-01 5.0603151321411133E-02
3.3000000000000024E-01 4.5832157135009766E-02
3.3100000000000024E-01 4.9762487411499023E-02
3.3200000000000024E-01 5.1925182342529297E-02
3.3300000000000024E-01 4.7482490539550781E-02
3.3400000000000024E-01 5.0354480743408203E-02
3.3500000000000024E-01 4.7962427139282227E-02
3.3600000000000024E-01 4.9351453781127930E-02
3.3700000000000024E-01 4.9380779266357422E-02
3.3800000000000024E-01 4.9593448638916016E-02
3.3900000000000025E-01 4.7698497772216797E-02
3.4000000000000025E-01 4.9544572830200195E-02
3.4100000000000025E-01 4.7554969787597656E-02
3.4200000000000025E-01 5.3935527801513672E-02
3.4300000000000025E-01 5.0604104995727539E-02
3.4400000000000025E-01 4.6513080596923828E-02
3.4500000000000025E-01 4.9300909042358398E-02
3.4600000000000025E-01 4.6407699584960938E-02
3.4700000000000025E-01 4.8979282379150391E-02
3.4800000000000025E-01 4.9766540527343750E-02
3.4900000000000025E-01 5.0005912780761719E-02
3.5000000000000026E-01 5.6358337402343750E-02
3.5100000000000026E-01 4.7032117843627930E-02
3.5200000000000026E-01 5.0193309783935547E-02
3.5300000000000026E-01 4.7952651977539062E-02
3.5400000000000026E-01 4.9327611923217773E-02
3.5500000000000026E-01 4.8858404159545898E-02
3.5600000000000026E-01 5.0016164779663086E-02
3.5700000000000026E-01 4.6762228012084961E-02
3.5800000000000026E-01 5.3140163421630859E-02
3.5900000000000026E-01 4.7068595886230469E-02
3.6000000000000026E-01 5.1818132400512695E-02
3.6100000000000027E-01 4.8419713973999023E-02
3.6200000000000027E-01 4.7577142715454102E-02
3.6300000000000027E-01 5.0136089324951172E-02
3.6400000000000027E-01 4.9882888793945312E-02
3.6500000000000027E-01 4.9368143081665039E-02
3.6600000000000027E-01 4.8449516296386719E-02
3.6700000000000027E-01 4.8149347305297852E-02
3.6800000000000027E-01 4.7454357147216797E-02
3.6900000000000027E-01 5.3829669952392578E-02
3.7000000000000027E-01 4.5714139938354492E-02
3.7100000000000027E-01 4.8680782318115234E-02
3.7200000000000027E-01 5.0524950027465820E-02
3.7300000000000028E-01 4.8354625701904297E-02
3.7400000000000028E-01 5.0776004791259766E-02
3.7500000000000028E-01 4.6577692031860352E-02
3.7600000000000028E-01 4.9448490142822266E-02
3.7700000000000028E-01 4.7756671905517578E-02
3.7800000000000028E-01 5.1505565643310547E-02
3.7900000000000028E-01 4.7502517700195312E-02
3.8000000000000028E-01 5.0609588623046875E-02
3.8100000000000028E-01 4.6144962310791016E-02
3.8200000000000028E-01 5.2725791931152344E-02
3.8300000000000028E-01 4.9655675888061523E-02
3.8400000000000029E-01 4.6592235565185547E-02
3.8500000000000029E-01 4.8480987548828125E-02
3.8600000000000029E-01 4.7139644622802734E-02
3.8700000000000029E-01 4.9339056015014648E-02
3.8800000000000029E-01 4.9987077713012695E-02
3.8900000000000029E-01 5.0744533538818359E-02
3.9000000000000029E-01 4.7512292861938477E-02
3.9100000000000029E-01 5.0236940383911133E-02
3.9200000000000029E-01 4.6410322189331055E-02
3.9300000000000029E-01 5.0140619277954102E-02
3.9400000000000029E-01 4.6534776687622070E-02
3.9500000000000030E-01 5.1643371582031250E-02
3.9600000000000030E-01 4.9796819686889648E-02
3.9700000000000030E-01 4.9033641815185547E-02
3.9800000000000030E-01 4.9069643020629883E-02
3.9900000000000030E-01 4.5404911041259766E-02
4.0000000000000030E-01 5.9340000152587891E-02
4.0100000000000030E-01 5.0440788269042969E-02
4.0200000000000030E-01 4.8490524291992188E-02
4.0300000000000030E-01 5.2095174789428711E-02
4.0400000000000030E-01 4.8175096511840820E-02
4.0500000000000030E-01 4.8875570297241211E-02
4.0600000000000031E-01 4.7418355941772461E-02
4.0700000000000031E-01 5.1245212554931641E-02
4.0800000000000031E-01 4.5783996582031250E-02
4.0900000000000031E-01 4.8279762268066406E-02
4.1000000000000031E-01 4.7782421112060547E-02
4.1100000000000031E-01 5.2888154983520508E-02
4.1200000000000031E-01 5.5742979049682617E-02
4.1300000000000031E-01 4.9998283386230469E-02
4.1400000000000031E-01 5.2834272384643555E-02
4.1500000000000031E-01 5.1794290542602539E-02
4.1600000000000031E-01 5.0291776657104492E-02
4.1700000000000031E-01 5.3689479827880859E-02
4.1800000000000032E-01 5.5139780044555664E-02
4.1900000000000032E-01 4.8220634460449219E-02
4.2000000000000032E-01 5.4167985916137695E-02
4.2100000000000032E-01 5.2311420440673828E-02
4.2200000000000032E-01 5.1060914993286133E-02
4.2300000000000032E-01 5.1438093185424805E-02
4.2400000000000032E-01 4.6928405761718750E-02
4.2500000000000032E-01 4.8854112625122070E-02
4.2600000000000032E-01 4.7371625900268555E-02
4.2700000000000032E-01 5.1572084426879883E-02
4.2800000000000032E-01 4.8867464065551758E-02
4.2900000000000033E-01 5.0623416900634766E-02
4.3000000000000033E-01 4.5723438262939453E-02
4.3100000000000033E-01 4.9616575241088867E-02
4.3200000000000033E-01 5.0294876098632812E-02
4.3300000000000033E-01 4.6291589736938477E-02
4.3400000000000033E-01 5.2738666534423828E-02
4.3500000000000033E-01 4.7384500503540039E-02
4.3600000000000033E-01 4.9102067947387695E-02
4.3700000000000033E-01 4.8162460327148438E-02
4.3800000000000033E-01 4.9785375595092773E-02
4.3900000000000033E-01 4.9277067184448242E-02
4.4000000000000034E-01 5.0158262252807617E-02
4.4100000000000034E-01 4.6478509902954102E-02
4.4200000000000034E-01 4.9890995025634766E-02
4.4300000000000034E-01 5.0835371017456055E-02
4.4400000000000034E-01 4.8975467681884766E-02
4.4500000000000034E-01 4.9746274948120117E-02
4.4600000000000034E-01 4.5997381210327148E-02
4.4700000000000034E-01 4.8867464065551758E-02
4.4800000000000034E-01 4.8147201538085938E-02
4.4900000000000034E-01 5.0718545913696289E-02
4.5000000000000034E-01 5.8891296386718750E-02
4.5100000000000035E-01 4.8988819122314453E-02
4.5200000000000035E-01 5.0763607025146484E-02
4.5300000000000035E-01 4.6538352966308594E-02
4.5400000000000035E-01 4.9618959426879883E-02
4.5500000000000035E-01 4.7219276428222656E-02
4.5600000000000035E-01 4.9475193023681641E-02
4.5700000000000035E-01 4.7702312469482422E-02
4.5800000000000035E-01 7.0964336395263672E-02
4.5900000000000035E-01 5.0846815109252930E-02
4.6000000000000035E-01 4.9976348876953125E-02
4.6100000000000035E-01 4.7346353530883789E-02
4.6200000000000035E-01 5.1891803741455078E-02
4.6300000000000036E-01 4.8269987106323242E-02
4.6400000000000036E-01 5.0277709960937500E-02
4.6500000000000036E-01 4.6994447708129883E-02
4.6600000000000036E-01 5.1089048385620117E-02
4.6700000000000036E-01 5.0231695175170898E-02
4.6800000000000036E-01 4.9546003341674805E-02
4.6900000000000036E-01 4.9488782882690430E-02
4.7000000000000036E-01 4.6756982803344727E-02
4.7100000000000036E-01 4.7914981842041016E-02
4.7200000000000036E-01 4.7191858291625977E-02
4.7300000000000036E-01 4.8736095428466797E-02
4.7400000000000037E-01 4.8231363296508789E-02
4.7500000000000037E-01 5.1313877105712891E-02
4.7600000000000037E-01 4.6164751052856445E-02
4.7700000000000037E-01 4.8568248748779297E-02
4.7800000000000037E-01 4.6297311782836914E-02
4.7900000000000037E-01 5.1288843154907227E-02
4.8000000000000037E-01 4.7210454940795898E-02
4.8100000000000037E-01 5.2143812179565430E-02
4.8200000000000037E-01 4.8491001129150391E-02
4.8300000000000037E-01 4.7557353973388672E-02
4.8400000000000037E-01 5.0046443939208984E-02
4.8500000000000038E-01 4.8622131347656250E-02
4.8600000000000038E-01 5.0139665603637695E-02
4.8700000000000038E-01 4.8011541366577148E-02
4.8800000000000038E-01 4.8514366149902344E-02
4.8900000000000038E-01 4.7134399414062500E-02
4.9000000000000038E-01 4.9492120742797852E-02
4.9100000000000038E-01 4.6957015991210938E-02
4.9200000000000038E-01 5.0708770751953125E-02
4.9300000000000038E-01 4.9604892730712891E-02
4.9400000000000038E-01 4.9593687057495117E-02
4.9500000000000038E-01 4.5660018920898438E-02
4.9600000000000039E-01 5.2177667617797852E-02
4.9700000000000039E-01 4.7222614288330078E-02
4.9800000000000039E-01 5.2631616592407227E-02
4.9900000000000039E-01 4.9716472625732422E-02
