1.0000000000000002E-02 9.4410922990005061E-314
2.0000000000000011E-02 5.4296718640350519E-314
3.0000000000000020E-02 5.6571599999012593E-314
4.0000000000000029E-02 6.5878412661517480E-314
5.0000000000000037E-02 6.7669923635703373E-314
6.0000000000000046E-02 6.2613605120088136E-314
7.0000000000000048E-02 6.2513292575794605E-314
8.0000000000000057E-02 6.2513342244213982E-314
9.0000000000000066E-02 6.2513342244213982E-314
1.0000000000000007E-01 7.5958307581967507E-314
1.1000000000000008E-01 7.2495210449665558E-314
1.2000000000000009E-01 6.6485850019506415E-314
1.3000000000000009E-01 6.5153318555093818E-314
1.4000000000000010E-01 6.5153236569840547E-314
1.5000000000000011E-01 1.9146140923487288E-04
1.6000000000000011E-01 1.9170140923487286E-04
1.7000000000000012E-01 1.9150140923487286E-04
1.8000000000000013E-01 1.9150140923487286E-04
1.9000000000000014E-01 2.2566140923487290E-04
2.0000000000000015E-01 2.2566140923487290E-04
2.1000000000000016E-01 1.9126140923487287E-04
2.2000000000000017E-01 1.9126140923487287E-04
2.3000000000000018E-01 1.9126140923487287E-04
2.4000000000000019E-01 1.9126140923487287E-04
2.5000000000000017E-01 1.9126140923487287E-04
2.6000000000000018E-01 1.9126140923487287E-04
2.7000000000000018E-01 1.9126140923487287E-04
2.8000000000000019E-01 1.9126140923487287E-04
2.9000000000000020E-01 6.0043599008495051E-314
3.0000000000000021E-01 6.0043600885944505E-314
3.1000000000000022E-01 5.5366721125308910E-314
3.2000000000000023E-01 5.5366721125308910E-314
3.3000000000000024E-01 5.3159895170057221E-314
3.4000000000000025E-01 5.1088926615356551E-314
3.5000000000000026E-01 5.1088924540280839E-314
3.6000000000000026E-01 5.1088924540280839E-314
3.7000000000000027E-01 5.1088924540280839E-314
3.8000000000000028E-01 5.1088974208700215E-314
3.9000000000000029E-01 5.1089076460526278E-314
4.0000000000000030E-01 5.1089076460526278E-314
4.1000000000000031E-01 5.1088987820208758E-314
4.2000000000000032E-01 5.1089112907748972E-314
4.3000000000000033E-01 5.1089112907748972E-314
4.4000000000000034E-01 5.1089050862985167E-314
4.5000000000000034E-01 5.1089079533614596E-314
4.6000000000000035E-01 5.1089029870135876E-314
4.7000000000000036E-01 5.1089029870135876E-314
4.8000000000000037E-01 5.1088565270565152E-314
4.9000000000000038E-01 5.1088714265941969E-314
