NodeMass
part
         1
coordinates
 5.00000e-07
 1.00000e-06
 1.00000e-06
 1.00000e-06
 1.00000e-06
 1.00000e-06
 1.00000e-06
 1.00000e-06
 1.00000e-06
 1.00000e-06
 1.00000e-06
 1.00000e-06
 1.00000e-06
 1.00000e-06
 1.00000e-06
 1.00000e-06
 1.00000e-06
 1.00000e-06
 1.00000e-06
 1.00000e-06
 1.00000e-06
 1.00000e-06
 1.00000e-06
 1.00000e-06
 1.00000e-06
 1.00000e-06
 1.00000e-06
 9.99999e-07
 9.99988e-07
 1.00000e-06
 2.00000e-06
 2.00000e-06
 2.00000e-06
 2.00000e-06
 2.00000e-06
 2.00000e-06
 2.00000e-06
 2.00000e-06
 2.00000e-06
 2.00000e-06
 2.00000e-06
 2.00000e-06
 2.00000e-06
 2.00000e-06
 2.00000e-06
 2.00000e-06
 2.00000e-06
 2.00000e-06
 2.00000e-06
 2.00000e-06
 2.00000e-06
 2.00000e-06
 2.00000e-06
 2.00000e-06
 2.00000e-06
 2.00000e-06
 2.00000e-06
 1.99998e-06
 1.00000e-06
 2.00000e-06
 2.00000e-06
 2.00000e-06
 2.00000e-06
 2.00000e-06
 2.00000e-06
 2.00000e-06
 2.00000e-06
 2.00000e-06
 2.00000e-06
 2.00000e-06
 2.00000e-06
 2.00000e-06
 2.00000e-06
 2.00000e-06
 2.00000e-06
 2.00000e-06
 2.00000e-06
 2.00000e-06
 2.00000e-06
 2.00000e-06
 2.00000e-06
 2.00000e-06
 2.00000e-06
 2.00000e-06
 2.00000e-06
 2.00000e-06
 1.99998e-06
 1.00000e-06
 2.00000e-06
 2.00000e-06
 2.00000e-06
 2.00000e-06
 2.00000e-06
 2.00000e-06
 2.00000e-06
 2.00000e-06
 2.00000e-06
 2.00000e-06
 2.00000e-06
 2.00000e-06
 2.00000e-06
 2.00000e-06
 2.00000e-06
 2.00000e-06
 2.00000e-06
 2.00000e-06
 2.00000e-06
 2.00000e-06
 2.00000e-06
 2.00000e-06
 2.00000e-06
 2.00000e-06
 2.00000e-06
 2.00000e-06
 2.00000e-06
 1.99998e-06
 1.00000e-06
 2.00000e-06
 2.00000e-06
 2.00000e-06
 2.00000e-06
 2.00000e-06
 2.00000e-06
 2.00000e-06
 2.00000e-06
 2.00000e-06
 2.00000e-06
 2.00000e-06
 2.00000e-06
 2.00000e-06
 2.00000e-06
 2.00000e-06
 2.00000e-06
 2.00000e-06
 2.00000e-06
 2.00000e-06
 2.00000e-06
 2.00000e-06
 2.00000e-06
 2.00000e-06
 2.00000e-06
 2.00000e-06
 2.00000e-06
 2.00000e-06
 1.99998e-06
 5.00000e-07
 1.00000e-06
 1.00000e-06
 1.00000e-06
 1.00000e-06
 1.00000e-06
 1.00000e-06
 1.00000e-06
 1.00000e-06
 1.00000e-06
 1.00000e-06
 1.00000e-06
 1.00000e-06
 1.00000e-06
 1.00000e-06
 1.00000e-06
 1.00000e-06
 1.00000e-06
 1.00000e-06
 1.00000e-06
 1.00000e-06
 1.00000e-06
 1.00000e-06
 1.00000e-06
 1.00000e-06
 1.00000e-06
 1.00000e-06
 9.99999e-07
 9.99988e-07
 1.00000e-06
 2.00000e-06
 2.00000e-06
 2.00000e-06
 2.00000e-06
 2.00000e-06
 2.00000e-06
 2.00000e-06
 2.00000e-06
 2.00000e-06
 2.00000e-06
 2.00000e-06
 2.00000e-06
 2.00000e-06
 2.00000e-06
 2.00000e-06
 2.00000e-06
 2.00000e-06
 2.00000e-06
 2.00000e-06
 2.00000e-06
 2.00000e-06
 2.00000e-06
 2.00000e-06
 2.00000e-06
 2.00000e-06
 2.00000e-06
 2.00000e-06
 1.99998e-06
 2.00000e-06
 4.00000e-06
 4.00000e-06
 4.00000e-06
 4.00000e-06
 4.00000e-06
 4.00000e-06
 4.00000e-06
 4.00000e-06
 4.00000e-06
 4.00000e-06
 4.00000e-06
 4.00000e-06
 4.00000e-06
 4.00000e-06
 4.00000e-06
 4.00000e-06
 4.00000e-06
 4.00000e-06
 4.00000e-06
 4.00000e-06
 4.00000e-06
 4.00000e-06
 4.00000e-06
 4.00000e-06
 4.00000e-06
 4.00000e-06
 3.99999e-06
 3.99995e-06
 2.00000e-06
 4.00000e-06
 4.00000e-06
 4.00000e-06
 4.00000e-06
 4.00000e-06
 4.00000e-06
 4.00000e-06
 4.00000e-06
 4.00000e-06
 4.00000e-06
 4.00000e-06
 4.00000e-06
 4.00000e-06
 4.00000e-06
 4.00000e-06
 4.00000e-06
 4.00000e-06
 4.00000e-06
 4.00000e-06
 4.00000e-06
 4.00000e-06
 4.00000e-06
 4.00000e-06
 4.00000e-06
 4.00000e-06
 4.00000e-06
 3.99999e-06
 3.99995e-06
 2.00000e-06
 4.00000e-06
 4.00000e-06
 4.00000e-06
 4.00000e-06
 4.00000e-06
 4.00000e-06
 4.00000e-06
 4.00000e-06
 4.00000e-06
 4.00000e-06
 4.00000e-06
 4.00000e-06
 4.00000e-06
 4.00000e-06
 4.00000e-06
 4.00000e-06
 4.00000e-06
 4.00000e-06
 4.00000e-06
 4.00000e-06
 4.00000e-06
 4.00000e-06
 4.00000e-06
 4.00000e-06
 4.00000e-06
 4.00000e-06
 3.99999e-06
 3.99995e-06
 2.00000e-06
 4.00000e-06
 4.00000e-06
 4.00000e-06
 4.00000e-06
 4.00000e-06
 4.00000e-06
 4.00000e-06
 4.00000e-06
 4.00000e-06
 4.00000e-06
 4.00000e-06
 4.00000e-06
 4.00000e-06
 4.00000e-06
 4.00000e-06
 4.00000e-06
 4.00000e-06
 4.00000e-06
 4.00000e-06
 4.00000e-06
 4.00000e-06
 4.00000e-06
 4.00000e-06
 4.00000e-06
 4.00000e-06
 4.00000e-06
 3.99999e-06
 3.99995e-06
 1.00000e-06
 2.00000e-06
 2.00000e-06
 2.00000e-06
 2.00000e-06
 2.00000e-06
 2.00000e-06
 2.00000e-06
 2.00000e-06
 2.00000e-06
 2.00000e-06
 2.00000e-06
 2.00000e-06
 2.00000e-06
 2.00000e-06
 2.00000e-06
 2.00000e-06
 2.00000e-06
 2.00000e-06
 2.00000e-06
 2.00000e-06
 2.00000e-06
 2.00000e-06
 2.00000e-06
 2.00000e-06
 2.00000e-06
 2.00000e-06
 2.00000e-06
 1.99998e-06
 1.00000e-06
 2.00000e-06
 2.00000e-06
 2.00000e-06
 2.00000e-06
 2.00000e-06
 2.00000e-06
 2.00000e-06
 2.00000e-06
 2.00000e-06
 2.00000e-06
 2.00000e-06
 2.00000e-06
 2.00000e-06
 2.00000e-06
 2.00000e-06
 2.00000e-06
 2.00000e-06
 2.00000e-06
 2.00000e-06
 2.00000e-06
 2.00000e-06
 2.00000e-06
 2.00000e-06
 2.00000e-06
 2.00000e-06
 2.00000e-06
 2.00000e-06
 1.99998e-06
 2.00000e-06
 4.00000e-06
 4.00000e-06
 4.00000e-06
 4.00000e-06
 4.00000e-06
 4.00000e-06
 4.00000e-06
 4.00000e-06
 4.00000e-06
 4.00000e-06
 4.00000e-06
 4.00000e-06
 4.00000e-06
 4.00000e-06
 4.00000e-06
 4.00000e-06
 4.00000e-06
 4.00000e-06
 4.00000e-06
 4.00000e-06
 4.00000e-06
 4.00000e-06
 4.00000e-06
 4.00000e-06
 4.00000e-06
 4.00000e-06
 3.99999e-06
 3.99995e-06
 2.00000e-06
 4.00000e-06
 4.00000e-06
 4.00000e-06
 4.00000e-06
 4.00000e-06
 4.00000e-06
 4.00000e-06
 4.00000e-06
 4.00000e-06
 4.00000e-06
 4.00000e-06
 4.00000e-06
 4.00000e-06
 4.00000e-06
 4.00000e-06
 4.00000e-06
 4.00000e-06
 4.00000e-06
 4.00000e-06
 4.00000e-06
 4.00000e-06
 4.00000e-06
 4.00000e-06
 4.00000e-06
 4.00000e-06
 4.00000e-06
 3.99999e-06
 3.99995e-06
 2.00000e-06
 4.00000e-06
 4.00000e-06
 4.00000e-06
 4.00000e-06
 4.00000e-06
 4.00000e-06
 4.00000e-06
 4.00000e-06
 4.00000e-06
 4.00000e-06
 4.00000e-06
 4.00000e-06
 4.00000e-06
 4.00000e-06
 4.00000e-06
 4.00000e-06
 4.00000e-06
 4.00000e-06
 4.00000e-06
 4.00000e-06
 4.00000e-06
 4.00000e-06
 4.00000e-06
 4.00000e-06
 4.00000e-06
 4.00000e-06
 3.99999e-06
 3.99995e-06
 2.00000e-06
 4.00000e-06
 4.00000e-06
 4.00000e-06
 4.00000e-06
 4.00000e-06
 4.00000e-06
 4.00000e-06
 4.00000e-06
 4.00000e-06
 4.00000e-06
 4.00000e-06
 4.00000e-06
 4.00000e-06
 4.00000e-06
 4.00000e-06
 4.00000e-06
 4.00000e-06
 4.00000e-06
 4.00000e-06
 4.00000e-06
 4.00000e-06
 4.00000e-06
 4.00000e-06
 4.00000e-06
 4.00000e-06
 4.00000e-06
 3.99999e-06
 3.99995e-06
 1.00000e-06
 2.00000e-06
 2.00000e-06
 2.00000e-06
 2.00000e-06
 2.00000e-06
 2.00000e-06
 2.00000e-06
 2.00000e-06
 2.00000e-06
 2.00000e-06
 2.00000e-06
 2.00000e-06
 2.00000e-06
 2.00000e-06
 2.00000e-06
 2.00000e-06
 2.00000e-06
 2.00000e-06
 2.00000e-06
 2.00000e-06
 2.00000e-06
 2.00000e-06
 2.00000e-06
 2.00000e-06
 2.00000e-06
 2.00000e-06
 2.00000e-06
 1.99998e-06
 1.00000e-06
 2.00000e-06
 2.00000e-06
 2.00000e-06
 2.00000e-06
 2.00000e-06
 2.00000e-06
 2.00000e-06
 2.00000e-06
 2.00000e-06
 2.00000e-06
 2.00000e-06
 2.00000e-06
 2.00000e-06
 2.00000e-06
 2.00000e-06
 2.00000e-06
 2.00000e-06
 2.00000e-06
 2.00000e-06
 2.00000e-06
 2.00000e-06
 2.00000e-06
 2.00000e-06
 2.00000e-06
 2.00000e-06
 2.00000e-06
 2.00000e-06
 1.99998e-06
 2.00000e-06
 4.00000e-06
 4.00000e-06
 4.00000e-06
 4.00000e-06
 4.00000e-06
 4.00000e-06
 4.00000e-06
 4.00000e-06
 4.00000e-06
 4.00000e-06
 4.00000e-06
 4.00000e-06
 4.00000e-06
 4.00000e-06
 4.00000e-06
 4.00000e-06
 4.00000e-06
 4.00000e-06
 4.00000e-06
 4.00000e-06
 4.00000e-06
 4.00000e-06
 4.00000e-06
 4.00000e-06
 4.00000e-06
 4.00000e-06
 3.99999e-06
 3.99995e-06
 2.00000e-06
 4.00000e-06
 4.00000e-06
 4.00000e-06
 4.00000e-06
 4.00000e-06
 4.00000e-06
 4.00000e-06
 4.00000e-06
 4.00000e-06
 4.00000e-06
 4.00000e-06
 4.00000e-06
 4.00000e-06
 4.00000e-06
 4.00000e-06
 4.00000e-06
 4.00000e-06
 4.00000e-06
 4.00000e-06
 4.00000e-06
 4.00000e-06
 4.00000e-06
 4.00000e-06
 4.00000e-06
 4.00000e-06
 4.00000e-06
 3.99999e-06
 3.99995e-06
 2.00000e-06
 4.00000e-06
 4.00000e-06
 4.00000e-06
 4.00000e-06
 4.00000e-06
 4.00000e-06
 4.00000e-06
 4.00000e-06
 4.00000e-06
 4.00000e-06
 4.00000e-06
 4.00000e-06
 4.00000e-06
 4.00000e-06
 4.00000e-06
 4.00000e-06
 4.00000e-06
 4.00000e-06
 4.00000e-06
 4.00000e-06
 4.00000e-06
 4.00000e-06
 4.00000e-06
 4.00000e-06
 4.00000e-06
 4.00000e-06
 3.99999e-06
 3.99995e-06
 2.00000e-06
 4.00000e-06
 4.00000e-06
 4.00000e-06
 4.00000e-06
 4.00000e-06
 4.00000e-06
 4.00000e-06
 4.00000e-06
 4.00000e-06
 4.00000e-06
 4.00000e-06
 4.00000e-06
 4.00000e-06
 4.00000e-06
 4.00000e-06
 4.00000e-06
 4.00000e-06
 4.00000e-06
 4.00000e-06
 4.00000e-06
 4.00000e-06
 4.00000e-06
 4.00000e-06
 4.00000e-06
 4.00000e-06
 4.00000e-06
 3.99999e-06
 3.99995e-06
 1.00000e-06
 2.00000e-06
 2.00000e-06
 2.00000e-06
 2.00000e-06
 2.00000e-06
 2.00000e-06
 2.00000e-06
 2.00000e-06
 2.00000e-06
 2.00000e-06
 2.00000e-06
 2.00000e-06
 2.00000e-06
 2.00000e-06
 2.00000e-06
 2.00000e-06
 2.00000e-06
 2.00000e-06
 2.00000e-06
 2.00000e-06
 2.00000e-06
 2.00000e-06
 2.00000e-06
 2.00000e-06
 2.00000e-06
 2.00000e-06
 2.00000e-06
 1.99998e-06
 1.00000e-06
 2.00000e-06
 2.00000e-06
 2.00000e-06
 2.00000e-06
 2.00000e-06
 2.00000e-06
 2.00000e-06
 2.00000e-06
 2.00000e-06
 2.00000e-06
 2.00000e-06
 2.00000e-06
 2.00000e-06
 2.00000e-06
 2.00000e-06
 2.00000e-06
 2.00000e-06
 2.00000e-06
 2.00000e-06
 2.00000e-06
 2.00000e-06
 2.00000e-06
 2.00000e-06
 2.00000e-06
 2.00000e-06
 2.00000e-06
 2.00000e-06
 1.99998e-06
 2.00000e-06
 4.00000e-06
 4.00000e-06
 4.00000e-06
 4.00000e-06
 4.00000e-06
 4.00000e-06
 4.00000e-06
 4.00000e-06
 4.00000e-06
 4.00000e-06
 4.00000e-06
 4.00000e-06
 4.00000e-06
 4.00000e-06
 4.00000e-06
 4.00000e-06
 4.00000e-06
 4.00000e-06
 4.00000e-06
 4.00000e-06
 4.00000e-06
 4.00000e-06
 4.00000e-06
 4.00000e-06
 4.00000e-06
 4.00000e-06
 3.99999e-06
 3.99995e-06
 2.00000e-06
 4.00000e-06
 4.00000e-06
 4.00000e-06
 4.00000e-06
 4.00000e-06
 4.00000e-06
 4.00000e-06
 4.00000e-06
 4.00000e-06
 4.00000e-06
 4.00000e-06
 4.00000e-06
 4.00000e-06
 4.00000e-06
 4.00000e-06
 4.00000e-06
 4.00000e-06
 4.00000e-06
 4.00000e-06
 4.00000e-06
 4.00000e-06
 4.00000e-06
 4.00000e-06
 4.00000e-06
 4.00000e-06
 4.00000e-06
 3.99999e-06
 3.99995e-06
 2.00000e-06
 4.00000e-06
 4.00000e-06
 4.00000e-06
 4.00000e-06
 4.00000e-06
 4.00000e-06
 4.00000e-06
 4.00000e-06
 4.00000e-06
 4.00000e-06
 4.00000e-06
 4.00000e-06
 4.00000e-06
 4.00000e-06
 4.00000e-06
 4.00000e-06
 4.00000e-06
 4.00000e-06
 4.00000e-06
 4.00000e-06
 4.00000e-06
 4.00000e-06
 4.00000e-06
 4.00000e-06
 4.00000e-06
 4.00000e-06
 3.99999e-06
 3.99995e-06
 2.00000e-06
 4.00000e-06
 4.00000e-06
 4.00000e-06
 4.00000e-06
 4.00000e-06
 4.00000e-06
 4.00000e-06
 4.00000e-06
 4.00000e-06
 4.00000e-06
 4.00000e-06
 4.00000e-06
 4.00000e-06
 4.00000e-06
 4.00000e-06
 4.00000e-06
 4.00000e-06
 4.00000e-06
 4.00000e-06
 4.00000e-06
 4.00000e-06
 4.00000e-06
 4.00000e-06
 4.00000e-06
 4.00000e-06
 4.00000e-06
 3.99999e-06
 3.99995e-06
 1.00000e-06
 2.00000e-06
 2.00000e-06
 2.00000e-06
 2.00000e-06
 2.00000e-06
 2.00000e-06
 2.00000e-06
 2.00000e-06
 2.00000e-06
 2.00000e-06
 2.00000e-06
 2.00000e-06
 2.00000e-06
 2.00000e-06
 2.00000e-06
 2.00000e-06
 2.00000e-06
 2.00000e-06
 2.00000e-06
 2.00000e-06
 2.00000e-06
 2.00000e-06
 2.00000e-06
 2.00000e-06
 2.00000e-06
 2.00000e-06
 2.00000e-06
 1.99998e-06
 5.00000e-07
 1.00000e-06
 1.00000e-06
 1.00000e-06
 1.00000e-06
 1.00000e-06
 1.00000e-06
 1.00000e-06
 1.00000e-06
 1.00000e-06
 1.00000e-06
 1.00000e-06
 1.00000e-06
 1.00000e-06
 1.00000e-06
 1.00000e-06
 1.00000e-06
 1.00000e-06
 1.00000e-06
 1.00000e-06
 1.00000e-06
 1.00000e-06
 1.00000e-06
 1.00000e-06
 1.00000e-06
 1.00000e-06
 1.00000e-06
 9.99999e-07
 9.99988e-07
 1.00000e-06
 2.00000e-06
 2.00000e-06
 2.00000e-06
 2.00000e-06
 2.00000e-06
 2.00000e-06
 2.00000e-06
 2.00000e-06
 2.00000e-06
 2.00000e-06
 2.00000e-06
 2.00000e-06
 2.00000e-06
 2.00000e-06
 2.00000e-06
 2.00000e-06
 2.00000e-06
 2.00000e-06
 2.00000e-06
 2.00000e-06
 2.00000e-06
 2.00000e-06
 2.00000e-06
 2.00000e-06
 2.00000e-06
 2.00000e-06
 2.00000e-06
 1.99998e-06
 1.00000e-06
 2.00000e-06
 2.00000e-06
 2.00000e-06
 2.00000e-06
 2.00000e-06
 2.00000e-06
 2.00000e-06
 2.00000e-06
 2.00000e-06
 2.00000e-06
 2.00000e-06
 2.00000e-06
 2.00000e-06
 2.00000e-06
 2.00000e-06
 2.00000e-06
 2.00000e-06
 2.00000e-06
 2.00000e-06
 2.00000e-06
 2.00000e-06
 2.00000e-06
 2.00000e-06
 2.00000e-06
 2.00000e-06
 2.00000e-06
 2.00000e-06
 1.99998e-06
 1.00000e-06
 2.00000e-06
 2.00000e-06
 2.00000e-06
 2.00000e-06
 2.00000e-06
 2.00000e-06
 2.00000e-06
 2.00000e-06
 2.00000e-06
 2.00000e-06
 2.00000e-06
 2.00000e-06
 2.00000e-06
 2.00000e-06
 2.00000e-06
 2.00000e-06
 2.00000e-06
 2.00000e-06
 2.00000e-06
 2.00000e-06
 2.00000e-06
 2.00000e-06
 2.00000e-06
 2.00000e-06
 2.00000e-06
 2.00000e-06
 2.00000e-06
 1.99998e-06
 1.00000e-06
 2.00000e-06
 2.00000e-06
 2.00000e-06
 2.00000e-06
 2.00000e-06
 2.00000e-06
 2.00000e-06
 2.00000e-06
 2.00000e-06
 2.00000e-06
 2.00000e-06
 2.00000e-06
 2.00000e-06
 2.00000e-06
 2.00000e-06
 2.00000e-06
 2.00000e-06
 2.00000e-06
 2.00000e-06
 2.00000e-06
 2.00000e-06
 2.00000e-06
 2.00000e-06
 2.00000e-06
 2.00000e-06
 2.00000e-06
 2.00000e-06
 1.99998e-06
 5.00000e-07
 1.00000e-06
 1.00000e-06
 1.00000e-06
 1.00000e-06
 1.00000e-06
 1.00000e-06
 1.00000e-06
 1.00000e-06
 1.00000e-06
 1.00000e-06
 1.00000e-06
 1.00000e-06
 1.00000e-06
 1.00000e-06
 1.00000e-06
 1.00000e-06
 1.00000e-06
 1.00000e-06
 1.00000e-06
 1.00000e-06
 1.00000e-06
 1.00000e-06
 1.00000e-06
 1.00000e-06
 1.00000e-06
 1.00000e-06
 9.99999e-07
 9.99988e-07
part
         2
coordinates
 1.00000e-06
 1.00000e-06
 1.00000e-06
 1.00000e-06
 1.00000e-06
 9.99999e-07
 9.99988e-07
 9.99916e-07
 9.99454e-07
 9.96844e-07
 9.84391e-07
 9.41292e-07
 8.54040e-07
 7.51191e-07
 6.73077e-07
 6.32545e-07
 6.19352e-07
 6.17940e-07
 6.19741e-07
 6.20891e-07
 6.21654e-07
 6.22163e-07
 6.21953e-07
 6.21719e-07
 6.21698e-07
 6.21542e-07
 6.21376e-07
 6.21403e-07
 6.21343e-07
 6.21138e-07
 6.21237e-07
 6.21573e-07
 2.00000e-06
 2.00000e-06
 2.00000e-06
 2.00000e-06
 2.00000e-06
 2.00000e-06
 1.99998e-06
 1.99983e-06
 1.99890e-06
 1.99364e-06
 1.96815e-06
 1.87846e-06
 1.69812e-06
 1.49079e-06
 1.33949e-06
 1.26577e-06
 1.24417e-06
 1.24208e-06
 1.24431e-06
 1.24483e-06
 1.24485e-06
 1.24481e-06
 1.24385e-06
 1.24317e-06
 1.24304e-06
 1.24255e-06
 1.24201e-06
 1.24191e-06
 1.24168e-06
 1.24125e-06
 1.24142e-06
 1.24188e-06
 2.00000e-06
 2.00000e-06
 2.00000e-06
 2.00000e-06
 2.00000e-06
 2.00000e-06
 1.99998e-06
 1.99983e-06
 1.99890e-06
 1.99356e-06
 1.96717e-06
 1.87249e-06
 1.68436e-06
 1.47509e-06
 1.33033e-06
 1.26596e-06
 1.25026e-06
 1.24925e-06
 1.25025e-06
 1.24911e-06
 1.24749e-06
 1.24617e-06
 1.24444e-06
 1.24345e-06
 1.24333e-06
 1.24266e-06
 1.24190e-06
 1.24171e-06
 1.24132e-06
 1.24058e-06
 1.24033e-06
 1.24006e-06
 2.00000e-06
 2.00000e-06
 2.00000e-06
 2.00000e-06
 2.00000e-06
 2.00000e-06
 1.99998e-06
 1.99983e-06
 1.99890e-06
 1.99355e-06
 1.96704e-06
 1.87180e-06
 1.68284e-06
 1.47339e-06
 1.32923e-06
 1.26566e-06
 1.25043e-06
 1.24948e-06
 1.25047e-06
 1.24927e-06
 1.24760e-06
 1.24626e-06
 1.24454e-06
 1.24354e-06
 1.24341e-06
 1.24272e-06
 1.24193e-06
 1.24175e-06
 1.24137e-06
 1.24062e-06
 1.24036e-06
 1.24009e-06
 2.00000e-06
 2.00000e-06
 2.00000e-06
 2.00000e-06
 2.00000e-06
 2.00000e-06
 1.99998e-06
 1.99983e-06
 1.99890e-06
 1.99360e-06
 1.96783e-06
 1.87683e-06
 1.69456e-06
 1.48673e-06
 1.33669e-06
 1.26476e-06
 1.24427e-06
 1.24239e-06
 1.24456e-06
 1.24498e-06
 1.24493e-06
 1.24489e-06
 1.24397e-06
 1.24331e-06
 1.24319e-06
 1.24267e-06
 1.24210e-06
 1.24198e-06
 1.24174e-06
 1.24132e-06
 1.24148e-06
 1.24192e-06
 1.00000e-06
 1.00000e-06
 1.00000e-06
 1.00000e-06
 1.00000e-06
 9.99999e-07
 9.99988e-07
 9.99915e-07
 9.99451e-07
 9.96821e-07
 9.84201e-07
 9.40362e-07
 8.52006e-07
 7.48827e-07
 6.71382e-07
 6.31834e-07
 6.19289e-07
 6.18013e-07
 6.19767e-07
 6.20873e-07
 6.21630e-07
 6.22154e-07
 6.21972e-07
 6.21773e-07
 6.21768e-07
 6.21609e-07
 6.21432e-07
 6.21438e-07
 6.21364e-07
 6.21163e-07
 6.21259e-07
 6.21588e-07
 2.00000e-06
 2.00000e-06
 2.00000e-06
 2.00000e-06
 2.00000e-06
 2.00000e-06
 1.99998e-06
 1.99983e-06
 1.99890e-06
 1.99364e-06
 1.96811e-06
 1.87828e-06
 1.69777e-06
 1.49043e-06
 1.33927e-06
 1.26572e-06
 1.24419e-06
 1.24212e-06
 1.24436e-06
 1.24488e-06
 1.24488e-06
 1.24483e-06
 1.24387e-06
 1.24318e-06
 1.24304e-06
 1.24254e-06
 1.24199e-06
 1.24188e-06
 1.24165e-06
 1.24122e-06
 1.24139e-06
 1.24184e-06
 4.00000e-06
 4.00000e-06
 4.00000e-06
 4.00000e-06
 4.00000e-06
 3.99999e-06
 3.99995e-06
 3.99966e-06
 3.99780e-06
 3.98716e-06
 3.93478e-06
 3.74700e-06
 3.37334e-06
 2.95599e-06
 2.66492e-06
 2.53348e-06
 2.49949e-06
 2.49548e-06
 2.49690e-06
 2.49482e-06
 2.49263e-06
 2.49138e-06
 2.48896e-06
 2.48746e-06
 2.48703e-06
 2.48546e-06
 2.48374e-06
 2.48329e-06
 2.48250e-06
 2.48112e-06
 2.48098e-06
 2.48087e-06
 4.00000e-06
 4.00000e-06
 4.00000e-06
 4.00000e-06
 4.00000e-06
 3.99999e-06
 3.99995e-06
 3.99966e-06
 3.99779e-06
 3.98700e-06
 3.93260e-06
 3.73342e-06
 3.34319e-06
 2.92300e-06
 2.64677e-06
 2.53503e-06
 2.51198e-06
 2.50857e-06
 2.50722e-06
 2.50220e-06
 2.49773e-06
 2.49512e-06
 2.49187e-06
 2.49019e-06
 2.48974e-06
 2.48748e-06
 2.48506e-06
 2.48438e-06
 2.48270e-06
 2.47996e-06
 2.47866e-06
 2.47582e-06
 4.00000e-06
 4.00000e-06
 4.00000e-06
 4.00000e-06
 4.00000e-06
 3.99999e-06
 3.99995e-06
 3.99966e-06
 3.99779e-06
 3.98697e-06
 3.93232e-06
 3.73191e-06
 3.34002e-06
 2.91962e-06
 2.64467e-06
 2.53450e-06
 2.51225e-06
 2.50892e-06
 2.50754e-06
 2.50240e-06
 2.49792e-06
 2.49536e-06
 2.49212e-06
 2.49040e-06
 2.48991e-06
 2.48761e-06
 2.48515e-06
 2.48446e-06
 2.48278e-06
 2.48001e-06
 2.47870e-06
 2.47583e-06
 4.00000e-06
 4.00000e-06
 4.00000e-06
 4.00000e-06
 4.00000e-06
 3.99999e-06
 3.99995e-06
 3.99966e-06
 3.99779e-06
 3.98709e-06
 3.93410e-06
 3.74349e-06
 3.36593e-06
 2.94786e-06
 2.65955e-06
 2.53162e-06
 2.49953e-06
 2.49576e-06
 2.49704e-06
 2.49488e-06
 2.49279e-06
 2.49171e-06
 2.48937e-06
 2.48783e-06
 2.48736e-06
 2.48575e-06
 2.48396e-06
 2.48343e-06
 2.48257e-06
 2.48115e-06
 2.48099e-06
 2.48085e-06
 2.00000e-06
 2.00000e-06
 2.00000e-06
 2.00000e-06
 2.00000e-06
 2.00000e-06
 1.99998e-06
 1.99983e-06
 1.99890e-06
 1.99359e-06
 1.96771e-06
 1.87628e-06
 1.69354e-06
 1.48568e-06
 1.33601e-06
 1.26439e-06
 1.24397e-06
 1.24204e-06
 1.24419e-06
 1.24474e-06
 1.24485e-06
 1.24491e-06
 1.24403e-06
 1.24334e-06
 1.24320e-06
 1.24271e-06
 1.24212e-06
 1.24194e-06
 1.24165e-06
 1.24120e-06
 1.24136e-06
 1.24182e-06
 2.00000e-06
 2.00000e-06
 2.00000e-06
 2.00000e-06
 2.00000e-06
 2.00000e-06
 1.99998e-06
 1.99983e-06
 1.99890e-06
 1.99355e-06
 1.96704e-06
 1.87185e-06
 1.68311e-06
 1.47382e-06
 1.32962e-06
 1.26585e-06
 1.25042e-06
 1.24943e-06
 1.25043e-06
 1.24926e-06
 1.24760e-06
 1.24624e-06
 1.24448e-06
 1.24345e-06
 1.24334e-06
 1.24265e-06
 1.24185e-06
 1.24164e-06
 1.24125e-06
 1.24051e-06
 1.24025e-06
 1.23997e-06
 4.00000e-06
 4.00000e-06
 4.00000e-06
 4.00000e-06
 4.00000e-06
 3.99999e-06
 3.99995e-06
 3.99966e-06
 3.99779e-06
 3.98697e-06
 3.93240e-06
 3.73241e-06
 3.34123e-06
 2.92107e-06
 2.64573e-06
 2.53492e-06
 2.51226e-06
 2.50885e-06
 2.50748e-06
 2.50242e-06
 2.49787e-06
 2.49519e-06
 2.49191e-06
 2.49021e-06
 2.48975e-06
 2.48747e-06
 2.48501e-06
 2.48431e-06
 2.48262e-06
 2.47987e-06
 2.47856e-06
 2.47573e-06
 4.00000e-06
 4.00000e-06
 4.00000e-06
 4.00000e-06
 4.00000e-06
 3.99999e-06
 3.99995e-06
 3.99966e-06
 3.99778e-06
 3.98679e-06
 3.92988e-06
 3.71655e-06
 3.30769e-06
 2.88626e-06
 2.62790e-06
 2.53798e-06
 2.52508e-06
 2.52041e-06
 2.51610e-06
 2.50862e-06
 2.50278e-06
 2.49999e-06
 2.49661e-06
 2.49496e-06
 2.49401e-06
 2.49037e-06
 2.48688e-06
 2.48539e-06
 2.48139e-06
 2.47584e-06
 2.47248e-06
 2.46578e-06
 4.00000e-06
 4.00000e-06
 4.00000e-06
 4.00000e-06
 4.00000e-06
 3.99999e-06
 3.99995e-06
 3.99966e-06
 3.99778e-06
 3.98676e-06
 3.92957e-06
 3.71486e-06
 3.30434e-06
 2.88291e-06
 2.62594e-06
 2.53754e-06
 2.52526e-06
 2.52061e-06
 2.51627e-06
 2.50872e-06
 2.50297e-06
 2.50030e-06
 2.49691e-06
 2.49520e-06
 2.49419e-06
 2.49050e-06
 2.48702e-06
 2.48549e-06
 2.48139e-06
 2.47578e-06
 2.47240e-06
 2.46569e-06
 4.00000e-06
 4.00000e-06
 4.00000e-06
 4.00000e-06
 4.00000e-06
 3.99999e-06
 3.99995e-06
 3.99966e-06
 3.99778e-06
 3.98689e-06
 3.93165e-06
 3.72852e-06
 3.33343e-06
 2.91296e-06
 2.64066e-06
 2.53328e-06
 2.51208e-06
 2.50867e-06
 2.50721e-06
 2.50224e-06
 2.49803e-06
 2.49566e-06
 2.49249e-06
 2.49069e-06
 2.49014e-06
 2.48779e-06
 2.48525e-06
 2.48443e-06
 2.48257e-06
 2.47968e-06
 2.47832e-06
 2.47548e-06
 2.00000e-06
 2.00000e-06
 2.00000e-06
 2.00000e-06
 2.00000e-06
 2.00000e-06
 1.99998e-06
 1.99983e-06
 1.99889e-06
 1.99349e-06
 1.96660e-06
 1.86965e-06
 1.67865e-06
 1.46906e-06
 1.32652e-06
 1.26464e-06
 1.25005e-06
 1.24906e-06
 1.24999e-06
 1.24898e-06
 1.24757e-06
 1.24641e-06
 1.24476e-06
 1.24369e-06
 1.24354e-06
 1.24284e-06
 1.24194e-06
 1.24165e-06
 1.24119e-06
 1.24038e-06
 1.24009e-06
 1.23981e-06
 2.00000e-06
 2.00000e-06
 2.00000e-06
 2.00000e-06
 2.00000e-06
 2.00000e-06
 1.99998e-06
 1.99983e-06
 1.99890e-06
 1.99352e-06
 1.96680e-06
 1.87062e-06
 1.68053e-06
 1.47109e-06
 1.32798e-06
 1.26554e-06
 1.25082e-06
 1.24989e-06
 1.25084e-06
 1.24957e-06
 1.24780e-06
 1.24640e-06
 1.24462e-06
 1.24358e-06
 1.24346e-06
 1.24272e-06
 1.24187e-06
 1.24166e-06
 1.24127e-06
 1.24051e-06
 1.24023e-06
 1.23994e-06
 4.00000e-06
 4.00000e-06
 4.00000e-06
 4.00000e-06
 4.00000e-06
 3.99999e-06
 3.99995e-06
 3.99966e-06
 3.99779e-06
 3.98692e-06
 3.93188e-06
 3.72964e-06
 3.33559e-06
 2.91529e-06
 2.64238e-06
 2.53432e-06
 2.51297e-06
 2.50966e-06
 2.50814e-06
 2.50287e-06
 2.49820e-06
 2.49557e-06
 2.49229e-06
 2.49048e-06
 2.48996e-06
 2.48761e-06
 2.48507e-06
 2.48435e-06
 2.48266e-06
 2.47988e-06
 2.47854e-06
 2.47565e-06
 4.00000e-06
 4.00000e-06
 4.00000e-06
 4.00000e-06
 4.00000e-06
 3.99999e-06
 3.99995e-06
 3.99966e-06
 3.99777e-06
 3.98673e-06
 3.92930e-06
 3.71337e-06
 3.30144e-06
 2.88012e-06
 2.62451e-06
 2.53747e-06
 2.52574e-06
 2.52106e-06
 2.51659e-06
 2.50895e-06
 2.50309e-06
 2.50040e-06
 2.49703e-06
 2.49527e-06
 2.49420e-06
 2.49050e-06
 2.48703e-06
 2.48551e-06
 2.48139e-06
 2.47575e-06
 2.47233e-06
 2.46565e-06
 4.00000e-06
 4.00000e-06
 4.00000e-06
 4.00000e-06
 4.00000e-06
 3.99999e-06
 3.99995e-06
 3.99966e-06
 3.99777e-06
 3.98670e-06
 3.92899e-06
 3.71165e-06
 3.29807e-06
 2.87678e-06
 2.62260e-06
 2.53706e-06
 2.52590e-06
 2.52121e-06
 2.51674e-06
 2.50914e-06
 2.50336e-06
 2.50073e-06
 2.49735e-06
 2.49551e-06
 2.49439e-06
 2.49063e-06
 2.48714e-06
 2.48556e-06
 2.48134e-06
 2.47563e-06
 2.47219e-06
 2.46551e-06
 4.00000e-06
 4.00000e-06
 4.00000e-06
 4.00000e-06
 4.00000e-06
 3.99999e-06
 3.99995e-06
 3.99966e-06
 3.99778e-06
 3.98683e-06
 3.93112e-06
 3.72567e-06
 3.32773e-06
 2.90718e-06
 2.63742e-06
 2.53274e-06
 2.51275e-06
 2.50943e-06
 2.50784e-06
 2.50279e-06
 2.49848e-06
 2.49610e-06
 2.49291e-06
 2.49098e-06
 2.49035e-06
 2.48791e-06
 2.48524e-06
 2.48437e-06
 2.48252e-06
 2.47961e-06
 2.47821e-06
 2.47532e-06
 2.00000e-06
 2.00000e-06
 2.00000e-06
 2.00000e-06
 2.00000e-06
 2.00000e-06
 1.99998e-06
 1.99983e-06
 1.99889e-06
 1.99347e-06
 1.96636e-06
 1.86837e-06
 1.67604e-06
 1.46633e-06
 1.32493e-06
 1.26437e-06
 1.25044e-06
 1.24951e-06
 1.25038e-06
 1.24931e-06
 1.24781e-06
 1.24660e-06
 1.24493e-06
 1.24385e-06
 1.24366e-06
 1.24289e-06
 1.24193e-06
 1.24162e-06
 1.24118e-06
 1.24035e-06
 1.24005e-06
 1.23975e-06
 2.00000e-06
 2.00000e-06
 2.00000e-06
 2.00000e-06
 2.00000e-06
 2.00000e-06
 1.99998e-06
 1.99983e-06
 1.99890e-06
 1.99356e-06
 1.96752e-06
 1.87540e-06
 1.69174e-06
 1.48387e-06
 1.33507e-06
 1.26451e-06
 1.24471e-06
 1.24288e-06
 1.24500e-06
 1.24536e-06
 1.24521e-06
 1.24510e-06
 1.24414e-06
 1.24344e-06
 1.24328e-06
 1.24271e-06
 1.24207e-06
 1.24192e-06
 1.24166e-06
 1.24119e-06
 1.24131e-06
 1.24172e-06
 4.00000e-06
 4.00000e-06
 4.00000e-06
 4.00000e-06
 4.00000e-06
 3.99999e-06
 3.99995e-06
 3.99966e-06
 3.99779e-06
 3.98702e-06
 3.93352e-06
 3.74059e-06
 3.36024e-06
 2.94219e-06
 2.65646e-06
 2.53123e-06
 2.50041e-06
 2.49671e-06
 2.49781e-06
 2.49550e-06
 2.49324e-06
 2.49209e-06
 2.48970e-06
 2.48807e-06
 2.48752e-06
 2.48581e-06
 2.48392e-06
 2.48335e-06
 2.48247e-06
 2.48098e-06
 2.48077e-06
 2.48055e-06
 4.00000e-06
 4.00000e-06
 4.00000e-06
 4.00000e-06
 4.00000e-06
 3.99999e-06
 3.99995e-06
 3.99966e-06
 3.99778e-06
 3.98684e-06
 3.93120e-06
 3.72612e-06
 3.32875e-06
 2.90839e-06
 2.63827e-06
 2.53307e-06
 2.51279e-06
 2.50938e-06
 2.50771e-06
 2.50263e-06
 2.49832e-06
 2.49593e-06
 2.49277e-06
 2.49090e-06
 2.49026e-06
 2.48784e-06
 2.48529e-06
 2.48447e-06
 2.48260e-06
 2.47965e-06
 2.47822e-06
 2.47537e-06
 4.00000e-06
 4.00000e-06
 4.00000e-06
 4.00000e-06
 4.00000e-06
 3.99999e-06
 3.99995e-06
 3.99966e-06
 3.99777e-06
 3.98681e-06
 3.93091e-06
 3.72453e-06
 3.32551e-06
 2.90502e-06
 2.63627e-06
 2.53262e-06
 2.51303e-06
 2.50969e-06
 2.50802e-06
 2.50294e-06
 2.49862e-06
 2.49624e-06
 2.49305e-06
 2.49110e-06
 2.49043e-06
 2.48796e-06
 2.48530e-06
 2.48443e-06
 2.48257e-06
 2.47962e-06
 2.47818e-06
 2.47531e-06
 4.00000e-06
 4.00000e-06
 4.00000e-06
 4.00000e-06
 4.00000e-06
 3.99999e-06
 3.99995e-06
 3.99966e-06
 3.99778e-06
 3.98694e-06
 3.93280e-06
 3.73691e-06
 3.35269e-06
 2.93407e-06
 2.65130e-06
 2.52953e-06
 2.50040e-06
 2.49690e-06
 2.49793e-06
 2.49572e-06
 2.49359e-06
 2.49254e-06
 2.49018e-06
 2.48846e-06
 2.48785e-06
 2.48605e-06
 2.48399e-06
 2.48329e-06
 2.48236e-06
 2.48086e-06
 2.48063e-06
 2.48040e-06
 2.00000e-06
 2.00000e-06
 2.00000e-06
 2.00000e-06
 2.00000e-06
 2.00000e-06
 1.99998e-06
 1.99983e-06
 1.99889e-06
 1.99351e-06
 1.96710e-06
 1.87331e-06
 1.68743e-06
 1.47913e-06
 1.33191e-06
 1.26327e-06
 1.24446e-06
 1.24276e-06
 1.24482e-06
 1.24526e-06
 1.24525e-06
 1.24525e-06
 1.24433e-06
 1.24362e-06
 1.24343e-06
 1.24283e-06
 1.24212e-06
 1.24189e-06
 1.24158e-06
 1.24110e-06
 1.24121e-06
 1.24163e-06
 1.00000e-06
 1.00000e-06
 1.00000e-06
 1.00000e-06
 1.00000e-06
 9.99999e-07
 9.99988e-07
 9.99915e-07
 9.99449e-07
 9.96800e-07
 9.84043e-07
 9.39639e-07
 8.50583e-07
 7.47368e-07
 6.70518e-07
 6.31648e-07
 6.19463e-07
 6.18236e-07
 6.19976e-07
 6.21063e-07
 6.21784e-07
 6.22276e-07
 6.22079e-07
 6.21851e-07
 6.21815e-07
 6.21633e-07
 6.21430e-07
 6.21419e-07
 6.21331e-07
 6.21108e-07
 6.21178e-07
 6.21484e-07
 2.00000e-06
 2.00000e-06
 2.00000e-06
 2.00000e-06
 2.00000e-06
 2.00000e-06
 1.99998e-06
 1.99983e-06
 1.99890e-06
 1.99355e-06
 1.96740e-06
 1.87482e-06
 1.69066e-06
 1.48278e-06
 1.33438e-06
 1.26413e-06
 1.24438e-06
 1.24250e-06
 1.24457e-06
 1.24507e-06
 1.24513e-06
 1.24513e-06
 1.24422e-06
 1.24351e-06
 1.24332e-06
 1.24275e-06
 1.24211e-06
 1.24192e-06
 1.24161e-06
 1.24111e-06
 1.24122e-06
 1.24164e-06
 2.00000e-06
 2.00000e-06
 2.00000e-06
 2.00000e-06
 2.00000e-06
 2.00000e-06
 1.99998e-06
 1.99983e-06
 1.99889e-06
 1.99347e-06
 1.96635e-06
 1.86838e-06
 1.67617e-06
 1.46662e-06
 1.32522e-06
 1.26451e-06
 1.25041e-06
 1.24942e-06
 1.25026e-06
 1.24920e-06
 1.24777e-06
 1.24658e-06
 1.24491e-06
 1.24385e-06
 1.24366e-06
 1.24289e-06
 1.24197e-06
 1.24168e-06
 1.24121e-06
 1.24035e-06
 1.24004e-06
 1.23974e-06
 2.00000e-06
 2.00000e-06
 2.00000e-06
 2.00000e-06
 2.00000e-06
 2.00000e-06
 1.99998e-06
 1.99983e-06
 1.99889e-06
 1.99345e-06
 1.96621e-06
 1.86764e-06
 1.67461e-06
 1.46491e-06
 1.32417e-06
 1.26426e-06
 1.25058e-06
 1.24965e-06
 1.25048e-06
 1.24939e-06
 1.24791e-06
 1.24671e-06
 1.24502e-06
 1.24393e-06
 1.24374e-06
 1.24295e-06
 1.24197e-06
 1.24166e-06
 1.24121e-06
 1.24037e-06
 1.24005e-06
 1.23975e-06
 2.00000e-06
 2.00000e-06
 2.00000e-06
 2.00000e-06
 2.00000e-06
 2.00000e-06
 1.99998e-06
 1.99983e-06
 1.99889e-06
 1.99351e-06
 1.96706e-06
 1.87310e-06
 1.68702e-06
 1.47872e-06
 1.33169e-06
 1.26322e-06
 1.24447e-06
 1.24277e-06
 1.24482e-06
 1.24528e-06
 1.24528e-06
 1.24528e-06
 1.24437e-06
 1.24365e-06
 1.24346e-06
 1.24285e-06
 1.24213e-06
 1.24189e-06
 1.24159e-06
 1.24110e-06
 1.24122e-06
 1.24163e-06
 1.00000e-06
 1.00000e-06
 1.00000e-06
 1.00000e-06
 1.00000e-06
 9.99999e-07
 9.99988e-07
 9.99915e-07
 9.99447e-07
 9.96776e-07
 9.83841e-07
 9.38657e-07
 8.48502e-07
 7.45003e-07
 6.68880e-07
 6.30986e-07
 6.19385e-07
 6.18281e-07
 6.19998e-07
 6.21073e-07
 6.21794e-07
 6.22296e-07
 6.22115e-07
 6.21905e-07
 6.21877e-07
 6.21681e-07
 6.21448e-07
 6.21412e-07
 6.21315e-07
 6.21087e-07
 6.21153e-07
 6.21457e-07
part
         3
coordinates
 6.21542e-07
 6.21376e-07
 6.21403e-07
 6.21343e-07
 6.21138e-07
 6.21237e-07
 6.21573e-07
 6.21034e-07
 6.19754e-07
 6.20717e-07
 6.26472e-07
 6.28827e-07
 5.83416e-07
 4.81424e-07
 3.87523e-07
 3.35828e-07
 3.01350e-07
 2.60686e-07
 2.18337e-07
 1.84408e-07
 1.61481e-07
 1.46931e-07
 1.37884e-07
 1.32325e-07
 1.28984e-07
 1.27051e-07
 1.25994e-07
 1.25452e-07
 1.25193e-07
 1.25077e-07
 1.25029e-07
 1.25010e-07
 1.24255e-06
 1.24201e-06
 1.24191e-06
 1.24168e-06
 1.24125e-06
 1.24142e-06
 1.24188e-06
 1.24099e-06
 1.23943e-06
 1.24290e-06
 1.25215e-06
 1.24303e-06
 1.13189e-06
 9.28354e-07
 7.62062e-07
 6.72379e-07
 6.03327e-07
 5.18644e-07
 4.33312e-07
 3.66404e-07
 3.21559e-07
 2.93138e-07
 2.75433e-07
 2.64514e-07
 2.57919e-07
 2.54088e-07
 2.51984e-07
 2.50902e-07
 2.50385e-07
 2.50154e-07
 2.50058e-07
 2.50021e-07
 1.24266e-06
 1.24190e-06
 1.24171e-06
 1.24132e-06
 1.24058e-06
 1.24033e-06
 1.24006e-06
 1.23812e-06
 1.23652e-06
 1.24253e-06
 1.25228e-06
 1.23341e-06
 1.10587e-06
 9.02044e-07
 7.53091e-07
 6.74442e-07
 6.04357e-07
 5.15761e-07
 4.29446e-07
 3.63477e-07
 3.19788e-07
 2.92191e-07
 2.74982e-07
 2.64325e-07
 2.57851e-07
 2.54067e-07
 2.51978e-07
 2.50901e-07
 2.50385e-07
 2.50154e-07
 2.50058e-07
 2.50021e-07
 1.24272e-06
 1.24193e-06
 1.24175e-06
 1.24137e-06
 1.24062e-06
 1.24036e-06
 1.24009e-06
 1.23816e-06
 1.23650e-06
 1.24250e-06
 1.25236e-06
 1.23384e-06
 1.10667e-06
 9.02673e-07
 7.53226e-07
 6.74279e-07
 6.04185e-07
 5.15702e-07
 4.29474e-07
 3.63535e-07
 3.19840e-07
 2.92226e-07
 2.75002e-07
 2.64336e-07
 2.57856e-07
 2.54070e-07
 2.51979e-07
 2.50902e-07
 2.50385e-07
 2.50154e-07
 2.50058e-07
 2.50021e-07
 1.24267e-06
 1.24210e-06
 1.24198e-06
 1.24174e-06
 1.24132e-06
 1.24148e-06
 1.24192e-06
 1.24105e-06
 1.23944e-06
 1.24278e-06
 1.25222e-06
 1.24373e-06
 1.13318e-06
 9.29412e-07
 7.62242e-07
 6.71922e-07
 6.02777e-07
 5.18320e-07
 4.33236e-07
 3.66465e-07
 3.21651e-07
 2.93213e-07
 2.75481e-07
 2.64541e-07
 2.57932e-07
 2.54094e-07
 2.51986e-07
 2.50903e-07
 2.50385e-07
 2.50155e-07
 2.50058e-07
 2.50021e-07
 6.21609e-07
 6.21432e-07
 6.21438e-07
 6.21364e-07
 6.21163e-07
 6.21259e-07
 6.21588e-07
 6.21054e-07
 6.19774e-07
 6.20629e-07
 6.26456e-07
 6.29101e-07
 5.83904e-07
 4.81852e-07
 3.87568e-07
 3.35533e-07
 3.00971e-07
 2.60421e-07
 2.18233e-07
 1.84411e-07
 1.61521e-07
 1.46971e-07
 1.37912e-07
 1.32341e-07
 1.28992e-07
 1.27055e-07
 1.25995e-07
 1.25452e-07
 1.25193e-07
 1.25077e-07
 1.25029e-07
 1.25010e-07
 1.24254e-06
 1.24199e-06
 1.24188e-06
 1.24165e-06
 1.24122e-06
 1.24139e-06
 1.24184e-06
 1.24097e-06
 1.23941e-06
 1.24285e-06
 1.25211e-06
 1.24306e-06
 1.13196e-06
 9.28334e-07
 7.61963e-07
 6.72266e-07
 6.03223e-07
 5.18582e-07
 4.33300e-07
 3.66418e-07
 3.21575e-07
 2.93149e-07
 2.75440e-07
 2.64517e-07
 2.57921e-07
 2.54089e-07
 2.51984e-07
 2.50903e-07
 2.50385e-07
 2.50154e-07
 2.50058e-07
 2.50021e-07
 2.48546e-06
 2.48374e-06
 2.48329e-06
 2.48250e-06
 2.48112e-06
 2.48098e-06
 2.48087e-06
 2.47828e-06
 2.47662e-06
 2.48517e-06
 2.49917e-06
 2.44363e-06
 2.18039e-06
 1.79081e-06
 1.50494e-06
 1.34810e-06
 1.20639e-06
 1.03024e-06
 8.59082e-07
 7.27602e-07
 6.40125e-07
 5.84740e-07
 5.50160e-07
 5.28742e-07
 5.15737e-07
 5.08146e-07
 5.03960e-07
 5.01803e-07
 5.00770e-07
 5.00309e-07
 5.00117e-07
 5.00041e-07
 2.48748e-06
 2.48506e-06
 2.48438e-06
 2.48270e-06
 2.47996e-06
 2.47866e-06
 2.47582e-06
 2.46953e-06
 2.46740e-06
 2.47953e-06
 2.49361e-06
 2.41053e-06
 2.11464e-06
 1.73931e-06
 1.49281e-06
 1.35427e-06
 1.20728e-06
 1.02302e-06
 8.50558e-07
 7.21362e-07
 6.36383e-07
 5.82744e-07
 5.49210e-07
 5.28343e-07
 5.15593e-07
 5.08102e-07
 5.03948e-07
 5.01801e-07
 5.00770e-07
 5.00309e-07
 5.00117e-07
 5.00041e-07
 2.48761e-06
 2.48515e-06
 2.48446e-06
 2.48278e-06
 2.48001e-06
 2.47870e-06
 2.47583e-06
 2.46952e-06
 2.46735e-06
 2.47950e-06
 2.49380e-06
 2.41121e-06
 2.11573e-06
 1.74008e-06
 1.49292e-06
 1.35397e-06
 1.20694e-06
 1.02285e-06
 8.50561e-07
 7.21445e-07
 6.36471e-07
 5.82809e-07
 5.49249e-07
 5.28364e-07
 5.15604e-07
 5.08106e-07
 5.03950e-07
 5.01802e-07
 5.00770e-07
 5.00309e-07
 5.00117e-07
 5.00041e-07
 2.48575e-06
 2.48396e-06
 2.48343e-06
 2.48257e-06
 2.48115e-06
 2.48099e-06
 2.48085e-06
 2.47832e-06
 2.47665e-06
 2.48512e-06
 2.49942e-06
 2.44473e-06
 2.18207e-06
 1.79195e-06
 1.50487e-06
 1.34713e-06
 1.20523e-06
 1.02946e-06
 8.58813e-07
 7.27654e-07
 6.40278e-07
 5.84879e-07
 5.50253e-07
 5.28793e-07
 5.15763e-07
 5.08158e-07
 5.03965e-07
 5.01805e-07
 5.00771e-07
 5.00309e-07
 5.00117e-07
 5.00041e-07
 1.24271e-06
 1.24212e-06
 1.24194e-06
 1.24165e-06
 1.24120e-06
 1.24136e-06
 1.24182e-06
 1.24101e-06
 1.23949e-06
 1.24281e-06
 1.25218e-06
 1.24348e-06
 1.13255e-06
 9.28697e-07
 7.61786e-07
 6.71603e-07
 6.02409e-07
 5.17976e-07
 4.33028e-07
 3.66387e-07
 3.21640e-07
 2.93223e-07
 2.75493e-07
 2.64549e-07
 2.57937e-07
 2.54096e-07
 2.51987e-07
 2.50904e-07
 2.50386e-07
 2.50155e-07
 2.50058e-07
 2.50021e-07
 1.24265e-06
 1.24185e-06
 1.24164e-06
 1.24125e-06
 1.24051e-06
 1.24025e-06
 1.23997e-06
 1.23807e-06
 1.23648e-06
 1.24239e-06
 1.25208e-06
 1.23338e-06
 1.10597e-06
 9.01988e-07
 7.52852e-07
 6.74154e-07
 6.04096e-07
 5.15614e-07
 4.29430e-07
 3.63528e-07
 3.19845e-07
 2.92231e-07
 2.75005e-07
 2.64337e-07
 2.57857e-07
 2.54070e-07
 2.51979e-07
 2.50902e-07
 2.50385e-07
 2.50154e-07
 2.50058e-07
 2.50021e-07
 2.48747e-06
 2.48501e-06
 2.48431e-06
 2.48262e-06
 2.47987e-06
 2.47856e-06
 2.47573e-06
 2.46949e-06
 2.46735e-06
 2.47939e-06
 2.49345e-06
 2.41074e-06
 2.11513e-06
 1.73946e-06
 1.49258e-06
 1.35391e-06
 1.20698e-06
 1.02289e-06
 8.50591e-07
 7.21461e-07
 6.36475e-07
 5.82806e-07
 5.49245e-07
 5.28361e-07
 5.15602e-07
 5.08105e-07
 5.03950e-07
 5.01802e-07
 5.00770e-07
 5.00309e-07
 5.00117e-07
 5.00041e-07
 2.49037e-06
 2.48688e-06
 2.48539e-06
 2.48139e-06
 2.47584e-06
 2.47248e-06
 2.46578e-06
 2.45521e-06
 2.45374e-06
 2.47025e-06
 2.48419e-06
 2.36823e-06
 2.04015e-06
 1.68930e-06
 1.48554e-06
 1.36171e-06
 1.20643e-06
 1.01396e-06
 8.41108e-07
 7.14776e-07
 6.32513e-07
 5.80699e-07
 5.48240e-07
 5.27939e-07
 5.15449e-07
 5.08058e-07
 5.03938e-07
 5.01799e-07
 5.00769e-07
 5.00309e-07
 5.00117e-07
 5.00041e-07
 2.49050e-06
 2.48702e-06
 2.48549e-06
 2.48139e-06
 2.47578e-06
 2.47240e-06
 2.46569e-06
 2.45515e-06
 2.45369e-06
 2.47029e-06
 2.48437e-06
 2.36874e-06
 2.04080e-06
 1.68963e-06
 1.48553e-06
 1.36145e-06
 1.20610e-06
 1.01374e-06
 8.41057e-07
 7.14824e-07
 6.32585e-07
 5.80758e-07
 5.48277e-07
 5.27959e-07
 5.15459e-07
 5.08063e-07
 5.03940e-07
 5.01800e-07
 5.00770e-07
 5.00309e-07
 5.00117e-07
 5.00041e-07
 2.48779e-06
 2.48525e-06
 2.48443e-06
 2.48257e-06
 2.47968e-06
 2.47832e-06
 2.47548e-06
 2.46940e-06
 2.46742e-06
 2.47954e-06
 2.49382e-06
 2.41161e-06
 2.11616e-06
 1.73984e-06
 1.49219e-06
 1.35291e-06
 1.20574e-06
 1.02196e-06
 8.50183e-07
 7.21431e-07
 6.36589e-07
 5.82929e-07
 5.49332e-07
 5.28411e-07
 5.15627e-07
 5.08117e-07
 5.03955e-07
 5.01804e-07
 5.00771e-07
 5.00309e-07
 5.00117e-07
 5.00041e-07
 1.24284e-06
 1.24194e-06
 1.24165e-06
 1.24119e-06
 1.24038e-06
 1.24009e-06
 1.23981e-06
 1.23804e-06
 1.23660e-06
 1.24251e-06
 1.25226e-06
 1.23374e-06
 1.10636e-06
 9.02035e-07
 7.52481e-07
 6.73419e-07
 6.03196e-07
 5.14899e-07
 4.29074e-07
 3.63449e-07
 3.19887e-07
 2.92296e-07
 2.75055e-07
 2.64368e-07
 2.57872e-07
 2.54077e-07
 2.51982e-07
 2.50903e-07
 2.50386e-07
 2.50155e-07
 2.50058e-07
 2.50021e-07
 1.24272e-06
 1.24187e-06
 1.24166e-06
 1.24127e-06
 1.24051e-06
 1.24023e-06
 1.23994e-06
 1.23802e-06
 1.23636e-06
 1.24219e-06
 1.25195e-06
 1.23366e-06
 1.10669e-06
 9.02546e-07
 7.52888e-07
 6.73873e-07
 6.03831e-07
 5.15522e-07
 4.29478e-07
 3.63629e-07
 3.19937e-07
 2.92296e-07
 2.75044e-07
 2.64358e-07
 2.57867e-07
 2.54074e-07
 2.51981e-07
 2.50902e-07
 2.50385e-07
 2.50155e-07
 2.50058e-07
 2.50021e-07
 2.48761e-06
 2.48507e-06
 2.48435e-06
 2.48266e-06
 2.47988e-06
 2.47854e-06
 2.47565e-06
 2.46936e-06
 2.46714e-06
 2.47911e-06
 2.49346e-06
 2.41174e-06
 2.11683e-06
 1.74050e-06
 1.49250e-06
 1.35328e-06
 1.20645e-06
 1.02273e-06
 8.50713e-07
 7.21684e-07
 6.36674e-07
 5.82942e-07
 5.49325e-07
 5.28403e-07
 5.15622e-07
 5.08114e-07
 5.03954e-07
 5.01803e-07
 5.00770e-07
 5.00309e-07
 5.00117e-07
 5.00041e-07
 2.49050e-06
 2.48703e-06
 2.48551e-06
 2.48139e-06
 2.47575e-06
 2.47233e-06
 2.46565e-06
 2.45513e-06
 2.45360e-06
 2.47016e-06
 2.48441e-06
 2.36965e-06
 2.04224e-06
 1.69031e-06
 1.48537e-06
 1.36104e-06
 1.20591e-06
 1.01382e-06
 8.41262e-07
 7.15025e-07
 6.32728e-07
 5.80844e-07
 5.48323e-07
 5.27982e-07
 5.15469e-07
 5.08067e-07
 5.03942e-07
 5.01800e-07
 5.00770e-07
 5.00309e-07
 5.00117e-07
 5.00041e-07
 2.49063e-06
 2.48714e-06
 2.48556e-06
 2.48134e-06
 2.47563e-06
 2.47219e-06
 2.46551e-06
 2.45503e-06
 2.45353e-06
 2.47020e-06
 2.48462e-06
 2.37016e-06
 2.04287e-06
 1.69064e-06
 1.48537e-06
 1.36078e-06
 1.20556e-06
 1.01359e-06
 8.41203e-07
 7.15070e-07
 6.32799e-07
 5.80902e-07
 5.48360e-07
 5.28002e-07
 5.15479e-07
 5.08072e-07
 5.03943e-07
 5.01801e-07
 5.00770e-07
 5.00309e-07
 5.00117e-07
 5.00042e-07
 2.48791e-06
 2.48524e-06
 2.48437e-06
 2.48252e-06
 2.47961e-06
 2.47821e-06
 2.47532e-06
 2.46920e-06
 2.46719e-06
 2.47929e-06
 2.49389e-06
 2.41265e-06
 2.11786e-06
 1.74087e-06
 1.49213e-06
 1.35228e-06
 1.20519e-06
 1.02177e-06
 8.50287e-07
 7.21646e-07
 6.36785e-07
 5.83065e-07
 5.49411e-07
 5.28453e-07
 5.15647e-07
 5.08126e-07
 5.03959e-07
 5.01805e-07
 5.00771e-07
 5.00309e-07
 5.00117e-07
 5.00042e-07
 1.24289e-06
 1.24193e-06
 1.24162e-06
 1.24118e-06
 1.24035e-06
 1.24005e-06
 1.23975e-06
 1.23797e-06
 1.23647e-06
 1.24233e-06
 1.25216e-06
 1.23405e-06
 1.10708e-06
 9.02586e-07
 7.52511e-07
 6.73132e-07
 6.02916e-07
 5.14791e-07
 4.29111e-07
 3.63546e-07
 3.19978e-07
 2.92360e-07
 2.75094e-07
 2.64388e-07
 2.57882e-07
 2.54082e-07
 2.51984e-07
 2.50904e-07
 2.50386e-07
 2.50155e-07
 2.50058e-07
 2.50021e-07
 1.24271e-06
 1.24207e-06
 1.24192e-06
 1.24166e-06
 1.24119e-06
 1.24131e-06
 1.24172e-06
 1.24080e-06
 1.23912e-06
 1.24232e-06
 1.25169e-06
 1.24332e-06
 1.13285e-06
 9.29007e-07
 7.61769e-07
 6.71472e-07
 6.02435e-07
 5.18178e-07
 4.33273e-07
 3.66584e-07
 3.21770e-07
 2.93300e-07
 2.75535e-07
 2.64570e-07
 2.57947e-07
 2.54101e-07
 2.51989e-07
 2.50904e-07
 2.50386e-07
 2.50155e-07
 2.50058e-07
 2.50021e-07
 2.48581e-06
 2.48392e-06
 2.48335e-06
 2.48247e-06
 2.48098e-06
 2.48077e-06
 2.48055e-06
 2.47794e-06
 2.47612e-06
 2.48438e-06
 2.49877e-06
 2.44483e-06
 2.18277e-06
 1.79218e-06
 1.50432e-06
 1.34633e-06
 1.20473e-06
 1.02942e-06
 8.59055e-07
 7.27966e-07
 6.40535e-07
 5.85051e-07
 5.50354e-07
 5.28847e-07
 5.15789e-07
 5.08169e-07
 5.03969e-07
 5.01807e-07
 5.00771e-07
 5.00309e-07
 5.00117e-07
 5.00042e-07
 2.48784e-06
 2.48529e-06
 2.48447e-06
 2.48260e-06
 2.47965e-06
 2.47822e-06
 2.47537e-06
 2.46929e-06
 2.46721e-06
 2.47913e-06
 2.49343e-06
 2.41227e-06
 2.11783e-06
 1.74095e-06
 1.49208e-06
 1.35231e-06
 1.20548e-06
 1.02217e-06
 8.50555e-07
 7.21765e-07
 6.36822e-07
 5.83070e-07
 5.49409e-07
 5.28450e-07
 5.15646e-07
 5.08125e-07
 5.03958e-07
 5.01805e-07
 5.00771e-07
 5.00309e-07
 5.00117e-07
 5.00042e-07
 2.48796e-06
 2.48530e-06
 2.48443e-06
 2.48257e-06
 2.47962e-06
 2.47818e-06
 2.47531e-06
 2.46923e-06
 2.46717e-06
 2.47914e-06
 2.49362e-06
 2.41296e-06
 2.11891e-06
 1.74171e-06
 1.49220e-06
 1.35200e-06
 1.20511e-06
 1.02196e-06
 8.50536e-07
 7.21838e-07
 6.36907e-07
 5.83134e-07
 5.49448e-07
 5.28471e-07
 5.15656e-07
 5.08130e-07
 5.03960e-07
 5.01806e-07
 5.00771e-07
 5.00309e-07
 5.00117e-07
 5.00042e-07
 2.48605e-06
 2.48399e-06
 2.48329e-06
 2.48236e-06
 2.48086e-06
 2.48063e-06
 2.48040e-06
 2.47787e-06
 2.47618e-06
 2.48443e-06
 2.49913e-06
 2.44604e-06
 2.18448e-06
 1.79331e-06
 1.50425e-06
 1.34534e-06
 1.20351e-06
 1.02857e-06
 8.58736e-07
 7.27996e-07
 6.40680e-07
 5.85187e-07
 5.50446e-07
 5.28899e-07
 5.15815e-07
 5.08181e-07
 5.03975e-07
 5.01809e-07
 5.00772e-07
 5.00310e-07
 5.00117e-07
 5.00042e-07
 1.24283e-06
 1.24212e-06
 1.24189e-06
 1.24158e-06
 1.24110e-06
 1.24121e-06
 1.24163e-06
 1.24080e-06
 1.23922e-06
 1.24236e-06
 1.25186e-06
 1.24384e-06
 1.13350e-06
 9.29381e-07
 7.61587e-07
 6.70791e-07
 6.01582e-07
 5.17530e-07
 4.32972e-07
 3.66540e-07
 3.21829e-07
 2.93372e-07
 2.75587e-07
 2.64601e-07
 2.57963e-07
 2.54108e-07
 2.51992e-07
 2.50906e-07
 2.50386e-07
 2.50155e-07
 2.50058e-07
 2.50021e-07
 6.21633e-07
 6.21430e-07
 6.21419e-07
 6.21331e-07
 6.21108e-07
 6.21178e-07
 6.21484e-07
 6.20918e-07
 6.19596e-07
 6.20396e-07
 6.26177e-07
 6.28810e-07
 5.83597e-07
 4.81540e-07
 3.87294e-07
 3.35315e-07
 3.00826e-07
 2.60374e-07
 2.18262e-07
 1.84473e-07
 1.61582e-07
 1.47016e-07
 1.37940e-07
 1.32357e-07
 1.29000e-07
 1.27059e-07
 1.25997e-07
 1.25453e-07
 1.25193e-07
 1.25077e-07
 1.25029e-07
 1.25010e-07
 1.24275e-06
 1.24211e-06
 1.24192e-06
 1.24161e-06
 1.24111e-06
 1.24122e-06
 1.24164e-06
 1.24077e-06
 1.23914e-06
 1.24238e-06
 1.25174e-06
 1.24323e-06
 1.13256e-06
 9.28681e-07
 7.61520e-07
 6.71233e-07
 6.02194e-07
 5.17988e-07
 4.33163e-07
 3.66546e-07
 3.21771e-07
 2.93313e-07
 2.75547e-07
 2.64578e-07
 2.57951e-07
 2.54103e-07
 2.51990e-07
 2.50905e-07
 2.50386e-07
 2.50155e-07
 2.50058e-07
 2.50021e-07
 1.24289e-06
 1.24197e-06
 1.24168e-06
 1.24121e-06
 1.24035e-06
 1.24004e-06
 1.23974e-06
 1.23796e-06
 1.23646e-06
 1.24222e-06
 1.25188e-06
 1.23373e-06
 1.10698e-06
 9.02671e-07
 7.52536e-07
 6.73153e-07
 6.03090e-07
 5.15041e-07
 4.29289e-07
 3.63631e-07
 3.20012e-07
 2.92373e-07
 2.75099e-07
 2.64390e-07
 2.57883e-07
 2.54082e-07
 2.51984e-07
 2.50904e-07
 2.50386e-07
 2.50155e-07
 2.50058e-07
 2.50021e-07
 1.24295e-06
 1.24197e-06
 1.24166e-06
 1.24121e-06
 1.24037e-06
 1.24005e-06
 1.23975e-06
 1.23799e-06
 1.23649e-06
 1.24222e-06
 1.25194e-06
 1.23416e-06
 1.10777e-06
 9.03291e-07
 7.52667e-07
 6.72982e-07
 6.02899e-07
 5.14961e-07
 4.29303e-07
 3.63682e-07
 3.20061e-07
 2.92407e-07
 2.75119e-07
 2.64400e-07
 2.57888e-07
 2.54084e-07
 2.51985e-07
 2.50904e-07
 2.50386e-07
 2.50155e-07
 2.50058e-07
 2.50021e-07
 1.24285e-06
 1.24213e-06
 1.24189e-06
 1.24159e-06
 1.24110e-06
 1.24122e-06
 1.24163e-06
 1.24079e-06
 1.23921e-06
 1.24234e-06
 1.25186e-06
 1.24400e-06
 1.13389e-06
 9.29747e-07
 7.61696e-07
 6.70756e-07
 6.01600e-07
 5.17617e-07
 4.33055e-07
 3.66592e-07
 3.21857e-07
 2.93386e-07
 2.75595e-07
 2.64604e-07
 2.57964e-07
 2.54109e-07
 2.51992e-07
 2.50906e-07
 2.50386e-07
 2.50155e-07
 2.50058e-07
 2.50021e-07
 6.21681e-07
 6.21448e-07
 6.21412e-07
 6.21315e-07
 6.21087e-07
 6.21153e-07
 6.21457e-07
 6.20912e-07
 6.19631e-07
 6.20368e-07
 6.26235e-07
 6.29149e-07
 5.84131e-07
 4.81986e-07
 3.87339e-07
 3.35008e-07
 3.00424e-07
 2.60083e-07
 2.18140e-07
 1.84468e-07
 1.61620e-07
 1.47055e-07
 1.37967e-07
 1.32373e-07
 1.29008e-07
 1.27062e-07
 1.25998e-07
 1.25453e-07
 1.25193e-07
 1.25077e-07
 1.25029e-07
 1.25010e-07
part
         4
coordinates
 1.27051e-07
 1.25994e-07
 1.25452e-07
 1.25193e-07
 1.25077e-07
 1.25029e-07
 1.25010e-07
 1.25003e-07
 1.25001e-07
 1.25000e-07
 1.25000e-07
 1.25000e-07
 1.25000e-07
 1.25000e-07
 1.25000e-07
 1.25000e-07
 1.25000e-07
 1.25000e-07
 1.25000e-07
 1.25000e-07
 1.25000e-07
 1.25000e-07
 1.25000e-07
 1.25000e-07
 1.25000e-07
 1.25000e-07
 1.25000e-07
 1.25000e-07
 6.25000e-08
 2.54088e-07
 2.51984e-07
 2.50902e-07
 2.50385e-07
 2.50154e-07
 2.50058e-07
 2.50021e-07
 2.50007e-07
 2.50002e-07
 2.50001e-07
 2.50000e-07
 2.50000e-07
 2.50000e-07
 2.50000e-07
 2.50000e-07
 2.50000e-07
 2.50000e-07
 2.50000e-07
 2.50000e-07
 2.50000e-07
 2.50000e-07
 2.50000e-07
 2.50000e-07
 2.50000e-07
 2.50000e-07
 2.50000e-07
 2.50000e-07
 2.50000e-07
 1.25000e-07
 2.54067e-07
 2.51978e-07
 2.50901e-07
 2.50385e-07
 2.50154e-07
 2.50058e-07
 2.50021e-07
 2.50007e-07
 2.50002e-07
 2.50001e-07
 2.50000e-07
 2.50000e-07
 2.50000e-07
 2.50000e-07
 2.50000e-07
 2.50000e-07
 2.50000e-07
 2.50000e-07
 2.50000e-07
 2.50000e-07
 2.50000e-07
 2.50000e-07
 2.50000e-07
 2.50000e-07
 2.50000e-07
 2.50000e-07
 2.50000e-07
 2.50000e-07
 1.25000e-07
 2.54070e-07
 2.51979e-07
 2.50902e-07
 2.50385e-07
 2.50154e-07
 2.50058e-07
 2.50021e-07
 2.50007e-07
 2.50002e-07
 2.50001e-07
 2.50000e-07
 2.50000e-07
 2.50000e-07
 2.50000e-07
 2.50000e-07
 2.50000e-07
 2.50000e-07
 2.50000e-07
 2.50000e-07
 2.50000e-07
 2.50000e-07
 2.50000e-07
 2.50000e-07
 2.50000e-07
 2.50000e-07
 2.50000e-07
 2.50000e-07
 2.50000e-07
 1.25000e-07
 2.54094e-07
 2.51986e-07
 2.50903e-07
 2.50385e-07
 2.50155e-07
 2.50058e-07
 2.50021e-07
 2.50007e-07
 2.50002e-07
 2.50001e-07
 2.50000e-07
 2.50000e-07
 2.50000e-07
 2.50000e-07
 2.50000e-07
 2.50000e-07
 2.50000e-07
 2.50000e-07
 2.50000e-07
 2.50000e-07
 2.50000e-07
 2.50000e-07
 2.50000e-07
 2.50000e-07
 2.50000e-07
 2.50000e-07
 2.50000e-07
 2.50000e-07
 1.25000e-07
 1.27055e-07
 1.25995e-07
 1.25452e-07
 1.25193e-07
 1.25077e-07
 1.25029e-07
 1.25010e-07
 1.25003e-07
 1.25001e-07
 1.25000e-07
 1.25000e-07
 1.25000e-07
 1.25000e-07
 1.25000e-07
 1.25000e-07
 1.25000e-07
 1.25000e-07
 1.25000e-07
 1.25000e-07
 1.25000e-07
 1.25000e-07
 1.25000e-07
 1.25000e-07
 1.25000e-07
 1.25000e-07
 1.25000e-07
 1.25000e-07
 1.25000e-07
 6.25000e-08
 2.54089e-07
 2.51984e-07
 2.50903e-07
 2.50385e-07
 2.50154e-07
 2.50058e-07
 2.50021e-07
 2.50007e-07
 2.50002e-07
 2.50001e-07
 2.50000e-07
 2.50000e-07
 2.50000e-07
 2.50000e-07
 2.50000e-07
 2.50000e-07
 2.50000e-07
 2.50000e-07
 2.50000e-07
 2.50000e-07
 2.50000e-07
 2.50000e-07
 2.50000e-07
 2.50000e-07
 2.50000e-07
 2.50000e-07
 2.50000e-07
 2.50000e-07
 1.25000e-07
 5.08146e-07
 5.03960e-07
 5.01803e-07
 5.00770e-07
 5.00309e-07
 5.00117e-07
 5.00041e-07
 5.00014e-07
 5.00004e-07
 5.00001e-07
 5.00000e-07
 5.00000e-07
 5.00000e-07
 5.00000e-07
 5.00000e-07
 5.00000e-07
 5.00000e-07
 5.00000e-07
 5.00000e-07
 5.00000e-07
 5.00000e-07
 5.00000e-07
 5.00000e-07
 5.00000e-07
 5.00000e-07
 5.00000e-07
 5.00000e-07
 5.00000e-07
 2.50000e-07
 5.08102e-07
 5.03948e-07
 5.01801e-07
 5.00770e-07
 5.00309e-07
 5.00117e-07
 5.00041e-07
 5.00014e-07
 5.00004e-07
 5.00001e-07
 5.00000e-07
 5.00000e-07
 5.00000e-07
 5.00000e-07
 5.00000e-07
 5.00000e-07
 5.00000e-07
 5.00000e-07
 5.00000e-07
 5.00000e-07
 5.00000e-07
 5.00000e-07
 5.00000e-07
 5.00000e-07
 5.00000e-07
 5.00000e-07
 5.00000e-07
 5.00000e-07
 2.50000e-07
 5.08106e-07
 5.03950e-07
 5.01802e-07
 5.00770e-07
 5.00309e-07
 5.00117e-07
 5.00041e-07
 5.00014e-07
 5.00004e-07
 5.00001e-07
 5.00000e-07
 5.00000e-07
 5.00000e-07
 5.00000e-07
 5.00000e-07
 5.00000e-07
 5.00000e-07
 5.00000e-07
 5.00000e-07
 5.00000e-07
 5.00000e-07
 5.00000e-07
 5.00000e-07
 5.00000e-07
 5.00000e-07
 5.00000e-07
 5.00000e-07
 5.00000e-07
 2.50000e-07
 5.08158e-07
 5.03965e-07
 5.01805e-07
 5.00771e-07
 5.00309e-07
 5.00117e-07
 5.00041e-07
 5.00014e-07
 5.00004e-07
 5.00001e-07
 5.00000e-07
 5.00000e-07
 5.00000e-07
 5.00000e-07
 5.00000e-07
 5.00000e-07
 5.00000e-07
 5.00000e-07
 5.00000e-07
 5.00000e-07
 5.00000e-07
 5.00000e-07
 5.00000e-07
 5.00000e-07
 5.00000e-07
 5.00000e-07
 5.00000e-07
 5.00000e-07
 2.50000e-07
 2.54096e-07
 2.51987e-07
 2.50904e-07
 2.50386e-07
 2.50155e-07
 2.50058e-07
 2.50021e-07
 2.50007e-07
 2.50002e-07
 2.50001e-07
 2.50000e-07
 2.50000e-07
 2.50000e-07
 2.50000e-07
 2.50000e-07
 2.50000e-07
 2.50000e-07
 2.50000e-07
 2.50000e-07
 2.50000e-07
 2.50000e-07
 2.50000e-07
 2.50000e-07
 2.50000e-07
 2.50000e-07
 2.50000e-07
 2.50000e-07
 2.50000e-07
 1.25000e-07
 2.54070e-07
 2.51979e-07
 2.50902e-07
 2.50385e-07
 2.50154e-07
 2.50058e-07
 2.50021e-07
 2.50007e-07
 2.50002e-07
 2.50001e-07
 2.50000e-07
 2.50000e-07
 2.50000e-07
 2.50000e-07
 2.50000e-07
 2.50000e-07
 2.50000e-07
 2.50000e-07
 2.50000e-07
 2.50000e-07
 2.50000e-07
 2.50000e-07
 2.50000e-07
 2.50000e-07
 2.50000e-07
 2.50000e-07
 2.50000e-07
 2.50000e-07
 1.25000e-07
 5.08105e-07
 5.03950e-07
 5.01802e-07
 5.00770e-07
 5.00309e-07
 5.00117e-07
 5.00041e-07
 5.00014e-07
 5.00004e-07
 5.00001e-07
 5.00000e-07
 5.00000e-07
 5.00000e-07
 5.00000e-07
 5.00000e-07
 5.00000e-07
 5.00000e-07
 5.00000e-07
 5.00000e-07
 5.00000e-07
 5.00000e-07
 5.00000e-07
 5.00000e-07
 5.00000e-07
 5.00000e-07
 5.00000e-07
 5.00000e-07
 5.00000e-07
 2.50000e-07
 5.08058e-07
 5.03938e-07
 5.01799e-07
 5.00769e-07
 5.00309e-07
 5.00117e-07
 5.00041e-07
 5.00014e-07
 5.00004e-07
 5.00001e-07
 5.00000e-07
 5.00000e-07
 5.00000e-07
 5.00000e-07
 5.00000e-07
 5.00000e-07
 5.00000e-07
 5.00000e-07
 5.00000e-07
 5.00000e-07
 5.00000e-07
 5.00000e-07
 5.00000e-07
 5.00000e-07
 5.00000e-07
 5.00000e-07
 5.00000e-07
 5.00000e-07
 2.50000e-07
 5.08063e-07
 5.03940e-07
 5.01800e-07
 5.00770e-07
 5.00309e-07
 5.00117e-07
 5.00041e-07
 5.00014e-07
 5.00004e-07
 5.00001e-07
 5.00000e-07
 5.00000e-07
 5.00000e-07
 5.00000e-07
 5.00000e-07
 5.00000e-07
 5.00000e-07
 5.00000e-07
 5.00000e-07
 5.00000e-07
 5.00000e-07
 5.00000e-07
 5.00000e-07
 5.00000e-07
 5.00000e-07
 5.00000e-07
 5.00000e-07
 5.00000e-07
 2.50000e-07
 5.08117e-07
 5.03955e-07
 5.01804e-07
 5.00771e-07
 5.00309e-07
 5.00117e-07
 5.00041e-07
 5.00014e-07
 5.00004e-07
 5.00001e-07
 5.00000e-07
 5.00000e-07
 5.00000e-07
 5.00000e-07
 5.00000e-07
 5.00000e-07
 5.00000e-07
 5.00000e-07
 5.00000e-07
 5.00000e-07
 5.00000e-07
 5.00000e-07
 5.00000e-07
 5.00000e-07
 5.00000e-07
 5.00000e-07
 5.00000e-07
 5.00000e-07
 2.50000e-07
 2.54077e-07
 2.51982e-07
 2.50903e-07
 2.50386e-07
 2.50155e-07
 2.50058e-07
 2.50021e-07
 2.50007e-07
 2.50002e-07
 2.50001e-07
 2.50000e-07
 2.50000e-07
 2.50000e-07
 2.50000e-07
 2.50000e-07
 2.50000e-07
 2.50000e-07
 2.50000e-07
 2.50000e-07
 2.50000e-07
 2.50000e-07
 2.50000e-07
 2.50000e-07
 2.50000e-07
 2.50000e-07
 2.50000e-07
 2.50000e-07
 2.50000e-07
 1.25000e-07
 2.54074e-07
 2.51981e-07
 2.50902e-07
 2.50385e-07
 2.50155e-07
 2.50058e-07
 2.50021e-07
 2.50007e-07
 2.50002e-07
 2.50001e-07
 2.50000e-07
 2.50000e-07
 2.50000e-07
 2.50000e-07
 2.50000e-07
 2.50000e-07
 2.50000e-07
 2.50000e-07
 2.50000e-07
 2.50000e-07
 2.50000e-07
 2.50000e-07
 2.50000e-07
 2.50000e-07
 2.50000e-07
 2.50000e-07
 2.50000e-07
 2.50000e-07
 1.25000e-07
 5.08114e-07
 5.03954e-07
 5.01803e-07
 5.00770e-07
 5.00309e-07
 5.00117e-07
 5.00041e-07
 5.00014e-07
 5.00004e-07
 5.00001e-07
 5.00000e-07
 5.00000e-07
 5.00000e-07
 5.00000e-07
 5.00000e-07
 5.00000e-07
 5.00000e-07
 5.00000e-07
 5.00000e-07
 5.00000e-07
 5.00000e-07
 5.00000e-07
 5.00000e-07
 5.00000e-07
 5.00000e-07
 5.00000e-07
 5.00000e-07
 5.00000e-07
 2.50000e-07
 5.08067e-07
 5.03942e-07
 5.01800e-07
 5.00770e-07
 5.00309e-07
 5.00117e-07
 5.00041e-07
 5.00014e-07
 5.00004e-07
 5.00001e-07
 5.00000e-07
 5.00000e-07
 5.00000e-07
 5.00000e-07
 5.00000e-07
 5.00000e-07
 5.00000e-07
 5.00000e-07
 5.00000e-07
 5.00000e-07
 5.00000e-07
 5.00000e-07
 5.00000e-07
 5.00000e-07
 5.00000e-07
 5.00000e-07
 5.00000e-07
 5.00000e-07
 2.50000e-07
 5.08072e-07
 5.03943e-07
 5.01801e-07
 5.00770e-07
 5.00309e-07
 5.00117e-07
 5.00042e-07
 5.00014e-07
 5.00004e-07
 5.00001e-07
 5.00000e-07
 5.00000e-07
 5.00000e-07
 5.00000e-07
 5.00000e-07
 5.00000e-07
 5.00000e-07
 5.00000e-07
 5.00000e-07
 5.00000e-07
 5.00000e-07
 5.00000e-07
 5.00000e-07
 5.00000e-07
 5.00000e-07
 5.00000e-07
 5.00000e-07
 5.00000e-07
 2.50000e-07
 5.08126e-07
 5.03959e-07
 5.01805e-07
 5.00771e-07
 5.00309e-07
 5.00117e-07
 5.00042e-07
 5.00014e-07
 5.00004e-07
 5.00001e-07
 5.00000e-07
 5.00000e-07
 5.00000e-07
 5.00000e-07
 5.00000e-07
 5.00000e-07
 5.00000e-07
 5.00000e-07
 5.00000e-07
 5.00000e-07
 5.00000e-07
 5.00000e-07
 5.00000e-07
 5.00000e-07
 5.00000e-07
 5.00000e-07
 5.00000e-07
 5.00000e-07
 2.50000e-07
 2.54082e-07
 2.51984e-07
 2.50904e-07
 2.50386e-07
 2.50155e-07
 2.50058e-07
 2.50021e-07
 2.50007e-07
 2.50002e-07
 2.50001e-07
 2.50000e-07
 2.50000e-07
 2.50000e-07
 2.50000e-07
 2.50000e-07
 2.50000e-07
 2.50000e-07
 2.50000e-07
 2.50000e-07
 2.50000e-07
 2.50000e-07
 2.50000e-07
 2.50000e-07
 2.50000e-07
 2.50000e-07
 2.50000e-07
 2.50000e-07
 2.50000e-07
 1.25000e-07
 2.54101e-07
 2.51989e-07
 2.50904e-07
 2.50386e-07
 2.50155e-07
 2.50058e-07
 2.50021e-07
 2.50007e-07
 2.50002e-07
 2.50001e-07
 2.50000e-07
 2.50000e-07
 2.50000e-07
 2.50000e-07
 2.50000e-07
 2.50000e-07
 2.50000e-07
 2.50000e-07
 2.50000e-07
 2.50000e-07
 2.50000e-07
 2.50000e-07
 2.50000e-07
 2.50000e-07
 2.50000e-07
 2.50000e-07
 2.50000e-07
 2.50000e-07
 1.25000e-07
 5.08169e-07
 5.03969e-07
 5.01807e-07
 5.00771e-07
 5.00309e-07
 5.00117e-07
 5.00042e-07
 5.00014e-07
 5.00004e-07
 5.00001e-07
 5.00000e-07
 5.00000e-07
 5.00000e-07
 5.00000e-07
 5.00000e-07
 5.00000e-07
 5.00000e-07
 5.00000e-07
 5.00000e-07
 5.00000e-07
 5.00000e-07
 5.00000e-07
 5.00000e-07
 5.00000e-07
 5.00000e-07
 5.00000e-07
 5.00000e-07
 5.00000e-07
 2.50000e-07
 5.08125e-07
 5.03958e-07
 5.01805e-07
 5.00771e-07
 5.00309e-07
 5.00117e-07
 5.00042e-07
 5.00014e-07
 5.00004e-07
 5.00001e-07
 5.00000e-07
 5.00000e-07
 5.00000e-07
 5.00000e-07
 5.00000e-07
 5.00000e-07
 5.00000e-07
 5.00000e-07
 5.00000e-07
 5.00000e-07
 5.00000e-07
 5.00000e-07
 5.00000e-07
 5.00000e-07
 5.00000e-07
 5.00000e-07
 5.00000e-07
 5.00000e-07
 2.50000e-07
 5.08130e-07
 5.03960e-07
 5.01806e-07
 5.00771e-07
 5.00309e-07
 5.00117e-07
 5.00042e-07
 5.00014e-07
 5.00004e-07
 5.00001e-07
 5.00000e-07
 5.00000e-07
 5.00000e-07
 5.00000e-07
 5.00000e-07
 5.00000e-07
 5.00000e-07
 5.00000e-07
 5.00000e-07
 5.00000e-07
 5.00000e-07
 5.00000e-07
 5.00000e-07
 5.00000e-07
 5.00000e-07
 5.00000e-07
 5.00000e-07
 5.00000e-07
 2.50000e-07
 5.08181e-07
 5.03975e-07
 5.01809e-07
 5.00772e-07
 5.00310e-07
 5.00117e-07
 5.00042e-07
 5.00014e-07
 5.00004e-07
 5.00001e-07
 5.00000e-07
 5.00000e-07
 5.00000e-07
 5.00000e-07
 5.00000e-07
 5.00000e-07
 5.00000e-07
 5.00000e-07
 5.00000e-07
 5.00000e-07
 5.00000e-07
 5.00000e-07
 5.00000e-07
 5.00000e-07
 5.00000e-07
 5.00000e-07
 5.00000e-07
 5.00000e-07
 2.50000e-07
 2.54108e-07
 2.51992e-07
 2.50906e-07
 2.50386e-07
 2.50155e-07
 2.50058e-07
 2.50021e-07
 2.50007e-07
 2.50002e-07
 2.50001e-07
 2.50000e-07
 2.50000e-07
 2.50000e-07
 2.50000e-07
 2.50000e-07
 2.50000e-07
 2.50000e-07
 2.50000e-07
 2.50000e-07
 2.50000e-07
 2.50000e-07
 2.50000e-07
 2.50000e-07
 2.50000e-07
 2.50000e-07
 2.50000e-07
 2.50000e-07
 2.50000e-07
 1.25000e-07
 1.27059e-07
 1.25997e-07
 1.25453e-07
 1.25193e-07
 1.25077e-07
 1.25029e-07
 1.25010e-07
 1.25003e-07
 1.25001e-07
 1.25000e-07
 1.25000e-07
 1.25000e-07
 1.25000e-07
 1.25000e-07
 1.25000e-07
 1.25000e-07
 1.25000e-07
 1.25000e-07
 1.25000e-07
 1.25000e-07
 1.25000e-07
 1.25000e-07
 1.25000e-07
 1.25000e-07
 1.25000e-07
 1.25000e-07
 1.25000e-07
 1.25000e-07
 6.25000e-08
 2.54103e-07
 2.51990e-07
 2.50905e-07
 2.50386e-07
 2.50155e-07
 2.50058e-07
 2.50021e-07
 2.50007e-07
 2.50002e-07
 2.50001e-07
 2.50000e-07
 2.50000e-07
 2.50000e-07
 2.50000e-07
 2.50000e-07
 2.50000e-07
 2.50000e-07
 2.50000e-07
 2.50000e-07
 2.50000e-07
 2.50000e-07
 2.50000e-07
 2.50000e-07
 2.50000e-07
 2.50000e-07
 2.50000e-07
 2.50000e-07
 2.50000e-07
 1.25000e-07
 2.54082e-07
 2.51984e-07
 2.50904e-07
 2.50386e-07
 2.50155e-07
 2.50058e-07
 2.50021e-07
 2.50007e-07
 2.50002e-07
 2.50001e-07
 2.50000e-07
 2.50000e-07
 2.50000e-07
 2.50000e-07
 2.50000e-07
 2.50000e-07
 2.50000e-07
 2.50000e-07
 2.50000e-07
 2.50000e-07
 2.50000e-07
 2.50000e-07
 2.50000e-07
 2.50000e-07
 2.50000e-07
 2.50000e-07
 2.50000e-07
 2.50000e-07
 1.25000e-07
 2.54084e-07
 2.51985e-07
 2.50904e-07
 2.50386e-07
 2.50155e-07
 2.50058e-07
 2.50021e-07
 2.50007e-07
 2.50002e-07
 2.50001e-07
 2.50000e-07
 2.50000e-07
 2.50000e-07
 2.50000e-07
 2.50000e-07
 2.50000e-07
 2.50000e-07
 2.50000e-07
 2.50000e-07
 2.50000e-07
 2.50000e-07
 2.50000e-07
 2.50000e-07
 2.50000e-07
 2.50000e-07
 2.50000e-07
 2.50000e-07
 2.50000e-07
 1.25000e-07
 2.54109e-07
 2.51992e-07
 2.50906e-07
 2.50386e-07
 2.50155e-07
 2.50058e-07
 2.50021e-07
 2.50007e-07
 2.50002e-07
 2.50001e-07
 2.50000e-07
 2.50000e-07
 2.50000e-07
 2.50000e-07
 2.50000e-07
 2.50000e-07
 2.50000e-07
 2.50000e-07
 2.50000e-07
 2.50000e-07
 2.50000e-07
 2.50000e-07
 2.50000e-07
 2.50000e-07
 2.50000e-07
 2.50000e-07
 2.50000e-07
 2.50000e-07
 1.25000e-07
 1.27062e-07
 1.25998e-07
 1.25453e-07
 1.25193e-07
 1.25077e-07
 1.25029e-07
 1.25010e-07
 1.25003e-07
 1.25001e-07
 1.25000e-07
 1.25000e-07
 1.25000e-07
 1.25000e-07
 1.25000e-07
 1.25000e-07
 1.25000e-07
 1.25000e-07
 1.25000e-07
 1.25000e-07
 1.25000e-07
 1.25000e-07
 1.25000e-07
 1.25000e-07
 1.25000e-07
 1.25000e-07
 1.25000e-07
 1.25000e-07
 1.25000e-07
 6.25000e-08
