Density
part
         1
hexa8
 8.03151e-61
 7.21401e-57
 1.59099e-53
 1.53470e-50
 8.21147e-48
 2.77821e-45
 6.46189e-43
 1.09522e-40
 1.41227e-38
 1.43250e-36
 1.17386e-34
 7.94318e-33
 2.04803e-45
 5.98763e-42
 4.30182e-39
 1.35296e-36
 2.36220e-34
 2.60998e-32
 1.98390e-30
 1.09957e-28
 4.63906e-27
 1.54019e-25
 4.13216e-24
 9.15561e-23
 2.05225e-37
 3.50695e-34
 1.47516e-31
 2.72096e-29
 2.79082e-27
 1.81439e-25
 8.12734e-24
 2.65822e-22
 6.62636e-21
 1.30126e-19
 2.06685e-18
 2.71316e-17
 5.71194e-32
 6.77327e-29
 1.98271e-26
 2.55236e-24
 1.83225e-22
 8.36019e-21
 2.63514e-19
 6.07968e-18
 1.07147e-16
 1.49064e-15
 1.68037e-14
 1.56801e-13
 5.92216e-28
 5.29433e-25
 1.17324e-22
 1.14814e-20
 6.29159e-19
 2.20017e-17
 5.33554e-16
 9.50536e-15
 1.29793e-13
 1.40341e-12
 1.23311e-11
 8.99202e-11
 6.76143e-25
 4.78775e-22
 8.45162e-20
 6.62638e-18
 2.92569e-16
 8.28902e-15
 1.63718e-13
 2.38737e-12
 2.68076e-11
 2.39395e-10
 1.74410e-09
 1.05837e-08
 1.53864e-22
 8.93678e-20
 1.30377e-17
 8.51140e-16
 3.15205e-14
 7.54332e-13
 1.26689e-11
 1.58068e-10
 1.52738e-09
 1.17984e-08
 7.46999e-08
 3.95571e-07
 1.03336e-20
 5.07122e-18
 6.30975e-16
 3.54516e-14
 1.13973e-12
 2.38694e-11
 3.53425e-10
 3.91360e-09
 3.37627e-08
 2.34070e-07
 1.33616e-06
 6.40458e-06
 2.74815e-19
 1.17277e-16
 1.28230e-14
 6.39352e-13
 1.84035e-11
 3.47851e-10
 4.68100e-09
 4.73958e-08
 3.75804e-07
 2.40495e-06
 1.27174e-05
 5.66296e-05
 3.63542e-18
 1.38818e-15
 1.37209e-13
 6.24030e-12
 1.65131e-10
 2.88847e-09
 3.61727e-08
 3.42411e-07
 2.54774e-06
 1.53454e-05
 7.65497e-05
 3.22109e-04
 2.83325e-17
 9.94430e-15
 9.11053e-13
 3.86781e-11
 9.61008e-10
 1.58590e-08
 1.88080e-07
 1.69088e-06
 1.19726e-05
 6.86999e-05
 3.26533e-04
 1.30794e-03
 1.46512e-16
 4.84314e-14
 4.20142e-12
 1.69637e-10
 4.02254e-09
 6.35228e-08
 7.22278e-07
 6.23277e-06
 4.23761e-05
 2.33362e-04
 1.06291e-03
 4.06939e-03
 5.45212e-16
 1.73511e-13
 1.45167e-11
 5.66134e-10
 1.29816e-08
 1.98383e-07
 2.18343e-06
 1.82327e-05
 1.19851e-04
 6.37124e-04
 2.79507e-03
 1.02767e-02
 1.54330e-15
 4.82592e-13
 3.95839e-11
 1.51129e-09
 3.38901e-08
 5.05983e-07
 5.43461e-06
 4.42255e-05
 2.82811e-04
 1.45947e-03
 6.20038e-03
 2.20170e-02
 3.45127e-15
 1.08143e-12
 8.83068e-11
 3.34166e-09
 7.40340e-08
 1.08922e-06
 1.15019e-05
 9.18132e-05
 5.74563e-04
 2.89467e-03
 1.19795e-02
 4.13749e-02
 6.25370e-15
 2.00247e-12
 1.65246e-10
 6.27187e-09
 1.38619e-07
 2.02616e-06
 2.11844e-05
 1.66928e-04
 1.02821e-03
 5.08412e-03
 2.05966e-02
 6.96054e-02
 9.34509e-15
 3.11474e-12
 2.63767e-10
 1.01620e-08
 2.26234e-07
 3.31192e-06
 3.45257e-05
 2.70253e-04
 1.64839e-03
 8.04843e-03
 3.21047e-02
 1.06280e-01
 1.19769e-14
 4.24831e-12
 3.72099e-10
 1.46515e-08
 3.29594e-07
 4.82894e-06
 5.03751e-05
 3.94170e-04
 2.39446e-03
 1.16070e-02
 4.58345e-02
 1.50385e-01
 1.23007e-14
 4.81575e-12
 4.51639e-10
 1.82360e-08
 4.17833e-07
 6.29670e-06
 6.72711e-05
 5.35421e-04
 3.26079e-03
 1.56989e-02
 6.14887e-02
 2.00056e-01
 1.01803e-14
 4.45646e-12
 4.56721e-10
 2.04681e-08
 5.04679e-07
 7.80633e-06
 8.23796e-05
 6.43276e-04
 3.91931e-03
 1.90183e-02
 7.48766e-02
 2.43761e-01
 6.84141e-15
 3.52143e-12
 4.02498e-10
 1.91147e-08
 4.92499e-07
 7.99426e-06
 9.02920e-05
 7.42197e-04
 4.63259e-03
 2.25755e-02
 8.80353e-02
 2.76729e-01
 3.48973e-15
 2.25945e-12
 3.00560e-10
 1.57439e-08
 4.35407e-07
 7.43392e-06
 8.65112e-05
 7.27852e-04
 4.63204e-03
 2.31895e-02
 9.26676e-02
 2.93646e-01
 1.22334e-15
 1.06653e-12
 1.80369e-10
 1.10955e-08
 3.38598e-07
 6.20556e-06
 7.58653e-05
 6.63360e-04
 4.35189e-03
 2.21833e-02
 8.98859e-02
 2.88360e-01
 2.60472e-16
 3.48216e-13
 7.89723e-11
 6.14254e-09
 2.24087e-07
 4.55160e-06
 5.96317e-05
 5.49917e-04
 3.75978e-03
 1.97603e-02
 8.20601e-02
 2.70136e-01
 2.50860e-17
 6.90109e-14
 2.38450e-11
 2.47436e-09
 1.11753e-07
 2.73153e-06
 4.06306e-05
 4.07780e-04
 2.94651e-03
 1.61705e-02
 6.95170e-02
 2.37409e-01
part
         2
hexa8
 4.52064e-31
 2.19804e-29
 9.25519e-28
 3.41509e-26
 1.11593e-24
 3.25944e-23
 8.58107e-22
 2.05156e-20
 4.48417e-19
 9.01429e-18
 1.67538e-16
 2.89198e-15
 1.70612e-21
 2.71566e-20
 3.74188e-19
 4.51574e-18
 4.82234e-17
 4.59877e-16
 3.94830e-15
 3.07405e-14
 2.18444e-13
 1.42484e-12
 8.57297e-12
 4.77801e-11
 2.99703e-16
 2.82885e-15
 2.31190e-14
 1.65490e-13
 1.04815e-12
 5.92701e-12
 3.01640e-11
 1.39152e-10
 5.85591e-10
 2.26070e-09
 8.04567e-09
 2.65102e-08
 1.23292e-12
 8.29326e-12
 4.83487e-11
 2.47091e-10
 1.11817e-09
 4.52089e-09
 1.64624e-08
 5.43799e-08
 1.64008e-07
 4.54229e-07
 1.16130e-06
 2.75451e-06
 5.53831e-10
 2.92437e-09
 1.34092e-08
 5.39983e-08
 1.92885e-07
 6.16661e-07
 1.77889e-06
 4.66441e-06
 1.11916e-05
 2.47204e-05
 5.05490e-05
 9.62028e-05
 5.44252e-08
 2.40665e-07
 9.26724e-07
 3.14197e-06
 9.47144e-06
 2.56098e-05
 6.26111e-05
 1.39442e-04
 2.84930e-04
 5.37906e-04
 9.44515e-04
 1.55184e-03
 1.78161e-06
 6.92225e-06
 2.34887e-05
 7.03618e-05
 1.87879e-04
 4.51113e-04
 9.81860e-04
 1.95178e-03
 3.56904e-03
 6.04612e-03
 9.55389e-03
 1.41684e-02
 2.61981e-05
 9.27118e-05
 2.87217e-04
 7.87059e-04
 1.92570e-03
 4.24334e-03
 8.49036e-03
 1.55496e-02
 2.62684e-02
 4.12108e-02
 6.03287e-02
 8.27541e-02
 2.15677e-04
 7.11847e-04
 2.05936e-03
 5.27514e-03
 1.20766e-02
 2.49326e-02
 4.68374e-02
 8.07719e-02
 1.28836e-01
 1.90675e-01
 2.55365e-01
 3.14932e-01
 1.16057e-03
 3.62572e-03
 9.92536e-03
 2.40192e-02
 5.17592e-02
 9.99116e-02
 1.73615e-01
 2.72614e-01
 3.74416e-01
 4.62552e-01
 5.23889e-01
 5.58862e-01
 4.47646e-03
 1.32382e-02
 3.41397e-02
 7.73621e-02
 1.55016e-01
 2.75893e-01
 4.13879e-01
 5.28757e-01
 5.99287e-01
 6.30843e-01
 6.40290e-01
 6.38712e-01
 1.32622e-02
 3.71661e-02
 9.02993e-02
 1.91433e-01
 3.54802e-01
 5.13879e-01
 6.15265e-01
 6.55118e-01
 6.62749e-01
 6.47260e-01
 6.01069e-01
 5.47126e-01
 3.20469e-02
 8.55733e-02
 1.97772e-01
 3.86856e-01
 5.55634e-01
 6.39612e-01
 6.61758e-01
 6.49834e-01
 5.93134e-01
 4.97179e-01
 3.86499e-01
 2.92557e-01
 6.60912e-02
 1.69144e-01
 3.67593e-01
 5.54311e-01
 6.41886e-01
 6.61142e-01
 6.35099e-01
 5.44587e-01
 3.95037e-01
 2.62080e-01
 1.67259e-01
 1.11040e-01
 1.20698e-01
 2.98929e-01
 5.16390e-01
 6.30810e-01
 6.59022e-01
 6.34034e-01
 5.22607e-01
 3.42203e-01
 1.96083e-01
 1.09775e-01
 6.17795e-02
 3.61879e-02
 2.00218e-01
 4.33243e-01
 5.98518e-01
 6.52609e-01
 6.45537e-01
 5.45389e-01
 3.42821e-01
 1.79982e-01
 8.98350e-02
 4.32706e-02
 2.08519e-02
 1.04796e-02
 2.93744e-01
 5.25281e-01
 6.36643e-01
 6.55206e-01
 5.98757e-01
 4.02557e-01
 2.03718e-01
 9.45364e-02
 4.08338e-02
 1.67753e-02
 6.77325e-03
 2.82896e-03
 3.86709e-01
 5.81790e-01
 6.50244e-01
 6.43287e-01
 5.11798e-01
 2.75441e-01
 1.25511e-01
 5.15625e-02
 1.93733e-02
 6.76986e-03
 2.26204e-03
 7.62696e-04
 4.52731e-01
 6.12924e-01
 6.55719e-01
 6.17651e-01
 4.11711e-01
 1.94698e-01
 8.11876e-02
 3.01492e-02
 1.00502e-02
 3.03498e-03
 8.47273e-04
 2.30014e-04
 4.98003e-01
 6.33200e-01
 6.58522e-01
 5.84903e-01
 3.42407e-01
 1.52989e-01
 5.95805e-02
 2.03585e-02
 6.13125e-03
 1.64294e-03
 3.99709e-04
 9.47235e-05
 5.23688e-01
 6.43273e-01
 6.58027e-01
 5.46061e-01
 2.89892e-01
 1.23099e-01
 4.51974e-02
 1.45872e-02
 4.20717e-03
 1.09502e-03
 2.64020e-04
 6.73642e-05
 5.41687e-01
 6.51925e-01
 6.60245e-01
 5.34352e-01
 2.75421e-01
 1.16683e-01
 4.32556e-02
 1.42860e-02
 4.23254e-03
 1.14322e-03
 2.93627e-04
 8.79213e-05
 5.41052e-01
 6.59049e-01
 6.66939e-01
 5.45015e-01
 2.85319e-01
 1.22834e-01
 4.66589e-02
 1.59929e-02
 5.04331e-03
 1.50386e-03
 4.39786e-04
 1.56264e-04
 5.30999e-01
 6.60698e-01
 6.77897e-01
 5.73092e-01
 3.15743e-01
 1.41439e-01
 5.67407e-02
 2.10266e-02
 7.43595e-03
 2.58703e-03
 8.95936e-04
 3.43072e-04
 5.06240e-01
 6.58092e-01
 6.93675e-01
 6.15677e-01
 3.73631e-01
 1.78782e-01
 7.78687e-02
 3.22198e-02
 1.32276e-02
 5.56878e-03
 2.37771e-03
 9.71509e-04
part
         3
hexa8
 4.65409e-14
 6.97700e-13
 5.04303e-12
 1.78218e-11
 4.17247e-11
 7.29459e-11
 1.02754e-10
 1.22148e-10
 1.23810e-10
 1.06620e-10
 8.05048e-11
 5.30655e-11
 2.99723e-11
 2.47527e-10
 1.19327e-09
 4.14784e-09
 9.52296e-09
 1.64911e-08
 2.30228e-08
 2.77169e-08
 2.96679e-08
 2.72966e-08
 2.19894e-08
 1.60288e-08
 1.03650e-08
 5.85094e-09
 8.11855e-08
 2.31711e-07
 5.31598e-07
 9.11395e-07
 1.27365e-06
 1.55590e-06
 1.69716e-06
 1.69609e-06
 1.46235e-06
 1.13741e-06
 8.17069e-07
 5.25647e-07
 2.99456e-07
 6.09328e-06
 1.26310e-05
 2.18833e-05
 3.07272e-05
 3.82183e-05
 4.30111e-05
 4.47009e-05
 4.10527e-05
 3.49426e-05
 2.67059e-05
 1.90514e-05
 1.23063e-05
 7.11845e-06
 1.71347e-04
 2.87145e-04
 4.10688e-04
 5.19986e-04
 5.99739e-04
 6.38906e-04
 6.41179e-04
 5.57955e-04
 4.73128e-04
 3.59841e-04
 2.57025e-04
 1.67734e-04
 9.89196e-05
 2.39754e-03
 3.44542e-03
 4.43794e-03
 5.24519e-03
 5.76085e-03
 5.95668e-03
 5.70051e-03
 4.95204e-03
 4.10826e-03
 3.16043e-03
 2.27426e-03
 1.50622e-03
 9.08392e-04
 1.98176e-02
 2.57173e-02
 3.10490e-02
 3.49940e-02
 3.71647e-02
 3.76833e-02
 3.46907e-02
 3.07382e-02
 2.50035e-02
 1.95309e-02
 1.42440e-02
 9.61098e-03
 5.94075e-03
 1.07146e-01
 1.30976e-01
 1.51158e-01
 1.64578e-01
 1.70530e-01
 1.70434e-01
 1.54880e-01
 1.38769e-01
 1.13066e-01
 8.89658e-02
 6.62773e-02
 4.58453e-02
 2.90651e-02
 3.64358e-01
 3.99086e-01
 4.19414e-01
 4.28456e-01
 4.30240e-01
 4.21590e-01
 4.03717e-01
 3.79498e-01
 3.41818e-01
 2.96574e-01
 2.33701e-01
 1.69629e-01
 1.10317e-01
 5.74092e-01
 5.77898e-01
 5.76030e-01
 5.67022e-01
 5.57259e-01
 5.48727e-01
 5.39968e-01
 5.27504e-01
 5.11528e-01
 4.87174e-01
 4.50726e-01
 3.94590e-01
 3.11681e-01
 6.19129e-01
 5.97075e-01
 5.78095e-01
 5.62756e-01
 5.52064e-01
 5.46160e-01
 5.44207e-01
 5.44000e-01
 5.44615e-01
 5.41514e-01
 5.33136e-01
 5.17860e-01
 4.82963e-01
 4.86472e-01
 4.31912e-01
 3.89980e-01
 3.63308e-01
 3.50783e-01
 3.49051e-01
 3.72726e-01
 4.01628e-01
 4.44171e-01
 4.84457e-01
 5.16378e-01
 5.30372e-01
 5.33669e-01
 2.24366e-01
 1.81117e-01
 1.55451e-01
 1.41316e-01
 1.35633e-01
 1.35592e-01
 1.51270e-01
 1.70697e-01
 2.08698e-01
 2.60825e-01
 3.40777e-01
 4.27363e-01
 4.98153e-01
 7.82861e-02
 5.96131e-02
 4.92239e-02
 4.38088e-02
 4.17728e-02
 4.20354e-02
 4.87549e-02
 5.72470e-02
 7.44846e-02
 1.00555e-01
 1.44005e-01
 2.13310e-01
 3.23264e-01
 2.29382e-02
 1.62342e-02
 1.28259e-02
 1.11357e-02
 1.05272e-02
 1.06986e-02
 1.29006e-02
 1.58539e-02
 2.20259e-02
 3.22767e-02
 5.07929e-02
 8.39812e-02
 1.43831e-01
 5.81576e-03
 3.75323e-03
 2.80584e-03
 2.36090e-03
 2.20686e-03
 2.26143e-03
 2.84270e-03
 3.68144e-03
 5.48604e-03
 8.79567e-03
 1.53236e-02
 2.84743e-02
 5.54297e-02
 1.32333e-03
 7.54404e-04
 5.23204e-04
 4.21755e-04
 3.87936e-04
 3.98453e-04
 5.23679e-04
 7.20680e-04
 1.15938e-03
 2.05446e-03
 4.00368e-03
 8.43936e-03
 1.88571e-02
 2.87106e-04
 1.38366e-04
 8.70797e-05
 6.68817e-05
 6.05299e-05
 6.13854e-05
 8.19729e-05
 1.19617e-04
 2.08046e-04
 4.12164e-04
 9.11217e-04
 2.20751e-03
 5.73181e-03
 6.94196e-05
 3.03432e-05
 2.09060e-05
 1.83621e-05
 1.72286e-05
 1.64797e-05
 1.66793e-05
 2.04125e-05
 3.31475e-05
 7.12058e-05
 1.80588e-04
 5.11670e-04
 1.56872e-03
 2.88349e-05
 1.80017e-05
 1.84814e-05
 2.23341e-05
 2.41484e-05
 1.90704e-05
 1.43021e-05
 1.06614e-05
 9.30629e-06
 1.25077e-05
 3.14767e-05
 1.04957e-04
 3.88002e-04
 3.02997e-05
 3.01202e-05
 5.60018e-05
 8.04639e-05
 9.14130e-05
 6.97417e-05
 4.48840e-05
 2.31533e-05
 1.03534e-05
 6.06772e-06
 6.37393e-06
 1.93131e-05
 8.68575e-05
 5.59151e-05
 8.43198e-05
 1.86717e-04
 2.72087e-04
 3.12751e-04
 2.42158e-04
 1.54326e-04
 7.88091e-05
 3.19016e-05
 1.02707e-05
 4.07635e-06
 4.14460e-06
 1.79372e-05
 1.17773e-04
 2.23961e-04
 5.42494e-04
 8.15305e-04
 9.45321e-04
 7.36691e-04
 4.56329e-04
 2.27659e-04
 9.21986e-05
 3.00406e-05
 7.61892e-06
 2.50921e-06
 3.99845e-06
 2.45455e-04
 5.25982e-04
 1.45288e-03
 2.26683e-03
 2.60978e-03
 2.04192e-03
 1.21954e-03
 5.85485e-04
 2.29701e-04
 7.43245e-05
 1.98054e-05
 3.99514e-06
 1.80317e-06
 5.11174e-04
 1.28574e-03
 3.70463e-03
 5.92852e-03
 6.59538e-03
 5.14138e-03
 2.94289e-03
 1.35769e-03
 5.15662e-04
 1.62383e-04
 4.32050e-05
 9.44829e-06
 1.80013e-06
part
         4
hexa8
 1.42519e-11
 5.55821e-12
 1.70937e-12
 3.90451e-13
 6.02857e-14
 5.39331e-15
 2.17588e-16
 2.72086e-18
 6.41994e-21
 1.47905e-24
 1.09250e-29
 1.90610e-37
 1.11266e-52
 2.83487e-09
 1.14959e-09
 3.75848e-10
 9.36117e-11
 1.62459e-11
 1.69518e-12
 8.30850e-14
 1.31486e-15
 4.06859e-18
 1.28356e-21
 1.39935e-26
 4.24633e-34
 7.69349e-49
 1.48593e-07
 6.26944e-08
 2.17109e-08
 5.85083e-09
 1.12832e-09
 1.35427e-10
 7.95548e-12
 1.57717e-13
 6.35896e-16
 2.73588e-19
 4.39073e-24
 2.31391e-31
 1.30023e-45
 3.62867e-06
 1.59326e-06
 5.82785e-07
 1.68931e-07
 3.58743e-08
 4.89401e-09
 3.40281e-10
 8.36421e-12
 4.36550e-14
 2.55086e-17
 6.01068e-22
 5.49308e-29
 9.56607e-43
 5.19151e-05
 2.37261e-05
 9.14852e-06
 2.84003e-06
 6.59470e-07
 1.01248e-07
 8.23997e-09
 2.48579e-10
 1.66856e-12
 1.31880e-15
 4.55114e-20
 7.20261e-27
 3.88456e-40
 4.91825e-04
 2.34034e-04
 9.50037e-05
 3.14873e-05
 7.95237e-06
 1.36318e-06
 1.28624e-07
 4.71544e-09
 4.04474e-11
 4.30755e-14
 2.17198e-18
 5.94497e-25
 9.92345e-38
 3.32685e-03
 1.64874e-03
 7.04136e-04
 2.48656e-04
 6.80412e-05
 1.29434e-05
 1.40487e-06
 6.20012e-08
 6.75400e-10
 9.65648e-13
 7.09915e-17
 3.35695e-23
 1.73335e-35
 1.69023e-02
 8.72074e-03
 3.91952e-03
 1.47329e-03
 4.35642e-04
 9.15506e-05
 1.13602e-05
 5.98198e-07
 8.22571e-09
 1.57352e-11
 1.68349e-15
 1.37405e-21
 2.19379e-33
 6.67997e-02
 3.58373e-02
 1.69984e-02
 6.79957e-03
 2.16912e-03
 5.01962e-04
 7.08707e-05
 4.41614e-06
 7.62000e-08
 1.94405e-10
 3.02210e-14
 4.25453e-20
 2.09984e-31
 2.09884e-01
 1.17372e-01
 5.91670e-02
 2.51654e-02
 8.64992e-03
 2.19924e-03
 3.52001e-04
 2.57643e-05
 5.54507e-07
 1.88102e-09
 4.24299e-13
 1.02984e-18
 1.57109e-29
 4.17736e-01
 3.02801e-01
 1.70101e-01
 7.65842e-02
 2.82912e-02
 7.88974e-03
 1.42694e-03
 1.21920e-04
 3.25235e-06
 1.46250e-08
 4.78144e-12
 2.00031e-17
 9.43321e-28
 5.18485e-01
 4.69653e-01
 3.57369e-01
 1.96058e-01
 7.75142e-02
 2.36581e-02
 4.81713e-03
 4.78308e-04
 1.57052e-05
 9.33129e-08
 4.41717e-11
 3.18494e-16
 4.64406e-26
 5.26116e-01
 5.24718e-01
 4.89418e-01
 3.69818e-01
 1.81881e-01
 6.03822e-02
 1.37689e-02
 1.58578e-03
 6.35783e-05
 4.97271e-07
 3.40466e-10
 4.23138e-15
 1.90851e-24
 4.39922e-01
 5.09236e-01
 5.24574e-01
 4.87110e-01
 3.38217e-01
 1.33218e-01
 3.37902e-02
 4.52113e-03
 2.19249e-04
 2.24716e-06
 2.22247e-09
 4.76166e-14
 6.64713e-23
 2.51591e-01
 3.96396e-01
 4.96197e-01
 5.18275e-01
 4.59803e-01
 2.56227e-01
 7.20843e-02
 1.12652e-02
 6.53502e-04
 8.72711e-06
 1.24460e-08
 4.59743e-13
 1.98776e-21
 1.10789e-01
 2.22766e-01
 3.87739e-01
 4.96718e-01
 5.06083e-01
 3.82765e-01
 1.35350e-01
 2.48949e-02
 1.70658e-03
 2.94817e-05
 6.04729e-08
 3.85116e-12
 5.16146e-20
 4.36498e-02
 1.01761e-01
 2.31340e-01
 4.12664e-01
 5.05601e-01
 4.65626e-01
 2.26863e-01
 4.93999e-02
 3.95480e-03
 8.76062e-05
 2.57511e-07
 2.82628e-11
 1.17522e-18
 1.55700e-02
 4.29558e-02
 1.15511e-01
 2.81510e-01
 4.53203e-01
 4.94341e-01
 3.24189e-01
 8.87407e-02
 8.23050e-03
 2.31408e-04
 9.69776e-07
 1.83275e-10
 2.36663e-17
 5.06517e-03
 1.66922e-02
 5.40941e-02
 1.64864e-01
 3.68434e-01
 4.87466e-01
 4.01193e-01
 1.44361e-01
 1.55538e-02
 5.48794e-04
 3.25678e-06
 1.05811e-09
 4.24686e-16
 1.51785e-03
 6.06605e-03
 2.37470e-02
 8.62073e-02
 2.60330e-01
 4.32416e-01
 4.42931e-01
 2.03599e-01
 2.69715e-02
 1.17951e-03
 9.82823e-06
 5.47510e-09
 6.83561e-15
 4.21037e-04
 2.08071e-03
 9.99600e-03
 4.41392e-02
 1.66884e-01
 3.69120e-01
 4.53977e-01
 2.56753e-01
 4.33843e-02
 2.31782e-03
 2.68432e-05
 2.55407e-08
 9.92454e-14
 1.09610e-04
 6.86189e-04
 4.11610e-03
 2.22586e-02
 1.00906e-01
 3.01417e-01
 4.45599e-01
 2.99111e-01
 6.55068e-02
 4.19916e-03
 6.67989e-05
 1.07960e-07
 1.30597e-12
 2.76972e-05
 2.24115e-04
 1.70015e-03
 1.12742e-02
 6.02626e-02
 2.28111e-01
 4.04587e-01
 3.24959e-01
 9.36514e-02
 7.07008e-03
 1.52410e-04
 4.15285e-07
 1.56349e-11
 7.59273e-06
 7.73644e-05
 7.41046e-04
 5.97473e-03
 3.75814e-02
 1.67489e-01
 3.58430e-01
 3.35465e-01
 1.21339e-01
 1.11366e-02
 3.20730e-04
 1.45874e-06
 1.70761e-10
 3.00826e-06
 3.15696e-05
 3.65378e-04
 3.44143e-03
 2.46108e-02
 1.22522e-01
 3.14868e-01
 3.36199e-01
 1.44765e-01
 1.64149e-02
 6.25752e-04
 4.69012e-06
 1.70371e-09
part
         5
hexa8
 1.12789e-18
 9.53949e-15
 5.57946e-12
 8.11955e-10
 4.66597e-08
 1.35655e-06
 2.30914e-05
 2.58904e-04
 2.05263e-03
 1.20733e-02
 5.44919e-02
 1.93878e-01
 4.77772e-20
 1.24412e-15
 1.22964e-12
 2.50518e-10
 1.82586e-08
 6.30532e-07
 1.22707e-05
 1.51448e-04
 1.29938e-03
 8.13562e-03
 3.89010e-02
 1.45734e-01
 1.91813e-21
 1.53271e-16
 2.55183e-13
 7.25886e-11
 6.68814e-09
 2.73939e-07
 6.07890e-06
 8.26302e-05
 7.64151e-04
 5.08259e-03
 2.55020e-02
 9.96526e-02
 7.26205e-23
 1.77543e-17
 4.96546e-14
 1.96700e-11
 2.28494e-09
 1.10854e-07
 2.79538e-06
 4.18319e-05
 4.15670e-04
 2.93121e-03
 1.54166e-02
 6.28351e-02
 2.57791e-24
 1.92351e-18
 9.01538e-15
 4.96192e-12
 7.25096e-10
 4.16067e-08
 1.18820e-06
 1.95477e-05
 2.08224e-04
 1.55281e-03
 8.54502e-03
 3.62171e-02
 8.52656e-26
 1.93763e-19
 1.51898e-15
 1.15930e-12
 2.12746e-10
 1.44150e-08
 4.64874e-07
 8.39016e-06
 9.56263e-05
 7.51879e-04
 4.31846e-03
 1.89700e-02
 2.60978e-27
 1.80309e-20
 2.36056e-16
 2.49440e-13
 5.74113e-11
 4.58587e-09
 1.66654e-07
 3.29181e-06
 4.00733e-05
 3.31208e-04
 1.97988e-03
 8.98712e-03
 7.33700e-29
 1.53897e-21
 3.36062e-17
 4.91127e-14
 1.41650e-11
 1.33194e-09
 5.44671e-08
 1.17466e-06
 1.52482e-05
 1.32126e-04
 8.19661e-04
 3.83412e-03
 1.87922e-30
 1.19534e-22
 4.35004e-18
 8.78564e-15
 3.17390e-12
 3.50945e-10
 1.61358e-08
 3.79184e-07
 5.24046e-06
 4.75057e-05
 3.05043e-04
 1.46664e-03
 4.34611e-32
 8.37582e-24
 5.07681e-19
 1.41652e-15
 6.40939e-13
 8.32917e-11
 4.30445e-09
 1.10058e-07
 1.61728e-06
 1.53143e-05
 1.01565e-04
 5.00776e-04
 8.98670e-34
 5.24395e-25
 5.29238e-20
 2.04002e-16
 1.15649e-13
 1.76635e-11
 1.02617e-09
 2.85263e-08
 4.45286e-07
 4.39994e-06
 3.00916e-05
 1.51866e-04
 1.64329e-35
 2.90209e-26
 4.87655e-21
 2.59771e-17
 1.84637e-14
 3.31644e-12
 2.16726e-10
 6.55032e-09
 1.08564e-07
 1.11887e-06
 7.88324e-06
 4.06670e-05
 2.62479e-37
 1.40257e-27
 3.92484e-22
 2.89120e-18
 2.57926e-15
 5.45499e-13
 4.01426e-11
 1.32016e-09
 2.32351e-08
 2.49764e-07
 1.81226e-06
 9.54803e-06
 3.61141e-39
 5.83870e-29
 2.72202e-23
 2.77551e-19
 3.11225e-16
 7.76418e-14
 6.44453e-12
 2.30968e-10
 4.32032e-09
 4.84665e-08
 3.62224e-07
 1.94848e-06
 4.21204e-41
 2.06057e-30
 1.60147e-24
 2.26313e-20
 3.19554e-17
 9.42533e-15
 8.84369e-13
 3.46189e-11
 6.89282e-10
 8.07906e-09
 6.22388e-08
 3.41897e-07
 4.08710e-43
 6.05171e-32
 7.84761e-26
 1.53933e-21
 2.74289e-18
 9.59225e-16
 1.02027e-13
 4.37511e-12
 9.29393e-11
 1.14017e-09
 9.06548e-09
 5.08909e-08
 3.22694e-45
 1.44677e-33
 3.13354e-27
 8.54704e-23
 1.92673e-19
 8.01542e-17
 9.69741e-15
 4.57179e-13
 1.03937e-11
 1.33784e-10
 1.09987e-09
 6.31699e-09
 2.01792e-47
 2.74087e-35
 9.92729e-29
 3.77298e-24
 1.07907e-20
 5.36001e-18
 7.40578e-16
 3.85472e-14
 9.41540e-13
 1.27556e-11
 1.08692e-10
 6.39725e-10
 9.66366e-50
 3.97912e-37
 2.41341e-30
 1.28100e-25
 4.66264e-22
 2.77684e-19
 4.40170e-17
 2.54179e-15
 6.70151e-14
 9.59288e-13
 8.49804e-12
 5.13636e-11
 3.39359e-52
 4.23926e-39
 4.31220e-32
 3.20445e-27
 1.48949e-23
 1.06832e-20
 1.95282e-18
 1.25790e-16
 3.59931e-15
 5.46938e-14
 5.05568e-13
 3.14622e-12
 8.24227e-55
 3.12625e-41
 5.34209e-34
 5.57258e-29
 3.31990e-25
 2.88146e-22
 6.10798e-20
 4.41539e-18
 1.37960e-16
 2.23768e-15
 2.16782e-14
 1.39339e-13
 1.27320e-57
 1.46761e-43
 4.22018e-36
 6.19699e-31
 4.75011e-27
 5.01417e-24
 1.24003e-21
 1.01263e-19
 3.47880e-18
 6.06095e-17
 6.18586e-16
 4.12214e-15
 1.09697e-60
 3.84645e-46
 1.86465e-38
 3.86550e-33
 3.82752e-29
 4.93959e-26
 1.43432e-23
 1.33255e-21
 5.07134e-20
 9.55909e-19
 1.03403e-17
 7.17546e-17
 4.15601e-64
 4.43723e-49
 3.63299e-41
 1.06638e-35
 1.36957e-31
 2.17248e-28
 7.45611e-26
 7.94010e-24
 3.37487e-22
 6.93761e-21
 8.00942e-20
 5.81793e-19
 3.88586e-68
 1.26450e-52
 1.75180e-44
 7.30211e-39
 1.22141e-34
 2.39422e-31
 9.77827e-29
 1.20295e-26
 5.75992e-25
 1.30272e-23
 1.61792e-22
 1.23767e-21
part
         6
hexa8
 4.60783e-01
 6.45223e-01
 7.02064e-01
 6.66124e-01
 4.62650e-01
 2.45426e-01
 1.18568e-01
 5.59874e-02
 2.71054e-02
 1.39398e-02
 7.59366e-03
 4.23716e-03
 3.90876e-01
 6.12576e-01
 6.98715e-01
 7.05271e-01
 5.77384e-01
 3.56287e-01
 1.93059e-01
 1.04628e-01
 5.92360e-02
 3.62156e-02
 2.40262e-02
 1.73054e-02
 3.02805e-01
 5.47879e-01
 6.80220e-01
 7.14024e-01
 6.72858e-01
 5.12682e-01
 3.23640e-01
 1.98010e-01
 1.27870e-01
 8.92516e-02
 6.77134e-02
 5.61129e-02
 2.05875e-01
 4.43281e-01
 6.31670e-01
 7.05426e-01
 7.05247e-01
 6.50516e-01
 5.18146e-01
 3.65265e-01
 2.61080e-01
 2.00801e-01
 1.66513e-01
 1.48548e-01
 1.22648e-01
 3.11033e-01
 5.33056e-01
 6.64492e-01
 7.02136e-01
 6.92475e-01
 6.52894e-01
 5.77017e-01
 4.81643e-01
 4.02214e-01
 3.52385e-01
 3.27788e-01
 6.61433e-02
 1.80067e-01
 3.80414e-01
 5.65813e-01
 6.62529e-01
 6.85976e-01
 6.77613e-01
 6.56631e-01
 6.22569e-01
 5.81614e-01
 5.41182e-01
 5.03288e-01
 3.21946e-02
 9.19921e-02
 2.11059e-01
 3.93029e-01
 5.50212e-01
 6.29925e-01
 6.55648e-01
 6.51375e-01
 6.37221e-01
 6.14375e-01
 5.83271e-01
 5.43561e-01
 1.40823e-02
 4.16349e-02
 9.97322e-02
 2.00000e-01
 3.47352e-01
 4.82234e-01
 5.58061e-01
 5.90487e-01
 5.90744e-01
 5.78894e-01
 5.53057e-01
 5.12612e-01
 5.51088e-03
 1.67094e-02
 4.13945e-02
 8.59823e-02
 1.54942e-01
 2.52018e-01
 3.51389e-01
 4.26054e-01
 4.56238e-01
 4.51851e-01
 4.30722e-01
 3.88687e-01
 1.92076e-03
 5.93934e-03
 1.50830e-02
 3.22048e-02
 5.93824e-02
 9.68955e-02
 1.39980e-01
 1.89219e-01
 2.35548e-01
 2.35800e-01
 2.21254e-01
 1.89602e-01
 5.93412e-04
 1.86453e-03
 4.82285e-03
 1.05052e-02
 1.97033e-02
 3.24306e-02
 4.74239e-02
 6.29641e-02
 8.08672e-02
 8.18071e-02
 7.64980e-02
 6.49139e-02
 1.61616e-04
 5.14743e-04
 1.35005e-03
 2.98305e-03
 5.66554e-03
 9.40571e-03
 1.38355e-02
 1.82516e-02
 2.34878e-02
 2.38106e-02
 2.21880e-02
 1.86730e-02
 3.85455e-05
 1.24236e-04
 3.29351e-04
 7.35114e-04
 1.40821e-03
 2.35177e-03
 3.48003e-03
 4.55405e-03
 5.82162e-03
 5.85437e-03
 5.41853e-03
 4.50141e-03
 7.98447e-06
 2.60130e-05
 6.95483e-05
 1.56317e-04
 3.01010e-04
 5.04095e-04
 7.49881e-04
 9.71212e-04
 1.22434e-03
 1.21856e-03
 1.11283e-03
 9.07097e-04
 1.42167e-06
 4.67834e-06
 1.25948e-05
 2.84386e-05
 5.48924e-05
 9.19070e-05
 1.37207e-04
 1.75379e-04
 2.16870e-04
 2.13241e-04
 1.91123e-04
 1.51915e-04
 2.14753e-07
 7.13516e-07
 1.93205e-06
 4.37452e-06
 8.44342e-06
 1.40948e-05
 2.09837e-05
 2.65513e-05
 3.20308e-05
 3.10055e-05
 2.71188e-05
 2.08660e-05
 2.70654e-08
 9.07803e-08
 2.47038e-07
 5.60024e-07
 1.07854e-06
 1.79024e-06
 2.62543e-06
 3.35528e-06
 3.86702e-06
 3.67379e-06
 3.11827e-06
 2.30421e-06
 2.78527e-09
 9.43195e-09
 2.57780e-08
 5.84272e-08
 1.12038e-07
 1.84400e-07
 2.64454e-07
 3.44034e-07
 3.73281e-07
 3.46335e-07
 2.83196e-07
 1.98962e-07
 2.27515e-10
 7.78087e-10
 2.13454e-09
 4.83029e-09
 9.20135e-09
 1.49694e-08
 2.10319e-08
 2.75070e-08
 2.78861e-08
 2.51416e-08
 1.96323e-08
 1.28674e-08
 1.41997e-11
 4.90652e-11
 1.35027e-10
 3.04570e-10
 5.74824e-10
 9.22609e-10
 1.26430e-09
 1.61824e-09
 1.56939e-09
 1.34730e-09
 9.87304e-10
 5.79514e-10
 6.41947e-13
 2.24237e-12
 6.18599e-12
 1.38803e-11
 2.58682e-11
 4.09489e-11
 5.45039e-11
 6.62039e-11
 6.17845e-11
 4.98952e-11
 3.36394e-11
 1.68329e-11
 1.94284e-14
 6.86459e-14
 1.89640e-13
 4.22172e-13
 7.73520e-13
 1.20174e-12
 1.55239e-12
 1.73428e-12
 1.54582e-12
 1.14512e-12
 7.04411e-13
 6.97238e-13
 3.46870e-16
 1.24039e-15
 3.42637e-15
 7.53991e-15
 1.35008e-14
 2.03275e-14
 2.52264e-14
 3.11833e-14
 6.59975e-14
 3.07439e-13
 1.68651e-12
 8.73308e-12
 2.89316e-18
 1.04754e-17
 2.88671e-17
 6.24635e-17
 1.08379e-16
 5.44639e-16
 7.67057e-15
 8.10841e-14
 6.28248e-13
 3.81086e-12
 1.89678e-11
 7.99286e-11
 6.35290e-21
 2.32934e-20
 6.38070e-20
 1.34716e-19
 2.23708e-19
 1.40787e-15
 2.63175e-14
 2.98229e-13
 1.97148e-12
 8.96321e-12
 3.05798e-11
 8.84860e-11
part
         7
hexa8
 2.57646e-03
 4.50622e-03
 9.64698e-03
 1.45770e-02
 1.52174e-02
 1.16684e-02
 6.34641e-03
 2.80758e-03
 1.03843e-03
 3.21307e-04
 8.42249e-05
 1.88290e-05
 3.31904e-06
 1.41225e-02
 1.80276e-02
 2.67530e-02
 3.38840e-02
 3.25643e-02
 2.35648e-02
 1.20004e-02
 5.07924e-03
 1.79440e-03
 5.37341e-04
 1.38115e-04
 3.05687e-05
 5.59731e-06
 5.14131e-02
 5.79056e-02
 6.96009e-02
 7.38617e-02
 6.43228e-02
 3.96408e-02
 1.85207e-02
 7.39538e-03
 2.51583e-03
 7.35570e-04
 1.86170e-04
 4.09282e-05
 7.54011e-06
 1.42286e-01
 1.50953e-01
 1.56941e-01
 1.42361e-01
 1.01105e-01
 5.36978e-02
 2.41321e-02
 9.25377e-03
 3.05169e-03
 8.72048e-04
 2.17328e-04
 4.73607e-05
 8.75566e-06
 3.17589e-01
 3.02593e-01
 2.68630e-01
 2.07381e-01
 1.27108e-01
 6.37991e-02
 2.72337e-02
 1.01115e-02
 3.25600e-03
 9.13679e-04
 2.24913e-04
 4.86261e-05
 8.99578e-06
 4.62605e-01
 4.09723e-01
 3.36637e-01
 2.41496e-01
 1.37868e-01
 6.66767e-02
 2.71599e-02
 9.33698e-03
 2.77803e-03
 7.28829e-04
 1.71528e-04
 3.67043e-05
 6.79070e-06
 4.93570e-01
 4.29120e-01
 3.45265e-01
 2.37509e-01
 1.19503e-01
 4.91516e-02
 1.80490e-02
 5.99811e-03
 1.80057e-03
 4.87283e-04
 1.18589e-04
 2.58090e-05
 4.80138e-06
 4.55519e-01
 3.77542e-01
 2.74216e-01
 1.52286e-01
 7.00411e-02
 2.87860e-02
 1.06368e-02
 3.54713e-03
 1.06838e-03
 2.90274e-04
 7.09858e-05
 1.55162e-05
 2.88274e-06
 3.24424e-01
 2.40237e-01
 1.44272e-01
 7.35326e-02
 3.36534e-02
 1.38776e-02
 5.16671e-03
 1.73773e-03
 5.27744e-04
 1.44529e-04
 3.56294e-05
 7.82522e-06
 1.45907e-06
 1.45570e-01
 9.68052e-02
 5.57919e-02
 2.87324e-02
 1.32823e-02
 5.53074e-03
 2.07825e-03
 7.05237e-04
 2.16075e-04
 5.97106e-05
 1.48576e-05
 3.26747e-06
 6.34955e-07
 4.92444e-02
 3.22029e-02
 1.83597e-02
 9.41103e-03
 4.35188e-03
 1.81853e-03
 6.87237e-04
 2.34901e-04
 7.25754e-05
 2.02450e-05
 5.08359e-06
 1.10862e-06
 2.70576e-07
 1.39698e-02
 8.90604e-03
 4.99543e-03
 2.53703e-03
 1.16860e-03
 4.88325e-04
 1.85090e-04
 6.35970e-05
 1.97866e-05
 5.56706e-06
 1.40378e-06
 3.01584e-07
 1.36948e-07
 3.30191e-03
 2.03317e-03
 1.11664e-03
 5.59293e-04
 2.55401e-04
 1.06241e-04
 4.02224e-05
 1.38423e-05
 4.32373e-06
 1.22287e-06
 3.03770e-07
 7.51467e-08
 9.89744e-08
 6.47662e-04
 3.80822e-04
 2.03926e-04
 1.00135e-04
 4.50286e-05
 1.85239e-05
 6.96189e-06
 2.38611e-06
 7.44658e-07
 2.08898e-07
 5.00874e-08
 3.01314e-08
 1.34302e-07
 1.04033e-04
 5.83636e-05
 3.01705e-05
 1.43770e-05
 6.30807e-06
 2.54428e-06
 9.41384e-07
 3.18962e-07
 9.83578e-08
 2.60782e-08
 1.05611e-08
 2.58006e-08
 2.48840e-07
 1.35094e-05
 7.18024e-06
 3.54070e-06
 1.61949e-06
 6.85793e-07
 2.68233e-07
 9.67199e-08
 3.20247e-08
 9.17542e-09
 3.53424e-09
 6.56731e-09
 5.54063e-08
 5.00594e-07
 1.38785e-06
 6.89847e-07
 3.20172e-07
 1.38642e-07
 5.58688e-08
 2.09323e-08
 7.24374e-09
 2.15914e-09
 1.00133e-09
 2.04679e-09
 1.63759e-08
 1.37709e-07
 1.04018e-06
 1.09014e-07
 4.98053e-08
 2.13824e-08
 8.62328e-09
 3.26984e-09
 1.13290e-09
 3.49601e-10
 2.59578e-10
 8.41155e-10
 6.69111e-09
 5.07835e-08
 3.50807e-07
 2.18241e-06
 6.24820e-09
 2.57733e-09
 1.00787e-09
 3.70580e-10
 1.19126e-10
 5.27942e-11
 8.73191e-11
 5.36548e-10
 3.90535e-09
 2.58574e-08
 1.58534e-07
 8.88177e-07
 4.46078e-06
 2.48829e-10
 8.97328e-11
 2.87166e-11
 1.09104e-11
 1.45840e-11
 7.50547e-11
 5.13038e-10
 3.22747e-09
 1.86579e-08
 9.79647e-08
 4.76144e-07
 2.10491e-06
 7.78927e-06
 5.76053e-12
 2.31682e-12
 3.57434e-12
 1.93728e-11
 1.25405e-10
 7.22703e-10
 3.74564e-09
 1.80295e-08
 8.25001e-08
 3.41429e-07
 1.18488e-06
 3.61798e-06
 1.04503e-05
 2.00169e-12
 1.05225e-11
 5.76427e-11
 2.95589e-10
 1.42383e-09
 6.19972e-09
 2.34502e-08
 8.01435e-08
 2.48494e-07
 7.04702e-07
 1.86313e-06
 4.42498e-06
 9.32830e-06
 4.14369e-11
 1.81181e-10
 7.22255e-10
 2.60188e-09
 8.46347e-09
 2.50795e-08
 6.87822e-08
 1.73761e-07
 4.02218e-07
 8.27032e-07
 1.08812e-06
 1.09773e-06
 9.55984e-07
 2.92108e-10
 9.35866e-10
 2.64547e-09
 6.62398e-09
 1.46371e-08
 2.45282e-08
 2.67419e-08
 2.52458e-08
 1.92689e-08
 9.20164e-09
 2.91493e-09
 7.67805e-10
 1.67732e-10
 1.79120e-10
 1.87488e-10
 1.47235e-10
 6.44161e-11
 1.68145e-11
 3.59706e-12
 6.40685e-13
 9.59558e-14
 1.21622e-14
 1.30824e-15
 1.19390e-16
 9.21637e-18
 5.98601e-19
part
         8
hexa8
 2.13466e-06
 1.69723e-05
 2.16003e-04
 2.22047e-03
 1.71498e-02
 9.16873e-02
 2.70491e-01
 3.20619e-01
 1.61433e-01
 2.20111e-02
 1.13423e-03
 1.37978e-05
 1.54649e-08
 2.03154e-06
 1.11564e-05
 1.45988e-04
 1.56726e-03
 1.26349e-02
 7.08484e-02
 2.30087e-01
 2.90163e-01
 1.69806e-01
 2.73170e-02
 1.72362e-03
 3.12748e-05
 7.31812e-08
 2.05410e-06
 8.04243e-06
 1.05623e-04
 1.16806e-03
 9.70159e-03
 5.62625e-02
 1.95540e-01
 2.63351e-01
 1.71882e-01
 3.19277e-02
 2.26934e-03
 5.36718e-05
 1.93039e-07
 2.08242e-06
 6.27535e-06
 8.15366e-05
 9.16968e-04
 7.75130e-03
 4.59050e-02
 1.66654e-01
 2.37775e-01
 1.69435e-01
 3.50754e-02
 2.72580e-03
 7.67245e-05
 3.74732e-07
 1.97366e-06
 5.21088e-06
 6.69475e-05
 7.56363e-04
 6.43159e-03
 3.84386e-02
 1.42800e-01
 2.12388e-01
 1.58084e-01
 3.62747e-02
 3.02722e-03
 9.66776e-05
 5.92743e-07
 1.59675e-06
 4.54761e-06
 5.82844e-05
 6.53815e-04
 5.52951e-03
 3.29688e-02
 1.23151e-01
 1.86959e-01
 1.40812e-01
 3.57772e-02
 3.15013e-03
 1.10377e-04
 7.98357e-07
 1.25358e-06
 4.17886e-06
 5.35976e-05
 5.90511e-04
 4.91283e-03
 2.88874e-02
 1.06833e-01
 1.62383e-01
 1.23553e-01
 3.22083e-02
 3.09997e-03
 1.16113e-04
 9.50676e-07
 9.32190e-07
 4.03703e-06
 5.17427e-05
 5.55226e-04
 4.49697e-03
 2.57756e-02
 9.30519e-02
 1.39293e-01
 1.06149e-01
 2.78935e-02
 2.73465e-03
 1.12773e-04
 1.01767e-06
 6.95071e-07
 4.19592e-06
 5.17326e-05
 5.40726e-04
 4.22601e-03
 2.33410e-02
 8.11382e-02
 1.17724e-01
 8.86061e-02
 2.31525e-02
 2.30749e-03
 9.79115e-05
 9.67411e-07
 5.64321e-07
 4.70426e-06
 5.65158e-05
 5.40189e-04
 4.06125e-03
 2.13703e-02
 7.05053e-02
 9.76954e-02
 7.19408e-02
 1.82593e-02
 1.83194e-03
 7.95879e-05
 8.29207e-07
 5.10426e-07
 5.65476e-06
 6.22142e-05
 5.69806e-04
 3.97258e-03
 1.96924e-02
 6.06537e-02
 7.92347e-02
 5.63544e-02
 1.36462e-02
 1.37279e-03
 6.01461e-05
 6.42704e-07
 6.22944e-07
 7.16801e-06
 7.32008e-05
 6.06860e-04
 3.92556e-03
 1.81569e-02
 5.11829e-02
 6.23933e-02
 4.22386e-02
 9.56446e-03
 9.57551e-04
 4.19581e-05
 4.55086e-07
 8.96674e-07
 9.57831e-06
 8.72848e-05
 6.60665e-04
 3.89692e-03
 1.66388e-02
 4.18206e-02
 4.72798e-02
 2.99330e-02
 6.23506e-03
 6.16312e-04
 2.66388e-05
 2.88075e-07
 1.40921e-06
 1.32985e-05
 1.08104e-04
 7.22664e-04
 3.82587e-03
 1.47497e-02
 3.25101e-02
 3.40723e-02
 1.97210e-02
 3.74886e-03
 3.61495e-04
 1.51827e-05
 1.60713e-07
 2.33391e-06
 1.90807e-05
 1.34013e-04
 7.78580e-04
 3.65152e-03
 1.23689e-02
 2.35784e-02
 2.29984e-02
 1.17838e-02
 2.06587e-03
 1.89476e-04
 7.61388e-06
 7.74011e-08
 3.99877e-06
 2.78269e-05
 1.64211e-04
 8.12806e-04
 3.30090e-03
 9.78392e-03
 1.56445e-02
 1.41447e-02
 6.22606e-03
 1.00118e-03
 8.61510e-05
 3.26273e-06
 3.12039e-08
 6.97003e-06
 4.04420e-05
 1.93954e-04
 8.04895e-04
 2.68269e-03
 6.80933e-03
 9.22769e-03
 7.62331e-03
 2.78380e-03
 4.07997e-04
 3.25818e-05
 1.14267e-06
 1.00418e-08
 1.20739e-05
 5.52726e-05
 2.14126e-04
 7.10087e-04
 1.92749e-03
 4.03031e-03
 4.62985e-03
 3.37859e-03
 9.79117e-04
 1.30956e-04
 9.57187e-06
 3.03889e-07
 2.38594e-09
 1.89695e-05
 6.78310e-05
 2.13250e-04
 5.43073e-04
 1.16928e-03
 1.84284e-03
 1.80915e-03
 1.08274e-03
 2.39944e-04
 2.94916e-05
 1.92170e-06
 5.35292e-08
 3.62604e-10
 2.47842e-05
 7.32087e-05
 1.70114e-04
 3.15353e-04
 5.04612e-04
 5.32150e-04
 4.35098e-04
 1.82292e-04
 3.27243e-05
 3.45683e-06
 1.92671e-07
 4.51618e-09
 2.51930e-11
 2.61661e-05
 5.12352e-05
 8.92676e-05
 1.06190e-04
 9.73273e-05
 5.79159e-05
 1.46175e-05
 2.32419e-06
 2.35487e-07
 1.42932e-08
 4.61511e-10
 6.30174e-12
 2.05449e-14
 1.46316e-05
 1.56807e-05
 1.40223e-05
 8.30586e-06
 2.32095e-06
 4.48930e-07
 6.13739e-08
 5.79286e-09
 3.60000e-10
 1.36531e-11
 2.78827e-13
 2.42896e-15
 5.08422e-18
 5.76081e-07
 1.85964e-07
 4.51708e-08
 8.46852e-09
 1.21807e-09
 1.32028e-10
 1.04980e-11
 5.89534e-13
 2.21514e-14
 5.14009e-16
 6.47901e-18
 3.50594e-20
 4.57989e-23
 3.02311e-11
 4.46132e-12
 5.33285e-13
 5.08984e-14
 3.80760e-15
 2.18005e-16
 9.26285e-18
 2.80350e-19
 5.71285e-21
 7.22127e-23
 4.97379e-25
 1.47378e-27
 1.05571e-30
 3.24621e-20
 1.45516e-21
 5.32377e-23
 1.56463e-24
 3.62171e-26
 6.44099e-28
 8.52616e-30
 8.05779e-32
 5.13570e-34
 2.03285e-36
 4.38801e-39
 4.07683e-42
 9.15967e-46
