Pressure
part
         1
hexa8
 1.00000e+00
 1.00000e+00
 1.00000e+00
 1.00000e+00
 1.00000e+00
 1.00000e+00
 1.00000e+00
 1.00000e+00
 1.00000e+00
 1.00000e+00
 1.00000e+00
 1.00000e+00
 1.00000e+00
 1.00000e+00
 1.00000e+00
 1.00000e+00
 1.00000e+00
 1.00000e+00
 1.00000e+00
 1.00000e+00
 1.00000e+00
 1.00000e+00
 1.00000e+00
 1.00000e+00
 1.00000e+00
 1.00000e+00
 1.00000e+00
 1.00000e+00
 1.00000e+00
 1.00000e+00
 1.00000e+00
 1.00000e+00
 1.00000e+00
 1.00000e+00
 1.00000e+00
 1.00000e+00
 1.00000e+00
 1.00000e+00
 1.00000e+00
 1.00000e+00
 1.00000e+00
 1.00000e+00
 1.00000e+00
 1.00000e+00
 1.00000e+00
 1.00000e+00
 1.00000e+00
 1.00000e+00
 1.00000e+00
 1.00000e+00
 1.00000e+00
 1.00000e+00
 1.00000e+00
 1.00000e+00
 1.00000e+00
 1.00000e+00
 1.00000e+00
 1.00000e+00
 1.00000e+00
 1.00000e+00
 1.00000e+00
 1.00000e+00
 1.00000e+00
 1.00000e+00
 1.00000e+00
 1.00000e+00
 1.00000e+00
 1.00000e+00
 1.00000e+00
 1.00000e+00
 1.00000e+00
 1.00000e+00
 1.00000e+00
 1.00000e+00
 1.00000e+00
 1.00000e+00
 1.00000e+00
 1.00000e+00
 1.00000e+00
 1.00000e+00
 1.00000e+00
 1.00000e+00
 1.00000e+00
 1.00000e+00
 1.00000e+00
 1.00000e+00
 1.00000e+00
 1.00000e+00
 1.00000e+00
 1.00000e+00
 1.00000e+00
 1.00000e+00
 1.00000e+00
 1.00000e+00
 1.00000e+00
 1.00000e+00
 1.00000e+00
 1.00000e+00
 1.00000e+00
 1.00000e+00
 1.00000e+00
 1.00000e+00
 1.00000e+00
 1.00000e+00
 1.00000e+00
 1.00000e+00
 1.00000e+00
 1.00000e+00
 1.00000e+00
 1.00000e+00
 1.00000e+00
 1.00000e+00
 1.00000e+00
 1.00000e+00
 1.00000e+00
 1.00000e+00
 1.00000e+00
 1.00000e+00
 1.00000e+00
 1.00000e+00
 1.00000e+00
 1.00000e+00
 1.00000e+00
 1.00000e+00
 1.00000e+00
part
         2
hexa8
 1.00000e+00
 1.00000e+00
 1.00000e+00
 1.00000e+00
 1.00000e+00
 1.00000e+00
 1.00000e+00
 1.00000e+00
 1.00000e+00
 1.00000e+00
 1.00000e+00
 1.00000e+00
 9.99998e-01
 9.99979e-01
 9.99799e-01
 9.98497e-01
 9.91458e-01
 9.64883e-01
 8.98558e-01
 7.88311e-01
 6.53124e-01
 5.13170e-01
 3.82627e-01
 2.86968e-01
 2.77427e-01
 1.00000e+00
 1.00000e+00
 1.00000e+00
 1.00000e+00
 1.00000e+00
 1.00000e+00
 1.00000e+00
 1.00000e+00
 1.00000e+00
 1.00000e+00
 1.00000e+00
 1.00000e+00
 9.99998e-01
 9.99979e-01
 9.99799e-01
 9.98497e-01
 9.91458e-01
 9.64883e-01
 8.98558e-01
 7.88311e-01
 6.53124e-01
 5.13170e-01
 3.82627e-01
 2.86968e-01
 2.77427e-01
 1.00000e+00
 1.00000e+00
 1.00000e+00
 1.00000e+00
 1.00000e+00
 1.00000e+00
 1.00000e+00
 1.00000e+00
 1.00000e+00
 1.00000e+00
 1.00000e+00
 1.00000e+00
 9.99998e-01
 9.99979e-01
 9.99799e-01
 9.98497e-01
 9.91458e-01
 9.64883e-01
 8.98558e-01
 7.88311e-01
 6.53124e-01
 5.13170e-01
 3.82627e-01
 2.86968e-01
 2.77427e-01
 1.00000e+00
 1.00000e+00
 1.00000e+00
 1.00000e+00
 1.00000e+00
 1.00000e+00
 1.00000e+00
 1.00000e+00
 1.00000e+00
 1.00000e+00
 1.00000e+00
 1.00000e+00
 9.99998e-01
 9.99979e-01
 9.99799e-01
 9.98497e-01
 9.91458e-01
 9.64883e-01
 8.98558e-01
 7.88311e-01
 6.53124e-01
 5.13170e-01
 3.82627e-01
 2.86968e-01
 2.77427e-01
 1.00000e+00
 1.00000e+00
 1.00000e+00
 1.00000e+00
 1.00000e+00
 1.00000e+00
 1.00000e+00
 1.00000e+00
 1.00000e+00
 1.00000e+00
 1.00000e+00
 1.00000e+00
 9.99998e-01
 9.99979e-01
 9.99799e-01
 9.98497e-01
 9.91458e-01
 9.64883e-01
 8.98558e-01
 7.88311e-01
 6.53124e-01
 5.13170e-01
 3.82627e-01
 2.86968e-01
 2.77427e-01
part
         3
hexa8
 2.91303e-01
 2.91861e-01
 2.92707e-01
 2.88631e-01
 2.80000e-01
 2.66398e-01
 2.48327e-01
 2.26989e-01
 2.03996e-01
 1.81082e-01
 1.59831e-01
 1.41464e-01
 1.26713e-01
 1.15780e-01
 1.08401e-01
 1.03966e-01
 1.01654e-01
 1.00620e-01
 1.00215e-01
 1.00070e-01
 1.00022e-01
 1.00007e-01
 1.00002e-01
 1.00001e-01
 1.00000e-01
 2.91303e-01
 2.91861e-01
 2.92707e-01
 2.88631e-01
 2.80000e-01
 2.66398e-01
 2.48327e-01
 2.26989e-01
 2.03996e-01
 1.81082e-01
 1.59831e-01
 1.41464e-01
 1.26713e-01
 1.15780e-01
 1.08401e-01
 1.03966e-01
 1.01654e-01
 1.00620e-01
 1.00215e-01
 1.00070e-01
 1.00022e-01
 1.00007e-01
 1.00002e-01
 1.00001e-01
 1.00000e-01
 2.91303e-01
 2.91861e-01
 2.92707e-01
 2.88631e-01
 2.80000e-01
 2.66398e-01
 2.48327e-01
 2.26989e-01
 2.03996e-01
 1.81082e-01
 1.59831e-01
 1.41464e-01
 1.26713e-01
 1.15780e-01
 1.08401e-01
 1.03966e-01
 1.01654e-01
 1.00620e-01
 1.00215e-01
 1.00070e-01
 1.00022e-01
 1.00007e-01
 1.00002e-01
 1.00001e-01
 1.00000e-01
 2.91303e-01
 2.91861e-01
 2.92707e-01
 2.88631e-01
 2.80000e-01
 2.66398e-01
 2.48327e-01
 2.26989e-01
 2.03996e-01
 1.81082e-01
 1.59831e-01
 1.41464e-01
 1.26713e-01
 1.15780e-01
 1.08401e-01
 1.03966e-01
 1.01654e-01
 1.00620e-01
 1.00215e-01
 1.00070e-01
 1.00022e-01
 1.00007e-01
 1.00002e-01
 1.00001e-01
 1.00000e-01
 2.91303e-01
 2.91861e-01
 2.92707e-01
 2.88631e-01
 2.80000e-01
 2.66398e-01
 2.48327e-01
 2.26989e-01
 2.03996e-01
 1.81082e-01
 1.59831e-01
 1.41464e-01
 1.26713e-01
 1.15780e-01
 1.08401e-01
 1.03966e-01
 1.01654e-01
 1.00620e-01
 1.00215e-01
 1.00070e-01
 1.00022e-01
 1.00007e-01
 1.00002e-01
 1.00001e-01
 1.00000e-01
part
         4
hexa8
 1.00000e-01
 1.00000e-01
 1.00000e-01
 1.00000e-01
 1.00000e-01
 1.00000e-01
 1.00000e-01
 1.00000e-01
 1.00000e-01
 1.00000e-01
 1.00000e-01
 1.00000e-01
 1.00000e-01
 1.00000e-01
 1.00000e-01
 1.00000e-01
 1.00000e-01
 1.00000e-01
 1.00000e-01
 1.00000e-01
 1.00000e-01
 1.00000e-01
 1.00000e-01
 1.00000e-01
 1.00000e-01
 1.00000e-01
 1.00000e-01
 1.00000e-01
 1.00000e-01
 1.00000e-01
 1.00000e-01
 1.00000e-01
 1.00000e-01
 1.00000e-01
 1.00000e-01
 1.00000e-01
 1.00000e-01
 1.00000e-01
 1.00000e-01
 1.00000e-01
 1.00000e-01
 1.00000e-01
 1.00000e-01
 1.00000e-01
 1.00000e-01
 1.00000e-01
 1.00000e-01
 1.00000e-01
 1.00000e-01
 1.00000e-01
 1.00000e-01
 1.00000e-01
 1.00000e-01
 1.00000e-01
 1.00000e-01
 1.00000e-01
 1.00000e-01
 1.00000e-01
 1.00000e-01
 1.00000e-01
 1.00000e-01
 1.00000e-01
 1.00000e-01
 1.00000e-01
 1.00000e-01
 1.00000e-01
 1.00000e-01
 1.00000e-01
 1.00000e-01
 1.00000e-01
 1.00000e-01
 1.00000e-01
 1.00000e-01
 1.00000e-01
 1.00000e-01
 1.00000e-01
 1.00000e-01
 1.00000e-01
 1.00000e-01
 1.00000e-01
 1.00000e-01
 1.00000e-01
 1.00000e-01
 1.00000e-01
 1.00000e-01
 1.00000e-01
 1.00000e-01
 1.00000e-01
 1.00000e-01
 1.00000e-01
 1.00000e-01
 1.00000e-01
 1.00000e-01
 1.00000e-01
 1.00000e-01
 1.00000e-01
 1.00000e-01
 1.00000e-01
 1.00000e-01
 1.00000e-01
 1.00000e-01
 1.00000e-01
 1.00000e-01
 1.00000e-01
 1.00000e-01
 1.00000e-01
 1.00000e-01
 1.00000e-01
 1.00000e-01
 1.00000e-01
 1.00000e-01
 1.00000e-01
 1.00000e-01
 1.00000e-01
 1.00000e-01
 1.00000e-01
 1.00000e-01
 1.00000e-01
 1.00000e-01
 1.00000e-01
 1.00000e-01
 1.00000e-01
 1.00000e-01
 1.00000e-01
 1.00000e-01
