PseudoViscosity
part
         1
hexa8
 0.00000e+00
 0.00000e+00
 0.00000e+00
 0.00000e+00
 0.00000e+00
 0.00000e+00
 0.00000e+00
 0.00000e+00
 0.00000e+00
 0.00000e+00
 0.00000e+00
 0.00000e+00
 0.00000e+00
 0.00000e+00
 0.00000e+00
 0.00000e+00
 0.00000e+00
 0.00000e+00
 0.00000e+00
 0.00000e+00
 0.00000e+00
 0.00000e+00
 0.00000e+00
 0.00000e+00
 0.00000e+00
 0.00000e+00
 0.00000e+00
 0.00000e+00
 0.00000e+00
 0.00000e+00
 0.00000e+00
 0.00000e+00
 0.00000e+00
 0.00000e+00
 0.00000e+00
 0.00000e+00
 0.00000e+00
 0.00000e+00
 0.00000e+00
 0.00000e+00
 0.00000e+00
 0.00000e+00
 0.00000e+00
 0.00000e+00
 0.00000e+00
 0.00000e+00
 0.00000e+00
 0.00000e+00
 0.00000e+00
 3.36395e-06
 2.74863e-05
 4.88417e-05
 6.60324e-05
 8.24197e-05
 9.92943e-05
 1.13074e-04
 1.21110e-04
 1.24893e-04
 1.26262e-04
 1.26015e-04
 1.22296e-04
 1.14976e-04
 1.05937e-04
 9.66837e-05
 8.78125e-05
 7.80661e-05
 6.50697e-05
 4.86803e-05
 4.11549e-05
 4.92640e-05
 6.51728e-05
 1.21249e-04
 2.92041e-04
 7.57217e-04
 1.94112e-03
 4.73148e-03
 1.06326e-02
 2.12173e-02
 3.54938e-02
 4.51058e-02
 4.14324e-02
 3.06302e-02
 1.88473e-02
 9.83976e-03
 4.49935e-03
 1.88485e-03
 7.51422e-04
 2.91177e-04
 1.10665e-04
 4.13810e-05
 1.52342e-05
 5.52047e-06
 1.96818e-06
 6.90029e-07
 2.37789e-07
 8.05175e-08
 2.67873e-08
 8.77269e-09
 2.88911e-09
 1.15720e-09
 0.00000e+00
 0.00000e+00
 0.00000e+00
 0.00000e+00
 0.00000e+00
 0.00000e+00
 0.00000e+00
 0.00000e+00
 0.00000e+00
 0.00000e+00
 0.00000e+00
 0.00000e+00
 0.00000e+00
 0.00000e+00
 0.00000e+00
 0.00000e+00
 0.00000e+00
 0.00000e+00
 0.00000e+00
 0.00000e+00
 0.00000e+00
 0.00000e+00
 0.00000e+00
 0.00000e+00
 0.00000e+00
 0.00000e+00
 0.00000e+00
 0.00000e+00
 0.00000e+00
 0.00000e+00
 0.00000e+00
 0.00000e+00
 0.00000e+00
 0.00000e+00
 0.00000e+00
 0.00000e+00
 0.00000e+00
 0.00000e+00
 0.00000e+00
 0.00000e+00
 0.00000e+00
 0.00000e+00
 0.00000e+00
 0.00000e+00
 0.00000e+00
 0.00000e+00
 0.00000e+00
 0.00000e+00
 0.00000e+00
 3.36395e-06
 2.74863e-05
 4.88417e-05
 6.60324e-05
 8.24197e-05
 9.92943e-05
 1.13074e-04
 1.21110e-04
 1.24893e-04
 1.26262e-04
 1.26015e-04
 1.22296e-04
 1.14976e-04
 1.05937e-04
 9.66837e-05
 8.78125e-05
 7.80661e-05
 6.50697e-05
 4.86803e-05
 4.11549e-05
 4.92640e-05
 6.51728e-05
 1.21249e-04
 2.92041e-04
 7.57217e-04
 1.94112e-03
 4.73148e-03
 1.06326e-02
 2.12173e-02
 3.54938e-02
 4.51058e-02
 4.14324e-02
 3.06302e-02
 1.88473e-02
 9.83976e-03
 4.49935e-03
 1.88485e-03
 7.51422e-04
 2.91177e-04
 1.10665e-04
 4.13810e-05
 1.52342e-05
 5.52047e-06
 1.96818e-06
 6.90029e-07
 2.37789e-07
 8.05174e-08
 2.67873e-08
 8.77270e-09
 2.88906e-09
 1.15717e-09
 0.00000e+00
 0.00000e+00
 0.00000e+00
 0.00000e+00
 0.00000e+00
 0.00000e+00
 0.00000e+00
 0.00000e+00
 0.00000e+00
 0.00000e+00
 0.00000e+00
 0.00000e+00
 0.00000e+00
 0.00000e+00
 0.00000e+00
 0.00000e+00
 0.00000e+00
 0.00000e+00
 0.00000e+00
 0.00000e+00
 0.00000e+00
 0.00000e+00
 0.00000e+00
 0.00000e+00
 0.00000e+00
 0.00000e+00
 0.00000e+00
 0.00000e+00
 0.00000e+00
 0.00000e+00
 0.00000e+00
 0.00000e+00
 0.00000e+00
 0.00000e+00
 0.00000e+00
 0.00000e+00
 0.00000e+00
 0.00000e+00
 0.00000e+00
 0.00000e+00
 0.00000e+00
 0.00000e+00
 0.00000e+00
 0.00000e+00
 0.00000e+00
 0.00000e+00
 0.00000e+00
 0.00000e+00
 0.00000e+00
 3.36395e-06
 2.74863e-05
 4.88417e-05
 6.60324e-05
 8.24197e-05
 9.92943e-05
 1.13074e-04
 1.21110e-04
 1.24893e-04
 1.26262e-04
 1.26015e-04
 1.22296e-04
 1.14976e-04
 1.05937e-04
 9.66837e-05
 8.78125e-05
 7.80661e-05
 6.50697e-05
 4.86803e-05
 4.11549e-05
 4.92640e-05
 6.51728e-05
 1.21249e-04
 2.92041e-04
 7.57217e-04
 1.94112e-03
 4.73148e-03
 1.06326e-02
 2.12173e-02
 3.54938e-02
 4.51058e-02
 4.14324e-02
 3.06302e-02
 1.88473e-02
 9.83976e-03
 4.49935e-03
 1.88485e-03
 7.51422e-04
 2.91177e-04
 1.10665e-04
 4.13810e-05
 1.52342e-05
 5.52047e-06
 1.96818e-06
 6.90029e-07
 2.37789e-07
 8.05174e-08
 2.67873e-08
 8.77258e-09
 2.88911e-09
 1.15723e-09
 0.00000e+00
 0.00000e+00
 0.00000e+00
 0.00000e+00
 0.00000e+00
 0.00000e+00
 0.00000e+00
 0.00000e+00
 0.00000e+00
 0.00000e+00
 0.00000e+00
 0.00000e+00
 0.00000e+00
 0.00000e+00
 0.00000e+00
 0.00000e+00
 0.00000e+00
 0.00000e+00
 0.00000e+00
 0.00000e+00
 0.00000e+00
 0.00000e+00
 0.00000e+00
 0.00000e+00
 0.00000e+00
 0.00000e+00
 0.00000e+00
 0.00000e+00
 0.00000e+00
 0.00000e+00
 0.00000e+00
 0.00000e+00
 0.00000e+00
 0.00000e+00
 0.00000e+00
 0.00000e+00
 0.00000e+00
 0.00000e+00
 0.00000e+00
 0.00000e+00
 0.00000e+00
 0.00000e+00
 0.00000e+00
 0.00000e+00
 0.00000e+00
 0.00000e+00
 0.00000e+00
 0.00000e+00
 0.00000e+00
 3.36395e-06
 2.74863e-05
 4.88417e-05
 6.60324e-05
 8.24197e-05
 9.92943e-05
 1.13074e-04
 1.21110e-04
 1.24893e-04
 1.26262e-04
 1.26015e-04
 1.22296e-04
 1.14976e-04
 1.05937e-04
 9.66837e-05
 8.78125e-05
 7.80661e-05
 6.50697e-05
 4.86803e-05
 4.11549e-05
 4.92640e-05
 6.51728e-05
 1.21249e-04
 2.92041e-04
 7.57217e-04
 1.94112e-03
 4.73148e-03
 1.06326e-02
 2.12173e-02
 3.54938e-02
 4.51058e-02
 4.14324e-02
 3.06302e-02
 1.88473e-02
 9.83976e-03
 4.49935e-03
 1.88485e-03
 7.51422e-04
 2.91177e-04
 1.10665e-04
 4.13810e-05
 1.52342e-05
 5.52047e-06
 1.96818e-06
 6.90029e-07
 2.37789e-07
 8.05174e-08
 2.67874e-08
 8.77262e-09
 2.88903e-09
 1.15720e-09
 0.00000e+00
 0.00000e+00
 0.00000e+00
 0.00000e+00
 0.00000e+00
 0.00000e+00
 0.00000e+00
 0.00000e+00
 0.00000e+00
 0.00000e+00
 0.00000e+00
 0.00000e+00
 0.00000e+00
 0.00000e+00
 0.00000e+00
 0.00000e+00
 0.00000e+00
 0.00000e+00
 0.00000e+00
 0.00000e+00
 0.00000e+00
 0.00000e+00
 0.00000e+00
 0.00000e+00
 0.00000e+00
 0.00000e+00
 0.00000e+00
 0.00000e+00
 0.00000e+00
 0.00000e+00
 0.00000e+00
 0.00000e+00
 0.00000e+00
 0.00000e+00
 0.00000e+00
 0.00000e+00
 0.00000e+00
 0.00000e+00
 0.00000e+00
 0.00000e+00
 0.00000e+00
 0.00000e+00
 0.00000e+00
 0.00000e+00
 0.00000e+00
 0.00000e+00
 0.00000e+00
 0.00000e+00
 0.00000e+00
 3.36395e-06
 2.74863e-05
 4.88417e-05
 6.60324e-05
 8.24197e-05
 9.92943e-05
 1.13074e-04
 1.21110e-04
 1.24893e-04
 1.26262e-04
 1.26015e-04
 1.22296e-04
 1.14976e-04
 1.05937e-04
 9.66837e-05
 8.78125e-05
 7.80661e-05
 6.50697e-05
 4.86803e-05
 4.11549e-05
 4.92640e-05
 6.51728e-05
 1.21249e-04
 2.92041e-04
 7.57217e-04
 1.94112e-03
 4.73148e-03
 1.06326e-02
 2.12173e-02
 3.54938e-02
 4.51058e-02
 4.14324e-02
 3.06302e-02
 1.88473e-02
 9.83976e-03
 4.49935e-03
 1.88485e-03
 7.51422e-04
 2.91177e-04
 1.10665e-04
 4.13810e-05
 1.52342e-05
 5.52047e-06
 1.96818e-06
 6.90029e-07
 2.37789e-07
 8.05175e-08
 2.67873e-08
 8.77264e-09
 2.88914e-09
 1.15717e-09
 0.00000e+00
 0.00000e+00
 0.00000e+00
 0.00000e+00
 0.00000e+00
 0.00000e+00
 0.00000e+00
 0.00000e+00
 0.00000e+00
 0.00000e+00
 0.00000e+00
 0.00000e+00
 0.00000e+00
 0.00000e+00
 0.00000e+00
 0.00000e+00
 0.00000e+00
 0.00000e+00
 0.00000e+00
 0.00000e+00
 0.00000e+00
 0.00000e+00
 0.00000e+00
 0.00000e+00
 0.00000e+00
 0.00000e+00
 0.00000e+00
 0.00000e+00
 0.00000e+00
 0.00000e+00
 0.00000e+00
 0.00000e+00
 0.00000e+00
 0.00000e+00
 0.00000e+00
 0.00000e+00
 0.00000e+00
 0.00000e+00
 0.00000e+00
 0.00000e+00
 0.00000e+00
 0.00000e+00
 0.00000e+00
 0.00000e+00
 0.00000e+00
 0.00000e+00
 0.00000e+00
 0.00000e+00
 0.00000e+00
 3.36395e-06
 2.74863e-05
 4.88417e-05
 6.60324e-05
 8.24197e-05
 9.92943e-05
 1.13074e-04
 1.21110e-04
 1.24893e-04
 1.26262e-04
 1.26015e-04
 1.22296e-04
 1.14976e-04
 1.05937e-04
 9.66837e-05
 8.78125e-05
 7.80661e-05
 6.50697e-05
 4.86803e-05
 4.11549e-05
 4.92640e-05
 6.51728e-05
 1.21249e-04
 2.92041e-04
 7.57217e-04
 1.94112e-03
 4.73148e-03
 1.06326e-02
 2.12173e-02
 3.54938e-02
 4.51058e-02
 4.14324e-02
 3.06302e-02
 1.88473e-02
 9.83976e-03
 4.49935e-03
 1.88485e-03
 7.51422e-04
 2.91177e-04
 1.10665e-04
 4.13810e-05
 1.52342e-05
 5.52047e-06
 1.96818e-06
 6.90029e-07
 2.37789e-07
 8.05174e-08
 2.67873e-08
 8.77264e-09
 2.88915e-09
 1.15717e-09
 0.00000e+00
 0.00000e+00
 0.00000e+00
 0.00000e+00
 0.00000e+00
 0.00000e+00
 0.00000e+00
 0.00000e+00
 0.00000e+00
 0.00000e+00
 0.00000e+00
 0.00000e+00
 0.00000e+00
 0.00000e+00
 0.00000e+00
 0.00000e+00
 0.00000e+00
 0.00000e+00
 0.00000e+00
 0.00000e+00
 0.00000e+00
 0.00000e+00
 0.00000e+00
 0.00000e+00
 0.00000e+00
 0.00000e+00
 0.00000e+00
 0.00000e+00
 0.00000e+00
 0.00000e+00
 0.00000e+00
 0.00000e+00
 0.00000e+00
 0.00000e+00
 0.00000e+00
 0.00000e+00
 0.00000e+00
 0.00000e+00
 0.00000e+00
 0.00000e+00
 0.00000e+00
 0.00000e+00
 0.00000e+00
 0.00000e+00
 0.00000e+00
 0.00000e+00
 0.00000e+00
 0.00000e+00
 0.00000e+00
 3.36395e-06
 2.74863e-05
 4.88417e-05
 6.60324e-05
 8.24197e-05
 9.92943e-05
 1.13074e-04
 1.21110e-04
 1.24893e-04
 1.26262e-04
 1.26015e-04
 1.22296e-04
 1.14976e-04
 1.05937e-04
 9.66837e-05
 8.78125e-05
 7.80661e-05
 6.50697e-05
 4.86803e-05
 4.11549e-05
 4.92640e-05
 6.51728e-05
 1.21249e-04
 2.92041e-04
 7.57217e-04
 1.94112e-03
 4.73148e-03
 1.06326e-02
 2.12173e-02
 3.54938e-02
 4.51058e-02
 4.14324e-02
 3.06302e-02
 1.88473e-02
 9.83976e-03
 4.49935e-03
 1.88485e-03
 7.51422e-04
 2.91177e-04
 1.10665e-04
 4.13810e-05
 1.52342e-05
 5.52047e-06
 1.96818e-06
 6.90029e-07
 2.37789e-07
 8.05174e-08
 2.67873e-08
 8.77267e-09
 2.88921e-09
 1.15716e-09
 0.00000e+00
 0.00000e+00
 0.00000e+00
 0.00000e+00
 0.00000e+00
 0.00000e+00
 0.00000e+00
 0.00000e+00
 0.00000e+00
 0.00000e+00
 0.00000e+00
 0.00000e+00
 0.00000e+00
 0.00000e+00
 0.00000e+00
 0.00000e+00
 0.00000e+00
 0.00000e+00
 0.00000e+00
 0.00000e+00
 0.00000e+00
 0.00000e+00
 0.00000e+00
 0.00000e+00
 0.00000e+00
 0.00000e+00
 0.00000e+00
 0.00000e+00
 0.00000e+00
 0.00000e+00
 0.00000e+00
 0.00000e+00
 0.00000e+00
 0.00000e+00
 0.00000e+00
 0.00000e+00
 0.00000e+00
 0.00000e+00
 0.00000e+00
 0.00000e+00
 0.00000e+00
 0.00000e+00
 0.00000e+00
 0.00000e+00
 0.00000e+00
 0.00000e+00
 0.00000e+00
 0.00000e+00
 0.00000e+00
 3.36395e-06
 2.74863e-05
 4.88417e-05
 6.60324e-05
 8.24197e-05
 9.92943e-05
 1.13074e-04
 1.21110e-04
 1.24893e-04
 1.26262e-04
 1.26015e-04
 1.22296e-04
 1.14976e-04
 1.05937e-04
 9.66837e-05
 8.78125e-05
 7.80661e-05
 6.50697e-05
 4.86803e-05
 4.11549e-05
 4.92640e-05
 6.51728e-05
 1.21249e-04
 2.92041e-04
 7.57217e-04
 1.94112e-03
 4.73148e-03
 1.06326e-02
 2.12173e-02
 3.54938e-02
 4.51058e-02
 4.14324e-02
 3.06302e-02
 1.88473e-02
 9.83976e-03
 4.49935e-03
 1.88485e-03
 7.51422e-04
 2.91177e-04
 1.10665e-04
 4.13810e-05
 1.52342e-05
 5.52047e-06
 1.96818e-06
 6.90029e-07
 2.37789e-07
 8.05175e-08
 2.67873e-08
 8.77267e-09
 2.88911e-09
 1.15723e-09
 0.00000e+00
 0.00000e+00
 1.67761e-48
 0.00000e+00
 0.00000e+00
 0.00000e+00
 0.00000e+00
 0.00000e+00
 0.00000e+00
 0.00000e+00
 0.00000e+00
 0.00000e+00
 0.00000e+00
 0.00000e+00
 0.00000e+00
 0.00000e+00
 0.00000e+00
 0.00000e+00
 0.00000e+00
 0.00000e+00
 0.00000e+00
 0.00000e+00
 0.00000e+00
 0.00000e+00
 0.00000e+00
 0.00000e+00
 0.00000e+00
 0.00000e+00
 0.00000e+00
 0.00000e+00
 0.00000e+00
 0.00000e+00
 0.00000e+00
 0.00000e+00
 0.00000e+00
 0.00000e+00
 0.00000e+00
 0.00000e+00
 0.00000e+00
 0.00000e+00
 0.00000e+00
 0.00000e+00
 0.00000e+00
 0.00000e+00
 0.00000e+00
 0.00000e+00
 0.00000e+00
 0.00000e+00
 0.00000e+00
 3.36395e-06
 2.74863e-05
 4.88417e-05
 6.60324e-05
 8.24197e-05
 9.92943e-05
 1.13074e-04
 1.21110e-04
 1.24893e-04
 1.26262e-04
 1.26015e-04
 1.22296e-04
 1.14976e-04
 1.05937e-04
 9.66837e-05
 8.78125e-05
 7.80661e-05
 6.50697e-05
 4.86803e-05
 4.11549e-05
 4.92640e-05
 6.51728e-05
 1.21249e-04
 2.92041e-04
 7.57217e-04
 1.94112e-03
 4.73148e-03
 1.06326e-02
 2.12173e-02
 3.54938e-02
 4.51058e-02
 4.14324e-02
 3.06302e-02
 1.88473e-02
 9.83976e-03
 4.49935e-03
 1.88485e-03
 7.51422e-04
 2.91177e-04
 1.10665e-04
 4.13810e-05
 1.52342e-05
 5.52047e-06
 1.96818e-06
 6.90029e-07
 2.37789e-07
 8.05174e-08
 2.67874e-08
 8.77264e-09
 2.88902e-09
 1.15722e-09
 0.00000e+00
 0.00000e+00
 0.00000e+00
 0.00000e+00
 0.00000e+00
 0.00000e+00
 0.00000e+00
 0.00000e+00
 0.00000e+00
 0.00000e+00
 0.00000e+00
 0.00000e+00
 0.00000e+00
 0.00000e+00
 0.00000e+00
 0.00000e+00
 0.00000e+00
 0.00000e+00
 0.00000e+00
 0.00000e+00
 0.00000e+00
 0.00000e+00
 0.00000e+00
 0.00000e+00
 0.00000e+00
 0.00000e+00
 0.00000e+00
 0.00000e+00
 0.00000e+00
 0.00000e+00
 0.00000e+00
 0.00000e+00
 0.00000e+00
 0.00000e+00
 0.00000e+00
 0.00000e+00
 0.00000e+00
 0.00000e+00
 0.00000e+00
 0.00000e+00
 0.00000e+00
 0.00000e+00
 0.00000e+00
 0.00000e+00
 0.00000e+00
 0.00000e+00
 0.00000e+00
 0.00000e+00
 0.00000e+00
 3.36395e-06
 2.74863e-05
 4.88417e-05
 6.60324e-05
 8.24197e-05
 9.92943e-05
 1.13074e-04
 1.21110e-04
 1.24893e-04
 1.26262e-04
 1.26015e-04
 1.22296e-04
 1.14976e-04
 1.05937e-04
 9.66837e-05
 8.78125e-05
 7.80661e-05
 6.50697e-05
 4.86803e-05
 4.11549e-05
 4.92640e-05
 6.51728e-05
 1.21249e-04
 2.92041e-04
 7.57217e-04
 1.94112e-03
 4.73148e-03
 1.06326e-02
 2.12173e-02
 3.54938e-02
 4.51058e-02
 4.14324e-02
 3.06302e-02
 1.88473e-02
 9.83976e-03
 4.49935e-03
 1.88485e-03
 7.51422e-04
 2.91177e-04
 1.10665e-04
 4.13810e-05
 1.52342e-05
 5.52047e-06
 1.96818e-06
 6.90029e-07
 2.37789e-07
 8.05175e-08
 2.67873e-08
 8.77263e-09
 2.88905e-09
 1.15718e-09
 0.00000e+00
 0.00000e+00
 0.00000e+00
 0.00000e+00
 0.00000e+00
 0.00000e+00
 0.00000e+00
 0.00000e+00
 0.00000e+00
 0.00000e+00
 0.00000e+00
 0.00000e+00
 0.00000e+00
 0.00000e+00
 0.00000e+00
 0.00000e+00
 0.00000e+00
 0.00000e+00
 0.00000e+00
 0.00000e+00
 0.00000e+00
 0.00000e+00
 0.00000e+00
 0.00000e+00
 0.00000e+00
 0.00000e+00
 0.00000e+00
 0.00000e+00
 0.00000e+00
 0.00000e+00
 0.00000e+00
 0.00000e+00
 0.00000e+00
 0.00000e+00
 0.00000e+00
 0.00000e+00
 0.00000e+00
 0.00000e+00
 0.00000e+00
 0.00000e+00
 0.00000e+00
 0.00000e+00
 0.00000e+00
 0.00000e+00
 0.00000e+00
 0.00000e+00
 0.00000e+00
 0.00000e+00
 0.00000e+00
 3.36395e-06
 2.74863e-05
 4.88417e-05
 6.60324e-05
 8.24197e-05
 9.92943e-05
 1.13074e-04
 1.21110e-04
 1.24893e-04
 1.26262e-04
 1.26015e-04
 1.22296e-04
 1.14976e-04
 1.05937e-04
 9.66837e-05
 8.78125e-05
 7.80661e-05
 6.50697e-05
 4.86803e-05
 4.11549e-05
 4.92640e-05
 6.51728e-05
 1.21249e-04
 2.92041e-04
 7.57217e-04
 1.94112e-03
 4.73148e-03
 1.06326e-02
 2.12173e-02
 3.54938e-02
 4.51058e-02
 4.14324e-02
 3.06302e-02
 1.88473e-02
 9.83976e-03
 4.49935e-03
 1.88485e-03
 7.51422e-04
 2.91177e-04
 1.10665e-04
 4.13810e-05
 1.52342e-05
 5.52047e-06
 1.96818e-06
 6.90029e-07
 2.37789e-07
 8.05174e-08
 2.67873e-08
 8.77262e-09
 2.88912e-09
 1.15711e-09
 0.00000e+00
 0.00000e+00
 0.00000e+00
 0.00000e+00
 0.00000e+00
 0.00000e+00
 0.00000e+00
 0.00000e+00
 0.00000e+00
 0.00000e+00
 0.00000e+00
 0.00000e+00
 0.00000e+00
 0.00000e+00
 0.00000e+00
 0.00000e+00
 0.00000e+00
 0.00000e+00
 0.00000e+00
 0.00000e+00
 0.00000e+00
 0.00000e+00
 0.00000e+00
 0.00000e+00
 0.00000e+00
 0.00000e+00
 0.00000e+00
 0.00000e+00
 0.00000e+00
 0.00000e+00
 0.00000e+00
 0.00000e+00
 0.00000e+00
 0.00000e+00
 0.00000e+00
 0.00000e+00
 0.00000e+00
 0.00000e+00
 0.00000e+00
 0.00000e+00
 0.00000e+00
 0.00000e+00
 0.00000e+00
 0.00000e+00
 0.00000e+00
 0.00000e+00
 0.00000e+00
 0.00000e+00
 0.00000e+00
 3.36395e-06
 2.74863e-05
 4.88417e-05
 6.60324e-05
 8.24197e-05
 9.92943e-05
 1.13074e-04
 1.21110e-04
 1.24893e-04
 1.26262e-04
 1.26015e-04
 1.22296e-04
 1.14976e-04
 1.05937e-04
 9.66837e-05
 8.78125e-05
 7.80661e-05
 6.50697e-05
 4.86803e-05
 4.11549e-05
 4.92640e-05
 6.51728e-05
 1.21249e-04
 2.92041e-04
 7.57217e-04
 1.94112e-03
 4.73148e-03
 1.06326e-02
 2.12173e-02
 3.54938e-02
 4.51058e-02
 4.14324e-02
 3.06302e-02
 1.88473e-02
 9.83976e-03
 4.49935e-03
 1.88485e-03
 7.51422e-04
 2.91177e-04
 1.10665e-04
 4.13810e-05
 1.52342e-05
 5.52047e-06
 1.96818e-06
 6.90029e-07
 2.37789e-07
 8.05174e-08
 2.67873e-08
 8.77268e-09
 2.88909e-09
 1.15718e-09
 0.00000e+00
 0.00000e+00
 0.00000e+00
 0.00000e+00
 0.00000e+00
 0.00000e+00
 0.00000e+00
 0.00000e+00
 0.00000e+00
 0.00000e+00
 0.00000e+00
 0.00000e+00
 0.00000e+00
 0.00000e+00
 0.00000e+00
 0.00000e+00
 0.00000e+00
 0.00000e+00
 0.00000e+00
 0.00000e+00
 0.00000e+00
 0.00000e+00
 0.00000e+00
 0.00000e+00
 0.00000e+00
 0.00000e+00
 0.00000e+00
 0.00000e+00
 0.00000e+00
 0.00000e+00
 0.00000e+00
 0.00000e+00
 0.00000e+00
 0.00000e+00
 0.00000e+00
 0.00000e+00
 0.00000e+00
 0.00000e+00
 0.00000e+00
 0.00000e+00
 0.00000e+00
 0.00000e+00
 0.00000e+00
 0.00000e+00
 0.00000e+00
 0.00000e+00
 0.00000e+00
 0.00000e+00
 0.00000e+00
 3.36395e-06
 2.74863e-05
 4.88417e-05
 6.60324e-05
 8.24197e-05
 9.92943e-05
 1.13074e-04
 1.21110e-04
 1.24893e-04
 1.26262e-04
 1.26015e-04
 1.22296e-04
 1.14976e-04
 1.05937e-04
 9.66837e-05
 8.78125e-05
 7.80661e-05
 6.50697e-05
 4.86803e-05
 4.11549e-05
 4.92640e-05
 6.51728e-05
 1.21249e-04
 2.92041e-04
 7.57217e-04
 1.94112e-03
 4.73148e-03
 1.06326e-02
 2.12173e-02
 3.54938e-02
 4.51058e-02
 4.14324e-02
 3.06302e-02
 1.88473e-02
 9.83976e-03
 4.49935e-03
 1.88485e-03
 7.51422e-04
 2.91177e-04
 1.10665e-04
 4.13810e-05
 1.52342e-05
 5.52047e-06
 1.96818e-06
 6.90029e-07
 2.37789e-07
 8.05175e-08
 2.67873e-08
 8.77259e-09
 2.88902e-09
 1.15723e-09
 4.39396e-63
 1.26888e-46
 4.15775e-31
 1.94243e-47
 0.00000e+00
 0.00000e+00
 0.00000e+00
 0.00000e+00
 0.00000e+00
 0.00000e+00
 0.00000e+00
 0.00000e+00
 0.00000e+00
 0.00000e+00
 0.00000e+00
 0.00000e+00
 0.00000e+00
 0.00000e+00
 0.00000e+00
 0.00000e+00
 0.00000e+00
 0.00000e+00
 0.00000e+00
 0.00000e+00
 0.00000e+00
 0.00000e+00
 0.00000e+00
 0.00000e+00
 0.00000e+00
 0.00000e+00
 0.00000e+00
 0.00000e+00
 0.00000e+00
 0.00000e+00
 0.00000e+00
 0.00000e+00
 0.00000e+00
 0.00000e+00
 0.00000e+00
 0.00000e+00
 0.00000e+00
 0.00000e+00
 0.00000e+00
 0.00000e+00
 0.00000e+00
 0.00000e+00
 0.00000e+00
 0.00000e+00
 0.00000e+00
 3.36395e-06
 2.74863e-05
 4.88417e-05
 6.60324e-05
 8.24197e-05
 9.92943e-05
 1.13074e-04
 1.21110e-04
 1.24893e-04
 1.26262e-04
 1.26015e-04
 1.22296e-04
 1.14976e-04
 1.05937e-04
 9.66837e-05
 8.78125e-05
 7.80661e-05
 6.50697e-05
 4.86803e-05
 4.11549e-05
 4.92640e-05
 6.51728e-05
 1.21249e-04
 2.92041e-04
 7.57217e-04
 1.94112e-03
 4.73148e-03
 1.06326e-02
 2.12173e-02
 3.54938e-02
 4.51058e-02
 4.14324e-02
 3.06302e-02
 1.88473e-02
 9.83976e-03
 4.49935e-03
 1.88485e-03
 7.51422e-04
 2.91177e-04
 1.10665e-04
 4.13810e-05
 1.52342e-05
 5.52047e-06
 1.96818e-06
 6.90029e-07
 2.37789e-07
 8.05174e-08
 2.67874e-08
 8.77264e-09
 2.88908e-09
 1.15721e-09
 2.19568e-46
 4.90154e-30
 2.08526e-14
 1.58017e-30
 0.00000e+00
 0.00000e+00
 0.00000e+00
 0.00000e+00
 0.00000e+00
 0.00000e+00
 0.00000e+00
 0.00000e+00
 0.00000e+00
 0.00000e+00
 0.00000e+00
 0.00000e+00
 0.00000e+00
 0.00000e+00
 0.00000e+00
 0.00000e+00
 0.00000e+00
 0.00000e+00
 0.00000e+00
 0.00000e+00
 0.00000e+00
 0.00000e+00
 0.00000e+00
 0.00000e+00
 0.00000e+00
 0.00000e+00
 0.00000e+00
 0.00000e+00
 0.00000e+00
 0.00000e+00
 0.00000e+00
 0.00000e+00
 0.00000e+00
 0.00000e+00
 0.00000e+00
 0.00000e+00
 0.00000e+00
 0.00000e+00
 0.00000e+00
 0.00000e+00
 0.00000e+00
 0.00000e+00
 0.00000e+00
 0.00000e+00
 0.00000e+00
 3.36395e-06
 2.74863e-05
 4.88417e-05
 6.60324e-05
 8.24197e-05
 9.92943e-05
 1.13074e-04
 1.21110e-04
 1.24893e-04
 1.26262e-04
 1.26015e-04
 1.22296e-04
 1.14976e-04
 1.05937e-04
 9.66837e-05
 8.78125e-05
 7.80661e-05
 6.50697e-05
 4.86803e-05
 4.11549e-05
 4.92640e-05
 6.51728e-05
 1.21249e-04
 2.92041e-04
 7.57217e-04
 1.94112e-03
 4.73148e-03
 1.06326e-02
 2.12173e-02
 3.54938e-02
 4.51058e-02
 4.14324e-02
 3.06302e-02
 1.88473e-02
 9.83976e-03
 4.49935e-03
 1.88485e-03
 7.51422e-04
 2.91177e-04
 1.10665e-04
 4.13810e-05
 1.52342e-05
 5.52047e-06
 1.96818e-06
 6.90029e-07
 2.37789e-07
 8.05175e-08
 2.67873e-08
 8.77265e-09
 2.88911e-09
 1.15717e-09
 0.00000e+00
 0.00000e+00
 0.00000e+00
 0.00000e+00
 0.00000e+00
 0.00000e+00
 0.00000e+00
 0.00000e+00
 0.00000e+00
 0.00000e+00
 0.00000e+00
 0.00000e+00
 0.00000e+00
 0.00000e+00
 0.00000e+00
 0.00000e+00
 0.00000e+00
 0.00000e+00
 0.00000e+00
 0.00000e+00
 0.00000e+00
 0.00000e+00
 0.00000e+00
 0.00000e+00
 0.00000e+00
 0.00000e+00
 0.00000e+00
 0.00000e+00
 0.00000e+00
 0.00000e+00
 0.00000e+00
 0.00000e+00
 0.00000e+00
 0.00000e+00
 0.00000e+00
 0.00000e+00
 0.00000e+00
 0.00000e+00
 0.00000e+00
 0.00000e+00
 0.00000e+00
 0.00000e+00
 0.00000e+00
 0.00000e+00
 0.00000e+00
 0.00000e+00
 0.00000e+00
 0.00000e+00
 0.00000e+00
 3.36395e-06
 2.74863e-05
 4.88417e-05
 6.60324e-05
 8.24197e-05
 9.92943e-05
 1.13074e-04
 1.21110e-04
 1.24893e-04
 1.26262e-04
 1.26015e-04
 1.22296e-04
 1.14976e-04
 1.05937e-04
 9.66837e-05
 8.78125e-05
 7.80661e-05
 6.50697e-05
 4.86803e-05
 4.11549e-05
 4.92640e-05
 6.51728e-05
 1.21249e-04
 2.92041e-04
 7.57217e-04
 1.94112e-03
 4.73148e-03
 1.06326e-02
 2.12173e-02
 3.54938e-02
 4.51058e-02
 4.14324e-02
 3.06302e-02
 1.88473e-02
 9.83976e-03
 4.49935e-03
 1.88485e-03
 7.51422e-04
 2.91177e-04
 1.10665e-04
 4.13810e-05
 1.52342e-05
 5.52047e-06
 1.96818e-06
 6.90029e-07
 2.37789e-07
 8.05174e-08
 2.67873e-08
 8.77270e-09
 2.88909e-09
 1.15721e-09
 0.00000e+00
 0.00000e+00
 0.00000e+00
 0.00000e+00
 0.00000e+00
 0.00000e+00
 0.00000e+00
 0.00000e+00
 0.00000e+00
 0.00000e+00
 0.00000e+00
 0.00000e+00
 0.00000e+00
 0.00000e+00
 0.00000e+00
 0.00000e+00
 0.00000e+00
 0.00000e+00
 0.00000e+00
 0.00000e+00
 0.00000e+00
 0.00000e+00
 0.00000e+00
 0.00000e+00
 0.00000e+00
 0.00000e+00
 0.00000e+00
 0.00000e+00
 0.00000e+00
 0.00000e+00
 0.00000e+00
 0.00000e+00
 0.00000e+00
 0.00000e+00
 0.00000e+00
 0.00000e+00
 0.00000e+00
 0.00000e+00
 0.00000e+00
 0.00000e+00
 0.00000e+00
 0.00000e+00
 0.00000e+00
 0.00000e+00
 0.00000e+00
 0.00000e+00
 0.00000e+00
 0.00000e+00
 0.00000e+00
 3.36395e-06
 2.74863e-05
 4.88417e-05
 6.60324e-05
 8.24197e-05
 9.92943e-05
 1.13074e-04
 1.21110e-04
 1.24893e-04
 1.26262e-04
 1.26015e-04
 1.22296e-04
 1.14976e-04
 1.05937e-04
 9.66837e-05
 8.78125e-05
 7.80661e-05
 6.50697e-05
 4.86803e-05
 4.11549e-05
 4.92640e-05
 6.51728e-05
 1.21249e-04
 2.92041e-04
 7.57217e-04
 1.94112e-03
 4.73148e-03
 1.06326e-02
 2.12173e-02
 3.54938e-02
 4.51058e-02
 4.14324e-02
 3.06302e-02
 1.88473e-02
 9.83976e-03
 4.49935e-03
 1.88485e-03
 7.51422e-04
 2.91177e-04
 1.10665e-04
 4.13810e-05
 1.52342e-05
 5.52047e-06
 1.96818e-06
 6.90029e-07
 2.37789e-07
 8.05174e-08
 2.67873e-08
 8.77264e-09
 2.88913e-09
 1.15715e-09
 0.00000e+00
 0.00000e+00
 0.00000e+00
 3.31353e-48
 2.51464e-64
 0.00000e+00
 0.00000e+00
 0.00000e+00
 0.00000e+00
 0.00000e+00
 0.00000e+00
 0.00000e+00
 0.00000e+00
 0.00000e+00
 0.00000e+00
 0.00000e+00
 0.00000e+00
 0.00000e+00
 0.00000e+00
 0.00000e+00
 0.00000e+00
 0.00000e+00
 0.00000e+00
 0.00000e+00
 0.00000e+00
 0.00000e+00
 0.00000e+00
 0.00000e+00
 0.00000e+00
 0.00000e+00
 0.00000e+00
 0.00000e+00
 0.00000e+00
 0.00000e+00
 0.00000e+00
 0.00000e+00
 0.00000e+00
 0.00000e+00
 0.00000e+00
 0.00000e+00
 0.00000e+00
 0.00000e+00
 0.00000e+00
 0.00000e+00
 0.00000e+00
 0.00000e+00
 0.00000e+00
 0.00000e+00
 0.00000e+00
 3.36395e-06
 2.74863e-05
 4.88417e-05
 6.60324e-05
 8.24197e-05
 9.92943e-05
 1.13074e-04
 1.21110e-04
 1.24893e-04
 1.26262e-04
 1.26015e-04
 1.22296e-04
 1.14976e-04
 1.05937e-04
 9.66837e-05
 8.78125e-05
 7.80661e-05
 6.50697e-05
 4.86803e-05
 4.11549e-05
 4.92640e-05
 6.51728e-05
 1.21249e-04
 2.92041e-04
 7.57217e-04
 1.94112e-03
 4.73148e-03
 1.06326e-02
 2.12173e-02
 3.54938e-02
 4.51058e-02
 4.14324e-02
 3.06302e-02
 1.88473e-02
 9.83976e-03
 4.49935e-03
 1.88485e-03
 7.51422e-04
 2.91177e-04
 1.10665e-04
 4.13810e-05
 1.52342e-05
 5.52047e-06
 1.96818e-06
 6.90030e-07
 2.37789e-07
 8.05174e-08
 2.67874e-08
 8.77273e-09
 2.88909e-09
 1.15716e-09
 7.67331e-46
 3.11602e-30
 3.35976e-46
 7.63337e-31
 9.80206e-47
 0.00000e+00
 0.00000e+00
 0.00000e+00
 0.00000e+00
 0.00000e+00
 0.00000e+00
 0.00000e+00
 0.00000e+00
 0.00000e+00
 0.00000e+00
 0.00000e+00
 0.00000e+00
 0.00000e+00
 0.00000e+00
 0.00000e+00
 0.00000e+00
 0.00000e+00
 0.00000e+00
 0.00000e+00
 0.00000e+00
 0.00000e+00
 0.00000e+00
 0.00000e+00
 0.00000e+00
 0.00000e+00
 0.00000e+00
 0.00000e+00
 0.00000e+00
 0.00000e+00
 0.00000e+00
 0.00000e+00
 0.00000e+00
 0.00000e+00
 0.00000e+00
 0.00000e+00
 0.00000e+00
 0.00000e+00
 0.00000e+00
 0.00000e+00
 0.00000e+00
 0.00000e+00
 0.00000e+00
 0.00000e+00
 0.00000e+00
 3.36395e-06
 2.74863e-05
 4.88417e-05
 6.60324e-05
 8.24197e-05
 9.92943e-05
 1.13074e-04
 1.21110e-04
 1.24893e-04
 1.26262e-04
 1.26015e-04
 1.22296e-04
 1.14976e-04
 1.05937e-04
 9.66837e-05
 8.78125e-05
 7.80661e-05
 6.50697e-05
 4.86803e-05
 4.11549e-05
 4.92640e-05
 6.51728e-05
 1.21249e-04
 2.92041e-04
 7.57217e-04
 1.94112e-03
 4.73148e-03
 1.06326e-02
 2.12173e-02
 3.54938e-02
 4.51058e-02
 4.14324e-02
 3.06302e-02
 1.88473e-02
 9.83976e-03
 4.49935e-03
 1.88485e-03
 7.51422e-04
 2.91177e-04
 1.10665e-04
 4.13810e-05
 1.52342e-05
 5.52047e-06
 1.96818e-06
 6.90030e-07
 2.37789e-07
 8.05175e-08
 2.67872e-08
 8.77272e-09
 2.88912e-09
 1.15717e-09
 1.27890e-29
 4.17053e-14
 6.07703e-30
 1.99565e-30
 1.92088e-30
 2.06360e-47
 0.00000e+00
 0.00000e+00
 0.00000e+00
 0.00000e+00
 0.00000e+00
 0.00000e+00
 0.00000e+00
 0.00000e+00
 0.00000e+00
 0.00000e+00
 0.00000e+00
 0.00000e+00
 0.00000e+00
 0.00000e+00
 0.00000e+00
 0.00000e+00
 0.00000e+00
 0.00000e+00
 0.00000e+00
 0.00000e+00
 0.00000e+00
 0.00000e+00
 0.00000e+00
 0.00000e+00
 0.00000e+00
 0.00000e+00
 0.00000e+00
 0.00000e+00
 0.00000e+00
 0.00000e+00
 0.00000e+00
 0.00000e+00
 0.00000e+00
 0.00000e+00
 0.00000e+00
 0.00000e+00
 0.00000e+00
 0.00000e+00
 0.00000e+00
 0.00000e+00
 0.00000e+00
 0.00000e+00
 0.00000e+00
 3.36395e-06
 2.74863e-05
 4.88417e-05
 6.60324e-05
 8.24197e-05
 9.92943e-05
 1.13074e-04
 1.21110e-04
 1.24893e-04
 1.26262e-04
 1.26015e-04
 1.22296e-04
 1.14976e-04
 1.05937e-04
 9.66837e-05
 8.78125e-05
 7.80661e-05
 6.50697e-05
 4.86803e-05
 4.11549e-05
 4.92640e-05
 6.51728e-05
 1.21249e-04
 2.92041e-04
 7.57217e-04
 1.94112e-03
 4.73148e-03
 1.06326e-02
 2.12173e-02
 3.54938e-02
 4.51058e-02
 4.14324e-02
 3.06302e-02
 1.88473e-02
 9.83976e-03
 4.49935e-03
 1.88485e-03
 7.51422e-04
 2.91177e-04
 1.10665e-04
 4.13810e-05
 1.52342e-05
 5.52047e-06
 1.96818e-06
 6.90029e-07
 2.37789e-07
 8.05174e-08
 2.67873e-08
 8.77269e-09
 2.88912e-09
 1.15718e-09
 0.00000e+00
 0.00000e+00
 0.00000e+00
 0.00000e+00
 0.00000e+00
 0.00000e+00
 0.00000e+00
 0.00000e+00
 0.00000e+00
 0.00000e+00
 0.00000e+00
 0.00000e+00
 0.00000e+00
 0.00000e+00
 0.00000e+00
 0.00000e+00
 0.00000e+00
 0.00000e+00
 0.00000e+00
 0.00000e+00
 0.00000e+00
 0.00000e+00
 0.00000e+00
 0.00000e+00
 0.00000e+00
 0.00000e+00
 0.00000e+00
 0.00000e+00
 0.00000e+00
 0.00000e+00
 0.00000e+00
 0.00000e+00
 0.00000e+00
 0.00000e+00
 0.00000e+00
 0.00000e+00
 0.00000e+00
 0.00000e+00
 0.00000e+00
 0.00000e+00
 0.00000e+00
 0.00000e+00
 0.00000e+00
 0.00000e+00
 0.00000e+00
 0.00000e+00
 0.00000e+00
 0.00000e+00
 0.00000e+00
 3.36395e-06
 2.74863e-05
 4.88417e-05
 6.60324e-05
 8.24197e-05
 9.92943e-05
 1.13074e-04
 1.21110e-04
 1.24893e-04
 1.26262e-04
 1.26015e-04
 1.22296e-04
 1.14976e-04
 1.05937e-04
 9.66837e-05
 8.78125e-05
 7.80661e-05
 6.50697e-05
 4.86803e-05
 4.11549e-05
 4.92640e-05
 6.51728e-05
 1.21249e-04
 2.92041e-04
 7.57217e-04
 1.94112e-03
 4.73148e-03
 1.06326e-02
 2.12173e-02
 3.54938e-02
 4.51058e-02
 4.14324e-02
 3.06302e-02
 1.88473e-02
 9.83976e-03
 4.49935e-03
 1.88485e-03
 7.51422e-04
 2.91177e-04
 1.10665e-04
 4.13810e-05
 1.52342e-05
 5.52047e-06
 1.96818e-06
 6.90029e-07
 2.37789e-07
 8.05175e-08
 2.67873e-08
 8.77264e-09
 2.88914e-09
 1.15716e-09
 0.00000e+00
 0.00000e+00
 0.00000e+00
 0.00000e+00
 0.00000e+00
 0.00000e+00
 0.00000e+00
 0.00000e+00
 0.00000e+00
 0.00000e+00
 0.00000e+00
 0.00000e+00
 0.00000e+00
 0.00000e+00
 0.00000e+00
 0.00000e+00
 0.00000e+00
 0.00000e+00
 0.00000e+00
 0.00000e+00
 0.00000e+00
 0.00000e+00
 0.00000e+00
 0.00000e+00
 0.00000e+00
 0.00000e+00
 0.00000e+00
 0.00000e+00
 0.00000e+00
 0.00000e+00
 0.00000e+00
 0.00000e+00
 0.00000e+00
 0.00000e+00
 0.00000e+00
 0.00000e+00
 0.00000e+00
 0.00000e+00
 0.00000e+00
 0.00000e+00
 0.00000e+00
 0.00000e+00
 0.00000e+00
 0.00000e+00
 0.00000e+00
 0.00000e+00
 0.00000e+00
 0.00000e+00
 0.00000e+00
 3.36395e-06
 2.74863e-05
 4.88417e-05
 6.60324e-05
 8.24197e-05
 9.92943e-05
 1.13074e-04
 1.21110e-04
 1.24893e-04
 1.26262e-04
 1.26015e-04
 1.22296e-04
 1.14976e-04
 1.05937e-04
 9.66837e-05
 8.78125e-05
 7.80661e-05
 6.50697e-05
 4.86803e-05
 4.11549e-05
 4.92640e-05
 6.51728e-05
 1.21249e-04
 2.92041e-04
 7.57217e-04
 1.94112e-03
 4.73148e-03
 1.06326e-02
 2.12173e-02
 3.54938e-02
 4.51058e-02
 4.14324e-02
 3.06302e-02
 1.88473e-02
 9.83976e-03
 4.49935e-03
 1.88485e-03
 7.51422e-04
 2.91177e-04
 1.10665e-04
 4.13810e-05
 1.52342e-05
 5.52047e-06
 1.96818e-06
 6.90029e-07
 2.37789e-07
 8.05175e-08
 2.67873e-08
 8.77267e-09
 2.88911e-09
 1.15717e-09
 0.00000e+00
 0.00000e+00
 0.00000e+00
 4.38696e-31
 2.01353e-47
 0.00000e+00
 0.00000e+00
 0.00000e+00
 0.00000e+00
 0.00000e+00
 0.00000e+00
 0.00000e+00
 0.00000e+00
 0.00000e+00
 0.00000e+00
 0.00000e+00
 0.00000e+00
 0.00000e+00
 0.00000e+00
 0.00000e+00
 0.00000e+00
 0.00000e+00
 0.00000e+00
 0.00000e+00
 0.00000e+00
 0.00000e+00
 0.00000e+00
 0.00000e+00
 0.00000e+00
 0.00000e+00
 0.00000e+00
 0.00000e+00
 0.00000e+00
 0.00000e+00
 0.00000e+00
 0.00000e+00
 0.00000e+00
 0.00000e+00
 0.00000e+00
 0.00000e+00
 0.00000e+00
 0.00000e+00
 0.00000e+00
 0.00000e+00
 0.00000e+00
 0.00000e+00
 0.00000e+00
 0.00000e+00
 0.00000e+00
 3.36395e-06
 2.74863e-05
 4.88417e-05
 6.60324e-05
 8.24197e-05
 9.92943e-05
 1.13074e-04
 1.21110e-04
 1.24893e-04
 1.26262e-04
 1.26015e-04
 1.22296e-04
 1.14976e-04
 1.05937e-04
 9.66837e-05
 8.78125e-05
 7.80661e-05
 6.50697e-05
 4.86803e-05
 4.11549e-05
 4.92640e-05
 6.51728e-05
 1.21249e-04
 2.92041e-04
 7.57217e-04
 1.94112e-03
 4.73148e-03
 1.06326e-02
 2.12173e-02
 3.54938e-02
 4.51058e-02
 4.14324e-02
 3.06302e-02
 1.88473e-02
 9.83976e-03
 4.49935e-03
 1.88485e-03
 7.51422e-04
 2.91177e-04
 1.10665e-04
 4.13810e-05
 1.52342e-05
 5.52047e-06
 1.96818e-06
 6.90029e-07
 2.37789e-07
 8.05175e-08
 2.67872e-08
 8.77266e-09
 2.88914e-09
 1.15722e-09
 5.15496e-30
 3.33203e-30
 1.16827e-30
 2.08526e-14
 3.48104e-30
 0.00000e+00
 0.00000e+00
 0.00000e+00
 0.00000e+00
 0.00000e+00
 0.00000e+00
 0.00000e+00
 0.00000e+00
 0.00000e+00
 0.00000e+00
 0.00000e+00
 0.00000e+00
 0.00000e+00
 0.00000e+00
 0.00000e+00
 0.00000e+00
 0.00000e+00
 0.00000e+00
 0.00000e+00
 0.00000e+00
 0.00000e+00
 0.00000e+00
 0.00000e+00
 0.00000e+00
 0.00000e+00
 0.00000e+00
 0.00000e+00
 0.00000e+00
 0.00000e+00
 0.00000e+00
 0.00000e+00
 0.00000e+00
 0.00000e+00
 0.00000e+00
 0.00000e+00
 0.00000e+00
 0.00000e+00
 0.00000e+00
 0.00000e+00
 0.00000e+00
 0.00000e+00
 0.00000e+00
 0.00000e+00
 0.00000e+00
 3.36395e-06
 2.74863e-05
 4.88417e-05
 6.60324e-05
 8.24197e-05
 9.92943e-05
 1.13074e-04
 1.21110e-04
 1.24893e-04
 1.26262e-04
 1.26015e-04
 1.22296e-04
 1.14976e-04
 1.05937e-04
 9.66837e-05
 8.78125e-05
 7.80661e-05
 6.50697e-05
 4.86803e-05
 4.11549e-05
 4.92640e-05
 6.51728e-05
 1.21249e-04
 2.92041e-04
 7.57217e-04
 1.94112e-03
 4.73148e-03
 1.06326e-02
 2.12173e-02
 3.54938e-02
 4.51058e-02
 4.14324e-02
 3.06302e-02
 1.88473e-02
 9.83976e-03
 4.49935e-03
 1.88485e-03
 7.51422e-04
 2.91177e-04
 1.10665e-04
 4.13810e-05
 1.52342e-05
 5.52047e-06
 1.96818e-06
 6.90029e-07
 2.37789e-07
 8.05174e-08
 2.67873e-08
 8.77268e-09
 2.88906e-09
 1.15720e-09
 6.25579e-14
 4.17053e-14
 2.08526e-14
 4.17053e-14
 6.25579e-14
 3.94442e-30
 0.00000e+00
 0.00000e+00
 0.00000e+00
 0.00000e+00
 0.00000e+00
 0.00000e+00
 0.00000e+00
 0.00000e+00
 0.00000e+00
 0.00000e+00
 0.00000e+00
 0.00000e+00
 0.00000e+00
 0.00000e+00
 0.00000e+00
 0.00000e+00
 0.00000e+00
 0.00000e+00
 0.00000e+00
 0.00000e+00
 0.00000e+00
 0.00000e+00
 0.00000e+00
 0.00000e+00
 0.00000e+00
 0.00000e+00
 0.00000e+00
 0.00000e+00
 0.00000e+00
 0.00000e+00
 0.00000e+00
 0.00000e+00
 0.00000e+00
 0.00000e+00
 0.00000e+00
 0.00000e+00
 0.00000e+00
 0.00000e+00
 0.00000e+00
 0.00000e+00
 0.00000e+00
 0.00000e+00
 0.00000e+00
 3.36395e-06
 2.74863e-05
 4.88417e-05
 6.60324e-05
 8.24197e-05
 9.92943e-05
 1.13074e-04
 1.21110e-04
 1.24893e-04
 1.26262e-04
 1.26015e-04
 1.22296e-04
 1.14976e-04
 1.05937e-04
 9.66837e-05
 8.78125e-05
 7.80661e-05
 6.50697e-05
 4.86803e-05
 4.11549e-05
 4.92640e-05
 6.51728e-05
 1.21249e-04
 2.92041e-04
 7.57217e-04
 1.94112e-03
 4.73148e-03
 1.06326e-02
 2.12173e-02
 3.54938e-02
 4.51058e-02
 4.14324e-02
 3.06302e-02
 1.88473e-02
 9.83976e-03
 4.49935e-03
 1.88485e-03
 7.51422e-04
 2.91177e-04
 1.10665e-04
 4.13810e-05
 1.52342e-05
 5.52047e-06
 1.96818e-06
 6.90029e-07
 2.37789e-07
 8.05176e-08
 2.67873e-08
 8.77271e-09
 2.88909e-09
 1.15720e-09
