NodeMass
part
         1
coordinates
 3.55775e-98
 1.22464e-93
 1.03805e-89
 3.86113e-86
 7.99520e-83
 1.05111e-79
 9.54233e-77
 6.34387e-74
 3.22622e-71
 1.29837e-68
 4.24927e-66
 1.15675e-63
 2.66971e-61
 5.31059e-59
 9.23745e-57
 4.22747e-82
 4.78267e-78
 1.33288e-74
 1.63063e-71
 1.11093e-68
 4.80695e-66
 1.43674e-63
 3.14558e-61
 5.26944e-59
 6.98672e-57
 7.53434e-55
 6.75846e-53
 5.13971e-51
 3.36849e-49
 1.93008e-47
 2.47704e-73
 1.66326e-69
 2.75310e-66
 2.00185e-63
 8.11183e-61
 2.08907e-58
 3.71873e-56
 4.85190e-54
 4.84624e-52
 3.83304e-50
 2.46664e-48
 1.32074e-46
 5.99637e-45
 2.34628e-43
 8.02555e-42
 5.00115e-67
 2.38124e-63
 2.79806e-60
 1.44594e-57
 4.16880e-55
 7.64716e-53
 9.70640e-51
 9.03900e-49
 6.44988e-47
 3.64732e-45
 1.67925e-43
 6.43630e-42
 2.09258e-40
 5.86466e-39
 1.43689e-37
 4.52272e-62
 1.66906e-58
 1.52242e-55
 6.11675e-53
 1.37326e-50
 1.96461e-48
 1.94762e-46
 1.41853e-44
 7.92661e-43
 3.51414e-41
 1.26967e-39
 3.82196e-38
 9.76486e-37
 2.15144e-35
 4.14458e-34
 5.20869e-58
 1.57361e-54
 1.17737e-51
 3.88796e-49
 7.18858e-47
 8.48598e-45
 6.95467e-43
 4.19485e-41
 1.94435e-39
 7.16047e-38
 2.15174e-36
 5.39274e-35
 1.14804e-33
 2.10873e-32
 3.38757e-31
 1.31158e-54
 3.36940e-51
 2.14884e-48
 6.06325e-46
 9.60212e-44
 9.73163e-42
 6.86271e-40
 3.56932e-38
 1.42933e-36
 4.55548e-35
 1.18649e-33
 2.58050e-32
 4.77181e-31
 7.61833e-30
 1.06410e-28
 9.95355e-52
 2.23757e-48
 1.25227e-45
 3.10957e-43
 4.34590e-41
 3.89758e-39
 2.43850e-37
 1.12791e-35
 4.02569e-34
 1.14580e-32
 2.66955e-31
 5.20083e-30
 8.62398e-29
 1.23552e-27
 1.54916e-26
 2.80451e-49
 5.64563e-46
 2.83844e-43
 6.35206e-41
 8.02578e-39
 6.52689e-37
 3.71344e-35
 1.56611e-33
 5.10883e-32
 1.33183e-30
 2.84721e-29
 5.09731e-28
 7.77585e-27
 1.02562e-25
 1.18432e-24
 3.39048e-47
 6.23285e-44
 2.87174e-41
 5.90995e-39
 6.89018e-37
 5.18720e-35
 2.74039e-33
 1.07619e-31
 3.27732e-30
 7.99361e-29
 1.60189e-27
 2.69235e-26
 3.86022e-25
 4.78894e-24
 5.20295e-23
 1.95669e-45
 3.34357e-42
 1.43726e-39
 2.76962e-37
 3.03416e-35
 2.15357e-33
 1.07598e-31
 4.00756e-30
 1.16041e-28
 2.69705e-27
 5.15983e-26
 8.29142e-25
 1.13780e-23
 1.35188e-22
 1.40698e-21
 5.86059e-44
 9.46669e-41
 3.86079e-38
 7.08359e-36
 7.41378e-34
 5.04327e-32
 2.42208e-30
 8.69459e-29
 2.43214e-27
 5.47219e-26
 1.01515e-24
 1.58388e-23
 2.11235e-22
 2.44047e-21
 2.47011e-20
 9.75862e-43
 1.51489e-39
 5.95661e-37
 1.05699e-34
 1.07307e-32
 7.10022e-31
 3.32519e-29
 1.16663e-27
 3.19600e-26
 7.05437e-25
 1.28566e-23
 1.97284e-22
 2.58965e-21
 2.94600e-20
 2.93612e-19
 9.57952e-42
 1.45295e-38
 5.59486e-36
 9.74446e-34
 9.73073e-32
 6.34583e-30
 2.93453e-28
 1.01835e-26
 2.76347e-25
 6.05002e-24
 1.09481e-22
 1.66946e-21
 2.17893e-20
 2.46531e-19
 2.44362e-18
 5.83341e-41
 8.79031e-38
 3.36579e-35
 5.83436e-33
 5.80403e-31
 3.77430e-29
 1.74205e-27
 6.03922e-26
 1.63858e-24
 3.58940e-23
 6.50324e-22
 9.93369e-21
 1.29916e-19
 1.47310e-18
 1.46318e-17
 2.30213e-40
 3.50577e-37
 1.35489e-34
 2.36844e-32
 2.37463e-30
 1.55575e-28
 7.23306e-27
 2.52569e-25
 6.90270e-24
 1.52323e-22
 2.78042e-21
 4.27925e-20
 5.63910e-19
 6.44245e-18
 6.44627e-17
 6.10297e-40
 9.55814e-37
 3.78435e-34
 6.75638e-32
 6.90165e-30
 4.59806e-28
 2.17063e-26
 7.68725e-25
 2.12889e-23
 4.75710e-22
 8.78824e-21
 1.36833e-19
 1.82352e-18
 2.10616e-17
 2.12984e-16
 1.12586e-39
 1.84588e-36
 7.58302e-34
 1.39641e-31
 1.46592e-29
 1.00127e-27
 4.83468e-26
 1.74711e-24
 4.92746e-23
 1.11956e-21
 2.10029e-20
 3.31729e-19
 4.48068e-18
 5.24145e-17
 5.36501e-16
 1.47995e-39
 2.59929e-36
 1.13221e-33
 2.18637e-31
 2.37862e-29
 1.66805e-27
 8.23099e-26
 3.03408e-24
 8.72713e-23
 2.02320e-21
 3.86477e-20
 6.20417e-19
 8.50425e-18
 1.00828e-16
 1.04491e-15
 1.34575e-39
 2.58243e-36
 1.21345e-33
 2.50482e-31
 2.89906e-29
 2.15267e-27
 1.11687e-25
 4.29812e-24
 1.28093e-22
 3.05319e-21
 5.96790e-20
 9.76144e-19
 1.35806e-17
 1.62863e-16
 1.70216e-15
 8.31690e-40
 1.79607e-36
 9.31955e-34
 2.09410e-31
 2.61112e-29
 2.06707e-27
 1.13089e-25
 4.54124e-24
 1.39872e-22
 3.41794e-21
 6.81712e-20
 1.13351e-18
 1.59837e-17
 1.93864e-16
 2.04628e-15
 3.40151e-40
 8.56465e-37
 5.06165e-34
 1.26641e-31
 1.71597e-29
 1.44849e-27
 8.34164e-26
 3.48670e-24
 1.11064e-22
 2.79461e-21
 5.71414e-20
 9.70716e-19
 1.39494e-17
 1.72055e-16
 1.84264e-15
 7.98668e-41
 2.46782e-37
 1.73601e-34
 5.03248e-32
 7.68113e-30
 7.14932e-28
 4.46544e-26
 2.00153e-24
 6.76614e-23
 1.79110e-21
 3.82240e-20
 6.72934e-19
 9.95054e-18
 1.25301e-16
 1.35921e-15
 1.01422e-41
 4.12120e-38
 3.56684e-35
 1.22103e-32
 2.15131e-30
 2.27203e-28
 1.59114e-26
 7.93539e-25
 2.92938e-23
 8.33105e-22
 1.88364e-20
 3.46920e-19
 5.30212e-18
 6.82320e-17
 7.48202e-16
 6.61047e-43
 4.00427e-39
 4.59285e-36
 1.95341e-33
 4.10586e-31
 5.02301e-29
 3.97690e-27
 2.19046e-25
 8.79253e-24
 2.68032e-22
 6.40856e-21
 1.23222e-19
 1.94377e-18
 2.56033e-17
 2.84433e-16
 1.73654e-44
 2.09789e-40
 3.60938e-37
 2.04582e-34
 5.36197e-32
 7.82774e-30
 7.15937e-28
 4.43817e-26
 1.96443e-24
 6.48718e-23
 1.65383e-21
 3.34249e-20
 5.47240e-19
 7.39096e-18
 8.32781e-17
 2.01578e-46
 7.29220e-42
 2.10266e-38
 1.67502e-35
 5.64562e-33
 1.00301e-30
 1.07410e-28
 7.57041e-27
 3.72060e-25
 1.33719e-23
 3.64595e-22
 7.76038e-21
 1.32025e-19
 1.83063e-18
 2.09417e-17
 2.18701e-48
 2.40628e-43
 1.16839e-39
 1.31007e-36
 5.67713e-34
 1.22580e-31
 1.53353e-29
 1.22519e-27
 6.66060e-26
 2.59398e-24
 7.52870e-23
 1.67957e-21
 2.95485e-20
 4.18607e-19
 4.83806e-18
 3.55775e-98
 1.22464e-93
 1.03805e-89
 3.86113e-86
 7.99520e-83
 1.05111e-79
 9.54233e-77
 6.34387e-74
 3.22622e-71
 1.29837e-68
 4.24927e-66
 1.15675e-63
 2.66971e-61
 5.31059e-59
 9.23745e-57
 4.22747e-82
 4.78267e-78
 1.33288e-74
 1.63063e-71
 1.11093e-68
 4.80695e-66
 1.43674e-63
 3.14558e-61
 5.26944e-59
 6.98672e-57
 7.53434e-55
 6.75846e-53
 5.13971e-51
 3.36849e-49
 1.93008e-47
 2.47704e-73
 1.66326e-69
 2.75310e-66
 2.00185e-63
 8.11183e-61
 2.08907e-58
 3.71873e-56
 4.85190e-54
 4.84624e-52
 3.83304e-50
 2.46664e-48
 1.32074e-46
 5.99637e-45
 2.34628e-43
 8.02555e-42
 5.00115e-67
 2.38124e-63
 2.79806e-60
 1.44594e-57
 4.16880e-55
 7.64716e-53
 9.70640e-51
 9.03900e-49
 6.44988e-47
 3.64732e-45
 1.67925e-43
 6.43630e-42
 2.09258e-40
 5.86466e-39
 1.43689e-37
 4.52272e-62
 1.66906e-58
 1.52242e-55
 6.11675e-53
 1.37326e-50
 1.96461e-48
 1.94762e-46
 1.41853e-44
 7.92661e-43
 3.51414e-41
 1.26967e-39
 3.82196e-38
 9.76486e-37
 2.15144e-35
 4.14458e-34
 5.20869e-58
 1.57361e-54
 1.17737e-51
 3.88796e-49
 7.18858e-47
 8.48598e-45
 6.95467e-43
 4.19485e-41
 1.94435e-39
 7.16047e-38
 2.15174e-36
 5.39274e-35
 1.14804e-33
 2.10873e-32
 3.38757e-31
 1.31158e-54
 3.36940e-51
 2.14884e-48
 6.06325e-46
 9.60212e-44
 9.73163e-42
 6.86271e-40
 3.56932e-38
 1.42933e-36
 4.55548e-35
 1.18649e-33
 2.58050e-32
 4.77181e-31
 7.61833e-30
 1.06410e-28
 9.95355e-52
 2.23757e-48
 1.25227e-45
 3.10957e-43
 4.34590e-41
 3.89758e-39
 2.43850e-37
 1.12791e-35
 4.02569e-34
 1.14580e-32
 2.66955e-31
 5.20083e-30
 8.62398e-29
 1.23552e-27
 1.54916e-26
 2.80451e-49
 5.64563e-46
 2.83844e-43
 6.35206e-41
 8.02578e-39
 6.52689e-37
 3.71344e-35
 1.56611e-33
 5.10883e-32
 1.33183e-30
 2.84721e-29
 5.09731e-28
 7.77585e-27
 1.02562e-25
 1.18432e-24
 3.39048e-47
 6.23285e-44
 2.87174e-41
 5.90995e-39
 6.89018e-37
 5.18720e-35
 2.74039e-33
 1.07619e-31
 3.27732e-30
 7.99361e-29
 1.60189e-27
 2.69235e-26
 3.86022e-25
 4.78894e-24
 5.20295e-23
 1.95669e-45
 3.34357e-42
 1.43726e-39
 2.76962e-37
 3.03416e-35
 2.15357e-33
 1.07598e-31
 4.00756e-30
 1.16041e-28
 2.69705e-27
 5.15983e-26
 8.29142e-25
 1.13780e-23
 1.35188e-22
 1.40698e-21
 5.86059e-44
 9.46669e-41
 3.86079e-38
 7.08359e-36
 7.41378e-34
 5.04327e-32
 2.42208e-30
 8.69459e-29
 2.43214e-27
 5.47219e-26
 1.01515e-24
 1.58388e-23
 2.11235e-22
 2.44047e-21
 2.47011e-20
 9.75862e-43
 1.51489e-39
 5.95661e-37
 1.05699e-34
 1.07307e-32
 7.10022e-31
 3.32519e-29
 1.16663e-27
 3.19600e-26
 7.05437e-25
 1.28566e-23
 1.97284e-22
 2.58965e-21
 2.94600e-20
 2.93612e-19
 9.57952e-42
 1.45295e-38
 5.59486e-36
 9.74446e-34
 9.73073e-32
 6.34583e-30
 2.93453e-28
 1.01835e-26
 2.76347e-25
 6.05002e-24
 1.09481e-22
 1.66946e-21
 2.17893e-20
 2.46531e-19
 2.44362e-18
 5.83341e-41
 8.79031e-38
 3.36579e-35
 5.83436e-33
 5.80403e-31
 3.77430e-29
 1.74205e-27
 6.03922e-26
 1.63858e-24
 3.58940e-23
 6.50324e-22
 9.93369e-21
 1.29916e-19
 1.47310e-18
 1.46318e-17
 2.30213e-40
 3.50577e-37
 1.35489e-34
 2.36844e-32
 2.37463e-30
 1.55575e-28
 7.23306e-27
 2.52569e-25
 6.90270e-24
 1.52323e-22
 2.78042e-21
 4.27925e-20
 5.63910e-19
 6.44245e-18
 6.44627e-17
 6.10297e-40
 9.55814e-37
 3.78435e-34
 6.75638e-32
 6.90165e-30
 4.59806e-28
 2.17063e-26
 7.68725e-25
 2.12889e-23
 4.75710e-22
 8.78824e-21
 1.36833e-19
 1.82352e-18
 2.10616e-17
 2.12984e-16
 1.12586e-39
 1.84588e-36
 7.58302e-34
 1.39641e-31
 1.46592e-29
 1.00127e-27
 4.83468e-26
 1.74711e-24
 4.92746e-23
 1.11956e-21
 2.10029e-20
 3.31729e-19
 4.48068e-18
 5.24145e-17
 5.36501e-16
 1.47995e-39
 2.59929e-36
 1.13221e-33
 2.18637e-31
 2.37862e-29
 1.66805e-27
 8.23099e-26
 3.03408e-24
 8.72713e-23
 2.02320e-21
 3.86477e-20
 6.20417e-19
 8.50425e-18
 1.00828e-16
 1.04491e-15
 1.34575e-39
 2.58243e-36
 1.21345e-33
 2.50482e-31
 2.89906e-29
 2.15267e-27
 1.11687e-25
 4.29812e-24
 1.28093e-22
 3.05319e-21
 5.96790e-20
 9.76144e-19
 1.35806e-17
 1.62863e-16
 1.70216e-15
 8.31690e-40
 1.79607e-36
 9.31955e-34
 2.09410e-31
 2.61112e-29
 2.06707e-27
 1.13089e-25
 4.54124e-24
 1.39872e-22
 3.41794e-21
 6.81712e-20
 1.13351e-18
 1.59837e-17
 1.93864e-16
 2.04628e-15
 3.40151e-40
 8.56465e-37
 5.06165e-34
 1.26641e-31
 1.71597e-29
 1.44849e-27
 8.34164e-26
 3.48670e-24
 1.11064e-22
 2.79461e-21
 5.71414e-20
 9.70716e-19
 1.39494e-17
 1.72055e-16
 1.84264e-15
 7.98668e-41
 2.46782e-37
 1.73601e-34
 5.03248e-32
 7.68113e-30
 7.14932e-28
 4.46544e-26
 2.00153e-24
 6.76614e-23
 1.79110e-21
 3.82240e-20
 6.72934e-19
 9.95054e-18
 1.25301e-16
 1.35921e-15
 1.01422e-41
 4.12120e-38
 3.56684e-35
 1.22103e-32
 2.15131e-30
 2.27203e-28
 1.59114e-26
 7.93539e-25
 2.92938e-23
 8.33105e-22
 1.88364e-20
 3.46920e-19
 5.30212e-18
 6.82320e-17
 7.48202e-16
 6.61047e-43
 4.00427e-39
 4.59285e-36
 1.95341e-33
 4.10586e-31
 5.02301e-29
 3.97690e-27
 2.19046e-25
 8.79253e-24
 2.68032e-22
 6.40856e-21
 1.23222e-19
 1.94377e-18
 2.56033e-17
 2.84433e-16
 1.73654e-44
 2.09789e-40
 3.60938e-37
 2.04582e-34
 5.36197e-32
 7.82774e-30
 7.15937e-28
 4.43817e-26
 1.96443e-24
 6.48718e-23
 1.65383e-21
 3.34249e-20
 5.47240e-19
 7.39096e-18
 8.32781e-17
 2.01578e-46
 7.29220e-42
 2.10266e-38
 1.67502e-35
 5.64562e-33
 1.00301e-30
 1.07410e-28
 7.57041e-27
 3.72060e-25
 1.33719e-23
 3.64595e-22
 7.76038e-21
 1.32025e-19
 1.83063e-18
 2.09417e-17
 2.18701e-48
 2.40628e-43
 1.16839e-39
 1.31007e-36
 5.67713e-34
 1.22580e-31
 1.53353e-29
 1.22519e-27
 6.66060e-26
 2.59398e-24
 7.52870e-23
 1.67957e-21
 2.95485e-20
 4.18607e-19
 4.83806e-18
part
         2
coordinates
 4.24927e-66
 1.15675e-63
 2.66971e-61
 5.31059e-59
 9.23745e-57
 1.42325e-54
 1.96505e-52
 2.45717e-50
 2.81010e-48
 2.96623e-46
 2.91491e-44
 2.68867e-42
 2.34617e-40
 1.95116e-38
 1.56227e-36
 1.18092e-34
 4.04726e-33
 7.53434e-55
 6.75846e-53
 5.13971e-51
 3.36849e-49
 1.93008e-47
 9.79274e-46
 4.45066e-44
 1.83103e-42
 6.88532e-41
 2.38799e-39
 7.70385e-38
 2.33052e-36
 6.66224e-35
 1.81299e-33
 4.73709e-32
 1.18106e-30
 2.01385e-29
 2.46664e-48
 1.32074e-46
 5.99637e-45
 2.34628e-43
 8.02555e-42
 2.43030e-40
 6.58979e-39
 1.61661e-37
 3.62242e-36
 7.47997e-35
 1.43524e-33
 2.57925e-32
 4.37399e-31
 7.05000e-30
 1.08857e-28
 1.60708e-27
 1.81343e-26
 1.67925e-43
 6.43630e-42
 2.09258e-40
 5.86466e-39
 1.43689e-37
 3.11621e-36
 6.04931e-35
 1.06185e-33
 1.70117e-32
 2.50902e-31
 3.43438e-30
 4.39639e-29
 5.30152e-28
 6.06401e-27
 6.62774e-26
 6.92180e-25
 5.82555e-24
 1.26967e-39
 3.82196e-38
 9.76486e-37
 2.15144e-35
 4.14458e-34
 7.06680e-33
 1.07820e-31
 1.48661e-30
 1.86916e-29
 2.16109e-28
 2.31559e-27
 2.31627e-26
 2.17806e-25
 1.93797e-24
 1.64279e-23
 1.32804e-22
 8.92291e-22
 2.15174e-36
 5.39274e-35
 1.14804e-33
 2.10873e-32
 3.38757e-31
 4.81655e-30
 6.12598e-29
 7.03660e-28
 7.36347e-27
 7.07641e-26
 6.29193e-25
 5.21207e-24
 4.04881e-23
 2.96758e-22
 2.06514e-21
 1.36651e-20
 7.66722e-20
 1.18649e-33
 2.58050e-32
 4.77181e-31
 7.61833e-30
 1.06410e-28
 1.31549e-27
 1.45421e-26
 1.45079e-25
 1.31715e-24
 1.09655e-23
 8.43004e-23
 6.02375e-22
 4.02507e-21
 2.52932e-20
 1.50316e-19
 8.46241e-19
 4.09533e-18
 2.66955e-31
 5.20083e-30
 8.62398e-29
 1.23552e-27
 1.54916e-26
 1.71912e-25
 1.70518e-24
 1.52512e-23
 1.23978e-22
 9.22562e-22
 6.32568e-21
 4.02062e-20
 2.38214e-19
 1.32239e-18
 6.91272e-18
 3.40846e-17
 1.45861e-16
 2.84721e-29
 5.09731e-28
 7.77585e-27
 1.02562e-25
 1.18432e-24
 1.21030e-23
 1.10497e-22
 9.08791e-22
 6.78375e-21
 4.62669e-20
 2.90066e-19
 1.68090e-18
 9.04872e-18
 4.54592e-17
 2.14069e-16
 9.46317e-16
 3.65538e-15
 1.60189e-27
 2.69235e-26
 3.86022e-25
 4.78894e-24
 5.20295e-23
 5.00194e-22
 4.29345e-21
 3.31644e-20
 2.32144e-19
 1.48166e-18
 8.67066e-18
 4.67547e-17
 2.33351e-16
 1.08228e-15
 4.68209e-15
 1.89169e-14
 6.71043e-14
 5.15983e-26
 8.29142e-25
 1.13780e-23
 1.35188e-22
 1.40698e-21
 1.29544e-20
 1.06422e-19
 7.85843e-19
 5.24975e-18
 3.19084e-17
 1.77341e-16
 9.05248e-16
 4.26062e-15
 1.85521e-14
 7.49643e-14
 2.81352e-13
 9.30233e-13
 1.01515e-24
 1.58388e-23
 2.11235e-22
 2.44047e-21
 2.47011e-20
 2.21108e-19
 1.76459e-18
 1.26428e-17
 8.18082e-17
 4.80555e-16
 2.57411e-15
 1.26217e-14
 5.68397e-14
 2.35732e-13
 9.02476e-13
 3.19085e-12
 9.96182e-12
 1.28566e-23
 1.97284e-22
 2.58965e-21
 2.94600e-20
 2.93612e-19
 2.58704e-18
 2.03070e-17
 1.42927e-16
 9.06981e-16
 5.21343e-15
 2.72520e-14
 1.29973e-13
 5.67081e-13
 2.26823e-12
 8.33046e-12
 2.80913e-11
 8.37809e-11
 1.09481e-22
 1.66946e-21
 2.17893e-20
 2.46531e-19
 2.44362e-18
 2.14054e-17
 1.66917e-16
 1.16576e-15
 7.32897e-15
 4.16509e-14
 2.14703e-13
 1.00662e-12
 4.30128e-12
 1.67745e-11
 5.97554e-11
 1.94313e-10
 5.59532e-10
 6.50324e-22
 9.93369e-21
 1.29916e-19
 1.47310e-18
 1.46318e-17
 1.28390e-16
 1.00225e-15
 7.00028e-15
 4.39529e-14
 2.49013e-13
 1.27671e-12
 5.93671e-12
 2.50733e-11
 9.62508e-11
 3.35847e-10
 1.06382e-09
 2.98707e-09
 2.78042e-21
 4.27925e-20
 5.63910e-19
 6.44245e-18
 6.44627e-17
 5.69630e-16
 4.47557e-15
 3.14384e-14
 1.98303e-13
 1.12703e-12
 5.78583e-12
 2.68756e-11
 1.13057e-10
 4.30747e-10
 1.48533e-09
 4.62665e-09
 1.27911e-08
 8.78824e-21
 1.36833e-19
 1.82352e-18
 2.10616e-17
 2.12984e-16
 1.90137e-15
 1.50855e-14
 1.06943e-13
 6.80249e-13
 3.89476e-12
 2.01164e-11
 9.38527e-11
 3.95694e-10
 1.50695e-09
 5.17719e-09
 1.60077e-08
 4.40220e-08
 2.10029e-20
 3.31729e-19
 4.48068e-18
 5.24145e-17
 5.36501e-16
 4.84537e-15
 3.88730e-14
 2.78528e-13
 1.78978e-12
 1.03463e-11
 5.39178e-11
 2.53591e-10
 1.07668e-09
 4.12395e-09
 1.42297e-08
 4.41409e-08
 1.22281e-07
 3.86477e-20
 6.20417e-19
 8.50425e-18
 1.00828e-16
 1.04491e-15
 9.54647e-15
 7.74248e-14
 5.60537e-13
 3.63838e-12
 2.12436e-11
 1.11838e-10
 5.31688e-10
 2.28455e-09
 8.87489e-09
 3.11687e-08
 9.88816e-08
 2.81357e-07
 5.96790e-20
 9.76144e-19
 1.35806e-17
 1.62863e-16
 1.70216e-15
 1.56463e-14
 1.27463e-13
 9.26281e-13
 6.03295e-12
 3.53418e-11
 1.86727e-10
 8.91559e-10
 3.85173e-09
 1.50624e-08
 5.32853e-08
 1.70259e-07
 4.90906e-07
 6.81712e-20
 1.13351e-18
 1.59837e-17
 1.93864e-16
 2.04628e-15
 1.89779e-14
 1.55820e-13
 1.13889e-12
 7.44547e-12
 4.37099e-11
 2.31170e-10
 1.10406e-09
 4.76926e-09
 1.86473e-08
 6.59842e-08
 2.11193e-07
 6.15392e-07
 5.71414e-20
 9.70716e-19
 1.39494e-17
 1.72055e-16
 1.84264e-15
 1.72870e-14
 1.43019e-13
 1.04893e-12
 6.85374e-12
 4.00650e-11
 2.10268e-10
 9.93707e-10
 4.24176e-09
 1.64179e-08
 5.79381e-08
 1.87682e-07
 5.63709e-07
 3.82240e-20
 6.72934e-19
 9.95054e-18
 1.25301e-16
 1.35921e-15
 1.28169e-14
 1.05809e-13
 7.69638e-13
 4.95348e-12
 2.83282e-11
 1.44575e-10
 6.61268e-10
 2.72618e-09
 1.02267e-08
 3.54697e-08
 1.16375e-07
 3.67946e-07
 1.88364e-20
 3.46920e-19
 5.30212e-18
 6.82320e-17
 7.48202e-16
 7.06086e-15
 5.78226e-14
 4.13372e-13
 2.59155e-12
 1.43092e-11
 6.98686e-11
 3.03078e-10
 1.17681e-09
 4.15510e-09
 1.37951e-08
 4.57787e-08
 1.58607e-07
 6.40856e-21
 1.23222e-19
 1.94377e-18
 2.56033e-17
 2.84433e-16
 2.68508e-15
 2.17110e-14
 1.51340e-13
 9.17452e-13
 4.85597e-12
 2.24217e-11
 9.02841e-11
 3.17793e-10
 9.93695e-10
 2.94401e-09
 1.00143e-08
 4.35040e-08
 1.65383e-21
 3.34249e-20
 5.47240e-19
 7.39096e-18
 8.32781e-17
 7.89350e-16
 6.34410e-15
 4.35221e-14
 2.56645e-13
 1.30250e-12
 5.65991e-12
 2.08598e-11
 6.41747e-11
 1.60437e-10
 3.18887e-10
 8.97760e-10
 7.66531e-09
 3.64595e-22
 7.76038e-21
 1.32025e-19
 1.83063e-18
 2.09417e-17
 1.99379e-16
 1.59301e-15
 1.07506e-14
 6.15841e-14
 2.98899e-13
 1.21686e-12
 4.07917e-12
 1.08957e-11
 2.18665e-11
 2.72519e-11
 2.58390e-11
 2.21277e-09
 7.52870e-23
 1.67957e-21
 2.95485e-20
 4.18607e-19
 4.83806e-18
 4.60460e-17
 3.64006e-16
 2.40444e-15
 1.33039e-14
 6.13344e-14
 2.32164e-13
 7.03141e-13
 1.63219e-12
 2.70258e-12
 2.45756e-12
 1.87107e-11
 1.72128e-09
 4.24927e-66
 1.15675e-63
 2.66971e-61
 5.31059e-59
 9.23745e-57
 1.42325e-54
 1.96505e-52
 2.45717e-50
 2.81010e-48
 2.96623e-46
 2.91491e-44
 2.68867e-42
 2.34617e-40
 1.95116e-38
 1.56227e-36
 1.18092e-34
 4.04726e-33
 7.53434e-55
 6.75846e-53
 5.13971e-51
 3.36849e-49
 1.93008e-47
 9.79274e-46
 4.45066e-44
 1.83103e-42
 6.88532e-41
 2.38799e-39
 7.70385e-38
 2.33052e-36
 6.66224e-35
 1.81299e-33
 4.73709e-32
 1.18106e-30
 2.01385e-29
 2.46664e-48
 1.32074e-46
 5.99637e-45
 2.34628e-43
 8.02555e-42
 2.43030e-40
 6.58979e-39
 1.61661e-37
 3.62242e-36
 7.47997e-35
 1.43524e-33
 2.57925e-32
 4.37399e-31
 7.05000e-30
 1.08857e-28
 1.60708e-27
 1.81343e-26
 1.67925e-43
 6.43630e-42
 2.09258e-40
 5.86466e-39
 1.43689e-37
 3.11621e-36
 6.04931e-35
 1.06185e-33
 1.70117e-32
 2.50902e-31
 3.43438e-30
 4.39639e-29
 5.30152e-28
 6.06401e-27
 6.62774e-26
 6.92180e-25
 5.82555e-24
 1.26967e-39
 3.82196e-38
 9.76486e-37
 2.15144e-35
 4.14458e-34
 7.06680e-33
 1.07820e-31
 1.48661e-30
 1.86916e-29
 2.16109e-28
 2.31559e-27
 2.31627e-26
 2.17806e-25
 1.93797e-24
 1.64279e-23
 1.32804e-22
 8.92291e-22
 2.15174e-36
 5.39274e-35
 1.14804e-33
 2.10873e-32
 3.38757e-31
 4.81655e-30
 6.12598e-29
 7.03660e-28
 7.36347e-27
 7.07641e-26
 6.29193e-25
 5.21207e-24
 4.04881e-23
 2.96758e-22
 2.06514e-21
 1.36651e-20
 7.66722e-20
 1.18649e-33
 2.58050e-32
 4.77181e-31
 7.61833e-30
 1.06410e-28
 1.31549e-27
 1.45421e-26
 1.45079e-25
 1.31715e-24
 1.09655e-23
 8.43004e-23
 6.02375e-22
 4.02507e-21
 2.52932e-20
 1.50316e-19
 8.46241e-19
 4.09533e-18
 2.66955e-31
 5.20083e-30
 8.62398e-29
 1.23552e-27
 1.54916e-26
 1.71912e-25
 1.70518e-24
 1.52512e-23
 1.23978e-22
 9.22562e-22
 6.32568e-21
 4.02062e-20
 2.38214e-19
 1.32239e-18
 6.91272e-18
 3.40846e-17
 1.45861e-16
 2.84721e-29
 5.09731e-28
 7.77585e-27
 1.02562e-25
 1.18432e-24
 1.21030e-23
 1.10497e-22
 9.08791e-22
 6.78375e-21
 4.62669e-20
 2.90066e-19
 1.68090e-18
 9.04872e-18
 4.54592e-17
 2.14069e-16
 9.46317e-16
 3.65538e-15
 1.60189e-27
 2.69235e-26
 3.86022e-25
 4.78894e-24
 5.20295e-23
 5.00194e-22
 4.29345e-21
 3.31644e-20
 2.32144e-19
 1.48166e-18
 8.67066e-18
 4.67547e-17
 2.33351e-16
 1.08228e-15
 4.68209e-15
 1.89169e-14
 6.71043e-14
 5.15983e-26
 8.29142e-25
 1.13780e-23
 1.35188e-22
 1.40698e-21
 1.29544e-20
 1.06422e-19
 7.85843e-19
 5.24975e-18
 3.19084e-17
 1.77341e-16
 9.05248e-16
 4.26062e-15
 1.85521e-14
 7.49643e-14
 2.81352e-13
 9.30233e-13
 1.01515e-24
 1.58388e-23
 2.11235e-22
 2.44047e-21
 2.47011e-20
 2.21108e-19
 1.76459e-18
 1.26428e-17
 8.18082e-17
 4.80555e-16
 2.57411e-15
 1.26217e-14
 5.68397e-14
 2.35732e-13
 9.02476e-13
 3.19085e-12
 9.96182e-12
 1.28566e-23
 1.97284e-22
 2.58965e-21
 2.94600e-20
 2.93612e-19
 2.58704e-18
 2.03070e-17
 1.42927e-16
 9.06981e-16
 5.21343e-15
 2.72520e-14
 1.29973e-13
 5.67081e-13
 2.26823e-12
 8.33046e-12
 2.80913e-11
 8.37809e-11
 1.09481e-22
 1.66946e-21
 2.17893e-20
 2.46531e-19
 2.44362e-18
 2.14054e-17
 1.66917e-16
 1.16576e-15
 7.32897e-15
 4.16509e-14
 2.14703e-13
 1.00662e-12
 4.30128e-12
 1.67745e-11
 5.97554e-11
 1.94313e-10
 5.59532e-10
 6.50324e-22
 9.93369e-21
 1.29916e-19
 1.47310e-18
 1.46318e-17
 1.28390e-16
 1.00225e-15
 7.00028e-15
 4.39529e-14
 2.49013e-13
 1.27671e-12
 5.93671e-12
 2.50733e-11
 9.62508e-11
 3.35847e-10
 1.06382e-09
 2.98707e-09
 2.78042e-21
 4.27925e-20
 5.63910e-19
 6.44245e-18
 6.44627e-17
 5.69630e-16
 4.47557e-15
 3.14384e-14
 1.98303e-13
 1.12703e-12
 5.78583e-12
 2.68756e-11
 1.13057e-10
 4.30747e-10
 1.48533e-09
 4.62665e-09
 1.27911e-08
 8.78824e-21
 1.36833e-19
 1.82352e-18
 2.10616e-17
 2.12984e-16
 1.90137e-15
 1.50855e-14
 1.06943e-13
 6.80249e-13
 3.89476e-12
 2.01164e-11
 9.38527e-11
 3.95694e-10
 1.50695e-09
 5.17719e-09
 1.60077e-08
 4.40220e-08
 2.10029e-20
 3.31729e-19
 4.48068e-18
 5.24145e-17
 5.36501e-16
 4.84537e-15
 3.88730e-14
 2.78528e-13
 1.78978e-12
 1.03463e-11
 5.39178e-11
 2.53591e-10
 1.07668e-09
 4.12395e-09
 1.42297e-08
 4.41409e-08
 1.22281e-07
 3.86477e-20
 6.20417e-19
 8.50425e-18
 1.00828e-16
 1.04491e-15
 9.54647e-15
 7.74248e-14
 5.60537e-13
 3.63838e-12
 2.12436e-11
 1.11838e-10
 5.31688e-10
 2.28455e-09
 8.87489e-09
 3.11687e-08
 9.88816e-08
 2.81357e-07
 5.96790e-20
 9.76144e-19
 1.35806e-17
 1.62863e-16
 1.70216e-15
 1.56463e-14
 1.27463e-13
 9.26281e-13
 6.03295e-12
 3.53418e-11
 1.86727e-10
 8.91559e-10
 3.85173e-09
 1.50624e-08
 5.32853e-08
 1.70259e-07
 4.90906e-07
 6.81712e-20
 1.13351e-18
 1.59837e-17
 1.93864e-16
 2.04628e-15
 1.89779e-14
 1.55820e-13
 1.13889e-12
 7.44547e-12
 4.37099e-11
 2.31170e-10
 1.10406e-09
 4.76926e-09
 1.86473e-08
 6.59842e-08
 2.11193e-07
 6.15392e-07
 5.71414e-20
 9.70716e-19
 1.39494e-17
 1.72055e-16
 1.84264e-15
 1.72870e-14
 1.43019e-13
 1.04893e-12
 6.85374e-12
 4.00650e-11
 2.10268e-10
 9.93707e-10
 4.24176e-09
 1.64179e-08
 5.79381e-08
 1.87682e-07
 5.63709e-07
 3.82240e-20
 6.72934e-19
 9.95054e-18
 1.25301e-16
 1.35921e-15
 1.28169e-14
 1.05809e-13
 7.69638e-13
 4.95348e-12
 2.83282e-11
 1.44575e-10
 6.61268e-10
 2.72618e-09
 1.02267e-08
 3.54697e-08
 1.16375e-07
 3.67946e-07
 1.88364e-20
 3.46920e-19
 5.30212e-18
 6.82320e-17
 7.48202e-16
 7.06086e-15
 5.78226e-14
 4.13372e-13
 2.59155e-12
 1.43092e-11
 6.98686e-11
 3.03078e-10
 1.17681e-09
 4.15510e-09
 1.37951e-08
 4.57787e-08
 1.58607e-07
 6.40856e-21
 1.23222e-19
 1.94377e-18
 2.56033e-17
 2.84433e-16
 2.68508e-15
 2.17110e-14
 1.51340e-13
 9.17452e-13
 4.85597e-12
 2.24217e-11
 9.02841e-11
 3.17793e-10
 9.93695e-10
 2.94401e-09
 1.00143e-08
 4.35040e-08
 1.65383e-21
 3.34249e-20
 5.47240e-19
 7.39096e-18
 8.32781e-17
 7.89350e-16
 6.34410e-15
 4.35221e-14
 2.56645e-13
 1.30250e-12
 5.65991e-12
 2.08598e-11
 6.41747e-11
 1.60437e-10
 3.18887e-10
 8.97760e-10
 7.66531e-09
 3.64595e-22
 7.76038e-21
 1.32025e-19
 1.83063e-18
 2.09417e-17
 1.99379e-16
 1.59301e-15
 1.07506e-14
 6.15841e-14
 2.98899e-13
 1.21686e-12
 4.07917e-12
 1.08957e-11
 2.18665e-11
 2.72519e-11
 2.58390e-11
 2.21277e-09
 7.52870e-23
 1.67957e-21
 2.95485e-20
 4.18607e-19
 4.83806e-18
 4.60460e-17
 3.64006e-16
 2.40444e-15
 1.33039e-14
 6.13344e-14
 2.32164e-13
 7.03141e-13
 1.63219e-12
 2.70258e-12
 2.45756e-12
 1.87107e-11
 1.72128e-09
part
         3
coordinates
 2.34617e-40
 1.95116e-38
 1.56227e-36
 1.18092e-34
 4.04726e-33
 5.96652e-32
 4.91488e-31
 2.48734e-30
 7.96513e-30
 1.70237e-29
 2.62214e-29
 2.78454e-29
 2.16161e-29
 1.33545e-29
 6.04703e-30
 1.94371e-30
 4.23254e-31
 5.85696e-32
 6.66224e-35
 1.81299e-33
 4.73709e-32
 1.18106e-30
 2.01385e-29
 1.97450e-28
 1.22217e-27
 4.99233e-27
 1.34860e-26
 2.52004e-26
 3.50901e-26
 3.46304e-26
 2.53330e-26
 1.51080e-26
 6.72365e-27
 2.16178e-27
 4.79595e-28
 6.89260e-29
 4.37399e-31
 7.05000e-30
 1.08857e-28
 1.60708e-27
 1.81343e-26
 1.33125e-25
 6.61427e-25
 2.27704e-24
 5.30414e-24
 8.83370e-24
 1.13491e-23
 1.05638e-23
 7.35803e-24
 4.27226e-24
 1.87779e-24
 6.05403e-25
 1.36855e-25
 2.03906e-26
 5.30152e-28
 6.06401e-27
 6.62774e-26
 6.92180e-25
 5.82555e-24
 3.42213e-23
 1.42416e-22
 4.25190e-22
 8.73148e-22
 1.32033e-21
 1.58900e-21
 1.41247e-21
 9.47133e-22
 5.38388e-22
 2.34688e-22
 7.60322e-23
 1.75153e-23
 2.70113e-24
 2.17806e-25
 1.93797e-24
 1.64279e-23
 1.32804e-22
 8.92291e-22
 4.38256e-21
 1.57535e-20
 4.15104e-20
 7.69771e-20
 1.07723e-19
 1.22789e-19
 1.05153e-19
 6.85167e-20
 3.83424e-20
 1.66368e-20
 5.42610e-21
 1.27400e-21
 2.03068e-22
 4.04881e-23
 2.96758e-22
 2.06514e-21
 1.36651e-20
 7.66722e-20
 3.25225e-19
 1.03672e-18
 2.44005e-18
 4.16690e-18
 5.50257e-18
 5.98975e-18
 4.97050e-18
 3.17587e-18
 1.75795e-18
 7.61695e-19
 2.50517e-19
 5.99601e-20
 9.86639e-21
 4.02507e-21
 2.52932e-20
 1.50316e-19
 8.46241e-19
 4.09533e-18
 1.53739e-17
 4.43191e-17
 9.46450e-17
 1.51184e-16
 1.92009e-16
 2.01093e-16
 1.62075e-16
 1.02457e-16
 5.63308e-17
 2.44430e-17
 8.11955e-18
 1.98161e-18
 3.36298e-19
 2.38214e-19
 1.32239e-18
 6.91272e-18
 3.40846e-17
 1.45861e-16
 4.94089e-16
 1.30805e-15
 2.58710e-15
 3.92117e-15
 4.83475e-15
 4.91820e-15
 3.87624e-15
 2.43446e-15
 1.33437e-15
 5.81408e-16
 1.95368e-16
 4.86384e-17
 8.50721e-18
 9.04872e-18
 4.54592e-17
 2.14069e-16
 9.46317e-16
 3.65538e-15
 1.13627e-14
 2.80219e-14
 5.21874e-14
 7.59393e-14
 9.15629e-14
 9.13544e-14
 7.09457e-14
 4.43731e-14
 2.43294e-14
 1.06722e-14
 3.63347e-15
 9.23289e-16
 1.66364e-16
 2.33351e-16
 1.08228e-15
 4.68209e-15
 1.89169e-14
 6.71043e-14
 1.94247e-13
 4.52015e-13
 8.03668e-13
 1.13416e-12
 1.34571e-12
 1.32888e-12
 1.02466e-12
 6.39461e-13
 3.51831e-13
 1.55777e-13
 5.38299e-14
 1.39727e-14
 2.59334e-15
 4.26062e-15
 1.85521e-14
 7.49643e-14
 2.81352e-13
 9.30233e-13
 2.54036e-12
 5.64361e-12
 9.69262e-12
 1.33832e-11
 1.57128e-11
 1.54865e-11
 1.19460e-11
 7.45450e-12
 4.12808e-12
 1.84985e-12
 6.50078e-13
 1.72559e-13
 3.29957e-14
 5.68397e-14
 2.35732e-13
 9.02476e-13
 3.19085e-12
 9.96182e-12
 2.59678e-11
 5.56741e-11
 9.33261e-11
 1.27067e-10
 1.48338e-10
 1.47027e-10
 1.14308e-10
 7.15342e-11
 3.99840e-11
 1.81869e-11
 6.51458e-12
 1.77096e-12
 3.49069e-13
 5.67081e-13
 2.26823e-12
 8.33046e-12
 2.80913e-11
 8.37809e-11
 2.10723e-10
 4.40455e-10
 7.27596e-10
 9.83928e-10
 1.14712e-09
 1.15084e-09
 9.08411e-10
 5.72627e-10
 3.23913e-10
 1.50031e-10
 5.49271e-11
 1.53213e-11
 3.11608e-12
 4.30128e-12
 1.67745e-11
 5.97554e-11
 1.94313e-10
 5.59532e-10
 1.37160e-09
 2.82230e-09
 4.63762e-09
 6.27339e-09
 7.33536e-09
 7.48626e-09
 6.04287e-09
 3.86217e-09
 2.21592e-09
 1.04896e-09
 3.93787e-10
 1.12994e-10
 2.37482e-11
 2.50733e-11
 9.62508e-11
 3.35847e-10
 1.06382e-09
 2.98707e-09
 7.20503e-09
 1.47307e-08
 2.43024e-08
 3.31292e-08
 3.90389e-08
 4.06520e-08
 3.37938e-08
 2.21091e-08
 1.28869e-08
 6.26021e-09
 2.41943e-09
 7.16517e-10
 1.55956e-10
 1.13057e-10
 4.30747e-10
 1.48533e-09
 4.62665e-09
 1.27911e-08
 3.06494e-08
 6.28379e-08
 1.04989e-07
 1.45207e-07
 1.73563e-07
 1.84480e-07
 1.59050e-07
 1.07978e-07
 6.39591e-08
 3.20358e-08
 1.28077e-08
 3.93172e-09
 8.88910e-10
 3.95694e-10
 1.50695e-09
 5.17719e-09
 1.60077e-08
 4.40220e-08
 1.05898e-07
 2.20072e-07
 3.75716e-07
 5.29753e-07
 6.43681e-07
 6.96461e-07
 6.30003e-07
 4.51027e-07
 2.71271e-07
 1.40855e-07
 5.85918e-08
 1.87494e-08
 4.42153e-09
 1.07668e-09
 4.12395e-09
 1.42297e-08
 4.41409e-08
 1.22281e-07
 2.99111e-07
 6.38027e-07
 1.12301e-06
 1.61887e-06
 1.99781e-06
 2.19528e-06
 2.08519e-06
 1.58462e-06
 9.82415e-07
 5.31728e-07
 2.31735e-07
 7.78752e-08
 1.92671e-08
 2.28455e-09
 8.87489e-09
 3.11687e-08
 9.88816e-08
 2.81357e-07
 7.10714e-07
 1.57576e-06
 2.86138e-06
 4.18114e-06
 5.18323e-06
 5.73206e-06
 5.67365e-06
 4.61794e-06
 3.02933e-06
 1.71513e-06
 7.90428e-07
 2.81680e-07
 7.37180e-08
 3.85173e-09
 1.50624e-08
 5.32853e-08
 1.70259e-07
 4.90906e-07
 1.27576e-06
 2.95378e-06
 5.50848e-06
 8.03697e-06
 9.81789e-06
 1.07593e-05
 1.08983e-05
 9.73997e-06
 7.38218e-06
 4.66702e-06
 2.31641e-06
 8.84927e-07
 2.47778e-07
 4.76926e-09
 1.86473e-08
 6.59842e-08
 2.11193e-07
 6.15392e-07
 1.64137e-06
 3.95179e-06
 7.61987e-06
 1.12462e-05
 1.36744e-05
 1.49130e-05
 1.52754e-05
 1.46348e-05
 1.27006e-05
 9.50894e-06
 5.60734e-06
 2.40516e-06
 7.30239e-07
 4.24176e-09
 1.64179e-08
 5.79381e-08
 1.87682e-07
 5.63709e-07
 1.57428e-06
 4.00665e-06
 8.21380e-06
 1.26027e-05
 1.55905e-05
 1.71602e-05
 1.77266e-05
 1.75633e-05
 1.65362e-05
 1.42383e-05
 1.02333e-05
 5.39124e-06
 1.87827e-06
 2.72618e-09
 1.02267e-08
 3.54697e-08
 1.16375e-07
 3.67946e-07
 1.11701e-06
 3.15116e-06
 7.36229e-06
 1.23934e-05
 1.60475e-05
 1.80043e-05
 1.87957e-05
 1.89437e-05
 1.85306e-05
 1.72482e-05
 1.43749e-05
 9.42063e-06
 4.11327e-06
 1.17681e-09
 4.15510e-09
 1.37951e-08
 4.57787e-08
 1.58607e-07
 5.63345e-07
 1.90409e-06
 5.38264e-06
 1.06692e-05
 1.53486e-05
 1.80005e-05
 1.90951e-05
 1.94514e-05
 1.93863e-05
 1.87815e-05
 1.70419e-05
 1.31445e-05
 7.19461e-06
 3.17793e-10
 9.93695e-10
 2.94401e-09
 1.00143e-08
 4.35040e-08
 2.16513e-07
 9.76807e-07
 3.31708e-06
 7.85557e-06
 1.32780e-05
 1.71688e-05
 1.89274e-05
 1.95467e-05
 1.96768e-05
 1.94524e-05
 1.84899e-05
 1.57800e-05
 1.03830e-05
 6.41747e-11
 1.60437e-10
 3.18887e-10
 8.97760e-10
 7.66531e-09
 7.80448e-08
 4.98444e-07
 1.95399e-06
 5.19734e-06
 1.02093e-05
 1.51755e-05
 1.81671e-05
 1.93620e-05
 1.97201e-05
 1.96986e-05
 1.91977e-05
 1.74077e-05
 1.30522e-05
 1.08957e-11
 2.18665e-11
 2.72519e-11
 2.58390e-11
 2.21277e-09
 3.89900e-08
 2.83786e-07
 1.18105e-06
 3.35696e-06
 7.26685e-06
 1.23908e-05
 1.66443e-05
 1.88122e-05
 1.96007e-05
 1.97595e-05
 1.95170e-05
 1.83444e-05
 1.49461e-05
 1.63219e-12
 2.70258e-12
 2.45756e-12
 1.87107e-11
 1.72128e-09
 2.57356e-08
 1.76645e-07
 7.37259e-07
 2.19076e-06
 5.08669e-06
 9.64585e-06
 1.45901e-05
 1.78920e-05
 1.93044e-05
 1.97246e-05
 1.96519e-05
 1.88713e-05
 1.62249e-05
 2.34617e-40
 1.95116e-38
 1.56227e-36
 1.18092e-34
 4.04726e-33
 5.96652e-32
 4.91488e-31
 2.48734e-30
 7.96513e-30
 1.70237e-29
 2.62214e-29
 2.78454e-29
 2.16161e-29
 1.33545e-29
 6.04703e-30
 1.94371e-30
 4.23254e-31
 5.85696e-32
 6.66224e-35
 1.81299e-33
 4.73709e-32
 1.18106e-30
 2.01385e-29
 1.97450e-28
 1.22217e-27
 4.99233e-27
 1.34860e-26
 2.52004e-26
 3.50901e-26
 3.46304e-26
 2.53330e-26
 1.51080e-26
 6.72365e-27
 2.16178e-27
 4.79595e-28
 6.89260e-29
 4.37399e-31
 7.05000e-30
 1.08857e-28
 1.60708e-27
 1.81343e-26
 1.33125e-25
 6.61427e-25
 2.27704e-24
 5.30414e-24
 8.83370e-24
 1.13491e-23
 1.05638e-23
 7.35803e-24
 4.27226e-24
 1.87779e-24
 6.05403e-25
 1.36855e-25
 2.03906e-26
 5.30152e-28
 6.06401e-27
 6.62774e-26
 6.92180e-25
 5.82555e-24
 3.42213e-23
 1.42416e-22
 4.25190e-22
 8.73148e-22
 1.32033e-21
 1.58900e-21
 1.41247e-21
 9.47133e-22
 5.38388e-22
 2.34688e-22
 7.60322e-23
 1.75153e-23
 2.70113e-24
 2.17806e-25
 1.93797e-24
 1.64279e-23
 1.32804e-22
 8.92291e-22
 4.38256e-21
 1.57535e-20
 4.15104e-20
 7.69771e-20
 1.07723e-19
 1.22789e-19
 1.05153e-19
 6.85167e-20
 3.83424e-20
 1.66368e-20
 5.42610e-21
 1.27400e-21
 2.03068e-22
 4.04881e-23
 2.96758e-22
 2.06514e-21
 1.36651e-20
 7.66722e-20
 3.25225e-19
 1.03672e-18
 2.44005e-18
 4.16690e-18
 5.50257e-18
 5.98975e-18
 4.97050e-18
 3.17587e-18
 1.75795e-18
 7.61695e-19
 2.50517e-19
 5.99601e-20
 9.86639e-21
 4.02507e-21
 2.52932e-20
 1.50316e-19
 8.46241e-19
 4.09533e-18
 1.53739e-17
 4.43191e-17
 9.46450e-17
 1.51184e-16
 1.92009e-16
 2.01093e-16
 1.62075e-16
 1.02457e-16
 5.63308e-17
 2.44430e-17
 8.11955e-18
 1.98161e-18
 3.36298e-19
 2.38214e-19
 1.32239e-18
 6.91272e-18
 3.40846e-17
 1.45861e-16
 4.94089e-16
 1.30805e-15
 2.58710e-15
 3.92117e-15
 4.83475e-15
 4.91820e-15
 3.87624e-15
 2.43446e-15
 1.33437e-15
 5.81408e-16
 1.95368e-16
 4.86384e-17
 8.50721e-18
 9.04872e-18
 4.54592e-17
 2.14069e-16
 9.46317e-16
 3.65538e-15
 1.13627e-14
 2.80219e-14
 5.21874e-14
 7.59393e-14
 9.15629e-14
 9.13544e-14
 7.09457e-14
 4.43731e-14
 2.43294e-14
 1.06722e-14
 3.63347e-15
 9.23289e-16
 1.66364e-16
 2.33351e-16
 1.08228e-15
 4.68209e-15
 1.89169e-14
 6.71043e-14
 1.94247e-13
 4.52015e-13
 8.03668e-13
 1.13416e-12
 1.34571e-12
 1.32888e-12
 1.02466e-12
 6.39461e-13
 3.51831e-13
 1.55777e-13
 5.38299e-14
 1.39727e-14
 2.59334e-15
 4.26062e-15
 1.85521e-14
 7.49643e-14
 2.81352e-13
 9.30233e-13
 2.54036e-12
 5.64361e-12
 9.69262e-12
 1.33832e-11
 1.57128e-11
 1.54865e-11
 1.19460e-11
 7.45450e-12
 4.12808e-12
 1.84985e-12
 6.50078e-13
 1.72559e-13
 3.29957e-14
 5.68397e-14
 2.35732e-13
 9.02476e-13
 3.19085e-12
 9.96182e-12
 2.59678e-11
 5.56741e-11
 9.33261e-11
 1.27067e-10
 1.48338e-10
 1.47027e-10
 1.14308e-10
 7.15342e-11
 3.99840e-11
 1.81869e-11
 6.51458e-12
 1.77096e-12
 3.49069e-13
 5.67081e-13
 2.26823e-12
 8.33046e-12
 2.80913e-11
 8.37809e-11
 2.10723e-10
 4.40455e-10
 7.27596e-10
 9.83928e-10
 1.14712e-09
 1.15084e-09
 9.08411e-10
 5.72627e-10
 3.23913e-10
 1.50031e-10
 5.49271e-11
 1.53213e-11
 3.11608e-12
 4.30128e-12
 1.67745e-11
 5.97554e-11
 1.94313e-10
 5.59532e-10
 1.37160e-09
 2.82230e-09
 4.63762e-09
 6.27339e-09
 7.33536e-09
 7.48626e-09
 6.04287e-09
 3.86217e-09
 2.21592e-09
 1.04896e-09
 3.93787e-10
 1.12994e-10
 2.37482e-11
 2.50733e-11
 9.62508e-11
 3.35847e-10
 1.06382e-09
 2.98707e-09
 7.20503e-09
 1.47307e-08
 2.43024e-08
 3.31292e-08
 3.90389e-08
 4.06520e-08
 3.37938e-08
 2.21091e-08
 1.28869e-08
 6.26021e-09
 2.41943e-09
 7.16517e-10
 1.55956e-10
 1.13057e-10
 4.30747e-10
 1.48533e-09
 4.62665e-09
 1.27911e-08
 3.06494e-08
 6.28379e-08
 1.04989e-07
 1.45207e-07
 1.73563e-07
 1.84480e-07
 1.59050e-07
 1.07978e-07
 6.39591e-08
 3.20358e-08
 1.28077e-08
 3.93172e-09
 8.88910e-10
 3.95694e-10
 1.50695e-09
 5.17719e-09
 1.60077e-08
 4.40220e-08
 1.05898e-07
 2.20072e-07
 3.75716e-07
 5.29753e-07
 6.43681e-07
 6.96461e-07
 6.30003e-07
 4.51027e-07
 2.71271e-07
 1.40855e-07
 5.85918e-08
 1.87494e-08
 4.42153e-09
 1.07668e-09
 4.12395e-09
 1.42297e-08
 4.41409e-08
 1.22281e-07
 2.99111e-07
 6.38027e-07
 1.12301e-06
 1.61887e-06
 1.99781e-06
 2.19528e-06
 2.08519e-06
 1.58462e-06
 9.82415e-07
 5.31728e-07
 2.31735e-07
 7.78752e-08
 1.92671e-08
 2.28455e-09
 8.87489e-09
 3.11687e-08
 9.88816e-08
 2.81357e-07
 7.10714e-07
 1.57576e-06
 2.86138e-06
 4.18114e-06
 5.18323e-06
 5.73206e-06
 5.67365e-06
 4.61794e-06
 3.02933e-06
 1.71513e-06
 7.90428e-07
 2.81680e-07
 7.37180e-08
 3.85173e-09
 1.50624e-08
 5.32853e-08
 1.70259e-07
 4.90906e-07
 1.27576e-06
 2.95378e-06
 5.50848e-06
 8.03697e-06
 9.81789e-06
 1.07593e-05
 1.08983e-05
 9.73997e-06
 7.38218e-06
 4.66702e-06
 2.31641e-06
 8.84927e-07
 2.47778e-07
 4.76926e-09
 1.86473e-08
 6.59842e-08
 2.11193e-07
 6.15392e-07
 1.64137e-06
 3.95179e-06
 7.61987e-06
 1.12462e-05
 1.36744e-05
 1.49130e-05
 1.52754e-05
 1.46348e-05
 1.27006e-05
 9.50894e-06
 5.60734e-06
 2.40516e-06
 7.30239e-07
 4.24176e-09
 1.64179e-08
 5.79381e-08
 1.87682e-07
 5.63709e-07
 1.57428e-06
 4.00665e-06
 8.21380e-06
 1.26027e-05
 1.55905e-05
 1.71602e-05
 1.77266e-05
 1.75633e-05
 1.65362e-05
 1.42383e-05
 1.02333e-05
 5.39124e-06
 1.87827e-06
 2.72618e-09
 1.02267e-08
 3.54697e-08
 1.16375e-07
 3.67946e-07
 1.11701e-06
 3.15116e-06
 7.36229e-06
 1.23934e-05
 1.60475e-05
 1.80043e-05
 1.87957e-05
 1.89437e-05
 1.85306e-05
 1.72482e-05
 1.43749e-05
 9.42063e-06
 4.11327e-06
 1.17681e-09
 4.15510e-09
 1.37951e-08
 4.57787e-08
 1.58607e-07
 5.63345e-07
 1.90409e-06
 5.38264e-06
 1.06692e-05
 1.53486e-05
 1.80005e-05
 1.90951e-05
 1.94514e-05
 1.93863e-05
 1.87815e-05
 1.70419e-05
 1.31445e-05
 7.19461e-06
 3.17793e-10
 9.93695e-10
 2.94401e-09
 1.00143e-08
 4.35040e-08
 2.16513e-07
 9.76807e-07
 3.31708e-06
 7.85557e-06
 1.32780e-05
 1.71688e-05
 1.89274e-05
 1.95467e-05
 1.96768e-05
 1.94524e-05
 1.84899e-05
 1.57800e-05
 1.03830e-05
 6.41747e-11
 1.60437e-10
 3.18887e-10
 8.97760e-10
 7.66531e-09
 7.80448e-08
 4.98444e-07
 1.95399e-06
 5.19734e-06
 1.02093e-05
 1.51755e-05
 1.81671e-05
 1.93620e-05
 1.97201e-05
 1.96986e-05
 1.91977e-05
 1.74077e-05
 1.30522e-05
 1.08957e-11
 2.18665e-11
 2.72519e-11
 2.58390e-11
 2.21277e-09
 3.89900e-08
 2.83786e-07
 1.18105e-06
 3.35696e-06
 7.26685e-06
 1.23908e-05
 1.66443e-05
 1.88122e-05
 1.96007e-05
 1.97595e-05
 1.95170e-05
 1.83444e-05
 1.49461e-05
 1.63219e-12
 2.70258e-12
 2.45756e-12
 1.87107e-11
 1.72128e-09
 2.57356e-08
 1.76645e-07
 7.37259e-07
 2.19076e-06
 5.08669e-06
 9.64585e-06
 1.45901e-05
 1.78920e-05
 1.93044e-05
 1.97246e-05
 1.96519e-05
 1.88713e-05
 1.62249e-05
part
         4
coordinates
 1.33545e-29
 6.04703e-30
 1.94371e-30
 4.23254e-31
 5.85696e-32
 4.73817e-33
 2.02590e-34
 4.07920e-36
 3.38771e-38
 9.86389e-41
 8.08864e-44
 1.34730e-47
 2.64443e-52
 2.14171e-58
 5.46711e-67
 6.21798e-83
 1.51080e-26
 6.72365e-27
 2.16178e-27
 4.79595e-28
 6.89260e-29
 5.90765e-30
 2.73061e-31
 6.06481e-33
 5.67331e-35
 1.90450e-37
 1.85209e-40
 3.79718e-44
 9.68115e-49
 1.11237e-54
 4.80976e-63
 1.67269e-78
 4.27226e-24
 1.87779e-24
 6.05403e-25
 1.36855e-25
 2.03906e-26
 1.84585e-27
 9.18830e-29
 2.24245e-30
 2.35447e-32
 9.08465e-35
 1.04504e-37
 2.63180e-41
 8.70251e-46
 1.41708e-51
 1.03725e-59
 1.10275e-74
 5.38388e-22
 2.34688e-22
 7.60322e-23
 1.75153e-23
 2.70113e-24
 2.57503e-25
 1.37543e-26
 3.67459e-28
 4.31504e-30
 1.90773e-32
 2.58911e-35
 7.99255e-39
 3.42227e-43
 7.88891e-49
 9.76909e-57
 3.17429e-71
 3.83424e-20
 1.66368e-20
 5.42610e-21
 1.27400e-21
 2.03068e-22
 2.03331e-23
 1.16143e-24
 3.38422e-26
 4.42920e-28
 2.23680e-30
 3.57225e-33
 1.34891e-36
 7.46722e-41
 2.43411e-46
 5.09635e-54
 5.06004e-68
 1.75795e-18
 7.61695e-19
 2.50517e-19
 5.99601e-20
 9.86639e-21
 1.03521e-21
 6.30366e-23
 1.99645e-24
 2.90241e-26
 1.66927e-28
 3.12906e-31
 1.44234e-34
 1.03067e-38
 4.74589e-44
 1.67905e-51
 5.09302e-65
 5.63308e-17
 2.44430e-17
 8.11955e-18
 1.98161e-18
 3.36298e-19
 3.69004e-20
 2.38869e-21
 8.19689e-23
 1.31952e-24
 8.61799e-27
 1.89149e-29
 1.06223e-32
 9.78370e-37
 6.35742e-42
 3.79860e-49
 3.51948e-62
 1.33437e-15
 5.81408e-16
 1.95368e-16
 4.86384e-17
 8.50721e-18
 9.74575e-19
 6.69052e-20
 2.48051e-21
 4.40882e-23
 3.26121e-25
 8.36181e-28
 5.71055e-31
 6.77008e-35
 6.20230e-40
 6.25583e-47
 1.77026e-59
 2.43294e-14
 1.06722e-14
 3.63347e-15
 9.23289e-16
 1.66364e-16
 1.98726e-17
 1.44393e-18
 5.76975e-20
 1.12937e-21
 9.43882e-24
 2.82137e-26
 2.33925e-29
 3.56521e-33
 4.60122e-38
 7.83120e-45
 6.76797e-57
 3.51831e-13
 1.55777e-13
 5.38299e-14
 1.39727e-14
 2.59334e-15
 3.22728e-16
 2.47800e-17
 1.06502e-18
 2.29080e-20
 2.15864e-22
 7.50847e-25
 7.54690e-28
 1.47709e-31
 2.68368e-36
 7.70528e-43
 2.03382e-54
 4.12808e-12
 1.84985e-12
 6.50078e-13
 1.72559e-13
 3.29957e-14
 4.27573e-15
 3.46559e-16
 1.59957e-17
 3.77404e-19
 4.00273e-21
 1.61767e-23
 1.96869e-26
 4.94386e-30
 1.26388e-34
 6.12067e-41
 4.93484e-52
 3.99840e-11
 1.81869e-11
 6.51458e-12
 1.77096e-12
 3.49069e-13
 4.70997e-14
 4.02749e-15
 1.99421e-16
 5.15437e-18
 6.14464e-20
 2.88186e-22
 4.24249e-25
 1.36609e-28
 4.91241e-33
 4.01256e-39
 9.88441e-50
 3.23913e-10
 1.50031e-10
 5.49271e-11
 1.53213e-11
 3.11608e-12
 4.37968e-13
 3.95084e-14
 2.09753e-15
 5.93417e-17
 7.94431e-19
 4.32033e-21
 7.68862e-24
 3.17332e-27
 1.60492e-31
 2.21147e-37
 1.66505e-47
 2.21592e-09
 1.04896e-09
 3.93787e-10
 1.12994e-10
 2.37482e-11
 3.47989e-12
 3.31339e-13
 1.88625e-14
 5.83948e-16
 8.77525e-18
 5.53123e-20
 1.18963e-22
 6.29277e-26
 4.47672e-30
 1.04097e-35
 2.39675e-45
 1.28869e-08
 6.26021e-09
 2.41943e-09
 7.16517e-10
 1.55956e-10
 2.38574e-11
 2.40041e-12
 1.46627e-13
 4.96870e-15
 8.38213e-17
 6.12395e-19
 1.59192e-21
 1.07947e-24
 1.08062e-28
 4.24265e-34
 2.98918e-43
 6.39591e-08
 3.20358e-08
 1.28077e-08
 3.93172e-09
 8.88910e-10
 1.42227e-10
 1.51491e-11
 9.94247e-13
 3.69131e-14
 6.99519e-16
 5.92674e-18
 1.86303e-20
 1.62037e-23
 2.28408e-27
 1.51530e-32
 3.26973e-41
 2.71271e-07
 1.40855e-07
 5.85918e-08
 1.87494e-08
 4.42153e-09
 7.41773e-10
 8.38509e-11
 5.92503e-12
 2.41393e-13
 5.14511e-15
 5.06060e-17
 1.92547e-19
 2.15002e-22
 4.27166e-26
 4.79346e-31
 3.17112e-39
 9.82415e-07
 5.31728e-07
 2.31735e-07
 7.78752e-08
 1.92671e-08
 3.39989e-09
 4.09222e-10
 3.12210e-11
 1.39906e-12
 3.36031e-14
 3.84306e-16
 1.77240e-18
 2.54430e-21
 7.13430e-25
 1.35591e-29
 2.75354e-37
 3.02933e-06
 1.71513e-06
 7.90428e-07
 2.81680e-07
 7.37180e-08
 1.37393e-08
 1.76800e-09
 1.46174e-10
 7.22700e-12
 1.96112e-13
 2.61370e-15
 1.46402e-17
 2.70664e-20
 1.07293e-23
 3.45913e-28
 2.15962e-35
 7.38218e-06
 4.66702e-06
 2.31641e-06
 8.84927e-07
 2.47778e-07
 4.90527e-08
 6.78093e-09
 6.10360e-10
 3.34255e-11
 1.02821e-12
 1.60154e-14
 1.09228e-16
 2.60668e-19
 1.46385e-22
 8.02119e-27
 1.54228e-33
 1.27006e-05
 9.50894e-06
 5.60734e-06
 2.40516e-06
 7.30239e-07
 1.54885e-07
 2.31259e-08
 2.27903e-09
 1.38915e-10
 4.86420e-12
 8.88659e-14
 7.40299e-16
 2.28693e-18
 1.82402e-21
 1.70260e-25
 1.01029e-31
 1.65362e-05
 1.42383e-05
 1.02333e-05
 5.39124e-06
 1.87827e-06
 4.32629e-07
 7.01686e-08
 7.62234e-09
 5.20133e-10
 2.08360e-11
 4.48439e-13
 4.58054e-15
 1.83794e-17
 2.08828e-20
 3.32950e-24
 6.11164e-30
 1.85306e-05
 1.72482e-05
 1.43749e-05
 9.42063e-06
 4.11327e-06
 1.06896e-06
 1.89333e-07
 2.28509e-08
 1.75759e-09
 8.10274e-11
 2.06510e-12
 2.59827e-14
 1.35965e-16
 2.20862e-19
 6.03363e-23
 3.43560e-28
 1.93863e-05
 1.87815e-05
 1.70419e-05
 1.31445e-05
 7.19461e-06
 2.33548e-06
 4.53818e-07
 6.13947e-08
 5.36435e-09
 2.86566e-10
 8.70157e-12
 1.35585e-13
 9.29723e-16
 2.16826e-18
 1.01864e-21
 1.80503e-26
 1.96768e-05
 1.94524e-05
 1.84899e-05
 1.57800e-05
 1.03830e-05
 4.30479e-06
 9.65829e-07
 1.47720e-07
 1.47874e-08
 9.22481e-10
 3.36060e-11
 6.52556e-13
 5.89613e-15
 1.98372e-17
 1.60918e-20
 8.90198e-25
 1.97201e-05
 1.96986e-05
 1.91977e-05
 1.74077e-05
 1.30522e-05
 6.57778e-06
 1.82955e-06
 3.17896e-07
 3.67583e-08
 2.69916e-09
 1.18828e-10
 2.89389e-12
 3.46360e-14
 1.68742e-16
 2.36614e-19
 4.05973e-23
 1.96007e-05
 1.97595e-05
 1.95170e-05
 1.83444e-05
 1.49461e-05
 8.72928e-06
 3.01028e-06
 5.99154e-07
 7.96654e-08
 6.84532e-09
 3.60831e-10
 1.08554e-11
 1.67709e-13
 1.12824e-15
 2.46241e-18
 8.77137e-22
 1.93044e-05
 1.97246e-05
 1.96519e-05
 1.88713e-05
 1.62249e-05
 1.05565e-05
 4.27574e-06
 9.70457e-07
 1.46686e-07
 1.44432e-08
 8.89776e-10
 3.20471e-11
 6.11753e-13
 5.31352e-15
 1.60117e-17
 8.87987e-21
 1.33545e-29
 6.04703e-30
 1.94371e-30
 4.23254e-31
 5.85696e-32
 4.73817e-33
 2.02590e-34
 4.07920e-36
 3.38771e-38
 9.86389e-41
 8.08864e-44
 1.34730e-47
 2.64443e-52
 2.14171e-58
 5.46711e-67
 6.21798e-83
 1.51080e-26
 6.72365e-27
 2.16178e-27
 4.79595e-28
 6.89260e-29
 5.90765e-30
 2.73061e-31
 6.06481e-33
 5.67331e-35
 1.90450e-37
 1.85209e-40
 3.79718e-44
 9.68115e-49
 1.11237e-54
 4.80976e-63
 1.67269e-78
 4.27226e-24
 1.87779e-24
 6.05403e-25
 1.36855e-25
 2.03906e-26
 1.84585e-27
 9.18830e-29
 2.24245e-30
 2.35447e-32
 9.08465e-35
 1.04504e-37
 2.63180e-41
 8.70251e-46
 1.41708e-51
 1.03725e-59
 1.10275e-74
 5.38388e-22
 2.34688e-22
 7.60322e-23
 1.75153e-23
 2.70113e-24
 2.57503e-25
 1.37543e-26
 3.67459e-28
 4.31504e-30
 1.90773e-32
 2.58911e-35
 7.99255e-39
 3.42227e-43
 7.88891e-49
 9.76909e-57
 3.17429e-71
 3.83424e-20
 1.66368e-20
 5.42610e-21
 1.27400e-21
 2.03068e-22
 2.03331e-23
 1.16143e-24
 3.38422e-26
 4.42920e-28
 2.23680e-30
 3.57225e-33
 1.34891e-36
 7.46722e-41
 2.43411e-46
 5.09635e-54
 5.06004e-68
 1.75795e-18
 7.61695e-19
 2.50517e-19
 5.99601e-20
 9.86639e-21
 1.03521e-21
 6.30366e-23
 1.99645e-24
 2.90241e-26
 1.66927e-28
 3.12906e-31
 1.44234e-34
 1.03067e-38
 4.74589e-44
 1.67905e-51
 5.09302e-65
 5.63308e-17
 2.44430e-17
 8.11955e-18
 1.98161e-18
 3.36298e-19
 3.69004e-20
 2.38869e-21
 8.19689e-23
 1.31952e-24
 8.61799e-27
 1.89149e-29
 1.06223e-32
 9.78370e-37
 6.35742e-42
 3.79860e-49
 3.51948e-62
 1.33437e-15
 5.81408e-16
 1.95368e-16
 4.86384e-17
 8.50721e-18
 9.74575e-19
 6.69052e-20
 2.48051e-21
 4.40882e-23
 3.26121e-25
 8.36181e-28
 5.71055e-31
 6.77008e-35
 6.20230e-40
 6.25583e-47
 1.77026e-59
 2.43294e-14
 1.06722e-14
 3.63347e-15
 9.23289e-16
 1.66364e-16
 1.98726e-17
 1.44393e-18
 5.76975e-20
 1.12937e-21
 9.43882e-24
 2.82137e-26
 2.33925e-29
 3.56521e-33
 4.60122e-38
 7.83120e-45
 6.76797e-57
 3.51831e-13
 1.55777e-13
 5.38299e-14
 1.39727e-14
 2.59334e-15
 3.22728e-16
 2.47800e-17
 1.06502e-18
 2.29080e-20
 2.15864e-22
 7.50847e-25
 7.54690e-28
 1.47709e-31
 2.68368e-36
 7.70528e-43
 2.03382e-54
 4.12808e-12
 1.84985e-12
 6.50078e-13
 1.72559e-13
 3.29957e-14
 4.27573e-15
 3.46559e-16
 1.59957e-17
 3.77404e-19
 4.00273e-21
 1.61767e-23
 1.96869e-26
 4.94386e-30
 1.26388e-34
 6.12067e-41
 4.93484e-52
 3.99840e-11
 1.81869e-11
 6.51458e-12
 1.77096e-12
 3.49069e-13
 4.70997e-14
 4.02749e-15
 1.99421e-16
 5.15437e-18
 6.14464e-20
 2.88186e-22
 4.24249e-25
 1.36609e-28
 4.91241e-33
 4.01256e-39
 9.88441e-50
 3.23913e-10
 1.50031e-10
 5.49271e-11
 1.53213e-11
 3.11608e-12
 4.37968e-13
 3.95084e-14
 2.09753e-15
 5.93417e-17
 7.94431e-19
 4.32033e-21
 7.68862e-24
 3.17332e-27
 1.60492e-31
 2.21147e-37
 1.66505e-47
 2.21592e-09
 1.04896e-09
 3.93787e-10
 1.12994e-10
 2.37482e-11
 3.47989e-12
 3.31339e-13
 1.88625e-14
 5.83948e-16
 8.77525e-18
 5.53123e-20
 1.18963e-22
 6.29277e-26
 4.47672e-30
 1.04097e-35
 2.39675e-45
 1.28869e-08
 6.26021e-09
 2.41943e-09
 7.16517e-10
 1.55956e-10
 2.38574e-11
 2.40041e-12
 1.46627e-13
 4.96870e-15
 8.38213e-17
 6.12395e-19
 1.59192e-21
 1.07947e-24
 1.08062e-28
 4.24265e-34
 2.98918e-43
 6.39591e-08
 3.20358e-08
 1.28077e-08
 3.93172e-09
 8.88910e-10
 1.42227e-10
 1.51491e-11
 9.94247e-13
 3.69131e-14
 6.99519e-16
 5.92674e-18
 1.86303e-20
 1.62037e-23
 2.28408e-27
 1.51530e-32
 3.26973e-41
 2.71271e-07
 1.40855e-07
 5.85918e-08
 1.87494e-08
 4.42153e-09
 7.41773e-10
 8.38509e-11
 5.92503e-12
 2.41393e-13
 5.14511e-15
 5.06060e-17
 1.92547e-19
 2.15002e-22
 4.27166e-26
 4.79346e-31
 3.17112e-39
 9.82415e-07
 5.31728e-07
 2.31735e-07
 7.78752e-08
 1.92671e-08
 3.39989e-09
 4.09222e-10
 3.12210e-11
 1.39906e-12
 3.36031e-14
 3.84306e-16
 1.77240e-18
 2.54430e-21
 7.13430e-25
 1.35591e-29
 2.75354e-37
 3.02933e-06
 1.71513e-06
 7.90428e-07
 2.81680e-07
 7.37180e-08
 1.37393e-08
 1.76800e-09
 1.46174e-10
 7.22700e-12
 1.96112e-13
 2.61370e-15
 1.46402e-17
 2.70664e-20
 1.07293e-23
 3.45913e-28
 2.15962e-35
 7.38218e-06
 4.66702e-06
 2.31641e-06
 8.84927e-07
 2.47778e-07
 4.90527e-08
 6.78093e-09
 6.10360e-10
 3.34255e-11
 1.02821e-12
 1.60154e-14
 1.09228e-16
 2.60668e-19
 1.46385e-22
 8.02119e-27
 1.54228e-33
 1.27006e-05
 9.50894e-06
 5.60734e-06
 2.40516e-06
 7.30239e-07
 1.54885e-07
 2.31259e-08
 2.27903e-09
 1.38915e-10
 4.86420e-12
 8.88659e-14
 7.40299e-16
 2.28693e-18
 1.82402e-21
 1.70260e-25
 1.01029e-31
 1.65362e-05
 1.42383e-05
 1.02333e-05
 5.39124e-06
 1.87827e-06
 4.32629e-07
 7.01686e-08
 7.62234e-09
 5.20133e-10
 2.08360e-11
 4.48439e-13
 4.58054e-15
 1.83794e-17
 2.08828e-20
 3.32950e-24
 6.11164e-30
 1.85306e-05
 1.72482e-05
 1.43749e-05
 9.42063e-06
 4.11327e-06
 1.06896e-06
 1.89333e-07
 2.28509e-08
 1.75759e-09
 8.10274e-11
 2.06510e-12
 2.59827e-14
 1.35965e-16
 2.20862e-19
 6.03363e-23
 3.43560e-28
 1.93863e-05
 1.87815e-05
 1.70419e-05
 1.31445e-05
 7.19461e-06
 2.33548e-06
 4.53818e-07
 6.13947e-08
 5.36435e-09
 2.86566e-10
 8.70157e-12
 1.35585e-13
 9.29723e-16
 2.16826e-18
 1.01864e-21
 1.80503e-26
 1.96768e-05
 1.94524e-05
 1.84899e-05
 1.57800e-05
 1.03830e-05
 4.30479e-06
 9.65829e-07
 1.47720e-07
 1.47874e-08
 9.22481e-10
 3.36060e-11
 6.52556e-13
 5.89613e-15
 1.98372e-17
 1.60918e-20
 8.90198e-25
 1.97201e-05
 1.96986e-05
 1.91977e-05
 1.74077e-05
 1.30522e-05
 6.57778e-06
 1.82955e-06
 3.17896e-07
 3.67583e-08
 2.69916e-09
 1.18828e-10
 2.89389e-12
 3.46360e-14
 1.68742e-16
 2.36614e-19
 4.05973e-23
 1.96007e-05
 1.97595e-05
 1.95170e-05
 1.83444e-05
 1.49461e-05
 8.72928e-06
 3.01028e-06
 5.99154e-07
 7.96654e-08
 6.84532e-09
 3.60831e-10
 1.08554e-11
 1.67709e-13
 1.12824e-15
 2.46241e-18
 8.77137e-22
 1.93044e-05
 1.97246e-05
 1.96519e-05
 1.88713e-05
 1.62249e-05
 1.05565e-05
 4.27574e-06
 9.70457e-07
 1.46686e-07
 1.44432e-08
 8.89776e-10
 3.20471e-11
 6.11753e-13
 5.31352e-15
 1.60117e-17
 8.87987e-21
part
         5
coordinates
 1.01422e-41
 4.12120e-38
 3.56684e-35
 1.22103e-32
 2.15131e-30
 2.27203e-28
 1.59114e-26
 7.93539e-25
 2.92938e-23
 8.33105e-22
 1.88364e-20
 3.46920e-19
 5.30212e-18
 6.82320e-17
 7.48202e-16
 6.61047e-43
 4.00427e-39
 4.59285e-36
 1.95341e-33
 4.10586e-31
 5.02301e-29
 3.97690e-27
 2.19046e-25
 8.79253e-24
 2.68032e-22
 6.40856e-21
 1.23222e-19
 1.94377e-18
 2.56033e-17
 2.84433e-16
 1.73654e-44
 2.09789e-40
 3.60938e-37
 2.04582e-34
 5.36197e-32
 7.82774e-30
 7.15937e-28
 4.43817e-26
 1.96443e-24
 6.48718e-23
 1.65383e-21
 3.34249e-20
 5.47240e-19
 7.39096e-18
 8.32781e-17
 2.01578e-46
 7.29220e-42
 2.10266e-38
 1.67502e-35
 5.64562e-33
 1.00301e-30
 1.07410e-28
 7.57041e-27
 3.72060e-25
 1.33719e-23
 3.64595e-22
 7.76038e-21
 1.32025e-19
 1.83063e-18
 2.09417e-17
 2.18701e-48
 2.40628e-43
 1.16839e-39
 1.31007e-36
 5.67713e-34
 1.22580e-31
 1.53353e-29
 1.22519e-27
 6.66060e-26
 2.59398e-24
 7.52870e-23
 1.67957e-21
 2.95485e-20
 4.18607e-19
 4.83806e-18
 2.28369e-50
 7.64766e-45
 6.24853e-41
 9.84711e-38
 5.47523e-35
 1.43310e-32
 2.08808e-30
 1.88413e-28
 1.12832e-26
 4.74040e-25
 1.45782e-23
 3.39325e-22
 6.14557e-21
 8.85505e-20
 1.02934e-18
 2.28660e-52
 2.32816e-46
 3.19682e-42
 7.06908e-39
 5.03312e-36
 1.59307e-33
 2.69554e-31
 2.73778e-29
 1.79930e-27
 8.12255e-26
 2.63630e-24
 6.37775e-23
 1.18455e-21
 1.72926e-20
 2.01428e-19
 2.17747e-54
 6.73523e-48
 1.55254e-43
 4.81040e-40
 4.37789e-37
 1.67207e-34
 3.27710e-32
 3.73541e-30
 2.68541e-28
 1.29821e-26
 4.43216e-25
 1.11083e-23
 2.10901e-22
 3.10938e-21
 3.61835e-20
 1.95619e-56
 1.83685e-49
 7.10118e-45
 3.07912e-41
 3.57644e-38
 1.64521e-35
 3.72666e-33
 4.75496e-31
 3.72898e-29
 1.92508e-27
 6.89444e-26
 1.78539e-24
 3.45583e-23
 5.13230e-22
 5.95207e-21
 1.64399e-58
 4.68330e-51
 3.03405e-46
 1.83916e-42
 2.72284e-39
 1.50625e-36
 3.93595e-34
 5.60942e-32
 4.78795e-30
 2.63363e-28
 9.87259e-27
 2.63590e-25
 5.19051e-24
 7.74914e-23
 8.93897e-22
 1.28108e-60
 1.10660e-52
 1.20054e-47
 1.01648e-43
 1.91613e-40
 1.27309e-37
 3.83191e-35
 6.08942e-33
 5.64716e-31
 3.30388e-29
 1.29420e-27
 3.55661e-26
 7.11320e-25
 1.06592e-23
 1.22120e-22
 9.16997e-63
 2.40079e-54
 4.35938e-49
 5.15207e-45
 1.23561e-41
 9.85044e-39
 3.41136e-36
 6.03696e-34
 6.07490e-32
 3.77563e-30
 1.54364e-28
 4.36106e-27
 8.84835e-26
 1.32945e-24
 1.51100e-23
 5.96927e-65
 4.73517e-56
 1.43851e-50
 2.37190e-46
 7.23306e-43
 6.91442e-40
 2.75303e-37
 5.42073e-35
 5.91419e-33
 3.90189e-31
 1.66379e-29
 4.82859e-28
 9.93160e-27
 1.49515e-25
 1.68449e-24
 3.49570e-67
 8.39983e-58
 4.26814e-52
 9.81563e-48
 3.80479e-44
 4.35980e-41
 1.99493e-38
 4.36861e-36
 5.16590e-34
 3.61686e-32
 1.60803e-30
 4.79243e-29
 9.98976e-28
 1.50642e-26
 1.68155e-25
 1.82000e-69
 1.32453e-59
 1.12553e-53
 3.60983e-49
 1.77847e-45
 2.44258e-42
 1.28437e-39
 3.12803e-37
 4.00940e-35
 2.97949e-33
 1.38136e-31
 4.22817e-30
 8.93305e-29
 1.34938e-27
 1.49207e-26
 8.31474e-72
 1.83258e-61
 2.60427e-55
 1.16490e-50
 7.29545e-47
 1.20119e-43
 7.26033e-41
 1.96728e-38
 2.73468e-36
 2.15824e-34
 1.04403e-32
 3.28374e-31
 7.03524e-30
 1.06489e-28
 1.16650e-27
 3.28478e-74
 2.19254e-63
 5.21128e-57
 3.25179e-52
 2.58965e-48
 5.11400e-45
 3.55523e-42
 1.07261e-39
 1.61851e-37
 1.35791e-35
 6.86043e-34
 2.21932e-32
 4.82575e-31
 7.32418e-30
 7.95074e-29
 1.10358e-76
 2.23107e-65
 8.87110e-59
 7.72501e-54
 7.82735e-50
 1.85527e-46
 1.48480e-43
 4.99341e-41
 8.18977e-39
 7.31458e-37
 3.86478e-35
 1.28758e-33
 2.84498e-32
 4.33346e-31
 4.66443e-30
 3.09297e-79
 1.89415e-67
 1.26034e-60
 1.53245e-55
 1.97708e-51
 5.62998e-48
 5.19325e-45
 1.94966e-42
 3.48140e-40
 3.31582e-38
 1.83541e-36
 6.30809e-35
 1.41848e-33
 2.17091e-32
 2.31883e-31
 7.06877e-82
 1.31161e-69
 1.46107e-62
 2.48222e-57
 4.08133e-53
 1.39792e-49
 1.48838e-46
 6.24878e-44
 1.21724e-41
 1.23891e-39
 7.19930e-38
 2.55772e-36
 5.86400e-35
 9.02982e-34
 9.58124e-33
 1.28172e-84
 7.20762e-72
 1.34484e-64
 3.19486e-59
 6.70204e-55
 2.76493e-51
 3.40367e-48
 1.60133e-45
 3.41068e-43
 3.71850e-41
 2.27395e-39
 8.37080e-38
 1.96082e-36
 3.04293e-35
 3.21140e-34
 1.78209e-87
 3.03810e-74
 9.50038e-67
 3.15884e-61
 8.46459e-57
 4.21260e-53
 6.00718e-50
 3.17432e-47
 7.41134e-45
 8.67863e-43
 5.60026e-41
 2.14177e-39
 5.13812e-38
 8.05046e-37
 8.46300e-36
 1.81862e-90
 9.40246e-77
 4.93077e-69
 2.29685e-63
 7.87257e-59
 4.73441e-55
 7.83686e-52
 4.66290e-49
 1.19672e-46
 1.50954e-44
 1.03097e-42
 4.10833e-41
 1.01200e-39
 1.60417e-38
 1.68262e-37
 1.28433e-93
 2.01447e-79
 1.77282e-71
 1.15816e-65
 5.08488e-61
 3.70188e-57
 7.12885e-54
 4.78876e-51
 1.35497e-48
 1.84691e-46
 1.33935e-44
 5.57885e-43
 1.41503e-41
 2.27437e-40
 2.38480e-39
 5.77011e-97
 2.74680e-82
 4.05946e-74
 3.72340e-68
 2.09715e-63
 1.85178e-59
 4.15833e-56
 3.16243e-53
 9.89565e-51
 1.46235e-48
 1.12989e-46
 4.93604e-45
 1.29299e-43
 2.11245e-42
 2.21894e-41
1.44589e-100
 2.08982e-85
 5.19044e-77
 6.69163e-71
 4.84247e-66
 5.19635e-62
 1.36396e-58
 1.17772e-55
 4.08848e-53
 6.57266e-51
 5.43008e-49
 2.49673e-47
 6.77547e-46
 1.12819e-44
 1.18989e-43
1.59276e-104
 6.99247e-89
 2.92076e-80
 5.29873e-74
 4.93431e-69
 6.44743e-65
 1.98298e-61
 1.94962e-58
 7.53285e-56
 1.32196e-53
 1.17205e-51
 5.69252e-50
 1.60557e-48
 2.73253e-47
 2.90093e-46
4.32791e-109
 5.77347e-93
 4.05868e-84
 1.03728e-77
 1.24490e-72
 1.98463e-68
 7.16946e-65
 8.04917e-62
 3.47243e-59
 6.67536e-57
 6.37465e-55
 3.28241e-53
 9.65412e-52
 1.68446e-50
 1.80482e-49
 1.01422e-41
 4.12120e-38
 3.56684e-35
 1.22103e-32
 2.15131e-30
 2.27203e-28
 1.59114e-26
 7.93539e-25
 2.92938e-23
 8.33105e-22
 1.88364e-20
 3.46920e-19
 5.30212e-18
 6.82320e-17
 7.48202e-16
 6.61047e-43
 4.00427e-39
 4.59285e-36
 1.95341e-33
 4.10586e-31
 5.02301e-29
 3.97690e-27
 2.19046e-25
 8.79253e-24
 2.68032e-22
 6.40856e-21
 1.23222e-19
 1.94377e-18
 2.56033e-17
 2.84433e-16
 1.73654e-44
 2.09789e-40
 3.60938e-37
 2.04582e-34
 5.36197e-32
 7.82774e-30
 7.15937e-28
 4.43817e-26
 1.96443e-24
 6.48718e-23
 1.65383e-21
 3.34249e-20
 5.47240e-19
 7.39096e-18
 8.32781e-17
 2.01578e-46
 7.29220e-42
 2.10266e-38
 1.67502e-35
 5.64562e-33
 1.00301e-30
 1.07410e-28
 7.57041e-27
 3.72060e-25
 1.33719e-23
 3.64595e-22
 7.76038e-21
 1.32025e-19
 1.83063e-18
 2.09417e-17
 2.18701e-48
 2.40628e-43
 1.16839e-39
 1.31007e-36
 5.67713e-34
 1.22580e-31
 1.53353e-29
 1.22519e-27
 6.66060e-26
 2.59398e-24
 7.52870e-23
 1.67957e-21
 2.95485e-20
 4.18607e-19
 4.83806e-18
 2.28369e-50
 7.64766e-45
 6.24853e-41
 9.84711e-38
 5.47523e-35
 1.43310e-32
 2.08808e-30
 1.88413e-28
 1.12832e-26
 4.74040e-25
 1.45782e-23
 3.39325e-22
 6.14557e-21
 8.85505e-20
 1.02934e-18
 2.28660e-52
 2.32816e-46
 3.19682e-42
 7.06908e-39
 5.03312e-36
 1.59307e-33
 2.69554e-31
 2.73778e-29
 1.79930e-27
 8.12255e-26
 2.63630e-24
 6.37775e-23
 1.18455e-21
 1.72926e-20
 2.01428e-19
 2.17747e-54
 6.73523e-48
 1.55254e-43
 4.81040e-40
 4.37789e-37
 1.67207e-34
 3.27710e-32
 3.73541e-30
 2.68541e-28
 1.29821e-26
 4.43216e-25
 1.11083e-23
 2.10901e-22
 3.10938e-21
 3.61835e-20
 1.95619e-56
 1.83685e-49
 7.10118e-45
 3.07912e-41
 3.57644e-38
 1.64521e-35
 3.72666e-33
 4.75496e-31
 3.72898e-29
 1.92508e-27
 6.89444e-26
 1.78539e-24
 3.45583e-23
 5.13230e-22
 5.95207e-21
 1.64399e-58
 4.68330e-51
 3.03405e-46
 1.83916e-42
 2.72284e-39
 1.50625e-36
 3.93595e-34
 5.60942e-32
 4.78795e-30
 2.63363e-28
 9.87259e-27
 2.63590e-25
 5.19051e-24
 7.74914e-23
 8.93897e-22
 1.28108e-60
 1.10660e-52
 1.20054e-47
 1.01648e-43
 1.91613e-40
 1.27309e-37
 3.83191e-35
 6.08942e-33
 5.64716e-31
 3.30388e-29
 1.29420e-27
 3.55661e-26
 7.11320e-25
 1.06592e-23
 1.22120e-22
 9.16997e-63
 2.40079e-54
 4.35938e-49
 5.15207e-45
 1.23561e-41
 9.85044e-39
 3.41136e-36
 6.03696e-34
 6.07490e-32
 3.77563e-30
 1.54364e-28
 4.36106e-27
 8.84835e-26
 1.32945e-24
 1.51100e-23
 5.96927e-65
 4.73517e-56
 1.43851e-50
 2.37190e-46
 7.23306e-43
 6.91442e-40
 2.75303e-37
 5.42073e-35
 5.91419e-33
 3.90189e-31
 1.66379e-29
 4.82859e-28
 9.93160e-27
 1.49515e-25
 1.68449e-24
 3.49570e-67
 8.39983e-58
 4.26814e-52
 9.81563e-48
 3.80479e-44
 4.35980e-41
 1.99493e-38
 4.36861e-36
 5.16590e-34
 3.61686e-32
 1.60803e-30
 4.79243e-29
 9.98976e-28
 1.50642e-26
 1.68155e-25
 1.82000e-69
 1.32453e-59
 1.12553e-53
 3.60983e-49
 1.77847e-45
 2.44258e-42
 1.28437e-39
 3.12803e-37
 4.00940e-35
 2.97949e-33
 1.38136e-31
 4.22817e-30
 8.93305e-29
 1.34938e-27
 1.49207e-26
 8.31474e-72
 1.83258e-61
 2.60427e-55
 1.16490e-50
 7.29545e-47
 1.20119e-43
 7.26033e-41
 1.96728e-38
 2.73468e-36
 2.15824e-34
 1.04403e-32
 3.28374e-31
 7.03524e-30
 1.06489e-28
 1.16650e-27
 3.28478e-74
 2.19254e-63
 5.21128e-57
 3.25179e-52
 2.58965e-48
 5.11400e-45
 3.55523e-42
 1.07261e-39
 1.61851e-37
 1.35791e-35
 6.86043e-34
 2.21932e-32
 4.82575e-31
 7.32418e-30
 7.95074e-29
 1.10358e-76
 2.23107e-65
 8.87110e-59
 7.72501e-54
 7.82735e-50
 1.85527e-46
 1.48480e-43
 4.99341e-41
 8.18977e-39
 7.31458e-37
 3.86478e-35
 1.28758e-33
 2.84498e-32
 4.33346e-31
 4.66443e-30
 3.09297e-79
 1.89415e-67
 1.26034e-60
 1.53245e-55
 1.97708e-51
 5.62998e-48
 5.19325e-45
 1.94966e-42
 3.48140e-40
 3.31582e-38
 1.83541e-36
 6.30809e-35
 1.41848e-33
 2.17091e-32
 2.31883e-31
 7.06877e-82
 1.31161e-69
 1.46107e-62
 2.48222e-57
 4.08133e-53
 1.39792e-49
 1.48838e-46
 6.24878e-44
 1.21724e-41
 1.23891e-39
 7.19930e-38
 2.55772e-36
 5.86400e-35
 9.02982e-34
 9.58124e-33
 1.28172e-84
 7.20762e-72
 1.34484e-64
 3.19486e-59
 6.70204e-55
 2.76493e-51
 3.40367e-48
 1.60133e-45
 3.41068e-43
 3.71850e-41
 2.27395e-39
 8.37080e-38
 1.96082e-36
 3.04293e-35
 3.21140e-34
 1.78209e-87
 3.03810e-74
 9.50038e-67
 3.15884e-61
 8.46459e-57
 4.21260e-53
 6.00718e-50
 3.17432e-47
 7.41134e-45
 8.67863e-43
 5.60026e-41
 2.14177e-39
 5.13812e-38
 8.05046e-37
 8.46300e-36
 1.81862e-90
 9.40246e-77
 4.93077e-69
 2.29685e-63
 7.87257e-59
 4.73441e-55
 7.83686e-52
 4.66290e-49
 1.19672e-46
 1.50954e-44
 1.03097e-42
 4.10833e-41
 1.01200e-39
 1.60417e-38
 1.68262e-37
 1.28433e-93
 2.01447e-79
 1.77282e-71
 1.15816e-65
 5.08488e-61
 3.70188e-57
 7.12885e-54
 4.78876e-51
 1.35497e-48
 1.84691e-46
 1.33935e-44
 5.57885e-43
 1.41503e-41
 2.27437e-40
 2.38480e-39
 5.77011e-97
 2.74680e-82
 4.05946e-74
 3.72340e-68
 2.09715e-63
 1.85178e-59
 4.15833e-56
 3.16243e-53
 9.89565e-51
 1.46235e-48
 1.12989e-46
 4.93604e-45
 1.29299e-43
 2.11245e-42
 2.21894e-41
1.44589e-100
 2.08982e-85
 5.19044e-77
 6.69163e-71
 4.84247e-66
 5.19635e-62
 1.36396e-58
 1.17772e-55
 4.08848e-53
 6.57266e-51
 5.43008e-49
 2.49673e-47
 6.77547e-46
 1.12819e-44
 1.18989e-43
1.59276e-104
 6.99247e-89
 2.92076e-80
 5.29873e-74
 4.93431e-69
 6.44743e-65
 1.98298e-61
 1.94962e-58
 7.53285e-56
 1.32196e-53
 1.17205e-51
 5.69252e-50
 1.60557e-48
 2.73253e-47
 2.90093e-46
4.32791e-109
 5.77347e-93
 4.05868e-84
 1.03728e-77
 1.24490e-72
 1.98463e-68
 7.16946e-65
 8.04917e-62
 3.47243e-59
 6.67536e-57
 6.37465e-55
 3.28241e-53
 9.65412e-52
 1.68446e-50
 1.80482e-49
part
         6
coordinates
 1.88364e-20
 3.46920e-19
 5.30212e-18
 6.82320e-17
 7.48202e-16
 7.06086e-15
 5.78226e-14
 4.13372e-13
 2.59155e-12
 1.43092e-11
 6.98686e-11
 3.03078e-10
 1.17681e-09
 4.15510e-09
 1.37951e-08
 4.57787e-08
 1.58607e-07
 6.40856e-21
 1.23222e-19
 1.94377e-18
 2.56033e-17
 2.84433e-16
 2.68508e-15
 2.17110e-14
 1.51340e-13
 9.17452e-13
 4.85597e-12
 2.24217e-11
 9.02841e-11
 3.17793e-10
 9.93695e-10
 2.94401e-09
 1.00143e-08
 4.35040e-08
 1.65383e-21
 3.34249e-20
 5.47240e-19
 7.39096e-18
 8.32781e-17
 7.89350e-16
 6.34410e-15
 4.35221e-14
 2.56645e-13
 1.30250e-12
 5.65991e-12
 2.08598e-11
 6.41747e-11
 1.60437e-10
 3.18887e-10
 8.97760e-10
 7.66531e-09
 3.64595e-22
 7.76038e-21
 1.32025e-19
 1.83063e-18
 2.09417e-17
 1.99379e-16
 1.59301e-15
 1.07506e-14
 6.15841e-14
 2.98899e-13
 1.21686e-12
 4.07917e-12
 1.08957e-11
 2.18665e-11
 2.72519e-11
 2.58390e-11
 2.21277e-09
 7.52870e-23
 1.67957e-21
 2.95485e-20
 4.18607e-19
 4.83806e-18
 4.60460e-17
 3.64006e-16
 2.40444e-15
 1.33039e-14
 6.13344e-14
 2.32164e-13
 7.03141e-13
 1.63219e-12
 2.70258e-12
 2.45756e-12
 1.87107e-11
 1.72128e-09
 1.45782e-23
 3.39325e-22
 6.14557e-21
 8.85505e-20
 1.02934e-18
 9.75178e-18
 7.59483e-17
 4.88752e-16
 2.59877e-15
 1.13205e-14
 3.96664e-14
 1.08449e-13
 2.23486e-13
 3.11344e-13
 2.37058e-13
 2.71400e-11
 1.41275e-09
 2.63630e-24
 6.37775e-23
 1.18455e-21
 1.72926e-20
 2.01428e-19
 1.89282e-18
 1.44703e-17
 9.03624e-17
 4.59845e-16
 1.88629e-15
 6.11132e-15
 1.51421e-14
 2.82208e-14
 3.39634e-14
 2.29822e-14
 4.63129e-11
 1.34877e-09
 4.43216e-25
 1.11083e-23
 2.10901e-22
 3.10938e-21
 3.61835e-20
 3.36266e-19
 2.51566e-18
 1.51943e-17
 7.37860e-17
 2.84572e-16
 8.53242e-16
 1.93052e-15
 3.88074e-15
 4.32372e-14
 2.02565e-12
 8.90126e-11
 1.37653e-09
 6.89444e-26
 1.78539e-24
 3.45583e-23
 5.13230e-22
 5.95207e-21
 5.45706e-20
 3.98486e-19
 2.32198e-18
 1.07411e-17
 3.89004e-17
 1.08244e-16
 2.96854e-16
 4.89589e-15
 2.02570e-13
 6.58638e-12
 1.28506e-10
 1.32369e-09
 9.87259e-27
 2.63590e-25
 5.19051e-24
 7.74914e-23
 8.93897e-22
 8.06892e-21
 5.73920e-20
 3.22068e-19
 1.41627e-18
 4.88947e-18
 1.93136e-17
 4.30814e-16
 1.76715e-14
 5.42480e-13
 1.13581e-11
 1.45584e-10
 1.22419e-09
 1.29420e-27
 3.55661e-26
 7.11320e-25
 1.06592e-23
 1.22120e-22
 1.08353e-21
 7.49481e-21
 4.03595e-20
 1.70977e-19
 1.27620e-18
 4.31768e-17
 1.72197e-15
 5.16084e-14
 1.10311e-12
 1.62765e-11
 1.64357e-10
 1.21498e-09
 1.54364e-28
 4.36106e-27
 8.84835e-26
 1.32945e-24
 1.51100e-23
 1.31613e-22
 8.84308e-22
 4.80768e-21
 7.98026e-20
 5.26806e-18
 2.16035e-16
 6.20030e-15
 1.31255e-13
 2.05308e-12
 2.34584e-11
 2.00983e-10
 1.34812e-09
 1.66379e-29
 4.82859e-28
 9.93160e-27
 1.49515e-25
 1.68449e-24
 1.43906e-23
 9.38554e-23
 8.15828e-21
 7.72800e-19
 3.56634e-17
 1.01214e-15
 2.07720e-14
 3.25398e-13
 3.93373e-12
 3.69355e-11
 2.77088e-10
 1.70473e-09
 1.60803e-30
 4.79243e-29
 9.98976e-28
 1.50642e-26
 1.68155e-25
 1.40814e-24
 8.91159e-24
 1.32313e-19
 7.64862e-18
 2.27552e-16
 4.59318e-15
 7.02289e-14
 8.50198e-13
 8.29165e-12
 6.60053e-11
 4.38972e-10
 2.47421e-09
 1.38136e-31
 4.22817e-30
 8.93305e-29
 1.34938e-27
 1.49207e-26
 1.22442e-25
 7.51933e-25
 1.60285e-18
 6.41726e-17
 1.38360e-15
 2.10848e-14
 2.50988e-13
 2.43886e-12
 1.97667e-11
 1.35548e-10
 8.00123e-10
 4.08773e-09
 1.04403e-32
 3.28374e-31
 7.03524e-30
 1.06489e-28
 1.16650e-27
 9.38074e-27
 5.59196e-26
 1.49581e-17
 4.69136e-16
 8.00374e-15
 9.77569e-14
 9.46911e-13
 7.63016e-12
 5.24283e-11
 3.11590e-10
 1.62043e-09
 7.38467e-09
 6.86043e-34
 2.21932e-32
 4.82575e-31
 7.32418e-30
 7.95074e-29
 6.26751e-28
 3.62862e-27
 1.11776e-16
 2.96015e-15
 4.25038e-14
 4.36958e-13
 3.57599e-12
 2.45257e-11
 1.44865e-10
 7.48019e-10
 3.40768e-09
 1.37378e-08
 3.86478e-35
 1.28758e-33
 2.84498e-32
 4.33346e-31
 4.66443e-30
 3.60623e-29
 2.02929e-28
 6.68382e-16
 1.55965e-14
 1.95892e-13
 1.75276e-12
 1.24542e-11
 7.41855e-11
 3.81653e-10
 1.72520e-09
 6.92941e-09
 2.49175e-08
 1.83541e-36
 6.30809e-35
 1.41848e-33
 2.17091e-32
 2.31883e-31
 1.75962e-30
 9.63244e-30
 3.08351e-15
 6.50961e-14
 7.33817e-13
 5.85520e-12
 3.69388e-11
 1.94983e-10
 8.89710e-10
 3.58128e-09
 1.28980e-08
 4.19504e-08
 7.19930e-38
 2.55772e-36
 5.86400e-35
 9.02982e-34
 9.58124e-33
 7.14294e-32
 3.80753e-31
 1.01102e-14
 1.96987e-13
 2.03306e-12
 1.47598e-11
 8.44015e-11
 4.03475e-10
 1.67115e-09
 6.13844e-09
 2.02912e-08
 6.09450e-08
 2.27395e-39
 8.37080e-38
 1.96082e-36
 3.04293e-35
 3.21140e-34
 2.35474e-33
 1.22347e-32
 1.96657e-14
 3.62054e-13
 3.51853e-12
 2.39998e-11
 1.28832e-10
 5.78465e-10
 2.25469e-09
 7.81702e-09
 2.44641e-08
 6.98596e-08
 5.60026e-41
 2.14177e-39
 5.13812e-38
 8.05046e-37
 8.46300e-36
 6.11104e-35
 3.09801e-34
 2.21558e-14
 3.92755e-13
 3.66927e-12
 2.40367e-11
 1.23895e-10
 5.34522e-10
 2.00485e-09
 6.70249e-09
 2.03124e-08
 5.64545e-08
 1.03097e-42
 4.10833e-41
 1.01200e-39
 1.60417e-38
 1.68262e-37
 1.19819e-36
 5.93224e-36
 1.37265e-14
 2.38332e-13
 2.18997e-12
 1.41179e-11
 7.15159e-11
 3.02474e-10
 1.10807e-09
 3.59925e-09
 1.05671e-08
 2.84402e-08
 1.33935e-44
 5.57885e-43
 1.41503e-41
 2.27437e-40
 2.38480e-39
 1.67723e-38
 8.11654e-38
 4.35052e-15
 7.55534e-14
 7.08900e-13
 4.66919e-12
 2.39941e-11
 1.01752e-10
 3.67568e-10
 1.15206e-09
 3.18972e-09
 7.94421e-09
 1.12989e-46
 4.93604e-45
 1.29299e-43
 2.11245e-42
 2.21894e-41
 1.54374e-40
 7.30677e-40
 7.92318e-16
 1.44122e-14
 1.46215e-13
 1.00817e-12
 5.22763e-12
 2.15614e-11
 7.32003e-11
 2.10067e-10
 5.13779e-10
 1.10736e-09
 5.43008e-49
 2.49673e-47
 6.77547e-46
 1.12819e-44
 1.18989e-43
 8.20231e-43
 3.79884e-42
 8.55040e-17
 1.63130e-15
 1.80896e-14
 1.25884e-13
 6.25276e-13
 2.36535e-12
 7.23555e-12
 1.87868e-11
 3.33100e-11
 3.97466e-11
 1.17205e-51
 5.69252e-50
 1.60557e-48
 2.73253e-47
 2.90093e-46
 1.98465e-45
 8.99548e-45
 4.11452e-18
 8.25219e-17
 1.01628e-15
 6.76574e-15
 3.04415e-14
 1.00276e-13
 2.72028e-13
 4.27444e-13
 4.05590e-13
 2.46220e-13
 6.37465e-55
 3.28241e-53
 9.65412e-52
 1.68446e-50
 1.80482e-49
 1.22748e-48
 5.44341e-48
 4.86222e-20
 1.02683e-18
 1.42714e-17
 8.34756e-17
 3.20316e-16
 8.76771e-16
 1.40661e-15
 1.17810e-15
 4.46493e-16
 5.27606e-17
 1.88364e-20
 3.46920e-19
 5.30212e-18
 6.82320e-17
 7.48202e-16
 7.06086e-15
 5.78226e-14
 4.13372e-13
 2.59155e-12
 1.43092e-11
 6.98686e-11
 3.03078e-10
 1.17681e-09
 4.15510e-09
 1.37951e-08
 4.57787e-08
 1.58607e-07
 6.40856e-21
 1.23222e-19
 1.94377e-18
 2.56033e-17
 2.84433e-16
 2.68508e-15
 2.17110e-14
 1.51340e-13
 9.17452e-13
 4.85597e-12
 2.24217e-11
 9.02841e-11
 3.17793e-10
 9.93695e-10
 2.94401e-09
 1.00143e-08
 4.35040e-08
 1.65383e-21
 3.34249e-20
 5.47240e-19
 7.39096e-18
 8.32781e-17
 7.89350e-16
 6.34410e-15
 4.35221e-14
 2.56645e-13
 1.30250e-12
 5.65991e-12
 2.08598e-11
 6.41747e-11
 1.60437e-10
 3.18887e-10
 8.97760e-10
 7.66531e-09
 3.64595e-22
 7.76038e-21
 1.32025e-19
 1.83063e-18
 2.09417e-17
 1.99379e-16
 1.59301e-15
 1.07506e-14
 6.15841e-14
 2.98899e-13
 1.21686e-12
 4.07917e-12
 1.08957e-11
 2.18665e-11
 2.72519e-11
 2.58390e-11
 2.21277e-09
 7.52870e-23
 1.67957e-21
 2.95485e-20
 4.18607e-19
 4.83806e-18
 4.60460e-17
 3.64006e-16
 2.40444e-15
 1.33039e-14
 6.13344e-14
 2.32164e-13
 7.03141e-13
 1.63219e-12
 2.70258e-12
 2.45756e-12
 1.87107e-11
 1.72128e-09
 1.45782e-23
 3.39325e-22
 6.14557e-21
 8.85505e-20
 1.02934e-18
 9.75178e-18
 7.59483e-17
 4.88752e-16
 2.59877e-15
 1.13205e-14
 3.96664e-14
 1.08449e-13
 2.23486e-13
 3.11344e-13
 2.37058e-13
 2.71400e-11
 1.41275e-09
 2.63630e-24
 6.37775e-23
 1.18455e-21
 1.72926e-20
 2.01428e-19
 1.89282e-18
 1.44703e-17
 9.03624e-17
 4.59845e-16
 1.88629e-15
 6.11132e-15
 1.51421e-14
 2.82208e-14
 3.39634e-14
 2.29822e-14
 4.63129e-11
 1.34877e-09
 4.43216e-25
 1.11083e-23
 2.10901e-22
 3.10938e-21
 3.61835e-20
 3.36266e-19
 2.51566e-18
 1.51943e-17
 7.37860e-17
 2.84572e-16
 8.53242e-16
 1.93052e-15
 3.88074e-15
 4.32372e-14
 2.02565e-12
 8.90126e-11
 1.37653e-09
 6.89444e-26
 1.78539e-24
 3.45583e-23
 5.13230e-22
 5.95207e-21
 5.45706e-20
 3.98486e-19
 2.32198e-18
 1.07411e-17
 3.89004e-17
 1.08244e-16
 2.96854e-16
 4.89589e-15
 2.02570e-13
 6.58638e-12
 1.28506e-10
 1.32369e-09
 9.87259e-27
 2.63590e-25
 5.19051e-24
 7.74914e-23
 8.93897e-22
 8.06892e-21
 5.73920e-20
 3.22068e-19
 1.41627e-18
 4.88947e-18
 1.93136e-17
 4.30814e-16
 1.76715e-14
 5.42480e-13
 1.13581e-11
 1.45584e-10
 1.22419e-09
 1.29420e-27
 3.55661e-26
 7.11320e-25
 1.06592e-23
 1.22120e-22
 1.08353e-21
 7.49481e-21
 4.03595e-20
 1.70977e-19
 1.27620e-18
 4.31768e-17
 1.72197e-15
 5.16084e-14
 1.10311e-12
 1.62765e-11
 1.64357e-10
 1.21498e-09
 1.54364e-28
 4.36106e-27
 8.84835e-26
 1.32945e-24
 1.51100e-23
 1.31613e-22
 8.84308e-22
 4.80768e-21
 7.98026e-20
 5.26806e-18
 2.16035e-16
 6.20030e-15
 1.31255e-13
 2.05308e-12
 2.34584e-11
 2.00983e-10
 1.34812e-09
 1.66379e-29
 4.82859e-28
 9.93160e-27
 1.49515e-25
 1.68449e-24
 1.43906e-23
 9.38554e-23
 8.15828e-21
 7.72800e-19
 3.56634e-17
 1.01214e-15
 2.07720e-14
 3.25398e-13
 3.93373e-12
 3.69355e-11
 2.77088e-10
 1.70473e-09
 1.60803e-30
 4.79243e-29
 9.98976e-28
 1.50642e-26
 1.68155e-25
 1.40814e-24
 8.91159e-24
 1.32313e-19
 7.64862e-18
 2.27552e-16
 4.59318e-15
 7.02289e-14
 8.50198e-13
 8.29165e-12
 6.60053e-11
 4.38972e-10
 2.47421e-09
 1.38136e-31
 4.22817e-30
 8.93305e-29
 1.34938e-27
 1.49207e-26
 1.22442e-25
 7.51933e-25
 1.60285e-18
 6.41726e-17
 1.38360e-15
 2.10848e-14
 2.50988e-13
 2.43886e-12
 1.97667e-11
 1.35548e-10
 8.00123e-10
 4.08773e-09
 1.04403e-32
 3.28374e-31
 7.03524e-30
 1.06489e-28
 1.16650e-27
 9.38074e-27
 5.59196e-26
 1.49581e-17
 4.69136e-16
 8.00374e-15
 9.77569e-14
 9.46911e-13
 7.63016e-12
 5.24283e-11
 3.11590e-10
 1.62043e-09
 7.38467e-09
 6.86043e-34
 2.21932e-32
 4.82575e-31
 7.32418e-30
 7.95074e-29
 6.26751e-28
 3.62862e-27
 1.11776e-16
 2.96015e-15
 4.25038e-14
 4.36958e-13
 3.57599e-12
 2.45257e-11
 1.44865e-10
 7.48019e-10
 3.40768e-09
 1.37378e-08
 3.86478e-35
 1.28758e-33
 2.84498e-32
 4.33346e-31
 4.66443e-30
 3.60623e-29
 2.02929e-28
 6.68382e-16
 1.55965e-14
 1.95892e-13
 1.75276e-12
 1.24542e-11
 7.41855e-11
 3.81653e-10
 1.72520e-09
 6.92941e-09
 2.49175e-08
 1.83541e-36
 6.30809e-35
 1.41848e-33
 2.17091e-32
 2.31883e-31
 1.75962e-30
 9.63244e-30
 3.08351e-15
 6.50961e-14
 7.33817e-13
 5.85520e-12
 3.69388e-11
 1.94983e-10
 8.89710e-10
 3.58128e-09
 1.28980e-08
 4.19504e-08
 7.19930e-38
 2.55772e-36
 5.86400e-35
 9.02982e-34
 9.58124e-33
 7.14294e-32
 3.80753e-31
 1.01102e-14
 1.96987e-13
 2.03306e-12
 1.47598e-11
 8.44015e-11
 4.03475e-10
 1.67115e-09
 6.13844e-09
 2.02912e-08
 6.09450e-08
 2.27395e-39
 8.37080e-38
 1.96082e-36
 3.04293e-35
 3.21140e-34
 2.35474e-33
 1.22347e-32
 1.96657e-14
 3.62054e-13
 3.51853e-12
 2.39998e-11
 1.28832e-10
 5.78465e-10
 2.25469e-09
 7.81702e-09
 2.44641e-08
 6.98596e-08
 5.60026e-41
 2.14177e-39
 5.13812e-38
 8.05046e-37
 8.46300e-36
 6.11104e-35
 3.09801e-34
 2.21558e-14
 3.92755e-13
 3.66927e-12
 2.40367e-11
 1.23895e-10
 5.34522e-10
 2.00485e-09
 6.70249e-09
 2.03124e-08
 5.64545e-08
 1.03097e-42
 4.10833e-41
 1.01200e-39
 1.60417e-38
 1.68262e-37
 1.19819e-36
 5.93224e-36
 1.37265e-14
 2.38332e-13
 2.18997e-12
 1.41179e-11
 7.15159e-11
 3.02474e-10
 1.10807e-09
 3.59925e-09
 1.05671e-08
 2.84402e-08
 1.33935e-44
 5.57885e-43
 1.41503e-41
 2.27437e-40
 2.38480e-39
 1.67723e-38
 8.11654e-38
 4.35052e-15
 7.55534e-14
 7.08900e-13
 4.66919e-12
 2.39941e-11
 1.01752e-10
 3.67568e-10
 1.15206e-09
 3.18972e-09
 7.94421e-09
 1.12989e-46
 4.93604e-45
 1.29299e-43
 2.11245e-42
 2.21894e-41
 1.54374e-40
 7.30677e-40
 7.92318e-16
 1.44122e-14
 1.46215e-13
 1.00817e-12
 5.22763e-12
 2.15614e-11
 7.32003e-11
 2.10067e-10
 5.13779e-10
 1.10736e-09
 5.43008e-49
 2.49673e-47
 6.77547e-46
 1.12819e-44
 1.18989e-43
 8.20231e-43
 3.79884e-42
 8.55040e-17
 1.63130e-15
 1.80896e-14
 1.25884e-13
 6.25276e-13
 2.36535e-12
 7.23555e-12
 1.87868e-11
 3.33100e-11
 3.97466e-11
 1.17205e-51
 5.69252e-50
 1.60557e-48
 2.73253e-47
 2.90093e-46
 1.98465e-45
 8.99548e-45
 4.11452e-18
 8.25219e-17
 1.01628e-15
 6.76574e-15
 3.04415e-14
 1.00276e-13
 2.72028e-13
 4.27444e-13
 4.05590e-13
 2.46220e-13
 6.37465e-55
 3.28241e-53
 9.65412e-52
 1.68446e-50
 1.80482e-49
 1.22748e-48
 5.44341e-48
 4.86222e-20
 1.02683e-18
 1.42714e-17
 8.34756e-17
 3.20316e-16
 8.76771e-16
 1.40661e-15
 1.17810e-15
 4.46493e-16
 5.27606e-17
part
         7
coordinates
 1.17681e-09
 4.15510e-09
 1.37951e-08
 4.57787e-08
 1.58607e-07
 5.63345e-07
 1.90409e-06
 5.38264e-06
 1.06692e-05
 1.53486e-05
 1.80005e-05
 1.90951e-05
 1.94514e-05
 1.93863e-05
 1.87815e-05
 1.70419e-05
 1.31445e-05
 7.19461e-06
 3.17793e-10
 9.93695e-10
 2.94401e-09
 1.00143e-08
 4.35040e-08
 2.16513e-07
 9.76807e-07
 3.31708e-06
 7.85557e-06
 1.32780e-05
 1.71688e-05
 1.89274e-05
 1.95467e-05
 1.96768e-05
 1.94524e-05
 1.84899e-05
 1.57800e-05
 1.03830e-05
 6.41747e-11
 1.60437e-10
 3.18887e-10
 8.97760e-10
 7.66531e-09
 7.80448e-08
 4.98444e-07
 1.95399e-06
 5.19734e-06
 1.02093e-05
 1.51755e-05
 1.81671e-05
 1.93620e-05
 1.97201e-05
 1.96986e-05
 1.91977e-05
 1.74077e-05
 1.30522e-05
 1.08957e-11
 2.18665e-11
 2.72519e-11
 2.58390e-11
 2.21277e-09
 3.89900e-08
 2.83786e-07
 1.18105e-06
 3.35696e-06
 7.26685e-06
 1.23908e-05
 1.66443e-05
 1.88122e-05
 1.96007e-05
 1.97595e-05
 1.95170e-05
 1.83444e-05
 1.49461e-05
 1.63219e-12
 2.70258e-12
 2.45756e-12
 1.87107e-11
 1.72128e-09
 2.57356e-08
 1.76645e-07
 7.37259e-07
 2.19076e-06
 5.08669e-06
 9.64585e-06
 1.45901e-05
 1.78920e-05
 1.93044e-05
 1.97246e-05
 1.96519e-05
 1.88713e-05
 1.62249e-05
 2.23486e-13
 3.11344e-13
 2.37058e-13
 2.71400e-11
 1.41275e-09
 1.80833e-08
 1.15276e-07
 4.76250e-07
 1.46214e-06
 3.60225e-06
 7.39547e-06
 1.24685e-05
 1.67109e-05
 1.88553e-05
 1.96159e-05
 1.96992e-05
 1.91638e-05
 1.70611e-05
 2.82208e-14
 3.39634e-14
 2.29822e-14
 4.63129e-11
 1.34877e-09
 1.37339e-08
 7.94550e-08
 3.21599e-07
 1.01239e-06
 2.62352e-06
 5.74727e-06
 1.05872e-05
 1.54336e-05
 1.83266e-05
 1.94571e-05
 1.96968e-05
 1.93207e-05
 1.75898e-05
 3.88074e-15
 4.32372e-14
 2.02565e-12
 8.90126e-11
 1.37653e-09
 1.09139e-08
 5.74894e-08
 2.28839e-07
 7.37516e-07
 1.99604e-06
 4.60982e-06
 9.07034e-06
 1.42396e-05
 1.77944e-05
 1.92811e-05
 1.96678e-05
 1.93990e-05
 1.79054e-05
 4.89589e-15
 2.02570e-13
 6.58638e-12
 1.28506e-10
 1.32369e-09
 8.84591e-09
 4.39154e-08
 1.74037e-07
 5.73579e-07
 1.60735e-06
 3.86455e-06
 7.95613e-06
 1.32533e-05
 1.73135e-05
 1.91146e-05
 1.96285e-05
 1.94294e-05
 1.80694e-05
 1.76715e-14
 5.42480e-13
 1.13581e-11
 1.45584e-10
 1.22419e-09
 7.52186e-09
 3.62903e-08
 1.43875e-07
 4.81722e-07
 1.38222e-06
 3.41471e-06
 7.23652e-06
 1.25502e-05
 1.69323e-05
 1.89773e-05
 1.95855e-05
 1.94270e-05
 1.81268e-05
 5.16084e-14
 1.10311e-12
 1.62765e-11
 1.64357e-10
 1.21498e-09
 7.01248e-09
 3.29704e-08
 1.30058e-07
 4.38289e-07
 1.27293e-06
 3.19000e-06
 6.86026e-06
 1.21467e-05
 1.66899e-05
 1.88847e-05
 1.95404e-05
 1.93810e-05
 1.80508e-05
 1.31255e-13
 2.05308e-12
 2.34584e-11
 2.00983e-10
 1.34812e-09
 7.34153e-09
 3.34309e-08
 1.29726e-07
 4.33632e-07
 1.25429e-06
 3.13711e-06
 6.74443e-06
 1.19958e-05
 1.65876e-05
 1.88391e-05
 1.94955e-05
 1.92781e-05
 1.77749e-05
 3.25398e-13
 3.93373e-12
 3.69355e-11
 2.77088e-10
 1.70473e-09
 8.77218e-09
 3.83806e-08
 1.44447e-07
 4.70800e-07
 1.33240e-06
 3.26998e-06
 6.92236e-06
 1.21582e-05
 1.66774e-05
 1.88553e-05
 1.94526e-05
 1.91329e-05
 1.73587e-05
 8.50198e-13
 8.29165e-12
 6.60053e-11
 4.38972e-10
 2.47421e-09
 1.19093e-08
 4.93445e-08
 1.77172e-07
 5.53705e-07
 1.50917e-06
 3.58357e-06
 7.37711e-06
 1.26038e-05
 1.69336e-05
 1.89163e-05
 1.93936e-05
 1.89168e-05
 1.67859e-05
 2.43886e-12
 1.97667e-11
 1.35548e-10
 8.00123e-10
 4.08773e-09
 1.80835e-08
 6.95325e-08
 2.33527e-07
 6.87865e-07
 1.78083e-06
 4.04846e-06
 8.04256e-06
 1.32386e-05
 1.72737e-05
 1.89773e-05
 1.92807e-05
 1.85407e-05
 1.58524e-05
 7.63016e-12
 5.24283e-11
 3.11590e-10
 1.62043e-09
 7.38467e-09
 2.94826e-08
 1.03499e-07
 3.21089e-07
 8.83721e-07
 2.16086e-06
 4.68471e-06
 8.94523e-06
 1.40472e-05
 1.76453e-05
 1.89973e-05
 1.90560e-05
 1.78846e-05
 1.43757e-05
 2.45257e-11
 1.44865e-10
 7.48019e-10
 3.40768e-09
 1.37378e-08
 4.91610e-08
 1.56972e-07
 4.49488e-07
 1.15640e-06
 2.66842e-06
 5.50031e-06
 1.00197e-05
 1.49039e-05
 1.79465e-05
 1.89027e-05
 1.86040e-05
 1.67372e-05
 1.21688e-05
 7.41855e-11
 3.81653e-10
 1.72520e-09
 6.92941e-09
 2.49175e-08
 8.06371e-08
 2.35820e-07
 6.24965e-07
 1.50209e-06
 3.26758e-06
 6.40559e-06
 1.11003e-05
 1.56524e-05
 1.80574e-05
 1.85467e-05
 1.76769e-05
 1.47167e-05
 9.21134e-06
 1.94983e-10
 8.89710e-10
 3.58128e-09
 1.28980e-08
 4.19504e-08
 1.23977e-07
 3.34395e-07
 8.25134e-07
 1.86387e-06
 3.84981e-06
 7.24334e-06
 1.20008e-05
 1.60666e-05
 1.77224e-05
 1.75897e-05
 1.57524e-05
 1.14382e-05
 5.87463e-06
 4.03475e-10
 1.67115e-09
 6.13844e-09
 2.02912e-08
 6.09450e-08
 1.67604e-07
 4.24399e-07
 9.92509e-07
 2.14497e-06
 4.27985e-06
 7.87017e-06
 1.24323e-05
 1.55943e-05
 1.63153e-05
 1.52641e-05
 1.20876e-05
 7.16539e-06
 2.92742e-06
 5.78465e-10
 2.25469e-09
 7.81702e-09
 2.44641e-08
 6.98596e-08
 1.83781e-07
 4.48253e-07
 1.01696e-06
 2.14906e-06
 4.23571e-06
 7.66623e-06
 1.11975e-05
 1.28205e-05
 1.24894e-05
 1.05336e-05
 6.93264e-06
 3.22324e-06
 1.06639e-06
 5.34522e-10
 2.00485e-09
 6.70249e-09
 2.03124e-08
 5.64545e-08
 1.44947e-07
 3.44900e-07
 7.61340e-07
 1.56833e-06
 3.04509e-06
 5.20718e-06
 6.83830e-06
 7.13346e-06
 6.41617e-06
 4.70757e-06
 2.49686e-06
 9.10329e-07
 2.60509e-07
 3.02474e-10
 1.10807e-09
 3.59925e-09
 1.05671e-08
 2.84402e-08
 7.05611e-08
 1.61462e-07
 3.32420e-07
 6.18578e-07
 1.10100e-06
 1.65784e-06
 1.91846e-06
 1.84625e-06
 1.54730e-06
 9.88314e-07
 4.25691e-07
 1.28222e-07
 3.10004e-08
 1.01752e-10
 3.67568e-10
 1.15206e-09
 3.18972e-09
 7.94421e-09
 1.76601e-08
 3.58049e-08
 6.03890e-08
 7.49383e-08
 7.35345e-08
 6.14523e-08
 3.84554e-08
 1.60404e-08
 4.80131e-09
 1.19255e-09
 2.45387e-10
 4.16755e-11
 5.80388e-12
 2.15614e-11
 7.32003e-11
 2.10067e-10
 5.13779e-10
 1.10736e-09
 1.81193e-09
 2.14051e-09
 2.02683e-09
 1.58163e-09
 8.77153e-10
 3.20730e-10
 9.35836e-11
 2.30408e-11
 4.79307e-12
 8.41211e-13
 1.23976e-13
 1.52337e-14
 1.54585e-15
 2.36535e-12
 7.23555e-12
 1.87868e-11
 3.33100e-11
 3.97466e-11
 3.61586e-11
 2.50994e-11
 1.16567e-11
 3.66426e-12
 9.66854e-13
 2.16888e-13
 4.14745e-14
 6.76270e-15
 9.38734e-16
 1.10523e-16
 1.09737e-17
 9.11646e-19
 6.27262e-20
 1.00276e-13
 2.72028e-13
 4.27444e-13
 4.05590e-13
 2.46220e-13
 8.97022e-14
 2.17152e-14
 4.36500e-15
 7.39244e-16
 1.06529e-16
 1.31488e-17
 1.39423e-18
 1.26981e-19
 9.90653e-21
 6.58828e-22
 3.70968e-23
 1.75311e-24
 6.87787e-26
 8.76771e-16
 1.40661e-15
 1.17810e-15
 4.46493e-16
 5.27606e-17
 4.71690e-18
 3.40672e-19
 2.05485e-20
 1.05429e-21
 4.64800e-23
 1.76952e-24
 5.82557e-26
 1.65637e-27
 4.05318e-29
 8.48967e-31
 1.51100e-32
 2.26412e-34
 2.82401e-36
 1.17681e-09
 4.15510e-09
 1.37951e-08
 4.57787e-08
 1.58607e-07
 5.63345e-07
 1.90409e-06
 5.38264e-06
 1.06692e-05
 1.53486e-05
 1.80005e-05
 1.90951e-05
 1.94514e-05
 1.93863e-05
 1.87815e-05
 1.70419e-05
 1.31445e-05
 7.19461e-06
 3.17793e-10
 9.93695e-10
 2.94401e-09
 1.00143e-08
 4.35040e-08
 2.16513e-07
 9.76807e-07
 3.31708e-06
 7.85557e-06
 1.32780e-05
 1.71688e-05
 1.89274e-05
 1.95467e-05
 1.96768e-05
 1.94524e-05
 1.84899e-05
 1.57800e-05
 1.03830e-05
 6.41747e-11
 1.60437e-10
 3.18887e-10
 8.97760e-10
 7.66531e-09
 7.80448e-08
 4.98444e-07
 1.95399e-06
 5.19734e-06
 1.02093e-05
 1.51755e-05
 1.81671e-05
 1.93620e-05
 1.97201e-05
 1.96986e-05
 1.91977e-05
 1.74077e-05
 1.30522e-05
 1.08957e-11
 2.18665e-11
 2.72519e-11
 2.58390e-11
 2.21277e-09
 3.89900e-08
 2.83786e-07
 1.18105e-06
 3.35696e-06
 7.26685e-06
 1.23908e-05
 1.66443e-05
 1.88122e-05
 1.96007e-05
 1.97595e-05
 1.95170e-05
 1.83444e-05
 1.49461e-05
 1.63219e-12
 2.70258e-12
 2.45756e-12
 1.87107e-11
 1.72128e-09
 2.57356e-08
 1.76645e-07
 7.37259e-07
 2.19076e-06
 5.08669e-06
 9.64585e-06
 1.45901e-05
 1.78920e-05
 1.93044e-05
 1.97246e-05
 1.96519e-05
 1.88713e-05
 1.62249e-05
 2.23486e-13
 3.11344e-13
 2.37058e-13
 2.71400e-11
 1.41275e-09
 1.80833e-08
 1.15276e-07
 4.76250e-07
 1.46214e-06
 3.60225e-06
 7.39547e-06
 1.24685e-05
 1.67109e-05
 1.88553e-05
 1.96159e-05
 1.96992e-05
 1.91638e-05
 1.70611e-05
 2.82208e-14
 3.39634e-14
 2.29822e-14
 4.63129e-11
 1.34877e-09
 1.37339e-08
 7.94550e-08
 3.21599e-07
 1.01239e-06
 2.62352e-06
 5.74727e-06
 1.05872e-05
 1.54336e-05
 1.83266e-05
 1.94571e-05
 1.96968e-05
 1.93207e-05
 1.75898e-05
 3.88074e-15
 4.32372e-14
 2.02565e-12
 8.90126e-11
 1.37653e-09
 1.09139e-08
 5.74894e-08
 2.28839e-07
 7.37516e-07
 1.99604e-06
 4.60982e-06
 9.07034e-06
 1.42396e-05
 1.77944e-05
 1.92811e-05
 1.96678e-05
 1.93990e-05
 1.79054e-05
 4.89589e-15
 2.02570e-13
 6.58638e-12
 1.28506e-10
 1.32369e-09
 8.84591e-09
 4.39154e-08
 1.74037e-07
 5.73579e-07
 1.60735e-06
 3.86455e-06
 7.95613e-06
 1.32533e-05
 1.73135e-05
 1.91146e-05
 1.96285e-05
 1.94294e-05
 1.80694e-05
 1.76715e-14
 5.42480e-13
 1.13581e-11
 1.45584e-10
 1.22419e-09
 7.52186e-09
 3.62903e-08
 1.43875e-07
 4.81722e-07
 1.38222e-06
 3.41471e-06
 7.23652e-06
 1.25502e-05
 1.69323e-05
 1.89773e-05
 1.95855e-05
 1.94270e-05
 1.81268e-05
 5.16084e-14
 1.10311e-12
 1.62765e-11
 1.64357e-10
 1.21498e-09
 7.01248e-09
 3.29704e-08
 1.30058e-07
 4.38289e-07
 1.27293e-06
 3.19000e-06
 6.86026e-06
 1.21467e-05
 1.66899e-05
 1.88847e-05
 1.95404e-05
 1.93810e-05
 1.80508e-05
 1.31255e-13
 2.05308e-12
 2.34584e-11
 2.00983e-10
 1.34812e-09
 7.34153e-09
 3.34309e-08
 1.29726e-07
 4.33632e-07
 1.25429e-06
 3.13711e-06
 6.74443e-06
 1.19958e-05
 1.65876e-05
 1.88391e-05
 1.94955e-05
 1.92781e-05
 1.77749e-05
 3.25398e-13
 3.93373e-12
 3.69355e-11
 2.77088e-10
 1.70473e-09
 8.77218e-09
 3.83806e-08
 1.44447e-07
 4.70800e-07
 1.33240e-06
 3.26998e-06
 6.92236e-06
 1.21582e-05
 1.66774e-05
 1.88553e-05
 1.94526e-05
 1.91329e-05
 1.73587e-05
 8.50198e-13
 8.29165e-12
 6.60053e-11
 4.38972e-10
 2.47421e-09
 1.19093e-08
 4.93445e-08
 1.77172e-07
 5.53705e-07
 1.50917e-06
 3.58357e-06
 7.37711e-06
 1.26038e-05
 1.69336e-05
 1.89163e-05
 1.93936e-05
 1.89168e-05
 1.67859e-05
 2.43886e-12
 1.97667e-11
 1.35548e-10
 8.00123e-10
 4.08773e-09
 1.80835e-08
 6.95325e-08
 2.33527e-07
 6.87865e-07
 1.78083e-06
 4.04846e-06
 8.04256e-06
 1.32386e-05
 1.72737e-05
 1.89773e-05
 1.92807e-05
 1.85407e-05
 1.58524e-05
 7.63016e-12
 5.24283e-11
 3.11590e-10
 1.62043e-09
 7.38467e-09
 2.94826e-08
 1.03499e-07
 3.21089e-07
 8.83721e-07
 2.16086e-06
 4.68471e-06
 8.94523e-06
 1.40472e-05
 1.76453e-05
 1.89973e-05
 1.90560e-05
 1.78846e-05
 1.43757e-05
 2.45257e-11
 1.44865e-10
 7.48019e-10
 3.40768e-09
 1.37378e-08
 4.91610e-08
 1.56972e-07
 4.49488e-07
 1.15640e-06
 2.66842e-06
 5.50031e-06
 1.00197e-05
 1.49039e-05
 1.79465e-05
 1.89027e-05
 1.86040e-05
 1.67372e-05
 1.21688e-05
 7.41855e-11
 3.81653e-10
 1.72520e-09
 6.92941e-09
 2.49175e-08
 8.06371e-08
 2.35820e-07
 6.24965e-07
 1.50209e-06
 3.26758e-06
 6.40559e-06
 1.11003e-05
 1.56524e-05
 1.80574e-05
 1.85467e-05
 1.76769e-05
 1.47167e-05
 9.21134e-06
 1.94983e-10
 8.89710e-10
 3.58128e-09
 1.28980e-08
 4.19504e-08
 1.23977e-07
 3.34395e-07
 8.25134e-07
 1.86387e-06
 3.84981e-06
 7.24334e-06
 1.20008e-05
 1.60666e-05
 1.77224e-05
 1.75897e-05
 1.57524e-05
 1.14382e-05
 5.87463e-06
 4.03475e-10
 1.67115e-09
 6.13844e-09
 2.02912e-08
 6.09450e-08
 1.67604e-07
 4.24399e-07
 9.92509e-07
 2.14497e-06
 4.27985e-06
 7.87017e-06
 1.24323e-05
 1.55943e-05
 1.63153e-05
 1.52641e-05
 1.20876e-05
 7.16539e-06
 2.92742e-06
 5.78465e-10
 2.25469e-09
 7.81702e-09
 2.44641e-08
 6.98596e-08
 1.83781e-07
 4.48253e-07
 1.01696e-06
 2.14906e-06
 4.23571e-06
 7.66623e-06
 1.11975e-05
 1.28205e-05
 1.24894e-05
 1.05336e-05
 6.93264e-06
 3.22324e-06
 1.06639e-06
 5.34522e-10
 2.00485e-09
 6.70249e-09
 2.03124e-08
 5.64545e-08
 1.44947e-07
 3.44900e-07
 7.61340e-07
 1.56833e-06
 3.04509e-06
 5.20718e-06
 6.83830e-06
 7.13346e-06
 6.41617e-06
 4.70757e-06
 2.49686e-06
 9.10329e-07
 2.60509e-07
 3.02474e-10
 1.10807e-09
 3.59925e-09
 1.05671e-08
 2.84402e-08
 7.05611e-08
 1.61462e-07
 3.32420e-07
 6.18578e-07
 1.10100e-06
 1.65784e-06
 1.91846e-06
 1.84625e-06
 1.54730e-06
 9.88314e-07
 4.25691e-07
 1.28222e-07
 3.10004e-08
 1.01752e-10
 3.67568e-10
 1.15206e-09
 3.18972e-09
 7.94421e-09
 1.76601e-08
 3.58049e-08
 6.03890e-08
 7.49383e-08
 7.35345e-08
 6.14523e-08
 3.84554e-08
 1.60404e-08
 4.80131e-09
 1.19255e-09
 2.45387e-10
 4.16755e-11
 5.80388e-12
 2.15614e-11
 7.32003e-11
 2.10067e-10
 5.13779e-10
 1.10736e-09
 1.81193e-09
 2.14051e-09
 2.02683e-09
 1.58163e-09
 8.77153e-10
 3.20730e-10
 9.35836e-11
 2.30408e-11
 4.79307e-12
 8.41211e-13
 1.23976e-13
 1.52337e-14
 1.54585e-15
 2.36535e-12
 7.23555e-12
 1.87868e-11
 3.33100e-11
 3.97466e-11
 3.61586e-11
 2.50994e-11
 1.16567e-11
 3.66426e-12
 9.66854e-13
 2.16888e-13
 4.14745e-14
 6.76270e-15
 9.38734e-16
 1.10523e-16
 1.09737e-17
 9.11646e-19
 6.27262e-20
 1.00276e-13
 2.72028e-13
 4.27444e-13
 4.05590e-13
 2.46220e-13
 8.97022e-14
 2.17152e-14
 4.36500e-15
 7.39244e-16
 1.06529e-16
 1.31488e-17
 1.39423e-18
 1.26981e-19
 9.90653e-21
 6.58828e-22
 3.70968e-23
 1.75311e-24
 6.87787e-26
 8.76771e-16
 1.40661e-15
 1.17810e-15
 4.46493e-16
 5.27606e-17
 4.71690e-18
 3.40672e-19
 2.05485e-20
 1.05429e-21
 4.64800e-23
 1.76952e-24
 5.82557e-26
 1.65637e-27
 4.05318e-29
 8.48967e-31
 1.51100e-32
 2.26412e-34
 2.82401e-36
part
         8
coordinates
 1.93863e-05
 1.87815e-05
 1.70419e-05
 1.31445e-05
 7.19461e-06
 2.33548e-06
 4.53818e-07
 6.13947e-08
 5.36435e-09
 2.86566e-10
 8.70157e-12
 1.35585e-13
 9.29723e-16
 2.16826e-18
 1.01864e-21
 1.80503e-26
 1.96768e-05
 1.94524e-05
 1.84899e-05
 1.57800e-05
 1.03830e-05
 4.30479e-06
 9.65829e-07
 1.47720e-07
 1.47874e-08
 9.22481e-10
 3.36060e-11
 6.52556e-13
 5.89613e-15
 1.98372e-17
 1.60918e-20
 8.90198e-25
 1.97201e-05
 1.96986e-05
 1.91977e-05
 1.74077e-05
 1.30522e-05
 6.57778e-06
 1.82955e-06
 3.17896e-07
 3.67583e-08
 2.69916e-09
 1.18828e-10
 2.89389e-12
 3.46360e-14
 1.68742e-16
 2.36614e-19
 4.05973e-23
 1.96007e-05
 1.97595e-05
 1.95170e-05
 1.83444e-05
 1.49461e-05
 8.72928e-06
 3.01028e-06
 5.99154e-07
 7.96654e-08
 6.84532e-09
 3.60831e-10
 1.08554e-11
 1.67709e-13
 1.12824e-15
 2.46241e-18
 8.77137e-22
 1.93044e-05
 1.97246e-05
 1.96519e-05
 1.88713e-05
 1.62249e-05
 1.05565e-05
 4.27574e-06
 9.70457e-07
 1.46686e-07
 1.44432e-08
 8.89776e-10
 3.20471e-11
 6.11753e-13
 5.31352e-15
 1.60117e-17
 8.87987e-21
 1.88553e-05
 1.96159e-05
 1.96992e-05
 1.91638e-05
 1.70611e-05
 1.19797e-05
 5.42595e-06
 1.36919e-06
 2.31048e-07
 2.57187e-08
 1.80924e-09
 7.57826e-11
 1.72608e-12
 1.84797e-14
 7.17608e-17
 5.48865e-20
 1.83266e-05
 1.94571e-05
 1.96968e-05
 1.93207e-05
 1.75898e-05
 1.30234e-05
 6.38165e-06
 1.74805e-06
 3.18561e-07
 3.90264e-08
 3.08406e-09
 1.47681e-10
 3.89774e-12
 4.96013e-14
 2.36677e-16
 2.32692e-19
 1.77944e-05
 1.92811e-05
 1.96678e-05
 1.93990e-05
 1.79054e-05
 1.37180e-05
 7.09548e-06
 2.07421e-06
 3.96570e-07
 5.18367e-08
 4.46067e-09
 2.37862e-10
 7.17223e-12
 1.06029e-13
 5.99039e-16
 7.21269e-19
 1.73135e-05
 1.91146e-05
 1.96285e-05
 1.94294e-05
 1.80694e-05
 1.41160e-05
 7.54798e-06
 2.30795e-06
 4.55590e-07
 6.22189e-08
 5.66155e-09
 3.25468e-10
 1.08497e-11
 1.81606e-13
 1.18994e-15
 1.69576e-18
 1.69323e-05
 1.89773e-05
 1.95855e-05
 1.94270e-05
 1.81268e-05
 1.42809e-05
 7.75669e-06
 2.42827e-06
 4.88590e-07
 6.85886e-08
 6.48817e-09
 3.92444e-10
 1.39871e-11
 2.56618e-13
 1.88843e-15
 3.08980e-18
 1.66899e-05
 1.88847e-05
 1.95404e-05
 1.93810e-05
 1.80508e-05
 1.41690e-05
 7.67236e-06
 2.40777e-06
 4.91656e-07
 7.04083e-08
 6.83080e-09
 4.27165e-10
 1.59106e-11
 3.10138e-13
 2.48481e-15
 4.53457e-18
 1.65876e-05
 1.88391e-05
 1.94955e-05
 1.92781e-05
 1.77749e-05
 1.36086e-05
 7.10357e-06
 2.15264e-06
 4.40021e-07
 6.35589e-08
 6.29378e-09
 4.07063e-10
 1.58786e-11
 3.27618e-13
 2.80681e-15
 5.56037e-18
 1.66774e-05
 1.88553e-05
 1.94526e-05
 1.91329e-05
 1.73587e-05
 1.27508e-05
 6.25085e-06
 1.77888e-06
 3.55001e-07
 5.05081e-08
 5.00222e-09
 3.28075e-10
 1.31502e-11
 2.82332e-13
 2.55351e-15
 5.45143e-18
 1.69336e-05
 1.89163e-05
 1.93936e-05
 1.89168e-05
 1.67859e-05
 1.17097e-05
 5.33516e-06
 1.42891e-06
 2.75322e-07
 3.81117e-08
 3.68184e-09
 2.36473e-10
 9.35919e-12
 2.01502e-13
 1.87086e-15
 4.18900e-18
 1.72737e-05
 1.89773e-05
 1.92807e-05
 1.85407e-05
 1.58524e-05
 1.02293e-05
 4.20226e-06
 1.06208e-06
 1.97302e-07
 2.65785e-08
 2.51295e-09
 1.58689e-10
 6.19918e-12
 1.32090e-13
 1.21465e-15
 2.71055e-18
 1.76453e-05
 1.89973e-05
 1.90560e-05
 1.78846e-05
 1.43757e-05
 8.29414e-06
 2.96821e-06
 7.13020e-07
 1.27537e-07
 1.66122e-08
 1.52506e-09
 9.39127e-11
 3.59322e-12
 7.53275e-14
 6.84768e-16
 1.51838e-18
 1.79465e-05
 1.89027e-05
 1.86040e-05
 1.67372e-05
 1.21688e-05
 6.06249e-06
 1.88990e-06
 4.29791e-07
 7.32065e-08
 9.12353e-09
 8.04847e-10
 4.78098e-11
 1.77088e-12
 3.60649e-14
 3.19649e-16
 6.93794e-19
 1.80574e-05
 1.85467e-05
 1.76769e-05
 1.47167e-05
 9.21134e-06
 3.81195e-06
 1.06611e-06
 2.27050e-07
 3.63705e-08
 4.28584e-09
 3.59007e-10
 2.03157e-11
 7.18702e-13
 1.40102e-14
 1.19097e-16
 2.48412e-19
 1.77224e-05
 1.75897e-05
 1.57524e-05
 1.14382e-05
 5.87463e-06
 2.00540e-06
 5.11552e-07
 1.00822e-07
 1.50357e-08
 1.65532e-09
 1.29893e-10
 6.89961e-12
 2.29430e-13
 4.20724e-15
 3.36545e-17
 6.60503e-20
 1.63153e-05
 1.52641e-05
 1.20876e-05
 7.16539e-06
 2.92742e-06
 8.61848e-07
 1.99479e-07
 3.58294e-08
 4.89588e-09
 4.95601e-10
 3.58239e-11
 1.75401e-12
 5.37485e-14
 9.07352e-16
 6.67054e-18
 1.20056e-20
 1.24894e-05
 1.05336e-05
 6.93264e-06
 3.22324e-06
 1.06639e-06
 2.79696e-07
 5.79077e-08
 9.33367e-09
 1.14762e-09
 1.04697e-10
 6.82151e-12
 3.00696e-13
 8.27545e-15
 1.25026e-16
 8.18922e-19
 1.30635e-21
 6.41617e-06
 4.70757e-06
 2.49686e-06
 9.10329e-07
 2.60509e-07
 5.95908e-08
 1.07867e-08
 1.52234e-09
 1.64021e-10
 1.31091e-11
 7.47227e-13
 2.87437e-14
 6.87911e-16
 8.99918e-18
 5.07925e-20
 6.94588e-23
 1.54730e-06
 9.88314e-07
 4.25691e-07
 1.28222e-07
 3.10004e-08
 5.96759e-09
 9.04101e-10
 1.06141e-10
 9.45335e-12
 6.20603e-13
 2.88720e-14
 9.00762e-16
 1.73773e-17
 1.82181e-19
 8.19607e-22
 8.89070e-25
 4.80131e-09
 1.19255e-09
 2.45387e-10
 4.16755e-11
 5.80388e-12
 6.56140e-13
 5.93893e-14
 4.22632e-15
 2.30951e-16
 9.39766e-18
 2.73316e-19
 5.36939e-21
 6.56321e-23
 4.38344e-25
 1.26245e-27
 8.80663e-31
 4.79307e-12
 8.41211e-13
 1.23976e-13
 1.52337e-14
 1.54585e-15
 1.27973e-16
 8.51089e-18
 4.46021e-19
 1.79741e-20
 5.39774e-22
 1.15888e-23
 1.68052e-25
 1.51580e-27
 7.46698e-30
 1.58533e-32
 8.14839e-36
 9.38734e-16
 1.10523e-16
 1.09737e-17
 9.11646e-19
 6.27262e-20
 3.52914e-21
 1.59801e-22
 5.70938e-24
 1.57000e-25
 3.21888e-27
 4.71909e-29
 4.67262e-31
 2.87697e-33
 9.67020e-36
 1.40021e-38
 4.90571e-42
 9.90653e-21
 6.58828e-22
 3.70968e-23
 1.75311e-24
 6.87787e-26
 2.21039e-27
 5.72465e-29
 1.17096e-30
 1.84473e-32
 2.16778e-34
 1.82211e-36
 1.03457e-38
 3.65312e-41
 7.04236e-44
 5.84858e-47
 1.17535e-50
 4.05318e-29
 8.48967e-31
 1.51100e-32
 2.26412e-34
 2.82401e-36
 2.89182e-38
 2.39078e-40
 1.56338e-42
 7.88307e-45
 2.96765e-47
 7.99661e-50
 1.45628e-52
 1.64992e-55
 1.02083e-58
 2.72151e-62
 1.75601e-66
 1.93863e-05
 1.87815e-05
 1.70419e-05
 1.31445e-05
 7.19461e-06
 2.33548e-06
 4.53818e-07
 6.13947e-08
 5.36435e-09
 2.86566e-10
 8.70157e-12
 1.35585e-13
 9.29723e-16
 2.16826e-18
 1.01864e-21
 1.80503e-26
 1.96768e-05
 1.94524e-05
 1.84899e-05
 1.57800e-05
 1.03830e-05
 4.30479e-06
 9.65829e-07
 1.47720e-07
 1.47874e-08
 9.22481e-10
 3.36060e-11
 6.52556e-13
 5.89613e-15
 1.98372e-17
 1.60918e-20
 8.90198e-25
 1.97201e-05
 1.96986e-05
 1.91977e-05
 1.74077e-05
 1.30522e-05
 6.57778e-06
 1.82955e-06
 3.17896e-07
 3.67583e-08
 2.69916e-09
 1.18828e-10
 2.89389e-12
 3.46360e-14
 1.68742e-16
 2.36614e-19
 4.05973e-23
 1.96007e-05
 1.97595e-05
 1.95170e-05
 1.83444e-05
 1.49461e-05
 8.72928e-06
 3.01028e-06
 5.99154e-07
 7.96654e-08
 6.84532e-09
 3.60831e-10
 1.08554e-11
 1.67709e-13
 1.12824e-15
 2.46241e-18
 8.77137e-22
 1.93044e-05
 1.97246e-05
 1.96519e-05
 1.88713e-05
 1.62249e-05
 1.05565e-05
 4.27574e-06
 9.70457e-07
 1.46686e-07
 1.44432e-08
 8.89776e-10
 3.20471e-11
 6.11753e-13
 5.31352e-15
 1.60117e-17
 8.87987e-21
 1.88553e-05
 1.96159e-05
 1.96992e-05
 1.91638e-05
 1.70611e-05
 1.19797e-05
 5.42595e-06
 1.36919e-06
 2.31048e-07
 2.57187e-08
 1.80924e-09
 7.57826e-11
 1.72608e-12
 1.84797e-14
 7.17608e-17
 5.48865e-20
 1.83266e-05
 1.94571e-05
 1.96968e-05
 1.93207e-05
 1.75898e-05
 1.30234e-05
 6.38165e-06
 1.74805e-06
 3.18561e-07
 3.90264e-08
 3.08406e-09
 1.47681e-10
 3.89774e-12
 4.96013e-14
 2.36677e-16
 2.32692e-19
 1.77944e-05
 1.92811e-05
 1.96678e-05
 1.93990e-05
 1.79054e-05
 1.37180e-05
 7.09548e-06
 2.07421e-06
 3.96570e-07
 5.18367e-08
 4.46067e-09
 2.37862e-10
 7.17223e-12
 1.06029e-13
 5.99039e-16
 7.21269e-19
 1.73135e-05
 1.91146e-05
 1.96285e-05
 1.94294e-05
 1.80694e-05
 1.41160e-05
 7.54798e-06
 2.30795e-06
 4.55590e-07
 6.22189e-08
 5.66155e-09
 3.25468e-10
 1.08497e-11
 1.81606e-13
 1.18994e-15
 1.69576e-18
 1.69323e-05
 1.89773e-05
 1.95855e-05
 1.94270e-05
 1.81268e-05
 1.42809e-05
 7.75669e-06
 2.42827e-06
 4.88590e-07
 6.85886e-08
 6.48817e-09
 3.92444e-10
 1.39871e-11
 2.56618e-13
 1.88843e-15
 3.08980e-18
 1.66899e-05
 1.88847e-05
 1.95404e-05
 1.93810e-05
 1.80508e-05
 1.41690e-05
 7.67236e-06
 2.40777e-06
 4.91656e-07
 7.04083e-08
 6.83080e-09
 4.27165e-10
 1.59106e-11
 3.10138e-13
 2.48481e-15
 4.53457e-18
 1.65876e-05
 1.88391e-05
 1.94955e-05
 1.92781e-05
 1.77749e-05
 1.36086e-05
 7.10357e-06
 2.15264e-06
 4.40021e-07
 6.35589e-08
 6.29378e-09
 4.07063e-10
 1.58786e-11
 3.27618e-13
 2.80681e-15
 5.56037e-18
 1.66774e-05
 1.88553e-05
 1.94526e-05
 1.91329e-05
 1.73587e-05
 1.27508e-05
 6.25085e-06
 1.77888e-06
 3.55001e-07
 5.05081e-08
 5.00222e-09
 3.28075e-10
 1.31502e-11
 2.82332e-13
 2.55351e-15
 5.45143e-18
 1.69336e-05
 1.89163e-05
 1.93936e-05
 1.89168e-05
 1.67859e-05
 1.17097e-05
 5.33516e-06
 1.42891e-06
 2.75322e-07
 3.81117e-08
 3.68184e-09
 2.36473e-10
 9.35919e-12
 2.01502e-13
 1.87086e-15
 4.18900e-18
 1.72737e-05
 1.89773e-05
 1.92807e-05
 1.85407e-05
 1.58524e-05
 1.02293e-05
 4.20226e-06
 1.06208e-06
 1.97302e-07
 2.65785e-08
 2.51295e-09
 1.58689e-10
 6.19918e-12
 1.32090e-13
 1.21465e-15
 2.71055e-18
 1.76453e-05
 1.89973e-05
 1.90560e-05
 1.78846e-05
 1.43757e-05
 8.29414e-06
 2.96821e-06
 7.13020e-07
 1.27537e-07
 1.66122e-08
 1.52506e-09
 9.39127e-11
 3.59322e-12
 7.53275e-14
 6.84768e-16
 1.51838e-18
 1.79465e-05
 1.89027e-05
 1.86040e-05
 1.67372e-05
 1.21688e-05
 6.06249e-06
 1.88990e-06
 4.29791e-07
 7.32065e-08
 9.12353e-09
 8.04847e-10
 4.78098e-11
 1.77088e-12
 3.60649e-14
 3.19649e-16
 6.93794e-19
 1.80574e-05
 1.85467e-05
 1.76769e-05
 1.47167e-05
 9.21134e-06
 3.81195e-06
 1.06611e-06
 2.27050e-07
 3.63705e-08
 4.28584e-09
 3.59007e-10
 2.03157e-11
 7.18702e-13
 1.40102e-14
 1.19097e-16
 2.48412e-19
 1.77224e-05
 1.75897e-05
 1.57524e-05
 1.14382e-05
 5.87463e-06
 2.00540e-06
 5.11552e-07
 1.00822e-07
 1.50357e-08
 1.65532e-09
 1.29893e-10
 6.89961e-12
 2.29430e-13
 4.20724e-15
 3.36545e-17
 6.60503e-20
 1.63153e-05
 1.52641e-05
 1.20876e-05
 7.16539e-06
 2.92742e-06
 8.61848e-07
 1.99479e-07
 3.58294e-08
 4.89588e-09
 4.95601e-10
 3.58239e-11
 1.75401e-12
 5.37485e-14
 9.07352e-16
 6.67054e-18
 1.20056e-20
 1.24894e-05
 1.05336e-05
 6.93264e-06
 3.22324e-06
 1.06639e-06
 2.79696e-07
 5.79077e-08
 9.33367e-09
 1.14762e-09
 1.04697e-10
 6.82151e-12
 3.00696e-13
 8.27545e-15
 1.25026e-16
 8.18922e-19
 1.30635e-21
 6.41617e-06
 4.70757e-06
 2.49686e-06
 9.10329e-07
 2.60509e-07
 5.95908e-08
 1.07867e-08
 1.52234e-09
 1.64021e-10
 1.31091e-11
 7.47227e-13
 2.87437e-14
 6.87911e-16
 8.99918e-18
 5.07925e-20
 6.94588e-23
 1.54730e-06
 9.88314e-07
 4.25691e-07
 1.28222e-07
 3.10004e-08
 5.96759e-09
 9.04101e-10
 1.06141e-10
 9.45335e-12
 6.20603e-13
 2.88720e-14
 9.00762e-16
 1.73773e-17
 1.82181e-19
 8.19607e-22
 8.89070e-25
 4.80131e-09
 1.19255e-09
 2.45387e-10
 4.16755e-11
 5.80388e-12
 6.56140e-13
 5.93893e-14
 4.22632e-15
 2.30951e-16
 9.39766e-18
 2.73316e-19
 5.36939e-21
 6.56321e-23
 4.38344e-25
 1.26245e-27
 8.80663e-31
 4.79307e-12
 8.41211e-13
 1.23976e-13
 1.52337e-14
 1.54585e-15
 1.27973e-16
 8.51089e-18
 4.46021e-19
 1.79741e-20
 5.39774e-22
 1.15888e-23
 1.68052e-25
 1.51580e-27
 7.46698e-30
 1.58533e-32
 8.14839e-36
 9.38734e-16
 1.10523e-16
 1.09737e-17
 9.11646e-19
 6.27262e-20
 3.52914e-21
 1.59801e-22
 5.70938e-24
 1.57000e-25
 3.21888e-27
 4.71909e-29
 4.67262e-31
 2.87697e-33
 9.67020e-36
 1.40021e-38
 4.90571e-42
 9.90653e-21
 6.58828e-22
 3.70968e-23
 1.75311e-24
 6.87787e-26
 2.21039e-27
 5.72465e-29
 1.17096e-30
 1.84473e-32
 2.16778e-34
 1.82211e-36
 1.03457e-38
 3.65312e-41
 7.04236e-44
 5.84858e-47
 1.17535e-50
 4.05318e-29
 8.48967e-31
 1.51100e-32
 2.26412e-34
 2.82401e-36
 2.89182e-38
 2.39078e-40
 1.56338e-42
 7.88307e-45
 2.96765e-47
 7.99661e-50
 1.45628e-52
 1.64992e-55
 1.02083e-58
 2.72151e-62
 1.75601e-66
