1.0000000000000001E-05 1.6851186752319336E-02
2.0500000000000004E-05 1.7799139022827148E-02
3.1525000000000007E-05 1.6733407974243164E-02
4.3101250000000010E-05 1.7467975616455078E-02
5.5256312500000013E-05 1.6677618026733398E-02
6.8019128125000017E-05 1.7653942108154297E-02
8.1420084531250018E-05 1.7142772674560547E-02
9.5491088757812526E-05 1.6927003860473633E-02
1.1026564319570316E-04 1.7193794250488281E-02
1.2577892535548833E-04 1.6814947128295898E-02
1.4206787162326275E-04 1.7035245895385742E-02
1.5917126520442591E-04 1.6922950744628906E-02
1.7712982846464722E-04 1.7047643661499023E-02
1.9598631988787958E-04 1.6921043395996094E-02
2.1578563588227356E-04 1.7495155334472656E-02
2.3657491767638725E-04 1.7224311828613281E-02
2.5840366356020660E-04 1.7301559448242188E-02
2.8132384673821697E-04 1.7430543899536133E-02
3.0539003907512785E-04 1.7207384109497070E-02
3.3065954102888426E-04 1.7455816268920898E-02
3.5719251808032847E-04 1.6953945159912109E-02
3.8505214398434494E-04 1.7527580261230469E-02
4.1430475118356224E-04 1.6743421554565430E-02
4.4501998874274035E-04 1.6933679580688477E-02
4.7727098817987741E-04 1.7307043075561523E-02
5.1113453758887132E-04 1.6583681106567383E-02
5.4669126446831495E-04 1.7559289932250977E-02
5.8402582769173075E-04 1.6673326492309570E-02
6.2322711907631734E-04 1.7632246017456055E-02
6.6438847503013320E-04 1.6792774200439453E-02
7.0760789878163990E-04 1.7519474029541016E-02
7.5298829372072191E-04 1.6706466674804688E-02
8.0063770840675804E-04 1.7392635345458984E-02
8.5066959382709597E-04 1.7239332199096680E-02
9.0320307351845076E-04 1.7259120941162109E-02
9.5836322719437339E-04 1.7236471176147461E-02
1.0162813885540921E-03 1.7052412033081055E-02
1.0770954579817967E-03 1.7511606216430664E-02
1.1409502308808866E-03 1.6570329666137695E-02
1.2079977424249309E-03 1.7692327499389648E-02
1.2783976295461775E-03 1.6983985900878906E-02
1.3523175110234863E-03 1.7583847045898438E-02
1.4299333865746607E-03 1.7032146453857422E-02
1.5114300559033939E-03 1.7143249511718750E-02
1.5970015586985638E-03 1.7415761947631836E-02
1.6868516366334921E-03 1.7277479171752930E-02
1.7811942184651668E-03 1.7443418502807617E-02
1.8802539293884253E-03 1.7612695693969727E-02
1.9802539293884251E-03 1.7145156860351562E-02
2.0802539293884250E-03 3.1357765197753906E-02
2.1802539293884248E-03 1.7405509948730469E-02
2.2802539293884246E-03 1.7779588699340820E-02
2.3802539293884244E-03 1.7907857894897461E-02
2.4802539293884243E-03 1.6967058181762695E-02
2.5802539293884241E-03 1.7817735671997070E-02
2.6802539293884239E-03 1.7170667648315430E-02
2.7802539293884238E-03 1.7466545104980469E-02
2.8802539293884236E-03 1.7509937286376953E-02
2.9802539293884234E-03 1.7514705657958984E-02
3.0802539293884232E-03 1.7527341842651367E-02
3.1802539293884231E-03 1.7479181289672852E-02
3.2802539293884229E-03 1.7365217208862305E-02
3.3802539293884227E-03 1.6968488693237305E-02
3.4802539293884226E-03 1.7958402633666992E-02
3.5802539293884224E-03 1.7064809799194336E-02
3.6802539293884222E-03 1.7598867416381836E-02
3.7802539293884220E-03 1.7669200897216797E-02
3.8802539293884219E-03 1.7379999160766602E-02
3.9802539293884217E-03 1.7417669296264648E-02
4.0802539293884220E-03 1.7572164535522461E-02
4.1802539293884222E-03 1.7662286758422852E-02
4.2802539293884225E-03 1.7082452774047852E-02
4.3802539293884227E-03 1.7425298690795898E-02
4.4802539293884230E-03 1.8449783325195312E-02
4.5802539293884233E-03 1.7061233520507812E-02
4.6802539293884235E-03 1.8132925033569336E-02
4.7802539293884238E-03 1.6945362091064453E-02
4.8802539293884241E-03 1.7681837081909180E-02
4.9802539293884243E-03 1.6926288604736328E-02
5.0802539293884246E-03 1.7326593399047852E-02
5.1802539293884248E-03 1.7219066619873047E-02
5.2802539293884251E-03 1.7101287841796875E-02
5.3802539293884254E-03 1.7243146896362305E-02
5.4802539293884256E-03 1.7266988754272461E-02
5.5802539293884259E-03 1.7371416091918945E-02
5.6802539293884262E-03 1.7446279525756836E-02
5.7802539293884264E-03 1.7126083374023438E-02
5.8802539293884267E-03 1.7331600189208984E-02
5.9802539293884269E-03 1.7774105072021484E-02
6.0802539293884272E-03 1.7447710037231445E-02
6.1802539293884275E-03 1.7700910568237305E-02
6.2802539293884277E-03 1.7671108245849609E-02
6.3802539293884280E-03 1.7470359802246094E-02
6.4802539293884283E-03 1.7695665359497070E-02
6.5802539293884285E-03 1.7059564590454102E-02
6.6802539293884288E-03 1.8088817596435547E-02
6.7802539293884290E-03 1.7209529876708984E-02
6.8802539293884293E-03 1.7569065093994141E-02
6.9802539293884296E-03 1.7416954040527344E-02
7.0802539293884298E-03 3.0858278274536133E-02
7.1802539293884301E-03 1.7702102661132812E-02
7.2802539293884303E-03 1.7962217330932617E-02
7.3802539293884306E-03 1.7002344131469727E-02
7.4802539293884309E-03 1.7749309539794922E-02
7.5802539293884311E-03 1.7083168029785156E-02
7.6802539293884314E-03 1.7689466476440430E-02
7.7802539293884317E-03 1.7248153686523438E-02
7.8802539293884311E-03 1.7459869384765625E-02
7.9802539293884305E-03 1.7510414123535156E-02
8.0802539293884298E-03 1.7544031143188477E-02
8.1802539293884292E-03 1.7629861831665039E-02
8.2802539293884286E-03 1.7647981643676758E-02
8.3802539293884280E-03 1.7310380935668945E-02
8.4802539293884274E-03 1.8399238586425781E-02
8.5802539293884268E-03 1.7145156860351562E-02
8.6802539293884262E-03 1.8030405044555664E-02
8.7802539293884256E-03 1.7112255096435547E-02
8.8802539293884250E-03 1.7883539199829102E-02
8.9802539293884244E-03 1.7125368118286133E-02
9.0802539293884238E-03 1.7837285995483398E-02
9.1802539293884232E-03 1.6974449157714844E-02
9.2802539293884226E-03 1.7395734786987305E-02
9.3802539293884220E-03 1.7563104629516602E-02
9.4802539293884214E-03 1.7325878143310547E-02
9.5802539293884208E-03 1.7324447631835938E-02
9.6802539293884202E-03 1.7410993576049805E-02
9.7802539293884196E-03 1.7338037490844727E-02
9.8802539293884190E-03 1.7480850219726562E-02
9.9802539293884183E-03 1.8056631088256836E-02
1.0080253929388418E-02 1.7923593521118164E-02
1.0180253929388417E-02 1.7683744430541992E-02
1.0280253929388417E-02 1.7713308334350586E-02
1.0380253929388416E-02 1.7048835754394531E-02
1.0480253929388415E-02 1.7886400222778320E-02
1.0580253929388415E-02 1.6855955123901367E-02
1.0680253929388414E-02 1.7531394958496094E-02
1.0780253929388414E-02 1.6923904418945312E-02
1.0880253929388413E-02 1.7593860626220703E-02
1.0980253929388412E-02 1.7163038253784180E-02
1.1080253929388412E-02 1.7273664474487305E-02
1.1180253929388411E-02 1.7410993576049805E-02
1.1280253929388410E-02 1.7058849334716797E-02
1.1380253929388410E-02 1.7893075942993164E-02
1.1480253929388409E-02 1.6996145248413086E-02
1.1580253929388409E-02 1.7730474472045898E-02
1.1680253929388408E-02 1.7224311828613281E-02
1.1780253929388407E-02 1.7744779586791992E-02
1.1880253929388407E-02 1.7450571060180664E-02
1.1980253929388406E-02 1.7272710800170898E-02
1.2080253929388406E-02 3.1102895736694336E-02
1.2180253929388405E-02 1.8049478530883789E-02
1.2280253929388404E-02 1.7607927322387695E-02
1.2380253929388404E-02 1.7218351364135742E-02
1.2480253929388403E-02 1.7438888549804688E-02
1.2580253929388403E-02 1.7296314239501953E-02
1.2680253929388402E-02 1.7431974411010742E-02
1.2780253929388401E-02 1.7483472824096680E-02
1.2880253929388401E-02 1.7919540405273438E-02
1.2980253929388400E-02 1.7068147659301758E-02
1.3080253929388400E-02 1.8004179000854492E-02
1.3180253929388399E-02 1.7102003097534180E-02
1.3280253929388398E-02 1.7998218536376953E-02
1.3380253929388398E-02 1.7589569091796875E-02
1.3480253929388397E-02 1.7518758773803711E-02
1.3580253929388397E-02 1.7469882965087891E-02
1.3680253929388396E-02 1.7421722412109375E-02
1.3780253929388395E-02 1.7517805099487305E-02
1.3880253929388395E-02 1.7394304275512695E-02
1.3980253929388394E-02 1.7566680908203125E-02
1.4080253929388394E-02 1.7149209976196289E-02
1.4180253929388393E-02 1.7573356628417969E-02
1.4280253929388392E-02 1.7391681671142578E-02
1.4380253929388392E-02 1.7618656158447266E-02
1.4480253929388391E-02 1.7652034759521484E-02
1.4580253929388391E-02 1.7557859420776367E-02
1.4680253929388390E-02 1.7867565155029297E-02
1.4780253929388389E-02 1.7156362533569336E-02
1.4880253929388389E-02 1.7962217330932617E-02
1.4980253929388388E-02 1.7379999160766602E-02
1.5080253929388387E-02 1.7875671386718750E-02
1.5180253929388387E-02 1.7568588256835938E-02
1.5280253929388386E-02 1.7473220825195312E-02
1.5380253929388386E-02 1.7448186874389648E-02
1.5480253929388385E-02 1.7490148544311523E-02
1.5580253929388384E-02 1.7796754837036133E-02
1.5680253929388384E-02 1.7633438110351562E-02
1.5780253929388383E-02 1.7761707305908203E-02
1.5880253929388383E-02 1.7589569091796875E-02
1.5980253929388382E-02 1.7592191696166992E-02
1.6080253929388381E-02 1.7676591873168945E-02
1.6180253929388381E-02 1.7301559448242188E-02
1.6280253929388380E-02 1.7855405807495117E-02
1.6380253929388380E-02 1.7091512680053711E-02
1.6480253929388379E-02 1.7847061157226562E-02
1.6580253929388378E-02 1.7364740371704102E-02
1.6680253929388378E-02 1.7577171325683594E-02
1.6780253929388377E-02 1.7667293548583984E-02
1.6880253929388377E-02 1.6993045806884766E-02
1.6980253929388376E-02 1.7688751220703125E-02
1.7080253929388375E-02 3.1117200851440430E-02
1.7180253929388375E-02 1.6993522644042969E-02
1.7280253929388374E-02 1.7855644226074219E-02
1.7380253929388374E-02 1.7429590225219727E-02
1.7480253929388373E-02 1.7541408538818359E-02
1.7580253929388372E-02 1.7533779144287109E-02
1.7680253929388372E-02 1.7558574676513672E-02
1.7780253929388371E-02 1.7566204071044922E-02
1.7880253929388371E-02 1.7331838607788086E-02
1.7980253929388370E-02 1.7799615859985352E-02
1.8080253929388369E-02 1.7777204513549805E-02
1.8180253929388369E-02 1.7400264739990234E-02
1.8280253929388368E-02 1.7610073089599609E-02
1.8380253929388368E-02 1.7367362976074219E-02
1.8480253929388367E-02 1.7931461334228516E-02
1.8580253929388366E-02 1.7079591751098633E-02
1.8680253929388366E-02 1.8090486526489258E-02
1.8780253929388365E-02 1.7288684844970703E-02
1.8880253929388364E-02 1.7717123031616211E-02
1.8980253929388364E-02 1.7575740814208984E-02
1.9080253929388363E-02 1.7587661743164062E-02
1.9180253929388363E-02 1.7661094665527344E-02
1.9280253929388362E-02 1.7511844635009766E-02
1.9380253929388361E-02 1.7923831939697266E-02
1.9480253929388361E-02 1.7071723937988281E-02
1.9580253929388360E-02 1.7894268035888672E-02
1.9680253929388360E-02 1.7694950103759766E-02
1.9780253929388359E-02 1.7571210861206055E-02
1.9880253929388358E-02 1.7508506774902344E-02
1.9980253929388358E-02 1.7807722091674805E-02
2.0080253929388357E-02 1.7822980880737305E-02
2.0180253929388357E-02 1.7080307006835938E-02
2.0280253929388356E-02 1.7781019210815430E-02
2.0380253929388355E-02 1.7423629760742188E-02
2.0480253929388355E-02 1.7575025558471680E-02
2.0580253929388354E-02 1.7517566680908203E-02
2.0680253929388354E-02 1.7518758773803711E-02
2.0780253929388353E-02 1.7713546752929688E-02
2.0880253929388352E-02 1.7196655273437500E-02
2.0980253929388352E-02 1.7571687698364258E-02
2.1080253929388351E-02 1.7027854919433594E-02
2.1180253929388351E-02 1.7286300659179688E-02
2.1280253929388350E-02 1.7534255981445312E-02
2.1380253929388349E-02 1.7124414443969727E-02
2.1480253929388349E-02 1.7617940902709961E-02
2.1580253929388348E-02 1.7518043518066406E-02
2.1680253929388348E-02 1.7429351806640625E-02
2.1780253929388347E-02 1.7552614212036133E-02
2.1880253929388346E-02 1.7454147338867188E-02
2.1980253929388346E-02 1.7197132110595703E-02
2.2080253929388345E-02 3.1072378158569336E-02
2.2180253929388345E-02 1.7780065536499023E-02
2.2280253929388344E-02 1.7569303512573242E-02
2.2380253929388343E-02 1.7362117767333984E-02
2.2480253929388343E-02 1.7391681671142578E-02
2.2580253929388342E-02 1.7730951309204102E-02
2.2680253929388342E-02 1.7395257949829102E-02
2.2780253929388341E-02 1.7323017120361328E-02
2.2880253929388340E-02 1.7494201660156250E-02
2.2980253929388340E-02 1.7560720443725586E-02
2.3080253929388339E-02 1.7702817916870117E-02
2.3180253929388338E-02 1.7411470413208008E-02
2.3280253929388338E-02 1.7480850219726562E-02
2.3380253929388337E-02 1.7821788787841797E-02
2.3480253929388337E-02 1.6989946365356445E-02
2.3580253929388336E-02 1.7872095108032227E-02
2.3680253929388335E-02 1.7606258392333984E-02
2.3780253929388335E-02 1.7497301101684570E-02
2.3880253929388334E-02 1.7445087432861328E-02
2.3980253929388334E-02 1.7841815948486328E-02
2.4080253929388333E-02 1.7544507980346680E-02
2.4180253929388332E-02 1.6984224319458008E-02
2.4280253929388332E-02 1.7885684967041016E-02
2.4380253929388331E-02 1.7118215560913086E-02
2.4480253929388331E-02 1.7386436462402344E-02
2.4580253929388330E-02 1.7497062683105469E-02
2.4680253929388329E-02 1.6928911209106445E-02
2.4780253929388329E-02 1.7663717269897461E-02
2.4880253929388328E-02 1.6702890396118164E-02
2.4980253929388328E-02 1.7743110656738281E-02
2.5080253929388327E-02 1.6796588897705078E-02
2.5180253929388326E-02 1.7783403396606445E-02
2.5280253929388326E-02 1.7319679260253906E-02
2.5380253929388325E-02 1.7523527145385742E-02
2.5480253929388325E-02 1.7357349395751953E-02
2.5580253929388324E-02 1.7313957214355469E-02
2.5680253929388323E-02 1.7546653747558594E-02
2.5780253929388323E-02 1.7145395278930664E-02
2.5880253929388322E-02 1.7510175704956055E-02
2.5980253929388322E-02 1.7257452011108398E-02
2.6080253929388321E-02 1.7347097396850586E-02
2.6180253929388320E-02 1.7301321029663086E-02
2.6280253929388320E-02 1.7663717269897461E-02
2.6380253929388319E-02 1.7986774444580078E-02
2.6480253929388319E-02 1.6940593719482422E-02
2.6580253929388318E-02 1.7897844314575195E-02
2.6680253929388317E-02 1.6709566116333008E-02
2.6780253929388317E-02 1.7741203308105469E-02
2.6880253929388316E-02 1.7486095428466797E-02
2.6980253929388315E-02 1.7286539077758789E-02
2.7080253929388315E-02 3.0971527099609375E-02
2.7180253929388314E-02 1.7580986022949219E-02
2.7280253929388314E-02 1.6715049743652344E-02
2.7380253929388313E-02 1.7439603805541992E-02
2.7480253929388312E-02 1.6906499862670898E-02
2.7580253929388312E-02 1.7688274383544922E-02
2.7680253929388311E-02 1.6740322113037109E-02
2.7780253929388311E-02 1.7886877059936523E-02
2.7880253929388310E-02 1.7278194427490234E-02
2.7980253929388309E-02 1.7503738403320312E-02
2.8080253929388309E-02 1.7711400985717773E-02
2.8180253929388308E-02 1.7386674880981445E-02
2.8280253929388308E-02 1.7430067062377930E-02
2.8380253929388307E-02 1.7564296722412109E-02
2.8480253929388306E-02 1.7419099807739258E-02
2.8580253929388306E-02 1.7439126968383789E-02
2.8680253929388305E-02 1.7560243606567383E-02
2.8780253929388305E-02 1.7687559127807617E-02
2.8880253929388304E-02 1.7188549041748047E-02
2.8980253929388303E-02 1.7447948455810547E-02
2.9080253929388303E-02 1.6968727111816406E-02
2.9180253929388302E-02 1.7671823501586914E-02
2.9280253929388302E-02 1.7052888870239258E-02
2.9380253929388301E-02 1.7485141754150391E-02
2.9480253929388300E-02 1.7410755157470703E-02
2.9580253929388300E-02 1.7360687255859375E-02
2.9680253929388299E-02 1.7307519912719727E-02
2.9780253929388299E-02 1.7240047454833984E-02
2.9880253929388298E-02 1.7586231231689453E-02
2.9980253929388297E-02 1.6771316528320312E-02
3.0080253929388297E-02 1.7661809921264648E-02
3.0180253929388296E-02 1.7079830169677734E-02
3.0280253929388296E-02 1.7383337020874023E-02
3.0380253929388295E-02 1.7741441726684570E-02
3.0480253929388294E-02 1.7422914505004883E-02
3.0580253929388294E-02 1.7715930938720703E-02
3.0680253929388293E-02 1.7313003540039062E-02
3.0780253929388292E-02 1.7199993133544922E-02
3.0880253929388292E-02 1.7619371414184570E-02
3.0980253929388291E-02 1.7437458038330078E-02
3.1080253929388291E-02 1.7899036407470703E-02
3.1180253929388290E-02 1.7020702362060547E-02
3.1280253929388289E-02 1.7853498458862305E-02
3.1380253929388292E-02 1.7005443572998047E-02
3.1480253929388295E-02 1.7679452896118164E-02
3.1580253929388298E-02 1.6886234283447266E-02
3.1680253929388301E-02 1.7618417739868164E-02
3.1780253929388304E-02 1.6929149627685547E-02
3.1880253929388307E-02 1.7235040664672852E-02
3.1980253929388310E-02 1.7252922058105469E-02
3.2080253929388312E-02 3.0918359756469727E-02
3.2180253929388315E-02 1.7587900161743164E-02
3.2280253929388318E-02 1.7403125762939453E-02
3.2380253929388321E-02 1.7239332199096680E-02
3.2480253929388324E-02 1.7810106277465820E-02
3.2580253929388327E-02 1.6800403594970703E-02
3.2680253929388330E-02 1.7953872680664062E-02
3.2780253929388332E-02 1.6937732696533203E-02
3.2880253929388335E-02 1.7322063446044922E-02
3.2980253929388338E-02 1.7551898956298828E-02
3.3080253929388341E-02 1.7696619033813477E-02
3.3180253929388344E-02 1.7427206039428711E-02
3.3280253929388347E-02 1.7644882202148438E-02
3.3380253929388350E-02 1.7647981643676758E-02
3.3480253929388352E-02 1.7132997512817383E-02
3.3580253929388355E-02 1.7721414566040039E-02
3.3680253929388358E-02 1.7160415649414062E-02
3.3780253929388361E-02 1.7475366592407227E-02
3.3880253929388364E-02 1.7722845077514648E-02
3.3980253929388367E-02 1.6784906387329102E-02
3.4080253929388370E-02 1.7527103424072266E-02
3.4180253929388373E-02 1.6669273376464844E-02
3.4280253929388375E-02 1.8389940261840820E-02
3.4380253929388378E-02 1.7364263534545898E-02
3.4480253929388381E-02 1.7369985580444336E-02
3.4580253929388384E-02 1.7410278320312500E-02
3.4680253929388387E-02 1.7361640930175781E-02
3.4780253929388390E-02 1.7653942108154297E-02
3.4880253929388393E-02 1.7455577850341797E-02
3.4980253929388395E-02 1.7570495605468750E-02
3.5080253929388398E-02 1.7356157302856445E-02
3.5180253929388401E-02 1.7580509185791016E-02
3.5280253929388404E-02 1.8189430236816406E-02
3.5380253929388407E-02 1.7321109771728516E-02
3.5480253929388410E-02 1.7983675003051758E-02
3.5580253929388413E-02 1.6857147216796875E-02
3.5680253929388416E-02 1.7906665802001953E-02
3.5780253929388418E-02 1.6883373260498047E-02
3.5880253929388421E-02 1.7964363098144531E-02
3.5980253929388424E-02 1.6839027404785156E-02
3.6080253929388427E-02 1.8066167831420898E-02
3.6180253929388430E-02 1.7322063446044922E-02
3.6280253929388433E-02 1.7841815948486328E-02
3.6380253929388436E-02 1.7403364181518555E-02
3.6480253929388438E-02 1.7340183258056641E-02
3.6580253929388441E-02 1.7524242401123047E-02
3.6680253929388444E-02 1.7265558242797852E-02
3.6780253929388447E-02 1.7531156539916992E-02
3.6880253929388450E-02 1.7434597015380859E-02
3.6980253929388453E-02 1.7539978027343750E-02
3.7080253929388456E-02 3.1359672546386719E-02
3.7180253929388458E-02 1.8132209777832031E-02
3.7280253929388461E-02 1.7330169677734375E-02
3.7380253929388464E-02 1.7374277114868164E-02
3.7480253929388467E-02 1.7229318618774414E-02
3.7580253929388470E-02 1.7919301986694336E-02
3.7680253929388473E-02 1.6976118087768555E-02
3.7780253929388476E-02 1.7898797988891602E-02
3.7880253929388479E-02 1.6833066940307617E-02
3.7980253929388481E-02 1.8006086349487305E-02
3.8080253929388484E-02 1.8229007720947266E-02
3.8180253929388487E-02 1.7672061920166016E-02
3.8280253929388490E-02 1.7522335052490234E-02
3.8380253929388493E-02 1.7498016357421875E-02
3.8480253929388496E-02 1.7515897750854492E-02
3.8580253929388499E-02 1.7338991165161133E-02
3.8680253929388501E-02 1.7816066741943359E-02
3.8780253929388504E-02 1.7150402069091797E-02
3.8880253929388507E-02 1.8371582031250000E-02
3.8980253929388510E-02 1.7171382904052734E-02
3.9080253929388513E-02 1.8692016601562500E-02
3.9180253929388516E-02 1.8706321716308594E-02
3.9280253929388519E-02 1.7137289047241211E-02
3.9380253929388521E-02 1.7597913742065430E-02
3.9480253929388524E-02 1.6755819320678711E-02
3.9580253929388527E-02 1.7983198165893555E-02
3.9680253929388530E-02 1.7314910888671875E-02
3.9780253929388533E-02 1.7743349075317383E-02
3.9880253929388536E-02 1.7330169677734375E-02
3.9980253929388539E-02 1.7361640930175781E-02
4.0080253929388542E-02 1.7543792724609375E-02
4.0180253929388544E-02 1.7669677734375000E-02
4.0280253929388547E-02 1.7959117889404297E-02
4.0380253929388550E-02 1.7051935195922852E-02
4.0480253929388553E-02 1.7725467681884766E-02
4.0580253929388556E-02 1.7112970352172852E-02
4.0680253929388559E-02 1.7473936080932617E-02
4.0780253929388562E-02 1.7080307006835938E-02
4.0880253929388564E-02 1.7753601074218750E-02
4.0980253929388567E-02 1.8317222595214844E-02
4.1080253929388570E-02 1.7060756683349609E-02
4.1180253929388573E-02 1.7681121826171875E-02
4.1280253929388576E-02 1.7528057098388672E-02
4.1380253929388579E-02 1.7637252807617188E-02
4.1480253929388582E-02 1.7714023590087891E-02
4.1580253929388584E-02 1.6987800598144531E-02
4.1680253929388587E-02 1.7689943313598633E-02
4.1780253929388590E-02 1.7050027847290039E-02
4.1880253929388593E-02 1.7637968063354492E-02
4.1980253929388596E-02 1.7500877380371094E-02
4.2080253929388599E-02 3.1203985214233398E-02
4.2180253929388602E-02 1.7663717269897461E-02
4.2280253929388605E-02 1.7378568649291992E-02
4.2380253929388607E-02 1.7681837081909180E-02
4.2480253929388610E-02 1.7130851745605469E-02
4.2580253929388613E-02 1.7563819885253906E-02
4.2680253929388616E-02 1.7722368240356445E-02
4.2780253929388619E-02 1.7333507537841797E-02
4.2880253929388622E-02 1.7567396163940430E-02
4.2980253929388625E-02 1.7346382141113281E-02
4.3080253929388627E-02 1.7765998840332031E-02
4.3180253929388630E-02 1.7636060714721680E-02
4.3280253929388633E-02 1.7136573791503906E-02
4.3380253929388636E-02 1.7880678176879883E-02
4.3480253929388639E-02 1.7529487609863281E-02
4.3580253929388642E-02 1.7719984054565430E-02
4.3680253929388645E-02 1.8036127090454102E-02
4.3780253929388648E-02 1.6937971115112305E-02
4.3880253929388650E-02 1.7681598663330078E-02
4.3980253929388653E-02 1.7000913619995117E-02
4.4080253929388656E-02 1.7480373382568359E-02
4.4180253929388659E-02 1.7005443572998047E-02
4.4280253929388662E-02 1.7869234085083008E-02
4.4380253929388665E-02 1.7573833465576172E-02
4.4480253929388668E-02 1.7432689666748047E-02
4.4580253929388670E-02 1.7488956451416016E-02
4.4680253929388673E-02 1.7498731613159180E-02
4.4780253929388676E-02 1.7386436462402344E-02
4.4880253929388679E-02 1.7652750015258789E-02
4.4980253929388682E-02 1.7638921737670898E-02
4.5080253929388685E-02 1.7755031585693359E-02
4.5180253929388688E-02 1.7273664474487305E-02
4.5280253929388690E-02 1.7736673355102539E-02
4.5380253929388693E-02 1.6867876052856445E-02
4.5480253929388696E-02 1.7655372619628906E-02
4.5580253929388699E-02 1.7107725143432617E-02
4.5680253929388702E-02 1.7666339874267578E-02
4.5780253929388705E-02 1.7028093338012695E-02
4.5880253929388708E-02 1.7679929733276367E-02
4.5980253929388711E-02 1.7393589019775391E-02
4.6080253929388713E-02 1.7559051513671875E-02
4.6180253929388716E-02 1.7358064651489258E-02
4.6280253929388719E-02 1.7366647720336914E-02
4.6380253929388722E-02 1.7513036727905273E-02
4.6480253929388725E-02 1.7089128494262695E-02
4.6580253929388728E-02 1.7876863479614258E-02
4.6680253929388731E-02 1.7474412918090820E-02
4.6780253929388733E-02 1.7632246017456055E-02
4.6880253929388736E-02 1.7564535140991211E-02
4.6980253929388739E-02 1.7199516296386719E-02
4.7080253929388742E-02 3.0858993530273438E-02
4.7180253929388745E-02 1.7140865325927734E-02
4.7280253929388748E-02 1.7505645751953125E-02
4.7380253929388751E-02 1.7606496810913086E-02
4.7480253929388753E-02 1.7885208129882812E-02
4.7580253929388756E-02 1.6788005828857422E-02
4.7680253929388759E-02 1.7483472824096680E-02
4.7780253929388762E-02 1.6962528228759766E-02
4.7880253929388765E-02 1.7494440078735352E-02
4.7980253929388768E-02 1.6617059707641602E-02
4.8080253929388771E-02 1.7858505249023438E-02
4.8180253929388774E-02 1.6894102096557617E-02
4.8280253929388776E-02 1.7169237136840820E-02
4.8380253929388779E-02 1.7554044723510742E-02
4.8480253929388782E-02 1.7248392105102539E-02
4.8580253929388785E-02 1.7337799072265625E-02
4.8680253929388788E-02 1.7255783081054688E-02
4.8780253929388791E-02 1.7747163772583008E-02
4.8880253929388794E-02 1.6620635986328125E-02
4.8980253929388796E-02 1.7732381820678711E-02
4.9080253929388799E-02 1.7485141754150391E-02
4.9180253929388802E-02 1.7275333404541016E-02
4.9280253929388805E-02 1.7529964447021484E-02
4.9380253929388808E-02 1.7540693283081055E-02
4.9480253929388811E-02 1.7221927642822266E-02
4.9580253929388814E-02 1.7800331115722656E-02
4.9680253929388817E-02 1.7850160598754883E-02
4.9780253929388819E-02 1.7475843429565430E-02
4.9880253929388822E-02 1.7543315887451172E-02
4.9980253929388825E-02 1.7587423324584961E-02
5.0080253929388828E-02 1.7197847366333008E-02
5.0180253929388831E-02 1.7884969711303711E-02
5.0280253929388834E-02 1.7022609710693359E-02
5.0380253929388837E-02 1.7988681793212891E-02
5.0480253929388839E-02 1.7384529113769531E-02
5.0580253929388842E-02 1.7529964447021484E-02
5.0680253929388845E-02 1.7239332199096680E-02
5.0780253929388848E-02 1.7646312713623047E-02
5.0880253929388851E-02 1.7377138137817383E-02
5.0980253929388854E-02 1.7596721649169922E-02
5.1080253929388857E-02 1.7807960510253906E-02
5.1180253929388859E-02 1.7175436019897461E-02
5.1280253929388862E-02 1.7731666564941406E-02
5.1380253929388865E-02 1.7807722091674805E-02
5.1480253929388868E-02 1.7243146896362305E-02
5.1580253929388871E-02 1.7659425735473633E-02
5.1680253929388874E-02 1.6943216323852539E-02
5.1780253929388877E-02 1.7952442169189453E-02
5.1880253929388880E-02 1.7399311065673828E-02
5.1980253929388882E-02 1.7561912536621094E-02
5.2080253929388885E-02 3.0954837799072266E-02
5.2180253929388888E-02 1.7407894134521484E-02
5.2280253929388891E-02 1.6934871673583984E-02
5.2380253929388894E-02 1.7742395401000977E-02
5.2480253929388897E-02 1.6986846923828125E-02
5.2580253929388900E-02 1.7544031143188477E-02
5.2680253929388902E-02 1.6948223114013672E-02
5.2780253929388905E-02 1.7526388168334961E-02
5.2880253929388908E-02 1.7643451690673828E-02
5.2980253929388911E-02 1.7284154891967773E-02
5.3080253929388914E-02 1.7754554748535156E-02
5.3180253929388917E-02 1.7258405685424805E-02
5.3280253929388920E-02 1.7496585845947266E-02
5.3380253929388922E-02 1.7447948455810547E-02
5.3480253929388925E-02 1.7281532287597656E-02
5.3580253929388928E-02 1.7038583755493164E-02
5.3680253929388931E-02 1.7345666885375977E-02
5.3780253929388934E-02 1.7026185989379883E-02
5.3880253929388937E-02 1.7637729644775391E-02
5.3980253929388940E-02 1.7587184906005859E-02
5.4080253929388943E-02 1.6836404800415039E-02
5.4180253929388945E-02 1.7611503601074219E-02
5.4280253929388948E-02 1.6791343688964844E-02
5.4380253929388951E-02 1.7209529876708984E-02
5.4480253929388954E-02 1.7599105834960938E-02
5.4580253929388957E-02 1.7202138900756836E-02
5.4680253929388960E-02 1.7805576324462891E-02
5.4780253929388963E-02 1.6845226287841797E-02
5.4880253929388965E-02 1.7478704452514648E-02
5.4980253929388968E-02 1.7410755157470703E-02
5.5080253929388971E-02 1.7778158187866211E-02
5.5180253929388974E-02 1.7521142959594727E-02
5.5280253929388977E-02 1.7575740814208984E-02
5.5380253929388980E-02 1.7271757125854492E-02
5.5480253929388983E-02 1.7061948776245117E-02
5.5580253929388986E-02 1.7690181732177734E-02
5.5680253929388988E-02 1.7325162887573242E-02
5.5780253929388991E-02 1.7726898193359375E-02
5.5880253929388994E-02 1.7608165740966797E-02
5.5980253929388997E-02 1.7131805419921875E-02
5.6080253929389000E-02 1.7247915267944336E-02
5.6180253929389003E-02 1.7174243927001953E-02
5.6280253929389006E-02 1.7468690872192383E-02
5.6380253929389008E-02 1.6873121261596680E-02
5.6480253929389011E-02 1.7264366149902344E-02
5.6580253929389014E-02 1.6927242279052734E-02
5.6680253929389017E-02 1.7302036285400391E-02
5.6780253929389020E-02 1.7272710800170898E-02
5.6880253929389023E-02 1.7065525054931641E-02
5.6980253929389026E-02 1.7458200454711914E-02
5.7080253929389028E-02 3.0854701995849609E-02
5.7180253929389031E-02 1.6964197158813477E-02
5.7280253929389034E-02 1.7704963684082031E-02
5.7380253929389037E-02 1.6789436340332031E-02
5.7480253929389040E-02 1.7332792282104492E-02
5.7580253929389043E-02 1.6882181167602539E-02
5.7680253929389046E-02 1.7355442047119141E-02
5.7780253929389049E-02 1.7274618148803711E-02
5.7880253929389051E-02 1.7002820968627930E-02
5.7980253929389054E-02 1.7425537109375000E-02
5.8080253929389057E-02 1.7272472381591797E-02
5.8180253929389060E-02 1.7361879348754883E-02
5.8280253929389063E-02 1.7028808593750000E-02
5.8380253929389066E-02 1.7727136611938477E-02
5.8480253929389069E-02 1.6896247863769531E-02
5.8580253929389071E-02 1.7128229141235352E-02
5.8680253929389074E-02 1.7468452453613281E-02
5.8780253929389077E-02 1.7419576644897461E-02
5.8880253929389080E-02 1.7174005508422852E-02
5.8980253929389083E-02 1.7247676849365234E-02
5.9080253929389086E-02 1.7554759979248047E-02
5.9180253929389089E-02 1.7143487930297852E-02
5.9280253929389091E-02 1.7762422561645508E-02
5.9380253929389094E-02 1.7605066299438477E-02
5.9480253929389097E-02 1.7372608184814453E-02
5.9580253929389100E-02 1.8112897872924805E-02
5.9680253929389103E-02 1.6893386840820312E-02
5.9780253929389106E-02 1.7926454544067383E-02
5.9880253929389109E-02 1.6971826553344727E-02
5.9980253929389112E-02 1.7643213272094727E-02
6.0080253929389114E-02 1.7549753189086914E-02
6.0180253929389117E-02 1.7581462860107422E-02
6.0280253929389120E-02 1.7494678497314453E-02
6.0380253929389123E-02 1.7103433609008789E-02
6.0480253929389126E-02 1.7395019531250000E-02
6.0580253929389129E-02 1.7602920532226562E-02
6.0680253929389132E-02 1.7774581909179688E-02
6.0780253929389134E-02 1.6885995864868164E-02
6.0880253929389137E-02 1.7500877380371094E-02
6.0980253929389140E-02 1.7109394073486328E-02
6.1080253929389143E-02 1.7641782760620117E-02
6.1180253929389146E-02 1.7488479614257812E-02
6.1280253929389149E-02 1.7177104949951172E-02
6.1380253929389152E-02 1.7693042755126953E-02
6.1480253929389155E-02 1.7203807830810547E-02
6.1580253929389157E-02 1.7398834228515625E-02
6.1680253929389160E-02 1.7283439636230469E-02
6.1780253929389163E-02 1.7029762268066406E-02
6.1880253929389166E-02 1.7713308334350586E-02
6.1980253929389169E-02 1.7064094543457031E-02
6.2080253929389172E-02 3.0729532241821289E-02
6.2180253929389175E-02 1.8135309219360352E-02
6.2280253929389177E-02 1.7035245895385742E-02
6.2380253929389180E-02 1.7912387847900391E-02
6.2480253929389183E-02 1.7494678497314453E-02
6.2580253929389179E-02 1.7506122589111328E-02
6.2680253929389182E-02 1.7100811004638672E-02
6.2780253929389185E-02 1.7181873321533203E-02
6.2880253929389188E-02 1.7400264739990234E-02
6.2980253929389191E-02 1.7476558685302734E-02
6.3080253929389193E-02 1.8314123153686523E-02
6.3180253929389196E-02 1.7161130905151367E-02
6.3280253929389199E-02 1.7640590667724609E-02
6.3380253929389202E-02 1.7337799072265625E-02
6.3480253929389205E-02 1.7581462860107422E-02
6.3580253929389208E-02 1.8079519271850586E-02
6.3680253929389211E-02 1.7031192779541016E-02
6.3780253929389213E-02 1.7995595932006836E-02
6.3880253929389216E-02 1.7402887344360352E-02
6.3980253929389219E-02 1.7435789108276367E-02
6.4080253929389222E-02 1.7549514770507812E-02
6.4180253929389225E-02 1.7454385757446289E-02
6.4280253929389228E-02 1.7985343933105469E-02
6.4380253929389231E-02 1.6846179962158203E-02
6.4480253929389234E-02 1.7983436584472656E-02
6.4580253929389236E-02 1.7389059066772461E-02
6.4680253929389239E-02 1.7584323883056641E-02
6.4780253929389242E-02 1.7566919326782227E-02
6.4880253929389245E-02 1.7686367034912109E-02
6.4980253929389248E-02 1.7244577407836914E-02
6.5080253929389251E-02 1.7469644546508789E-02
6.5180253929389254E-02 1.7739772796630859E-02
6.5280253929389256E-02 1.7090082168579102E-02
6.5380253929389259E-02 1.7698287963867188E-02
6.5480253929389262E-02 1.7307519912719727E-02
6.5580253929389265E-02 1.7059803009033203E-02
6.5680253929389268E-02 1.7801046371459961E-02
6.5780253929389271E-02 1.6855955123901367E-02
6.5880253929389274E-02 1.7676830291748047E-02
6.5980253929389276E-02 1.6870260238647461E-02
6.6080253929389279E-02 1.7767190933227539E-02
6.6180253929389282E-02 1.6863107681274414E-02
6.6280253929389285E-02 1.8080949783325195E-02
6.6380253929389288E-02 1.7268896102905273E-02
6.6480253929389291E-02 1.7250537872314453E-02
6.6580253929389294E-02 1.7328739166259766E-02
6.6680253929389297E-02 1.7056941986083984E-02
6.6780253929389299E-02 1.7421960830688477E-02
6.6880253929389302E-02 1.7130374908447266E-02
6.6980253929389305E-02 1.7559289932250977E-02
6.7080253929389308E-02 3.1501054763793945E-02
6.7180253929389311E-02 1.6991853713989258E-02
6.7280253929389314E-02 1.8079996109008789E-02
6.7380253929389317E-02 1.7274141311645508E-02
6.7480253929389319E-02 1.7457008361816406E-02
6.7580253929389322E-02 1.7413854598999023E-02
6.7680253929389325E-02 1.7531156539916992E-02
6.7780253929389328E-02 1.7954587936401367E-02
6.7880253929389331E-02 1.6956090927124023E-02
6.7980253929389334E-02 1.8166780471801758E-02
6.8080253929389337E-02 1.7237901687622070E-02
6.8180253929389339E-02 1.7495632171630859E-02
6.8280253929389342E-02 1.7514228820800781E-02
6.8380253929389345E-02 1.7369985580444336E-02
6.8480253929389348E-02 1.7995595932006836E-02
6.8580253929389351E-02 1.6762733459472656E-02
6.8680253929389354E-02 1.7897844314575195E-02
6.8780253929389357E-02 1.7193078994750977E-02
6.8880253929389360E-02 1.7378568649291992E-02
6.8980253929389362E-02 1.7493486404418945E-02
6.9080253929389365E-02 1.7380475997924805E-02
6.9180253929389368E-02 1.7358303070068359E-02
6.9280253929389371E-02 1.7510890960693359E-02
6.9380253929389374E-02 1.7503261566162109E-02
6.9480253929389377E-02 1.7374515533447266E-02
6.9580253929389380E-02 1.7645120620727539E-02
6.9680253929389382E-02 1.7982482910156250E-02
6.9780253929389385E-02 1.6864061355590820E-02
6.9880253929389388E-02 1.7661571502685547E-02
6.9980253929389391E-02 1.6887187957763672E-02
7.0080253929389394E-02 1.7852544784545898E-02
7.0180253929389397E-02 1.6831636428833008E-02
7.0280253929389400E-02 1.8026351928710938E-02
7.0380253929389403E-02 1.6894578933715820E-02
7.0480253929389405E-02 1.7973899841308594E-02
7.0580253929389408E-02 1.7452716827392578E-02
7.0680253929389411E-02 1.7524242401123047E-02
7.0780253929389414E-02 1.7682552337646484E-02
7.0880253929389417E-02 1.7356157302856445E-02
7.0980253929389420E-02 1.7299652099609375E-02
7.1080253929389423E-02 1.7378330230712891E-02
7.1180253929389425E-02 1.7610788345336914E-02
7.1280253929389428E-02 1.7922163009643555E-02
7.1380253929389431E-02 1.7730712890625000E-02
7.1480253929389434E-02 1.7649650573730469E-02
7.1580253929389437E-02 1.7340421676635742E-02
7.1680253929389440E-02 1.8064260482788086E-02
7.1780253929389443E-02 1.6955614089965820E-02
7.1880253929389445E-02 1.8241167068481445E-02
7.1980253929389448E-02 1.7429828643798828E-02
7.2080253929389451E-02 3.2187223434448242E-02
7.2180253929389454E-02 1.7690896987915039E-02
7.2280253929389457E-02 1.7626047134399414E-02
7.2380253929389460E-02 1.7505884170532227E-02
7.2480253929389463E-02 1.8150091171264648E-02
7.2580253929389466E-02 1.6757011413574219E-02
7.2680253929389468E-02 1.8013715744018555E-02
7.2780253929389471E-02 1.7372369766235352E-02
7.2880253929389474E-02 1.7549753189086914E-02
7.2980253929389477E-02 1.7616510391235352E-02
7.3080253929389480E-02 1.7475366592407227E-02
7.3180253929389483E-02 1.7487764358520508E-02
7.3280253929389486E-02 1.7575502395629883E-02
7.3380253929389488E-02 1.7893075942993164E-02
7.3480253929389491E-02 1.6970157623291016E-02
7.3580253929389494E-02 1.7656564712524414E-02
7.3680253929389497E-02 1.7203807830810547E-02
7.3780253929389500E-02 1.7324686050415039E-02
7.3880253929389503E-02 1.7428398132324219E-02
7.3980253929389506E-02 1.7022132873535156E-02
7.4080253929389508E-02 1.7632961273193359E-02
7.4180253929389511E-02 1.6762733459472656E-02
7.4280253929389514E-02 1.7951011657714844E-02
7.4380253929389517E-02 1.6833543777465820E-02
7.4480253929389520E-02 1.7686605453491211E-02
7.4580253929389523E-02 1.7112255096435547E-02
7.4680253929389526E-02 1.7385959625244141E-02
7.4780253929389529E-02 1.7294168472290039E-02
7.4880253929389531E-02 1.7152070999145508E-02
7.4980253929389534E-02 1.7413854598999023E-02
7.5080253929389537E-02 1.6991376876831055E-02
7.5180253929389540E-02 1.7439365386962891E-02
7.5280253929389543E-02 1.7169713973999023E-02
7.5380253929389546E-02 1.7414093017578125E-02
7.5480253929389549E-02 1.7480373382568359E-02
7.5580253929389551E-02 1.7222642898559570E-02
7.5680253929389554E-02 1.7164707183837891E-02
7.5780253929389557E-02 1.7147302627563477E-02
7.5880253929389560E-02 1.7579317092895508E-02
7.5980253929389563E-02 1.6921997070312500E-02
7.6080253929389566E-02 1.7646312713623047E-02
7.6180253929389569E-02 1.6820430755615234E-02
7.6280253929389571E-02 1.7635107040405273E-02
7.6380253929389574E-02 1.7266035079956055E-02
7.6480253929389577E-02 1.7281532287597656E-02
7.6580253929389580E-02 1.7394542694091797E-02
7.6680253929389583E-02 1.7228126525878906E-02
7.6780253929389586E-02 1.7427444458007812E-02
7.6880253929389589E-02 1.7148494720458984E-02
7.6980253929389592E-02 1.7754793167114258E-02
7.7080253929389594E-02 3.1081914901733398E-02
7.7180253929389597E-02 1.7027616500854492E-02
7.7280253929389600E-02 1.7746448516845703E-02
7.7380253929389603E-02 1.7357349395751953E-02
7.7480253929389606E-02 1.7393827438354492E-02
7.7580253929389609E-02 1.7390966415405273E-02
7.7680253929389612E-02 1.7491340637207031E-02
7.7780253929389614E-02 1.7484903335571289E-02
7.7880253929389617E-02 1.7278671264648438E-02
7.7980253929389620E-02 1.7600059509277344E-02
7.8080253929389623E-02 1.8058538436889648E-02
7.8180253929389626E-02 1.7173767089843750E-02
7.8280253929389629E-02 1.8184900283813477E-02
7.8380253929389632E-02 1.6809463500976562E-02
7.8480253929389635E-02 1.7930746078491211E-02
7.8580253929389637E-02 1.6921997070312500E-02
7.8680253929389640E-02 1.8023729324340820E-02
7.8780253929389643E-02 1.6832113265991211E-02
7.8880253929389646E-02 1.8063783645629883E-02
7.8980253929389649E-02 1.7270803451538086E-02
7.9080253929389652E-02 1.7753601074218750E-02
7.9180253929389655E-02 1.7540454864501953E-02
7.9280253929389657E-02 1.7300367355346680E-02
7.9380253929389660E-02 1.7435789108276367E-02
7.9480253929389663E-02 1.7518281936645508E-02
7.9580253929389666E-02 1.7851114273071289E-02
7.9680253929389669E-02 1.7346858978271484E-02
7.9780253929389672E-02 1.7588376998901367E-02
7.9880253929389675E-02 1.7375230789184570E-02
7.9980253929389677E-02 1.7643928527832031E-02
8.0080253929389680E-02 1.7985105514526367E-02
8.0180253929389683E-02 1.6971826553344727E-02
8.0280253929389686E-02 1.8110990524291992E-02
8.0380253929389689E-02 1.7278909683227539E-02
8.0480253929389692E-02 1.7648935317993164E-02
8.0580253929389695E-02 1.7503738403320312E-02
8.0680253929389698E-02 1.7442226409912109E-02
8.0780253929389700E-02 1.7461776733398438E-02
8.0880253929389703E-02 1.7150640487670898E-02
8.0980253929389706E-02 1.7776966094970703E-02
8.1080253929389709E-02 1.6788959503173828E-02
8.1180253929389712E-02 1.7788410186767578E-02
8.1280253929389715E-02 1.7253637313842773E-02
8.1380253929389718E-02 1.7322778701782227E-02
8.1480253929389720E-02 1.7437696456909180E-02
8.1580253929389723E-02 1.7308712005615234E-02
8.1680253929389726E-02 1.7340898513793945E-02
8.1780253929389729E-02 1.7338752746582031E-02
8.1880253929389732E-02 1.7464637756347656E-02
8.1980253929389735E-02 1.7169237136840820E-02
8.2080253929389738E-02 3.1117916107177734E-02
8.2180253929389740E-02 1.7551422119140625E-02
8.2280253929389743E-02 1.7635345458984375E-02
8.2380253929389746E-02 1.7140865325927734E-02
8.2480253929389749E-02 1.7708063125610352E-02
8.2580253929389752E-02 1.6906499862670898E-02
8.2680253929389755E-02 1.7525196075439453E-02
8.2780253929389758E-02 1.7221689224243164E-02
8.2880253929389761E-02 1.7838954925537109E-02
8.2980253929389763E-02 1.7331123352050781E-02
8.3080253929389766E-02 1.7447471618652344E-02
8.3180253929389769E-02 1.7463207244873047E-02
8.3280253929389772E-02 1.7334222793579102E-02
8.3380253929389775E-02 1.7490386962890625E-02
8.3480253929389778E-02 1.7184972763061523E-02
8.3580253929389781E-02 1.7660617828369141E-02
8.3680253929389783E-02 1.7259120941162109E-02
8.3780253929389786E-02 1.7933845520019531E-02
8.3880253929389789E-02 1.7246961593627930E-02
8.3980253929389792E-02 1.7447471618652344E-02
8.4080253929389795E-02 1.7374038696289062E-02
8.4180253929389798E-02 1.7236948013305664E-02
8.4280253929389801E-02 1.7433643341064453E-02
8.4380253929389804E-02 1.7594099044799805E-02
8.4480253929389806E-02 1.7475128173828125E-02
8.4580253929389809E-02 1.7204046249389648E-02
8.4680253929389812E-02 1.7492055892944336E-02
8.4780253929389815E-02 1.7440080642700195E-02
8.4880253929389818E-02 1.7210960388183594E-02
8.4980253929389821E-02 1.7707586288452148E-02
8.5080253929389824E-02 1.6986131668090820E-02
8.5180253929389826E-02 1.7740964889526367E-02
8.5280253929389829E-02 1.6727685928344727E-02
8.5380253929389832E-02 1.7934083938598633E-02
8.5480253929389835E-02 1.7313003540039062E-02
8.5580253929389838E-02 1.7345190048217773E-02
8.5680253929389841E-02 1.7414569854736328E-02
8.5780253929389844E-02 1.7131805419921875E-02
8.5880253929389846E-02 1.7358064651489258E-02
8.5980253929389849E-02 1.7148971557617188E-02
8.6080253929389852E-02 1.7458677291870117E-02
8.6180253929389855E-02 1.7133712768554688E-02
8.6280253929389858E-02 1.7479658126831055E-02
8.6380253929389861E-02 1.7482757568359375E-02
8.6480253929389864E-02 1.7266035079956055E-02
8.6580253929389867E-02 1.7436742782592773E-02
8.6680253929389869E-02 1.7168521881103516E-02
8.6780253929389872E-02 1.7812967300415039E-02
8.6880253929389875E-02 1.6794204711914062E-02
8.6980253929389878E-02 1.7648696899414062E-02
8.7080253929389881E-02 3.1002283096313477E-02
8.7180253929389884E-02 1.7148017883300781E-02
8.7280253929389887E-02 1.7672777175903320E-02
8.7380253929389889E-02 1.7180442810058594E-02
8.7480253929389892E-02 1.7282724380493164E-02
8.7580253929389895E-02 1.7568349838256836E-02
8.7680253929389898E-02 1.7423391342163086E-02
8.7780253929389901E-02 1.7635107040405273E-02
8.7880253929389904E-02 1.6754627227783203E-02
8.7980253929389907E-02 1.7699241638183594E-02
8.8080253929389909E-02 1.6863584518432617E-02
8.8180253929389912E-02 1.7730951309204102E-02
8.8280253929389915E-02 1.7190456390380859E-02
8.8380253929389918E-02 1.7401695251464844E-02
8.8480253929389921E-02 1.7397642135620117E-02
8.8580253929389924E-02 1.7073154449462891E-02
8.8680253929389927E-02 1.7575979232788086E-02
8.8780253929389930E-02 1.7237424850463867E-02
8.8880253929389932E-02 1.7423868179321289E-02
8.8980253929389935E-02 1.7371177673339844E-02
8.9080253929389938E-02 1.7438650131225586E-02
8.9180253929389941E-02 1.7870903015136719E-02
8.9280253929389944E-02 1.7391920089721680E-02
8.9380253929389947E-02 1.7713785171508789E-02
8.9480253929389950E-02 1.6874551773071289E-02
8.9580253929389952E-02 1.7690658569335938E-02
8.9680253929389955E-02 1.6885995864868164E-02
8.9780253929389958E-02 1.7792463302612305E-02
8.9880253929389961E-02 1.6779899597167969E-02
8.9980253929389964E-02 1.7836809158325195E-02
9.0080253929389967E-02 1.7080068588256836E-02
9.0180253929389970E-02 1.7333269119262695E-02
9.0280253929389973E-02 1.7429828643798828E-02
9.0380253929389975E-02 1.7116069793701172E-02
9.0480253929389978E-02 1.7517089843750000E-02
9.0580253929389981E-02 1.7261028289794922E-02
9.0680253929389984E-02 1.7515659332275391E-02
9.0780253929389987E-02 1.7194271087646484E-02
9.0880253929389990E-02 1.7867326736450195E-02
9.0980253929389993E-02 1.7242670059204102E-02
9.1080253929389995E-02 1.7415046691894531E-02
9.1180253929389998E-02 1.7318964004516602E-02
9.1280253929390001E-02 1.7280101776123047E-02
9.1380253929390004E-02 1.7551422119140625E-02
9.1480253929390007E-02 1.7028093338012695E-02
9.1580253929390010E-02 1.7773866653442383E-02
9.1680253929390013E-02 1.7359495162963867E-02
9.1780253929390015E-02 1.7305374145507812E-02
9.1880253929390018E-02 1.7427206039428711E-02
9.1980253929390021E-02 1.7101764678955078E-02
9.2080253929390024E-02 3.0834197998046875E-02
9.2180253929390027E-02 1.7652988433837891E-02
9.2280253929390030E-02 1.6847610473632812E-02
9.2380253929390033E-02 1.7669439315795898E-02
9.2480253929390036E-02 1.6811847686767578E-02
9.2580253929390038E-02 1.7857789993286133E-02
9.2680253929390041E-02 1.7261505126953125E-02
9.2780253929390044E-02 1.7353773117065430E-02
9.2880253929390047E-02 1.7470359802246094E-02
9.2980253929390050E-02 1.7184495925903320E-02
9.3080253929390053E-02 1.7414093017578125E-02
9.3180253929390056E-02 1.7154932022094727E-02
9.3280253929390058E-02 1.7939805984497070E-02
9.3380253929390061E-02 1.7224073410034180E-02
9.3480253929390064E-02 1.7364740371704102E-02
9.3580253929390067E-02 1.7160177230834961E-02
9.3680253929390070E-02 1.7309427261352539E-02
9.3780253929390073E-02 1.7361164093017578E-02
9.3880253929390076E-02 1.7158746719360352E-02
9.3980253929390078E-02 1.7509222030639648E-02
9.4080253929390081E-02 1.7166376113891602E-02
9.4180253929390084E-02 1.7741203308105469E-02
9.4280253929390087E-02 1.7924070358276367E-02
9.4380253929390090E-02 1.7445087432861328E-02
9.4480253929390093E-02 1.7402410507202148E-02
9.4580253929390096E-02 1.7347335815429688E-02
9.4680253929390099E-02 1.7796993255615234E-02
9.4780253929390101E-02 1.6851186752319336E-02
9.4880253929390104E-02 1.7834663391113281E-02
9.4980253929390107E-02 1.6749143600463867E-02
9.5080253929390110E-02 1.7707109451293945E-02
9.5180253929390113E-02 1.7123460769653320E-02
9.5280253929390116E-02 1.7390966415405273E-02
9.5380253929390119E-02 1.7400264739990234E-02
9.5480253929390121E-02 1.7136096954345703E-02
9.5580253929390124E-02 1.7472982406616211E-02
9.5680253929390127E-02 1.7263174057006836E-02
9.5780253929390130E-02 1.7421960830688477E-02
9.5880253929390133E-02 1.7245531082153320E-02
9.5980253929390136E-02 1.7498731613159180E-02
9.6080253929390139E-02 1.7885446548461914E-02
9.6180253929390142E-02 1.7106056213378906E-02
9.6280253929390144E-02 1.7609357833862305E-02
9.6380253929390147E-02 1.6793966293334961E-02
9.6480253929390150E-02 1.7579078674316406E-02
9.6580253929390153E-02 1.6884326934814453E-02
9.6680253929390156E-02 1.7893314361572266E-02
9.6780253929390159E-02 1.6786336898803711E-02
9.6880253929390162E-02 1.7827033996582031E-02
9.6980253929390164E-02 1.7116308212280273E-02
9.7080253929390167E-02 3.1371116638183594E-02
9.7180253929390170E-02 1.7544507980346680E-02
9.7280253929390173E-02 1.7366170883178711E-02
9.7380253929390176E-02 1.7220497131347656E-02
9.7480253929390179E-02 1.7570018768310547E-02
9.7580253929390182E-02 1.7175674438476562E-02
9.7680253929390184E-02 1.7752408981323242E-02
9.7780253929390187E-02 1.6922712326049805E-02
9.7880253929390190E-02 1.7835378646850586E-02
9.7980253929390193E-02 1.7214775085449219E-02
9.8080253929390196E-02 1.7382860183715820E-02
9.8180253929390199E-02 1.7417192459106445E-02
9.8280253929390202E-02 1.7233610153198242E-02
9.8380253929390205E-02 1.7259597778320312E-02
9.8480253929390207E-02 1.7274379730224609E-02
9.8580253929390210E-02 1.8005371093750000E-02
9.8680253929390213E-02 1.7442941665649414E-02
9.8780253929390216E-02 1.7315387725830078E-02
9.8880253929390219E-02 1.7660856246948242E-02
9.8980253929390222E-02 1.6900300979614258E-02
9.9080253929390225E-02 1.7708063125610352E-02
9.9180253929390227E-02 1.6823053359985352E-02
9.9280253929390230E-02 1.7792224884033203E-02
9.9380253929390233E-02 1.6769409179687500E-02
9.9480253929390236E-02 1.7845153808593750E-02
9.9580253929390239E-02 1.7132997512817383E-02
9.9680253929390242E-02 1.7222166061401367E-02
9.9780253929390245E-02 1.7464876174926758E-02
9.9880253929390247E-02 1.7135620117187500E-02
9.9980253929390250E-02 1.7888545989990234E-02
1.0008025392939025E-01 1.7280340194702148E-02
1.0018025392939026E-01 1.7593145370483398E-02
1.0028025392939026E-01 1.7940521240234375E-02
1.0038025392939026E-01 1.7536640167236328E-02
1.0048025392939026E-01 1.7350196838378906E-02
1.0058025392939027E-01 1.7144918441772461E-02
1.0068025392939027E-01 1.7648935317993164E-02
1.0078025392939027E-01 1.6814470291137695E-02
1.0088025392939028E-01 1.7797470092773438E-02
1.0098025392939028E-01 1.6911983489990234E-02
1.0108025392939028E-01 1.7834901809692383E-02
1.0118025392939028E-01 1.7131567001342773E-02
1.0128025392939029E-01 1.7574548721313477E-02
1.0138025392939029E-01 1.7268419265747070E-02
1.0148025392939029E-01 1.7376899719238281E-02
1.0158025392939030E-01 1.7730236053466797E-02
1.0168025392939030E-01 1.6842603683471680E-02
1.0178025392939030E-01 1.7747163772583008E-02
1.0188025392939030E-01 1.7247915267944336E-02
1.0198025392939031E-01 1.7335891723632812E-02
1.0208025392939031E-01 3.1206369400024414E-02
1.0218025392939031E-01 1.7487049102783203E-02
1.0228025392939032E-01 1.7299890518188477E-02
1.0238025392939032E-01 1.7467260360717773E-02
1.0248025392939032E-01 1.7114639282226562E-02
1.0258025392939032E-01 1.7540931701660156E-02
1.0268025392939033E-01 1.7156362533569336E-02
1.0278025392939033E-01 1.7914056777954102E-02
1.0288025392939033E-01 1.7294168472290039E-02
1.0298025392939034E-01 1.7314672470092773E-02
1.0308025392939034E-01 1.7387628555297852E-02
1.0318025392939034E-01 1.7099142074584961E-02
1.0328025392939034E-01 1.7648935317993164E-02
1.0338025392939035E-01 1.6894578933715820E-02
1.0348025392939035E-01 1.7741918563842773E-02
1.0358025392939035E-01 1.6772270202636719E-02
1.0368025392939036E-01 1.7919778823852539E-02
1.0378025392939036E-01 1.7199516296386719E-02
1.0388025392939036E-01 1.7333030700683594E-02
1.0398025392939036E-01 1.7323017120361328E-02
1.0408025392939037E-01 1.7154693603515625E-02
1.0418025392939037E-01 1.7463922500610352E-02
1.0428025392939037E-01 1.7205953598022461E-02
1.0438025392939038E-01 1.7733573913574219E-02
1.0448025392939038E-01 1.6977787017822266E-02
1.0458025392939038E-01 1.7737627029418945E-02
1.0468025392939038E-01 1.7187595367431641E-02
1.0478025392939039E-01 1.7481327056884766E-02
1.0488025392939039E-01 1.7428636550903320E-02
1.0498025392939039E-01 1.7225980758666992E-02
1.0508025392939040E-01 1.7445325851440430E-02
1.0518025392939040E-01 1.7042636871337891E-02
1.0528025392939040E-01 1.7522335052490234E-02
1.0538025392939041E-01 1.7622232437133789E-02
1.0548025392939041E-01 1.7257452011108398E-02
1.0558025392939041E-01 1.7750978469848633E-02
1.0568025392939041E-01 1.6952276229858398E-02
1.0578025392939042E-01 1.7868518829345703E-02
1.0588025392939042E-01 1.6832113265991211E-02
1.0598025392939042E-01 1.7817258834838867E-02
1.0608025392939043E-01 1.6841173171997070E-02
1.0618025392939043E-01 1.7955064773559570E-02
1.0628025392939043E-01 1.7167806625366211E-02
1.0638025392939043E-01 1.7271995544433594E-02
1.0648025392939044E-01 1.7335414886474609E-02
1.0658025392939044E-01 1.7185449600219727E-02
1.0668025392939044E-01 1.7485857009887695E-02
1.0678025392939045E-01 1.7201185226440430E-02
1.0688025392939045E-01 1.7861843109130859E-02
1.0698025392939045E-01 1.7312526702880859E-02
1.0708025392939045E-01 3.1348228454589844E-02
1.0718025392939046E-01 1.7365455627441406E-02
1.0728025392939046E-01 1.7400026321411133E-02
1.0738025392939046E-01 1.7421007156372070E-02
1.0748025392939047E-01 1.7311811447143555E-02
1.0758025392939047E-01 1.7297029495239258E-02
1.0768025392939047E-01 1.7423629760742188E-02
1.0778025392939047E-01 1.7336368560791016E-02
1.0788025392939048E-01 1.7889976501464844E-02
1.0798025392939048E-01 1.7359256744384766E-02
1.0808025392939048E-01 1.7246723175048828E-02
1.0818025392939049E-01 1.7716169357299805E-02
1.0828025392939049E-01 1.6773700714111328E-02
1.0838025392939049E-01 1.7586946487426758E-02
1.0848025392939049E-01 1.6854524612426758E-02
1.0858025392939050E-01 1.7810583114624023E-02
1.0868025392939050E-01 1.6824960708618164E-02
1.0878025392939050E-01 1.7875671386718750E-02
1.0888025392939051E-01 1.7326593399047852E-02
1.0898025392939051E-01 1.7235040664672852E-02
1.0908025392939051E-01 1.7354965209960938E-02
1.0918025392939051E-01 1.7134666442871094E-02
1.0928025392939052E-01 1.7526388168334961E-02
1.0938025392939052E-01 1.7082452774047852E-02
1.0948025392939052E-01 1.7304182052612305E-02
1.0958025392939053E-01 1.7628908157348633E-02
1.0968025392939053E-01 1.7164468765258789E-02
1.0978025392939053E-01 1.7283201217651367E-02
1.0988025392939053E-01 1.7246484756469727E-02
1.0998025392939054E-01 1.7390012741088867E-02
1.1008025392939054E-01 1.7222642898559570E-02
1.1018025392939054E-01 1.7878055572509766E-02
1.1028025392939055E-01 1.6931056976318359E-02
1.1038025392939055E-01 1.7790555953979492E-02
1.1048025392939055E-01 1.7389059066772461E-02
1.1058025392939055E-01 1.7145395278930664E-02
1.1068025392939056E-01 1.7528533935546875E-02
1.1078025392939056E-01 1.6990661621093750E-02
1.1088025392939056E-01 1.7498254776000977E-02
1.1098025392939057E-01 1.6944408416748047E-02
1.1108025392939057E-01 1.7837047576904297E-02
1.1118025392939057E-01 1.7210245132446289E-02
1.1128025392939057E-01 1.7555236816406250E-02
1.1138025392939058E-01 1.7256259918212891E-02
1.1148025392939058E-01 1.7312049865722656E-02
1.1158025392939058E-01 1.7423629760742188E-02
1.1168025392939059E-01 1.7272472381591797E-02
1.1178025392939059E-01 1.7448186874389648E-02
1.1188025392939059E-01 1.7311334609985352E-02
1.1198025392939059E-01 1.7391443252563477E-02
1.1208025392939060E-01 3.1094789505004883E-02
1.1218025392939060E-01 1.8287181854248047E-02
1.1228025392939060E-01 1.7711400985717773E-02
1.1238025392939061E-01 1.8196821212768555E-02
1.1248025392939061E-01 1.7428636550903320E-02
1.1258025392939061E-01 1.8265247344970703E-02
1.1268025392939061E-01 1.7176389694213867E-02
1.1278025392939062E-01 1.8034696578979492E-02
1.1288025392939062E-01 1.7685174942016602E-02
1.1298025392939062E-01 1.7486572265625000E-02
1.1308025392939063E-01 1.7926216125488281E-02
1.1318025392939063E-01 1.7437696456909180E-02
1.1328025392939063E-01 1.8126010894775391E-02
1.1338025392939063E-01 1.7051458358764648E-02
1.1348025392939064E-01 1.7615318298339844E-02
1.1358025392939064E-01 1.7582416534423828E-02
1.1368025392939064E-01 1.7640352249145508E-02
1.1378025392939065E-01 1.8019676208496094E-02
1.1388025392939065E-01 1.7450809478759766E-02
1.1398025392939065E-01 1.7774343490600586E-02
1.1408025392939065E-01 1.7617464065551758E-02
1.1418025392939066E-01 1.8508434295654297E-02
1.1428025392939066E-01 1.7224788665771484E-02
1.1438025392939066E-01 1.7381668090820312E-02
1.1448025392939067E-01 1.7787694931030273E-02
1.1458025392939067E-01 1.7253875732421875E-02
1.1468025392939067E-01 1.7859935760498047E-02
1.1478025392939067E-01 1.7541170120239258E-02
1.1488025392939068E-01 1.8565893173217773E-02
1.1498025392939068E-01 1.7785787582397461E-02
1.1508025392939068E-01 1.7992019653320312E-02
1.1518025392939069E-01 1.7603158950805664E-02
1.1528025392939069E-01 1.7546415328979492E-02
1.1538025392939069E-01 1.7342567443847656E-02
1.1548025392939069E-01 1.7168521881103516E-02
1.1558025392939070E-01 1.8064498901367188E-02
1.1568025392939070E-01 1.7518520355224609E-02
1.1578025392939070E-01 1.7728805541992188E-02
1.1588025392939071E-01 1.7823696136474609E-02
1.1598025392939071E-01 1.7316341400146484E-02
1.1608025392939071E-01 1.7732143402099609E-02
1.1618025392939071E-01 1.6811847686767578E-02
1.1628025392939072E-01 1.7726898193359375E-02
1.1638025392939072E-01 1.7024278640747070E-02
1.1648025392939072E-01 1.8106698989868164E-02
1.1658025392939073E-01 1.7926454544067383E-02
1.1668025392939073E-01 1.7231702804565430E-02
1.1678025392939073E-01 1.7937183380126953E-02
1.1688025392939073E-01 1.7367601394653320E-02
1.1698025392939074E-01 1.7416238784790039E-02
1.1708025392939074E-01 3.1190395355224609E-02
1.1718025392939074E-01 1.7322301864624023E-02
1.1728025392939075E-01 1.7692089080810547E-02
1.1738025392939075E-01 1.7978906631469727E-02
1.1748025392939075E-01 1.7286062240600586E-02
1.1758025392939075E-01 1.7767667770385742E-02
1.1768025392939076E-01 1.6994953155517578E-02
1.1778025392939076E-01 1.7748832702636719E-02
1.1788025392939076E-01 1.6876459121704102E-02
1.1798025392939077E-01 1.7885446548461914E-02
1.1808025392939077E-01 1.7242908477783203E-02
1.1818025392939077E-01 1.7328262329101562E-02
1.1828025392939077E-01 1.7410755157470703E-02
1.1838025392939078E-01 1.7144680023193359E-02
1.1848025392939078E-01 1.7424583435058594E-02
1.1858025392939078E-01 1.7198562622070312E-02
1.1868025392939079E-01 1.7657518386840820E-02
1.1878025392939079E-01 1.7035245895385742E-02
1.1888025392939079E-01 1.7767429351806641E-02
1.1898025392939079E-01 1.7215490341186523E-02
1.1908025392939080E-01 1.7308473587036133E-02
1.1918025392939080E-01 1.7346382141113281E-02
1.1928025392939080E-01 1.7454385757446289E-02
1.1938025392939081E-01 1.7428636550903320E-02
1.1948025392939081E-01 1.7431974411010742E-02
1.1958025392939081E-01 1.8198966979980469E-02
1.1968025392939081E-01 1.7615318298339844E-02
1.1978025392939082E-01 1.7467021942138672E-02
1.1988025392939082E-01 1.7915248870849609E-02
1.1998025392939082E-01 1.6810655593872070E-02
1.2008025392939083E-01 1.7930984497070312E-02
1.2018025392939083E-01 1.6967773437500000E-02
1.2028025392939083E-01 1.8130779266357422E-02
1.2038025392939083E-01 1.7395257949829102E-02
1.2048025392939084E-01 1.7564773559570312E-02
1.2058025392939084E-01 1.7416954040527344E-02
1.2068025392939084E-01 1.7285346984863281E-02
1.2078025392939085E-01 1.7671823501586914E-02
1.2088025392939085E-01 1.7869472503662109E-02
1.2098025392939085E-01 1.8446683883666992E-02
1.2108025392939085E-01 1.8095970153808594E-02
1.2118025392939086E-01 1.7971277236938477E-02
1.2128025392939086E-01 1.8943786621093750E-02
1.2138025392939086E-01 1.7856121063232422E-02
1.2148025392939087E-01 1.8085718154907227E-02
1.2158025392939087E-01 1.7623424530029297E-02
1.2168025392939087E-01 1.8334627151489258E-02
1.2178025392939087E-01 1.7858028411865234E-02
1.2188025392939088E-01 1.7687320709228516E-02
1.2198025392939088E-01 1.7603874206542969E-02
1.2208025392939088E-01 3.2030344009399414E-02
1.2218025392939089E-01 1.7495632171630859E-02
1.2228025392939089E-01 1.7729997634887695E-02
1.2238025392939089E-01 1.8010616302490234E-02
1.2248025392939089E-01 1.7745733261108398E-02
1.2258025392939090E-01 1.8010854721069336E-02
1.2268025392939090E-01 1.7106771469116211E-02
1.2278025392939090E-01 1.7971515655517578E-02
1.2288025392939091E-01 1.7005920410156250E-02
1.2298025392939091E-01 1.8066406250000000E-02
1.2308025392939091E-01 1.7525672912597656E-02
1.2318025392939091E-01 1.7658948898315430E-02
1.2328025392939092E-01 1.7687797546386719E-02
1.2338025392939092E-01 1.7414808273315430E-02
1.2348025392939092E-01 1.7548561096191406E-02
1.2358025392939093E-01 1.7440557479858398E-02
1.2368025392939093E-01 1.7966747283935547E-02
1.2378025392939093E-01 1.7377614974975586E-02
1.2388025392939093E-01 1.7604589462280273E-02
1.2398025392939094E-01 1.7488479614257812E-02
1.2408025392939094E-01 1.7463207244873047E-02
1.2418025392939094E-01 1.7616510391235352E-02
1.2428025392939095E-01 1.7501354217529297E-02
1.2438025392939095E-01 1.8223524093627930E-02
1.2448025392939095E-01 1.7523765563964844E-02
1.2458025392939095E-01 1.8079280853271484E-02
1.2468025392939096E-01 1.7625093460083008E-02
1.2478025392939096E-01 1.7768383026123047E-02
1.2488025392939096E-01 1.7769336700439453E-02
1.2498025392939097E-01 1.7107009887695312E-02
1.2508025392939096E-01 1.8034219741821289E-02
1.2518025392939094E-01 1.7522811889648438E-02
1.2528025392939093E-01 1.7590999603271484E-02
1.2538025392939092E-01 1.7697811126708984E-02
1.2548025392939091E-01 1.7665147781372070E-02
1.2558025392939090E-01 1.7629861831665039E-02
1.2568025392939089E-01 1.7379045486450195E-02
1.2578025392939088E-01 1.7558574676513672E-02
1.2588025392939087E-01 1.7670631408691406E-02
1.2598025392939086E-01 1.7747163772583008E-02
1.2608025392939085E-01 1.7896652221679688E-02
1.2618025392939083E-01 1.6840457916259766E-02
1.2628025392939082E-01 1.8053293228149414E-02
1.2638025392939081E-01 1.7089128494262695E-02
1.2648025392939080E-01 1.7815351486206055E-02
1.2658025392939079E-01 1.7086029052734375E-02
1.2668025392939078E-01 1.7839908599853516E-02
1.2678025392939077E-01 1.7412900924682617E-02
1.2688025392939076E-01 1.7535924911499023E-02
1.2698025392939075E-01 1.7564296722412109E-02
1.2708025392939074E-01 3.1100749969482422E-02
1.2718025392939072E-01 1.7957687377929688E-02
1.2728025392939071E-01 1.8908023834228516E-02
1.2738025392939070E-01 1.8265485763549805E-02
1.2748025392939069E-01 1.7910718917846680E-02
1.2758025392939068E-01 1.7436981201171875E-02
1.2768025392939067E-01 1.7603397369384766E-02
1.2778025392939066E-01 1.7866611480712891E-02
1.2788025392939065E-01 1.7271518707275391E-02
1.2798025392939064E-01 1.7941236495971680E-02
1.2808025392939063E-01 1.7261743545532227E-02
1.2818025392939061E-01 1.7613410949707031E-02
1.2828025392939060E-01 1.7628908157348633E-02
1.2838025392939059E-01 1.7417907714843750E-02
1.2848025392939058E-01 1.7335414886474609E-02
1.2858025392939057E-01 1.7562389373779297E-02
1.2868025392939056E-01 1.7630577087402344E-02
1.2878025392939055E-01 1.6889572143554688E-02
1.2888025392939054E-01 1.7711639404296875E-02
1.2898025392939053E-01 1.7393589019775391E-02
1.2908025392939051E-01 1.7671108245849609E-02
1.2918025392939050E-01 1.7433881759643555E-02
1.2928025392939049E-01 1.7532587051391602E-02
1.2938025392939048E-01 1.7303705215454102E-02
1.2948025392939047E-01 1.7919778823852539E-02
1.2958025392939046E-01 1.7886638641357422E-02
1.2968025392939045E-01 1.7668962478637695E-02
1.2978025392939044E-01 1.7159700393676758E-02
1.2988025392939043E-01 1.7762660980224609E-02
1.2998025392939042E-01 1.7092466354370117E-02
1.3008025392939040E-01 1.7837524414062500E-02
1.3018025392939039E-01 1.7079591751098633E-02
1.3028025392939038E-01 1.7815113067626953E-02
1.3038025392939037E-01 1.7350912094116211E-02
1.3048025392939036E-01 1.7584323883056641E-02
1.3058025392939035E-01 1.7359018325805664E-02
1.3068025392939034E-01 1.7648935317993164E-02
1.3078025392939033E-01 1.7639875411987305E-02
1.3088025392939032E-01 1.7304420471191406E-02
1.3098025392939031E-01 1.7855644226074219E-02
1.3108025392939029E-01 1.7348289489746094E-02
1.3118025392939028E-01 1.7868995666503906E-02
1.3128025392939027E-01 1.8148183822631836E-02
1.3138025392939026E-01 1.7323732376098633E-02
1.3148025392939025E-01 1.8066167831420898E-02
1.3158025392939024E-01 1.7375230789184570E-02
1.3168025392939023E-01 1.7765283584594727E-02
1.3178025392939022E-01 1.7708063125610352E-02
1.3188025392939021E-01 1.7754316329956055E-02
1.3198025392939020E-01 1.7744541168212891E-02
1.3208025392939018E-01 3.1779050827026367E-02
1.3218025392939017E-01 1.7263412475585938E-02
1.3228025392939016E-01 1.8267393112182617E-02
1.3238025392939015E-01 1.7646789550781250E-02
1.3248025392939014E-01 1.7679929733276367E-02
1.3258025392939013E-01 1.7501831054687500E-02
1.3268025392939012E-01 1.7344713211059570E-02
1.3278025392939011E-01 1.7682552337646484E-02
1.3288025392939010E-01 1.7469406127929688E-02
1.3298025392939009E-01 1.7662525177001953E-02
1.3308025392939007E-01 1.8157243728637695E-02
1.3318025392939006E-01 1.7140388488769531E-02
1.3328025392939005E-01 1.8043994903564453E-02
1.3338025392939004E-01 1.7265081405639648E-02
1.3348025392939003E-01 1.8246650695800781E-02
1.3358025392939002E-01 1.7249107360839844E-02
1.3368025392939001E-01 1.7991542816162109E-02
1.3378025392939000E-01 1.7834663391113281E-02
1.3388025392938999E-01 1.7575979232788086E-02
1.3398025392938998E-01 1.7723560333251953E-02
1.3408025392938996E-01 1.7454624176025391E-02
1.3418025392938995E-01 1.7601728439331055E-02
1.3428025392938994E-01 1.7817497253417969E-02
1.3438025392938993E-01 1.7730712890625000E-02
1.3448025392938992E-01 1.7679214477539062E-02
1.3458025392938991E-01 1.7812490463256836E-02
1.3468025392938990E-01 1.7987728118896484E-02
1.3478025392938989E-01 1.6959190368652344E-02
1.3488025392938988E-01 1.7881870269775391E-02
1.3498025392938987E-01 1.7099618911743164E-02
1.3508025392938985E-01 1.7617225646972656E-02
1.3518025392938984E-01 1.7833709716796875E-02
1.3528025392938983E-01 1.7411470413208008E-02
1.3538025392938982E-01 1.7546415328979492E-02
1.3548025392938981E-01 1.7534017562866211E-02
1.3558025392938980E-01 1.7824172973632812E-02
1.3568025392938979E-01 1.7317295074462891E-02
1.3578025392938978E-01 1.7688989639282227E-02
1.3588025392938977E-01 1.7521619796752930E-02
1.3598025392938975E-01 1.7627716064453125E-02
1.3608025392938974E-01 1.7744779586791992E-02
1.3618025392938973E-01 1.8052577972412109E-02
1.3628025392938972E-01 1.7953157424926758E-02
1.3638025392938971E-01 1.7378330230712891E-02
1.3648025392938970E-01 1.7523765563964844E-02
1.3658025392938969E-01 1.8131971359252930E-02
1.3668025392938968E-01 1.7342090606689453E-02
1.3678025392938967E-01 1.8119812011718750E-02
1.3688025392938966E-01 1.7331838607788086E-02
1.3698025392938964E-01 1.7950534820556641E-02
1.3708025392938963E-01 3.1168222427368164E-02
1.3718025392938962E-01 1.7491817474365234E-02
1.3728025392938961E-01 1.7901182174682617E-02
1.3738025392938960E-01 1.7820119857788086E-02
1.3748025392938959E-01 1.7663240432739258E-02
1.3758025392938958E-01 1.7791986465454102E-02
1.3768025392938957E-01 1.7370700836181641E-02
1.3778025392938956E-01 1.7956972122192383E-02
1.3788025392938955E-01 1.7888069152832031E-02
1.3798025392938953E-01 1.7643690109252930E-02
1.3808025392938952E-01 1.8102407455444336E-02
1.3818025392938951E-01 1.7170429229736328E-02
1.3828025392938950E-01 1.7968177795410156E-02
1.3838025392938949E-01 1.6979455947875977E-02
1.3848025392938948E-01 1.7704725265502930E-02
1.3858025392938947E-01 1.7377138137817383E-02
1.3868025392938946E-01 1.7410516738891602E-02
1.3878025392938945E-01 1.7588138580322266E-02
1.3888025392938944E-01 1.7460107803344727E-02
1.3898025392938942E-01 1.8013477325439453E-02
1.3908025392938941E-01 1.7818212509155273E-02
1.3918025392938940E-01 1.7714262008666992E-02
1.3928025392938939E-01 1.7711639404296875E-02
1.3938025392938938E-01 1.7655611038208008E-02
1.3948025392938937E-01 1.7534971237182617E-02
1.3958025392938936E-01 1.7601966857910156E-02
1.3968025392938935E-01 1.7609596252441406E-02
1.3978025392938934E-01 1.7669439315795898E-02
1.3988025392938933E-01 1.7940282821655273E-02
1.3998025392938931E-01 1.7958164215087891E-02
1.4008025392938930E-01 1.7063856124877930E-02
1.4018025392938929E-01 1.7906665802001953E-02
1.4028025392938928E-01 1.7166376113891602E-02
1.4038025392938927E-01 1.7859458923339844E-02
1.4048025392938926E-01 1.6929388046264648E-02
1.4058025392938925E-01 1.7596483230590820E-02
1.4068025392938924E-01 1.7645835876464844E-02
1.4078025392938923E-01 1.7382383346557617E-02
1.4088025392938922E-01 1.7641067504882812E-02
1.4098025392938920E-01 1.7215490341186523E-02
1.4108025392938919E-01 1.7451763153076172E-02
1.4118025392938918E-01 1.7743110656738281E-02
1.4128025392938917E-01 1.7990350723266602E-02
1.4138025392938916E-01 1.7515182495117188E-02
1.4148025392938915E-01 1.7870187759399414E-02
1.4158025392938914E-01 1.8101453781127930E-02
1.4168025392938913E-01 1.7150878906250000E-02
1.4178025392938912E-01 1.7738580703735352E-02
1.4188025392938911E-01 1.7355203628540039E-02
1.4198025392938909E-01 1.7613649368286133E-02
1.4208025392938908E-01 3.1717300415039062E-02
1.4218025392938907E-01 1.7426729202270508E-02
1.4228025392938906E-01 1.7491579055786133E-02
1.4238025392938905E-01 1.7846345901489258E-02
1.4248025392938904E-01 1.7109632492065430E-02
1.4258025392938903E-01 1.7910242080688477E-02
1.4268025392938902E-01 1.7423629760742188E-02
1.4278025392938901E-01 1.7751216888427734E-02
1.4288025392938900E-01 1.7705202102661133E-02
1.4298025392938898E-01 1.7786264419555664E-02
1.4308025392938897E-01 1.7632007598876953E-02
1.4318025392938896E-01 1.7662525177001953E-02
1.4328025392938895E-01 1.7391681671142578E-02
1.4338025392938894E-01 1.7649650573730469E-02
1.4348025392938893E-01 1.7729520797729492E-02
1.4358025392938892E-01 1.8114566802978516E-02
1.4368025392938891E-01 1.7177820205688477E-02
1.4378025392938890E-01 1.7814874649047852E-02
1.4388025392938888E-01 1.7080307006835938E-02
1.4398025392938887E-01 1.7858266830444336E-02
1.4408025392938886E-01 1.7443180084228516E-02
1.4418025392938885E-01 1.7557859420776367E-02
1.4428025392938884E-01 1.7613887786865234E-02
1.4438025392938883E-01 1.7844915390014648E-02
1.4448025392938882E-01 1.7430543899536133E-02
1.4458025392938881E-01 1.7474651336669922E-02
1.4468025392938880E-01 1.8224239349365234E-02
1.4478025392938879E-01 1.7212152481079102E-02
1.4488025392938877E-01 1.8023014068603516E-02
1.4498025392938876E-01 1.7838478088378906E-02
1.4508025392938875E-01 1.7321586608886719E-02
1.4518025392938874E-01 1.8116950988769531E-02
1.4528025392938873E-01 1.7194032669067383E-02
1.4538025392938872E-01 1.7731428146362305E-02
1.4548025392938871E-01 1.7266273498535156E-02
1.4558025392938870E-01 1.7603635787963867E-02
1.4568025392938869E-01 1.7421722412109375E-02
1.4578025392938868E-01 1.7629861831665039E-02
1.4588025392938866E-01 1.7597913742065430E-02
1.4598025392938865E-01 1.7928600311279297E-02
1.4608025392938864E-01 1.7630815505981445E-02
1.4618025392938863E-01 1.7355442047119141E-02
1.4628025392938862E-01 1.7954587936401367E-02
1.4638025392938861E-01 1.7679452896118164E-02
1.4648025392938860E-01 1.7907619476318359E-02
1.4658025392938859E-01 1.7853975296020508E-02
1.4668025392938858E-01 1.7126798629760742E-02
1.4678025392938857E-01 1.7664670944213867E-02
1.4688025392938855E-01 1.7229557037353516E-02
1.4698025392938854E-01 1.7729282379150391E-02
1.4708025392938853E-01 3.0567407608032227E-02
1.4718025392938852E-01 1.7980575561523438E-02
1.4728025392938851E-01 1.7048358917236328E-02
1.4738025392938850E-01 1.7913103103637695E-02
1.4748025392938849E-01 1.7028331756591797E-02
1.4758025392938848E-01 1.7551660537719727E-02
1.4768025392938847E-01 1.7333984375000000E-02
1.4778025392938846E-01 1.7789602279663086E-02
1.4788025392938844E-01 1.7573118209838867E-02
1.4798025392938843E-01 1.7527103424072266E-02
1.4808025392938842E-01 1.7663240432739258E-02
1.4818025392938841E-01 1.7781019210815430E-02
1.4828025392938840E-01 1.7215251922607422E-02
1.4838025392938839E-01 1.7141819000244141E-02
1.4848025392938838E-01 1.7502069473266602E-02
1.4858025392938837E-01 1.7613172531127930E-02
1.4868025392938836E-01 1.7862319946289062E-02
1.4878025392938835E-01 1.7968177795410156E-02
1.4888025392938833E-01 1.7601728439331055E-02
1.4898025392938832E-01 1.7689466476440430E-02
1.4908025392938831E-01 1.7370939254760742E-02
1.4918025392938830E-01 1.7657756805419922E-02
1.4928025392938829E-01 1.7566204071044922E-02
1.4938025392938828E-01 1.7457723617553711E-02
1.4948025392938827E-01 1.7709255218505859E-02
1.4958025392938826E-01 1.7091274261474609E-02
1.4968025392938825E-01 1.7731189727783203E-02
1.4978025392938824E-01 1.7364025115966797E-02
1.4988025392938822E-01 1.7541885375976562E-02
1.4998025392938821E-01 1.7719507217407227E-02
1.5008025392938820E-01 1.7393827438354492E-02
1.5018025392938819E-01 1.7799615859985352E-02
1.5028025392938818E-01 1.7371654510498047E-02
1.5038025392938817E-01 1.7550230026245117E-02
1.5048025392938816E-01 1.8205165863037109E-02
1.5058025392938815E-01 1.8100261688232422E-02
1.5068025392938814E-01 1.7663717269897461E-02
1.5078025392938812E-01 1.7193317413330078E-02
1.5088025392938811E-01 1.8051385879516602E-02
1.5098025392938810E-01 1.7323017120361328E-02
1.5108025392938809E-01 1.7764806747436523E-02
1.5118025392938808E-01 1.6926288604736328E-02
1.5128025392938807E-01 1.7544984817504883E-02
1.5138025392938806E-01 1.6945838928222656E-02
1.5148025392938805E-01 1.7446994781494141E-02
1.5158025392938804E-01 1.8104314804077148E-02
1.5168025392938803E-01 1.7492532730102539E-02
1.5178025392938801E-01 1.7261981964111328E-02
1.5188025392938800E-01 1.7426490783691406E-02
1.5198025392938799E-01 1.7786741256713867E-02
1.5208025392938798E-01 3.1454086303710938E-02
1.5218025392938797E-01 1.7571210861206055E-02
1.5228025392938796E-01 1.7433881759643555E-02
1.5238025392938795E-01 1.7192840576171875E-02
1.5248025392938794E-01 1.7595529556274414E-02
1.5258025392938793E-01 1.7476558685302734E-02
1.5268025392938792E-01 1.6928911209106445E-02
1.5278025392938790E-01 1.7573356628417969E-02
1.5288025392938789E-01 1.7268180847167969E-02
1.5298025392938788E-01 1.7427682876586914E-02
1.5308025392938787E-01 1.7651796340942383E-02
1.5318025392938786E-01 1.6781806945800781E-02
1.5328025392938785E-01 1.7875671386718750E-02
1.5338025392938784E-01 1.6896009445190430E-02
1.5348025392938783E-01 1.7810583114624023E-02
1.5358025392938782E-01 1.7009973526000977E-02
1.5368025392938781E-01 1.7431259155273438E-02
1.5378025392938779E-01 1.7151117324829102E-02
1.5388025392938778E-01 1.7426252365112305E-02
1.5398025392938777E-01 1.6826629638671875E-02
1.5408025392938776E-01 1.7349481582641602E-02
1.5418025392938775E-01 1.7618656158447266E-02
1.5428025392938774E-01 1.7056941986083984E-02
1.5438025392938773E-01 1.7919540405273438E-02
1.5448025392938772E-01 1.7323493957519531E-02
1.5458025392938771E-01 1.7378330230712891E-02
1.5468025392938770E-01 1.7590045928955078E-02
1.5478025392938768E-01 1.7839908599853516E-02
1.5488025392938767E-01 1.7629146575927734E-02
1.5498025392938766E-01 1.7181158065795898E-02
1.5508025392938765E-01 1.7863512039184570E-02
1.5518025392938764E-01 1.7473459243774414E-02
1.5528025392938763E-01 1.7591476440429688E-02
1.5538025392938762E-01 1.8034934997558594E-02
1.5548025392938761E-01 1.7089366912841797E-02
1.5558025392938760E-01 1.7705202102661133E-02
1.5568025392938759E-01 1.7105102539062500E-02
1.5578025392938757E-01 1.8080711364746094E-02
1.5588025392938756E-01 1.8205165863037109E-02
1.5598025392938755E-01 1.8001317977905273E-02
1.5608025392938754E-01 1.7433166503906250E-02
1.5618025392938753E-01 1.7793893814086914E-02
1.5628025392938752E-01 1.7287492752075195E-02
1.5638025392938751E-01 1.7696619033813477E-02
1.5648025392938750E-01 1.7665624618530273E-02
1.5658025392938749E-01 1.7857789993286133E-02
1.5668025392938748E-01 1.7063856124877930E-02
1.5678025392938746E-01 1.8052101135253906E-02
1.5688025392938745E-01 1.7231464385986328E-02
1.5698025392938744E-01 1.7678499221801758E-02
1.5708025392938743E-01 3.1551361083984375E-02
1.5718025392938742E-01 1.7206430435180664E-02
1.5728025392938741E-01 1.7474651336669922E-02
1.5738025392938740E-01 1.7825603485107422E-02
1.5748025392938739E-01 1.7727851867675781E-02
1.5758025392938738E-01 1.7595529556274414E-02
1.5768025392938737E-01 1.7155647277832031E-02
1.5778025392938735E-01 1.7866849899291992E-02
1.5788025392938734E-01 1.7709493637084961E-02
1.5798025392938733E-01 1.7729759216308594E-02
1.5808025392938732E-01 1.7114162445068359E-02
1.5818025392938731E-01 1.7701387405395508E-02
1.5828025392938730E-01 1.6954660415649414E-02
1.5838025392938729E-01 1.7845153808593750E-02
1.5848025392938728E-01 1.7879724502563477E-02
1.5858025392938727E-01 1.7458200454711914E-02
1.5868025392938725E-01 1.7417430877685547E-02
1.5878025392938724E-01 1.7800092697143555E-02
1.5888025392938723E-01 1.7225027084350586E-02
1.5898025392938722E-01 1.7988681793212891E-02
1.5908025392938721E-01 1.7098426818847656E-02
1.5918025392938720E-01 1.7892599105834961E-02
1.5928025392938719E-01 1.7582178115844727E-02
1.5938025392938718E-01 1.7415285110473633E-02
1.5948025392938717E-01 1.7173767089843750E-02
1.5958025392938716E-01 1.7342090606689453E-02
1.5968025392938714E-01 1.7258882522583008E-02
1.5978025392938713E-01 1.7501115798950195E-02
1.5988025392938712E-01 1.7724275588989258E-02
1.5998025392938711E-01 1.7621517181396484E-02
1.6008025392938710E-01 1.7844438552856445E-02
1.6018025392938709E-01 1.8178462982177734E-02
1.6028025392938708E-01 1.7110347747802734E-02
1.6038025392938707E-01 1.7915010452270508E-02
1.6048025392938706E-01 1.7071723937988281E-02
1.6058025392938705E-01 1.8325805664062500E-02
1.6068025392938703E-01 1.7311573028564453E-02
1.6078025392938702E-01 1.7738342285156250E-02
1.6088025392938701E-01 1.7864465713500977E-02
1.6098025392938700E-01 1.7621755599975586E-02
1.6108025392938699E-01 1.7422199249267578E-02
1.6118025392938698E-01 1.7572164535522461E-02
1.6128025392938697E-01 1.7800092697143555E-02
1.6138025392938696E-01 1.7457008361816406E-02
1.6148025392938695E-01 1.7676591873168945E-02
1.6158025392938694E-01 1.7249822616577148E-02
1.6168025392938692E-01 1.7807006835937500E-02
1.6178025392938691E-01 1.7954826354980469E-02
1.6188025392938690E-01 1.7247676849365234E-02
1.6198025392938689E-01 1.7644166946411133E-02
1.6208025392938688E-01 3.1349897384643555E-02
1.6218025392938687E-01 1.7353534698486328E-02
1.6228025392938686E-01 1.7663955688476562E-02
1.6238025392938685E-01 1.8337249755859375E-02
1.6248025392938684E-01 1.7166852951049805E-02
1.6258025392938683E-01 1.8198251724243164E-02
1.6268025392938681E-01 1.7280340194702148E-02
1.6278025392938680E-01 1.7695903778076172E-02
1.6288025392938679E-01 1.7269134521484375E-02
1.6298025392938678E-01 1.7964839935302734E-02
1.6308025392938677E-01 1.7569065093994141E-02
1.6318025392938676E-01 1.7425775527954102E-02
1.6328025392938675E-01 1.7641782760620117E-02
1.6338025392938674E-01 1.7801761627197266E-02
1.6348025392938673E-01 1.7195224761962891E-02
1.6358025392938672E-01 1.7855882644653320E-02
1.6368025392938670E-01 1.7728567123413086E-02
1.6378025392938669E-01 1.8226861953735352E-02
1.6388025392938668E-01 1.6827583312988281E-02
1.6398025392938667E-01 1.7870664596557617E-02
1.6408025392938666E-01 1.6889572143554688E-02
1.6418025392938665E-01 1.8011569976806641E-02
1.6428025392938664E-01 1.7092466354370117E-02
1.6438025392938663E-01 1.7435789108276367E-02
1.6448025392938662E-01 1.7434358596801758E-02
1.6458025392938661E-01 1.7588853836059570E-02
1.6468025392938659E-01 1.7430543899536133E-02
1.6478025392938658E-01 1.7537117004394531E-02
1.6488025392938657E-01 1.7928361892700195E-02
1.6498025392938656E-01 1.7401456832885742E-02
1.6508025392938655E-01 1.7710924148559570E-02
1.6518025392938654E-01 1.7658710479736328E-02
1.6528025392938653E-01 1.7722845077514648E-02
1.6538025392938652E-01 1.7204523086547852E-02
1.6548025392938651E-01 1.7552614212036133E-02
1.6558025392938650E-01 1.7906188964843750E-02
1.6568025392938648E-01 1.7088890075683594E-02
1.6578025392938647E-01 1.7493724822998047E-02
1.6588025392938646E-01 1.7847776412963867E-02
1.6598025392938645E-01 1.6789197921752930E-02
1.6608025392938644E-01 1.7965078353881836E-02
1.6618025392938643E-01 1.6897201538085938E-02
1.6628025392938642E-01 1.8211603164672852E-02
1.6638025392938641E-01 1.7314195632934570E-02
1.6648025392938640E-01 1.7959594726562500E-02
1.6658025392938638E-01 1.7518043518066406E-02
1.6668025392938637E-01 1.7523765563964844E-02
1.6678025392938636E-01 1.7694473266601562E-02
1.6688025392938635E-01 1.7639636993408203E-02
1.6698025392938634E-01 1.7276763916015625E-02
1.6708025392938633E-01 3.1988620758056641E-02
1.6718025392938632E-01 1.7023801803588867E-02
1.6728025392938631E-01 1.7579793930053711E-02
1.6738025392938630E-01 1.7662763595581055E-02
1.6748025392938629E-01 1.7782688140869141E-02
1.6758025392938627E-01 1.7987489700317383E-02
1.6768025392938626E-01 1.7235994338989258E-02
1.6778025392938625E-01 1.7921686172485352E-02
1.6788025392938624E-01 1.7387628555297852E-02
1.6798025392938623E-01 1.7904758453369141E-02
1.6808025392938622E-01 1.7716646194458008E-02
1.6818025392938621E-01 1.7493486404418945E-02
1.6828025392938620E-01 1.7998456954956055E-02
1.6838025392938619E-01 1.6882658004760742E-02
1.6848025392938618E-01 1.7951488494873047E-02
1.6858025392938616E-01 1.7223834991455078E-02
1.6868025392938615E-01 1.7586231231689453E-02
1.6878025392938614E-01 1.7495632171630859E-02
1.6888025392938613E-01 1.7588853836059570E-02
1.6898025392938612E-01 1.7644405364990234E-02
1.6908025392938611E-01 1.7555475234985352E-02
1.6918025392938610E-01 1.7194747924804688E-02
1.6928025392938609E-01 1.7710208892822266E-02
1.6938025392938608E-01 1.7818927764892578E-02
1.6948025392938607E-01 1.8458843231201172E-02
1.6958025392938605E-01 1.7230749130249023E-02
1.6968025392938604E-01 1.8140077590942383E-02
1.6978025392938603E-01 1.6896963119506836E-02
1.6988025392938602E-01 1.7974615097045898E-02
1.6998025392938601E-01 1.7504930496215820E-02
1.7008025392938600E-01 1.7753124237060547E-02
1.7018025392938599E-01 1.7492771148681641E-02
1.7028025392938598E-01 1.7573356628417969E-02
1.7038025392938597E-01 1.7716884613037109E-02
1.7048025392938596E-01 1.7432689666748047E-02
1.7058025392938594E-01 1.7123460769653320E-02
1.7068025392938593E-01 1.7804622650146484E-02
1.7078025392938592E-01 1.7738819122314453E-02
1.7088025392938591E-01 1.8172740936279297E-02
1.7098025392938590E-01 1.6979217529296875E-02
1.7108025392938589E-01 1.7862558364868164E-02
1.7118025392938588E-01 1.7019033432006836E-02
1.7128025392938587E-01 1.8110752105712891E-02
1.7138025392938586E-01 1.7030477523803711E-02
1.7148025392938585E-01 1.7423152923583984E-02
1.7158025392938583E-01 1.7534732818603516E-02
1.7168025392938582E-01 1.7644882202148438E-02
1.7178025392938581E-01 1.7323970794677734E-02
1.7188025392938580E-01 1.7224550247192383E-02
1.7198025392938579E-01 1.7598867416381836E-02
1.7208025392938578E-01 3.1149387359619141E-02
1.7218025392938577E-01 1.7064809799194336E-02
1.7228025392938576E-01 1.7868518829345703E-02
1.7238025392938575E-01 1.7417430877685547E-02
1.7248025392938574E-01 1.7473936080932617E-02
1.7258025392938572E-01 1.7820358276367188E-02
1.7268025392938571E-01 1.7474412918090820E-02
1.7278025392938570E-01 1.7112255096435547E-02
1.7288025392938569E-01 1.7742872238159180E-02
1.7298025392938568E-01 1.7253875732421875E-02
1.7308025392938567E-01 1.8011808395385742E-02
1.7318025392938566E-01 1.7200708389282227E-02
1.7328025392938565E-01 1.7607688903808594E-02
1.7338025392938564E-01 1.6910076141357422E-02
1.7348025392938562E-01 1.7788410186767578E-02
1.7358025392938561E-01 1.6787767410278320E-02
1.7368025392938560E-01 1.7861604690551758E-02
1.7378025392938559E-01 1.7088890075683594E-02
1.7388025392938558E-01 1.7679214477539062E-02
1.7398025392938557E-01 1.7519474029541016E-02
1.7408025392938556E-01 1.7251968383789062E-02
1.7418025392938555E-01 1.7844438552856445E-02
1.7428025392938554E-01 1.7564773559570312E-02
1.7438025392938553E-01 1.8323183059692383E-02
1.7448025392938551E-01 1.7622709274291992E-02
1.7458025392938550E-01 1.7893075942993164E-02
1.7468025392938549E-01 1.7235517501831055E-02
1.7478025392938548E-01 1.7858743667602539E-02
1.7488025392938547E-01 1.8126964569091797E-02
1.7498025392938546E-01 1.7062425613403320E-02
1.7508025392938545E-01 1.8026113510131836E-02
1.7518025392938544E-01 1.7444849014282227E-02
1.7528025392938543E-01 1.7858743667602539E-02
1.7538025392938542E-01 1.7564535140991211E-02
1.7548025392938540E-01 1.7405748367309570E-02
1.7558025392938539E-01 1.7627239227294922E-02
1.7568025392938538E-01 1.7239809036254883E-02
1.7578025392938537E-01 1.7813205718994141E-02
1.7588025392938536E-01 1.6673326492309570E-02
1.7598025392938535E-01 1.7806529998779297E-02
1.7608025392938534E-01 1.7760038375854492E-02
1.7618025392938533E-01 1.7924308776855469E-02
1.7628025392938532E-01 1.7299652099609375E-02
1.7638025392938531E-01 1.7902851104736328E-02
1.7648025392938529E-01 1.7627000808715820E-02
1.7658025392938528E-01 1.7413377761840820E-02
1.7668025392938527E-01 1.8241882324218750E-02
1.7678025392938526E-01 1.7384767532348633E-02
1.7688025392938525E-01 1.7405509948730469E-02
1.7698025392938524E-01 1.7920970916748047E-02
1.7708025392938523E-01 3.1797170639038086E-02
1.7718025392938522E-01 1.7330408096313477E-02
1.7728025392938521E-01 1.8209218978881836E-02
1.7738025392938520E-01 1.7258644104003906E-02
1.7748025392938518E-01 1.7840623855590820E-02
1.7758025392938517E-01 1.7443180084228516E-02
1.7768025392938516E-01 1.7461776733398438E-02
1.7778025392938515E-01 1.7815113067626953E-02
1.7788025392938514E-01 1.7699718475341797E-02
1.7798025392938513E-01 1.7272710800170898E-02
1.7808025392938512E-01 1.7739534378051758E-02
1.7818025392938511E-01 1.8499374389648438E-02
1.7828025392938510E-01 1.7968416213989258E-02
1.7838025392938509E-01 1.7098188400268555E-02
1.7848025392938507E-01 1.7939329147338867E-02
1.7858025392938506E-01 1.7422437667846680E-02
1.7868025392938505E-01 1.7998218536376953E-02
1.7878025392938504E-01 1.7183542251586914E-02
1.7888025392938503E-01 1.7725229263305664E-02
1.7898025392938502E-01 1.7413616180419922E-02
1.7908025392938501E-01 1.7481803894042969E-02
1.7918025392938500E-01 1.7686843872070312E-02
1.7928025392938499E-01 1.7494201660156250E-02
1.7938025392938498E-01 1.8000841140747070E-02
1.7948025392938496E-01 1.7235517501831055E-02
1.7958025392938495E-01 1.8191337585449219E-02
1.7968025392938494E-01 1.7170429229736328E-02
1.7978025392938493E-01 1.7660379409790039E-02
1.7988025392938492E-01 1.8282413482666016E-02
1.7998025392938491E-01 1.7141580581665039E-02
1.8008025392938490E-01 1.7795085906982422E-02
1.8018025392938489E-01 1.7358779907226562E-02
1.8028025392938488E-01 1.8073797225952148E-02
1.8038025392938487E-01 1.7646312713623047E-02
1.8048025392938485E-01 1.7409563064575195E-02
1.8058025392938484E-01 1.7793893814086914E-02
1.8068025392938483E-01 1.7041921615600586E-02
1.8078025392938482E-01 1.7984867095947266E-02
1.8088025392938481E-01 1.7522811889648438E-02
1.8098025392938480E-01 1.7950534820556641E-02
1.8108025392938479E-01 1.7402648925781250E-02
1.8118025392938478E-01 1.7690896987915039E-02
1.8128025392938477E-01 1.7232418060302734E-02
1.8138025392938475E-01 1.7773866653442383E-02
1.8148025392938474E-01 1.7731904983520508E-02
1.8158025392938473E-01 1.7714500427246094E-02
1.8168025392938472E-01 1.7473697662353516E-02
1.8178025392938471E-01 1.8085241317749023E-02
1.8188025392938470E-01 1.6893863677978516E-02
1.8198025392938469E-01 1.8008470535278320E-02
1.8208025392938468E-01 3.2130718231201172E-02
1.8218025392938467E-01 1.7002344131469727E-02
1.8228025392938466E-01 1.7929315567016602E-02
1.8238025392938464E-01 1.7365217208862305E-02
1.8248025392938463E-01 1.7869949340820312E-02
1.8258025392938462E-01 1.7431735992431641E-02
1.8268025392938461E-01 1.7292976379394531E-02
1.8278025392938460E-01 1.8033981323242188E-02
1.8288025392938459E-01 1.6885280609130859E-02
1.8298025392938458E-01 1.7758369445800781E-02
1.8308025392938457E-01 1.7639160156250000E-02
1.8318025392938456E-01 1.7794132232666016E-02
1.8328025392938455E-01 1.7650604248046875E-02
1.8338025392938453E-01 1.7716407775878906E-02
1.8348025392938452E-01 1.7984867095947266E-02
1.8358025392938451E-01 1.7348527908325195E-02
1.8368025392938450E-01 1.8156528472900391E-02
1.8378025392938449E-01 1.8051147460937500E-02
1.8388025392938448E-01 1.7879486083984375E-02
1.8398025392938447E-01 1.7905235290527344E-02
1.8408025392938446E-01 1.6897916793823242E-02
1.8418025392938445E-01 1.8091917037963867E-02
1.8428025392938444E-01 1.6943931579589844E-02
1.8438025392938442E-01 1.7871141433715820E-02
1.8448025392938441E-01 1.7523765563964844E-02
1.8458025392938440E-01 1.7960786819458008E-02
1.8468025392938439E-01 1.7228364944458008E-02
1.8478025392938438E-01 1.7831087112426758E-02
1.8488025392938437E-01 1.7395734786987305E-02
1.8498025392938436E-01 1.7641544342041016E-02
1.8508025392938435E-01 1.7538785934448242E-02
1.8518025392938434E-01 1.8263339996337891E-02
1.8528025392938433E-01 1.7095565795898438E-02
1.8538025392938431E-01 1.7904281616210938E-02
1.8548025392938430E-01 1.7176389694213867E-02
1.8558025392938429E-01 1.7792224884033203E-02
1.8568025392938428E-01 1.7062425613403320E-02
1.8578025392938427E-01 1.7317295074462891E-02
1.8588025392938426E-01 1.7743825912475586E-02
1.8598025392938425E-01 1.7461776733398438E-02
1.8608025392938424E-01 1.7805814743041992E-02
1.8618025392938423E-01 1.7734766006469727E-02
1.8628025392938422E-01 1.7789363861083984E-02
1.8638025392938420E-01 1.8001079559326172E-02
1.8648025392938419E-01 1.7500162124633789E-02
1.8658025392938418E-01 1.7122983932495117E-02
1.8668025392938417E-01 1.7925024032592773E-02
1.8678025392938416E-01 1.7856836318969727E-02
1.8688025392938415E-01 1.7102003097534180E-02
1.8698025392938414E-01 1.7980575561523438E-02
1.8708025392938413E-01 3.1459093093872070E-02
1.8718025392938412E-01 1.7431259155273438E-02
1.8728025392938411E-01 1.7624139785766602E-02
1.8738025392938409E-01 1.7877578735351562E-02
1.8748025392938408E-01 1.7662286758422852E-02
1.8758025392938407E-01 1.7899751663208008E-02
1.8768025392938406E-01 1.7102479934692383E-02
1.8778025392938405E-01 1.8089294433593750E-02
1.8788025392938404E-01 1.7506361007690430E-02
1.8798025392938403E-01 1.7585277557373047E-02
1.8808025392938402E-01 1.7837285995483398E-02
1.8818025392938401E-01 1.7723083496093750E-02
1.8828025392938399E-01 1.7535448074340820E-02
1.8838025392938398E-01 1.7719984054565430E-02
1.8848025392938397E-01 1.7729759216308594E-02
1.8858025392938396E-01 1.7794847488403320E-02
1.8868025392938395E-01 1.7873764038085938E-02
1.8878025392938394E-01 1.8494129180908203E-02
1.8888025392938393E-01 1.7241001129150391E-02
1.8898025392938392E-01 1.7947912216186523E-02
1.8908025392938391E-01 1.7108917236328125E-02
1.8918025392938390E-01 1.8153667449951172E-02
1.8928025392938388E-01 1.8261909484863281E-02
1.8938025392938387E-01 1.7541170120239258E-02
1.8948025392938386E-01 1.7731666564941406E-02
1.8958025392938385E-01 1.7930030822753906E-02
1.8968025392938384E-01 1.7352342605590820E-02
1.8978025392938383E-01 1.7923831939697266E-02
1.8988025392938382E-01 1.6936302185058594E-02
1.8998025392938381E-01 1.8896818161010742E-02
1.9008025392938380E-01 1.7155408859252930E-02
1.9018025392938379E-01 1.8018960952758789E-02
1.9028025392938377E-01 1.7235279083251953E-02
1.9038025392938376E-01 1.7908096313476562E-02
1.9048025392938375E-01 1.7081260681152344E-02
1.9058025392938374E-01 1.7956018447875977E-02
1.9068025392938373E-01 1.7740488052368164E-02
1.9078025392938372E-01 1.7464160919189453E-02
1.9088025392938371E-01 1.7694711685180664E-02
1.9098025392938370E-01 1.7431974411010742E-02
1.9108025392938369E-01 1.7561912536621094E-02
1.9118025392938368E-01 1.7525672912597656E-02
1.9128025392938366E-01 1.8163681030273438E-02
1.9138025392938365E-01 1.7596960067749023E-02
1.9148025392938364E-01 1.8817663192749023E-02
1.9158025392938363E-01 1.8665075302124023E-02
1.9168025392938362E-01 1.7030715942382812E-02
1.9178025392938361E-01 1.8032073974609375E-02
1.9188025392938360E-01 1.7410755157470703E-02
1.9198025392938359E-01 1.8327236175537109E-02
1.9208025392938358E-01 3.2307863235473633E-02
1.9218025392938357E-01 1.8176317214965820E-02
1.9228025392938355E-01 1.7536401748657227E-02
1.9238025392938354E-01 1.8024444580078125E-02
1.9248025392938353E-01 1.7863750457763672E-02
1.9258025392938352E-01 1.8146514892578125E-02
1.9268025392938351E-01 1.7934799194335938E-02
1.9278025392938350E-01 1.8652200698852539E-02
1.9288025392938349E-01 1.8105983734130859E-02
1.9298025392938348E-01 1.7491340637207031E-02
1.9308025392938347E-01 1.8270730972290039E-02
1.9318025392938346E-01 1.7956495285034180E-02
1.9328025392938344E-01 1.7378330230712891E-02
1.9338025392938343E-01 1.7226457595825195E-02
1.9348025392938342E-01 1.7629623413085938E-02
1.9358025392938341E-01 1.7929792404174805E-02
1.9368025392938340E-01 1.7226219177246094E-02
1.9378025392938339E-01 1.8018722534179688E-02
1.9388025392938338E-01 1.7649888992309570E-02
1.9398025392938337E-01 1.7899513244628906E-02
1.9408025392938336E-01 1.7475605010986328E-02
1.9418025392938335E-01 1.7680644989013672E-02
1.9428025392938333E-01 1.7779111862182617E-02
1.9438025392938332E-01 1.7860889434814453E-02
1.9448025392938331E-01 1.7836093902587891E-02
1.9458025392938330E-01 1.7928838729858398E-02
1.9468025392938329E-01 1.7781496047973633E-02
1.9478025392938328E-01 1.8125295639038086E-02
1.9488025392938327E-01 1.7083406448364258E-02
1.9498025392938326E-01 1.8156766891479492E-02
1.9508025392938325E-01 1.7529010772705078E-02
1.9518025392938324E-01 1.7579793930053711E-02
1.9528025392938322E-01 1.7726898193359375E-02
1.9538025392938321E-01 1.7875671386718750E-02
1.9548025392938320E-01 1.7655611038208008E-02
1.9558025392938319E-01 1.7789363861083984E-02
1.9568025392938318E-01 1.7636299133300781E-02
1.9578025392938317E-01 1.7556428909301758E-02
1.9588025392938316E-01 1.7826080322265625E-02
1.9598025392938315E-01 1.7884731292724609E-02
1.9608025392938314E-01 1.7371892929077148E-02
1.9618025392938312E-01 1.8257141113281250E-02
1.9628025392938311E-01 1.7296552658081055E-02
1.9638025392938310E-01 1.8184661865234375E-02
1.9648025392938309E-01 1.7433881759643555E-02
1.9658025392938308E-01 1.7638683319091797E-02
1.9668025392938307E-01 1.7482995986938477E-02
1.9678025392938306E-01 1.7447948455810547E-02
1.9688025392938305E-01 1.7542123794555664E-02
1.9698025392938304E-01 1.7761230468750000E-02
1.9708025392938303E-01 3.1412363052368164E-02
1.9718025392938301E-01 1.8238306045532227E-02
1.9728025392938300E-01 1.7640829086303711E-02
1.9738025392938299E-01 1.7812490463256836E-02
1.9748025392938298E-01 1.7118215560913086E-02
1.9758025392938297E-01 1.7900943756103516E-02
1.9768025392938296E-01 1.8010377883911133E-02
1.9778025392938295E-01 1.7400741577148438E-02
1.9788025392938294E-01 1.8210887908935547E-02
1.9798025392938293E-01 1.7446041107177734E-02
1.9808025392938292E-01 1.7365694046020508E-02
1.9818025392938290E-01 1.7770051956176758E-02
1.9828025392938289E-01 1.7389059066772461E-02
1.9838025392938288E-01 1.8024206161499023E-02
1.9848025392938287E-01 1.7157316207885742E-02
1.9858025392938286E-01 1.8363475799560547E-02
1.9868025392938285E-01 1.7883777618408203E-02
1.9878025392938284E-01 1.7713069915771484E-02
1.9888025392938283E-01 1.7655611038208008E-02
1.9898025392938282E-01 1.7708063125610352E-02
1.9908025392938281E-01 1.8075942993164062E-02
1.9918025392938279E-01 1.7026424407958984E-02
1.9928025392938278E-01 1.7449855804443359E-02
1.9938025392938277E-01 1.7935276031494141E-02
1.9948025392938276E-01 1.7025470733642578E-02
1.9958025392938275E-01 1.7956495285034180E-02
1.9968025392938274E-01 1.7090320587158203E-02
1.9978025392938273E-01 1.8089294433593750E-02
1.9988025392938272E-01 1.7273664474487305E-02
1.9998025392938271E-01 1.7693519592285156E-02
