NodeMass
part
         1
coordinates
 0.00000e+00
 0.00000e+00
 0.00000e+00
 0.00000e+00
 0.00000e+00
 0.00000e+00
 2.17903e-21
 2.78906e-17
 1.52124e-15
 2.03175e-14
 1.29610e-13
 3.14533e-13
 1.82407e-12
 5.63341e-12
 5.59240e-12
 1.81757e-12
 2.55105e-13
 1.71533e-14
 2.99306e-16
 2.20232e-20
 0.00000e+00
 0.00000e+00
 0.00000e+00
 0.00000e+00
 0.00000e+00
 0.00000e+00
 0.00000e+00
 0.00000e+00
 0.00000e+00
 0.00000e+00
 0.00000e+00
 2.20232e-20
 2.99306e-16
 1.71533e-14
 2.55105e-13
 1.81757e-12
 5.59240e-12
 5.63341e-12
 1.82407e-12
 3.14533e-13
 1.29610e-13
 2.03175e-14
 1.52124e-15
 2.78906e-17
 2.17903e-21
 0.00000e+00
 0.00000e+00
 0.00000e+00
 0.00000e+00
 0.00000e+00
 0.00000e+00
 0.00000e+00
 0.00000e+00
 0.00000e+00
 0.00000e+00
 0.00000e+00
 0.00000e+00
 4.96180e-20
 1.76130e-16
 6.86044e-15
 7.78156e-14
 4.53934e-13
 1.05763e-12
 5.64810e-12
 1.74210e-11
 1.74961e-11
 5.87453e-12
 8.93828e-13
 6.93455e-14
 1.68201e-15
 4.36560e-19
 0.00000e+00
 0.00000e+00
 0.00000e+00
 0.00000e+00
 0.00000e+00
 0.00000e+00
 0.00000e+00
 0.00000e+00
 0.00000e+00
 0.00000e+00
 0.00000e+00
 4.36560e-19
 1.68201e-15
 6.93455e-14
 8.93828e-13
 5.87453e-12
 1.74961e-11
 1.74210e-11
 5.64810e-12
 1.05763e-12
 4.53934e-13
 7.78156e-14
 6.86044e-15
 1.76130e-16
 4.96180e-20
 0.00000e+00
 0.00000e+00
 0.00000e+00
 0.00000e+00
 0.00000e+00
 0.00000e+00
 0.00000e+00
 0.00000e+00
 0.00000e+00
 0.00000e+00
 0.00000e+00
 0.00000e+00
 1.73467e-18
 1.23766e-15
 2.78172e-14
 2.27750e-13
 1.06872e-12
 2.17298e-12
 9.72207e-12
 3.04731e-11
 3.24172e-11
 1.24595e-11
 2.33701e-12
 2.48969e-13
 1.07013e-14
 1.42347e-17
 0.00000e+00
 0.00000e+00
 0.00000e+00
 0.00000e+00
 0.00000e+00
 0.00000e+00
 0.00000e+00
 0.00000e+00
 0.00000e+00
 0.00000e+00
 0.00000e+00
 1.42347e-17
 1.07013e-14
 2.48969e-13
 2.33701e-12
 1.24595e-11
 3.24172e-11
 3.04731e-11
 9.72207e-12
 2.17298e-12
 1.06872e-12
 2.27750e-13
 2.78172e-14
 1.23766e-15
 1.73467e-18
 0.00000e+00
 0.00000e+00
 0.00000e+00
 0.00000e+00
 0.00000e+00
 0.00000e+00
 0.00000e+00
 0.00000e+00
 0.00000e+00
 0.00000e+00
 0.00000e+00
 0.00000e+00
 9.84119e-17
 1.37167e-14
 1.64415e-13
 8.76387e-13
 2.93662e-12
 4.81195e-12
 1.65361e-11
 5.40086e-11
 6.47684e-11
 3.16195e-11
 8.16751e-12
 1.35513e-12
 1.12868e-13
 7.83754e-16
 0.00000e+00
 0.00000e+00
 0.00000e+00
 0.00000e+00
 0.00000e+00
 0.00000e+00
 0.00000e+00
 0.00000e+00
 0.00000e+00
 0.00000e+00
 0.00000e+00
 7.83754e-16
 1.12868e-13
 1.35513e-12
 8.16751e-12
 3.16195e-11
 6.47684e-11
 5.40086e-11
 1.65361e-11
 4.81195e-12
 2.93662e-12
 8.76387e-13
 1.64415e-13
 1.37167e-14
 9.84119e-17
 0.00000e+00
 0.00000e+00
 0.00000e+00
 0.00000e+00
 0.00000e+00
 0.00000e+00
 0.00000e+00
 0.00000e+00
 0.00000e+00
 0.00000e+00
 0.00000e+00
 0.00000e+00
 9.28449e-15
 2.55623e-13
 1.54075e-12
 4.89146e-12
 1.03397e-11
 1.26314e-11
 3.01827e-11
 1.06316e-10
 1.54295e-10
 1.04497e-10
 4.23918e-11
 1.21505e-11
 2.05554e-12
 7.24392e-14
 0.00000e+00
 0.00000e+00
 0.00000e+00
 0.00000e+00
 0.00000e+00
 0.00000e+00
 0.00000e+00
 0.00000e+00
 0.00000e+00
 0.00000e+00
 0.00000e+00
 7.24392e-14
 2.05554e-12
 1.21505e-11
 4.23918e-11
 1.04497e-10
 1.54295e-10
 1.06316e-10
 3.01827e-11
 1.26314e-11
 1.03397e-11
 4.89146e-12
 1.54075e-12
 2.55623e-13
 9.28449e-15
 0.00000e+00
 0.00000e+00
 0.00000e+00
 0.00000e+00
 0.00000e+00
 0.00000e+00
 0.00000e+00
 0.00000e+00
 0.00000e+00
 0.00000e+00
 0.00000e+00
 0.00000e+00
 1.72203e-12
 1.00606e-11
 2.66536e-11
 4.43864e-11
 5.19110e-11
 4.12318e-11
 5.89172e-11
 2.46070e-10
 4.58743e-10
 4.82853e-10
 3.66761e-10
 2.06344e-10
 7.93819e-11
 1.31440e-11
 0.00000e+00
 0.00000e+00
 0.00000e+00
 0.00000e+00
 0.00000e+00
 0.00000e+00
 0.00000e+00
 0.00000e+00
 0.00000e+00
 0.00000e+00
 0.00000e+00
 1.31440e-11
 7.93819e-11
 2.06344e-10
 3.66761e-10
 4.82853e-10
 4.58743e-10
 2.46070e-10
 5.89172e-11
 4.12318e-11
 5.19110e-11
 4.43864e-11
 2.66536e-11
 1.00606e-11
 1.72203e-12
 0.00000e+00
 0.00000e+00
 0.00000e+00
 0.00000e+00
 0.00000e+00
 0.00000e+00
 7.44561e-09
 1.31982e-08
 1.01419e-08
 7.83952e-09
 6.16133e-09
 4.82276e-09
 3.68235e-09
 2.68988e-09
 1.86886e-09
 1.20048e-09
 6.70897e-10
 2.84656e-10
 1.68220e-10
 9.03868e-10
 2.86047e-09
 5.57967e-09
 8.50133e-09
 1.14680e-08
 1.44817e-08
 1.75864e-08
 2.09553e-08
 2.46563e-08
 2.84135e-08
 3.15634e-08
 3.33332e-08
 3.37834e-08
 3.33332e-08
 3.15634e-08
 2.84135e-08
 2.46563e-08
 2.09553e-08
 1.75864e-08
 1.44817e-08
 1.14680e-08
 8.50133e-09
 5.57967e-09
 2.86047e-09
 9.03868e-10
 1.68220e-10
 2.84656e-10
 6.70897e-10
 1.20048e-09
 1.86886e-09
 2.68988e-09
 3.68235e-09
 4.82276e-09
 6.16133e-09
 7.83952e-09
 1.01419e-08
 1.31982e-08
 7.44561e-09
 2.33126e-08
 4.13211e-08
 3.13114e-08
 2.34644e-08
 1.80778e-08
 1.41392e-08
 1.11054e-08
 8.53396e-09
 6.19236e-09
 4.09517e-09
 2.27368e-09
 8.99627e-10
 3.95771e-10
 2.16019e-09
 7.73147e-09
 1.55058e-08
 2.30959e-08
 3.02467e-08
 3.70944e-08
 4.37950e-08
 5.19471e-08
 6.31135e-08
 7.79723e-08
 9.42018e-08
 1.07321e-07
 1.12710e-07
 1.07321e-07
 9.42018e-08
 7.79723e-08
 6.31135e-08
 5.19471e-08
 4.37950e-08
 3.70944e-08
 3.02467e-08
 2.30959e-08
 1.55058e-08
 7.73147e-09
 2.16019e-09
 3.95771e-10
 8.99627e-10
 2.27368e-09
 4.09517e-09
 6.19236e-09
 8.53396e-09
 1.11054e-08
 1.41392e-08
 1.80778e-08
 2.34644e-08
 3.13114e-08
 4.13211e-08
 2.33126e-08
 3.31284e-08
 5.82979e-08
 4.25065e-08
 2.92439e-08
 2.05928e-08
 1.53616e-08
 1.22379e-08
 1.00723e-08
 7.92479e-09
 5.66241e-09
 3.34242e-09
 1.37538e-09
 5.96930e-10
 3.21183e-09
 1.07794e-08
 1.97424e-08
 2.62969e-08
 3.02665e-08
 3.29838e-08
 3.63214e-08
 4.32643e-08
 5.62785e-08
 7.98988e-08
 1.17410e-07
 1.56226e-07
 1.73069e-07
 1.56226e-07
 1.17410e-07
 7.98988e-08
 5.62785e-08
 4.32643e-08
 3.63214e-08
 3.29838e-08
 3.02665e-08
 2.62969e-08
 1.97424e-08
 1.07794e-08
 3.21183e-09
 5.96930e-10
 1.37538e-09
 3.34242e-09
 5.66241e-09
 7.92479e-09
 1.00723e-08
 1.22379e-08
 1.53616e-08
 2.05928e-08
 2.92439e-08
 4.25065e-08
 5.82979e-08
 3.31284e-08
 3.47368e-08
 5.96213e-08
 3.85060e-08
 2.10266e-08
 1.20311e-08
 7.90164e-09
 6.19798e-09
 5.70733e-09
 5.41419e-09
 4.66440e-09
 3.16487e-09
 1.43313e-09
 6.51251e-10
 3.53537e-09
 1.05814e-08
 1.67186e-08
 1.78609e-08
 1.55439e-08
 1.31319e-08
 1.24859e-08
 1.53783e-08
 2.34146e-08
 4.30090e-08
 8.95619e-08
 1.58953e-07
 1.96004e-07
 1.58953e-07
 8.95619e-08
 4.30090e-08
 2.34146e-08
 1.53783e-08
 1.24859e-08
 1.31319e-08
 1.55439e-08
 1.78609e-08
 1.67186e-08
 1.05814e-08
 3.53537e-09
 6.51251e-10
 1.43313e-09
 3.16487e-09
 4.66440e-09
 5.41419e-09
 5.70733e-09
 6.19798e-09
 7.90164e-09
 1.20311e-08
 2.10266e-08
 3.85060e-08
 5.96213e-08
 3.47368e-08
 3.50168e-08
 5.72974e-08
 3.02176e-08
 1.08944e-08
 4.36675e-09
 2.24303e-09
 1.63907e-09
 1.84843e-09
 2.50314e-09
 2.99097e-09
 2.55271e-09
 1.31084e-09
 6.14869e-10
 3.34373e-09
 9.15654e-09
 1.23887e-08
 1.00029e-08
 5.84308e-09
 3.52342e-09
 2.80087e-09
 3.69689e-09
 7.10542e-09
 1.79357e-08
 5.68349e-08
 1.47985e-07
 2.08619e-07
 1.47985e-07
 5.68349e-08
 1.79357e-08
 7.10542e-09
 3.69689e-09
 2.80087e-09
 3.52342e-09
 5.84308e-09
 1.00029e-08
 1.23887e-08
 9.15654e-09
 3.34373e-09
 6.14869e-10
 1.31084e-09
 2.55271e-09
 2.99097e-09
 2.50314e-09
 1.84843e-09
 1.63907e-09
 2.24303e-09
 4.36675e-09
 1.08944e-08
 3.02176e-08
 5.72974e-08
 3.50168e-08
 3.53361e-08
 5.47275e-08
 2.36125e-08
 5.19618e-09
 1.27896e-09
 4.37440e-10
 2.82230e-10
 4.44038e-10
 9.35333e-10
 1.63827e-09
 1.81469e-09
 1.07224e-09
 5.37964e-10
 2.89874e-09
 7.30163e-09
 8.61645e-09
 5.65542e-09
 2.34304e-09
 8.73794e-10
 4.66438e-10
 6.73142e-10
 1.89600e-09
 7.65492e-09
 3.67694e-08
 1.39063e-07
 2.17027e-07
 1.39063e-07
 3.67694e-08
 7.65492e-09
 1.89600e-09
 6.73142e-10
 4.66438e-10
 8.73794e-10
 2.34304e-09
 5.65542e-09
 8.61645e-09
 7.30163e-09
 2.89874e-09
 5.37964e-10
 1.07224e-09
 1.81469e-09
 1.63827e-09
 9.35333e-10
 4.44038e-10
 2.82230e-10
 4.37440e-10
 1.27896e-09
 5.19618e-09
 2.36125e-08
 5.47275e-08
 3.53361e-08
 3.63185e-08
 5.39137e-08
 2.01224e-08
 2.85367e-09
 3.71611e-10
 5.69303e-11
 3.12576e-11
 1.15493e-10
 4.21364e-10
 9.64371e-10
 1.23378e-09
 7.94876e-10
 4.19759e-10
 2.29633e-09
 5.58873e-09
 6.27902e-09
 3.76130e-09
 1.23980e-09
 2.84699e-10
 6.54655e-11
 1.03796e-10
 5.38507e-10
 3.94261e-09
 2.64924e-08
 1.34640e-07
 2.23258e-07
 1.34640e-07
 2.64924e-08
 3.94261e-09
 5.38507e-10
 1.03796e-10
 6.54655e-11
 2.84699e-10
 1.23980e-09
 3.76130e-09
 6.27902e-09
 5.58873e-09
 2.29633e-09
 4.19759e-10
 7.94876e-10
 1.23378e-09
 9.64371e-10
 4.21364e-10
 1.15493e-10
 3.12576e-11
 5.69303e-11
 3.71611e-10
 2.85367e-09
 2.01224e-08
 5.39137e-08
 3.63185e-08
 3.81649e-08
 5.54384e-08
 1.94045e-08
 2.33442e-09
 2.15948e-10
 1.69080e-11
 1.69110e-11
 7.46230e-11
 2.86247e-10
 6.46484e-10
 8.21035e-10
 5.34985e-10
 2.88699e-10
 1.64633e-09
 4.15143e-09
 4.85447e-09
 3.06287e-09
 1.09543e-09
 2.85991e-10
 9.34506e-11
 8.41711e-11
 3.30534e-10
 3.10646e-09
 2.35107e-08
 1.34899e-07
 2.28423e-07
 1.34899e-07
 2.35107e-08
 3.10646e-09
 3.30534e-10
 8.41711e-11
 9.34506e-11
 2.85991e-10
 1.09543e-09
 3.06287e-09
 4.85447e-09
 4.15143e-09
 1.64633e-09
 2.88699e-10
 5.34985e-10
 8.21035e-10
 6.46484e-10
 2.86247e-10
 7.46230e-11
 1.69110e-11
 1.69080e-11
 2.15948e-10
 2.33442e-09
 1.94045e-08
 5.54384e-08
 3.81649e-08
 4.20327e-08
 6.19408e-08
 2.26584e-08
 3.05569e-09
 3.29874e-10
 3.54068e-11
 3.87385e-11
 1.00699e-10
 2.47958e-10
 4.34583e-10
 4.94235e-10
 3.18987e-10
 1.83055e-10
 1.04929e-09
 2.84051e-09
 3.58356e-09
 2.64880e-09
 1.34421e-09
 5.81939e-10
 2.90204e-10
 1.92132e-10
 5.08038e-10
 3.94028e-09
 2.69620e-08
 1.45277e-07
 2.43685e-07
 1.45277e-07
 2.69620e-08
 3.94028e-09
 5.08038e-10
 1.92132e-10
 2.90204e-10
 5.81939e-10
 1.34421e-09
 2.64880e-09
 3.58356e-09
 2.84051e-09
 1.04929e-09
 1.83055e-10
 3.18987e-10
 4.94235e-10
 4.34583e-10
 2.47958e-10
 1.00699e-10
 3.87385e-11
 3.54068e-11
 3.29874e-10
 3.05569e-09
 2.26584e-08
 6.19408e-08
 4.20327e-08
 4.87727e-08
 7.55747e-08
 3.14604e-08
 5.37126e-09
 7.88384e-10
 9.28998e-11
 5.00799e-11
 1.00285e-10
 1.80401e-10
 2.52194e-10
 2.54533e-10
 1.63677e-10
 1.08947e-10
 5.84656e-10
 1.70266e-09
 2.32737e-09
 2.01552e-09
 1.38431e-09
 8.36234e-10
 4.72470e-10
 3.34758e-10
 1.07001e-09
 6.66469e-09
 3.64129e-08
 1.66848e-07
 2.72420e-07
 1.66848e-07
 3.64129e-08
 6.66469e-09
 1.07001e-09
 3.34758e-10
 4.72470e-10
 8.36234e-10
 1.38431e-09
 2.01552e-09
 2.32737e-09
 1.70266e-09
 5.84656e-10
 1.08947e-10
 1.63677e-10
 2.54533e-10
 2.52194e-10
 1.80401e-10
 1.00285e-10
 5.00799e-11
 9.28998e-11
 7.88384e-10
 5.37126e-09
 3.14604e-08
 7.55747e-08
 4.87727e-08
 5.98042e-08
 1.01390e-07
 5.17470e-08
 1.26063e-08
 2.87753e-09
 4.79614e-10
 6.82073e-11
 6.08497e-11
 9.31028e-11
 1.13399e-10
 1.05148e-10
 6.98767e-11
 5.77189e-11
 2.72550e-10
 8.21548e-10
 1.20465e-09
 1.18394e-09
 9.86407e-10
 6.97402e-10
 4.63384e-10
 7.49145e-10
 3.37088e-09
 1.50196e-08
 5.85511e-08
 2.07091e-07
 3.21493e-07
 2.07091e-07
 5.85511e-08
 1.50196e-08
 3.37088e-09
 7.49145e-10
 4.63384e-10
 6.97402e-10
 9.86407e-10
 1.18394e-09
 1.20465e-09
 8.21548e-10
 2.72550e-10
 5.77189e-11
 6.98767e-11
 1.05148e-10
 1.13399e-10
 9.31028e-11
 6.08497e-11
 6.82073e-11
 4.79614e-10
 2.87753e-09
 1.26063e-08
 5.17470e-08
 1.01390e-07
 5.98042e-08
 7.90674e-08
 1.53055e-07
 1.03571e-07
 4.22431e-08
 1.73056e-08
 5.75877e-09
 1.12120e-09
 2.12547e-11
 3.06473e-11
 3.54780e-11
 3.22184e-11
 2.36244e-11
 2.38656e-11
 9.55359e-11
 2.79975e-10
 4.34269e-10
 4.62580e-10
 4.18995e-10
 3.12364e-10
 1.32756e-09
 6.13993e-09
 1.89390e-08
 4.88091e-08
 1.18689e-07
 2.85713e-07
 4.03652e-07
 2.85713e-07
 1.18689e-07
 4.88091e-08
 1.89390e-08
 6.13993e-09
 1.32756e-09
 3.12364e-10
 4.18995e-10
 4.62580e-10
 4.34269e-10
 2.79975e-10
 9.55359e-11
 2.38656e-11
 2.36244e-11
 3.22184e-11
 3.54780e-11
 3.06473e-11
 2.12547e-11
 1.12120e-09
 5.75877e-09
 1.73056e-08
 4.22431e-08
 1.03571e-07
 1.53055e-07
 7.90674e-08
 1.16937e-07
 2.62974e-07
 2.52832e-07
 1.94650e-07
 1.64163e-07
 1.45732e-07
 1.35175e-07
 1.30103e-07
 1.28698e-07
 1.32192e-07
 1.41066e-07
 1.52408e-07
 1.63815e-07
 1.66962e-07
 1.61741e-07
 1.57170e-07
 1.55095e-07
 1.55685e-07
 1.59319e-07
 1.67212e-07
 1.81873e-07
 2.07053e-07
 2.49618e-07
 3.24449e-07
 4.58759e-07
 5.45004e-07
 4.58759e-07
 3.24449e-07
 2.49618e-07
 2.07053e-07
 1.81873e-07
 1.67212e-07
 1.59319e-07
 1.55685e-07
 1.55095e-07
 1.57170e-07
 1.61741e-07
 1.66962e-07
 1.63815e-07
 1.52408e-07
 1.41066e-07
 1.32192e-07
 1.28698e-07
 1.30103e-07
 1.35175e-07
 1.45732e-07
 1.64163e-07
 1.94650e-07
 2.52832e-07
 2.62974e-07
 1.16937e-07
 1.70669e-07
 4.14348e-07
 4.64478e-07
 4.27756e-07
 4.02740e-07
 3.82085e-07
 3.64794e-07
 3.52481e-07
 3.52780e-07
 3.74695e-07
 4.24889e-07
 5.07585e-07
 6.04684e-07
 6.30808e-07
 5.84132e-07
 5.44062e-07
 5.17910e-07
 5.08330e-07
 5.18568e-07
 5.40071e-07
 5.69336e-07
 6.05506e-07
 6.51700e-07
 7.19393e-07
 7.91614e-07
 8.22351e-07
 7.91614e-07
 7.19393e-07
 6.51700e-07
 6.05506e-07
 5.69336e-07
 5.40071e-07
 5.18568e-07
 5.08330e-07
 5.17910e-07
 5.44062e-07
 5.84132e-07
 6.30808e-07
 6.04684e-07
 5.07585e-07
 4.24889e-07
 3.74695e-07
 3.52780e-07
 3.52481e-07
 3.64794e-07
 3.82085e-07
 4.02740e-07
 4.27756e-07
 4.64478e-07
 4.14348e-07
 1.70669e-07
 1.97420e-07
 4.79460e-07
 5.15789e-07
 4.24353e-07
 3.48067e-07
 2.93975e-07
 2.62241e-07
 2.48199e-07
 2.52867e-07
 2.79772e-07
 3.40663e-07
 4.65918e-07
 6.68628e-07
 7.42437e-07
 6.54779e-07
 5.89505e-07
 5.48200e-07
 5.25381e-07
 5.19454e-07
 5.30842e-07
 5.69650e-07
 6.41341e-07
 7.50504e-07
 8.94281e-07
 1.01310e-06
 1.05179e-06
 1.01310e-06
 8.94281e-07
 7.50504e-07
 6.41341e-07
 5.69650e-07
 5.30842e-07
 5.19454e-07
 5.25381e-07
 5.48200e-07
 5.89505e-07
 6.54779e-07
 7.42437e-07
 6.68628e-07
 4.65918e-07
 3.40663e-07
 2.79772e-07
 2.52867e-07
 2.48199e-07
 2.62241e-07
 2.93975e-07
 3.48067e-07
 4.24353e-07
 5.15789e-07
 4.79460e-07
 1.97420e-07
 1.91858e-07
 4.44091e-07
 4.01037e-07
 2.29239e-07
 1.21311e-07
 6.28429e-08
 3.77783e-08
 3.24998e-08
 3.76310e-08
 4.90705e-08
 7.50466e-08
 1.55923e-07
 3.85812e-07
 5.08319e-07
 4.34621e-07
 3.91346e-07
 3.62528e-07
 3.34441e-07
 3.05261e-07
 2.84884e-07
 2.96841e-07
 3.62026e-07
 5.05429e-07
 7.48739e-07
 9.98935e-07
 1.10134e-06
 9.98935e-07
 7.48739e-07
 5.05429e-07
 3.62026e-07
 2.96841e-07
 2.84884e-07
 3.05261e-07
 3.34441e-07
 3.62528e-07
 3.91346e-07
 4.34621e-07
 5.08319e-07
 3.85812e-07
 1.55923e-07
 7.50466e-08
 4.90705e-08
 3.76310e-08
 3.24998e-08
 3.77783e-08
 6.28429e-08
 1.21311e-07
 2.29239e-07
 4.01037e-07
 4.44091e-07
 1.91858e-07
 1.82161e-07
 3.92341e-07
 2.91333e-07
 1.08998e-07
 3.74915e-08
 1.45978e-08
 9.65687e-09
 1.17472e-08
 1.64415e-08
 2.16101e-08
 3.02335e-08
 6.76471e-08
 2.84945e-07
 4.44505e-07
 4.11779e-07
 3.95705e-07
 3.66479e-07
 3.19991e-07
 2.77185e-07
 2.42626e-07
 2.22384e-07
 2.39974e-07
 3.36208e-07
 5.98326e-07
 9.44472e-07
 1.10540e-06
 9.44472e-07
 5.98326e-07
 3.36208e-07
 2.39974e-07
 2.22384e-07
 2.42626e-07
 2.77185e-07
 3.19991e-07
 3.66479e-07
 3.95705e-07
 4.11779e-07
 4.44505e-07
 2.84945e-07
 6.76471e-08
 3.02335e-08
 2.16101e-08
 1.64415e-08
 1.17472e-08
 9.65687e-09
 1.45978e-08
 3.74915e-08
 1.08998e-07
 2.91333e-07
 3.92341e-07
 1.82161e-07
 1.71439e-07
 3.46081e-07
 2.24547e-07
 6.26054e-08
 1.64482e-08
 6.19897e-09
 5.80748e-09
 9.53296e-09
 1.59457e-08
 2.23312e-08
 2.57577e-08
 3.69206e-08
 2.39151e-07
 4.33639e-07
 4.44189e-07
 4.31955e-07
 3.66502e-07
 2.71067e-07
 2.06136e-07
 1.84016e-07
 1.75746e-07
 1.86620e-07
 2.55614e-07
 4.93846e-07
 8.87984e-07
 1.10091e-06
 8.87984e-07
 4.93846e-07
 2.55614e-07
 1.86620e-07
 1.75746e-07
 1.84016e-07
 2.06136e-07
 2.71067e-07
 3.66502e-07
 4.31955e-07
 4.44189e-07
 4.33639e-07
 2.39151e-07
 3.69206e-08
 2.57577e-08
 2.23312e-08
 1.59457e-08
 9.53296e-09
 5.80748e-09
 6.19897e-09
 1.64482e-08
 6.26054e-08
 2.24547e-07
 3.46081e-07
 1.71439e-07
 1.63245e-07
 3.19307e-07
 1.93682e-07
 4.54597e-08
 9.75705e-09
 3.16106e-09
 3.33790e-09
 6.97013e-09
 1.57596e-08
 2.78186e-08
 3.31271e-08
 2.92464e-08
 2.18684e-07
 4.50015e-07
 4.95436e-07
 4.56155e-07
 3.26537e-07
 1.82121e-07
 1.06209e-07
 9.87782e-08
 1.15567e-07
 1.39117e-07
 2.07742e-07
 4.41884e-07
 8.61473e-07
 1.10105e-06
 8.61473e-07
 4.41884e-07
 2.07742e-07
 1.39117e-07
 1.15567e-07
 9.87782e-08
 1.06209e-07
 1.82121e-07
 3.26537e-07
 4.56155e-07
 4.95436e-07
 4.50015e-07
 2.18684e-07
 2.92464e-08
 3.31271e-08
 2.78186e-08
 1.57596e-08
 6.97013e-09
 3.33790e-09
 3.16106e-09
 9.75705e-09
 4.54597e-08
 1.93682e-07
 3.19307e-07
 1.63245e-07
 1.60983e-07
 3.13171e-07
 1.90480e-07
 4.59064e-08
 9.18963e-09
 2.23796e-09
 1.67681e-09
 4.53125e-09
 1.45729e-08
 3.28075e-08
 4.36408e-08
 3.21832e-08
 2.11782e-07
 4.74311e-07
 5.43822e-07
 4.66955e-07
 2.85363e-07
 1.24052e-07
 5.40035e-08
 4.77668e-08
 7.21517e-08
 1.07756e-07
 1.88958e-07
 4.43521e-07
 8.74635e-07
 1.11212e-06
 8.74635e-07
 4.43521e-07
 1.88958e-07
 1.07756e-07
 7.21517e-08
 4.77668e-08
 5.40035e-08
 1.24052e-07
 2.85363e-07
 4.66955e-07
 5.43822e-07
 4.74311e-07
 2.11782e-07
 3.21832e-08
 4.36408e-08
 3.28075e-08
 1.45729e-08
 4.53125e-09
 1.67681e-09
 2.23796e-09
 9.18963e-09
 4.59064e-08
 1.90480e-07
 3.13171e-07
 1.60983e-07
 1.64122e-07
 3.18489e-07
 2.07022e-07
 6.58376e-08
 1.71048e-08
 5.60220e-09
 3.72666e-09
 7.43791e-09
 2.01399e-08
 4.24878e-08
 5.49802e-08
 3.90615e-08
 2.13461e-07
 5.01615e-07
 5.91557e-07
 4.92127e-07
 2.89181e-07
 1.24585e-07
 5.66552e-08
 4.49909e-08
 6.63806e-08
 1.11904e-07
 2.13861e-07
 4.92697e-07
 9.12779e-07
 1.12827e-06
 9.12779e-07
 4.92697e-07
 2.13861e-07
 1.11904e-07
 6.63806e-08
 4.49909e-08
 5.66552e-08
 1.24585e-07
 2.89181e-07
 4.92127e-07
 5.91557e-07
 5.01615e-07
 2.13461e-07
 3.90615e-08
 5.49802e-08
 4.24878e-08
 2.01399e-08
 7.43791e-09
 3.72666e-09
 5.60220e-09
 1.71048e-08
 6.58376e-08
 2.07022e-07
 3.18489e-07
 1.64122e-07
 1.71539e-07
 3.29573e-07
 2.39185e-07
 1.11136e-07
 4.38467e-08
 2.18634e-08
 1.67848e-08
 2.29562e-08
 4.08481e-08
 6.34950e-08
 6.93094e-08
 4.65345e-08
 2.24829e-07
 5.43578e-07
 6.55694e-07
 5.64543e-07
 3.68069e-07
 1.91997e-07
 1.09135e-07
 8.49150e-08
 1.04241e-07
 1.63727e-07
 2.98271e-07
 5.98068e-07
 9.73838e-07
 1.14641e-06
 9.73838e-07
 5.98068e-07
 2.98271e-07
 1.63727e-07
 1.04241e-07
 8.49150e-08
 1.09135e-07
 1.91997e-07
 3.68069e-07
 5.64543e-07
 6.55694e-07
 5.43578e-07
 2.24829e-07
 4.65345e-08
 6.93094e-08
 6.34950e-08
 4.08481e-08
 2.29562e-08
 1.67848e-08
 2.18634e-08
 4.38467e-08
 1.11136e-07
 2.39185e-07
 3.29573e-07
 1.71539e-07
 1.85229e-07
 3.49749e-07
 2.81797e-07
 1.84542e-07
 1.09944e-07
 7.30749e-08
 6.17548e-08
 6.89200e-08
 8.34694e-08
 9.28807e-08
 8.34600e-08
 5.13962e-08
 2.46923e-07
 6.06731e-07
 7.39079e-07
 6.77446e-07
 5.27945e-07
 3.61249e-07
 2.57296e-07
 2.13458e-07
 2.30714e-07
 3.10592e-07
 4.81667e-07
 7.66521e-07
 1.05059e-06
 1.16663e-06
 1.05059e-06
 7.66521e-07
 4.81667e-07
 3.10592e-07
 2.30714e-07
 2.13458e-07
 2.57296e-07
 3.61249e-07
 5.27945e-07
 6.77446e-07
 7.39079e-07
 6.06731e-07
 2.46923e-07
 5.13962e-08
 8.34600e-08
 9.28807e-08
 8.34694e-08
 6.89200e-08
 6.17548e-08
 7.30749e-08
 1.09944e-07
 1.84542e-07
 2.81797e-07
 3.49749e-07
 1.85229e-07
 2.10877e-07
 3.88001e-07
 3.24348e-07
 2.60996e-07
 2.03843e-07
 1.64776e-07
 1.45733e-07
 1.40090e-07
 1.33266e-07
 1.18203e-07
 9.17123e-08
 5.26426e-08
 2.79113e-07
 7.04426e-07
 8.61073e-07
 8.11197e-07
 7.27321e-07
 6.28194e-07
 5.54155e-07
 5.16612e-07
 5.34702e-07
 6.23750e-07
 7.80507e-07
 9.71079e-07
 1.12404e-06
 1.18145e-06
 1.12404e-06
 9.71079e-07
 7.80507e-07
 6.23750e-07
 5.34702e-07
 5.16612e-07
 5.54155e-07
 6.28194e-07
 7.27321e-07
 8.11197e-07
 8.61073e-07
 7.04426e-07
 2.79113e-07
 5.26426e-08
 9.17123e-08
 1.18203e-07
 1.33266e-07
 1.40090e-07
 1.45733e-07
 1.64776e-07
 2.03843e-07
 2.60996e-07
 3.24348e-07
 3.88001e-07
 2.10877e-07
 2.35794e-07
 4.23247e-07
 3.43808e-07
 2.90209e-07
 2.49927e-07
 2.17908e-07
 1.92824e-07
 1.70721e-07
 1.46840e-07
 1.19726e-07
 8.83512e-08
 5.05193e-08
 3.36539e-07
 9.10692e-07
 1.14791e-06
 1.06478e-06
 9.62931e-07
 8.79270e-07
 8.27841e-07
 8.15589e-07
 8.43254e-07
 9.09277e-07
 9.96738e-07
 1.07722e-06
 1.13331e-06
 1.15383e-06
 1.13331e-06
 1.07722e-06
 9.96738e-07
 9.09277e-07
 8.43254e-07
 8.15589e-07
 8.27841e-07
 8.79270e-07
 9.62931e-07
 1.06478e-06
 1.14791e-06
 9.10692e-07
 3.36539e-07
 5.05193e-08
 8.83512e-08
 1.19726e-07
 1.46840e-07
 1.70721e-07
 1.92824e-07
 2.17908e-07
 2.49927e-07
 2.90209e-07
 3.43808e-07
 4.23247e-07
 2.35794e-07
 3.52800e-07
 6.25414e-07
 4.89481e-07
 4.00636e-07
 3.42503e-07
 2.97333e-07
 2.58355e-07
 2.21395e-07
 1.84953e-07
 1.47543e-07
 1.07855e-07
 6.20960e-08
 5.22077e-07
 1.89199e-06
 3.09994e-06
 3.57284e-06
 3.79447e-06
 3.90468e-06
 3.96930e-06
 4.02321e-06
 4.07368e-06
 4.11983e-06
 4.16505e-06
 4.20622e-06
 4.23627e-06
 4.24709e-06
 4.23627e-06
 4.20622e-06
 4.16505e-06
 4.11983e-06
 4.07368e-06
 4.02321e-06
 3.96930e-06
 3.90468e-06
 3.79447e-06
 3.57284e-06
 3.09994e-06
 1.89199e-06
 5.22077e-07
 6.20960e-08
 1.07855e-07
 1.47543e-07
 1.84953e-07
 2.21395e-07
 2.58355e-07
 2.97333e-07
 3.42503e-07
 4.00636e-07
 4.89481e-07
 6.25414e-07
 3.52800e-07
 4.94294e-07
 8.79182e-07
 6.94743e-07
 5.71299e-07
 4.87597e-07
 4.24750e-07
 3.75095e-07
 3.30729e-07
 2.84562e-07
 2.33804e-07
 1.74785e-07
 9.99374e-08
 7.77931e-07
 3.44092e-06
 6.26685e-06
 7.51485e-06
 8.02844e-06
 8.24007e-06
 8.30216e-06
 8.29005e-06
 8.26676e-06
 8.25102e-06
 8.25577e-06
 8.29508e-06
 8.34600e-06
 8.36664e-06
 8.34600e-06
 8.29508e-06
 8.25577e-06
 8.25102e-06
 8.26676e-06
 8.29005e-06
 8.30216e-06
 8.24007e-06
 8.02844e-06
 7.51485e-06
 6.26685e-06
 3.44092e-06
 7.77931e-07
 9.99374e-08
 1.74785e-07
 2.33804e-07
 2.84562e-07
 3.30729e-07
 3.75095e-07
 4.24750e-07
 4.87597e-07
 5.71299e-07
 6.94743e-07
 8.79182e-07
 4.94294e-07
 4.88333e-07
 8.80133e-07
 7.10695e-07
 5.72215e-07
 4.62602e-07
 3.87377e-07
 3.44109e-07
 3.23342e-07
 3.02293e-07
 2.69784e-07
 2.17442e-07
 1.32543e-07
 9.83413e-07
 4.55243e-06
 8.20947e-06
 9.42156e-06
 9.60052e-06
 9.49646e-06
 9.35831e-06
 9.23184e-06
 9.13090e-06
 8.99619e-06
 8.86525e-06
 8.82605e-06
 8.90104e-06
 8.96887e-06
 8.90104e-06
 8.82605e-06
 8.86525e-06
 8.99619e-06
 9.13090e-06
 9.23184e-06
 9.35831e-06
 9.49646e-06
 9.60052e-06
 9.42156e-06
 8.20947e-06
 4.55243e-06
 9.83413e-07
 1.32543e-07
 2.17442e-07
 2.69784e-07
 3.02293e-07
 3.23342e-07
 3.44109e-07
 3.87377e-07
 4.62602e-07
 5.72215e-07
 7.10695e-07
 8.80133e-07
 4.88333e-07
 4.30333e-07
 7.87295e-07
 6.20164e-07
 4.30076e-07
 2.85255e-07
 2.08500e-07
 1.78962e-07
 1.86357e-07
 2.08625e-07
 2.23529e-07
 2.05616e-07
 1.38960e-07
 1.14214e-06
 5.16856e-06
 8.93545e-06
 9.75554e-06
 9.61685e-06
 9.38076e-06
 9.37032e-06
 9.50603e-06
 9.55562e-06
 9.15742e-06
 8.56914e-06
 8.25173e-06
 8.25545e-06
 8.35834e-06
 8.25545e-06
 8.25173e-06
 8.56914e-06
 9.15742e-06
 9.55562e-06
 9.50603e-06
 9.37032e-06
 9.38076e-06
 9.61685e-06
 9.75554e-06
 8.93545e-06
 5.16856e-06
 1.14214e-06
 1.38960e-07
 2.05616e-07
 2.23529e-07
 2.08625e-07
 1.86357e-07
 1.78962e-07
 2.08500e-07
 2.85255e-07
 4.30076e-07
 6.20164e-07
 7.87295e-07
 4.30333e-07
 4.00550e-07
 7.36412e-07
 5.23660e-07
 2.70340e-07
 1.27572e-07
 7.35742e-08
 5.85660e-08
 7.14911e-08
 1.08563e-07
 1.58249e-07
 1.76409e-07
 1.31191e-07
 1.24245e-06
 5.50141e-06
 9.26633e-06
 9.86549e-06
 9.69296e-06
 9.82904e-06
 1.06762e-05
 1.16234e-05
 1.18850e-05
 1.09004e-05
 9.27350e-06
 8.19643e-06
 7.92073e-06
 7.99001e-06
 7.92073e-06
 8.19643e-06
 9.27350e-06
 1.09004e-05
 1.18850e-05
 1.16234e-05
 1.06762e-05
 9.82904e-06
 9.69296e-06
 9.86549e-06
 9.26633e-06
 5.50141e-06
 1.24245e-06
 1.31191e-07
 1.76409e-07
 1.58249e-07
 1.08563e-07
 7.14911e-08
 5.85660e-08
 7.35742e-08
 1.27572e-07
 2.70340e-07
 5.23660e-07
 7.36412e-07
 4.00550e-07
 3.86165e-07
 7.07627e-07
 4.39880e-07
 1.54301e-07
 4.97511e-08
 2.07126e-08
 1.45916e-08
 2.29102e-08
 5.07316e-08
 1.04131e-07
 1.42710e-07
 1.17048e-07
 1.27474e-06
 5.66485e-06
 9.49141e-06
 1.00368e-05
 9.95304e-06
 1.07582e-05
 1.27537e-05
 1.44618e-05
 1.46995e-05
 1.32919e-05
 1.07896e-05
 8.57803e-06
 7.73496e-06
 7.72477e-06
 7.73496e-06
 8.57803e-06
 1.07896e-05
 1.32919e-05
 1.46995e-05
 1.44618e-05
 1.27537e-05
 1.07582e-05
 9.95304e-06
 1.00368e-05
 9.49141e-06
 5.66485e-06
 1.27474e-06
 1.17048e-07
 1.42710e-07
 1.04131e-07
 5.07316e-08
 2.29102e-08
 1.45916e-08
 2.07126e-08
 4.97511e-08
 1.54301e-07
 4.39880e-07
 7.07627e-07
 3.86165e-07
 3.81415e-07
 6.92914e-07
 3.88225e-07
 9.43233e-08
 2.24625e-08
 6.69565e-09
 3.75943e-09
 9.27643e-09
 3.07228e-08
 7.75619e-08
 1.17908e-07
 9.99621e-08
 1.24361e-06
 5.68243e-06
 9.65405e-06
 1.02877e-05
 1.02433e-05
 1.11730e-05
 1.39266e-05
 1.61504e-05
 1.61250e-05
 1.47728e-05
 1.21489e-05
 9.10967e-06
 7.62719e-06
 7.51268e-06
 7.62719e-06
 9.10967e-06
 1.21489e-05
 1.47728e-05
 1.61250e-05
 1.61504e-05
 1.39266e-05
 1.11730e-05
 1.02433e-05
 1.02877e-05
 9.65405e-06
 5.68243e-06
 1.24361e-06
 9.99621e-08
 1.17908e-07
 7.75619e-08
 3.07228e-08
 9.27643e-09
 3.75943e-09
 6.69565e-09
 2.24625e-08
 9.43233e-08
 3.88225e-07
 6.92914e-07
 3.81415e-07
 3.87327e-07
 6.93621e-07
 3.69101e-07
 7.63466e-08
 1.77183e-08
 6.69049e-09
 5.08542e-09
 1.04603e-08
 3.09984e-08
 7.08810e-08
 1.01871e-07
 8.93582e-08
 1.19697e-06
 5.56353e-06
 9.72454e-06
 1.06266e-05
 1.05961e-05
 1.11268e-05
 1.33562e-05
 1.56349e-05
 1.60245e-05
 1.51133e-05
 1.27706e-05
 9.46281e-06
 7.55718e-06
 7.32582e-06
 7.55718e-06
 9.46281e-06
 1.27706e-05
 1.51133e-05
 1.60245e-05
 1.56349e-05
 1.33562e-05
 1.11268e-05
 1.05961e-05
 1.06266e-05
 9.72454e-06
 5.56353e-06
 1.19697e-06
 8.93582e-08
 1.01871e-07
 7.08810e-08
 3.09984e-08
 1.04603e-08
 5.08542e-09
 6.69049e-09
 1.77183e-08
 7.63466e-08
 3.69101e-07
 6.93621e-07
 3.87327e-07
 4.08184e-07
 7.40129e-07
 4.04856e-07
 9.06676e-08
 2.47621e-08
 1.27482e-08
 1.33337e-08
 2.09263e-08
 3.97797e-08
 6.68763e-08
 8.46697e-08
 9.42820e-08
 1.16152e-06
 5.30115e-06
 9.55563e-06
 1.09343e-05
 1.11880e-05
 1.15613e-05
 1.26871e-05
 1.42782e-05
 1.50294e-05
 1.44425e-05
 1.24888e-05
 9.37140e-06
 7.39422e-06
 7.13173e-06
 7.39422e-06
 9.37140e-06
 1.24888e-05
 1.44425e-05
 1.50294e-05
 1.42782e-05
 1.26871e-05
 1.15613e-05
 1.11880e-05
 1.09343e-05
 9.55563e-06
 5.30115e-06
 1.16152e-06
 9.42820e-08
 8.46697e-08
 6.68763e-08
 3.97797e-08
 2.09263e-08
 1.33337e-08
 1.27482e-08
 2.47621e-08
 9.06676e-08
 4.04856e-07
 7.40129e-07
 4.08184e-07
 4.44752e-07
 8.39602e-07
 4.99581e-07
 1.35822e-07
 4.38363e-08
 2.26828e-08
 2.22954e-08
 3.09693e-08
 4.55128e-08
 6.15220e-08
 7.62103e-08
 1.26033e-07
 1.14528e-06
 4.84007e-06
 8.96726e-06
 1.08754e-05
 1.15658e-05
 1.20248e-05
 1.27765e-05
 1.36587e-05
 1.39409e-05
 1.32570e-05
 1.13919e-05
 8.62357e-06
 7.02078e-06
 6.88903e-06
 7.02078e-06
 8.62357e-06
 1.13919e-05
 1.32570e-05
 1.39409e-05
 1.36587e-05
 1.27765e-05
 1.20248e-05
 1.15658e-05
 1.08754e-05
 8.96726e-06
 4.84007e-06
 1.14528e-06
 1.26033e-07
 7.62103e-08
 6.15220e-08
 4.55128e-08
 3.09693e-08
 2.22954e-08
 2.26828e-08
 4.38363e-08
 1.35822e-07
 4.99581e-07
 8.39602e-07
 4.44752e-07
 5.01714e-07
 1.01510e-06
 6.94970e-07
 2.52044e-07
 1.01080e-07
 4.96153e-08
 3.68484e-08
 4.13148e-08
 5.34792e-08
 6.92811e-08
 9.90489e-08
 2.12194e-07
 1.18102e-06
 4.14735e-06
 7.76293e-06
 1.00464e-05
 1.11166e-05
 1.17284e-05
 1.23213e-05
 1.26625e-05
 1.24531e-05
 1.15275e-05
 9.63503e-06
 7.44837e-06
 6.54362e-06
 6.60131e-06
 6.54362e-06
 7.44837e-06
 9.63503e-06
 1.15275e-05
 1.24531e-05
 1.26625e-05
 1.23213e-05
 1.17284e-05
 1.11166e-05
 1.00464e-05
 7.76293e-06
 4.14735e-06
 1.18102e-06
 2.12194e-07
 9.90489e-08
 6.92811e-08
 5.34792e-08
 4.13148e-08
 3.68484e-08
 4.96153e-08
 1.01080e-07
 2.52044e-07
 6.94970e-07
 1.01510e-06
 5.01714e-07
 5.68828e-07
 1.26281e-06
 1.07147e-06
 5.91649e-07
 3.41111e-07
 2.12080e-07
 1.54891e-07
 1.39516e-07
 1.48597e-07
 1.80161e-07
 2.53127e-07
 4.55138e-07
 1.35281e-06
 3.36196e-06
 5.84142e-06
 7.93911e-06
 9.19170e-06
 9.86405e-06
 1.02305e-05
 1.01540e-05
 9.66317e-06
 8.72842e-06
 7.33889e-06
 6.14356e-06
 6.02008e-06
 6.28837e-06
 6.02008e-06
 6.14356e-06
 7.33889e-06
 8.72842e-06
 9.66317e-06
 1.01540e-05
 1.02305e-05
 9.86405e-06
 9.19170e-06
 7.93911e-06
 5.84142e-06
 3.36196e-06
 1.35281e-06
 4.55138e-07
 2.53127e-07
 1.80161e-07
 1.48597e-07
 1.39516e-07
 1.54891e-07
 2.12080e-07
 3.41111e-07
 5.91649e-07
 1.07147e-06
 1.26281e-06
 5.68828e-07
 6.24012e-07
 1.48794e-06
 1.54017e-06
 1.22250e-06
 1.00435e-06
 8.59134e-07
 7.68114e-07
 7.18182e-07
 7.05030e-07
 7.44936e-07
 8.45713e-07
 1.06602e-06
 1.67471e-06
 2.62936e-06
 3.67050e-06
 4.74076e-06
 5.53576e-06
 5.98489e-06
 6.16321e-06
 6.06251e-06
 5.79875e-06
 5.41753e-06
 4.99213e-06
 4.82632e-06
 5.42867e-06
 5.98209e-06
 5.42867e-06
 4.82632e-06
 4.99213e-06
 5.41753e-06
 5.79875e-06
 6.06251e-06
 6.16321e-06
 5.98489e-06
 5.53576e-06
 4.74076e-06
 3.67050e-06
 2.62936e-06
 1.67471e-06
 1.06602e-06
 8.45713e-07
 7.44936e-07
 7.05030e-07
 7.18182e-07
 7.68114e-07
 8.59134e-07
 1.00435e-06
 1.22250e-06
 1.54017e-06
 1.48794e-06
 6.24012e-07
 4.84076e-07
 1.11174e-06
 1.11195e-06
 8.96835e-07
 7.77508e-07
 6.96553e-07
 6.39860e-07
 6.02983e-07
 5.86627e-07
 6.04325e-07
 6.53204e-07
 7.47415e-07
 9.31323e-07
 1.13839e-06
 1.31321e-06
 1.49811e-06
 1.67112e-06
 1.79300e-06
 1.85598e-06
 1.87637e-06
 1.89411e-06
 1.94759e-06
 2.10561e-06
 2.52171e-06
 3.75829e-06
 4.69570e-06
 3.75829e-06
 2.52171e-06
 2.10561e-06
 1.94759e-06
 1.89411e-06
 1.87637e-06
 1.85598e-06
 1.79300e-06
 1.67112e-06
 1.49811e-06
 1.31321e-06
 1.13839e-06
 9.31323e-07
 7.47415e-07
 6.53204e-07
 6.04325e-07
 5.86627e-07
 6.02983e-07
 6.39860e-07
 6.96553e-07
 7.77508e-07
 8.96835e-07
 1.11195e-06
 1.11174e-06
 4.84076e-07
 2.63360e-07
 4.87212e-07
 3.06469e-07
 1.16614e-07
 4.61342e-08
 1.49565e-08
 2.81900e-09
 0.00000e+00
 0.00000e+00
 0.00000e+00
 0.00000e+00
 0.00000e+00
 0.00000e+00
 0.00000e+00
 0.00000e+00
 0.00000e+00
 0.00000e+00
 0.00000e+00
 0.00000e+00
 3.93237e-09
 2.10620e-08
 7.11538e-08
 2.08008e-07
 5.93883e-07
 1.94024e-06
 3.00068e-06
 1.94024e-06
 5.93883e-07
 2.08008e-07
 7.11538e-08
 2.10620e-08
 3.93237e-09
 0.00000e+00
 0.00000e+00
 0.00000e+00
 0.00000e+00
 0.00000e+00
 0.00000e+00
 0.00000e+00
 0.00000e+00
 0.00000e+00
 0.00000e+00
 0.00000e+00
 0.00000e+00
 2.81900e-09
 1.49565e-08
 4.61342e-08
 1.16614e-07
 3.06469e-07
 4.87212e-07
 2.63360e-07
 1.74403e-07
 2.71923e-07
 1.18919e-07
 2.61383e-08
 5.52551e-09
 8.48881e-10
 6.19887e-11
 0.00000e+00
 0.00000e+00
 0.00000e+00
 0.00000e+00
 0.00000e+00
 0.00000e+00
 0.00000e+00
 0.00000e+00
 0.00000e+00
 0.00000e+00
 0.00000e+00
 0.00000e+00
 8.68833e-11
 1.26706e-09
 9.23496e-09
 5.03182e-08
 2.48365e-07
 1.31419e-06
 2.21619e-06
 1.31419e-06
 2.48365e-07
 5.03182e-08
 9.23496e-09
 1.26706e-09
 8.68833e-11
 0.00000e+00
 0.00000e+00
 0.00000e+00
 0.00000e+00
 0.00000e+00
 0.00000e+00
 0.00000e+00
 0.00000e+00
 0.00000e+00
 0.00000e+00
 0.00000e+00
 0.00000e+00
 6.19887e-11
 8.48881e-10
 5.52551e-09
 2.61383e-08
 1.18919e-07
 2.71923e-07
 1.74403e-07
 1.30859e-07
 1.85276e-07
 6.26062e-08
 9.29190e-09
 1.19837e-09
 9.84617e-11
 2.83487e-12
 0.00000e+00
 0.00000e+00
 0.00000e+00
 0.00000e+00
 0.00000e+00
 0.00000e+00
 0.00000e+00
 0.00000e+00
 0.00000e+00
 0.00000e+00
 0.00000e+00
 0.00000e+00
 4.18358e-12
 1.60137e-10
 2.19368e-09
 1.94891e-08
 1.43675e-07
 1.03649e-06
 1.82053e-06
 1.03649e-06
 1.43675e-07
 1.94891e-08
 2.19368e-09
 1.60137e-10
 4.18358e-12
 0.00000e+00
 0.00000e+00
 0.00000e+00
 0.00000e+00
 0.00000e+00
 0.00000e+00
 0.00000e+00
 0.00000e+00
 0.00000e+00
 0.00000e+00
 0.00000e+00
 0.00000e+00
 2.83487e-12
 9.84617e-11
 1.19837e-09
 9.29190e-09
 6.26062e-08
 1.85276e-07
 1.30859e-07
 1.05292e-07
 1.42301e-07
 4.12869e-08
 4.67566e-09
 4.18055e-10
 2.05045e-11
 2.41261e-13
 0.00000e+00
 0.00000e+00
 0.00000e+00
 0.00000e+00
 0.00000e+00
 0.00000e+00
 0.00000e+00
 0.00000e+00
 0.00000e+00
 0.00000e+00
 0.00000e+00
 0.00000e+00
 3.95445e-13
 3.69978e-11
 8.35711e-10
 1.05629e-08
 1.01910e-07
 8.91536e-07
 1.59878e-06
 8.91536e-07
 1.01910e-07
 1.05629e-08
 8.35711e-10
 3.69978e-11
 3.95445e-13
 0.00000e+00
 0.00000e+00
 0.00000e+00
 0.00000e+00
 0.00000e+00
 0.00000e+00
 0.00000e+00
 0.00000e+00
 0.00000e+00
 0.00000e+00
 0.00000e+00
 0.00000e+00
 2.41261e-13
 2.05045e-11
 4.18055e-10
 4.67566e-09
 4.12869e-08
 1.42301e-07
 1.05292e-07
 1.27716e-07
 1.57482e-07
 3.27116e-08
 3.16398e-09
 2.26475e-10
 7.78718e-12
 4.27168e-14
 0.00000e+00
 0.00000e+00
 0.00000e+00
 0.00000e+00
 0.00000e+00
 0.00000e+00
 0.00000e+00
 0.00000e+00
 0.00000e+00
 0.00000e+00
 0.00000e+00
 0.00000e+00
 8.60345e-14
 1.64109e-11
 5.08621e-10
 7.84320e-09
 8.70678e-08
 8.25510e-07
 1.49159e-06
 8.25510e-07
 8.70678e-08
 7.84320e-09
 5.08621e-10
 1.64109e-11
 8.60345e-14
 0.00000e+00
 0.00000e+00
 0.00000e+00
 0.00000e+00
 0.00000e+00
 0.00000e+00
 0.00000e+00
 0.00000e+00
 0.00000e+00
 0.00000e+00
 0.00000e+00
 0.00000e+00
 4.27168e-14
 7.78718e-12
 2.26475e-10
 3.16398e-09
 3.27116e-08
 1.57482e-07
 1.27716e-07
 8.15740e-08
 9.53109e-08
 1.50329e-08
 1.38580e-09
 9.25992e-11
 2.80893e-12
 1.09568e-14
 0.00000e+00
 0.00000e+00
 0.00000e+00
 0.00000e+00
 0.00000e+00
 0.00000e+00
 0.00000e+00
 0.00000e+00
 0.00000e+00
 0.00000e+00
 0.00000e+00
 0.00000e+00
 2.74403e-14
 6.80514e-12
 2.31242e-10
 3.75728e-09
 4.29117e-08
 4.00312e-07
 7.21867e-07
 4.00312e-07
 4.29117e-08
 3.75728e-09
 2.31242e-10
 6.80514e-12
 2.74403e-14
 0.00000e+00
 0.00000e+00
 0.00000e+00
 0.00000e+00
 0.00000e+00
 0.00000e+00
 0.00000e+00
 0.00000e+00
 0.00000e+00
 0.00000e+00
 0.00000e+00
 0.00000e+00
 1.09568e-14
 2.80893e-12
 9.25992e-11
 1.38580e-09
 1.50329e-08
 9.53109e-08
 8.15740e-08
 0.00000e+00
 0.00000e+00
 0.00000e+00
 0.00000e+00
 0.00000e+00
 0.00000e+00
 2.17903e-21
 2.78906e-17
 1.52124e-15
 2.03175e-14
 1.29610e-13
 3.14533e-13
 1.82407e-12
 5.63341e-12
 5.59240e-12
 1.81757e-12
 2.55105e-13
 1.71533e-14
 2.99306e-16
 2.20232e-20
 0.00000e+00
 0.00000e+00
 0.00000e+00
 0.00000e+00
 0.00000e+00
 0.00000e+00
 0.00000e+00
 0.00000e+00
 0.00000e+00
 0.00000e+00
 0.00000e+00
 2.20232e-20
 2.99306e-16
 1.71533e-14
 2.55105e-13
 1.81757e-12
 5.59240e-12
 5.63341e-12
 1.82407e-12
 3.14533e-13
 1.29610e-13
 2.03175e-14
 1.52124e-15
 2.78906e-17
 2.17903e-21
 0.00000e+00
 0.00000e+00
 0.00000e+00
 0.00000e+00
 0.00000e+00
 0.00000e+00
 0.00000e+00
 0.00000e+00
 0.00000e+00
 0.00000e+00
 0.00000e+00
 0.00000e+00
 4.96180e-20
 1.76130e-16
 6.86044e-15
 7.78156e-14
 4.53934e-13
 1.05763e-12
 5.64810e-12
 1.74210e-11
 1.74961e-11
 5.87453e-12
 8.93828e-13
 6.93455e-14
 1.68201e-15
 4.36560e-19
 0.00000e+00
 0.00000e+00
 0.00000e+00
 0.00000e+00
 0.00000e+00
 0.00000e+00
 0.00000e+00
 0.00000e+00
 0.00000e+00
 0.00000e+00
 0.00000e+00
 4.36560e-19
 1.68201e-15
 6.93455e-14
 8.93828e-13
 5.87453e-12
 1.74961e-11
 1.74210e-11
 5.64810e-12
 1.05763e-12
 4.53934e-13
 7.78156e-14
 6.86044e-15
 1.76130e-16
 4.96180e-20
 0.00000e+00
 0.00000e+00
 0.00000e+00
 0.00000e+00
 0.00000e+00
 0.00000e+00
 0.00000e+00
 0.00000e+00
 0.00000e+00
 0.00000e+00
 0.00000e+00
 0.00000e+00
 1.73467e-18
 1.23766e-15
 2.78172e-14
 2.27750e-13
 1.06872e-12
 2.17298e-12
 9.72207e-12
 3.04731e-11
 3.24172e-11
 1.24595e-11
 2.33701e-12
 2.48969e-13
 1.07013e-14
 1.42347e-17
 0.00000e+00
 0.00000e+00
 0.00000e+00
 0.00000e+00
 0.00000e+00
 0.00000e+00
 0.00000e+00
 0.00000e+00
 0.00000e+00
 0.00000e+00
 0.00000e+00
 1.42347e-17
 1.07013e-14
 2.48969e-13
 2.33701e-12
 1.24595e-11
 3.24172e-11
 3.04731e-11
 9.72207e-12
 2.17298e-12
 1.06872e-12
 2.27750e-13
 2.78172e-14
 1.23766e-15
 1.73467e-18
 0.00000e+00
 0.00000e+00
 0.00000e+00
 0.00000e+00
 0.00000e+00
 0.00000e+00
 0.00000e+00
 0.00000e+00
 0.00000e+00
 0.00000e+00
 0.00000e+00
 0.00000e+00
 9.84119e-17
 1.37167e-14
 1.64415e-13
 8.76387e-13
 2.93662e-12
 4.81195e-12
 1.65361e-11
 5.40086e-11
 6.47684e-11
 3.16195e-11
 8.16751e-12
 1.35513e-12
 1.12868e-13
 7.83754e-16
 0.00000e+00
 0.00000e+00
 0.00000e+00
 0.00000e+00
 0.00000e+00
 0.00000e+00
 0.00000e+00
 0.00000e+00
 0.00000e+00
 0.00000e+00
 0.00000e+00
 7.83754e-16
 1.12868e-13
 1.35513e-12
 8.16751e-12
 3.16195e-11
 6.47684e-11
 5.40086e-11
 1.65361e-11
 4.81195e-12
 2.93662e-12
 8.76387e-13
 1.64415e-13
 1.37167e-14
 9.84119e-17
 0.00000e+00
 0.00000e+00
 0.00000e+00
 0.00000e+00
 0.00000e+00
 0.00000e+00
 0.00000e+00
 0.00000e+00
 0.00000e+00
 0.00000e+00
 0.00000e+00
 0.00000e+00
 9.28449e-15
 2.55623e-13
 1.54075e-12
 4.89146e-12
 1.03397e-11
 1.26314e-11
 3.01827e-11
 1.06316e-10
 1.54295e-10
 1.04497e-10
 4.23918e-11
 1.21505e-11
 2.05554e-12
 7.24392e-14
 0.00000e+00
 0.00000e+00
 0.00000e+00
 0.00000e+00
 0.00000e+00
 0.00000e+00
 0.00000e+00
 0.00000e+00
 0.00000e+00
 0.00000e+00
 0.00000e+00
 7.24392e-14
 2.05554e-12
 1.21505e-11
 4.23918e-11
 1.04497e-10
 1.54295e-10
 1.06316e-10
 3.01827e-11
 1.26314e-11
 1.03397e-11
 4.89146e-12
 1.54075e-12
 2.55623e-13
 9.28449e-15
 0.00000e+00
 0.00000e+00
 0.00000e+00
 0.00000e+00
 0.00000e+00
 0.00000e+00
 0.00000e+00
 0.00000e+00
 0.00000e+00
 0.00000e+00
 0.00000e+00
 0.00000e+00
 1.72203e-12
 1.00606e-11
 2.66536e-11
 4.43864e-11
 5.19110e-11
 4.12318e-11
 5.89172e-11
 2.46070e-10
 4.58743e-10
 4.82853e-10
 3.66761e-10
 2.06344e-10
 7.93819e-11
 1.31440e-11
 0.00000e+00
 0.00000e+00
 0.00000e+00
 0.00000e+00
 0.00000e+00
 0.00000e+00
 0.00000e+00
 0.00000e+00
 0.00000e+00
 0.00000e+00
 0.00000e+00
 1.31440e-11
 7.93819e-11
 2.06344e-10
 3.66761e-10
 4.82853e-10
 4.58743e-10
 2.46070e-10
 5.89172e-11
 4.12318e-11
 5.19110e-11
 4.43864e-11
 2.66536e-11
 1.00606e-11
 1.72203e-12
 0.00000e+00
 0.00000e+00
 0.00000e+00
 0.00000e+00
 0.00000e+00
 0.00000e+00
 7.44561e-09
 1.31982e-08
 1.01419e-08
 7.83952e-09
 6.16133e-09
 4.82276e-09
 3.68235e-09
 2.68988e-09
 1.86886e-09
 1.20048e-09
 6.70897e-10
 2.84656e-10
 1.68220e-10
 9.03868e-10
 2.86047e-09
 5.57967e-09
 8.50133e-09
 1.14680e-08
 1.44817e-08
 1.75864e-08
 2.09553e-08
 2.46563e-08
 2.84135e-08
 3.15634e-08
 3.33332e-08
 3.37834e-08
 3.33332e-08
 3.15634e-08
 2.84135e-08
 2.46563e-08
 2.09553e-08
 1.75864e-08
 1.44817e-08
 1.14680e-08
 8.50133e-09
 5.57967e-09
 2.86047e-09
 9.03868e-10
 1.68220e-10
 2.84656e-10
 6.70897e-10
 1.20048e-09
 1.86886e-09
 2.68988e-09
 3.68235e-09
 4.82276e-09
 6.16133e-09
 7.83952e-09
 1.01419e-08
 1.31982e-08
 7.44561e-09
 2.33126e-08
 4.13211e-08
 3.13114e-08
 2.34644e-08
 1.80778e-08
 1.41392e-08
 1.11054e-08
 8.53396e-09
 6.19236e-09
 4.09517e-09
 2.27368e-09
 8.99627e-10
 3.95771e-10
 2.16019e-09
 7.73147e-09
 1.55058e-08
 2.30959e-08
 3.02467e-08
 3.70944e-08
 4.37950e-08
 5.19471e-08
 6.31135e-08
 7.79723e-08
 9.42018e-08
 1.07321e-07
 1.12710e-07
 1.07321e-07
 9.42018e-08
 7.79723e-08
 6.31135e-08
 5.19471e-08
 4.37950e-08
 3.70944e-08
 3.02467e-08
 2.30959e-08
 1.55058e-08
 7.73147e-09
 2.16019e-09
 3.95771e-10
 8.99627e-10
 2.27368e-09
 4.09517e-09
 6.19236e-09
 8.53396e-09
 1.11054e-08
 1.41392e-08
 1.80778e-08
 2.34644e-08
 3.13114e-08
 4.13211e-08
 2.33126e-08
 3.31284e-08
 5.82979e-08
 4.25065e-08
 2.92439e-08
 2.05928e-08
 1.53616e-08
 1.22379e-08
 1.00723e-08
 7.92479e-09
 5.66241e-09
 3.34242e-09
 1.37538e-09
 5.96930e-10
 3.21183e-09
 1.07794e-08
 1.97424e-08
 2.62969e-08
 3.02665e-08
 3.29838e-08
 3.63214e-08
 4.32643e-08
 5.62785e-08
 7.98988e-08
 1.17410e-07
 1.56226e-07
 1.73069e-07
 1.56226e-07
 1.17410e-07
 7.98988e-08
 5.62785e-08
 4.32643e-08
 3.63214e-08
 3.29838e-08
 3.02665e-08
 2.62969e-08
 1.97424e-08
 1.07794e-08
 3.21183e-09
 5.96930e-10
 1.37538e-09
 3.34242e-09
 5.66241e-09
 7.92479e-09
 1.00723e-08
 1.22379e-08
 1.53616e-08
 2.05928e-08
 2.92439e-08
 4.25065e-08
 5.82979e-08
 3.31284e-08
 3.47368e-08
 5.96213e-08
 3.85060e-08
 2.10266e-08
 1.20311e-08
 7.90164e-09
 6.19798e-09
 5.70733e-09
 5.41419e-09
 4.66440e-09
 3.16487e-09
 1.43313e-09
 6.51251e-10
 3.53537e-09
 1.05814e-08
 1.67186e-08
 1.78609e-08
 1.55439e-08
 1.31319e-08
 1.24859e-08
 1.53783e-08
 2.34146e-08
 4.30090e-08
 8.95619e-08
 1.58953e-07
 1.96004e-07
 1.58953e-07
 8.95619e-08
 4.30090e-08
 2.34146e-08
 1.53783e-08
 1.24859e-08
 1.31319e-08
 1.55439e-08
 1.78609e-08
 1.67186e-08
 1.05814e-08
 3.53537e-09
 6.51251e-10
 1.43313e-09
 3.16487e-09
 4.66440e-09
 5.41419e-09
 5.70733e-09
 6.19798e-09
 7.90164e-09
 1.20311e-08
 2.10266e-08
 3.85060e-08
 5.96213e-08
 3.47368e-08
 3.50168e-08
 5.72974e-08
 3.02176e-08
 1.08944e-08
 4.36675e-09
 2.24303e-09
 1.63907e-09
 1.84843e-09
 2.50314e-09
 2.99097e-09
 2.55271e-09
 1.31084e-09
 6.14869e-10
 3.34373e-09
 9.15654e-09
 1.23887e-08
 1.00029e-08
 5.84308e-09
 3.52342e-09
 2.80087e-09
 3.69689e-09
 7.10542e-09
 1.79357e-08
 5.68349e-08
 1.47985e-07
 2.08619e-07
 1.47985e-07
 5.68349e-08
 1.79357e-08
 7.10542e-09
 3.69689e-09
 2.80087e-09
 3.52342e-09
 5.84308e-09
 1.00029e-08
 1.23887e-08
 9.15654e-09
 3.34373e-09
 6.14869e-10
 1.31084e-09
 2.55271e-09
 2.99097e-09
 2.50314e-09
 1.84843e-09
 1.63907e-09
 2.24303e-09
 4.36675e-09
 1.08944e-08
 3.02176e-08
 5.72974e-08
 3.50168e-08
 3.53361e-08
 5.47275e-08
 2.36125e-08
 5.19618e-09
 1.27896e-09
 4.37440e-10
 2.82230e-10
 4.44038e-10
 9.35333e-10
 1.63827e-09
 1.81469e-09
 1.07224e-09
 5.37964e-10
 2.89874e-09
 7.30163e-09
 8.61645e-09
 5.65542e-09
 2.34304e-09
 8.73794e-10
 4.66438e-10
 6.73142e-10
 1.89600e-09
 7.65492e-09
 3.67694e-08
 1.39063e-07
 2.17027e-07
 1.39063e-07
 3.67694e-08
 7.65492e-09
 1.89600e-09
 6.73142e-10
 4.66438e-10
 8.73794e-10
 2.34304e-09
 5.65542e-09
 8.61645e-09
 7.30163e-09
 2.89874e-09
 5.37964e-10
 1.07224e-09
 1.81469e-09
 1.63827e-09
 9.35333e-10
 4.44038e-10
 2.82230e-10
 4.37440e-10
 1.27896e-09
 5.19618e-09
 2.36125e-08
 5.47275e-08
 3.53361e-08
 3.63185e-08
 5.39137e-08
 2.01224e-08
 2.85367e-09
 3.71611e-10
 5.69303e-11
 3.12576e-11
 1.15493e-10
 4.21364e-10
 9.64371e-10
 1.23378e-09
 7.94876e-10
 4.19759e-10
 2.29633e-09
 5.58873e-09
 6.27902e-09
 3.76130e-09
 1.23980e-09
 2.84699e-10
 6.54655e-11
 1.03796e-10
 5.38507e-10
 3.94261e-09
 2.64924e-08
 1.34640e-07
 2.23258e-07
 1.34640e-07
 2.64924e-08
 3.94261e-09
 5.38507e-10
 1.03796e-10
 6.54655e-11
 2.84699e-10
 1.23980e-09
 3.76130e-09
 6.27902e-09
 5.58873e-09
 2.29633e-09
 4.19759e-10
 7.94876e-10
 1.23378e-09
 9.64371e-10
 4.21364e-10
 1.15493e-10
 3.12576e-11
 5.69303e-11
 3.71611e-10
 2.85367e-09
 2.01224e-08
 5.39137e-08
 3.63185e-08
 3.81649e-08
 5.54384e-08
 1.94045e-08
 2.33442e-09
 2.15948e-10
 1.69080e-11
 1.69110e-11
 7.46230e-11
 2.86247e-10
 6.46484e-10
 8.21035e-10
 5.34985e-10
 2.88699e-10
 1.64633e-09
 4.15143e-09
 4.85447e-09
 3.06287e-09
 1.09543e-09
 2.85991e-10
 9.34506e-11
 8.41711e-11
 3.30534e-10
 3.10646e-09
 2.35107e-08
 1.34899e-07
 2.28423e-07
 1.34899e-07
 2.35107e-08
 3.10646e-09
 3.30534e-10
 8.41711e-11
 9.34506e-11
 2.85991e-10
 1.09543e-09
 3.06287e-09
 4.85447e-09
 4.15143e-09
 1.64633e-09
 2.88699e-10
 5.34985e-10
 8.21035e-10
 6.46484e-10
 2.86247e-10
 7.46230e-11
 1.69110e-11
 1.69080e-11
 2.15948e-10
 2.33442e-09
 1.94045e-08
 5.54384e-08
 3.81649e-08
 4.20327e-08
 6.19408e-08
 2.26584e-08
 3.05569e-09
 3.29874e-10
 3.54068e-11
 3.87385e-11
 1.00699e-10
 2.47958e-10
 4.34583e-10
 4.94235e-10
 3.18987e-10
 1.83055e-10
 1.04929e-09
 2.84051e-09
 3.58356e-09
 2.64880e-09
 1.34421e-09
 5.81939e-10
 2.90204e-10
 1.92132e-10
 5.08038e-10
 3.94028e-09
 2.69620e-08
 1.45277e-07
 2.43685e-07
 1.45277e-07
 2.69620e-08
 3.94028e-09
 5.08038e-10
 1.92132e-10
 2.90204e-10
 5.81939e-10
 1.34421e-09
 2.64880e-09
 3.58356e-09
 2.84051e-09
 1.04929e-09
 1.83055e-10
 3.18987e-10
 4.94235e-10
 4.34583e-10
 2.47958e-10
 1.00699e-10
 3.87385e-11
 3.54068e-11
 3.29874e-10
 3.05569e-09
 2.26584e-08
 6.19408e-08
 4.20327e-08
 4.87727e-08
 7.55747e-08
 3.14604e-08
 5.37126e-09
 7.88384e-10
 9.28998e-11
 5.00799e-11
 1.00285e-10
 1.80401e-10
 2.52194e-10
 2.54533e-10
 1.63677e-10
 1.08947e-10
 5.84656e-10
 1.70266e-09
 2.32737e-09
 2.01552e-09
 1.38431e-09
 8.36234e-10
 4.72470e-10
 3.34758e-10
 1.07001e-09
 6.66469e-09
 3.64129e-08
 1.66848e-07
 2.72420e-07
 1.66848e-07
 3.64129e-08
 6.66469e-09
 1.07001e-09
 3.34758e-10
 4.72470e-10
 8.36234e-10
 1.38431e-09
 2.01552e-09
 2.32737e-09
 1.70266e-09
 5.84656e-10
 1.08947e-10
 1.63677e-10
 2.54533e-10
 2.52194e-10
 1.80401e-10
 1.00285e-10
 5.00799e-11
 9.28998e-11
 7.88384e-10
 5.37126e-09
 3.14604e-08
 7.55747e-08
 4.87727e-08
 5.98042e-08
 1.01390e-07
 5.17470e-08
 1.26063e-08
 2.87753e-09
 4.79614e-10
 6.82073e-11
 6.08497e-11
 9.31028e-11
 1.13399e-10
 1.05148e-10
 6.98767e-11
 5.77189e-11
 2.72550e-10
 8.21548e-10
 1.20465e-09
 1.18394e-09
 9.86407e-10
 6.97402e-10
 4.63384e-10
 7.49145e-10
 3.37088e-09
 1.50196e-08
 5.85511e-08
 2.07091e-07
 3.21493e-07
 2.07091e-07
 5.85511e-08
 1.50196e-08
 3.37088e-09
 7.49145e-10
 4.63384e-10
 6.97402e-10
 9.86407e-10
 1.18394e-09
 1.20465e-09
 8.21548e-10
 2.72550e-10
 5.77189e-11
 6.98767e-11
 1.05148e-10
 1.13399e-10
 9.31028e-11
 6.08497e-11
 6.82073e-11
 4.79614e-10
 2.87753e-09
 1.26063e-08
 5.17470e-08
 1.01390e-07
 5.98042e-08
 7.90674e-08
 1.53055e-07
 1.03571e-07
 4.22431e-08
 1.73056e-08
 5.75877e-09
 1.12120e-09
 2.12547e-11
 3.06473e-11
 3.54780e-11
 3.22184e-11
 2.36244e-11
 2.38656e-11
 9.55359e-11
 2.79975e-10
 4.34269e-10
 4.62580e-10
 4.18995e-10
 3.12364e-10
 1.32756e-09
 6.13993e-09
 1.89390e-08
 4.88091e-08
 1.18689e-07
 2.85713e-07
 4.03652e-07
 2.85713e-07
 1.18689e-07
 4.88091e-08
 1.89390e-08
 6.13993e-09
 1.32756e-09
 3.12364e-10
 4.18995e-10
 4.62580e-10
 4.34269e-10
 2.79975e-10
 9.55359e-11
 2.38656e-11
 2.36244e-11
 3.22184e-11
 3.54780e-11
 3.06473e-11
 2.12547e-11
 1.12120e-09
 5.75877e-09
 1.73056e-08
 4.22431e-08
 1.03571e-07
 1.53055e-07
 7.90674e-08
 1.16937e-07
 2.62974e-07
 2.52832e-07
 1.94650e-07
 1.64163e-07
 1.45732e-07
 1.35175e-07
 1.30103e-07
 1.28698e-07
 1.32192e-07
 1.41066e-07
 1.52408e-07
 1.63815e-07
 1.66962e-07
 1.61741e-07
 1.57170e-07
 1.55095e-07
 1.55685e-07
 1.59319e-07
 1.67212e-07
 1.81873e-07
 2.07053e-07
 2.49618e-07
 3.24449e-07
 4.58759e-07
 5.45004e-07
 4.58759e-07
 3.24449e-07
 2.49618e-07
 2.07053e-07
 1.81873e-07
 1.67212e-07
 1.59319e-07
 1.55685e-07
 1.55095e-07
 1.57170e-07
 1.61741e-07
 1.66962e-07
 1.63815e-07
 1.52408e-07
 1.41066e-07
 1.32192e-07
 1.28698e-07
 1.30103e-07
 1.35175e-07
 1.45732e-07
 1.64163e-07
 1.94650e-07
 2.52832e-07
 2.62974e-07
 1.16937e-07
 1.70669e-07
 4.14348e-07
 4.64478e-07
 4.27756e-07
 4.02740e-07
 3.82085e-07
 3.64794e-07
 3.52481e-07
 3.52780e-07
 3.74695e-07
 4.24889e-07
 5.07585e-07
 6.04684e-07
 6.30808e-07
 5.84132e-07
 5.44062e-07
 5.17910e-07
 5.08330e-07
 5.18568e-07
 5.40071e-07
 5.69336e-07
 6.05506e-07
 6.51700e-07
 7.19393e-07
 7.91614e-07
 8.22351e-07
 7.91614e-07
 7.19393e-07
 6.51700e-07
 6.05506e-07
 5.69336e-07
 5.40071e-07
 5.18568e-07
 5.08330e-07
 5.17910e-07
 5.44062e-07
 5.84132e-07
 6.30808e-07
 6.04684e-07
 5.07585e-07
 4.24889e-07
 3.74695e-07
 3.52780e-07
 3.52481e-07
 3.64794e-07
 3.82085e-07
 4.02740e-07
 4.27756e-07
 4.64478e-07
 4.14348e-07
 1.70669e-07
 1.97420e-07
 4.79460e-07
 5.15789e-07
 4.24353e-07
 3.48067e-07
 2.93975e-07
 2.62241e-07
 2.48199e-07
 2.52867e-07
 2.79772e-07
 3.40663e-07
 4.65918e-07
 6.68628e-07
 7.42437e-07
 6.54779e-07
 5.89505e-07
 5.48200e-07
 5.25381e-07
 5.19454e-07
 5.30842e-07
 5.69650e-07
 6.41341e-07
 7.50504e-07
 8.94281e-07
 1.01310e-06
 1.05179e-06
 1.01310e-06
 8.94281e-07
 7.50504e-07
 6.41341e-07
 5.69650e-07
 5.30842e-07
 5.19454e-07
 5.25381e-07
 5.48200e-07
 5.89505e-07
 6.54779e-07
 7.42437e-07
 6.68628e-07
 4.65918e-07
 3.40663e-07
 2.79772e-07
 2.52867e-07
 2.48199e-07
 2.62241e-07
 2.93975e-07
 3.48067e-07
 4.24353e-07
 5.15789e-07
 4.79460e-07
 1.97420e-07
 1.91858e-07
 4.44091e-07
 4.01037e-07
 2.29239e-07
 1.21311e-07
 6.28429e-08
 3.77783e-08
 3.24998e-08
 3.76310e-08
 4.90705e-08
 7.50466e-08
 1.55923e-07
 3.85812e-07
 5.08319e-07
 4.34621e-07
 3.91346e-07
 3.62528e-07
 3.34441e-07
 3.05261e-07
 2.84884e-07
 2.96841e-07
 3.62026e-07
 5.05429e-07
 7.48739e-07
 9.98935e-07
 1.10134e-06
 9.98935e-07
 7.48739e-07
 5.05429e-07
 3.62026e-07
 2.96841e-07
 2.84884e-07
 3.05261e-07
 3.34441e-07
 3.62528e-07
 3.91346e-07
 4.34621e-07
 5.08319e-07
 3.85812e-07
 1.55923e-07
 7.50466e-08
 4.90705e-08
 3.76310e-08
 3.24998e-08
 3.77783e-08
 6.28429e-08
 1.21311e-07
 2.29239e-07
 4.01037e-07
 4.44091e-07
 1.91858e-07
 1.82161e-07
 3.92341e-07
 2.91333e-07
 1.08998e-07
 3.74915e-08
 1.45978e-08
 9.65687e-09
 1.17472e-08
 1.64415e-08
 2.16101e-08
 3.02335e-08
 6.76471e-08
 2.84945e-07
 4.44505e-07
 4.11779e-07
 3.95705e-07
 3.66479e-07
 3.19991e-07
 2.77185e-07
 2.42626e-07
 2.22384e-07
 2.39974e-07
 3.36208e-07
 5.98326e-07
 9.44472e-07
 1.10540e-06
 9.44472e-07
 5.98326e-07
 3.36208e-07
 2.39974e-07
 2.22384e-07
 2.42626e-07
 2.77185e-07
 3.19991e-07
 3.66479e-07
 3.95705e-07
 4.11779e-07
 4.44505e-07
 2.84945e-07
 6.76471e-08
 3.02335e-08
 2.16101e-08
 1.64415e-08
 1.17472e-08
 9.65687e-09
 1.45978e-08
 3.74915e-08
 1.08998e-07
 2.91333e-07
 3.92341e-07
 1.82161e-07
 1.71439e-07
 3.46081e-07
 2.24547e-07
 6.26054e-08
 1.64482e-08
 6.19897e-09
 5.80748e-09
 9.53296e-09
 1.59457e-08
 2.23312e-08
 2.57577e-08
 3.69206e-08
 2.39151e-07
 4.33639e-07
 4.44189e-07
 4.31955e-07
 3.66502e-07
 2.71067e-07
 2.06136e-07
 1.84016e-07
 1.75746e-07
 1.86620e-07
 2.55614e-07
 4.93846e-07
 8.87984e-07
 1.10091e-06
 8.87984e-07
 4.93846e-07
 2.55614e-07
 1.86620e-07
 1.75746e-07
 1.84016e-07
 2.06136e-07
 2.71067e-07
 3.66502e-07
 4.31955e-07
 4.44189e-07
 4.33639e-07
 2.39151e-07
 3.69206e-08
 2.57577e-08
 2.23312e-08
 1.59457e-08
 9.53296e-09
 5.80748e-09
 6.19897e-09
 1.64482e-08
 6.26054e-08
 2.24547e-07
 3.46081e-07
 1.71439e-07
 1.63245e-07
 3.19307e-07
 1.93682e-07
 4.54597e-08
 9.75705e-09
 3.16106e-09
 3.33790e-09
 6.97013e-09
 1.57596e-08
 2.78186e-08
 3.31271e-08
 2.92464e-08
 2.18684e-07
 4.50015e-07
 4.95436e-07
 4.56155e-07
 3.26537e-07
 1.82121e-07
 1.06209e-07
 9.87782e-08
 1.15567e-07
 1.39117e-07
 2.07742e-07
 4.41884e-07
 8.61473e-07
 1.10105e-06
 8.61473e-07
 4.41884e-07
 2.07742e-07
 1.39117e-07
 1.15567e-07
 9.87782e-08
 1.06209e-07
 1.82121e-07
 3.26537e-07
 4.56155e-07
 4.95436e-07
 4.50015e-07
 2.18684e-07
 2.92464e-08
 3.31271e-08
 2.78186e-08
 1.57596e-08
 6.97013e-09
 3.33790e-09
 3.16106e-09
 9.75705e-09
 4.54597e-08
 1.93682e-07
 3.19307e-07
 1.63245e-07
 1.60983e-07
 3.13171e-07
 1.90480e-07
 4.59064e-08
 9.18963e-09
 2.23796e-09
 1.67681e-09
 4.53125e-09
 1.45729e-08
 3.28075e-08
 4.36408e-08
 3.21832e-08
 2.11782e-07
 4.74311e-07
 5.43822e-07
 4.66955e-07
 2.85363e-07
 1.24052e-07
 5.40035e-08
 4.77668e-08
 7.21517e-08
 1.07756e-07
 1.88958e-07
 4.43521e-07
 8.74635e-07
 1.11212e-06
 8.74635e-07
 4.43521e-07
 1.88958e-07
 1.07756e-07
 7.21517e-08
 4.77668e-08
 5.40035e-08
 1.24052e-07
 2.85363e-07
 4.66955e-07
 5.43822e-07
 4.74311e-07
 2.11782e-07
 3.21832e-08
 4.36408e-08
 3.28075e-08
 1.45729e-08
 4.53125e-09
 1.67681e-09
 2.23796e-09
 9.18963e-09
 4.59064e-08
 1.90480e-07
 3.13171e-07
 1.60983e-07
 1.64122e-07
 3.18489e-07
 2.07022e-07
 6.58376e-08
 1.71048e-08
 5.60220e-09
 3.72666e-09
 7.43791e-09
 2.01399e-08
 4.24878e-08
 5.49802e-08
 3.90615e-08
 2.13461e-07
 5.01615e-07
 5.91557e-07
 4.92127e-07
 2.89181e-07
 1.24585e-07
 5.66552e-08
 4.49909e-08
 6.63806e-08
 1.11904e-07
 2.13861e-07
 4.92697e-07
 9.12779e-07
 1.12827e-06
 9.12779e-07
 4.92697e-07
 2.13861e-07
 1.11904e-07
 6.63806e-08
 4.49909e-08
 5.66552e-08
 1.24585e-07
 2.89181e-07
 4.92127e-07
 5.91557e-07
 5.01615e-07
 2.13461e-07
 3.90615e-08
 5.49802e-08
 4.24878e-08
 2.01399e-08
 7.43791e-09
 3.72666e-09
 5.60220e-09
 1.71048e-08
 6.58376e-08
 2.07022e-07
 3.18489e-07
 1.64122e-07
 1.71539e-07
 3.29573e-07
 2.39185e-07
 1.11136e-07
 4.38467e-08
 2.18634e-08
 1.67848e-08
 2.29562e-08
 4.08481e-08
 6.34950e-08
 6.93094e-08
 4.65345e-08
 2.24829e-07
 5.43578e-07
 6.55694e-07
 5.64543e-07
 3.68069e-07
 1.91997e-07
 1.09135e-07
 8.49150e-08
 1.04241e-07
 1.63727e-07
 2.98271e-07
 5.98068e-07
 9.73838e-07
 1.14641e-06
 9.73838e-07
 5.98068e-07
 2.98271e-07
 1.63727e-07
 1.04241e-07
 8.49150e-08
 1.09135e-07
 1.91997e-07
 3.68069e-07
 5.64543e-07
 6.55694e-07
 5.43578e-07
 2.24829e-07
 4.65345e-08
 6.93094e-08
 6.34950e-08
 4.08481e-08
 2.29562e-08
 1.67848e-08
 2.18634e-08
 4.38467e-08
 1.11136e-07
 2.39185e-07
 3.29573e-07
 1.71539e-07
 1.85229e-07
 3.49749e-07
 2.81797e-07
 1.84542e-07
 1.09944e-07
 7.30749e-08
 6.17548e-08
 6.89200e-08
 8.34694e-08
 9.28807e-08
 8.34600e-08
 5.13962e-08
 2.46923e-07
 6.06731e-07
 7.39079e-07
 6.77446e-07
 5.27945e-07
 3.61249e-07
 2.57296e-07
 2.13458e-07
 2.30714e-07
 3.10592e-07
 4.81667e-07
 7.66521e-07
 1.05059e-06
 1.16663e-06
 1.05059e-06
 7.66521e-07
 4.81667e-07
 3.10592e-07
 2.30714e-07
 2.13458e-07
 2.57296e-07
 3.61249e-07
 5.27945e-07
 6.77446e-07
 7.39079e-07
 6.06731e-07
 2.46923e-07
 5.13962e-08
 8.34600e-08
 9.28807e-08
 8.34694e-08
 6.89200e-08
 6.17548e-08
 7.30749e-08
 1.09944e-07
 1.84542e-07
 2.81797e-07
 3.49749e-07
 1.85229e-07
 2.10877e-07
 3.88001e-07
 3.24348e-07
 2.60996e-07
 2.03843e-07
 1.64776e-07
 1.45733e-07
 1.40090e-07
 1.33266e-07
 1.18203e-07
 9.17123e-08
 5.26426e-08
 2.79113e-07
 7.04426e-07
 8.61073e-07
 8.11197e-07
 7.27321e-07
 6.28194e-07
 5.54155e-07
 5.16612e-07
 5.34702e-07
 6.23750e-07
 7.80507e-07
 9.71079e-07
 1.12404e-06
 1.18145e-06
 1.12404e-06
 9.71079e-07
 7.80507e-07
 6.23750e-07
 5.34702e-07
 5.16612e-07
 5.54155e-07
 6.28194e-07
 7.27321e-07
 8.11197e-07
 8.61073e-07
 7.04426e-07
 2.79113e-07
 5.26426e-08
 9.17123e-08
 1.18203e-07
 1.33266e-07
 1.40090e-07
 1.45733e-07
 1.64776e-07
 2.03843e-07
 2.60996e-07
 3.24348e-07
 3.88001e-07
 2.10877e-07
 2.35794e-07
 4.23247e-07
 3.43808e-07
 2.90209e-07
 2.49927e-07
 2.17908e-07
 1.92824e-07
 1.70721e-07
 1.46840e-07
 1.19726e-07
 8.83512e-08
 5.05193e-08
 3.36539e-07
 9.10692e-07
 1.14791e-06
 1.06478e-06
 9.62931e-07
 8.79270e-07
 8.27841e-07
 8.15589e-07
 8.43254e-07
 9.09277e-07
 9.96738e-07
 1.07722e-06
 1.13331e-06
 1.15383e-06
 1.13331e-06
 1.07722e-06
 9.96738e-07
 9.09277e-07
 8.43254e-07
 8.15589e-07
 8.27841e-07
 8.79270e-07
 9.62931e-07
 1.06478e-06
 1.14791e-06
 9.10692e-07
 3.36539e-07
 5.05193e-08
 8.83512e-08
 1.19726e-07
 1.46840e-07
 1.70721e-07
 1.92824e-07
 2.17908e-07
 2.49927e-07
 2.90209e-07
 3.43808e-07
 4.23247e-07
 2.35794e-07
 3.52800e-07
 6.25414e-07
 4.89481e-07
 4.00636e-07
 3.42503e-07
 2.97333e-07
 2.58355e-07
 2.21395e-07
 1.84953e-07
 1.47543e-07
 1.07855e-07
 6.20960e-08
 5.22077e-07
 1.89199e-06
 3.09994e-06
 3.57284e-06
 3.79447e-06
 3.90468e-06
 3.96930e-06
 4.02321e-06
 4.07368e-06
 4.11983e-06
 4.16505e-06
 4.20622e-06
 4.23627e-06
 4.24709e-06
 4.23627e-06
 4.20622e-06
 4.16505e-06
 4.11983e-06
 4.07368e-06
 4.02321e-06
 3.96930e-06
 3.90468e-06
 3.79447e-06
 3.57284e-06
 3.09994e-06
 1.89199e-06
 5.22077e-07
 6.20960e-08
 1.07855e-07
 1.47543e-07
 1.84953e-07
 2.21395e-07
 2.58355e-07
 2.97333e-07
 3.42503e-07
 4.00636e-07
 4.89481e-07
 6.25414e-07
 3.52800e-07
 4.94294e-07
 8.79182e-07
 6.94743e-07
 5.71299e-07
 4.87597e-07
 4.24750e-07
 3.75095e-07
 3.30729e-07
 2.84562e-07
 2.33804e-07
 1.74785e-07
 9.99374e-08
 7.77931e-07
 3.44092e-06
 6.26685e-06
 7.51485e-06
 8.02844e-06
 8.24007e-06
 8.30216e-06
 8.29005e-06
 8.26676e-06
 8.25102e-06
 8.25577e-06
 8.29508e-06
 8.34600e-06
 8.36664e-06
 8.34600e-06
 8.29508e-06
 8.25577e-06
 8.25102e-06
 8.26676e-06
 8.29005e-06
 8.30216e-06
 8.24007e-06
 8.02844e-06
 7.51485e-06
 6.26685e-06
 3.44092e-06
 7.77931e-07
 9.99374e-08
 1.74785e-07
 2.33804e-07
 2.84562e-07
 3.30729e-07
 3.75095e-07
 4.24750e-07
 4.87597e-07
 5.71299e-07
 6.94743e-07
 8.79182e-07
 4.94294e-07
 4.88333e-07
 8.80133e-07
 7.10695e-07
 5.72215e-07
 4.62602e-07
 3.87377e-07
 3.44109e-07
 3.23342e-07
 3.02293e-07
 2.69784e-07
 2.17442e-07
 1.32543e-07
 9.83413e-07
 4.55243e-06
 8.20947e-06
 9.42156e-06
 9.60052e-06
 9.49646e-06
 9.35831e-06
 9.23184e-06
 9.13090e-06
 8.99619e-06
 8.86525e-06
 8.82605e-06
 8.90104e-06
 8.96887e-06
 8.90104e-06
 8.82605e-06
 8.86525e-06
 8.99619e-06
 9.13090e-06
 9.23184e-06
 9.35831e-06
 9.49646e-06
 9.60052e-06
 9.42156e-06
 8.20947e-06
 4.55243e-06
 9.83413e-07
 1.32543e-07
 2.17442e-07
 2.69784e-07
 3.02293e-07
 3.23342e-07
 3.44109e-07
 3.87377e-07
 4.62602e-07
 5.72215e-07
 7.10695e-07
 8.80133e-07
 4.88333e-07
 4.30333e-07
 7.87295e-07
 6.20164e-07
 4.30076e-07
 2.85255e-07
 2.08500e-07
 1.78962e-07
 1.86357e-07
 2.08625e-07
 2.23529e-07
 2.05616e-07
 1.38960e-07
 1.14214e-06
 5.16856e-06
 8.93545e-06
 9.75554e-06
 9.61685e-06
 9.38076e-06
 9.37032e-06
 9.50603e-06
 9.55562e-06
 9.15742e-06
 8.56914e-06
 8.25173e-06
 8.25545e-06
 8.35834e-06
 8.25545e-06
 8.25173e-06
 8.56914e-06
 9.15742e-06
 9.55562e-06
 9.50603e-06
 9.37032e-06
 9.38076e-06
 9.61685e-06
 9.75554e-06
 8.93545e-06
 5.16856e-06
 1.14214e-06
 1.38960e-07
 2.05616e-07
 2.23529e-07
 2.08625e-07
 1.86357e-07
 1.78962e-07
 2.08500e-07
 2.85255e-07
 4.30076e-07
 6.20164e-07
 7.87295e-07
 4.30333e-07
 4.00550e-07
 7.36412e-07
 5.23660e-07
 2.70340e-07
 1.27572e-07
 7.35742e-08
 5.85660e-08
 7.14911e-08
 1.08563e-07
 1.58249e-07
 1.76409e-07
 1.31191e-07
 1.24245e-06
 5.50141e-06
 9.26633e-06
 9.86549e-06
 9.69296e-06
 9.82904e-06
 1.06762e-05
 1.16234e-05
 1.18850e-05
 1.09004e-05
 9.27350e-06
 8.19643e-06
 7.92073e-06
 7.99001e-06
 7.92073e-06
 8.19643e-06
 9.27350e-06
 1.09004e-05
 1.18850e-05
 1.16234e-05
 1.06762e-05
 9.82904e-06
 9.69296e-06
 9.86549e-06
 9.26633e-06
 5.50141e-06
 1.24245e-06
 1.31191e-07
 1.76409e-07
 1.58249e-07
 1.08563e-07
 7.14911e-08
 5.85660e-08
 7.35742e-08
 1.27572e-07
 2.70340e-07
 5.23660e-07
 7.36412e-07
 4.00550e-07
 3.86165e-07
 7.07627e-07
 4.39880e-07
 1.54301e-07
 4.97511e-08
 2.07126e-08
 1.45916e-08
 2.29102e-08
 5.07316e-08
 1.04131e-07
 1.42710e-07
 1.17048e-07
 1.27474e-06
 5.66485e-06
 9.49141e-06
 1.00368e-05
 9.95304e-06
 1.07582e-05
 1.27537e-05
 1.44618e-05
 1.46995e-05
 1.32919e-05
 1.07896e-05
 8.57803e-06
 7.73496e-06
 7.72477e-06
 7.73496e-06
 8.57803e-06
 1.07896e-05
 1.32919e-05
 1.46995e-05
 1.44618e-05
 1.27537e-05
 1.07582e-05
 9.95304e-06
 1.00368e-05
 9.49141e-06
 5.66485e-06
 1.27474e-06
 1.17048e-07
 1.42710e-07
 1.04131e-07
 5.07316e-08
 2.29102e-08
 1.45916e-08
 2.07126e-08
 4.97511e-08
 1.54301e-07
 4.39880e-07
 7.07627e-07
 3.86165e-07
 3.81415e-07
 6.92914e-07
 3.88225e-07
 9.43233e-08
 2.24625e-08
 6.69565e-09
 3.75943e-09
 9.27643e-09
 3.07228e-08
 7.75619e-08
 1.17908e-07
 9.99621e-08
 1.24361e-06
 5.68243e-06
 9.65405e-06
 1.02877e-05
 1.02433e-05
 1.11730e-05
 1.39266e-05
 1.61504e-05
 1.61250e-05
 1.47728e-05
 1.21489e-05
 9.10967e-06
 7.62719e-06
 7.51268e-06
 7.62719e-06
 9.10967e-06
 1.21489e-05
 1.47728e-05
 1.61250e-05
 1.61504e-05
 1.39266e-05
 1.11730e-05
 1.02433e-05
 1.02877e-05
 9.65405e-06
 5.68243e-06
 1.24361e-06
 9.99621e-08
 1.17908e-07
 7.75619e-08
 3.07228e-08
 9.27643e-09
 3.75943e-09
 6.69565e-09
 2.24625e-08
 9.43233e-08
 3.88225e-07
 6.92914e-07
 3.81415e-07
 3.87327e-07
 6.93621e-07
 3.69101e-07
 7.63466e-08
 1.77183e-08
 6.69049e-09
 5.08542e-09
 1.04603e-08
 3.09984e-08
 7.08810e-08
 1.01871e-07
 8.93582e-08
 1.19697e-06
 5.56353e-06
 9.72454e-06
 1.06266e-05
 1.05961e-05
 1.11268e-05
 1.33562e-05
 1.56349e-05
 1.60245e-05
 1.51133e-05
 1.27706e-05
 9.46281e-06
 7.55718e-06
 7.32582e-06
 7.55718e-06
 9.46281e-06
 1.27706e-05
 1.51133e-05
 1.60245e-05
 1.56349e-05
 1.33562e-05
 1.11268e-05
 1.05961e-05
 1.06266e-05
 9.72454e-06
 5.56353e-06
 1.19697e-06
 8.93582e-08
 1.01871e-07
 7.08810e-08
 3.09984e-08
 1.04603e-08
 5.08542e-09
 6.69049e-09
 1.77183e-08
 7.63466e-08
 3.69101e-07
 6.93621e-07
 3.87327e-07
 4.08184e-07
 7.40129e-07
 4.04856e-07
 9.06676e-08
 2.47621e-08
 1.27482e-08
 1.33337e-08
 2.09263e-08
 3.97797e-08
 6.68763e-08
 8.46697e-08
 9.42820e-08
 1.16152e-06
 5.30115e-06
 9.55563e-06
 1.09343e-05
 1.11880e-05
 1.15613e-05
 1.26871e-05
 1.42782e-05
 1.50294e-05
 1.44425e-05
 1.24888e-05
 9.37140e-06
 7.39422e-06
 7.13173e-06
 7.39422e-06
 9.37140e-06
 1.24888e-05
 1.44425e-05
 1.50294e-05
 1.42782e-05
 1.26871e-05
 1.15613e-05
 1.11880e-05
 1.09343e-05
 9.55563e-06
 5.30115e-06
 1.16152e-06
 9.42820e-08
 8.46697e-08
 6.68763e-08
 3.97797e-08
 2.09263e-08
 1.33337e-08
 1.27482e-08
 2.47621e-08
 9.06676e-08
 4.04856e-07
 7.40129e-07
 4.08184e-07
 4.44752e-07
 8.39602e-07
 4.99581e-07
 1.35822e-07
 4.38363e-08
 2.26828e-08
 2.22954e-08
 3.09693e-08
 4.55128e-08
 6.15220e-08
 7.62103e-08
 1.26033e-07
 1.14528e-06
 4.84007e-06
 8.96726e-06
 1.08754e-05
 1.15658e-05
 1.20248e-05
 1.27765e-05
 1.36587e-05
 1.39409e-05
 1.32570e-05
 1.13919e-05
 8.62357e-06
 7.02078e-06
 6.88903e-06
 7.02078e-06
 8.62357e-06
 1.13919e-05
 1.32570e-05
 1.39409e-05
 1.36587e-05
 1.27765e-05
 1.20248e-05
 1.15658e-05
 1.08754e-05
 8.96726e-06
 4.84007e-06
 1.14528e-06
 1.26033e-07
 7.62103e-08
 6.15220e-08
 4.55128e-08
 3.09693e-08
 2.22954e-08
 2.26828e-08
 4.38363e-08
 1.35822e-07
 4.99581e-07
 8.39602e-07
 4.44752e-07
 5.01714e-07
 1.01510e-06
 6.94970e-07
 2.52044e-07
 1.01080e-07
 4.96153e-08
 3.68484e-08
 4.13148e-08
 5.34792e-08
 6.92811e-08
 9.90489e-08
 2.12194e-07
 1.18102e-06
 4.14735e-06
 7.76293e-06
 1.00464e-05
 1.11166e-05
 1.17284e-05
 1.23213e-05
 1.26625e-05
 1.24531e-05
 1.15275e-05
 9.63503e-06
 7.44837e-06
 6.54362e-06
 6.60131e-06
 6.54362e-06
 7.44837e-06
 9.63503e-06
 1.15275e-05
 1.24531e-05
 1.26625e-05
 1.23213e-05
 1.17284e-05
 1.11166e-05
 1.00464e-05
 7.76293e-06
 4.14735e-06
 1.18102e-06
 2.12194e-07
 9.90489e-08
 6.92811e-08
 5.34792e-08
 4.13148e-08
 3.68484e-08
 4.96153e-08
 1.01080e-07
 2.52044e-07
 6.94970e-07
 1.01510e-06
 5.01714e-07
 5.68828e-07
 1.26281e-06
 1.07147e-06
 5.91649e-07
 3.41111e-07
 2.12080e-07
 1.54891e-07
 1.39516e-07
 1.48597e-07
 1.80161e-07
 2.53127e-07
 4.55138e-07
 1.35281e-06
 3.36196e-06
 5.84142e-06
 7.93911e-06
 9.19170e-06
 9.86405e-06
 1.02305e-05
 1.01540e-05
 9.66317e-06
 8.72842e-06
 7.33889e-06
 6.14356e-06
 6.02008e-06
 6.28837e-06
 6.02008e-06
 6.14356e-06
 7.33889e-06
 8.72842e-06
 9.66317e-06
 1.01540e-05
 1.02305e-05
 9.86405e-06
 9.19170e-06
 7.93911e-06
 5.84142e-06
 3.36196e-06
 1.35281e-06
 4.55138e-07
 2.53127e-07
 1.80161e-07
 1.48597e-07
 1.39516e-07
 1.54891e-07
 2.12080e-07
 3.41111e-07
 5.91649e-07
 1.07147e-06
 1.26281e-06
 5.68828e-07
 6.24012e-07
 1.48794e-06
 1.54017e-06
 1.22250e-06
 1.00435e-06
 8.59134e-07
 7.68114e-07
 7.18182e-07
 7.05030e-07
 7.44936e-07
 8.45713e-07
 1.06602e-06
 1.67471e-06
 2.62936e-06
 3.67050e-06
 4.74076e-06
 5.53576e-06
 5.98489e-06
 6.16321e-06
 6.06251e-06
 5.79875e-06
 5.41753e-06
 4.99213e-06
 4.82632e-06
 5.42867e-06
 5.98209e-06
 5.42867e-06
 4.82632e-06
 4.99213e-06
 5.41753e-06
 5.79875e-06
 6.06251e-06
 6.16321e-06
 5.98489e-06
 5.53576e-06
 4.74076e-06
 3.67050e-06
 2.62936e-06
 1.67471e-06
 1.06602e-06
 8.45713e-07
 7.44936e-07
 7.05030e-07
 7.18182e-07
 7.68114e-07
 8.59134e-07
 1.00435e-06
 1.22250e-06
 1.54017e-06
 1.48794e-06
 6.24012e-07
 4.84076e-07
 1.11174e-06
 1.11195e-06
 8.96835e-07
 7.77508e-07
 6.96553e-07
 6.39860e-07
 6.02983e-07
 5.86627e-07
 6.04325e-07
 6.53204e-07
 7.47415e-07
 9.31323e-07
 1.13839e-06
 1.31321e-06
 1.49811e-06
 1.67112e-06
 1.79300e-06
 1.85598e-06
 1.87637e-06
 1.89411e-06
 1.94759e-06
 2.10561e-06
 2.52171e-06
 3.75829e-06
 4.69570e-06
 3.75829e-06
 2.52171e-06
 2.10561e-06
 1.94759e-06
 1.89411e-06
 1.87637e-06
 1.85598e-06
 1.79300e-06
 1.67112e-06
 1.49811e-06
 1.31321e-06
 1.13839e-06
 9.31323e-07
 7.47415e-07
 6.53204e-07
 6.04325e-07
 5.86627e-07
 6.02983e-07
 6.39860e-07
 6.96553e-07
 7.77508e-07
 8.96835e-07
 1.11195e-06
 1.11174e-06
 4.84076e-07
 2.63360e-07
 4.87212e-07
 3.06469e-07
 1.16614e-07
 4.61342e-08
 1.49565e-08
 2.81900e-09
 0.00000e+00
 0.00000e+00
 0.00000e+00
 0.00000e+00
 0.00000e+00
 0.00000e+00
 0.00000e+00
 0.00000e+00
 0.00000e+00
 0.00000e+00
 0.00000e+00
 0.00000e+00
 3.93237e-09
 2.10620e-08
 7.11538e-08
 2.08008e-07
 5.93883e-07
 1.94024e-06
 3.00068e-06
 1.94024e-06
 5.93883e-07
 2.08008e-07
 7.11538e-08
 2.10620e-08
 3.93237e-09
 0.00000e+00
 0.00000e+00
 0.00000e+00
 0.00000e+00
 0.00000e+00
 0.00000e+00
 0.00000e+00
 0.00000e+00
 0.00000e+00
 0.00000e+00
 0.00000e+00
 0.00000e+00
 2.81900e-09
 1.49565e-08
 4.61342e-08
 1.16614e-07
 3.06469e-07
 4.87212e-07
 2.63360e-07
 1.74403e-07
 2.71923e-07
 1.18919e-07
 2.61383e-08
 5.52551e-09
 8.48881e-10
 6.19887e-11
 0.00000e+00
 0.00000e+00
 0.00000e+00
 0.00000e+00
 0.00000e+00
 0.00000e+00
 0.00000e+00
 0.00000e+00
 0.00000e+00
 0.00000e+00
 0.00000e+00
 0.00000e+00
 8.68833e-11
 1.26706e-09
 9.23496e-09
 5.03182e-08
 2.48365e-07
 1.31419e-06
 2.21619e-06
 1.31419e-06
 2.48365e-07
 5.03182e-08
 9.23496e-09
 1.26706e-09
 8.68833e-11
 0.00000e+00
 0.00000e+00
 0.00000e+00
 0.00000e+00
 0.00000e+00
 0.00000e+00
 0.00000e+00
 0.00000e+00
 0.00000e+00
 0.00000e+00
 0.00000e+00
 0.00000e+00
 6.19887e-11
 8.48881e-10
 5.52551e-09
 2.61383e-08
 1.18919e-07
 2.71923e-07
 1.74403e-07
 1.30859e-07
 1.85276e-07
 6.26062e-08
 9.29190e-09
 1.19837e-09
 9.84617e-11
 2.83487e-12
 0.00000e+00
 0.00000e+00
 0.00000e+00
 0.00000e+00
 0.00000e+00
 0.00000e+00
 0.00000e+00
 0.00000e+00
 0.00000e+00
 0.00000e+00
 0.00000e+00
 0.00000e+00
 4.18358e-12
 1.60137e-10
 2.19368e-09
 1.94891e-08
 1.43675e-07
 1.03649e-06
 1.82053e-06
 1.03649e-06
 1.43675e-07
 1.94891e-08
 2.19368e-09
 1.60137e-10
 4.18358e-12
 0.00000e+00
 0.00000e+00
 0.00000e+00
 0.00000e+00
 0.00000e+00
 0.00000e+00
 0.00000e+00
 0.00000e+00
 0.00000e+00
 0.00000e+00
 0.00000e+00
 0.00000e+00
 2.83487e-12
 9.84617e-11
 1.19837e-09
 9.29190e-09
 6.26062e-08
 1.85276e-07
 1.30859e-07
 1.05292e-07
 1.42301e-07
 4.12869e-08
 4.67566e-09
 4.18055e-10
 2.05045e-11
 2.41261e-13
 0.00000e+00
 0.00000e+00
 0.00000e+00
 0.00000e+00
 0.00000e+00
 0.00000e+00
 0.00000e+00
 0.00000e+00
 0.00000e+00
 0.00000e+00
 0.00000e+00
 0.00000e+00
 3.95445e-13
 3.69978e-11
 8.35711e-10
 1.05629e-08
 1.01910e-07
 8.91536e-07
 1.59878e-06
 8.91536e-07
 1.01910e-07
 1.05629e-08
 8.35711e-10
 3.69978e-11
 3.95445e-13
 0.00000e+00
 0.00000e+00
 0.00000e+00
 0.00000e+00
 0.00000e+00
 0.00000e+00
 0.00000e+00
 0.00000e+00
 0.00000e+00
 0.00000e+00
 0.00000e+00
 0.00000e+00
 2.41261e-13
 2.05045e-11
 4.18055e-10
 4.67566e-09
 4.12869e-08
 1.42301e-07
 1.05292e-07
 1.27716e-07
 1.57482e-07
 3.27116e-08
 3.16398e-09
 2.26475e-10
 7.78718e-12
 4.27168e-14
 0.00000e+00
 0.00000e+00
 0.00000e+00
 0.00000e+00
 0.00000e+00
 0.00000e+00
 0.00000e+00
 0.00000e+00
 0.00000e+00
 0.00000e+00
 0.00000e+00
 0.00000e+00
 8.60345e-14
 1.64109e-11
 5.08621e-10
 7.84320e-09
 8.70678e-08
 8.25510e-07
 1.49159e-06
 8.25510e-07
 8.70678e-08
 7.84320e-09
 5.08621e-10
 1.64109e-11
 8.60345e-14
 0.00000e+00
 0.00000e+00
 0.00000e+00
 0.00000e+00
 0.00000e+00
 0.00000e+00
 0.00000e+00
 0.00000e+00
 0.00000e+00
 0.00000e+00
 0.00000e+00
 0.00000e+00
 4.27168e-14
 7.78718e-12
 2.26475e-10
 3.16398e-09
 3.27116e-08
 1.57482e-07
 1.27716e-07
 8.15740e-08
 9.53109e-08
 1.50329e-08
 1.38580e-09
 9.25992e-11
 2.80893e-12
 1.09568e-14
 0.00000e+00
 0.00000e+00
 0.00000e+00
 0.00000e+00
 0.00000e+00
 0.00000e+00
 0.00000e+00
 0.00000e+00
 0.00000e+00
 0.00000e+00
 0.00000e+00
 0.00000e+00
 2.74403e-14
 6.80514e-12
 2.31242e-10
 3.75728e-09
 4.29117e-08
 4.00312e-07
 7.21867e-07
 4.00312e-07
 4.29117e-08
 3.75728e-09
 2.31242e-10
 6.80514e-12
 2.74403e-14
 0.00000e+00
 0.00000e+00
 0.00000e+00
 0.00000e+00
 0.00000e+00
 0.00000e+00
 0.00000e+00
 0.00000e+00
 0.00000e+00
 0.00000e+00
 0.00000e+00
 0.00000e+00
 1.09568e-14
 2.80893e-12
 9.25992e-11
 1.38580e-09
 1.50329e-08
 9.53109e-08
 8.15740e-08
