PseudoViscosity
part
         1
hexa8
 0.00000e+00
 0.00000e+00
 0.00000e+00
 0.00000e+00
 0.00000e+00
 0.00000e+00
 0.00000e+00
 0.00000e+00
 0.00000e+00
 0.00000e+00
 0.00000e+00
 0.00000e+00
 0.00000e+00
 0.00000e+00
 0.00000e+00
 0.00000e+00
 0.00000e+00
 0.00000e+00
 0.00000e+00
 0.00000e+00
 0.00000e+00
 0.00000e+00
 0.00000e+00
 0.00000e+00
 0.00000e+00
 0.00000e+00
 0.00000e+00
 0.00000e+00
 0.00000e+00
 0.00000e+00
 0.00000e+00
 0.00000e+00
 0.00000e+00
 0.00000e+00
 0.00000e+00
 0.00000e+00
 0.00000e+00
 0.00000e+00
 0.00000e+00
 0.00000e+00
 0.00000e+00
 0.00000e+00
 0.00000e+00
 0.00000e+00
 0.00000e+00
 0.00000e+00
 0.00000e+00
 0.00000e+00
 0.00000e+00
 0.00000e+00
 0.00000e+00
 0.00000e+00
 2.32789e-05
 3.17295e-05
 5.33601e-05
 8.00801e-05
 1.00906e-04
 1.13088e-04
 1.23034e-04
 1.33249e-04
 1.36209e-04
 1.26027e-04
 1.00103e-04
 8.86661e-05
 1.18390e-04
 1.70194e-04
 3.40855e-04
 8.42716e-04
 2.18281e-03
 5.48199e-03
 1.26208e-02
 2.51173e-02
 4.04370e-02
 4.67461e-02
 3.98256e-02
 2.75310e-02
 1.58057e-02
 7.69566e-03
 3.30248e-03
 1.30930e-03
 4.95788e-04
 1.82211e-04
 6.53911e-05
 2.29569e-05
 7.88613e-06
 2.65014e-06
 8.70954e-07
 2.79855e-07
 8.79057e-08
 2.69910e-08
 8.10113e-09
 2.37700e-09
 6.81933e-10
 1.91319e-10
 5.24820e-11
 1.41236e-11
 3.74888e-12
 8.78936e-13
 1.88843e-13
 1.18901e-13
 0.00000e+00
 0.00000e+00
 0.00000e+00
 0.00000e+00
 0.00000e+00
 0.00000e+00
 0.00000e+00
 0.00000e+00
 0.00000e+00
 0.00000e+00
 0.00000e+00
 0.00000e+00
 0.00000e+00
 0.00000e+00
 0.00000e+00
 0.00000e+00
 0.00000e+00
 0.00000e+00
 0.00000e+00
 0.00000e+00
 0.00000e+00
 0.00000e+00
 0.00000e+00
 0.00000e+00
 0.00000e+00
 0.00000e+00
 0.00000e+00
 0.00000e+00
 0.00000e+00
 0.00000e+00
 0.00000e+00
 0.00000e+00
 0.00000e+00
 0.00000e+00
 0.00000e+00
 0.00000e+00
 0.00000e+00
 0.00000e+00
 0.00000e+00
 0.00000e+00
 0.00000e+00
 0.00000e+00
 0.00000e+00
 0.00000e+00
 0.00000e+00
 0.00000e+00
 0.00000e+00
 0.00000e+00
 0.00000e+00
 0.00000e+00
 0.00000e+00
 0.00000e+00
 2.32789e-05
 3.17295e-05
 5.33601e-05
 8.00801e-05
 1.00906e-04
 1.13088e-04
 1.23034e-04
 1.33249e-04
 1.36209e-04
 1.26027e-04
 1.00103e-04
 8.86661e-05
 1.18390e-04
 1.70194e-04
 3.40855e-04
 8.42716e-04
 2.18281e-03
 5.48199e-03
 1.26208e-02
 2.51173e-02
 4.04370e-02
 4.67461e-02
 3.98256e-02
 2.75310e-02
 1.58057e-02
 7.69566e-03
 3.30248e-03
 1.30930e-03
 4.95788e-04
 1.82211e-04
 6.53911e-05
 2.29569e-05
 7.88613e-06
 2.65014e-06
 8.70954e-07
 2.79855e-07
 8.79057e-08
 2.69909e-08
 8.10123e-09
 2.37704e-09
 6.81959e-10
 1.91270e-10
 5.25193e-11
 1.41213e-11
 3.72324e-12
 9.46546e-13
 2.72773e-13
 1.42215e-13
 0.00000e+00
 0.00000e+00
 0.00000e+00
 0.00000e+00
 0.00000e+00
 0.00000e+00
 0.00000e+00
 0.00000e+00
 0.00000e+00
 0.00000e+00
 0.00000e+00
 0.00000e+00
 0.00000e+00
 0.00000e+00
 0.00000e+00
 0.00000e+00
 0.00000e+00
 0.00000e+00
 0.00000e+00
 0.00000e+00
 0.00000e+00
 0.00000e+00
 0.00000e+00
 0.00000e+00
 0.00000e+00
 0.00000e+00
 0.00000e+00
 0.00000e+00
 0.00000e+00
 0.00000e+00
 0.00000e+00
 0.00000e+00
 0.00000e+00
 0.00000e+00
 0.00000e+00
 0.00000e+00
 0.00000e+00
 0.00000e+00
 0.00000e+00
 0.00000e+00
 0.00000e+00
 0.00000e+00
 0.00000e+00
 0.00000e+00
 0.00000e+00
 0.00000e+00
 0.00000e+00
 0.00000e+00
 0.00000e+00
 0.00000e+00
 0.00000e+00
 0.00000e+00
 2.32789e-05
 3.17295e-05
 5.33601e-05
 8.00801e-05
 1.00906e-04
 1.13088e-04
 1.23034e-04
 1.33249e-04
 1.36209e-04
 1.26027e-04
 1.00103e-04
 8.86661e-05
 1.18390e-04
 1.70194e-04
 3.40855e-04
 8.42716e-04
 2.18281e-03
 5.48199e-03
 1.26208e-02
 2.51173e-02
 4.04370e-02
 4.67461e-02
 3.98256e-02
 2.75310e-02
 1.58057e-02
 7.69566e-03
 3.30248e-03
 1.30930e-03
 4.95788e-04
 1.82211e-04
 6.53911e-05
 2.29569e-05
 7.88613e-06
 2.65014e-06
 8.70954e-07
 2.79855e-07
 8.79057e-08
 2.69909e-08
 8.10120e-09
 2.37694e-09
 6.81970e-10
 1.91328e-10
 5.24844e-11
 1.41492e-11
 3.73490e-12
 9.37221e-13
 2.12157e-13
 9.32558e-14
 0.00000e+00
 0.00000e+00
 0.00000e+00
 0.00000e+00
 0.00000e+00
 0.00000e+00
 0.00000e+00
 0.00000e+00
 0.00000e+00
 0.00000e+00
 0.00000e+00
 0.00000e+00
 0.00000e+00
 0.00000e+00
 0.00000e+00
 0.00000e+00
 0.00000e+00
 0.00000e+00
 0.00000e+00
 0.00000e+00
 0.00000e+00
 0.00000e+00
 0.00000e+00
 0.00000e+00
 0.00000e+00
 0.00000e+00
 0.00000e+00
 0.00000e+00
 0.00000e+00
 0.00000e+00
 0.00000e+00
 0.00000e+00
 0.00000e+00
 0.00000e+00
 0.00000e+00
 0.00000e+00
 0.00000e+00
 0.00000e+00
 0.00000e+00
 0.00000e+00
 0.00000e+00
 0.00000e+00
 0.00000e+00
 0.00000e+00
 0.00000e+00
 0.00000e+00
 0.00000e+00
 0.00000e+00
 0.00000e+00
 0.00000e+00
 0.00000e+00
 0.00000e+00
 2.32789e-05
 3.17295e-05
 5.33601e-05
 8.00801e-05
 1.00906e-04
 1.13088e-04
 1.23034e-04
 1.33249e-04
 1.36209e-04
 1.26027e-04
 1.00103e-04
 8.86661e-05
 1.18390e-04
 1.70194e-04
 3.40855e-04
 8.42716e-04
 2.18281e-03
 5.48199e-03
 1.26208e-02
 2.51173e-02
 4.04370e-02
 4.67461e-02
 3.98256e-02
 2.75310e-02
 1.58057e-02
 7.69566e-03
 3.30248e-03
 1.30930e-03
 4.95788e-04
 1.82211e-04
 6.53911e-05
 2.29569e-05
 7.88613e-06
 2.65014e-06
 8.70954e-07
 2.79855e-07
 8.79056e-08
 2.69910e-08
 8.10107e-09
 2.37696e-09
 6.81994e-10
 1.91282e-10
 5.25193e-11
 1.41213e-11
 3.73490e-12
 9.34890e-13
 1.51541e-13
 1.07244e-13
 0.00000e+00
 0.00000e+00
 0.00000e+00
 0.00000e+00
 0.00000e+00
 0.00000e+00
 0.00000e+00
 0.00000e+00
 0.00000e+00
 0.00000e+00
 0.00000e+00
 0.00000e+00
 0.00000e+00
 0.00000e+00
 0.00000e+00
 0.00000e+00
 0.00000e+00
 0.00000e+00
 0.00000e+00
 0.00000e+00
 0.00000e+00
 0.00000e+00
 0.00000e+00
 0.00000e+00
 0.00000e+00
 0.00000e+00
 0.00000e+00
 0.00000e+00
 0.00000e+00
 0.00000e+00
 0.00000e+00
 0.00000e+00
 0.00000e+00
 0.00000e+00
 0.00000e+00
 0.00000e+00
 0.00000e+00
 0.00000e+00
 0.00000e+00
 0.00000e+00
 0.00000e+00
 0.00000e+00
 0.00000e+00
 0.00000e+00
 0.00000e+00
 0.00000e+00
 0.00000e+00
 0.00000e+00
 0.00000e+00
 0.00000e+00
 0.00000e+00
 0.00000e+00
 2.32789e-05
 3.17295e-05
 5.33601e-05
 8.00801e-05
 1.00906e-04
 1.13088e-04
 1.23034e-04
 1.33249e-04
 1.36209e-04
 1.26027e-04
 1.00103e-04
 8.86661e-05
 1.18390e-04
 1.70194e-04
 3.40855e-04
 8.42716e-04
 2.18281e-03
 5.48199e-03
 1.26208e-02
 2.51173e-02
 4.04370e-02
 4.67461e-02
 3.98256e-02
 2.75310e-02
 1.58057e-02
 7.69566e-03
 3.30248e-03
 1.30930e-03
 4.95788e-04
 1.82211e-04
 6.53911e-05
 2.29569e-05
 7.88613e-06
 2.65014e-06
 8.70954e-07
 2.79855e-07
 8.79057e-08
 2.69910e-08
 8.10118e-09
 2.37702e-09
 6.82054e-10
 1.91258e-10
 5.24587e-11
 1.41352e-11
 3.74888e-12
 9.60535e-13
 2.49459e-13
 1.53872e-13
 0.00000e+00
 0.00000e+00
 0.00000e+00
 0.00000e+00
 0.00000e+00
 0.00000e+00
 0.00000e+00
 0.00000e+00
 0.00000e+00
 0.00000e+00
 0.00000e+00
 0.00000e+00
 0.00000e+00
 0.00000e+00
 0.00000e+00
 0.00000e+00
 0.00000e+00
 0.00000e+00
 0.00000e+00
 0.00000e+00
 0.00000e+00
 0.00000e+00
 0.00000e+00
 0.00000e+00
 0.00000e+00
 0.00000e+00
 0.00000e+00
 0.00000e+00
 0.00000e+00
 0.00000e+00
 0.00000e+00
 0.00000e+00
 0.00000e+00
 0.00000e+00
 0.00000e+00
 0.00000e+00
 0.00000e+00
 0.00000e+00
 0.00000e+00
 0.00000e+00
 0.00000e+00
 0.00000e+00
 0.00000e+00
 0.00000e+00
 0.00000e+00
 0.00000e+00
 0.00000e+00
 0.00000e+00
 0.00000e+00
 0.00000e+00
 0.00000e+00
 0.00000e+00
 2.32789e-05
 3.17295e-05
 5.33601e-05
 8.00801e-05
 1.00906e-04
 1.13088e-04
 1.23034e-04
 1.33249e-04
 1.36209e-04
 1.26027e-04
 1.00103e-04
 8.86661e-05
 1.18390e-04
 1.70194e-04
 3.40855e-04
 8.42716e-04
 2.18281e-03
 5.48199e-03
 1.26208e-02
 2.51173e-02
 4.04370e-02
 4.67461e-02
 3.98256e-02
 2.75310e-02
 1.58057e-02
 7.69566e-03
 3.30248e-03
 1.30930e-03
 4.95788e-04
 1.82211e-04
 6.53911e-05
 2.29569e-05
 7.88613e-06
 2.65014e-06
 8.70954e-07
 2.79856e-07
 8.79056e-08
 2.69910e-08
 8.10117e-09
 2.37706e-09
 6.81994e-10
 1.91307e-10
 5.25427e-11
 1.41003e-11
 3.69992e-12
 9.25564e-13
 3.10076e-13
 1.07244e-13
 0.00000e+00
 0.00000e+00
 0.00000e+00
 0.00000e+00
 0.00000e+00
 0.00000e+00
 0.00000e+00
 0.00000e+00
 0.00000e+00
 0.00000e+00
 0.00000e+00
 0.00000e+00
 0.00000e+00
 0.00000e+00
 0.00000e+00
 0.00000e+00
 0.00000e+00
 0.00000e+00
 0.00000e+00
 0.00000e+00
 0.00000e+00
 0.00000e+00
 0.00000e+00
 0.00000e+00
 0.00000e+00
 0.00000e+00
 0.00000e+00
 0.00000e+00
 0.00000e+00
 0.00000e+00
 0.00000e+00
 0.00000e+00
 0.00000e+00
 0.00000e+00
 0.00000e+00
 0.00000e+00
 0.00000e+00
 0.00000e+00
 0.00000e+00
 0.00000e+00
 0.00000e+00
 0.00000e+00
 0.00000e+00
 0.00000e+00
 0.00000e+00
 0.00000e+00
 0.00000e+00
 0.00000e+00
 0.00000e+00
 0.00000e+00
 0.00000e+00
 0.00000e+00
 2.32789e-05
 3.17295e-05
 5.33601e-05
 8.00801e-05
 1.00906e-04
 1.13088e-04
 1.23034e-04
 1.33249e-04
 1.36209e-04
 1.26027e-04
 1.00103e-04
 8.86661e-05
 1.18390e-04
 1.70194e-04
 3.40855e-04
 8.42716e-04
 2.18281e-03
 5.48199e-03
 1.26208e-02
 2.51173e-02
 4.04370e-02
 4.67461e-02
 3.98256e-02
 2.75310e-02
 1.58057e-02
 7.69566e-03
 3.30248e-03
 1.30930e-03
 4.95788e-04
 1.82211e-04
 6.53911e-05
 2.29569e-05
 7.88613e-06
 2.65014e-06
 8.70954e-07
 2.79856e-07
 8.79057e-08
 2.69910e-08
 8.10127e-09
 2.37701e-09
 6.82017e-10
 1.91317e-10
 5.25193e-11
 1.41446e-11
 3.71158e-12
 9.34890e-13
 4.14988e-13
 1.07244e-13
 0.00000e+00
 0.00000e+00
 0.00000e+00
 0.00000e+00
 0.00000e+00
 0.00000e+00
 0.00000e+00
 0.00000e+00
 0.00000e+00
 0.00000e+00
 0.00000e+00
 0.00000e+00
 0.00000e+00
 0.00000e+00
 0.00000e+00
 0.00000e+00
 0.00000e+00
 0.00000e+00
 0.00000e+00
 0.00000e+00
 0.00000e+00
 0.00000e+00
 0.00000e+00
 0.00000e+00
 0.00000e+00
 0.00000e+00
 0.00000e+00
 0.00000e+00
 0.00000e+00
 0.00000e+00
 0.00000e+00
 0.00000e+00
 0.00000e+00
 0.00000e+00
 0.00000e+00
 0.00000e+00
 0.00000e+00
 0.00000e+00
 0.00000e+00
 0.00000e+00
 0.00000e+00
 0.00000e+00
 0.00000e+00
 0.00000e+00
 0.00000e+00
 0.00000e+00
 0.00000e+00
 0.00000e+00
 0.00000e+00
 0.00000e+00
 0.00000e+00
 0.00000e+00
 2.32789e-05
 3.17295e-05
 5.33601e-05
 8.00801e-05
 1.00906e-04
 1.13088e-04
 1.23034e-04
 1.33249e-04
 1.36209e-04
 1.26027e-04
 1.00103e-04
 8.86661e-05
 1.18390e-04
 1.70194e-04
 3.40855e-04
 8.42716e-04
 2.18281e-03
 5.48199e-03
 1.26208e-02
 2.51173e-02
 4.04370e-02
 4.67461e-02
 3.98256e-02
 2.75310e-02
 1.58057e-02
 7.69566e-03
 3.30248e-03
 1.30930e-03
 4.95788e-04
 1.82211e-04
 6.53911e-05
 2.29569e-05
 7.88613e-06
 2.65014e-06
 8.70954e-07
 2.79855e-07
 8.79057e-08
 2.69910e-08
 8.10128e-09
 2.37700e-09
 6.82029e-10
 1.91331e-10
 5.24704e-11
 1.41119e-11
 3.63931e-12
 9.95506e-13
 2.84430e-13
 8.39302e-14
 0.00000e+00
 0.00000e+00
 0.00000e+00
 0.00000e+00
 0.00000e+00
 0.00000e+00
 0.00000e+00
 0.00000e+00
 0.00000e+00
 0.00000e+00
 0.00000e+00
 0.00000e+00
 0.00000e+00
 0.00000e+00
 0.00000e+00
 0.00000e+00
 0.00000e+00
 0.00000e+00
 0.00000e+00
 0.00000e+00
 0.00000e+00
 0.00000e+00
 0.00000e+00
 0.00000e+00
 0.00000e+00
 0.00000e+00
 0.00000e+00
 0.00000e+00
 0.00000e+00
 0.00000e+00
 0.00000e+00
 0.00000e+00
 0.00000e+00
 0.00000e+00
 0.00000e+00
 0.00000e+00
 0.00000e+00
 0.00000e+00
 0.00000e+00
 0.00000e+00
 0.00000e+00
 0.00000e+00
 0.00000e+00
 0.00000e+00
 0.00000e+00
 0.00000e+00
 0.00000e+00
 0.00000e+00
 0.00000e+00
 0.00000e+00
 0.00000e+00
 0.00000e+00
 2.32789e-05
 3.17295e-05
 5.33601e-05
 8.00801e-05
 1.00906e-04
 1.13088e-04
 1.23034e-04
 1.33249e-04
 1.36209e-04
 1.26027e-04
 1.00103e-04
 8.86661e-05
 1.18390e-04
 1.70194e-04
 3.40855e-04
 8.42716e-04
 2.18281e-03
 5.48199e-03
 1.26208e-02
 2.51173e-02
 4.04370e-02
 4.67461e-02
 3.98256e-02
 2.75310e-02
 1.58057e-02
 7.69566e-03
 3.30248e-03
 1.30930e-03
 4.95788e-04
 1.82211e-04
 6.53911e-05
 2.29569e-05
 7.88613e-06
 2.65014e-06
 8.70954e-07
 2.79855e-07
 8.79057e-08
 2.69910e-08
 8.10118e-09
 2.37697e-09
 6.82029e-10
 1.91366e-10
 5.24937e-11
 1.41119e-11
 3.69992e-12
 9.46546e-13
 1.79517e-13
 1.63198e-13
 0.00000e+00
 0.00000e+00
 0.00000e+00
 0.00000e+00
 0.00000e+00
 0.00000e+00
 0.00000e+00
 0.00000e+00
 0.00000e+00
 0.00000e+00
 0.00000e+00
 0.00000e+00
 0.00000e+00
 0.00000e+00
 0.00000e+00
 0.00000e+00
 0.00000e+00
 0.00000e+00
 0.00000e+00
 0.00000e+00
 0.00000e+00
 0.00000e+00
 0.00000e+00
 0.00000e+00
 0.00000e+00
 0.00000e+00
 0.00000e+00
 0.00000e+00
 0.00000e+00
 0.00000e+00
 0.00000e+00
 0.00000e+00
 0.00000e+00
 0.00000e+00
 0.00000e+00
 0.00000e+00
 0.00000e+00
 0.00000e+00
 0.00000e+00
 0.00000e+00
 0.00000e+00
 0.00000e+00
 0.00000e+00
 0.00000e+00
 0.00000e+00
 0.00000e+00
 0.00000e+00
 0.00000e+00
 0.00000e+00
 0.00000e+00
 0.00000e+00
 0.00000e+00
 2.32789e-05
 3.17295e-05
 5.33601e-05
 8.00801e-05
 1.00906e-04
 1.13088e-04
 1.23034e-04
 1.33249e-04
 1.36209e-04
 1.26027e-04
 1.00103e-04
 8.86661e-05
 1.18390e-04
 1.70194e-04
 3.40855e-04
 8.42716e-04
 2.18281e-03
 5.48199e-03
 1.26208e-02
 2.51173e-02
 4.04370e-02
 4.67461e-02
 3.98256e-02
 2.75310e-02
 1.58057e-02
 7.69566e-03
 3.30248e-03
 1.30930e-03
 4.95788e-04
 1.82211e-04
 6.53911e-05
 2.29569e-05
 7.88613e-06
 2.65014e-06
 8.70954e-07
 2.79855e-07
 8.79058e-08
 2.69909e-08
 8.10119e-09
 2.37704e-09
 6.82040e-10
 1.91293e-10
 5.25776e-11
 1.41003e-11
 3.72091e-12
 9.72192e-13
 2.14488e-13
 1.07244e-13
 0.00000e+00
 0.00000e+00
 0.00000e+00
 0.00000e+00
 0.00000e+00
 0.00000e+00
 0.00000e+00
 0.00000e+00
 0.00000e+00
 0.00000e+00
 0.00000e+00
 0.00000e+00
 0.00000e+00
 0.00000e+00
 0.00000e+00
 0.00000e+00
 0.00000e+00
 0.00000e+00
 0.00000e+00
 0.00000e+00
 0.00000e+00
 0.00000e+00
 0.00000e+00
 0.00000e+00
 0.00000e+00
 0.00000e+00
 0.00000e+00
 0.00000e+00
 0.00000e+00
 0.00000e+00
 0.00000e+00
 0.00000e+00
 0.00000e+00
 0.00000e+00
 0.00000e+00
 0.00000e+00
 0.00000e+00
 0.00000e+00
 0.00000e+00
 0.00000e+00
 0.00000e+00
 0.00000e+00
 0.00000e+00
 0.00000e+00
 0.00000e+00
 0.00000e+00
 0.00000e+00
 0.00000e+00
 0.00000e+00
 0.00000e+00
 0.00000e+00
 0.00000e+00
 2.32789e-05
 3.17295e-05
 5.33601e-05
 8.00801e-05
 1.00906e-04
 1.13088e-04
 1.23034e-04
 1.33249e-04
 1.36209e-04
 1.26027e-04
 1.00103e-04
 8.86661e-05
 1.18390e-04
 1.70194e-04
 3.40855e-04
 8.42716e-04
 2.18281e-03
 5.48199e-03
 1.26208e-02
 2.51173e-02
 4.04370e-02
 4.67461e-02
 3.98256e-02
 2.75310e-02
 1.58057e-02
 7.69566e-03
 3.30248e-03
 1.30930e-03
 4.95788e-04
 1.82211e-04
 6.53911e-05
 2.29569e-05
 7.88613e-06
 2.65014e-06
 8.70954e-07
 2.79855e-07
 8.79057e-08
 2.69909e-08
 8.10118e-09
 2.37692e-09
 6.82031e-10
 1.91319e-10
 5.24121e-11
 1.41236e-11
 3.66262e-12
 8.27645e-13
 2.72773e-13
 3.49709e-14
 0.00000e+00
 0.00000e+00
 0.00000e+00
 0.00000e+00
 0.00000e+00
 0.00000e+00
 0.00000e+00
 0.00000e+00
 0.00000e+00
 0.00000e+00
 0.00000e+00
 0.00000e+00
 0.00000e+00
 0.00000e+00
 0.00000e+00
 0.00000e+00
 0.00000e+00
 0.00000e+00
 0.00000e+00
 0.00000e+00
 0.00000e+00
 0.00000e+00
 0.00000e+00
 0.00000e+00
 0.00000e+00
 0.00000e+00
 0.00000e+00
 0.00000e+00
 0.00000e+00
 0.00000e+00
 0.00000e+00
 0.00000e+00
 0.00000e+00
 0.00000e+00
 0.00000e+00
 0.00000e+00
 0.00000e+00
 0.00000e+00
 0.00000e+00
 0.00000e+00
 0.00000e+00
 0.00000e+00
 0.00000e+00
 0.00000e+00
 0.00000e+00
 0.00000e+00
 0.00000e+00
 0.00000e+00
 0.00000e+00
 0.00000e+00
 0.00000e+00
 0.00000e+00
 2.32789e-05
 3.17295e-05
 5.33601e-05
 8.00801e-05
 1.00906e-04
 1.13088e-04
 1.23034e-04
 1.33249e-04
 1.36209e-04
 1.26027e-04
 1.00103e-04
 8.86661e-05
 1.18390e-04
 1.70194e-04
 3.40855e-04
 8.42716e-04
 2.18281e-03
 5.48199e-03
 1.26208e-02
 2.51173e-02
 4.04370e-02
 4.67461e-02
 3.98256e-02
 2.75310e-02
 1.58057e-02
 7.69566e-03
 3.30248e-03
 1.30930e-03
 4.95788e-04
 1.82211e-04
 6.53911e-05
 2.29569e-05
 7.88613e-06
 2.65014e-06
 8.70954e-07
 2.79855e-07
 8.79057e-08
 2.69909e-08
 8.10125e-09
 2.37697e-09
 6.82005e-10
 1.91282e-10
 5.25077e-11
 1.41236e-11
 3.74888e-12
 9.37221e-13
 2.72773e-13
 4.66279e-14
 0.00000e+00
 0.00000e+00
 0.00000e+00
 0.00000e+00
 0.00000e+00
 0.00000e+00
 0.00000e+00
 0.00000e+00
 0.00000e+00
 0.00000e+00
 0.00000e+00
 0.00000e+00
 0.00000e+00
 0.00000e+00
 0.00000e+00
 0.00000e+00
 0.00000e+00
 0.00000e+00
 0.00000e+00
 0.00000e+00
 0.00000e+00
 0.00000e+00
 0.00000e+00
 0.00000e+00
 0.00000e+00
 0.00000e+00
 0.00000e+00
 0.00000e+00
 0.00000e+00
 0.00000e+00
 0.00000e+00
 0.00000e+00
 0.00000e+00
 0.00000e+00
 0.00000e+00
 0.00000e+00
 0.00000e+00
 0.00000e+00
 0.00000e+00
 0.00000e+00
 0.00000e+00
 0.00000e+00
 0.00000e+00
 0.00000e+00
 0.00000e+00
 0.00000e+00
 0.00000e+00
 0.00000e+00
 0.00000e+00
 0.00000e+00
 0.00000e+00
 0.00000e+00
 2.32789e-05
 3.17295e-05
 5.33601e-05
 8.00801e-05
 1.00906e-04
 1.13088e-04
 1.23034e-04
 1.33249e-04
 1.36209e-04
 1.26027e-04
 1.00103e-04
 8.86661e-05
 1.18390e-04
 1.70194e-04
 3.40855e-04
 8.42716e-04
 2.18281e-03
 5.48199e-03
 1.26208e-02
 2.51173e-02
 4.04370e-02
 4.67461e-02
 3.98256e-02
 2.75310e-02
 1.58057e-02
 7.69566e-03
 3.30248e-03
 1.30930e-03
 4.95788e-04
 1.82211e-04
 6.53911e-05
 2.29569e-05
 7.88613e-06
 2.65014e-06
 8.70954e-07
 2.79855e-07
 8.79057e-08
 2.69909e-08
 8.10119e-09
 2.37690e-09
 6.82064e-10
 1.91212e-10
 5.24238e-11
 1.41469e-11
 3.73490e-12
 8.88262e-13
 2.02831e-13
 1.04913e-13
 0.00000e+00
 0.00000e+00
 0.00000e+00
 0.00000e+00
 0.00000e+00
 0.00000e+00
 0.00000e+00
 0.00000e+00
 0.00000e+00
 0.00000e+00
 0.00000e+00
 0.00000e+00
 0.00000e+00
 0.00000e+00
 0.00000e+00
 0.00000e+00
 0.00000e+00
 0.00000e+00
 0.00000e+00
 0.00000e+00
 0.00000e+00
 0.00000e+00
 0.00000e+00
 0.00000e+00
 0.00000e+00
 0.00000e+00
 0.00000e+00
 0.00000e+00
 0.00000e+00
 0.00000e+00
 0.00000e+00
 0.00000e+00
 0.00000e+00
 0.00000e+00
 0.00000e+00
 0.00000e+00
 0.00000e+00
 0.00000e+00
 0.00000e+00
 0.00000e+00
 0.00000e+00
 0.00000e+00
 0.00000e+00
 0.00000e+00
 0.00000e+00
 0.00000e+00
 0.00000e+00
 0.00000e+00
 0.00000e+00
 0.00000e+00
 0.00000e+00
 0.00000e+00
 2.32789e-05
 3.17295e-05
 5.33601e-05
 8.00801e-05
 1.00906e-04
 1.13088e-04
 1.23034e-04
 1.33249e-04
 1.36209e-04
 1.26027e-04
 1.00103e-04
 8.86661e-05
 1.18390e-04
 1.70194e-04
 3.40855e-04
 8.42716e-04
 2.18281e-03
 5.48199e-03
 1.26208e-02
 2.51173e-02
 4.04370e-02
 4.67461e-02
 3.98256e-02
 2.75310e-02
 1.58057e-02
 7.69566e-03
 3.30248e-03
 1.30930e-03
 4.95788e-04
 1.82211e-04
 6.53911e-05
 2.29569e-05
 7.88613e-06
 2.65014e-06
 8.70954e-07
 2.79855e-07
 8.79057e-08
 2.69910e-08
 8.10116e-09
 2.37703e-09
 6.82031e-10
 1.91293e-10
 5.24611e-11
 1.41003e-11
 3.71158e-12
 8.76605e-13
 1.42215e-13
 1.65529e-13
 0.00000e+00
 0.00000e+00
 0.00000e+00
 0.00000e+00
 0.00000e+00
 0.00000e+00
 0.00000e+00
 0.00000e+00
 0.00000e+00
 0.00000e+00
 0.00000e+00
 0.00000e+00
 0.00000e+00
 0.00000e+00
 0.00000e+00
 0.00000e+00
 0.00000e+00
 0.00000e+00
 0.00000e+00
 0.00000e+00
 0.00000e+00
 0.00000e+00
 0.00000e+00
 0.00000e+00
 0.00000e+00
 0.00000e+00
 0.00000e+00
 0.00000e+00
 0.00000e+00
 0.00000e+00
 0.00000e+00
 0.00000e+00
 0.00000e+00
 0.00000e+00
 0.00000e+00
 0.00000e+00
 0.00000e+00
 0.00000e+00
 0.00000e+00
 0.00000e+00
 0.00000e+00
 0.00000e+00
 0.00000e+00
 0.00000e+00
 0.00000e+00
 0.00000e+00
 0.00000e+00
 0.00000e+00
 0.00000e+00
 0.00000e+00
 0.00000e+00
 0.00000e+00
 2.32789e-05
 3.17295e-05
 5.33601e-05
 8.00801e-05
 1.00906e-04
 1.13088e-04
 1.23034e-04
 1.33249e-04
 1.36209e-04
 1.26027e-04
 1.00103e-04
 8.86661e-05
 1.18390e-04
 1.70194e-04
 3.40855e-04
 8.42716e-04
 2.18281e-03
 5.48199e-03
 1.26208e-02
 2.51173e-02
 4.04370e-02
 4.67461e-02
 3.98256e-02
 2.75310e-02
 1.58057e-02
 7.69566e-03
 3.30248e-03
 1.30930e-03
 4.95788e-04
 1.82211e-04
 6.53911e-05
 2.29569e-05
 7.88613e-06
 2.65014e-06
 8.70954e-07
 2.79855e-07
 8.79057e-08
 2.69910e-08
 8.10122e-09
 2.37694e-09
 6.82008e-10
 1.91293e-10
 5.24121e-11
 1.41236e-11
 3.72557e-12
 9.13907e-13
 2.58785e-13
 1.07244e-13
 0.00000e+00
 0.00000e+00
 0.00000e+00
 0.00000e+00
 0.00000e+00
 0.00000e+00
 0.00000e+00
 0.00000e+00
 0.00000e+00
 0.00000e+00
 0.00000e+00
 0.00000e+00
 0.00000e+00
 0.00000e+00
 0.00000e+00
 0.00000e+00
 0.00000e+00
 0.00000e+00
 0.00000e+00
 0.00000e+00
 0.00000e+00
 0.00000e+00
 0.00000e+00
 0.00000e+00
 0.00000e+00
 0.00000e+00
 0.00000e+00
 0.00000e+00
 0.00000e+00
 0.00000e+00
 0.00000e+00
 0.00000e+00
 0.00000e+00
 0.00000e+00
 0.00000e+00
 0.00000e+00
 0.00000e+00
 0.00000e+00
 0.00000e+00
 0.00000e+00
 0.00000e+00
 0.00000e+00
 0.00000e+00
 0.00000e+00
 0.00000e+00
 0.00000e+00
 0.00000e+00
 0.00000e+00
 0.00000e+00
 0.00000e+00
 0.00000e+00
 0.00000e+00
 2.32789e-05
 3.17295e-05
 5.33601e-05
 8.00801e-05
 1.00906e-04
 1.13088e-04
 1.23034e-04
 1.33249e-04
 1.36209e-04
 1.26027e-04
 1.00103e-04
 8.86661e-05
 1.18390e-04
 1.70194e-04
 3.40855e-04
 8.42716e-04
 2.18281e-03
 5.48199e-03
 1.26208e-02
 2.51173e-02
 4.04370e-02
 4.67461e-02
 3.98256e-02
 2.75310e-02
 1.58057e-02
 7.69566e-03
 3.30248e-03
 1.30930e-03
 4.95788e-04
 1.82211e-04
 6.53911e-05
 2.29569e-05
 7.88613e-06
 2.65014e-06
 8.70954e-07
 2.79855e-07
 8.79057e-08
 2.69910e-08
 8.10119e-09
 2.37694e-09
 6.82005e-10
 1.91391e-10
 5.24004e-11
 1.41119e-11
 3.69992e-12
 9.83849e-13
 2.02831e-13
 8.39302e-14
 0.00000e+00
 0.00000e+00
 0.00000e+00
 0.00000e+00
 0.00000e+00
 0.00000e+00
 0.00000e+00
 0.00000e+00
 0.00000e+00
 0.00000e+00
 0.00000e+00
 0.00000e+00
 0.00000e+00
 0.00000e+00
 0.00000e+00
 0.00000e+00
 0.00000e+00
 0.00000e+00
 0.00000e+00
 0.00000e+00
 0.00000e+00
 0.00000e+00
 0.00000e+00
 0.00000e+00
 0.00000e+00
 0.00000e+00
 0.00000e+00
 0.00000e+00
 0.00000e+00
 0.00000e+00
 0.00000e+00
 0.00000e+00
 0.00000e+00
 0.00000e+00
 0.00000e+00
 0.00000e+00
 0.00000e+00
 0.00000e+00
 0.00000e+00
 0.00000e+00
 0.00000e+00
 0.00000e+00
 0.00000e+00
 0.00000e+00
 0.00000e+00
 0.00000e+00
 0.00000e+00
 0.00000e+00
 0.00000e+00
 0.00000e+00
 0.00000e+00
 0.00000e+00
 2.32789e-05
 3.17295e-05
 5.33601e-05
 8.00801e-05
 1.00906e-04
 1.13088e-04
 1.23034e-04
 1.33249e-04
 1.36209e-04
 1.26027e-04
 1.00103e-04
 8.86661e-05
 1.18390e-04
 1.70194e-04
 3.40855e-04
 8.42716e-04
 2.18281e-03
 5.48199e-03
 1.26208e-02
 2.51173e-02
 4.04370e-02
 4.67461e-02
 3.98256e-02
 2.75310e-02
 1.58057e-02
 7.69566e-03
 3.30248e-03
 1.30930e-03
 4.95788e-04
 1.82211e-04
 6.53911e-05
 2.29569e-05
 7.88613e-06
 2.65014e-06
 8.70954e-07
 2.79855e-07
 8.79057e-08
 2.69910e-08
 8.10118e-09
 2.37697e-09
 6.82029e-10
 1.91223e-10
 5.24820e-11
 1.39814e-11
 3.76987e-12
 9.48878e-13
 2.00500e-13
 1.07244e-13
 1.59009e-48
 1.93478e-66
 0.00000e+00
 0.00000e+00
 0.00000e+00
 0.00000e+00
 0.00000e+00
 0.00000e+00
 0.00000e+00
 0.00000e+00
 0.00000e+00
 0.00000e+00
 0.00000e+00
 0.00000e+00
 0.00000e+00
 0.00000e+00
 0.00000e+00
 0.00000e+00
 0.00000e+00
 0.00000e+00
 0.00000e+00
 0.00000e+00
 0.00000e+00
 0.00000e+00
 0.00000e+00
 0.00000e+00
 0.00000e+00
 0.00000e+00
 0.00000e+00
 0.00000e+00
 0.00000e+00
 0.00000e+00
 0.00000e+00
 0.00000e+00
 0.00000e+00
 0.00000e+00
 0.00000e+00
 0.00000e+00
 0.00000e+00
 0.00000e+00
 0.00000e+00
 0.00000e+00
 0.00000e+00
 0.00000e+00
 0.00000e+00
 0.00000e+00
 0.00000e+00
 0.00000e+00
 0.00000e+00
 0.00000e+00
 0.00000e+00
 0.00000e+00
 2.32789e-05
 3.17295e-05
 5.33601e-05
 8.00801e-05
 1.00906e-04
 1.13088e-04
 1.23034e-04
 1.33249e-04
 1.36209e-04
 1.26027e-04
 1.00103e-04
 8.86661e-05
 1.18390e-04
 1.70194e-04
 3.40855e-04
 8.42716e-04
 2.18281e-03
 5.48199e-03
 1.26208e-02
 2.51173e-02
 4.04370e-02
 4.67461e-02
 3.98256e-02
 2.75310e-02
 1.58057e-02
 7.69566e-03
 3.30248e-03
 1.30930e-03
 4.95788e-04
 1.82211e-04
 6.53911e-05
 2.29569e-05
 7.88613e-06
 2.65014e-06
 8.70954e-07
 2.79855e-07
 8.79057e-08
 2.69909e-08
 8.10120e-09
 2.37700e-09
 6.81968e-10
 1.91258e-10
 5.25427e-11
 1.41376e-11
 3.75821e-12
 9.60535e-13
 2.14488e-13
 9.55872e-14
 5.21151e-31
 3.67863e-47
 4.78088e-64
 0.00000e+00
 0.00000e+00
 0.00000e+00
 0.00000e+00
 0.00000e+00
 0.00000e+00
 0.00000e+00
 0.00000e+00
 0.00000e+00
 0.00000e+00
 0.00000e+00
 0.00000e+00
 0.00000e+00
 0.00000e+00
 0.00000e+00
 0.00000e+00
 0.00000e+00
 0.00000e+00
 0.00000e+00
 0.00000e+00
 0.00000e+00
 0.00000e+00
 0.00000e+00
 0.00000e+00
 0.00000e+00
 0.00000e+00
 0.00000e+00
 0.00000e+00
 0.00000e+00
 0.00000e+00
 0.00000e+00
 0.00000e+00
 0.00000e+00
 0.00000e+00
 0.00000e+00
 0.00000e+00
 0.00000e+00
 0.00000e+00
 0.00000e+00
 0.00000e+00
 0.00000e+00
 0.00000e+00
 0.00000e+00
 0.00000e+00
 0.00000e+00
 0.00000e+00
 0.00000e+00
 0.00000e+00
 0.00000e+00
 2.32789e-05
 3.17295e-05
 5.33601e-05
 8.00801e-05
 1.00906e-04
 1.13088e-04
 1.23034e-04
 1.33249e-04
 1.36209e-04
 1.26027e-04
 1.00103e-04
 8.86661e-05
 1.18390e-04
 1.70194e-04
 3.40855e-04
 8.42716e-04
 2.18281e-03
 5.48199e-03
 1.26208e-02
 2.51173e-02
 4.04370e-02
 4.67461e-02
 3.98256e-02
 2.75310e-02
 1.58057e-02
 7.69566e-03
 3.30248e-03
 1.30930e-03
 4.95788e-04
 1.82211e-04
 6.53911e-05
 2.29569e-05
 7.88613e-06
 2.65014e-06
 8.70954e-07
 2.79855e-07
 8.79057e-08
 2.69910e-08
 8.10114e-09
 2.37697e-09
 6.82040e-10
 1.91354e-10
 5.24587e-11
 1.41236e-11
 3.74888e-12
 9.13907e-13
 2.26145e-13
 1.04913e-13
 2.09785e-30
 2.62012e-30
 9.33671e-47
 0.00000e+00
 0.00000e+00
 0.00000e+00
 0.00000e+00
 0.00000e+00
 0.00000e+00
 0.00000e+00
 0.00000e+00
 0.00000e+00
 0.00000e+00
 0.00000e+00
 0.00000e+00
 0.00000e+00
 0.00000e+00
 0.00000e+00
 0.00000e+00
 0.00000e+00
 0.00000e+00
 0.00000e+00
 0.00000e+00
 0.00000e+00
 0.00000e+00
 0.00000e+00
 0.00000e+00
 0.00000e+00
 0.00000e+00
 0.00000e+00
 0.00000e+00
 0.00000e+00
 0.00000e+00
 0.00000e+00
 0.00000e+00
 0.00000e+00
 0.00000e+00
 0.00000e+00
 0.00000e+00
 0.00000e+00
 0.00000e+00
 0.00000e+00
 0.00000e+00
 0.00000e+00
 0.00000e+00
 0.00000e+00
 0.00000e+00
 0.00000e+00
 0.00000e+00
 0.00000e+00
 0.00000e+00
 0.00000e+00
 2.32789e-05
 3.17295e-05
 5.33601e-05
 8.00801e-05
 1.00906e-04
 1.13088e-04
 1.23034e-04
 1.33249e-04
 1.36209e-04
 1.26027e-04
 1.00103e-04
 8.86661e-05
 1.18390e-04
 1.70194e-04
 3.40855e-04
 8.42716e-04
 2.18281e-03
 5.48199e-03
 1.26208e-02
 2.51173e-02
 4.04370e-02
 4.67461e-02
 3.98256e-02
 2.75310e-02
 1.58057e-02
 7.69566e-03
 3.30248e-03
 1.30930e-03
 4.95788e-04
 1.82211e-04
 6.53911e-05
 2.29569e-05
 7.88613e-06
 2.65014e-06
 8.70954e-07
 2.79855e-07
 8.79057e-08
 2.69909e-08
 8.10118e-09
 2.37701e-09
 6.81982e-10
 1.91345e-10
 5.24704e-11
 1.41236e-11
 3.67661e-12
 9.25564e-13
 2.12157e-13
 1.30558e-13
 0.00000e+00
 0.00000e+00
 0.00000e+00
 0.00000e+00
 0.00000e+00
 0.00000e+00
 0.00000e+00
 0.00000e+00
 0.00000e+00
 0.00000e+00
 0.00000e+00
 0.00000e+00
 0.00000e+00
 0.00000e+00
 0.00000e+00
 0.00000e+00
 0.00000e+00
 0.00000e+00
 0.00000e+00
 0.00000e+00
 0.00000e+00
 0.00000e+00
 0.00000e+00
 0.00000e+00
 0.00000e+00
 0.00000e+00
 0.00000e+00
 0.00000e+00
 0.00000e+00
 0.00000e+00
 0.00000e+00
 0.00000e+00
 0.00000e+00
 0.00000e+00
 0.00000e+00
 0.00000e+00
 0.00000e+00
 0.00000e+00
 0.00000e+00
 0.00000e+00
 0.00000e+00
 0.00000e+00
 0.00000e+00
 0.00000e+00
 0.00000e+00
 0.00000e+00
 0.00000e+00
 0.00000e+00
 0.00000e+00
 0.00000e+00
 0.00000e+00
 0.00000e+00
 2.32789e-05
 3.17295e-05
 5.33601e-05
 8.00801e-05
 1.00906e-04
 1.13088e-04
 1.23034e-04
 1.33249e-04
 1.36209e-04
 1.26027e-04
 1.00103e-04
 8.86661e-05
 1.18390e-04
 1.70194e-04
 3.40855e-04
 8.42716e-04
 2.18281e-03
 5.48199e-03
 1.26208e-02
 2.51173e-02
 4.04370e-02
 4.67461e-02
 3.98256e-02
 2.75310e-02
 1.58057e-02
 7.69566e-03
 3.30248e-03
 1.30930e-03
 4.95788e-04
 1.82211e-04
 6.53911e-05
 2.29569e-05
 7.88613e-06
 2.65014e-06
 8.70954e-07
 2.79855e-07
 8.79057e-08
 2.69909e-08
 8.10114e-09
 2.37698e-09
 6.82019e-10
 1.91305e-10
 5.25077e-11
 1.40979e-11
 3.68827e-12
 9.97837e-13
 2.58785e-13
 8.39302e-14
 0.00000e+00
 0.00000e+00
 0.00000e+00
 0.00000e+00
 0.00000e+00
 0.00000e+00
 0.00000e+00
 0.00000e+00
 0.00000e+00
 0.00000e+00
 0.00000e+00
 0.00000e+00
 0.00000e+00
 0.00000e+00
 0.00000e+00
 0.00000e+00
 0.00000e+00
 0.00000e+00
 0.00000e+00
 0.00000e+00
 0.00000e+00
 0.00000e+00
 0.00000e+00
 0.00000e+00
 0.00000e+00
 0.00000e+00
 0.00000e+00
 0.00000e+00
 0.00000e+00
 0.00000e+00
 0.00000e+00
 0.00000e+00
 0.00000e+00
 0.00000e+00
 0.00000e+00
 0.00000e+00
 0.00000e+00
 0.00000e+00
 0.00000e+00
 0.00000e+00
 0.00000e+00
 0.00000e+00
 0.00000e+00
 0.00000e+00
 0.00000e+00
 0.00000e+00
 0.00000e+00
 0.00000e+00
 0.00000e+00
 0.00000e+00
 0.00000e+00
 0.00000e+00
 2.32789e-05
 3.17295e-05
 5.33601e-05
 8.00801e-05
 1.00906e-04
 1.13088e-04
 1.23034e-04
 1.33249e-04
 1.36209e-04
 1.26027e-04
 1.00103e-04
 8.86661e-05
 1.18390e-04
 1.70194e-04
 3.40855e-04
 8.42716e-04
 2.18281e-03
 5.48199e-03
 1.26208e-02
 2.51173e-02
 4.04370e-02
 4.67461e-02
 3.98256e-02
 2.75310e-02
 1.58057e-02
 7.69566e-03
 3.30248e-03
 1.30930e-03
 4.95788e-04
 1.82211e-04
 6.53911e-05
 2.29569e-05
 7.88613e-06
 2.65014e-06
 8.70954e-07
 2.79855e-07
 8.79057e-08
 2.69910e-08
 8.10115e-09
 2.37703e-09
 6.82005e-10
 1.91389e-10
 5.24844e-11
 1.40537e-11
 3.69992e-12
 9.25564e-13
 3.21733e-13
 8.15988e-14
 1.58605e-31
 2.02646e-48
 0.00000e+00
 0.00000e+00
 0.00000e+00
 0.00000e+00
 0.00000e+00
 0.00000e+00
 0.00000e+00
 0.00000e+00
 0.00000e+00
 0.00000e+00
 0.00000e+00
 0.00000e+00
 0.00000e+00
 0.00000e+00
 0.00000e+00
 0.00000e+00
 0.00000e+00
 0.00000e+00
 0.00000e+00
 0.00000e+00
 0.00000e+00
 0.00000e+00
 0.00000e+00
 0.00000e+00
 0.00000e+00
 0.00000e+00
 0.00000e+00
 0.00000e+00
 0.00000e+00
 0.00000e+00
 0.00000e+00
 0.00000e+00
 0.00000e+00
 0.00000e+00
 0.00000e+00
 0.00000e+00
 0.00000e+00
 0.00000e+00
 0.00000e+00
 0.00000e+00
 0.00000e+00
 0.00000e+00
 0.00000e+00
 0.00000e+00
 0.00000e+00
 0.00000e+00
 0.00000e+00
 0.00000e+00
 0.00000e+00
 0.00000e+00
 2.32789e-05
 3.17295e-05
 5.33601e-05
 8.00801e-05
 1.00906e-04
 1.13088e-04
 1.23034e-04
 1.33249e-04
 1.36209e-04
 1.26027e-04
 1.00103e-04
 8.86661e-05
 1.18390e-04
 1.70194e-04
 3.40855e-04
 8.42716e-04
 2.18281e-03
 5.48199e-03
 1.26208e-02
 2.51173e-02
 4.04370e-02
 4.67461e-02
 3.98256e-02
 2.75310e-02
 1.58057e-02
 7.69566e-03
 3.30248e-03
 1.30930e-03
 4.95788e-04
 1.82211e-04
 6.53911e-05
 2.29569e-05
 7.88613e-06
 2.65014e-06
 8.70954e-07
 2.79855e-07
 8.79057e-08
 2.69910e-08
 8.10116e-09
 2.37704e-09
 6.82066e-10
 1.91293e-10
 5.24611e-11
 1.40979e-11
 3.67661e-12
 9.51209e-13
 2.12157e-13
 9.55872e-14
 2.08526e-14
 3.34925e-30
 1.82760e-46
 0.00000e+00
 0.00000e+00
 0.00000e+00
 0.00000e+00
 0.00000e+00
 0.00000e+00
 0.00000e+00
 0.00000e+00
 0.00000e+00
 0.00000e+00
 0.00000e+00
 0.00000e+00
 0.00000e+00
 0.00000e+00
 0.00000e+00
 0.00000e+00
 0.00000e+00
 0.00000e+00
 0.00000e+00
 0.00000e+00
 0.00000e+00
 0.00000e+00
 0.00000e+00
 0.00000e+00
 0.00000e+00
 0.00000e+00
 0.00000e+00
 0.00000e+00
 0.00000e+00
 0.00000e+00
 0.00000e+00
 0.00000e+00
 0.00000e+00
 0.00000e+00
 0.00000e+00
 0.00000e+00
 0.00000e+00
 0.00000e+00
 0.00000e+00
 0.00000e+00
 0.00000e+00
 0.00000e+00
 0.00000e+00
 0.00000e+00
 0.00000e+00
 0.00000e+00
 0.00000e+00
 0.00000e+00
 0.00000e+00
 2.32789e-05
 3.17295e-05
 5.33601e-05
 8.00801e-05
 1.00906e-04
 1.13088e-04
 1.23034e-04
 1.33249e-04
 1.36209e-04
 1.26027e-04
 1.00103e-04
 8.86661e-05
 1.18390e-04
 1.70194e-04
 3.40855e-04
 8.42716e-04
 2.18281e-03
 5.48199e-03
 1.26208e-02
 2.51173e-02
 4.04370e-02
 4.67461e-02
 3.98256e-02
 2.75310e-02
 1.58057e-02
 7.69566e-03
 3.30248e-03
 1.30930e-03
 4.95788e-04
 1.82211e-04
 6.53911e-05
 2.29569e-05
 7.88613e-06
 2.65014e-06
 8.70954e-07
 2.79855e-07
 8.79057e-08
 2.69909e-08
 8.10112e-09
 2.37693e-09
 6.82019e-10
 1.91319e-10
 5.24960e-11
 1.40979e-11
 3.68827e-12
 9.23233e-13
 1.56203e-13
 1.42215e-13
 4.17053e-14
 6.25579e-14
 1.04297e-29
 0.00000e+00
 0.00000e+00
 0.00000e+00
 0.00000e+00
 0.00000e+00
 0.00000e+00
 0.00000e+00
 0.00000e+00
 0.00000e+00
 0.00000e+00
 0.00000e+00
 0.00000e+00
 0.00000e+00
 0.00000e+00
 0.00000e+00
 0.00000e+00
 0.00000e+00
 0.00000e+00
 0.00000e+00
 0.00000e+00
 0.00000e+00
 0.00000e+00
 0.00000e+00
 0.00000e+00
 0.00000e+00
 0.00000e+00
 0.00000e+00
 0.00000e+00
 0.00000e+00
 0.00000e+00
 0.00000e+00
 0.00000e+00
 0.00000e+00
 0.00000e+00
 0.00000e+00
 0.00000e+00
 0.00000e+00
 0.00000e+00
 0.00000e+00
 0.00000e+00
 0.00000e+00
 0.00000e+00
 0.00000e+00
 0.00000e+00
 0.00000e+00
 0.00000e+00
 0.00000e+00
 0.00000e+00
 0.00000e+00
 2.32789e-05
 3.17295e-05
 5.33601e-05
 8.00801e-05
 1.00906e-04
 1.13088e-04
 1.23034e-04
 1.33249e-04
 1.36209e-04
 1.26027e-04
 1.00103e-04
 8.86661e-05
 1.18390e-04
 1.70194e-04
 3.40855e-04
 8.42716e-04
 2.18281e-03
 5.48199e-03
 1.26208e-02
 2.51173e-02
 4.04370e-02
 4.67461e-02
 3.98256e-02
 2.75310e-02
 1.58057e-02
 7.69566e-03
 3.30248e-03
 1.30930e-03
 4.95788e-04
 1.82211e-04
 6.53911e-05
 2.29569e-05
 7.88613e-06
 2.65014e-06
 8.70954e-07
 2.79855e-07
 8.79057e-08
 2.69910e-08
 8.10120e-09
 2.37701e-09
 6.81996e-10
 1.91354e-10
 5.24704e-11
 1.40979e-11
 3.67661e-12
 9.13907e-13
 2.49459e-13
 1.18901e-13
