NodeMass
part
         1
coordinates
2.66943e-108
1.37910e-103
 1.75120e-99
 9.74034e-96
 3.01070e-92
 5.89840e-89
 7.96694e-86
 7.86825e-83
 5.93579e-80
 3.53881e-77
 1.71357e-74
 6.89368e-72
 2.34875e-69
 6.89057e-67
 1.76612e-64
 4.00642e-62
 8.13840e-60
 1.49622e-57
 2.51421e-55
 3.89698e-53
 5.61971e-51
 7.60149e-49
 9.72012e-47
 1.18405e-44
 1.37730e-42
 1.51876e-40
 7.35490e-39
 1.47902e-37
 4.78518e-92
 8.11621e-88
 3.38422e-84
 6.18230e-81
 6.27750e-78
 4.04093e-75
 1.79369e-72
 5.82253e-70
 1.44394e-67
 2.83012e-65
 4.50554e-63
 5.95928e-61
 6.67498e-59
 6.43698e-57
 5.42218e-55
 4.04122e-53
 2.69610e-51
 1.62716e-49
 8.97070e-48
 4.55881e-46
 2.15374e-44
 9.53543e-43
 3.98682e-41
 1.58598e-39
 6.03061e-38
 2.18638e-36
 5.29177e-35
 7.09613e-34
 4.40725e-83
 4.43163e-79
 1.09596e-75
 1.18797e-72
 7.16062e-70
 2.73742e-67
 7.21907e-65
 1.39278e-62
 2.05354e-60
 2.39368e-58
 2.26678e-56
 1.78368e-54
 1.18867e-52
 6.81974e-51
 3.41721e-49
 1.51465e-47
 6.00729e-46
 2.15427e-44
 7.05251e-43
 2.12657e-41
 5.95564e-40
 1.56140e-38
 3.86098e-37
 9.07082e-36
 2.03541e-34
 4.36022e-33
 6.98617e-32
 7.01904e-31
 1.44538e-76
 1.02954e-72
 1.80489e-69
 1.38787e-66
 5.93887e-64
 1.61293e-61
 3.02395e-59
 4.15028e-57
 4.35565e-55
 3.61572e-53
 2.43951e-51
 1.36810e-49
 6.49921e-48
 2.65828e-46
 9.49545e-45
 2.99973e-43
 8.47645e-42
 2.16457e-40
 5.04247e-39
 1.08098e-37
 2.14997e-36
 3.99779e-35
 7.00091e-34
 1.16279e-32
 1.84180e-31
 2.78387e-30
 3.32319e-29
 2.67027e-28
 2.18347e-71
 1.20443e-67
 1.63678e-64
 9.76646e-62
 3.24625e-59
 6.85523e-57
 1.00031e-54
 1.06951e-52
 8.75141e-51
 5.66840e-49
 2.98598e-47
 1.30810e-45
 4.85608e-44
 1.55245e-42
 4.33451e-41
 1.07016e-39
 2.36252e-38
 4.71069e-37
 8.56193e-36
 1.43061e-34
 2.21496e-33
 3.20134e-32
 4.34986e-31
 5.59417e-30
 6.84691e-29
 7.98533e-28
 7.59407e-27
 5.09252e-26
 4.30385e-67
 1.94216e-63
 2.16195e-60
 1.05806e-57
 2.88835e-55
 5.01585e-53
 6.02637e-51
 5.31157e-49
 3.58677e-47
 1.91912e-45
 8.35817e-44
 3.02936e-42
 9.30904e-41
 2.46429e-39
 5.69802e-38
 1.16493e-36
 2.12887e-35
 3.51179e-34
 5.27613e-33
 7.27908e-32
 9.29216e-31
 1.10542e-29
 1.23375e-28
 1.30018e-27
 1.30069e-26
 1.23715e-25
 9.79768e-25
 5.65597e-24
 1.89328e-63
 7.26090e-60
 6.87989e-57
 2.87060e-54
 6.69160e-52
 9.93874e-50
 1.02284e-47
 7.73341e-46
 4.48565e-44
 2.06404e-42
 7.73881e-41
 2.41677e-39
 6.40320e-38
 1.46212e-36
 2.91675e-35
 5.14441e-34
 8.10771e-33
 1.15271e-31
 1.49122e-30
 1.76927e-29
 1.93922e-28
 1.97687e-27
 1.88626e-26
 1.69479e-25
 1.44116e-24
 1.16183e-23
 7.91368e-23
 4.03076e-22
 2.55092e-60
 8.55754e-57
 7.10582e-54
 2.60312e-51
 5.33774e-49
 6.98655e-47
 6.34772e-45
 4.24408e-43
 2.18029e-41
 8.89791e-40
 2.96244e-38
 8.22338e-37
 1.93813e-35
 3.93880e-34
 6.99486e-33
 1.09822e-31
 1.54016e-30
 1.94713e-29
 2.23753e-28
 2.35477e-27
 2.28520e-26
 2.05802e-25
 1.73019e-24
 1.36546e-23
 1.01637e-22
 7.14766e-22
 4.29314e-21
 1.96938e-20
 1.29003e-57
 3.87483e-54
 2.88692e-51
 9.50950e-49
 1.75706e-46
 2.07663e-44
 1.70704e-42
 1.03456e-40
 4.82588e-39
 1.79104e-37
 5.42998e-36
 1.37404e-34
 2.95452e-33
 5.48088e-32
 8.88681e-31
 1.27376e-29
 1.63004e-28
 1.87887e-27
 1.96613e-26
 1.88117e-25
 1.65632e-24
 1.34998e-23
 1.02411e-22
 7.26802e-22
 4.84631e-21
 3.04125e-20
 1.64311e-19
 6.89808e-19
 2.81147e-55
 7.71323e-52
 5.26118e-49
 1.59036e-46
 2.70285e-44
 2.94494e-42
 2.23655e-40
 1.25480e-38
 5.42838e-37
 1.87142e-35
 5.27750e-34
 1.24356e-32
 2.49194e-31
 4.31015e-30
 6.51690e-29
 8.70853e-28
 1.03839e-26
 1.11415e-25
 1.08379e-24
 9.62214e-24
 7.84400e-23
 5.90360e-22
 4.12265e-21
 2.68360e-20
 1.63464e-19
 9.33103e-19
 4.61314e-18
 1.79803e-17
 2.91362e-53
 7.43145e-50
 4.72453e-47
 1.33446e-44
 2.12445e-42
 2.17343e-40
 1.55333e-38
 8.21813e-37
 3.35882e-35
 1.09573e-33
 2.92793e-32
 6.54415e-31
 1.24481e-29
 2.04461e-28
 2.93589e-27
 3.72471e-26
 4.21369e-25
 4.28489e-24
 3.94456e-23
 3.30796e-22
 2.54128e-21
 1.79741e-20
 1.17570e-19
 7.14122e-19
 4.04145e-18
 2.13354e-17
 9.79802e-17
 3.59188e-16
 1.54611e-51
 3.72629e-48
 2.24443e-45
 6.02193e-43
 9.12976e-41
 8.91648e-39
 6.09715e-37
 3.09274e-35
 1.21412e-33
 3.81035e-32
 9.80767e-31
 2.11366e-29
 3.87925e-28
 6.14987e-27
 8.52307e-26
 1.04324e-24
 1.13778e-23
 1.11413e-22
 9.86096e-22
 7.93493e-21
 5.83496e-20
 3.93885e-19
 2.45058e-18
 1.41013e-17
 7.52597e-17
 3.72838e-16
 1.61197e-15
 6.53433e-15
 4.45296e-50
 1.02998e-46
 5.96935e-44
 1.54500e-41
 2.26511e-39
 2.14420e-37
 1.42421e-35
 7.03092e-34
 2.69088e-32
 8.24513e-31
 2.07450e-29
 4.37401e-28
 7.85854e-27
 1.21988e-25
 1.65523e-24
 1.98272e-23
 2.11441e-22
 2.02207e-21
 1.74502e-20
 1.36633e-19
 9.75204e-19
 6.37049e-18
 3.82197e-17
 2.11206e-16
 1.07741e-15
 5.69250e-15
 2.62559e-14
 9.40426e-14
 7.29174e-49
 1.64379e-45
 9.30587e-43
 2.35795e-40
 3.39153e-38
 3.15607e-36
 2.06461e-34
 1.00552e-32
 3.80218e-31
 1.15251e-29
 2.87148e-28
 5.99997e-27
 1.06878e-25
 1.64519e-24
 2.21331e-23
 2.62733e-22
 2.77426e-21
 2.62376e-20
 2.23561e-19
 1.72476e-18
 1.20993e-17
 7.74507e-17
 4.53720e-16
 2.43805e-15
 1.40822e-14
 6.92340e-14
 2.86026e-13
 9.63583e-13
 7.05334e-48
 1.57426e-44
 8.83726e-42
 2.22376e-39
 3.18120e-37
 2.94856e-35
 1.92380e-33
 9.35643e-32
 3.53702e-30
 1.07288e-28
 2.67709e-27
 5.60540e-26
 1.00093e-24
 1.54467e-23
 2.08304e-22
 2.47744e-21
 2.61892e-20
 2.47680e-19
 2.10712e-18
 1.61996e-17
 1.12972e-16
 7.16822e-16
 4.45046e-15
 2.60380e-14
 1.33288e-13
 6.04665e-13
 2.39178e-12
 7.88902e-12
2.66943e-108
1.37910e-103
 1.75120e-99
 9.74034e-96
 3.01070e-92
 5.89840e-89
 7.96694e-86
 7.86825e-83
 5.93579e-80
 3.53881e-77
 1.71357e-74
 6.89368e-72
 2.34875e-69
 6.89057e-67
 1.76612e-64
 4.00642e-62
 8.13840e-60
 1.49622e-57
 2.51421e-55
 3.89698e-53
 5.61971e-51
 7.60149e-49
 9.72012e-47
 1.18405e-44
 1.37730e-42
 1.51876e-40
 7.35490e-39
 1.47902e-37
 4.78518e-92
 8.11621e-88
 3.38422e-84
 6.18230e-81
 6.27750e-78
 4.04093e-75
 1.79369e-72
 5.82253e-70
 1.44394e-67
 2.83012e-65
 4.50554e-63
 5.95928e-61
 6.67498e-59
 6.43698e-57
 5.42218e-55
 4.04122e-53
 2.69610e-51
 1.62716e-49
 8.97070e-48
 4.55881e-46
 2.15374e-44
 9.53543e-43
 3.98682e-41
 1.58598e-39
 6.03061e-38
 2.18638e-36
 5.29177e-35
 7.09613e-34
 4.40725e-83
 4.43163e-79
 1.09596e-75
 1.18797e-72
 7.16062e-70
 2.73742e-67
 7.21907e-65
 1.39278e-62
 2.05354e-60
 2.39368e-58
 2.26678e-56
 1.78368e-54
 1.18867e-52
 6.81974e-51
 3.41721e-49
 1.51465e-47
 6.00729e-46
 2.15427e-44
 7.05251e-43
 2.12657e-41
 5.95564e-40
 1.56140e-38
 3.86098e-37
 9.07082e-36
 2.03541e-34
 4.36022e-33
 6.98617e-32
 7.01904e-31
 1.44538e-76
 1.02954e-72
 1.80489e-69
 1.38787e-66
 5.93887e-64
 1.61293e-61
 3.02395e-59
 4.15028e-57
 4.35565e-55
 3.61572e-53
 2.43951e-51
 1.36810e-49
 6.49921e-48
 2.65828e-46
 9.49545e-45
 2.99973e-43
 8.47645e-42
 2.16457e-40
 5.04247e-39
 1.08098e-37
 2.14997e-36
 3.99779e-35
 7.00091e-34
 1.16279e-32
 1.84180e-31
 2.78387e-30
 3.32319e-29
 2.67027e-28
 2.18347e-71
 1.20443e-67
 1.63678e-64
 9.76646e-62
 3.24625e-59
 6.85523e-57
 1.00031e-54
 1.06951e-52
 8.75141e-51
 5.66840e-49
 2.98598e-47
 1.30810e-45
 4.85608e-44
 1.55245e-42
 4.33451e-41
 1.07016e-39
 2.36252e-38
 4.71069e-37
 8.56193e-36
 1.43061e-34
 2.21496e-33
 3.20134e-32
 4.34986e-31
 5.59417e-30
 6.84691e-29
 7.98533e-28
 7.59407e-27
 5.09252e-26
 4.30385e-67
 1.94216e-63
 2.16195e-60
 1.05806e-57
 2.88835e-55
 5.01585e-53
 6.02637e-51
 5.31157e-49
 3.58677e-47
 1.91912e-45
 8.35817e-44
 3.02936e-42
 9.30904e-41
 2.46429e-39
 5.69802e-38
 1.16493e-36
 2.12887e-35
 3.51179e-34
 5.27613e-33
 7.27908e-32
 9.29216e-31
 1.10542e-29
 1.23375e-28
 1.30018e-27
 1.30069e-26
 1.23715e-25
 9.79768e-25
 5.65597e-24
 1.89328e-63
 7.26090e-60
 6.87989e-57
 2.87060e-54
 6.69160e-52
 9.93874e-50
 1.02284e-47
 7.73341e-46
 4.48565e-44
 2.06404e-42
 7.73881e-41
 2.41677e-39
 6.40320e-38
 1.46212e-36
 2.91675e-35
 5.14441e-34
 8.10771e-33
 1.15271e-31
 1.49122e-30
 1.76927e-29
 1.93922e-28
 1.97687e-27
 1.88626e-26
 1.69479e-25
 1.44116e-24
 1.16183e-23
 7.91368e-23
 4.03076e-22
 2.55092e-60
 8.55754e-57
 7.10582e-54
 2.60312e-51
 5.33774e-49
 6.98655e-47
 6.34772e-45
 4.24408e-43
 2.18029e-41
 8.89791e-40
 2.96244e-38
 8.22338e-37
 1.93813e-35
 3.93880e-34
 6.99486e-33
 1.09822e-31
 1.54016e-30
 1.94713e-29
 2.23753e-28
 2.35477e-27
 2.28520e-26
 2.05802e-25
 1.73019e-24
 1.36546e-23
 1.01637e-22
 7.14766e-22
 4.29314e-21
 1.96938e-20
 1.29003e-57
 3.87483e-54
 2.88692e-51
 9.50950e-49
 1.75706e-46
 2.07663e-44
 1.70704e-42
 1.03456e-40
 4.82588e-39
 1.79104e-37
 5.42998e-36
 1.37404e-34
 2.95452e-33
 5.48088e-32
 8.88681e-31
 1.27376e-29
 1.63004e-28
 1.87887e-27
 1.96613e-26
 1.88117e-25
 1.65632e-24
 1.34998e-23
 1.02411e-22
 7.26802e-22
 4.84631e-21
 3.04125e-20
 1.64311e-19
 6.89808e-19
 2.81147e-55
 7.71323e-52
 5.26118e-49
 1.59036e-46
 2.70285e-44
 2.94494e-42
 2.23655e-40
 1.25480e-38
 5.42838e-37
 1.87142e-35
 5.27750e-34
 1.24356e-32
 2.49194e-31
 4.31015e-30
 6.51690e-29
 8.70853e-28
 1.03839e-26
 1.11415e-25
 1.08379e-24
 9.62214e-24
 7.84400e-23
 5.90360e-22
 4.12265e-21
 2.68360e-20
 1.63464e-19
 9.33103e-19
 4.61314e-18
 1.79803e-17
 2.91362e-53
 7.43145e-50
 4.72453e-47
 1.33446e-44
 2.12445e-42
 2.17343e-40
 1.55333e-38
 8.21813e-37
 3.35882e-35
 1.09573e-33
 2.92793e-32
 6.54415e-31
 1.24481e-29
 2.04461e-28
 2.93589e-27
 3.72471e-26
 4.21369e-25
 4.28489e-24
 3.94456e-23
 3.30796e-22
 2.54128e-21
 1.79741e-20
 1.17570e-19
 7.14122e-19
 4.04145e-18
 2.13354e-17
 9.79802e-17
 3.59188e-16
 1.54611e-51
 3.72629e-48
 2.24443e-45
 6.02193e-43
 9.12976e-41
 8.91648e-39
 6.09715e-37
 3.09274e-35
 1.21412e-33
 3.81035e-32
 9.80767e-31
 2.11366e-29
 3.87925e-28
 6.14987e-27
 8.52307e-26
 1.04324e-24
 1.13778e-23
 1.11413e-22
 9.86096e-22
 7.93493e-21
 5.83496e-20
 3.93885e-19
 2.45058e-18
 1.41013e-17
 7.52597e-17
 3.72838e-16
 1.61197e-15
 6.53433e-15
 4.45296e-50
 1.02998e-46
 5.96935e-44
 1.54500e-41
 2.26511e-39
 2.14420e-37
 1.42421e-35
 7.03092e-34
 2.69088e-32
 8.24513e-31
 2.07450e-29
 4.37401e-28
 7.85854e-27
 1.21988e-25
 1.65523e-24
 1.98272e-23
 2.11441e-22
 2.02207e-21
 1.74502e-20
 1.36633e-19
 9.75204e-19
 6.37049e-18
 3.82197e-17
 2.11206e-16
 1.07741e-15
 5.69250e-15
 2.62559e-14
 9.40426e-14
 7.29174e-49
 1.64379e-45
 9.30587e-43
 2.35795e-40
 3.39153e-38
 3.15607e-36
 2.06461e-34
 1.00552e-32
 3.80218e-31
 1.15251e-29
 2.87148e-28
 5.99997e-27
 1.06878e-25
 1.64519e-24
 2.21331e-23
 2.62733e-22
 2.77426e-21
 2.62376e-20
 2.23561e-19
 1.72476e-18
 1.20993e-17
 7.74507e-17
 4.53720e-16
 2.43805e-15
 1.40822e-14
 6.92340e-14
 2.86026e-13
 9.63583e-13
 7.05334e-48
 1.57426e-44
 8.83726e-42
 2.22376e-39
 3.18120e-37
 2.94856e-35
 1.92380e-33
 9.35643e-32
 3.53702e-30
 1.07288e-28
 2.67709e-27
 5.60540e-26
 1.00093e-24
 1.54467e-23
 2.08304e-22
 2.47744e-21
 2.61892e-20
 2.47680e-19
 2.10712e-18
 1.61996e-17
 1.12972e-16
 7.16822e-16
 4.45046e-15
 2.60380e-14
 1.33288e-13
 6.04665e-13
 2.39178e-12
 7.88902e-12
part
         2
coordinates
 1.18405e-44
 1.37730e-42
 1.51876e-40
 7.35490e-39
 1.47902e-37
 1.60308e-36
 1.01314e-35
 3.72825e-35
 8.55759e-35
 1.36951e-34
 1.50991e-34
 1.16011e-34
 6.45526e-35
 2.50327e-35
 6.43218e-36
 1.03710e-36
 9.82106e-38
 5.06761e-39
 1.31174e-40
 1.55103e-42
 7.48028e-45
 1.26866e-47
 6.13591e-51
 6.14054e-55
 7.40512e-60
 3.77875e-66
 6.24922e-75
 4.74566e-91
 1.58598e-39
 6.03061e-38
 2.18638e-36
 5.29177e-35
 7.09613e-34
 5.78536e-33
 2.95353e-32
 9.22319e-32
 1.86764e-31
 2.71967e-31
 2.79293e-31
 2.03125e-31
 1.09556e-31
 4.18884e-32
 1.08051e-32
 1.78122e-33
 1.75683e-34
 9.61756e-36
 2.68996e-37
 3.50153e-39
 1.89677e-41
 3.69768e-44
 2.11495e-47
 2.59910e-51
 4.06427e-56
 2.93891e-62
 8.22769e-71
 1.91007e-86
 9.07082e-36
 2.03541e-34
 4.36022e-33
 6.98617e-32
 7.01904e-31
 4.59454e-30
 1.97752e-29
 5.35244e-29
 9.71184e-29
 1.30694e-28
 1.26413e-28
 8.76907e-29
 4.61957e-29
 1.74770e-29
 4.53171e-30
 7.63400e-31
 7.82824e-32
 4.53534e-33
 1.36695e-34
 1.95377e-36
 1.18595e-38
 2.65206e-41
 1.79082e-44
 2.69887e-48
 5.46684e-53
 5.59801e-59
 2.65211e-67
 1.88205e-82
 1.16279e-32
 1.84180e-31
 2.78387e-30
 3.32319e-29
 2.67027e-28
 1.46355e-27
 5.48039e-27
 1.30790e-26
 2.15749e-26
 2.71745e-26
 2.49968e-26
 1.66740e-26
 8.62786e-27
 3.23994e-27
 8.45496e-28
 1.45480e-28
 1.54838e-29
 9.47077e-31
 3.06783e-32
 4.80191e-34
 3.25837e-36
 8.34084e-39
 6.63772e-42
 1.22504e-45
 3.21105e-50
 4.65304e-56
 3.72914e-64
 8.08885e-79
 5.59417e-30
 6.84691e-29
 7.98533e-28
 7.59407e-27
 5.09252e-26
 2.40591e-25
 7.98180e-25
 1.71708e-24
 2.61508e-24
 3.10944e-24
 2.74234e-24
 1.77445e-24
 9.05335e-25
 3.38396e-25
 8.89726e-26
 1.56305e-26
 1.72398e-27
 1.11073e-28
 3.85679e-30
 6.59397e-32
 4.98983e-34
 1.45908e-36
 1.36604e-39
 3.08312e-43
 1.04466e-47
 2.14070e-53
 2.90128e-61
 1.92343e-75
 1.30018e-27
 1.30069e-26
 1.23715e-25
 9.79768e-25
 5.65597e-24
 2.35567e-23
 7.01636e-23
 1.38639e-22
 1.98061e-22
 2.23794e-22
 1.90385e-22
 1.20599e-22
 6.08268e-23
 2.26876e-23
 6.01629e-24
 1.07878e-24
 1.23131e-25
 8.33858e-27
 3.09607e-28
 5.76745e-30
 4.85580e-32
 1.61861e-34
 1.77973e-37
 4.90542e-41
 2.14636e-45
 6.21561e-51
 1.42410e-58
 2.88546e-72
 1.69479e-25
 1.44116e-24
 1.16183e-23
 7.91368e-23
 4.03076e-22
 1.50983e-21
 4.07388e-21
 7.49885e-21
 1.02191e-20
 1.10461e-20
 9.09250e-21
 5.68466e-21
 2.84250e-21
 1.06043e-21
 2.83904e-22
 5.19477e-23
 6.12845e-24
 4.35406e-25
 1.72475e-26
 3.49244e-28
 3.26421e-30
 1.23791e-32
 1.59591e-35
 5.36479e-39
 3.02829e-43
 1.23852e-48
 4.79573e-56
 2.96968e-69
 1.36546e-23
 1.01637e-22
 7.14766e-22
 4.29314e-21
 1.96938e-20
 6.76513e-20
 1.66758e-19
 2.89052e-19
 3.80339e-19
 3.96458e-19
 3.17197e-19
 1.96644e-19
 9.78023e-20
 3.65736e-20
 9.89591e-21
 1.84758e-21
 2.25060e-22
 1.67471e-23
 7.06316e-25
 1.55130e-26
 1.60628e-28
 6.91773e-31
 1.04403e-33
 4.27505e-37
 3.11038e-41
 1.79554e-46
 1.17472e-53
 2.22320e-66
 7.26802e-22
 4.84631e-21
 3.04125e-20
 1.64311e-19
 6.89808e-19
 2.20106e-18
 5.04344e-18
 8.32460e-18
 1.06524e-17
 1.07945e-17
 8.44323e-18
 5.20370e-18
 2.58220e-18
 9.69991e-19
 2.65536e-19
 5.05876e-20
 6.35797e-21
 4.94830e-22
 2.21807e-23
 5.27395e-25
 6.03852e-27
 2.94833e-29
 5.20166e-32
 2.59162e-35
 2.42840e-39
 1.97773e-44
 2.18582e-51
 1.26437e-63
 2.68360e-20
 1.63464e-19
 9.33103e-19
 4.61314e-18
 1.79803e-17
 5.39438e-17
 1.16683e-16
 1.85247e-16
 2.31950e-16
 2.30270e-16
 1.77104e-16
 1.08686e-16
 5.39674e-17
 2.04073e-17
 5.65876e-18
 1.10030e-18
 1.42605e-19
 1.15959e-20
 5.51639e-22
 1.41768e-23
 1.79201e-25
 9.90500e-28
 2.04032e-30
 1.23568e-33
 1.49018e-37
 1.71151e-42
 3.19515e-49
 5.64967e-61
 7.14122e-19
 4.04145e-18
 2.13354e-17
 9.79802e-17
 3.59188e-16
 1.02492e-15
 2.17552e-15
 3.74228e-15
 5.05399e-15
 5.14124e-15
 3.71339e-15
 1.96024e-15
 9.14499e-16
 3.48867e-16
 9.81174e-17
 1.94797e-17
 2.60285e-18
 2.20967e-19
 1.11438e-20
 3.09142e-22
 4.30845e-24
 2.69261e-26
 6.46918e-29
 4.75878e-32
 7.38208e-36
 1.19535e-40
 3.76938e-47
 2.03779e-58
 1.41013e-17
 7.52597e-17
 3.72838e-16
 1.61197e-15
 6.53433e-15
 2.02602e-14
 4.38277e-14
 6.94289e-14
 8.70714e-14
 8.78703e-14
 6.67541e-14
 3.87669e-14
 1.87262e-14
 6.44583e-15
 1.41085e-15
 2.86180e-16
 3.94244e-17
 3.49295e-18
 1.86615e-19
 5.58303e-21
 8.57041e-23
 6.05049e-25
 1.69418e-27
 1.51283e-30
 3.01766e-34
 6.88828e-39
 3.66935e-45
 6.06678e-56
 2.11206e-16
 1.07741e-15
 5.69250e-15
 2.62559e-14
 9.40426e-14
 2.62676e-13
 5.43209e-13
 8.42466e-13
 1.04589e-12
 1.05838e-12
 8.12716e-13
 4.80077e-13
 2.39449e-13
 9.10962e-14
 2.50292e-14
 4.63558e-15
 5.03423e-16
 4.65497e-17
 2.63385e-18
 8.49361e-20
 1.43524e-21
 1.14390e-23
 3.73105e-26
 4.04292e-29
 1.03682e-32
 3.33642e-37
 3.00304e-43
 1.51905e-53
 2.43805e-15
 1.40822e-14
 6.92340e-14
 2.86026e-13
 9.63583e-13
 2.61386e-12
 5.35114e-12
 8.28214e-12
 1.02955e-11
 1.05124e-11
 8.15757e-12
 4.85343e-12
 2.45314e-12
 9.59028e-13
 2.78828e-13
 5.72214e-14
 7.55402e-15
 5.29966e-16
 3.17624e-17
 1.10398e-18
 2.05305e-20
 1.84684e-22
 7.01557e-25
 9.22416e-28
 3.04149e-31
 1.38006e-35
 2.09962e-41
 3.25091e-51
 2.60380e-14
 1.33288e-13
 6.04665e-13
 2.39178e-12
 7.88902e-12
 2.12241e-11
 4.36234e-11
 6.80165e-11
 8.52034e-11
 8.82852e-11
 6.96185e-11
 4.18815e-11
 2.14306e-11
 8.52811e-12
 2.54019e-12
 5.44472e-13
 7.99427e-14
 7.18068e-15
 3.31020e-16
 1.24057e-17
 2.53962e-19
 2.57886e-21
 1.14109e-23
 1.82084e-26
 7.72181e-30
 4.94246e-34
 1.27169e-39
 6.03055e-49
 1.18405e-44
 1.37730e-42
 1.51876e-40
 7.35490e-39
 1.47902e-37
 1.60308e-36
 1.01314e-35
 3.72825e-35
 8.55759e-35
 1.36951e-34
 1.50991e-34
 1.16011e-34
 6.45526e-35
 2.50327e-35
 6.43218e-36
 1.03710e-36
 9.82106e-38
 5.06761e-39
 1.31174e-40
 1.55103e-42
 7.48028e-45
 1.26866e-47
 6.13591e-51
 6.14054e-55
 7.40512e-60
 3.77875e-66
 6.24922e-75
 4.74566e-91
 1.58598e-39
 6.03061e-38
 2.18638e-36
 5.29177e-35
 7.09613e-34
 5.78536e-33
 2.95353e-32
 9.22319e-32
 1.86764e-31
 2.71967e-31
 2.79293e-31
 2.03125e-31
 1.09556e-31
 4.18884e-32
 1.08051e-32
 1.78122e-33
 1.75683e-34
 9.61756e-36
 2.68996e-37
 3.50153e-39
 1.89677e-41
 3.69768e-44
 2.11495e-47
 2.59910e-51
 4.06427e-56
 2.93891e-62
 8.22769e-71
 1.91007e-86
 9.07082e-36
 2.03541e-34
 4.36022e-33
 6.98617e-32
 7.01904e-31
 4.59454e-30
 1.97752e-29
 5.35244e-29
 9.71184e-29
 1.30694e-28
 1.26413e-28
 8.76907e-29
 4.61957e-29
 1.74770e-29
 4.53171e-30
 7.63400e-31
 7.82824e-32
 4.53534e-33
 1.36695e-34
 1.95377e-36
 1.18595e-38
 2.65206e-41
 1.79082e-44
 2.69887e-48
 5.46684e-53
 5.59801e-59
 2.65211e-67
 1.88205e-82
 1.16279e-32
 1.84180e-31
 2.78387e-30
 3.32319e-29
 2.67027e-28
 1.46355e-27
 5.48039e-27
 1.30790e-26
 2.15749e-26
 2.71745e-26
 2.49968e-26
 1.66740e-26
 8.62786e-27
 3.23994e-27
 8.45496e-28
 1.45480e-28
 1.54838e-29
 9.47077e-31
 3.06783e-32
 4.80191e-34
 3.25837e-36
 8.34084e-39
 6.63772e-42
 1.22504e-45
 3.21105e-50
 4.65304e-56
 3.72914e-64
 8.08885e-79
 5.59417e-30
 6.84691e-29
 7.98533e-28
 7.59407e-27
 5.09252e-26
 2.40591e-25
 7.98180e-25
 1.71708e-24
 2.61508e-24
 3.10944e-24
 2.74234e-24
 1.77445e-24
 9.05335e-25
 3.38396e-25
 8.89726e-26
 1.56305e-26
 1.72398e-27
 1.11073e-28
 3.85679e-30
 6.59397e-32
 4.98983e-34
 1.45908e-36
 1.36604e-39
 3.08312e-43
 1.04466e-47
 2.14070e-53
 2.90128e-61
 1.92343e-75
 1.30018e-27
 1.30069e-26
 1.23715e-25
 9.79768e-25
 5.65597e-24
 2.35567e-23
 7.01636e-23
 1.38639e-22
 1.98061e-22
 2.23794e-22
 1.90385e-22
 1.20599e-22
 6.08268e-23
 2.26876e-23
 6.01629e-24
 1.07878e-24
 1.23131e-25
 8.33858e-27
 3.09607e-28
 5.76745e-30
 4.85580e-32
 1.61861e-34
 1.77973e-37
 4.90542e-41
 2.14636e-45
 6.21561e-51
 1.42410e-58
 2.88546e-72
 1.69479e-25
 1.44116e-24
 1.16183e-23
 7.91368e-23
 4.03076e-22
 1.50983e-21
 4.07388e-21
 7.49885e-21
 1.02191e-20
 1.10461e-20
 9.09250e-21
 5.68466e-21
 2.84250e-21
 1.06043e-21
 2.83904e-22
 5.19477e-23
 6.12845e-24
 4.35406e-25
 1.72475e-26
 3.49244e-28
 3.26421e-30
 1.23791e-32
 1.59591e-35
 5.36479e-39
 3.02829e-43
 1.23852e-48
 4.79573e-56
 2.96968e-69
 1.36546e-23
 1.01637e-22
 7.14766e-22
 4.29314e-21
 1.96938e-20
 6.76513e-20
 1.66758e-19
 2.89052e-19
 3.80339e-19
 3.96458e-19
 3.17197e-19
 1.96644e-19
 9.78023e-20
 3.65736e-20
 9.89591e-21
 1.84758e-21
 2.25060e-22
 1.67471e-23
 7.06316e-25
 1.55130e-26
 1.60628e-28
 6.91773e-31
 1.04403e-33
 4.27505e-37
 3.11038e-41
 1.79554e-46
 1.17472e-53
 2.22320e-66
 7.26802e-22
 4.84631e-21
 3.04125e-20
 1.64311e-19
 6.89808e-19
 2.20106e-18
 5.04344e-18
 8.32460e-18
 1.06524e-17
 1.07945e-17
 8.44323e-18
 5.20370e-18
 2.58220e-18
 9.69991e-19
 2.65536e-19
 5.05876e-20
 6.35797e-21
 4.94830e-22
 2.21807e-23
 5.27395e-25
 6.03852e-27
 2.94833e-29
 5.20166e-32
 2.59162e-35
 2.42840e-39
 1.97773e-44
 2.18582e-51
 1.26437e-63
 2.68360e-20
 1.63464e-19
 9.33103e-19
 4.61314e-18
 1.79803e-17
 5.39438e-17
 1.16683e-16
 1.85247e-16
 2.31950e-16
 2.30270e-16
 1.77104e-16
 1.08686e-16
 5.39674e-17
 2.04073e-17
 5.65876e-18
 1.10030e-18
 1.42605e-19
 1.15959e-20
 5.51639e-22
 1.41768e-23
 1.79201e-25
 9.90500e-28
 2.04032e-30
 1.23568e-33
 1.49018e-37
 1.71151e-42
 3.19515e-49
 5.64967e-61
 7.14122e-19
 4.04145e-18
 2.13354e-17
 9.79802e-17
 3.59188e-16
 1.02492e-15
 2.17552e-15
 3.74228e-15
 5.05399e-15
 5.14124e-15
 3.71339e-15
 1.96024e-15
 9.14499e-16
 3.48867e-16
 9.81174e-17
 1.94797e-17
 2.60285e-18
 2.20967e-19
 1.11438e-20
 3.09142e-22
 4.30845e-24
 2.69261e-26
 6.46918e-29
 4.75878e-32
 7.38208e-36
 1.19535e-40
 3.76938e-47
 2.03779e-58
 1.41013e-17
 7.52597e-17
 3.72838e-16
 1.61197e-15
 6.53433e-15
 2.02602e-14
 4.38277e-14
 6.94289e-14
 8.70714e-14
 8.78703e-14
 6.67541e-14
 3.87669e-14
 1.87262e-14
 6.44583e-15
 1.41085e-15
 2.86180e-16
 3.94244e-17
 3.49295e-18
 1.86615e-19
 5.58303e-21
 8.57041e-23
 6.05049e-25
 1.69418e-27
 1.51283e-30
 3.01766e-34
 6.88828e-39
 3.66935e-45
 6.06678e-56
 2.11206e-16
 1.07741e-15
 5.69250e-15
 2.62559e-14
 9.40426e-14
 2.62676e-13
 5.43209e-13
 8.42466e-13
 1.04589e-12
 1.05838e-12
 8.12716e-13
 4.80077e-13
 2.39449e-13
 9.10962e-14
 2.50292e-14
 4.63558e-15
 5.03423e-16
 4.65497e-17
 2.63385e-18
 8.49361e-20
 1.43524e-21
 1.14390e-23
 3.73105e-26
 4.04292e-29
 1.03682e-32
 3.33642e-37
 3.00304e-43
 1.51905e-53
 2.43805e-15
 1.40822e-14
 6.92340e-14
 2.86026e-13
 9.63583e-13
 2.61386e-12
 5.35114e-12
 8.28214e-12
 1.02955e-11
 1.05124e-11
 8.15757e-12
 4.85343e-12
 2.45314e-12
 9.59028e-13
 2.78828e-13
 5.72214e-14
 7.55402e-15
 5.29966e-16
 3.17624e-17
 1.10398e-18
 2.05305e-20
 1.84684e-22
 7.01557e-25
 9.22416e-28
 3.04149e-31
 1.38006e-35
 2.09962e-41
 3.25091e-51
 2.60380e-14
 1.33288e-13
 6.04665e-13
 2.39178e-12
 7.88902e-12
 2.12241e-11
 4.36234e-11
 6.80165e-11
 8.52034e-11
 8.82852e-11
 6.96185e-11
 4.18815e-11
 2.14306e-11
 8.52811e-12
 2.54019e-12
 5.44472e-13
 7.99427e-14
 7.18068e-15
 3.31020e-16
 1.24057e-17
 2.53962e-19
 2.57886e-21
 1.14109e-23
 1.82084e-26
 7.72181e-30
 4.94246e-34
 1.27169e-39
 6.03055e-49
part
         3
coordinates
 2.91362e-53
 7.43145e-50
 4.72453e-47
 1.33446e-44
 2.12445e-42
 2.17343e-40
 1.55333e-38
 8.21813e-37
 3.35882e-35
 1.09573e-33
 2.92793e-32
 6.54415e-31
 1.24481e-29
 2.04461e-28
 2.93589e-27
 3.72471e-26
 4.21369e-25
 4.28489e-24
 3.94456e-23
 3.30796e-22
 2.54128e-21
 1.79741e-20
 1.17570e-19
 7.14122e-19
 4.04145e-18
 2.13354e-17
 9.79802e-17
 3.59188e-16
 1.54611e-51
 3.72629e-48
 2.24443e-45
 6.02193e-43
 9.12976e-41
 8.91648e-39
 6.09715e-37
 3.09274e-35
 1.21412e-33
 3.81035e-32
 9.80767e-31
 2.11366e-29
 3.87925e-28
 6.14987e-27
 8.52307e-26
 1.04324e-24
 1.13778e-23
 1.11413e-22
 9.86096e-22
 7.93493e-21
 5.83496e-20
 3.93885e-19
 2.45058e-18
 1.41013e-17
 7.52597e-17
 3.72838e-16
 1.61197e-15
 6.53433e-15
 4.45296e-50
 1.02998e-46
 5.96935e-44
 1.54500e-41
 2.26511e-39
 2.14420e-37
 1.42421e-35
 7.03092e-34
 2.69088e-32
 8.24513e-31
 2.07450e-29
 4.37401e-28
 7.85854e-27
 1.21988e-25
 1.65523e-24
 1.98272e-23
 2.11441e-22
 2.02207e-21
 1.74502e-20
 1.36633e-19
 9.75204e-19
 6.37049e-18
 3.82197e-17
 2.11206e-16
 1.07741e-15
 5.69250e-15
 2.62559e-14
 9.40426e-14
 7.29174e-49
 1.64379e-45
 9.30587e-43
 2.35795e-40
 3.39153e-38
 3.15607e-36
 2.06461e-34
 1.00552e-32
 3.80218e-31
 1.15251e-29
 2.87148e-28
 5.99997e-27
 1.06878e-25
 1.64519e-24
 2.21331e-23
 2.62733e-22
 2.77426e-21
 2.62376e-20
 2.23561e-19
 1.72476e-18
 1.20993e-17
 7.74507e-17
 4.53720e-16
 2.43805e-15
 1.40822e-14
 6.92340e-14
 2.86026e-13
 9.63583e-13
 7.05334e-48
 1.57426e-44
 8.83726e-42
 2.22376e-39
 3.18120e-37
 2.94856e-35
 1.92380e-33
 9.35643e-32
 3.53702e-30
 1.07288e-28
 2.67709e-27
 5.60540e-26
 1.00093e-24
 1.54467e-23
 2.08304e-22
 2.47744e-21
 2.61892e-20
 2.47680e-19
 2.10712e-18
 1.61996e-17
 1.12972e-16
 7.16822e-16
 4.45046e-15
 2.60380e-14
 1.33288e-13
 6.04665e-13
 2.39178e-12
 7.88902e-12
 4.16415e-47
 9.35401e-44
 5.28624e-41
 1.33965e-38
 1.93101e-36
 1.80439e-34
 1.18759e-32
 5.83010e-31
 2.22598e-29
 6.82336e-28
 1.72140e-26
 3.64558e-25
 6.58589e-24
 1.02833e-22
 1.40290e-21
 1.68736e-20
 1.80272e-19
 1.72141e-18
 1.47673e-17
 1.14285e-16
 8.00555e-16
 5.48814e-15
 3.48340e-14
 1.91613e-13
 9.36515e-13
 4.13829e-12
 1.60984e-11
 5.27672e-11
 1.54403e-46
 3.55161e-43
 2.05196e-40
 5.30966e-38
 7.80737e-36
 7.43731e-34
 4.98811e-32
 2.49474e-30
 9.70327e-29
 3.03008e-27
 7.78824e-26
 1.68066e-24
 3.09410e-23
 4.92362e-22
 6.84540e-21
 8.38924e-20
 9.12898e-19
 8.87331e-18
 7.74113e-17
 6.08454e-16
 4.49795e-15
 3.22120e-14
 1.97000e-13
 1.06167e-12
 5.15717e-12
 2.26544e-11
 8.77990e-11
 2.89275e-10
 3.69017e-46
 8.84839e-43
 5.30468e-40
 1.42082e-37
 2.15660e-35
 2.11604e-33
 1.45930e-31
 7.49505e-30
 2.99083e-28
 9.57553e-27
 2.52230e-25
 5.57675e-24
 1.05181e-22
 1.71470e-21
 2.44243e-20
 3.06675e-19
 3.41898e-18
 3.40409e-17
 3.04084e-16
 2.44563e-15
 1.98179e-14
 1.38518e-13
 8.40693e-13
 4.57197e-12
 2.24351e-11
 9.91735e-11
 3.87292e-10
 1.29700e-09
 5.89722e-46
 1.50688e-42
 9.53398e-40
 2.66752e-37
 4.20416e-35
 4.26728e-33
 3.03890e-31
 1.61101e-29
 6.63448e-28
 2.18879e-26
 5.93423e-25
 1.34938e-23
 2.61618e-22
 4.38334e-21
 6.41694e-20
 8.28235e-19
 9.49436e-18
 9.72326e-17
 8.93661e-16
 7.68289e-15
 6.35749e-14
 4.44139e-13
 2.74642e-12
 1.52918e-11
 7.66951e-11
 3.45236e-10
 1.37494e-09
 4.73489e-09
 6.20787e-46
 1.72755e-42
 1.18107e-39
 3.55121e-37
 5.97335e-35
 6.42260e-33
 4.80517e-31
 2.65220e-29
 1.12678e-27
 3.80597e-26
 1.05327e-24
 2.44467e-23
 4.84388e-22
 8.31055e-21
 1.24865e-19
 1.65759e-18
 1.95613e-17
 2.06390e-16
 1.95626e-15
 1.80405e-14
 1.49676e-13
 1.06858e-12
 6.82502e-12
 3.93284e-11
 2.04037e-10
 9.48379e-10
 3.90535e-09
 1.39988e-08
 4.18868e-46
 1.30385e-42
 9.82272e-40
 3.21293e-37
 5.81033e-35
 6.64760e-33
 5.24709e-31
 3.03726e-29
 1.35056e-27
 4.79189e-26
 1.39238e-24
 3.38170e-23
 6.98377e-22
 1.24340e-20
 1.92993e-19
 2.63539e-18
 3.19041e-17
 3.44639e-16
 3.33968e-15
 3.19921e-14
 2.67015e-13
 1.94927e-12
 1.28650e-11
 7.71915e-11
 4.19867e-10
 2.05631e-09
 8.92767e-09
 3.36478e-08
 1.72233e-46
 6.19855e-43
 5.27511e-40
 1.91031e-37
 3.77391e-35
 4.66663e-33
 3.94716e-31
 2.43606e-29
 1.15306e-27
 4.33868e-26
 1.32684e-24
 3.36421e-23
 7.19796e-22
 1.31878e-20
 2.09519e-19
 2.91856e-18
 3.60203e-17
 3.97351e-16
 3.94864e-15
 3.88854e-14
 3.36755e-13
 2.56617e-12
 1.77520e-11
 1.12061e-10
 6.43803e-10
 3.34619e-09
 1.56496e-08
 6.47009e-08
 3.83109e-47
 1.68161e-43
 1.70559e-40
 7.19960e-38
 1.61988e-35
 2.24074e-33
 2.09210e-31
 1.40713e-29
 7.13940e-28
 2.82208e-26
 8.96359e-25
 2.34494e-23
 5.14878e-22
 9.64121e-21
 1.56180e-19
 2.21905e-18
 2.79933e-17
 3.16706e-16
 3.24026e-15
 3.21385e-14
 2.91414e-13
 2.30472e-12
 1.65975e-11
 1.10327e-10
 6.78556e-10
 3.84376e-09
 2.00074e-08
 9.45463e-08
 4.20815e-48
 2.42777e-44
 3.04382e-41
 1.53332e-38
 4.03151e-36
 6.42536e-34
 6.84477e-32
 5.15569e-30
 2.85195e-28
 1.20649e-26
 4.05437e-25
 1.11138e-23
 2.53850e-22
 4.92199e-21
 8.23806e-20
 1.20719e-18
 1.56574e-17
 1.81183e-16
 1.88062e-15
 1.80717e-14
 1.66512e-13
 1.33582e-12
 9.82494e-12
 6.81653e-11
 4.52199e-10
 2.89597e-09
 1.79668e-08
 1.04965e-07
 2.18560e-49
 1.88158e-45
 3.13485e-42
 1.96997e-39
 6.20129e-37
 1.14626e-34
 1.37394e-32
 1.13709e-30
 6.82792e-29
 3.10862e-27
 1.11345e-25
 3.22619e-24
 7.74703e-23
 1.57651e-21
 2.76832e-20
 4.22527e-19
 5.63440e-18
 6.59921e-17
 6.82370e-16
 6.28817e-15
 5.62700e-14
 4.56024e-13
 3.35035e-12
 2.33270e-11
 1.62264e-10
 1.23598e-09
 1.07734e-08
 9.36118e-08
 4.30044e-51
 7.37528e-47
 1.84320e-43
 1.54559e-40
 6.07629e-38
 1.34147e-35
 1.85650e-33
 1.72918e-31
 1.14753e-29
 5.69042e-28
 2.19057e-26
 6.74533e-25
 1.70534e-23
 3.62105e-22
 6.55154e-21
 1.01379e-19
 1.34884e-18
 1.55200e-17
 1.55703e-16
 1.37815e-15
 1.08796e-14
 8.25168e-14
 5.41799e-13
 3.18513e-12
 2.02026e-11
 2.16682e-10
 5.02918e-09
 8.63917e-08
 3.62873e-53
 1.84349e-48
 7.71388e-45
 9.10528e-42
 4.61523e-39
 1.24364e-36
 2.02093e-34
 2.14618e-32
 1.58856e-30
 8.63180e-29
 3.58505e-27
 1.17543e-25
 3.12807e-24
 6.91321e-23
 1.28288e-21
 2.00353e-20
 2.64883e-19
 2.98632e-18
 2.89976e-17
 2.44823e-16
 1.79985e-15
 1.14081e-14
 6.50411e-14
 3.02718e-13
 9.94368e-13
 3.31499e-11
 5.78903e-09
 1.15855e-07
 2.91362e-53
 7.43145e-50
 4.72453e-47
 1.33446e-44
 2.12445e-42
 2.17343e-40
 1.55333e-38
 8.21813e-37
 3.35882e-35
 1.09573e-33
 2.92793e-32
 6.54415e-31
 1.24481e-29
 2.04461e-28
 2.93589e-27
 3.72471e-26
 4.21369e-25
 4.28489e-24
 3.94456e-23
 3.30796e-22
 2.54128e-21
 1.79741e-20
 1.17570e-19
 7.14122e-19
 4.04145e-18
 2.13354e-17
 9.79802e-17
 3.59188e-16
 1.54611e-51
 3.72629e-48
 2.24443e-45
 6.02193e-43
 9.12976e-41
 8.91648e-39
 6.09715e-37
 3.09274e-35
 1.21412e-33
 3.81035e-32
 9.80767e-31
 2.11366e-29
 3.87925e-28
 6.14987e-27
 8.52307e-26
 1.04324e-24
 1.13778e-23
 1.11413e-22
 9.86096e-22
 7.93493e-21
 5.83496e-20
 3.93885e-19
 2.45058e-18
 1.41013e-17
 7.52597e-17
 3.72838e-16
 1.61197e-15
 6.53433e-15
 4.45296e-50
 1.02998e-46
 5.96935e-44
 1.54500e-41
 2.26511e-39
 2.14420e-37
 1.42421e-35
 7.03092e-34
 2.69088e-32
 8.24513e-31
 2.07450e-29
 4.37401e-28
 7.85854e-27
 1.21988e-25
 1.65523e-24
 1.98272e-23
 2.11441e-22
 2.02207e-21
 1.74502e-20
 1.36633e-19
 9.75204e-19
 6.37049e-18
 3.82197e-17
 2.11206e-16
 1.07741e-15
 5.69250e-15
 2.62559e-14
 9.40426e-14
 7.29174e-49
 1.64379e-45
 9.30587e-43
 2.35795e-40
 3.39153e-38
 3.15607e-36
 2.06461e-34
 1.00552e-32
 3.80218e-31
 1.15251e-29
 2.87148e-28
 5.99997e-27
 1.06878e-25
 1.64519e-24
 2.21331e-23
 2.62733e-22
 2.77426e-21
 2.62376e-20
 2.23561e-19
 1.72476e-18
 1.20993e-17
 7.74507e-17
 4.53720e-16
 2.43805e-15
 1.40822e-14
 6.92340e-14
 2.86026e-13
 9.63583e-13
 7.05334e-48
 1.57426e-44
 8.83726e-42
 2.22376e-39
 3.18120e-37
 2.94856e-35
 1.92380e-33
 9.35643e-32
 3.53702e-30
 1.07288e-28
 2.67709e-27
 5.60540e-26
 1.00093e-24
 1.54467e-23
 2.08304e-22
 2.47744e-21
 2.61892e-20
 2.47680e-19
 2.10712e-18
 1.61996e-17
 1.12972e-16
 7.16822e-16
 4.45046e-15
 2.60380e-14
 1.33288e-13
 6.04665e-13
 2.39178e-12
 7.88902e-12
 4.16415e-47
 9.35401e-44
 5.28624e-41
 1.33965e-38
 1.93101e-36
 1.80439e-34
 1.18759e-32
 5.83010e-31
 2.22598e-29
 6.82336e-28
 1.72140e-26
 3.64558e-25
 6.58589e-24
 1.02833e-22
 1.40290e-21
 1.68736e-20
 1.80272e-19
 1.72141e-18
 1.47673e-17
 1.14285e-16
 8.00555e-16
 5.48814e-15
 3.48340e-14
 1.91613e-13
 9.36515e-13
 4.13829e-12
 1.60984e-11
 5.27672e-11
 1.54403e-46
 3.55161e-43
 2.05196e-40
 5.30966e-38
 7.80737e-36
 7.43731e-34
 4.98811e-32
 2.49474e-30
 9.70327e-29
 3.03008e-27
 7.78824e-26
 1.68066e-24
 3.09410e-23
 4.92362e-22
 6.84540e-21
 8.38924e-20
 9.12898e-19
 8.87331e-18
 7.74113e-17
 6.08454e-16
 4.49795e-15
 3.22120e-14
 1.97000e-13
 1.06167e-12
 5.15717e-12
 2.26544e-11
 8.77990e-11
 2.89275e-10
 3.69017e-46
 8.84839e-43
 5.30468e-40
 1.42082e-37
 2.15660e-35
 2.11604e-33
 1.45930e-31
 7.49505e-30
 2.99083e-28
 9.57553e-27
 2.52230e-25
 5.57675e-24
 1.05181e-22
 1.71470e-21
 2.44243e-20
 3.06675e-19
 3.41898e-18
 3.40409e-17
 3.04084e-16
 2.44563e-15
 1.98179e-14
 1.38518e-13
 8.40693e-13
 4.57197e-12
 2.24351e-11
 9.91735e-11
 3.87292e-10
 1.29700e-09
 5.89722e-46
 1.50688e-42
 9.53398e-40
 2.66752e-37
 4.20416e-35
 4.26728e-33
 3.03890e-31
 1.61101e-29
 6.63448e-28
 2.18879e-26
 5.93423e-25
 1.34938e-23
 2.61618e-22
 4.38334e-21
 6.41694e-20
 8.28235e-19
 9.49436e-18
 9.72326e-17
 8.93661e-16
 7.68289e-15
 6.35749e-14
 4.44139e-13
 2.74642e-12
 1.52918e-11
 7.66951e-11
 3.45236e-10
 1.37494e-09
 4.73489e-09
 6.20787e-46
 1.72755e-42
 1.18107e-39
 3.55121e-37
 5.97335e-35
 6.42260e-33
 4.80517e-31
 2.65220e-29
 1.12678e-27
 3.80597e-26
 1.05327e-24
 2.44467e-23
 4.84388e-22
 8.31055e-21
 1.24865e-19
 1.65759e-18
 1.95613e-17
 2.06390e-16
 1.95626e-15
 1.80405e-14
 1.49676e-13
 1.06858e-12
 6.82502e-12
 3.93284e-11
 2.04037e-10
 9.48379e-10
 3.90535e-09
 1.39988e-08
 4.18868e-46
 1.30385e-42
 9.82272e-40
 3.21293e-37
 5.81033e-35
 6.64760e-33
 5.24709e-31
 3.03726e-29
 1.35056e-27
 4.79189e-26
 1.39238e-24
 3.38170e-23
 6.98377e-22
 1.24340e-20
 1.92993e-19
 2.63539e-18
 3.19041e-17
 3.44639e-16
 3.33968e-15
 3.19921e-14
 2.67015e-13
 1.94927e-12
 1.28650e-11
 7.71915e-11
 4.19867e-10
 2.05631e-09
 8.92767e-09
 3.36478e-08
 1.72233e-46
 6.19855e-43
 5.27511e-40
 1.91031e-37
 3.77391e-35
 4.66663e-33
 3.94716e-31
 2.43606e-29
 1.15306e-27
 4.33868e-26
 1.32684e-24
 3.36421e-23
 7.19796e-22
 1.31878e-20
 2.09519e-19
 2.91856e-18
 3.60203e-17
 3.97351e-16
 3.94864e-15
 3.88854e-14
 3.36755e-13
 2.56617e-12
 1.77520e-11
 1.12061e-10
 6.43803e-10
 3.34619e-09
 1.56496e-08
 6.47009e-08
 3.83109e-47
 1.68161e-43
 1.70559e-40
 7.19960e-38
 1.61988e-35
 2.24074e-33
 2.09210e-31
 1.40713e-29
 7.13940e-28
 2.82208e-26
 8.96359e-25
 2.34494e-23
 5.14878e-22
 9.64121e-21
 1.56180e-19
 2.21905e-18
 2.79933e-17
 3.16706e-16
 3.24026e-15
 3.21385e-14
 2.91414e-13
 2.30472e-12
 1.65975e-11
 1.10327e-10
 6.78556e-10
 3.84376e-09
 2.00074e-08
 9.45463e-08
 4.20815e-48
 2.42777e-44
 3.04382e-41
 1.53332e-38
 4.03151e-36
 6.42536e-34
 6.84477e-32
 5.15569e-30
 2.85195e-28
 1.20649e-26
 4.05437e-25
 1.11138e-23
 2.53850e-22
 4.92199e-21
 8.23806e-20
 1.20719e-18
 1.56574e-17
 1.81183e-16
 1.88062e-15
 1.80717e-14
 1.66512e-13
 1.33582e-12
 9.82494e-12
 6.81653e-11
 4.52199e-10
 2.89597e-09
 1.79668e-08
 1.04965e-07
 2.18560e-49
 1.88158e-45
 3.13485e-42
 1.96997e-39
 6.20129e-37
 1.14626e-34
 1.37394e-32
 1.13709e-30
 6.82792e-29
 3.10862e-27
 1.11345e-25
 3.22619e-24
 7.74703e-23
 1.57651e-21
 2.76832e-20
 4.22527e-19
 5.63440e-18
 6.59921e-17
 6.82370e-16
 6.28817e-15
 5.62700e-14
 4.56024e-13
 3.35035e-12
 2.33270e-11
 1.62264e-10
 1.23598e-09
 1.07734e-08
 9.36118e-08
 4.30044e-51
 7.37528e-47
 1.84320e-43
 1.54559e-40
 6.07629e-38
 1.34147e-35
 1.85650e-33
 1.72918e-31
 1.14753e-29
 5.69042e-28
 2.19057e-26
 6.74533e-25
 1.70534e-23
 3.62105e-22
 6.55154e-21
 1.01379e-19
 1.34884e-18
 1.55200e-17
 1.55703e-16
 1.37815e-15
 1.08796e-14
 8.25168e-14
 5.41799e-13
 3.18513e-12
 2.02026e-11
 2.16682e-10
 5.02918e-09
 8.63917e-08
 3.62873e-53
 1.84349e-48
 7.71388e-45
 9.10528e-42
 4.61523e-39
 1.24364e-36
 2.02093e-34
 2.14618e-32
 1.58856e-30
 8.63180e-29
 3.58505e-27
 1.17543e-25
 3.12807e-24
 6.91321e-23
 1.28288e-21
 2.00353e-20
 2.64883e-19
 2.98632e-18
 2.89976e-17
 2.44823e-16
 1.79985e-15
 1.14081e-14
 6.50411e-14
 3.02718e-13
 9.94368e-13
 3.31499e-11
 5.78903e-09
 1.15855e-07
part
         4
coordinates
 7.14122e-19
 4.04145e-18
 2.13354e-17
 9.79802e-17
 3.59188e-16
 1.02492e-15
 2.17552e-15
 3.74228e-15
 5.05399e-15
 5.14124e-15
 3.71339e-15
 1.96024e-15
 9.14499e-16
 3.48867e-16
 9.81174e-17
 1.94797e-17
 2.60285e-18
 2.20967e-19
 1.11438e-20
 3.09142e-22
 4.30845e-24
 2.69261e-26
 6.46918e-29
 4.75878e-32
 7.38208e-36
 1.19535e-40
 3.76938e-47
 2.03779e-58
 1.41013e-17
 7.52597e-17
 3.72838e-16
 1.61197e-15
 6.53433e-15
 2.02602e-14
 4.38277e-14
 6.94289e-14
 8.70714e-14
 8.78703e-14
 6.67541e-14
 3.87669e-14
 1.87262e-14
 6.44583e-15
 1.41085e-15
 2.86180e-16
 3.94244e-17
 3.49295e-18
 1.86615e-19
 5.58303e-21
 8.57041e-23
 6.05049e-25
 1.69418e-27
 1.51283e-30
 3.01766e-34
 6.88828e-39
 3.66935e-45
 6.06678e-56
 2.11206e-16
 1.07741e-15
 5.69250e-15
 2.62559e-14
 9.40426e-14
 2.62676e-13
 5.43209e-13
 8.42466e-13
 1.04589e-12
 1.05838e-12
 8.12716e-13
 4.80077e-13
 2.39449e-13
 9.10962e-14
 2.50292e-14
 4.63558e-15
 5.03423e-16
 4.65497e-17
 2.63385e-18
 8.49361e-20
 1.43524e-21
 1.14390e-23
 3.73105e-26
 4.04292e-29
 1.03682e-32
 3.33642e-37
 3.00304e-43
 1.51905e-53
 2.43805e-15
 1.40822e-14
 6.92340e-14
 2.86026e-13
 9.63583e-13
 2.61386e-12
 5.35114e-12
 8.28214e-12
 1.02955e-11
 1.05124e-11
 8.15757e-12
 4.85343e-12
 2.45314e-12
 9.59028e-13
 2.78828e-13
 5.72214e-14
 7.55402e-15
 5.29966e-16
 3.17624e-17
 1.10398e-18
 2.05305e-20
 1.84684e-22
 7.01557e-25
 9.22416e-28
 3.04149e-31
 1.38006e-35
 2.09962e-41
 3.25091e-51
 2.60380e-14
 1.33288e-13
 6.04665e-13
 2.39178e-12
 7.88902e-12
 2.12241e-11
 4.36234e-11
 6.80165e-11
 8.52034e-11
 8.82852e-11
 6.96185e-11
 4.18815e-11
 2.14306e-11
 8.52811e-12
 2.54019e-12
 5.44472e-13
 7.99427e-14
 7.18068e-15
 3.31020e-16
 1.24057e-17
 2.53962e-19
 2.57886e-21
 1.14109e-23
 1.82084e-26
 7.72181e-30
 4.94246e-34
 1.27169e-39
 6.03055e-49
 1.91613e-13
 9.36515e-13
 4.13829e-12
 1.60984e-11
 5.27672e-11
 1.42299e-10
 2.96559e-10
 4.69715e-10
 5.96466e-10
 6.30556e-10
 5.08900e-10
 3.11644e-10
 1.61688e-10
 6.56335e-11
 1.99976e-11
 4.40921e-12
 6.79864e-13
 6.90224e-14
 3.82952e-15
 1.21738e-16
 2.74528e-18
 3.14867e-20
 1.62368e-22
 3.14614e-25
 1.71697e-28
 1.55124e-32
 6.75480e-38
 9.81802e-47
 1.06167e-12
 5.15717e-12
 2.26544e-11
 8.77990e-11
 2.89275e-10
 7.91322e-10
 1.68677e-09
 2.73624e-09
 3.54400e-09
 3.83745e-09
 3.19639e-09
 2.01206e-09
 1.05941e-09
 4.40194e-10
 1.37551e-10
 3.11986e-11
 4.99143e-12
 5.41126e-13
 3.65073e-14
 1.05206e-15
 2.61670e-17
 3.39336e-19
 2.04124e-21
 4.80705e-24
 3.37897e-27
 4.31298e-31
 3.18123e-36
 1.41849e-44
 4.57197e-12
 2.24351e-11
 9.91735e-11
 3.87292e-10
 1.29700e-09
 3.64022e-09
 8.03236e-09
 1.34761e-08
 1.79108e-08
 1.99042e-08
 1.72514e-08
 1.12947e-08
 6.04816e-09
 2.58314e-09
 8.30805e-10
 1.94353e-10
 3.22721e-11
 3.68217e-12
 2.73211e-13
 1.14413e-14
 2.21624e-16
 3.25464e-18
 2.28696e-20
 6.55397e-23
 5.94092e-26
 1.07257e-29
 1.34156e-34
 1.83705e-42
 1.52918e-11
 7.66951e-11
 3.45236e-10
 1.37494e-09
 4.73489e-09
 1.37900e-08
 3.19412e-08
 5.60754e-08
 7.71332e-08
 8.81778e-08
 7.97959e-08
 5.48175e-08
 3.01268e-08
 1.32921e-08
 4.41998e-09
 1.07026e-09
 1.84895e-10
 2.22062e-11
 1.76835e-12
 8.67347e-14
 1.67892e-15
 2.79798e-17
 2.30095e-19
 8.03806e-22
 9.41074e-25
 2.40662e-28
 5.11145e-33
 2.15214e-40
 3.93284e-11
 2.04037e-10
 9.48379e-10
 3.90535e-09
 1.39988e-08
 4.27651e-08
 1.05587e-07
 1.96585e-07
 2.82556e-07
 3.33499e-07
 3.15578e-07
 2.28920e-07
 1.30831e-07
 6.00052e-08
 2.07430e-08
 5.22325e-09
 9.41830e-10
 1.19433e-10
 1.01878e-11
 5.53504e-13
 1.64657e-14
 2.16941e-16
 2.09294e-18
 8.93180e-21
 1.35328e-23
 4.91085e-27
 1.77396e-31
 2.29993e-38
 7.71915e-11
 4.19867e-10
 2.05631e-09
 8.92767e-09
 3.36478e-08
 1.08509e-07
 2.89225e-07
 5.77561e-07
 8.74149e-07
 1.07437e-06
 1.06620e-06
 8.19147e-07
 4.93920e-07
 2.37297e-07
 8.58342e-08
 2.26172e-08
 4.27404e-09
 5.74515e-10
 5.26690e-11
 3.13644e-12
 1.12718e-13
 1.52506e-15
 1.73126e-17
 9.05000e-20
 1.77875e-22
 9.17918e-26
 5.65025e-30
 2.25951e-36
 1.12061e-10
 6.43803e-10
 3.34619e-09
 1.56496e-08
 6.47009e-08
 2.26877e-07
 6.59705e-07
 1.41631e-06
 2.25414e-06
 2.83637e-06
 2.91461e-06
 2.41651e-06
 1.59264e-06
 8.17043e-07
 3.11943e-07
 8.68325e-08
 1.72938e-08
 2.47539e-09
 2.45099e-10
 1.60164e-11
 6.53365e-13
 1.35544e-14
 1.30901e-16
 8.40910e-19
 2.15026e-21
 1.58201e-24
 1.66311e-28
 2.05535e-34
 1.10327e-10
 6.78556e-10
 3.84376e-09
 2.00074e-08
 9.45463e-08
 3.82917e-07
 1.25246e-06
 2.81439e-06
 4.58169e-06
 5.87448e-06
 6.27851e-06
 5.63144e-06
 4.07456e-06
 2.30481e-06
 9.83724e-07
 2.94485e-07
 6.23717e-08
 9.55516e-09
 1.02800e-09
 7.40897e-11
 3.40879e-12
 9.17008e-14
 9.08610e-16
 7.20128e-18
 2.40396e-20
 2.52921e-23
 4.55273e-27
 1.74274e-32
 6.81653e-11
 4.52199e-10
 2.89597e-09
 1.79668e-08
 1.04965e-07
 5.23905e-07
 1.94356e-06
 4.49140e-06
 7.55898e-06
 1.00554e-05
 1.10685e-05
 1.05607e-05
 8.45094e-06
 5.30639e-06
 2.52445e-06
 8.68904e-07
 2.00137e-07
 3.30052e-08
 3.88566e-09
 3.10943e-10
 1.61810e-11
 5.15111e-13
 7.03913e-15
 5.70809e-17
 2.49783e-19
 3.77138e-22
 1.16593e-25
 1.38592e-30
 2.33270e-11
 1.62264e-10
 1.23598e-09
 1.07734e-08
 9.36118e-08
 6.13640e-07
 2.55837e-06
 6.06614e-06
 1.05292e-05
 1.42653e-05
 1.57129e-05
 1.54525e-05
 1.35947e-05
 9.86681e-06
 5.40565e-06
 2.09822e-06
 5.67542e-07
 1.01753e-07
 1.32153e-08
 1.18375e-09
 7.01394e-11
 2.61388e-12
 5.37506e-14
 4.20370e-16
 2.42335e-18
 5.27372e-21
 2.81088e-24
 1.04166e-28
 3.18513e-12
 2.02026e-11
 2.16682e-10
 5.02918e-09
 8.63917e-08
 7.05168e-07
 3.08685e-06
 7.36734e-06
 1.28379e-05
 1.72096e-05
 1.85847e-05
 1.83798e-05
 1.72980e-05
 1.44263e-05
 9.41361e-06
 4.30801e-06
 1.33603e-06
 2.78816e-07
 4.02552e-08
 4.07353e-09
 2.77068e-10
 1.21184e-11
 3.17277e-13
 2.86837e-15
 2.18654e-17
 6.86926e-20
 6.29678e-23
 7.15796e-27
 3.02718e-13
 9.94368e-13
 3.31499e-11
 5.78903e-09
 1.15855e-07
 9.01153e-07
 3.61633e-06
 8.36534e-06
 1.43306e-05
 1.86892e-05
 1.97151e-05
 1.95109e-05
 1.89919e-05
 1.73346e-05
 1.32667e-05
 7.30606e-06
 2.63665e-06
 6.54997e-07
 1.06225e-07
 1.21625e-08
 9.48078e-10
 4.83567e-11
 1.52635e-12
 2.37063e-14
 1.61124e-16
 6.95850e-19
 9.86691e-22
 2.31018e-25
 7.14122e-19
 4.04145e-18
 2.13354e-17
 9.79802e-17
 3.59188e-16
 1.02492e-15
 2.17552e-15
 3.74228e-15
 5.05399e-15
 5.14124e-15
 3.71339e-15
 1.96024e-15
 9.14499e-16
 3.48867e-16
 9.81174e-17
 1.94797e-17
 2.60285e-18
 2.20967e-19
 1.11438e-20
 3.09142e-22
 4.30845e-24
 2.69261e-26
 6.46918e-29
 4.75878e-32
 7.38208e-36
 1.19535e-40
 3.76938e-47
 2.03779e-58
 1.41013e-17
 7.52597e-17
 3.72838e-16
 1.61197e-15
 6.53433e-15
 2.02602e-14
 4.38277e-14
 6.94289e-14
 8.70714e-14
 8.78703e-14
 6.67541e-14
 3.87669e-14
 1.87262e-14
 6.44583e-15
 1.41085e-15
 2.86180e-16
 3.94244e-17
 3.49295e-18
 1.86615e-19
 5.58303e-21
 8.57041e-23
 6.05049e-25
 1.69418e-27
 1.51283e-30
 3.01766e-34
 6.88828e-39
 3.66935e-45
 6.06678e-56
 2.11206e-16
 1.07741e-15
 5.69250e-15
 2.62559e-14
 9.40426e-14
 2.62676e-13
 5.43209e-13
 8.42466e-13
 1.04589e-12
 1.05838e-12
 8.12716e-13
 4.80077e-13
 2.39449e-13
 9.10962e-14
 2.50292e-14
 4.63558e-15
 5.03423e-16
 4.65497e-17
 2.63385e-18
 8.49361e-20
 1.43524e-21
 1.14390e-23
 3.73105e-26
 4.04292e-29
 1.03682e-32
 3.33642e-37
 3.00304e-43
 1.51905e-53
 2.43805e-15
 1.40822e-14
 6.92340e-14
 2.86026e-13
 9.63583e-13
 2.61386e-12
 5.35114e-12
 8.28214e-12
 1.02955e-11
 1.05124e-11
 8.15757e-12
 4.85343e-12
 2.45314e-12
 9.59028e-13
 2.78828e-13
 5.72214e-14
 7.55402e-15
 5.29966e-16
 3.17624e-17
 1.10398e-18
 2.05305e-20
 1.84684e-22
 7.01557e-25
 9.22416e-28
 3.04149e-31
 1.38006e-35
 2.09962e-41
 3.25091e-51
 2.60380e-14
 1.33288e-13
 6.04665e-13
 2.39178e-12
 7.88902e-12
 2.12241e-11
 4.36234e-11
 6.80165e-11
 8.52034e-11
 8.82852e-11
 6.96185e-11
 4.18815e-11
 2.14306e-11
 8.52811e-12
 2.54019e-12
 5.44472e-13
 7.99427e-14
 7.18068e-15
 3.31020e-16
 1.24057e-17
 2.53962e-19
 2.57886e-21
 1.14109e-23
 1.82084e-26
 7.72181e-30
 4.94246e-34
 1.27169e-39
 6.03055e-49
 1.91613e-13
 9.36515e-13
 4.13829e-12
 1.60984e-11
 5.27672e-11
 1.42299e-10
 2.96559e-10
 4.69715e-10
 5.96466e-10
 6.30556e-10
 5.08900e-10
 3.11644e-10
 1.61688e-10
 6.56335e-11
 1.99976e-11
 4.40921e-12
 6.79864e-13
 6.90224e-14
 3.82952e-15
 1.21738e-16
 2.74528e-18
 3.14867e-20
 1.62368e-22
 3.14614e-25
 1.71697e-28
 1.55124e-32
 6.75480e-38
 9.81802e-47
 1.06167e-12
 5.15717e-12
 2.26544e-11
 8.77990e-11
 2.89275e-10
 7.91322e-10
 1.68677e-09
 2.73624e-09
 3.54400e-09
 3.83745e-09
 3.19639e-09
 2.01206e-09
 1.05941e-09
 4.40194e-10
 1.37551e-10
 3.11986e-11
 4.99143e-12
 5.41126e-13
 3.65073e-14
 1.05206e-15
 2.61670e-17
 3.39336e-19
 2.04124e-21
 4.80705e-24
 3.37897e-27
 4.31298e-31
 3.18123e-36
 1.41849e-44
 4.57197e-12
 2.24351e-11
 9.91735e-11
 3.87292e-10
 1.29700e-09
 3.64022e-09
 8.03236e-09
 1.34761e-08
 1.79108e-08
 1.99042e-08
 1.72514e-08
 1.12947e-08
 6.04816e-09
 2.58314e-09
 8.30805e-10
 1.94353e-10
 3.22721e-11
 3.68217e-12
 2.73211e-13
 1.14413e-14
 2.21624e-16
 3.25464e-18
 2.28696e-20
 6.55397e-23
 5.94092e-26
 1.07257e-29
 1.34156e-34
 1.83705e-42
 1.52918e-11
 7.66951e-11
 3.45236e-10
 1.37494e-09
 4.73489e-09
 1.37900e-08
 3.19412e-08
 5.60754e-08
 7.71332e-08
 8.81778e-08
 7.97959e-08
 5.48175e-08
 3.01268e-08
 1.32921e-08
 4.41998e-09
 1.07026e-09
 1.84895e-10
 2.22062e-11
 1.76835e-12
 8.67347e-14
 1.67892e-15
 2.79798e-17
 2.30095e-19
 8.03806e-22
 9.41074e-25
 2.40662e-28
 5.11145e-33
 2.15214e-40
 3.93284e-11
 2.04037e-10
 9.48379e-10
 3.90535e-09
 1.39988e-08
 4.27651e-08
 1.05587e-07
 1.96585e-07
 2.82556e-07
 3.33499e-07
 3.15578e-07
 2.28920e-07
 1.30831e-07
 6.00052e-08
 2.07430e-08
 5.22325e-09
 9.41830e-10
 1.19433e-10
 1.01878e-11
 5.53504e-13
 1.64657e-14
 2.16941e-16
 2.09294e-18
 8.93180e-21
 1.35328e-23
 4.91085e-27
 1.77396e-31
 2.29993e-38
 7.71915e-11
 4.19867e-10
 2.05631e-09
 8.92767e-09
 3.36478e-08
 1.08509e-07
 2.89225e-07
 5.77561e-07
 8.74149e-07
 1.07437e-06
 1.06620e-06
 8.19147e-07
 4.93920e-07
 2.37297e-07
 8.58342e-08
 2.26172e-08
 4.27404e-09
 5.74515e-10
 5.26690e-11
 3.13644e-12
 1.12718e-13
 1.52506e-15
 1.73126e-17
 9.05000e-20
 1.77875e-22
 9.17918e-26
 5.65025e-30
 2.25951e-36
 1.12061e-10
 6.43803e-10
 3.34619e-09
 1.56496e-08
 6.47009e-08
 2.26877e-07
 6.59705e-07
 1.41631e-06
 2.25414e-06
 2.83637e-06
 2.91461e-06
 2.41651e-06
 1.59264e-06
 8.17043e-07
 3.11943e-07
 8.68325e-08
 1.72938e-08
 2.47539e-09
 2.45099e-10
 1.60164e-11
 6.53365e-13
 1.35544e-14
 1.30901e-16
 8.40910e-19
 2.15026e-21
 1.58201e-24
 1.66311e-28
 2.05535e-34
 1.10327e-10
 6.78556e-10
 3.84376e-09
 2.00074e-08
 9.45463e-08
 3.82917e-07
 1.25246e-06
 2.81439e-06
 4.58169e-06
 5.87448e-06
 6.27851e-06
 5.63144e-06
 4.07456e-06
 2.30481e-06
 9.83724e-07
 2.94485e-07
 6.23717e-08
 9.55516e-09
 1.02800e-09
 7.40897e-11
 3.40879e-12
 9.17008e-14
 9.08610e-16
 7.20128e-18
 2.40396e-20
 2.52921e-23
 4.55273e-27
 1.74274e-32
 6.81653e-11
 4.52199e-10
 2.89597e-09
 1.79668e-08
 1.04965e-07
 5.23905e-07
 1.94356e-06
 4.49140e-06
 7.55898e-06
 1.00554e-05
 1.10685e-05
 1.05607e-05
 8.45094e-06
 5.30639e-06
 2.52445e-06
 8.68904e-07
 2.00137e-07
 3.30052e-08
 3.88566e-09
 3.10943e-10
 1.61810e-11
 5.15111e-13
 7.03913e-15
 5.70809e-17
 2.49783e-19
 3.77138e-22
 1.16593e-25
 1.38592e-30
 2.33270e-11
 1.62264e-10
 1.23598e-09
 1.07734e-08
 9.36118e-08
 6.13640e-07
 2.55837e-06
 6.06614e-06
 1.05292e-05
 1.42653e-05
 1.57129e-05
 1.54525e-05
 1.35947e-05
 9.86681e-06
 5.40565e-06
 2.09822e-06
 5.67542e-07
 1.01753e-07
 1.32153e-08
 1.18375e-09
 7.01394e-11
 2.61388e-12
 5.37506e-14
 4.20370e-16
 2.42335e-18
 5.27372e-21
 2.81088e-24
 1.04166e-28
 3.18513e-12
 2.02026e-11
 2.16682e-10
 5.02918e-09
 8.63917e-08
 7.05168e-07
 3.08685e-06
 7.36734e-06
 1.28379e-05
 1.72096e-05
 1.85847e-05
 1.83798e-05
 1.72980e-05
 1.44263e-05
 9.41361e-06
 4.30801e-06
 1.33603e-06
 2.78816e-07
 4.02552e-08
 4.07353e-09
 2.77068e-10
 1.21184e-11
 3.17277e-13
 2.86837e-15
 2.18654e-17
 6.86926e-20
 6.29678e-23
 7.15796e-27
 3.02718e-13
 9.94368e-13
 3.31499e-11
 5.78903e-09
 1.15855e-07
 9.01153e-07
 3.61633e-06
 8.36534e-06
 1.43306e-05
 1.86892e-05
 1.97151e-05
 1.95109e-05
 1.89919e-05
 1.73346e-05
 1.32667e-05
 7.30606e-06
 2.63665e-06
 6.54997e-07
 1.06225e-07
 1.21625e-08
 9.48078e-10
 4.83567e-11
 1.52635e-12
 2.37063e-14
 1.61124e-16
 6.95850e-19
 9.86691e-22
 2.31018e-25
part
         5
coordinates
 3.83109e-47
 1.68161e-43
 1.70559e-40
 7.19960e-38
 1.61988e-35
 2.24074e-33
 2.09210e-31
 1.40713e-29
 7.13940e-28
 2.82208e-26
 8.96359e-25
 2.34494e-23
 5.14878e-22
 9.64121e-21
 1.56180e-19
 2.21905e-18
 2.79933e-17
 3.16706e-16
 3.24026e-15
 3.21385e-14
 2.91414e-13
 2.30472e-12
 1.65975e-11
 1.10327e-10
 6.78556e-10
 3.84376e-09
 2.00074e-08
 9.45463e-08
 4.20815e-48
 2.42777e-44
 3.04382e-41
 1.53332e-38
 4.03151e-36
 6.42536e-34
 6.84477e-32
 5.15569e-30
 2.85195e-28
 1.20649e-26
 4.05437e-25
 1.11138e-23
 2.53850e-22
 4.92199e-21
 8.23806e-20
 1.20719e-18
 1.56574e-17
 1.81183e-16
 1.88062e-15
 1.80717e-14
 1.66512e-13
 1.33582e-12
 9.82494e-12
 6.81653e-11
 4.52199e-10
 2.89597e-09
 1.79668e-08
 1.04965e-07
 2.18560e-49
 1.88158e-45
 3.13485e-42
 1.96997e-39
 6.20129e-37
 1.14626e-34
 1.37394e-32
 1.13709e-30
 6.82792e-29
 3.10862e-27
 1.11345e-25
 3.22619e-24
 7.74703e-23
 1.57651e-21
 2.76832e-20
 4.22527e-19
 5.63440e-18
 6.59921e-17
 6.82370e-16
 6.28817e-15
 5.62700e-14
 4.56024e-13
 3.35035e-12
 2.33270e-11
 1.62264e-10
 1.23598e-09
 1.07734e-08
 9.36118e-08
 4.30044e-51
 7.37528e-47
 1.84320e-43
 1.54559e-40
 6.07629e-38
 1.34147e-35
 1.85650e-33
 1.72918e-31
 1.14753e-29
 5.69042e-28
 2.19057e-26
 6.74533e-25
 1.70534e-23
 3.62105e-22
 6.55154e-21
 1.01379e-19
 1.34884e-18
 1.55200e-17
 1.55703e-16
 1.37815e-15
 1.08796e-14
 8.25168e-14
 5.41799e-13
 3.18513e-12
 2.02026e-11
 2.16682e-10
 5.02918e-09
 8.63917e-08
 3.62873e-53
 1.84349e-48
 7.71388e-45
 9.10528e-42
 4.61523e-39
 1.24364e-36
 2.02093e-34
 2.14618e-32
 1.58856e-30
 8.63180e-29
 3.58505e-27
 1.17543e-25
 3.12807e-24
 6.91321e-23
 1.28288e-21
 2.00353e-20
 2.64883e-19
 2.98632e-18
 2.89976e-17
 2.44823e-16
 1.79985e-15
 1.14081e-14
 6.50411e-14
 3.02718e-13
 9.94368e-13
 3.31499e-11
 5.78903e-09
 1.15855e-07
 2.75475e-55
 4.28573e-50
 3.03438e-46
 5.06441e-43
 3.31547e-40
 1.09069e-37
 2.07984e-35
 2.51567e-33
 2.07334e-31
 1.23148e-29
 5.50211e-28
 1.91425e-26
 5.34014e-25
 1.22146e-23
 2.30757e-22
 3.61082e-21
 4.71410e-20
 5.18287e-19
 4.84700e-18
 3.87325e-17
 2.62505e-16
 1.47907e-15
 6.73562e-15
 2.35930e-14
 4.34514e-14
 1.43773e-10
 1.18831e-08
 1.77926e-07
 2.02765e-57
 9.62666e-52
 1.15087e-47
 2.71044e-44
 2.28664e-41
 9.16026e-39
 2.04412e-36
 2.80851e-34
 2.56984e-32
 1.66286e-30
 7.96306e-29
 2.92806e-27
 8.52284e-26
 2.00508e-24
 3.82973e-23
 5.96729e-22
 7.65599e-21
 8.17575e-20
 7.32740e-19
 5.50482e-18
 3.41550e-17
 1.70366e-16
 6.56798e-16
 1.86465e-15
 2.32056e-15
 5.73671e-10
 2.36813e-08
 2.66750e-07
 1.42702e-59
 2.06613e-53
 4.16657e-49
 1.38284e-45
 1.50090e-42
 7.30722e-40
 1.90395e-37
 2.96482e-35
 3.00439e-33
 2.11168e-31
 1.08037e-29
 4.18355e-28
 1.26510e-26
 3.04370e-25
 5.84513e-24
 9.02809e-23
 1.13445e-21
 1.17291e-20
 1.00311e-19
 7.05000e-19
 3.98914e-18
 1.75417e-17
 5.75385e-17
 1.34614e-16
 1.36351e-16
 2.11213e-09
 4.72291e-08
 3.84533e-07
 9.53002e-62
 4.20494e-55
 1.42905e-50
 6.67575e-47
 9.30839e-44
 5.49830e-41
 1.66958e-38
 2.94089e-36
 3.29301e-34
 2.50758e-32
 1.36669e-30
 5.55507e-29
 1.73820e-27
 4.25510e-26
 8.18061e-25
 1.24844e-23
 1.53266e-22
 1.52998e-21
 1.24427e-20
 8.10651e-20
 4.17638e-19
 1.02610e-14
 5.79396e-13
 1.80685e-11
 4.09738e-10
 8.49409e-09
 8.95295e-08
 5.21315e-07
 5.99088e-64
 8.05033e-57
 4.60689e-52
 3.02602e-48
 5.41381e-45
 3.87431e-42
 1.36889e-39
 2.72298e-37
 3.36247e-35
 2.76775e-33
 1.60290e-31
 6.81863e-30
 2.19961e-28
 5.45568e-27
 1.04665e-25
 1.57461e-24
 1.88504e-23
 1.81265e-22
 1.39812e-21
 4.16037e-17
 3.07292e-15
 1.84549e-13
 6.00228e-12
 1.27123e-10
 1.94555e-09
 2.11750e-08
 1.43489e-07
 6.56280e-07
 3.51536e-66
 1.43782e-58
 1.38452e-53
 1.27759e-49
 2.92977e-46
 2.53724e-43
 1.04179e-40
 2.33701e-38
 3.17721e-36
 2.82148e-34
 1.73248e-32
 7.69327e-31
 2.55018e-29
 6.38716e-28
 1.21991e-26
 1.80643e-25
 2.10566e-24
 1.94689e-23
 1.41491e-22
 9.13745e-16
 4.32678e-14
 1.36409e-12
 2.91712e-11
 4.39300e-10
 4.78639e-09
 3.60957e-08
 1.90502e-07
 7.47932e-07
 1.90854e-68
 2.37487e-60
 3.84569e-55
 4.98178e-51
 1.46313e-47
 1.53199e-44
 7.30300e-42
 1.84544e-39
 2.75837e-37
 2.63846e-35
 1.71457e-33
 7.93033e-32
 2.69356e-30
 6.79536e-29
 1.29014e-27
 1.87845e-26
 2.12958e-25
 1.88221e-24
 7.38371e-17
 9.58180e-15
 3.08812e-13
 6.42005e-12
 9.60949e-11
 1.05790e-09
 8.57318e-09
 5.09399e-08
 2.30143e-07
 8.18987e-07
 9.49788e-71
 3.59416e-62
 9.78290e-57
 1.77809e-52
 6.68399e-49
 8.45606e-46
 4.67665e-43
 1.33011e-40
 2.18342e-38
 2.24670e-36
 1.54284e-34
 7.41931e-33
 2.57609e-31
 6.53507e-30
 1.23222e-28
 1.76301e-27
 1.94228e-26
 5.29649e-18
 1.45570e-15
 7.22572e-14
 1.61517e-12
 2.40660e-11
 2.65454e-10
 2.22793e-09
 1.43242e-08
 7.21274e-08
 2.91431e-07
 9.61475e-07
 4.28948e-73
 4.93478e-64
 2.25694e-58
 5.75322e-54
 2.76690e-50
 4.22762e-47
 2.71139e-44
 8.67458e-42
 1.56262e-39
 1.72808e-37
 1.25262e-35
 6.25397e-34
 2.21584e-32
 5.64674e-31
 1.05704e-29
 1.48571e-28
 1.58971e-27
 1.41892e-16
 1.41580e-14
 4.21965e-13
 6.94807e-12
 7.93344e-11
 6.85828e-10
 4.65048e-09
 2.52107e-08
 1.11228e-07
 4.04203e-07
 1.22188e-06
 1.73915e-75
 6.08120e-66
 4.67217e-60
 1.66997e-55
 1.02729e-51
 1.89528e-48
 1.40933e-45
 5.07027e-43
 1.00181e-40
 1.18996e-38
 9.09783e-37
 4.71113e-35
 1.70125e-33
 4.35347e-32
 8.09124e-31
 1.11718e-29
 1.16069e-28
 1.88745e-15
 9.60640e-14
 2.00004e-12
 2.55504e-11
 2.34752e-10
 1.66917e-09
 9.53047e-09
 4.46567e-08
 1.74301e-07
 5.71996e-07
 1.58470e-06
 6.25596e-78
 6.64755e-68
 8.57847e-62
 4.29892e-57
 3.38236e-53
 7.53495e-50
 6.49641e-47
 2.62801e-44
 5.69439e-42
 7.26301e-40
 5.85453e-38
 3.14243e-36
 1.15585e-34
 2.97067e-33
 5.48407e-32
 7.43999e-31
 7.50535e-30
 1.65044e-14
 5.30337e-13
 8.24243e-12
 8.42277e-11
 6.40072e-10
 3.84724e-09
 1.89269e-08
 7.78027e-08
 2.70941e-07
 8.06649e-07
 2.04094e-06
 1.97058e-80
 6.36261e-70
 1.37908e-63
 9.68983e-59
 9.75230e-55
 2.62382e-51
 2.62355e-48
 1.19358e-45
 2.83656e-43
 3.88508e-41
 3.30162e-39
 1.83652e-37
 6.88037e-36
 1.77716e-34
 3.26107e-33
 4.34896e-32
 4.26075e-31
 1.03860e-13
 2.48665e-12
 3.06788e-11
 2.58386e-10
 1.65832e-09
 8.57500e-09
 3.68740e-08
 1.34432e-07
 4.20843e-07
 1.13869e-06
 2.59656e-06
 5.35637e-83
 5.25500e-72
 1.91319e-65
 1.88512e-60
 2.42763e-56
 7.89117e-53
 9.15494e-50
 4.68610e-47
 1.22191e-44
 1.79784e-42
 1.61123e-40
 9.28981e-39
 3.54672e-37
 9.21647e-36
 1.68271e-34
 2.20735e-33
 2.10116e-32
 4.86937e-13
 9.70122e-12
 1.01139e-10
 7.29371e-10
 4.05473e-09
 1.83522e-08
 6.97495e-08
 2.26666e-07
 6.37002e-07
 1.55901e-06
 3.20056e-06
 3.83109e-47
 1.68161e-43
 1.70559e-40
 7.19960e-38
 1.61988e-35
 2.24074e-33
 2.09210e-31
 1.40713e-29
 7.13940e-28
 2.82208e-26
 8.96359e-25
 2.34494e-23
 5.14878e-22
 9.64121e-21
 1.56180e-19
 2.21905e-18
 2.79933e-17
 3.16706e-16
 3.24026e-15
 3.21385e-14
 2.91414e-13
 2.30472e-12
 1.65975e-11
 1.10327e-10
 6.78556e-10
 3.84376e-09
 2.00074e-08
 9.45463e-08
 4.20815e-48
 2.42777e-44
 3.04382e-41
 1.53332e-38
 4.03151e-36
 6.42536e-34
 6.84477e-32
 5.15569e-30
 2.85195e-28
 1.20649e-26
 4.05437e-25
 1.11138e-23
 2.53850e-22
 4.92199e-21
 8.23806e-20
 1.20719e-18
 1.56574e-17
 1.81183e-16
 1.88062e-15
 1.80717e-14
 1.66512e-13
 1.33582e-12
 9.82494e-12
 6.81653e-11
 4.52199e-10
 2.89597e-09
 1.79668e-08
 1.04965e-07
 2.18560e-49
 1.88158e-45
 3.13485e-42
 1.96997e-39
 6.20129e-37
 1.14626e-34
 1.37394e-32
 1.13709e-30
 6.82792e-29
 3.10862e-27
 1.11345e-25
 3.22619e-24
 7.74703e-23
 1.57651e-21
 2.76832e-20
 4.22527e-19
 5.63440e-18
 6.59921e-17
 6.82370e-16
 6.28817e-15
 5.62700e-14
 4.56024e-13
 3.35035e-12
 2.33270e-11
 1.62264e-10
 1.23598e-09
 1.07734e-08
 9.36118e-08
 4.30044e-51
 7.37528e-47
 1.84320e-43
 1.54559e-40
 6.07629e-38
 1.34147e-35
 1.85650e-33
 1.72918e-31
 1.14753e-29
 5.69042e-28
 2.19057e-26
 6.74533e-25
 1.70534e-23
 3.62105e-22
 6.55154e-21
 1.01379e-19
 1.34884e-18
 1.55200e-17
 1.55703e-16
 1.37815e-15
 1.08796e-14
 8.25168e-14
 5.41799e-13
 3.18513e-12
 2.02026e-11
 2.16682e-10
 5.02918e-09
 8.63917e-08
 3.62873e-53
 1.84349e-48
 7.71388e-45
 9.10528e-42
 4.61523e-39
 1.24364e-36
 2.02093e-34
 2.14618e-32
 1.58856e-30
 8.63180e-29
 3.58505e-27
 1.17543e-25
 3.12807e-24
 6.91321e-23
 1.28288e-21
 2.00353e-20
 2.64883e-19
 2.98632e-18
 2.89976e-17
 2.44823e-16
 1.79985e-15
 1.14081e-14
 6.50411e-14
 3.02718e-13
 9.94368e-13
 3.31499e-11
 5.78903e-09
 1.15855e-07
 2.75475e-55
 4.28573e-50
 3.03438e-46
 5.06441e-43
 3.31547e-40
 1.09069e-37
 2.07984e-35
 2.51567e-33
 2.07334e-31
 1.23148e-29
 5.50211e-28
 1.91425e-26
 5.34014e-25
 1.22146e-23
 2.30757e-22
 3.61082e-21
 4.71410e-20
 5.18287e-19
 4.84700e-18
 3.87325e-17
 2.62505e-16
 1.47907e-15
 6.73562e-15
 2.35930e-14
 4.34514e-14
 1.43773e-10
 1.18831e-08
 1.77926e-07
 2.02765e-57
 9.62666e-52
 1.15087e-47
 2.71044e-44
 2.28664e-41
 9.16026e-39
 2.04412e-36
 2.80851e-34
 2.56984e-32
 1.66286e-30
 7.96306e-29
 2.92806e-27
 8.52284e-26
 2.00508e-24
 3.82973e-23
 5.96729e-22
 7.65599e-21
 8.17575e-20
 7.32740e-19
 5.50482e-18
 3.41550e-17
 1.70366e-16
 6.56798e-16
 1.86465e-15
 2.32056e-15
 5.73671e-10
 2.36813e-08
 2.66750e-07
 1.42702e-59
 2.06613e-53
 4.16657e-49
 1.38284e-45
 1.50090e-42
 7.30722e-40
 1.90395e-37
 2.96482e-35
 3.00439e-33
 2.11168e-31
 1.08037e-29
 4.18355e-28
 1.26510e-26
 3.04370e-25
 5.84513e-24
 9.02809e-23
 1.13445e-21
 1.17291e-20
 1.00311e-19
 7.05000e-19
 3.98914e-18
 1.75417e-17
 5.75385e-17
 1.34614e-16
 1.36351e-16
 2.11213e-09
 4.72291e-08
 3.84533e-07
 9.53002e-62
 4.20494e-55
 1.42905e-50
 6.67575e-47
 9.30839e-44
 5.49830e-41
 1.66958e-38
 2.94089e-36
 3.29301e-34
 2.50758e-32
 1.36669e-30
 5.55507e-29
 1.73820e-27
 4.25510e-26
 8.18061e-25
 1.24844e-23
 1.53266e-22
 1.52998e-21
 1.24427e-20
 8.10651e-20
 4.17638e-19
 1.02610e-14
 5.79396e-13
 1.80685e-11
 4.09738e-10
 8.49409e-09
 8.95295e-08
 5.21315e-07
 5.99088e-64
 8.05033e-57
 4.60689e-52
 3.02602e-48
 5.41381e-45
 3.87431e-42
 1.36889e-39
 2.72298e-37
 3.36247e-35
 2.76775e-33
 1.60290e-31
 6.81863e-30
 2.19961e-28
 5.45568e-27
 1.04665e-25
 1.57461e-24
 1.88504e-23
 1.81265e-22
 1.39812e-21
 4.16037e-17
 3.07292e-15
 1.84549e-13
 6.00228e-12
 1.27123e-10
 1.94555e-09
 2.11750e-08
 1.43489e-07
 6.56280e-07
 3.51536e-66
 1.43782e-58
 1.38452e-53
 1.27759e-49
 2.92977e-46
 2.53724e-43
 1.04179e-40
 2.33701e-38
 3.17721e-36
 2.82148e-34
 1.73248e-32
 7.69327e-31
 2.55018e-29
 6.38716e-28
 1.21991e-26
 1.80643e-25
 2.10566e-24
 1.94689e-23
 1.41491e-22
 9.13745e-16
 4.32678e-14
 1.36409e-12
 2.91712e-11
 4.39300e-10
 4.78639e-09
 3.60957e-08
 1.90502e-07
 7.47932e-07
 1.90854e-68
 2.37487e-60
 3.84569e-55
 4.98178e-51
 1.46313e-47
 1.53199e-44
 7.30300e-42
 1.84544e-39
 2.75837e-37
 2.63846e-35
 1.71457e-33
 7.93033e-32
 2.69356e-30
 6.79536e-29
 1.29014e-27
 1.87845e-26
 2.12958e-25
 1.88221e-24
 7.38371e-17
 9.58180e-15
 3.08812e-13
 6.42005e-12
 9.60949e-11
 1.05790e-09
 8.57318e-09
 5.09399e-08
 2.30143e-07
 8.18987e-07
 9.49788e-71
 3.59416e-62
 9.78290e-57
 1.77809e-52
 6.68399e-49
 8.45606e-46
 4.67665e-43
 1.33011e-40
 2.18342e-38
 2.24670e-36
 1.54284e-34
 7.41931e-33
 2.57609e-31
 6.53507e-30
 1.23222e-28
 1.76301e-27
 1.94228e-26
 5.29649e-18
 1.45570e-15
 7.22572e-14
 1.61517e-12
 2.40660e-11
 2.65454e-10
 2.22793e-09
 1.43242e-08
 7.21274e-08
 2.91431e-07
 9.61475e-07
 4.28948e-73
 4.93478e-64
 2.25694e-58
 5.75322e-54
 2.76690e-50
 4.22762e-47
 2.71139e-44
 8.67458e-42
 1.56262e-39
 1.72808e-37
 1.25262e-35
 6.25397e-34
 2.21584e-32
 5.64674e-31
 1.05704e-29
 1.48571e-28
 1.58971e-27
 1.41892e-16
 1.41580e-14
 4.21965e-13
 6.94807e-12
 7.93344e-11
 6.85828e-10
 4.65048e-09
 2.52107e-08
 1.11228e-07
 4.04203e-07
 1.22188e-06
 1.73915e-75
 6.08120e-66
 4.67217e-60
 1.66997e-55
 1.02729e-51
 1.89528e-48
 1.40933e-45
 5.07027e-43
 1.00181e-40
 1.18996e-38
 9.09783e-37
 4.71113e-35
 1.70125e-33
 4.35347e-32
 8.09124e-31
 1.11718e-29
 1.16069e-28
 1.88745e-15
 9.60640e-14
 2.00004e-12
 2.55504e-11
 2.34752e-10
 1.66917e-09
 9.53047e-09
 4.46567e-08
 1.74301e-07
 5.71996e-07
 1.58470e-06
 6.25596e-78
 6.64755e-68
 8.57847e-62
 4.29892e-57
 3.38236e-53
 7.53495e-50
 6.49641e-47
 2.62801e-44
 5.69439e-42
 7.26301e-40
 5.85453e-38
 3.14243e-36
 1.15585e-34
 2.97067e-33
 5.48407e-32
 7.43999e-31
 7.50535e-30
 1.65044e-14
 5.30337e-13
 8.24243e-12
 8.42277e-11
 6.40072e-10
 3.84724e-09
 1.89269e-08
 7.78027e-08
 2.70941e-07
 8.06649e-07
 2.04094e-06
 1.97058e-80
 6.36261e-70
 1.37908e-63
 9.68983e-59
 9.75230e-55
 2.62382e-51
 2.62355e-48
 1.19358e-45
 2.83656e-43
 3.88508e-41
 3.30162e-39
 1.83652e-37
 6.88037e-36
 1.77716e-34
 3.26107e-33
 4.34896e-32
 4.26075e-31
 1.03860e-13
 2.48665e-12
 3.06788e-11
 2.58386e-10
 1.65832e-09
 8.57500e-09
 3.68740e-08
 1.34432e-07
 4.20843e-07
 1.13869e-06
 2.59656e-06
 5.35637e-83
 5.25500e-72
 1.91319e-65
 1.88512e-60
 2.42763e-56
 7.89117e-53
 9.15494e-50
 4.68610e-47
 1.22191e-44
 1.79784e-42
 1.61123e-40
 9.28981e-39
 3.54672e-37
 9.21647e-36
 1.68271e-34
 2.20735e-33
 2.10116e-32
 4.86937e-13
 9.70122e-12
 1.01139e-10
 7.29371e-10
 4.05473e-09
 1.83522e-08
 6.97495e-08
 2.26666e-07
 6.37002e-07
 1.55901e-06
 3.20056e-06
part
         6
coordinates
 1.10327e-10
 6.78556e-10
 3.84376e-09
 2.00074e-08
 9.45463e-08
 3.82917e-07
 1.25246e-06
 2.81439e-06
 4.58169e-06
 5.87448e-06
 6.27851e-06
 5.63144e-06
 4.07456e-06
 2.30481e-06
 9.83724e-07
 2.94485e-07
 6.23717e-08
 9.55516e-09
 1.02800e-09
 7.40897e-11
 3.40879e-12
 9.17008e-14
 9.08610e-16
 7.20128e-18
 2.40396e-20
 2.52921e-23
 4.55273e-27
 1.74274e-32
 6.81653e-11
 4.52199e-10
 2.89597e-09
 1.79668e-08
 1.04965e-07
 5.23905e-07
 1.94356e-06
 4.49140e-06
 7.55898e-06
 1.00554e-05
 1.10685e-05
 1.05607e-05
 8.45094e-06
 5.30639e-06
 2.52445e-06
 8.68904e-07
 2.00137e-07
 3.30052e-08
 3.88566e-09
 3.10943e-10
 1.61810e-11
 5.15111e-13
 7.03913e-15
 5.70809e-17
 2.49783e-19
 3.77138e-22
 1.16593e-25
 1.38592e-30
 2.33270e-11
 1.62264e-10
 1.23598e-09
 1.07734e-08
 9.36118e-08
 6.13640e-07
 2.55837e-06
 6.06614e-06
 1.05292e-05
 1.42653e-05
 1.57129e-05
 1.54525e-05
 1.35947e-05
 9.86681e-06
 5.40565e-06
 2.09822e-06
 5.67542e-07
 1.01753e-07
 1.32153e-08
 1.18375e-09
 7.01394e-11
 2.61388e-12
 5.37506e-14
 4.20370e-16
 2.42335e-18
 5.27372e-21
 2.81088e-24
 1.04166e-28
 3.18513e-12
 2.02026e-11
 2.16682e-10
 5.02918e-09
 8.63917e-08
 7.05168e-07
 3.08685e-06
 7.36734e-06
 1.28379e-05
 1.72096e-05
 1.85847e-05
 1.83798e-05
 1.72980e-05
 1.44263e-05
 9.41361e-06
 4.30801e-06
 1.33603e-06
 2.78816e-07
 4.02552e-08
 4.07353e-09
 2.77068e-10
 1.21184e-11
 3.17277e-13
 2.86837e-15
 2.18654e-17
 6.86926e-20
 6.29678e-23
 7.15796e-27
 3.02718e-13
 9.94368e-13
 3.31499e-11
 5.78903e-09
 1.15855e-07
 9.01153e-07
 3.61633e-06
 8.36534e-06
 1.43306e-05
 1.86892e-05
 1.97151e-05
 1.95109e-05
 1.89919e-05
 1.73346e-05
 1.32667e-05
 7.30606e-06
 2.63665e-06
 6.54997e-07
 1.06225e-07
 1.21625e-08
 9.48078e-10
 4.83567e-11
 1.52635e-12
 2.37063e-14
 1.61124e-16
 6.95850e-19
 9.86691e-22
 2.31018e-25
 2.35930e-14
 4.34514e-14
 1.43773e-10
 1.18831e-08
 1.77926e-07
 1.17124e-06
 4.12626e-06
 9.07413e-06
 1.50772e-05
 1.90887e-05
 1.99024e-05
 1.98203e-05
 1.95790e-05
 1.86922e-05
 1.59112e-05
 1.02934e-05
 4.42652e-06
 1.25630e-06
 2.35262e-07
 3.02580e-08
 2.67289e-09
 1.56515e-10
 5.78597e-12
 1.21434e-13
 8.78564e-16
 4.88365e-18
 9.51778e-21
 3.45151e-24
 1.86465e-15
 2.32056e-15
 5.73671e-10
 2.36813e-08
 2.66750e-07
 1.45012e-06
 4.56348e-06
 9.46553e-06
 1.51932e-05
 1.89552e-05
 1.98258e-05
 1.99018e-05
 1.98026e-05
 1.92851e-05
 1.74101e-05
 1.26737e-05
 6.32867e-06
 2.01735e-06
 4.38157e-07
 6.27885e-08
 6.20710e-09
 4.11392e-10
 1.74606e-11
 4.39641e-13
 3.62786e-15
 2.48794e-17
 6.24110e-20
 3.11415e-23
 1.34614e-16
 1.36351e-16
 2.11213e-09
 4.72291e-08
 3.84533e-07
 1.73731e-06
 4.80554e-06
 9.44402e-06
 1.49389e-05
 1.86560e-05
 1.96890e-05
 1.98983e-05
 1.98820e-05
 1.95668e-05
 1.82537e-05
 1.43510e-05
 7.97800e-06
 2.82246e-06
 6.87321e-07
 1.09109e-07
 1.19906e-08
 8.87547e-10
 4.25227e-11
 1.23558e-12
 1.45064e-14
 9.51831e-17
 2.94459e-19
 1.89170e-22
 1.80685e-11
 4.09738e-10
 8.49409e-09
 8.95295e-08
 5.21315e-07
 1.99433e-06
 4.85620e-06
 9.19568e-06
 1.46144e-05
 1.83840e-05
 1.95746e-05
 1.98746e-05
 1.99066e-05
 1.97026e-05
 1.87321e-05
 1.54823e-05
 9.29021e-06
 3.57180e-06
 9.34119e-07
 1.60628e-07
 1.92724e-08
 1.57679e-09
 8.44655e-11
 2.77706e-12
 4.46646e-14
 2.78843e-16
 1.03090e-18
 8.16043e-22
 1.27123e-10
 1.94555e-09
 2.11750e-08
 1.43489e-07
 6.56280e-07
 2.14975e-06
 4.84191e-06
 9.02841e-06
 1.44035e-05
 1.82068e-05
 1.94987e-05
 1.98517e-05
 1.99124e-05
 1.97687e-05
 1.89978e-05
 1.62028e-05
 1.02599e-05
 4.20196e-06
 1.14768e-06
 2.08219e-07
 2.65456e-08
 2.33680e-09
 1.36648e-10
 4.99624e-12
 9.82381e-14
 6.33548e-16
 2.72549e-18
 2.56938e-21
 4.39300e-10
 4.78639e-09
 3.60957e-08
 1.90502e-07
 7.47932e-07
 2.20850e-06
 4.83604e-06
 9.02356e-06
 1.43599e-05
 1.81327e-05
 1.94572e-05
 1.98348e-05
 1.99120e-05
 1.97998e-05
 1.91372e-05
 1.66194e-05
 1.08875e-05
 4.65112e-06
 1.30698e-06
 2.45825e-07
 3.26000e-08
 3.00759e-09
 1.86594e-10
 7.36115e-12
 1.63132e-13
 1.11626e-15
 5.46743e-18
 5.96816e-21
 1.05790e-09
 8.57318e-09
 5.09399e-08
 2.30143e-07
 8.18987e-07
 2.30281e-06
 4.99187e-06
 9.25287e-06
 1.45147e-05
 1.81590e-05
 1.94461e-05
 1.98247e-05
 1.99094e-05
 1.98119e-05
 1.91987e-05
 1.68135e-05
 1.12030e-05
 4.89276e-06
 1.39650e-06
 2.68302e-07
 3.64817e-08
 3.47384e-09
 2.24105e-10
 9.28416e-12
 2.21403e-13
 1.59136e-15
 8.59083e-18
 1.05052e-20
 2.22793e-09
 1.43242e-08
 7.21274e-08
 2.91431e-07
 9.61475e-07
 2.55669e-06
 5.36105e-06
 9.71340e-06
 1.48598e-05
 1.82721e-05
 1.94608e-05
 1.98208e-05
 1.99041e-05
 1.98097e-05
 1.92079e-05
 1.68362e-05
 1.12409e-05
 4.92946e-06
 1.41356e-06
 2.74070e-07
 3.78028e-08
 3.66849e-09
 2.42553e-10
 1.03696e-11
 2.58517e-13
 1.92185e-15
 1.10897e-17
 1.47634e-20
 4.65048e-09
 2.52107e-08
 1.11228e-07
 4.04203e-07
 1.22188e-06
 2.98213e-06
 5.92140e-06
 1.04028e-05
 1.53800e-05
 1.84402e-05
 1.94898e-05
 1.98222e-05
 1.98944e-05
 1.97800e-05
 1.91067e-05
 1.65019e-05
 1.06999e-05
 4.53917e-06
 1.28443e-06
 2.46909e-07
 3.41609e-08
 3.35532e-09
 2.26645e-10
 9.99118e-12
 2.59425e-13
 1.99669e-15
 1.21710e-17
 1.72936e-20
 9.53047e-09
 4.46567e-08
 1.74301e-07
 5.71996e-07
 1.58470e-06
 3.53596e-06
 6.65118e-06
 1.12688e-05
 1.59753e-05
 1.86172e-05
 1.95265e-05
 1.98259e-05
 1.98772e-05
 1.97055e-05
 1.88120e-05
 1.56422e-05
 9.49713e-06
 3.76011e-06
 1.03488e-06
 1.92746e-07
 2.61580e-08
 2.54986e-09
 1.72784e-10
 7.72184e-12
 2.05239e-13
 1.64616e-15
 1.04058e-17
 1.55412e-20
 1.89269e-08
 7.78027e-08
 2.70941e-07
 8.06649e-07
 2.04094e-06
 4.19078e-06
 7.49252e-06
 1.21824e-05
 1.65477e-05
 1.87926e-05
 1.95733e-05
 1.98285e-05
 1.98450e-05
 1.95642e-05
 1.82937e-05
 1.43753e-05
 8.03704e-06
 2.95893e-06
 7.83726e-07
 1.39712e-07
 1.82534e-08
 1.72158e-09
 1.13434e-10
 4.95889e-12
 1.29432e-13
 1.08759e-15
 6.91198e-18
 1.05615e-20
 3.68740e-08
 1.34432e-07
 4.20843e-07
 1.13869e-06
 2.59656e-06
 4.92138e-06
 8.40056e-06
 1.30951e-05
 1.70866e-05
 1.89696e-05
 1.96241e-05
 1.98242e-05
 1.97798e-05
 1.92991e-05
 1.74298e-05
 1.26313e-05
 6.37093e-06
 2.18003e-06
 5.35719e-07
 9.14440e-08
 1.15494e-08
 1.05767e-09
 6.78875e-11
 2.89678e-12
 7.27578e-14
 6.40745e-16
 4.00861e-18
 6.03425e-21
 6.97495e-08
 2.26666e-07
 6.37002e-07
 1.55901e-06
 3.20056e-06
 5.65667e-06
 9.28043e-06
 1.39022e-05
 1.75351e-05
 1.91303e-05
 1.96669e-05
 1.97987e-05
 1.96413e-05
 1.87866e-05
 1.59052e-05
 1.02109e-05
 4.49360e-06
 1.41188e-06
 3.13573e-07
 5.12051e-08
 6.23732e-09
 5.52629e-10
 3.43869e-11
 1.42292e-12
 3.31825e-14
 3.08740e-16
 1.89567e-18
 2.80619e-21
 1.10327e-10
 6.78556e-10
 3.84376e-09
 2.00074e-08
 9.45463e-08
 3.82917e-07
 1.25246e-06
 2.81439e-06
 4.58169e-06
 5.87448e-06
 6.27851e-06
 5.63144e-06
 4.07456e-06
 2.30481e-06
 9.83724e-07
 2.94485e-07
 6.23717e-08
 9.55516e-09
 1.02800e-09
 7.40897e-11
 3.40879e-12
 9.17008e-14
 9.08610e-16
 7.20128e-18
 2.40396e-20
 2.52921e-23
 4.55273e-27
 1.74274e-32
 6.81653e-11
 4.52199e-10
 2.89597e-09
 1.79668e-08
 1.04965e-07
 5.23905e-07
 1.94356e-06
 4.49140e-06
 7.55898e-06
 1.00554e-05
 1.10685e-05
 1.05607e-05
 8.45094e-06
 5.30639e-06
 2.52445e-06
 8.68904e-07
 2.00137e-07
 3.30052e-08
 3.88566e-09
 3.10943e-10
 1.61810e-11
 5.15111e-13
 7.03913e-15
 5.70809e-17
 2.49783e-19
 3.77138e-22
 1.16593e-25
 1.38592e-30
 2.33270e-11
 1.62264e-10
 1.23598e-09
 1.07734e-08
 9.36118e-08
 6.13640e-07
 2.55837e-06
 6.06614e-06
 1.05292e-05
 1.42653e-05
 1.57129e-05
 1.54525e-05
 1.35947e-05
 9.86681e-06
 5.40565e-06
 2.09822e-06
 5.67542e-07
 1.01753e-07
 1.32153e-08
 1.18375e-09
 7.01394e-11
 2.61388e-12
 5.37506e-14
 4.20370e-16
 2.42335e-18
 5.27372e-21
 2.81088e-24
 1.04166e-28
 3.18513e-12
 2.02026e-11
 2.16682e-10
 5.02918e-09
 8.63917e-08
 7.05168e-07
 3.08685e-06
 7.36734e-06
 1.28379e-05
 1.72096e-05
 1.85847e-05
 1.83798e-05
 1.72980e-05
 1.44263e-05
 9.41361e-06
 4.30801e-06
 1.33603e-06
 2.78816e-07
 4.02552e-08
 4.07353e-09
 2.77068e-10
 1.21184e-11
 3.17277e-13
 2.86837e-15
 2.18654e-17
 6.86926e-20
 6.29678e-23
 7.15796e-27
 3.02718e-13
 9.94368e-13
 3.31499e-11
 5.78903e-09
 1.15855e-07
 9.01153e-07
 3.61633e-06
 8.36534e-06
 1.43306e-05
 1.86892e-05
 1.97151e-05
 1.95109e-05
 1.89919e-05
 1.73346e-05
 1.32667e-05
 7.30606e-06
 2.63665e-06
 6.54997e-07
 1.06225e-07
 1.21625e-08
 9.48078e-10
 4.83567e-11
 1.52635e-12
 2.37063e-14
 1.61124e-16
 6.95850e-19
 9.86691e-22
 2.31018e-25
 2.35930e-14
 4.34514e-14
 1.43773e-10
 1.18831e-08
 1.77926e-07
 1.17124e-06
 4.12626e-06
 9.07413e-06
 1.50772e-05
 1.90887e-05
 1.99024e-05
 1.98203e-05
 1.95790e-05
 1.86922e-05
 1.59112e-05
 1.02934e-05
 4.42652e-06
 1.25630e-06
 2.35262e-07
 3.02580e-08
 2.67289e-09
 1.56515e-10
 5.78597e-12
 1.21434e-13
 8.78564e-16
 4.88365e-18
 9.51778e-21
 3.45151e-24
 1.86465e-15
 2.32056e-15
 5.73671e-10
 2.36813e-08
 2.66750e-07
 1.45012e-06
 4.56348e-06
 9.46553e-06
 1.51932e-05
 1.89552e-05
 1.98258e-05
 1.99018e-05
 1.98026e-05
 1.92851e-05
 1.74101e-05
 1.26737e-05
 6.32867e-06
 2.01735e-06
 4.38157e-07
 6.27885e-08
 6.20710e-09
 4.11392e-10
 1.74606e-11
 4.39641e-13
 3.62786e-15
 2.48794e-17
 6.24110e-20
 3.11415e-23
 1.34614e-16
 1.36351e-16
 2.11213e-09
 4.72291e-08
 3.84533e-07
 1.73731e-06
 4.80554e-06
 9.44402e-06
 1.49389e-05
 1.86560e-05
 1.96890e-05
 1.98983e-05
 1.98820e-05
 1.95668e-05
 1.82537e-05
 1.43510e-05
 7.97800e-06
 2.82246e-06
 6.87321e-07
 1.09109e-07
 1.19906e-08
 8.87547e-10
 4.25227e-11
 1.23558e-12
 1.45064e-14
 9.51831e-17
 2.94459e-19
 1.89170e-22
 1.80685e-11
 4.09738e-10
 8.49409e-09
 8.95295e-08
 5.21315e-07
 1.99433e-06
 4.85620e-06
 9.19568e-06
 1.46144e-05
 1.83840e-05
 1.95746e-05
 1.98746e-05
 1.99066e-05
 1.97026e-05
 1.87321e-05
 1.54823e-05
 9.29021e-06
 3.57180e-06
 9.34119e-07
 1.60628e-07
 1.92724e-08
 1.57679e-09
 8.44655e-11
 2.77706e-12
 4.46646e-14
 2.78843e-16
 1.03090e-18
 8.16043e-22
 1.27123e-10
 1.94555e-09
 2.11750e-08
 1.43489e-07
 6.56280e-07
 2.14975e-06
 4.84191e-06
 9.02841e-06
 1.44035e-05
 1.82068e-05
 1.94987e-05
 1.98517e-05
 1.99124e-05
 1.97687e-05
 1.89978e-05
 1.62028e-05
 1.02599e-05
 4.20196e-06
 1.14768e-06
 2.08219e-07
 2.65456e-08
 2.33680e-09
 1.36648e-10
 4.99624e-12
 9.82381e-14
 6.33548e-16
 2.72549e-18
 2.56938e-21
 4.39300e-10
 4.78639e-09
 3.60957e-08
 1.90502e-07
 7.47932e-07
 2.20850e-06
 4.83604e-06
 9.02356e-06
 1.43599e-05
 1.81327e-05
 1.94572e-05
 1.98348e-05
 1.99120e-05
 1.97998e-05
 1.91372e-05
 1.66194e-05
 1.08875e-05
 4.65112e-06
 1.30698e-06
 2.45825e-07
 3.26000e-08
 3.00759e-09
 1.86594e-10
 7.36115e-12
 1.63132e-13
 1.11626e-15
 5.46743e-18
 5.96816e-21
 1.05790e-09
 8.57318e-09
 5.09399e-08
 2.30143e-07
 8.18987e-07
 2.30281e-06
 4.99187e-06
 9.25287e-06
 1.45147e-05
 1.81590e-05
 1.94461e-05
 1.98247e-05
 1.99094e-05
 1.98119e-05
 1.91987e-05
 1.68135e-05
 1.12030e-05
 4.89276e-06
 1.39650e-06
 2.68302e-07
 3.64817e-08
 3.47384e-09
 2.24105e-10
 9.28416e-12
 2.21403e-13
 1.59136e-15
 8.59083e-18
 1.05052e-20
 2.22793e-09
 1.43242e-08
 7.21274e-08
 2.91431e-07
 9.61475e-07
 2.55669e-06
 5.36105e-06
 9.71340e-06
 1.48598e-05
 1.82721e-05
 1.94608e-05
 1.98208e-05
 1.99041e-05
 1.98097e-05
 1.92079e-05
 1.68362e-05
 1.12409e-05
 4.92946e-06
 1.41356e-06
 2.74070e-07
 3.78028e-08
 3.66849e-09
 2.42553e-10
 1.03696e-11
 2.58517e-13
 1.92185e-15
 1.10897e-17
 1.47634e-20
 4.65048e-09
 2.52107e-08
 1.11228e-07
 4.04203e-07
 1.22188e-06
 2.98213e-06
 5.92140e-06
 1.04028e-05
 1.53800e-05
 1.84402e-05
 1.94898e-05
 1.98222e-05
 1.98944e-05
 1.97800e-05
 1.91067e-05
 1.65019e-05
 1.06999e-05
 4.53917e-06
 1.28443e-06
 2.46909e-07
 3.41609e-08
 3.35532e-09
 2.26645e-10
 9.99118e-12
 2.59425e-13
 1.99669e-15
 1.21710e-17
 1.72936e-20
 9.53047e-09
 4.46567e-08
 1.74301e-07
 5.71996e-07
 1.58470e-06
 3.53596e-06
 6.65118e-06
 1.12688e-05
 1.59753e-05
 1.86172e-05
 1.95265e-05
 1.98259e-05
 1.98772e-05
 1.97055e-05
 1.88120e-05
 1.56422e-05
 9.49713e-06
 3.76011e-06
 1.03488e-06
 1.92746e-07
 2.61580e-08
 2.54986e-09
 1.72784e-10
 7.72184e-12
 2.05239e-13
 1.64616e-15
 1.04058e-17
 1.55412e-20
 1.89269e-08
 7.78027e-08
 2.70941e-07
 8.06649e-07
 2.04094e-06
 4.19078e-06
 7.49252e-06
 1.21824e-05
 1.65477e-05
 1.87926e-05
 1.95733e-05
 1.98285e-05
 1.98450e-05
 1.95642e-05
 1.82937e-05
 1.43753e-05
 8.03704e-06
 2.95893e-06
 7.83726e-07
 1.39712e-07
 1.82534e-08
 1.72158e-09
 1.13434e-10
 4.95889e-12
 1.29432e-13
 1.08759e-15
 6.91198e-18
 1.05615e-20
 3.68740e-08
 1.34432e-07
 4.20843e-07
 1.13869e-06
 2.59656e-06
 4.92138e-06
 8.40056e-06
 1.30951e-05
 1.70866e-05
 1.89696e-05
 1.96241e-05
 1.98242e-05
 1.97798e-05
 1.92991e-05
 1.74298e-05
 1.26313e-05
 6.37093e-06
 2.18003e-06
 5.35719e-07
 9.14440e-08
 1.15494e-08
 1.05767e-09
 6.78875e-11
 2.89678e-12
 7.27578e-14
 6.40745e-16
 4.00861e-18
 6.03425e-21
 6.97495e-08
 2.26666e-07
 6.37002e-07
 1.55901e-06
 3.20056e-06
 5.65667e-06
 9.28043e-06
 1.39022e-05
 1.75351e-05
 1.91303e-05
 1.96669e-05
 1.97987e-05
 1.96413e-05
 1.87866e-05
 1.59052e-05
 1.02109e-05
 4.49360e-06
 1.41188e-06
 3.13573e-07
 5.12051e-08
 6.23732e-09
 5.52629e-10
 3.43869e-11
 1.42292e-12
 3.31825e-14
 3.08740e-16
 1.89567e-18
 2.80619e-21
part
         7
coordinates
 4.28948e-73
 4.93478e-64
 2.25694e-58
 5.75322e-54
 2.76690e-50
 4.22762e-47
 2.71139e-44
 8.67458e-42
 1.56262e-39
 1.72808e-37
 1.25262e-35
 6.25397e-34
 2.21584e-32
 5.64674e-31
 1.05704e-29
 1.48571e-28
 1.58971e-27
 1.41892e-16
 1.41580e-14
 4.21965e-13
 6.94807e-12
 7.93344e-11
 6.85828e-10
 4.65048e-09
 2.52107e-08
 1.11228e-07
 4.04203e-07
 1.22188e-06
 1.73915e-75
 6.08120e-66
 4.67217e-60
 1.66997e-55
 1.02729e-51
 1.89528e-48
 1.40933e-45
 5.07027e-43
 1.00181e-40
 1.18996e-38
 9.09783e-37
 4.71113e-35
 1.70125e-33
 4.35347e-32
 8.09124e-31
 1.11718e-29
 1.16069e-28
 1.88745e-15
 9.60640e-14
 2.00004e-12
 2.55504e-11
 2.34752e-10
 1.66917e-09
 9.53047e-09
 4.46567e-08
 1.74301e-07
 5.71996e-07
 1.58470e-06
 6.25596e-78
 6.64755e-68
 8.57847e-62
 4.29892e-57
 3.38236e-53
 7.53495e-50
 6.49641e-47
 2.62801e-44
 5.69439e-42
 7.26301e-40
 5.85453e-38
 3.14243e-36
 1.15585e-34
 2.97067e-33
 5.48407e-32
 7.43999e-31
 7.50535e-30
 1.65044e-14
 5.30337e-13
 8.24243e-12
 8.42277e-11
 6.40072e-10
 3.84724e-09
 1.89269e-08
 7.78027e-08
 2.70941e-07
 8.06649e-07
 2.04094e-06
 1.97058e-80
 6.36261e-70
 1.37908e-63
 9.68983e-59
 9.75230e-55
 2.62382e-51
 2.62355e-48
 1.19358e-45
 2.83656e-43
 3.88508e-41
 3.30162e-39
 1.83652e-37
 6.88037e-36
 1.77716e-34
 3.26107e-33
 4.34896e-32
 4.26075e-31
 1.03860e-13
 2.48665e-12
 3.06788e-11
 2.58386e-10
 1.65832e-09
 8.57500e-09
 3.68740e-08
 1.34432e-07
 4.20843e-07
 1.13869e-06
 2.59656e-06
 5.35637e-83
 5.25500e-72
 1.91319e-65
 1.88512e-60
 2.42763e-56
 7.89117e-53
 9.15494e-50
 4.68610e-47
 1.22191e-44
 1.79784e-42
 1.61123e-40
 9.28981e-39
 3.54672e-37
 9.21647e-36
 1.68271e-34
 2.20735e-33
 2.10116e-32
 4.86937e-13
 9.70122e-12
 1.01139e-10
 7.29371e-10
 4.05473e-09
 1.83522e-08
 6.97495e-08
 2.26666e-07
 6.37002e-07
 1.55901e-06
 3.20056e-06
 1.23562e-85
 3.68347e-74
 2.25288e-67
 3.11386e-62
 5.13313e-58
 2.01704e-54
 2.71686e-51
 1.56566e-48
 4.48236e-46
 7.08942e-44
 6.70477e-42
 4.00931e-40
 1.56149e-38
 4.08799e-37
 7.43515e-36
 9.60182e-35
 8.88559e-34
 1.66932e-12
 2.93310e-11
 2.69409e-10
 1.71078e-09
 8.38275e-09
 3.35763e-08
 1.13777e-07
 3.33484e-07
 8.58125e-07
 1.95504e-06
 3.76290e-06
 2.37276e-88
 2.14948e-76
 2.20907e-69
 4.28470e-64
 9.04664e-60
 4.30031e-56
 6.73053e-53
 4.37049e-50
 1.37506e-47
 2.34014e-45
 2.33781e-43
 1.45131e-41
 5.77464e-40
 1.52571e-38
 2.76821e-37
 3.52287e-36
 3.17170e-35
 3.73000e-12
 5.99541e-11
 5.02384e-10
 2.91385e-09
 1.30981e-08
 4.84434e-08
 1.52882e-07
 4.21869e-07
 1.03457e-06
 2.26193e-06
 4.18321e-06
 3.70767e-91
 1.02079e-78
 1.76334e-71
 4.80189e-66
 1.29944e-61
 7.47856e-58
 1.36142e-54
 9.97212e-52
 3.45195e-49
 6.32913e-47
 6.68765e-45
 4.31604e-43
 1.75780e-41
 4.69617e-40
 8.51343e-39
 1.06889e-37
 9.37024e-37
 5.06209e-12
 7.84510e-11
 6.32854e-10
 3.53670e-09
 1.53706e-08
 5.52447e-08
 1.70408e-07
 4.61653e-07
 1.10931e-06
 2.35339e-06
 4.27585e-06
 4.58664e-94
 3.83849e-81
 1.11489e-73
 4.26504e-68
 1.48041e-63
 1.03256e-59
 2.18879e-56
 1.81074e-53
 6.90586e-51
 1.36618e-48
 1.52933e-46
 1.02785e-44
 4.29441e-43
 1.16265e-41
 2.10960e-40
 2.61639e-39
 2.23530e-38
 4.13395e-12
 6.47841e-11
 5.28085e-10
 2.97811e-09
 1.30255e-08
 4.69404e-08
 1.44567e-07
 3.89619e-07
 9.31552e-07
 1.98447e-06
 3.74530e-06
 4.34142e-97
 1.10462e-83
 5.39675e-76
 2.90210e-70
 1.29320e-65
 1.09429e-61
 2.70445e-58
 2.53046e-55
 1.06495e-52
 2.27711e-50
 2.70555e-48
 1.89759e-46
 8.15398e-45
 2.24239e-43
 4.08001e-42
 5.00522e-41
 4.17134e-40
 1.89520e-12
 3.13128e-11
 2.67317e-10
 1.56553e-09
 7.05113e-09
 2.59963e-08
 8.15804e-08
 2.23710e-07
 5.47528e-07
 1.21420e-06
 2.43851e-06
3.00948e-100
 2.32852e-86
 1.91441e-78
 1.44812e-72
 8.29190e-68
 8.52231e-64
 2.45897e-60
 2.60623e-57
 1.21245e-54
 2.80751e-52
 3.54813e-50
 2.60317e-48
 1.15361e-46
 3.23056e-45
 5.90592e-44
 7.17665e-43
 5.83980e-42
 4.21921e-13
 7.91479e-12
 7.45894e-11
 4.67938e-10
 2.21645e-09
 8.52665e-09
 2.78662e-08
 7.94993e-08
 2.01342e-07
 4.57473e-07
 9.23345e-07
1.44045e-103
 3.38998e-89
 4.69235e-81
 4.99649e-75
 3.67990e-70
 4.59942e-66
 1.55156e-62
 1.86589e-59
 9.61337e-57
 2.41572e-54
 3.25497e-52
 2.50470e-50
 1.14810e-48
 3.28247e-47
 6.04174e-46
 7.28280e-45
 5.79151e-44
 6.25837e-14
 1.35571e-12
 1.40778e-11
 9.25034e-11
 4.47319e-10
 1.72359e-09
 5.51792e-09
 1.51378e-08
 3.63098e-08
 7.75738e-08
 1.29124e-07
4.37622e-107
 3.13340e-92
 7.30555e-84
 1.09587e-77
 1.03917e-72
 1.58148e-68
 6.24668e-65
 8.53835e-62
 4.88159e-59
 1.33419e-56
 1.92145e-54
 1.55520e-52
 7.39599e-51
 2.16461e-49
 4.01982e-48
 4.81372e-47
 3.74421e-46
 5.77577e-15
 1.43837e-13
 1.63797e-12
 1.10036e-11
 5.24532e-11
 1.92374e-10
 5.74317e-10
 1.46087e-09
 2.79727e-09
 3.61004e-09
 3.46979e-09
7.39855e-111
 1.61209e-95
 6.33400e-87
 1.33950e-80
 1.63710e-75
 3.03747e-71
 1.40694e-67
 2.18968e-64
 1.39205e-61
 4.14774e-59
 6.40141e-57
 5.46623e-55
 2.70539e-53
 8.12727e-52
 1.52601e-50
 1.81803e-49
 1.38421e-48
 2.89227e-16
 8.15246e-15
 1.01533e-13
 6.76072e-13
 3.05002e-12
 1.01652e-11
 2.86957e-11
 5.28310e-11
 6.01684e-11
 4.64320e-11
 2.43528e-11
5.48591e-115
 3.63852e-99
 2.41030e-90
 7.19149e-84
 1.13395e-78
 2.56827e-74
 1.39715e-70
 2.48034e-67
 1.75702e-64
 5.72095e-62
 9.48771e-60
 8.57371e-58
 4.42981e-56
 1.36960e-54
 2.60562e-53
 3.09271e-52
 2.30652e-51
 6.16651e-18
 1.90728e-16
 2.62953e-15
 1.67026e-14
 6.82110e-14
 2.01920e-13
 4.31472e-13
 5.14615e-13
 3.20383e-13
 1.07198e-13
 2.08215e-14
1.00103e-119
2.02142e-103
 2.25872e-94
 9.51495e-88
 1.93753e-82
 5.36344e-78
 3.43192e-74
 6.96206e-71
 5.50682e-68
 1.96412e-65
 3.50974e-63
 3.36683e-61
 1.82149e-59
 5.81124e-58
 1.12248e-56
 1.32919e-55
 9.71562e-55
 3.12528e-20
 1.06036e-18
 1.54313e-17
 8.69354e-17
 3.07511e-16
 7.67316e-16
 1.04758e-15
 6.86504e-16
 1.83554e-16
 1.29910e-17
 7.31294e-19
 4.28948e-73
 4.93478e-64
 2.25694e-58
 5.75322e-54
 2.76690e-50
 4.22762e-47
 2.71139e-44
 8.67458e-42
 1.56262e-39
 1.72808e-37
 1.25262e-35
 6.25397e-34
 2.21584e-32
 5.64674e-31
 1.05704e-29
 1.48571e-28
 1.58971e-27
 1.41892e-16
 1.41580e-14
 4.21965e-13
 6.94807e-12
 7.93344e-11
 6.85828e-10
 4.65048e-09
 2.52107e-08
 1.11228e-07
 4.04203e-07
 1.22188e-06
 1.73915e-75
 6.08120e-66
 4.67217e-60
 1.66997e-55
 1.02729e-51
 1.89528e-48
 1.40933e-45
 5.07027e-43
 1.00181e-40
 1.18996e-38
 9.09783e-37
 4.71113e-35
 1.70125e-33
 4.35347e-32
 8.09124e-31
 1.11718e-29
 1.16069e-28
 1.88745e-15
 9.60640e-14
 2.00004e-12
 2.55504e-11
 2.34752e-10
 1.66917e-09
 9.53047e-09
 4.46567e-08
 1.74301e-07
 5.71996e-07
 1.58470e-06
 6.25596e-78
 6.64755e-68
 8.57847e-62
 4.29892e-57
 3.38236e-53
 7.53495e-50
 6.49641e-47
 2.62801e-44
 5.69439e-42
 7.26301e-40
 5.85453e-38
 3.14243e-36
 1.15585e-34
 2.97067e-33
 5.48407e-32
 7.43999e-31
 7.50535e-30
 1.65044e-14
 5.30337e-13
 8.24243e-12
 8.42277e-11
 6.40072e-10
 3.84724e-09
 1.89269e-08
 7.78027e-08
 2.70941e-07
 8.06649e-07
 2.04094e-06
 1.97058e-80
 6.36261e-70
 1.37908e-63
 9.68983e-59
 9.75230e-55
 2.62382e-51
 2.62355e-48
 1.19358e-45
 2.83656e-43
 3.88508e-41
 3.30162e-39
 1.83652e-37
 6.88037e-36
 1.77716e-34
 3.26107e-33
 4.34896e-32
 4.26075e-31
 1.03860e-13
 2.48665e-12
 3.06788e-11
 2.58386e-10
 1.65832e-09
 8.57500e-09
 3.68740e-08
 1.34432e-07
 4.20843e-07
 1.13869e-06
 2.59656e-06
 5.35637e-83
 5.25500e-72
 1.91319e-65
 1.88512e-60
 2.42763e-56
 7.89117e-53
 9.15494e-50
 4.68610e-47
 1.22191e-44
 1.79784e-42
 1.61123e-40
 9.28981e-39
 3.54672e-37
 9.21647e-36
 1.68271e-34
 2.20735e-33
 2.10116e-32
 4.86937e-13
 9.70122e-12
 1.01139e-10
 7.29371e-10
 4.05473e-09
 1.83522e-08
 6.97495e-08
 2.26666e-07
 6.37002e-07
 1.55901e-06
 3.20056e-06
 1.23562e-85
 3.68347e-74
 2.25288e-67
 3.11386e-62
 5.13313e-58
 2.01704e-54
 2.71686e-51
 1.56566e-48
 4.48236e-46
 7.08942e-44
 6.70477e-42
 4.00931e-40
 1.56149e-38
 4.08799e-37
 7.43515e-36
 9.60182e-35
 8.88559e-34
 1.66932e-12
 2.93310e-11
 2.69409e-10
 1.71078e-09
 8.38275e-09
 3.35763e-08
 1.13777e-07
 3.33484e-07
 8.58125e-07
 1.95504e-06
 3.76290e-06
 2.37276e-88
 2.14948e-76
 2.20907e-69
 4.28470e-64
 9.04664e-60
 4.30031e-56
 6.73053e-53
 4.37049e-50
 1.37506e-47
 2.34014e-45
 2.33781e-43
 1.45131e-41
 5.77464e-40
 1.52571e-38
 2.76821e-37
 3.52287e-36
 3.17170e-35
 3.73000e-12
 5.99541e-11
 5.02384e-10
 2.91385e-09
 1.30981e-08
 4.84434e-08
 1.52882e-07
 4.21869e-07
 1.03457e-06
 2.26193e-06
 4.18321e-06
 3.70767e-91
 1.02079e-78
 1.76334e-71
 4.80189e-66
 1.29944e-61
 7.47856e-58
 1.36142e-54
 9.97212e-52
 3.45195e-49
 6.32913e-47
 6.68765e-45
 4.31604e-43
 1.75780e-41
 4.69617e-40
 8.51343e-39
 1.06889e-37
 9.37024e-37
 5.06209e-12
 7.84510e-11
 6.32854e-10
 3.53670e-09
 1.53706e-08
 5.52447e-08
 1.70408e-07
 4.61653e-07
 1.10931e-06
 2.35339e-06
 4.27585e-06
 4.58664e-94
 3.83849e-81
 1.11489e-73
 4.26504e-68
 1.48041e-63
 1.03256e-59
 2.18879e-56
 1.81074e-53
 6.90586e-51
 1.36618e-48
 1.52933e-46
 1.02785e-44
 4.29441e-43
 1.16265e-41
 2.10960e-40
 2.61639e-39
 2.23530e-38
 4.13395e-12
 6.47841e-11
 5.28085e-10
 2.97811e-09
 1.30255e-08
 4.69404e-08
 1.44567e-07
 3.89619e-07
 9.31552e-07
 1.98447e-06
 3.74530e-06
 4.34142e-97
 1.10462e-83
 5.39675e-76
 2.90210e-70
 1.29320e-65
 1.09429e-61
 2.70445e-58
 2.53046e-55
 1.06495e-52
 2.27711e-50
 2.70555e-48
 1.89759e-46
 8.15398e-45
 2.24239e-43
 4.08001e-42
 5.00522e-41
 4.17134e-40
 1.89520e-12
 3.13128e-11
 2.67317e-10
 1.56553e-09
 7.05113e-09
 2.59963e-08
 8.15804e-08
 2.23710e-07
 5.47528e-07
 1.21420e-06
 2.43851e-06
3.00948e-100
 2.32852e-86
 1.91441e-78
 1.44812e-72
 8.29190e-68
 8.52231e-64
 2.45897e-60
 2.60623e-57
 1.21245e-54
 2.80751e-52
 3.54813e-50
 2.60317e-48
 1.15361e-46
 3.23056e-45
 5.90592e-44
 7.17665e-43
 5.83980e-42
 4.21921e-13
 7.91479e-12
 7.45894e-11
 4.67938e-10
 2.21645e-09
 8.52665e-09
 2.78662e-08
 7.94993e-08
 2.01342e-07
 4.57473e-07
 9.23345e-07
1.44045e-103
 3.38998e-89
 4.69235e-81
 4.99649e-75
 3.67990e-70
 4.59942e-66
 1.55156e-62
 1.86589e-59
 9.61337e-57
 2.41572e-54
 3.25497e-52
 2.50470e-50
 1.14810e-48
 3.28247e-47
 6.04174e-46
 7.28280e-45
 5.79151e-44
 6.25837e-14
 1.35571e-12
 1.40778e-11
 9.25034e-11
 4.47319e-10
 1.72359e-09
 5.51792e-09
 1.51378e-08
 3.63098e-08
 7.75738e-08
 1.29124e-07
4.37622e-107
 3.13340e-92
 7.30555e-84
 1.09587e-77
 1.03917e-72
 1.58148e-68
 6.24668e-65
 8.53835e-62
 4.88159e-59
 1.33419e-56
 1.92145e-54
 1.55520e-52
 7.39599e-51
 2.16461e-49
 4.01982e-48
 4.81372e-47
 3.74421e-46
 5.77577e-15
 1.43837e-13
 1.63797e-12
 1.10036e-11
 5.24532e-11
 1.92374e-10
 5.74317e-10
 1.46087e-09
 2.79727e-09
 3.61004e-09
 3.46979e-09
7.39855e-111
 1.61209e-95
 6.33400e-87
 1.33950e-80
 1.63710e-75
 3.03747e-71
 1.40694e-67
 2.18968e-64
 1.39205e-61
 4.14774e-59
 6.40141e-57
 5.46623e-55
 2.70539e-53
 8.12727e-52
 1.52601e-50
 1.81803e-49
 1.38421e-48
 2.89227e-16
 8.15246e-15
 1.01533e-13
 6.76072e-13
 3.05002e-12
 1.01652e-11
 2.86957e-11
 5.28310e-11
 6.01684e-11
 4.64320e-11
 2.43528e-11
5.48591e-115
 3.63852e-99
 2.41030e-90
 7.19149e-84
 1.13395e-78
 2.56827e-74
 1.39715e-70
 2.48034e-67
 1.75702e-64
 5.72095e-62
 9.48771e-60
 8.57371e-58
 4.42981e-56
 1.36960e-54
 2.60562e-53
 3.09271e-52
 2.30652e-51
 6.16651e-18
 1.90728e-16
 2.62953e-15
 1.67026e-14
 6.82110e-14
 2.01920e-13
 4.31472e-13
 5.14615e-13
 3.20383e-13
 1.07198e-13
 2.08215e-14
1.00103e-119
2.02142e-103
 2.25872e-94
 9.51495e-88
 1.93753e-82
 5.36344e-78
 3.43192e-74
 6.96206e-71
 5.50682e-68
 1.96412e-65
 3.50974e-63
 3.36683e-61
 1.82149e-59
 5.81124e-58
 1.12248e-56
 1.32919e-55
 9.71562e-55
 3.12528e-20
 1.06036e-18
 1.54313e-17
 8.69354e-17
 3.07511e-16
 7.67316e-16
 1.04758e-15
 6.86504e-16
 1.83554e-16
 1.29910e-17
 7.31294e-19
part
         8
coordinates
 4.65048e-09
 2.52107e-08
 1.11228e-07
 4.04203e-07
 1.22188e-06
 2.98213e-06
 5.92140e-06
 1.04028e-05
 1.53800e-05
 1.84402e-05
 1.94898e-05
 1.98222e-05
 1.98944e-05
 1.97800e-05
 1.91067e-05
 1.65019e-05
 1.06999e-05
 4.53917e-06
 1.28443e-06
 2.46909e-07
 3.41609e-08
 3.35532e-09
 2.26645e-10
 9.99118e-12
 2.59425e-13
 1.99669e-15
 1.21710e-17
 1.72936e-20
 9.53047e-09
 4.46567e-08
 1.74301e-07
 5.71996e-07
 1.58470e-06
 3.53596e-06
 6.65118e-06
 1.12688e-05
 1.59753e-05
 1.86172e-05
 1.95265e-05
 1.98259e-05
 1.98772e-05
 1.97055e-05
 1.88120e-05
 1.56422e-05
 9.49713e-06
 3.76011e-06
 1.03488e-06
 1.92746e-07
 2.61580e-08
 2.54986e-09
 1.72784e-10
 7.72184e-12
 2.05239e-13
 1.64616e-15
 1.04058e-17
 1.55412e-20
 1.89269e-08
 7.78027e-08
 2.70941e-07
 8.06649e-07
 2.04094e-06
 4.19078e-06
 7.49252e-06
 1.21824e-05
 1.65477e-05
 1.87926e-05
 1.95733e-05
 1.98285e-05
 1.98450e-05
 1.95642e-05
 1.82937e-05
 1.43753e-05
 8.03704e-06
 2.95893e-06
 7.83726e-07
 1.39712e-07
 1.82534e-08
 1.72158e-09
 1.13434e-10
 4.95889e-12
 1.29432e-13
 1.08759e-15
 6.91198e-18
 1.05615e-20
 3.68740e-08
 1.34432e-07
 4.20843e-07
 1.13869e-06
 2.59656e-06
 4.92138e-06
 8.40056e-06
 1.30951e-05
 1.70866e-05
 1.89696e-05
 1.96241e-05
 1.98242e-05
 1.97798e-05
 1.92991e-05
 1.74298e-05
 1.26313e-05
 6.37093e-06
 2.18003e-06
 5.35719e-07
 9.14440e-08
 1.15494e-08
 1.05767e-09
 6.78875e-11
 2.89678e-12
 7.27578e-14
 6.40745e-16
 4.00861e-18
 6.03425e-21
 6.97495e-08
 2.26666e-07
 6.37002e-07
 1.55901e-06
 3.20056e-06
 5.65667e-06
 9.28043e-06
 1.39022e-05
 1.75351e-05
 1.91303e-05
 1.96669e-05
 1.97987e-05
 1.96413e-05
 1.87866e-05
 1.59052e-05
 1.02109e-05
 4.49360e-06
 1.41188e-06
 3.13573e-07
 5.12051e-08
 6.23732e-09
 5.52629e-10
 3.43869e-11
 1.42292e-12
 3.31825e-14
 3.08740e-16
 1.89567e-18
 2.80619e-21
 1.13777e-07
 3.33484e-07
 8.58125e-07
 1.95504e-06
 3.76290e-06
 6.33384e-06
 1.00238e-05
 1.45283e-05
 1.78854e-05
 1.92662e-05
 1.96751e-05
 1.97051e-05
 1.93308e-05
 1.76415e-05
 1.32670e-05
 7.26416e-06
 2.77727e-06
 7.75923e-07
 1.57895e-07
 2.43524e-08
 2.81178e-09
 2.37351e-10
 1.41281e-11
 5.58355e-13
 1.09172e-14
 1.14204e-16
 6.78917e-19
 9.74941e-22
 1.52882e-07
 4.21869e-07
 1.03457e-06
 2.26193e-06
 4.18321e-06
 6.81594e-06
 1.05329e-05
 1.49464e-05
 1.80798e-05
 1.92557e-05
 1.95307e-05
 1.93845e-05
 1.83171e-05
 1.49671e-05
 9.49510e-06
 4.42868e-06
 1.49607e-06
 3.60902e-07
 6.70766e-08
 9.54994e-09
 1.02428e-09
 8.07100e-11
 4.50219e-12
 1.65713e-13
 2.35133e-15
 3.05964e-17
 1.71570e-19
 2.33031e-22
 1.70408e-07
 4.61653e-07
 1.10931e-06
 2.35339e-06
 4.27585e-06
 6.93614e-06
 1.06522e-05
 1.49769e-05
 1.79205e-05
 1.88720e-05
 1.89395e-05
 1.80406e-05
 1.52517e-05
 1.05251e-05
 5.61989e-06
 2.26829e-06
 6.56572e-07
 1.39336e-07
 2.31426e-08
 2.96876e-09
 2.88479e-10
 2.06737e-11
 1.05095e-12
 3.46347e-14
 4.88150e-16
 5.72166e-18
 2.89580e-20
 3.55572e-23
 1.44567e-07
 3.89619e-07
 9.31552e-07
 1.98447e-06
 3.74530e-06
 6.28427e-06
 9.66536e-06
 1.34510e-05
 1.59315e-05
 1.65011e-05
 1.59539e-05
 1.39655e-05
 1.01579e-05
 5.78896e-06
 2.56087e-06
 8.63527e-07
 2.08096e-07
 3.93200e-08
 5.80696e-09
 6.62216e-10
 5.72050e-11
 3.64233e-12
 1.63813e-13
 4.47917e-15
 7.23977e-17
 7.44022e-19
 3.28884e-21
 3.51256e-24
 8.15804e-08
 2.23710e-07
 5.47528e-07
 1.21420e-06
 2.43851e-06
 4.35307e-06
 7.06009e-06
 1.00434e-05
 1.17637e-05
 1.18301e-05
 1.07174e-05
 8.17654e-06
 4.84896e-06
 2.15780e-06
 7.14388e-07
 1.86302e-07
 3.88897e-08
 6.42392e-09
 8.30932e-10
 8.29586e-11
 6.26354e-12
 3.47553e-13
 1.35072e-14
 3.33829e-16
 5.44902e-18
 4.82077e-20
 1.82546e-22
 1.66242e-25
 2.78662e-08
 7.94993e-08
 2.01342e-07
 4.57473e-07
 9.23345e-07
 1.66957e-06
 2.83683e-06
 4.13413e-06
 4.75438e-06
 4.62959e-06
 4.01069e-06
 2.68454e-06
 1.18310e-06
 3.44543e-07
 8.24026e-08
 1.61935e-08
 2.59107e-09
 3.33560e-10
 3.40444e-11
 2.70439e-12
 1.63312e-13
 7.27116e-15
 2.29178e-16
 4.83448e-18
 6.28905e-20
 4.43192e-22
 1.33563e-24
 9.67124e-28
 5.51792e-09
 1.51378e-08
 3.63098e-08
 7.75738e-08
 1.29124e-07
 1.54741e-07
 1.45743e-07
 1.11485e-07
 5.97105e-08
 2.07480e-08
 5.74653e-09
 1.33192e-09
 2.59499e-10
 4.24889e-11
 5.82330e-12
 6.63202e-13
 6.19831e-14
 4.73022e-15
 2.90112e-16
 1.39942e-17
 5.18134e-19
 1.42698e-20
 2.80462e-22
 3.71637e-24
 3.05746e-26
 1.37118e-28
 2.64531e-31
 1.23308e-34
 5.74317e-10
 1.46087e-09
 2.79727e-09
 3.61004e-09
 3.46979e-09
 2.64334e-09
 1.38787e-09
 4.69242e-10
 1.28276e-10
 2.95321e-11
 5.76428e-12
 9.55446e-13
 1.34102e-13
 1.58148e-14
 1.58393e-15
 1.32429e-16
 9.15156e-18
 5.16193e-19
 2.33940e-20
 8.35290e-22
 2.29227e-23
 4.68400e-25
 6.83553e-27
 6.72891e-29
 4.11402e-31
 1.37146e-33
 1.96704e-36
 6.81767e-40
 2.86957e-11
 5.28310e-11
 6.01684e-11
 4.64320e-11
 2.43528e-11
 7.89486e-12
 1.99281e-12
 4.18594e-13
 7.40394e-14
 1.10812e-14
 1.43294e-15
 1.58434e-16
 1.49480e-17
 1.19841e-18
 8.11312e-20
 4.59916e-21
 2.16000e-22
 8.29432e-24
 2.56215e-25
 6.24040e-27
 1.16873e-28
 1.63015e-30
 1.62388e-32
 1.09109e-34
 4.55246e-37
 1.03549e-39
 1.01320e-42
 2.39544e-46
 4.31472e-13
 5.14615e-13
 3.20383e-13
 1.07198e-13
 2.08215e-14
 3.29083e-15
 4.39095e-16
 4.98731e-17
 4.85636e-18
 4.06732e-19
 2.93232e-20
 1.81758e-21
 9.65632e-23
 4.37536e-24
 1.67933e-25
 5.41199e-27
 1.44847e-28
 3.17640e-30
 5.61393e-32
 7.83582e-34
 8.42163e-36
 6.74884e-38
 3.86634e-40
 1.49519e-42
 3.59301e-45
 4.70945e-48
 2.65657e-51
 3.62231e-55
 1.04758e-15
 6.86504e-16
 1.83554e-16
 1.29910e-17
 7.31294e-19
 3.42043e-20
 1.35971e-21
 4.65220e-23
 1.37897e-24
 3.55014e-26
 7.93581e-28
 1.53637e-29
 2.56479e-31
 3.66951e-33
 4.46455e-35
 4.57499e-37
 3.90302e-39
 2.73356e-41
 1.54536e-43
 6.90778e-46
 2.37988e-48
 6.11809e-51
 1.12505e-53
 1.39719e-56
 1.07862e-59
 4.54333e-63
 8.23836e-67
 3.61190e-71
 4.65048e-09
 2.52107e-08
 1.11228e-07
 4.04203e-07
 1.22188e-06
 2.98213e-06
 5.92140e-06
 1.04028e-05
 1.53800e-05
 1.84402e-05
 1.94898e-05
 1.98222e-05
 1.98944e-05
 1.97800e-05
 1.91067e-05
 1.65019e-05
 1.06999e-05
 4.53917e-06
 1.28443e-06
 2.46909e-07
 3.41609e-08
 3.35532e-09
 2.26645e-10
 9.99118e-12
 2.59425e-13
 1.99669e-15
 1.21710e-17
 1.72936e-20
 9.53047e-09
 4.46567e-08
 1.74301e-07
 5.71996e-07
 1.58470e-06
 3.53596e-06
 6.65118e-06
 1.12688e-05
 1.59753e-05
 1.86172e-05
 1.95265e-05
 1.98259e-05
 1.98772e-05
 1.97055e-05
 1.88120e-05
 1.56422e-05
 9.49713e-06
 3.76011e-06
 1.03488e-06
 1.92746e-07
 2.61580e-08
 2.54986e-09
 1.72784e-10
 7.72184e-12
 2.05239e-13
 1.64616e-15
 1.04058e-17
 1.55412e-20
 1.89269e-08
 7.78027e-08
 2.70941e-07
 8.06649e-07
 2.04094e-06
 4.19078e-06
 7.49252e-06
 1.21824e-05
 1.65477e-05
 1.87926e-05
 1.95733e-05
 1.98285e-05
 1.98450e-05
 1.95642e-05
 1.82937e-05
 1.43753e-05
 8.03704e-06
 2.95893e-06
 7.83726e-07
 1.39712e-07
 1.82534e-08
 1.72158e-09
 1.13434e-10
 4.95889e-12
 1.29432e-13
 1.08759e-15
 6.91198e-18
 1.05615e-20
 3.68740e-08
 1.34432e-07
 4.20843e-07
 1.13869e-06
 2.59656e-06
 4.92138e-06
 8.40056e-06
 1.30951e-05
 1.70866e-05
 1.89696e-05
 1.96241e-05
 1.98242e-05
 1.97798e-05
 1.92991e-05
 1.74298e-05
 1.26313e-05
 6.37093e-06
 2.18003e-06
 5.35719e-07
 9.14440e-08
 1.15494e-08
 1.05767e-09
 6.78875e-11
 2.89678e-12
 7.27578e-14
 6.40745e-16
 4.00861e-18
 6.03425e-21
 6.97495e-08
 2.26666e-07
 6.37002e-07
 1.55901e-06
 3.20056e-06
 5.65667e-06
 9.28043e-06
 1.39022e-05
 1.75351e-05
 1.91303e-05
 1.96669e-05
 1.97987e-05
 1.96413e-05
 1.87866e-05
 1.59052e-05
 1.02109e-05
 4.49360e-06
 1.41188e-06
 3.13573e-07
 5.12051e-08
 6.23732e-09
 5.52629e-10
 3.43869e-11
 1.42292e-12
 3.31825e-14
 3.08740e-16
 1.89567e-18
 2.80619e-21
 1.13777e-07
 3.33484e-07
 8.58125e-07
 1.95504e-06
 3.76290e-06
 6.33384e-06
 1.00238e-05
 1.45283e-05
 1.78854e-05
 1.92662e-05
 1.96751e-05
 1.97051e-05
 1.93308e-05
 1.76415e-05
 1.32670e-05
 7.26416e-06
 2.77727e-06
 7.75923e-07
 1.57895e-07
 2.43524e-08
 2.81178e-09
 2.37351e-10
 1.41281e-11
 5.58355e-13
 1.09172e-14
 1.14204e-16
 6.78917e-19
 9.74941e-22
 1.52882e-07
 4.21869e-07
 1.03457e-06
 2.26193e-06
 4.18321e-06
 6.81594e-06
 1.05329e-05
 1.49464e-05
 1.80798e-05
 1.92557e-05
 1.95307e-05
 1.93845e-05
 1.83171e-05
 1.49671e-05
 9.49510e-06
 4.42868e-06
 1.49607e-06
 3.60902e-07
 6.70766e-08
 9.54994e-09
 1.02428e-09
 8.07100e-11
 4.50219e-12
 1.65713e-13
 2.35133e-15
 3.05964e-17
 1.71570e-19
 2.33031e-22
 1.70408e-07
 4.61653e-07
 1.10931e-06
 2.35339e-06
 4.27585e-06
 6.93614e-06
 1.06522e-05
 1.49769e-05
 1.79205e-05
 1.88720e-05
 1.89395e-05
 1.80406e-05
 1.52517e-05
 1.05251e-05
 5.61989e-06
 2.26829e-06
 6.56572e-07
 1.39336e-07
 2.31426e-08
 2.96876e-09
 2.88479e-10
 2.06737e-11
 1.05095e-12
 3.46347e-14
 4.88150e-16
 5.72166e-18
 2.89580e-20
 3.55572e-23
 1.44567e-07
 3.89619e-07
 9.31552e-07
 1.98447e-06
 3.74530e-06
 6.28427e-06
 9.66536e-06
 1.34510e-05
 1.59315e-05
 1.65011e-05
 1.59539e-05
 1.39655e-05
 1.01579e-05
 5.78896e-06
 2.56087e-06
 8.63527e-07
 2.08096e-07
 3.93200e-08
 5.80696e-09
 6.62216e-10
 5.72050e-11
 3.64233e-12
 1.63813e-13
 4.47917e-15
 7.23977e-17
 7.44022e-19
 3.28884e-21
 3.51256e-24
 8.15804e-08
 2.23710e-07
 5.47528e-07
 1.21420e-06
 2.43851e-06
 4.35307e-06
 7.06009e-06
 1.00434e-05
 1.17637e-05
 1.18301e-05
 1.07174e-05
 8.17654e-06
 4.84896e-06
 2.15780e-06
 7.14388e-07
 1.86302e-07
 3.88897e-08
 6.42392e-09
 8.30932e-10
 8.29586e-11
 6.26354e-12
 3.47553e-13
 1.35072e-14
 3.33829e-16
 5.44902e-18
 4.82077e-20
 1.82546e-22
 1.66242e-25
 2.78662e-08
 7.94993e-08
 2.01342e-07
 4.57473e-07
 9.23345e-07
 1.66957e-06
 2.83683e-06
 4.13413e-06
 4.75438e-06
 4.62959e-06
 4.01069e-06
 2.68454e-06
 1.18310e-06
 3.44543e-07
 8.24026e-08
 1.61935e-08
 2.59107e-09
 3.33560e-10
 3.40444e-11
 2.70439e-12
 1.63312e-13
 7.27116e-15
 2.29178e-16
 4.83448e-18
 6.28905e-20
 4.43192e-22
 1.33563e-24
 9.67124e-28
 5.51792e-09
 1.51378e-08
 3.63098e-08
 7.75738e-08
 1.29124e-07
 1.54741e-07
 1.45743e-07
 1.11485e-07
 5.97105e-08
 2.07480e-08
 5.74653e-09
 1.33192e-09
 2.59499e-10
 4.24889e-11
 5.82330e-12
 6.63202e-13
 6.19831e-14
 4.73022e-15
 2.90112e-16
 1.39942e-17
 5.18134e-19
 1.42698e-20
 2.80462e-22
 3.71637e-24
 3.05746e-26
 1.37118e-28
 2.64531e-31
 1.23308e-34
 5.74317e-10
 1.46087e-09
 2.79727e-09
 3.61004e-09
 3.46979e-09
 2.64334e-09
 1.38787e-09
 4.69242e-10
 1.28276e-10
 2.95321e-11
 5.76428e-12
 9.55446e-13
 1.34102e-13
 1.58148e-14
 1.58393e-15
 1.32429e-16
 9.15156e-18
 5.16193e-19
 2.33940e-20
 8.35290e-22
 2.29227e-23
 4.68400e-25
 6.83553e-27
 6.72891e-29
 4.11402e-31
 1.37146e-33
 1.96704e-36
 6.81767e-40
 2.86957e-11
 5.28310e-11
 6.01684e-11
 4.64320e-11
 2.43528e-11
 7.89486e-12
 1.99281e-12
 4.18594e-13
 7.40394e-14
 1.10812e-14
 1.43294e-15
 1.58434e-16
 1.49480e-17
 1.19841e-18
 8.11312e-20
 4.59916e-21
 2.16000e-22
 8.29432e-24
 2.56215e-25
 6.24040e-27
 1.16873e-28
 1.63015e-30
 1.62388e-32
 1.09109e-34
 4.55246e-37
 1.03549e-39
 1.01320e-42
 2.39544e-46
 4.31472e-13
 5.14615e-13
 3.20383e-13
 1.07198e-13
 2.08215e-14
 3.29083e-15
 4.39095e-16
 4.98731e-17
 4.85636e-18
 4.06732e-19
 2.93232e-20
 1.81758e-21
 9.65632e-23
 4.37536e-24
 1.67933e-25
 5.41199e-27
 1.44847e-28
 3.17640e-30
 5.61393e-32
 7.83582e-34
 8.42163e-36
 6.74884e-38
 3.86634e-40
 1.49519e-42
 3.59301e-45
 4.70945e-48
 2.65657e-51
 3.62231e-55
 1.04758e-15
 6.86504e-16
 1.83554e-16
 1.29910e-17
 7.31294e-19
 3.42043e-20
 1.35971e-21
 4.65220e-23
 1.37897e-24
 3.55014e-26
 7.93581e-28
 1.53637e-29
 2.56479e-31
 3.66951e-33
 4.46455e-35
 4.57499e-37
 3.90302e-39
 2.73356e-41
 1.54536e-43
 6.90778e-46
 2.37988e-48
 6.11809e-51
 1.12505e-53
 1.39719e-56
 1.07862e-59
 4.54333e-63
 8.23836e-67
 3.61190e-71
