NodeMass
part
         1
coordinates
 0.00000e+00
 0.00000e+00
 0.00000e+00
 0.00000e+00
 0.00000e+00
 0.00000e+00
 1.92430e-22
 2.30576e-18
 1.12759e-16
 1.36203e-15
 7.41959e-15
 1.48319e-14
 9.88702e-14
 3.72681e-13
 4.33882e-13
 1.78306e-13
 2.90747e-14
 2.21691e-15
 4.12602e-17
 3.26836e-21
 0.00000e+00
 0.00000e+00
 0.00000e+00
 0.00000e+00
 0.00000e+00
 0.00000e+00
 0.00000e+00
 0.00000e+00
 0.00000e+00
 0.00000e+00
 0.00000e+00
 3.26836e-21
 4.12602e-17
 2.21691e-15
 2.90747e-14
 1.78306e-13
 4.33882e-13
 3.72681e-13
 9.88702e-14
 1.48319e-14
 7.41959e-15
 1.36203e-15
 1.12759e-16
 2.30576e-18
 1.92430e-22
 0.00000e+00
 0.00000e+00
 0.00000e+00
 0.00000e+00
 0.00000e+00
 0.00000e+00
 0.00000e+00
 0.00000e+00
 0.00000e+00
 0.00000e+00
 0.00000e+00
 0.00000e+00
 5.20041e-21
 1.64586e-17
 5.70497e-16
 5.78556e-15
 2.84931e-14
 5.43704e-14
 3.33353e-13
 1.25154e-12
 1.48067e-12
 6.34888e-13
 1.13465e-13
 1.02195e-14
 2.66788e-16
 7.66313e-20
 0.00000e+00
 0.00000e+00
 0.00000e+00
 0.00000e+00
 0.00000e+00
 0.00000e+00
 0.00000e+00
 0.00000e+00
 0.00000e+00
 0.00000e+00
 0.00000e+00
 7.66313e-20
 2.66788e-16
 1.02195e-14
 1.13465e-13
 6.34888e-13
 1.48067e-12
 1.25154e-12
 3.33353e-13
 5.43704e-14
 2.84931e-14
 5.78556e-15
 5.70497e-16
 1.64586e-17
 5.20041e-21
 0.00000e+00
 0.00000e+00
 0.00000e+00
 0.00000e+00
 0.00000e+00
 0.00000e+00
 0.00000e+00
 0.00000e+00
 0.00000e+00
 0.00000e+00
 0.00000e+00
 0.00000e+00
 2.07185e-19
 1.31160e-16
 2.64826e-15
 1.92903e-14
 7.49494e-14
 1.25389e-13
 6.29776e-13
 2.42899e-12
 3.09551e-12
 1.52865e-12
 3.40163e-13
 4.25041e-14
 1.91577e-15
 2.71905e-18
 0.00000e+00
 0.00000e+00
 0.00000e+00
 0.00000e+00
 0.00000e+00
 0.00000e+00
 0.00000e+00
 0.00000e+00
 0.00000e+00
 0.00000e+00
 0.00000e+00
 2.71905e-18
 1.91577e-15
 4.25041e-14
 3.40163e-13
 1.52865e-12
 3.09551e-12
 2.42899e-12
 6.29776e-13
 1.25389e-13
 7.49494e-14
 1.92903e-14
 2.64826e-15
 1.31160e-16
 2.07185e-19
 0.00000e+00
 0.00000e+00
 0.00000e+00
 0.00000e+00
 0.00000e+00
 0.00000e+00
 0.00000e+00
 0.00000e+00
 0.00000e+00
 0.00000e+00
 0.00000e+00
 0.00000e+00
 1.29666e-17
 1.61050e-15
 1.76240e-14
 8.36025e-14
 2.27718e-13
 3.09345e-13
 1.15375e-12
 4.78214e-12
 6.96921e-12
 4.29338e-12
 1.33659e-12
 2.56159e-13
 2.14863e-14
 1.54645e-16
 0.00000e+00
 0.00000e+00
 0.00000e+00
 0.00000e+00
 0.00000e+00
 0.00000e+00
 0.00000e+00
 0.00000e+00
 0.00000e+00
 0.00000e+00
 0.00000e+00
 1.54645e-16
 2.14863e-14
 2.56159e-13
 1.33659e-12
 4.29338e-12
 6.96921e-12
 4.78214e-12
 1.15375e-12
 3.09345e-13
 2.27718e-13
 8.36025e-14
 1.76240e-14
 1.61050e-15
 1.29666e-17
 0.00000e+00
 0.00000e+00
 0.00000e+00
 0.00000e+00
 0.00000e+00
 0.00000e+00
 0.00000e+00
 0.00000e+00
 0.00000e+00
 0.00000e+00
 0.00000e+00
 0.00000e+00
 1.32533e-15
 3.27746e-14
 1.83557e-13
 5.18399e-13
 8.90517e-13
 8.95290e-13
 2.19699e-12
 1.06044e-11
 1.86824e-11
 1.54316e-11
 7.57066e-12
 2.43020e-12
 4.01814e-13
 1.45294e-14
 0.00000e+00
 0.00000e+00
 0.00000e+00
 0.00000e+00
 0.00000e+00
 0.00000e+00
 0.00000e+00
 0.00000e+00
 0.00000e+00
 0.00000e+00
 0.00000e+00
 1.45294e-14
 4.01814e-13
 2.43020e-12
 7.57066e-12
 1.54316e-11
 1.86824e-11
 1.06044e-11
 2.19699e-12
 8.95290e-13
 8.90517e-13
 5.18399e-13
 1.83557e-13
 3.27746e-14
 1.32533e-15
 0.00000e+00
 0.00000e+00
 0.00000e+00
 0.00000e+00
 0.00000e+00
 0.00000e+00
 0.00000e+00
 0.00000e+00
 0.00000e+00
 0.00000e+00
 0.00000e+00
 0.00000e+00
 2.62542e-13
 1.40545e-12
 3.50112e-12
 4.97506e-12
 4.85776e-12
 3.29028e-12
 4.33164e-12
 2.70140e-11
 6.23526e-11
 7.86172e-11
 6.91835e-11
 4.22651e-11
 1.57439e-11
 2.66593e-12
 0.00000e+00
 0.00000e+00
 0.00000e+00
 0.00000e+00
 0.00000e+00
 0.00000e+00
 0.00000e+00
 0.00000e+00
 0.00000e+00
 0.00000e+00
 0.00000e+00
 2.66593e-12
 1.57439e-11
 4.22651e-11
 6.91835e-11
 7.86172e-11
 6.23526e-11
 2.70140e-11
 4.33164e-12
 3.29028e-12
 4.85776e-12
 4.97506e-12
 3.50112e-12
 1.40545e-12
 2.62542e-13
 0.00000e+00
 0.00000e+00
 0.00000e+00
 0.00000e+00
 0.00000e+00
 0.00000e+00
 1.42795e-09
 2.49043e-09
 1.90754e-09
 1.52566e-09
 1.20481e-09
 9.07887e-10
 6.38914e-10
 4.17220e-10
 2.57422e-10
 1.44568e-10
 6.92787e-11
 2.50479e-11
 1.46639e-11
 1.11415e-10
 4.32509e-10
 1.03143e-09
 1.88094e-09
 2.93285e-09
 4.17080e-09
 5.62077e-09
 7.25940e-09
 8.99766e-09
 1.06521e-08
 1.17978e-08
 1.21131e-08
 1.20533e-08
 1.21131e-08
 1.17978e-08
 1.06521e-08
 8.99766e-09
 7.25940e-09
 5.62077e-09
 4.17080e-09
 2.93285e-09
 1.88094e-09
 1.03143e-09
 4.32509e-10
 1.11415e-10
 1.46639e-11
 2.50479e-11
 6.92787e-11
 1.44568e-10
 2.57422e-10
 4.17220e-10
 6.38914e-10
 9.07887e-10
 1.20481e-09
 1.52566e-09
 1.90754e-09
 2.49043e-09
 1.42795e-09
 6.64579e-09
 1.17961e-08
 9.19050e-09
 7.05521e-09
 5.20864e-09
 3.77767e-09
 2.70416e-09
 1.86709e-09
 1.19444e-09
 6.68565e-10
 3.00078e-10
 9.43879e-11
 3.94710e-11
 3.13688e-10
 1.39447e-09
 3.56696e-09
 6.53575e-09
 9.93245e-09
 1.36381e-08
 1.76105e-08
 2.23288e-08
 2.84772e-08
 3.67405e-08
 4.61297e-08
 5.30972e-08
 5.54568e-08
 5.30972e-08
 4.61297e-08
 3.67405e-08
 2.84772e-08
 2.23288e-08
 1.76105e-08
 1.36381e-08
 9.93245e-09
 6.53575e-09
 3.56696e-09
 1.39447e-09
 3.13688e-10
 3.94710e-11
 9.43879e-11
 3.00078e-10
 6.68565e-10
 1.19444e-09
 1.86709e-09
 2.70416e-09
 3.77767e-09
 5.20864e-09
 7.05521e-09
 9.19050e-09
 1.17961e-08
 6.64579e-09
 1.27207e-08
 2.27412e-08
 1.73031e-08
 1.22179e-08
 8.26374e-09
 5.64928e-09
 4.01300e-09
 2.86445e-09
 1.90780e-09
 1.11818e-09
 5.26048e-10
 1.72387e-10
 6.78607e-11
 4.96449e-10
 2.16451e-09
 5.27620e-09
 8.97733e-09
 1.24636e-08
 1.56300e-08
 1.87785e-08
 2.36398e-08
 3.22983e-08
 4.77140e-08
 7.13551e-08
 9.53093e-08
 1.05611e-07
 9.53093e-08
 7.13551e-08
 4.77140e-08
 3.22983e-08
 2.36398e-08
 1.87785e-08
 1.56300e-08
 1.24636e-08
 8.97733e-09
 5.27620e-09
 2.16451e-09
 4.96449e-10
 6.78607e-11
 1.72387e-10
 5.26048e-10
 1.11818e-09
 1.90780e-09
 2.86445e-09
 4.01300e-09
 5.64928e-09
 8.26374e-09
 1.22179e-08
 1.73031e-08
 2.27412e-08
 1.27207e-08
 1.64923e-08
 2.92792e-08
 2.07185e-08
 1.20923e-08
 6.55321e-09
 3.93017e-09
 2.67337e-09
 2.03203e-09
 1.55475e-09
 1.05456e-09
 5.58062e-10
 1.96523e-10
 7.88783e-11
 5.40883e-10
 2.26242e-09
 4.94003e-09
 7.16456e-09
 8.03007e-09
 8.12822e-09
 8.56197e-09
 1.09815e-08
 1.73354e-08
 3.21058e-08
 6.59071e-08
 1.12778e-07
 1.36299e-07
 1.12778e-07
 6.59071e-08
 3.21058e-08
 1.73354e-08
 1.09815e-08
 8.56197e-09
 8.12822e-09
 8.03007e-09
 7.16456e-09
 4.94003e-09
 2.26242e-09
 5.40883e-10
 7.88783e-11
 1.96523e-10
 5.58062e-10
 1.05456e-09
 1.55475e-09
 2.03203e-09
 2.67337e-09
 3.93017e-09
 6.55321e-09
 1.20923e-08
 2.07185e-08
 2.92792e-08
 1.64923e-08
 1.91878e-08
 3.33065e-08
 2.03167e-08
 8.36387e-09
 3.09313e-09
 1.42975e-09
 8.75336e-10
 7.69109e-10
 8.06969e-10
 7.28665e-10
 4.65724e-10
 1.79240e-10
 7.25300e-11
 5.10806e-10
 2.04823e-09
 3.90714e-09
 4.45972e-09
 3.54378e-09
 2.46167e-09
 2.10526e-09
 2.91790e-09
 5.87148e-09
 1.52538e-08
 4.82359e-08
 1.15405e-07
 1.56825e-07
 1.15405e-07
 4.82359e-08
 1.52538e-08
 5.87148e-09
 2.91790e-09
 2.10526e-09
 2.46167e-09
 3.54378e-09
 4.45972e-09
 3.90714e-09
 2.04823e-09
 5.10806e-10
 7.25300e-11
 1.79240e-10
 4.65724e-10
 7.28665e-10
 8.06969e-10
 7.69109e-10
 8.75336e-10
 1.42975e-09
 3.09313e-09
 8.36387e-09
 2.03167e-08
 3.33065e-08
 1.91878e-08
 2.15555e-08
 3.62380e-08
 1.84031e-08
 4.52664e-09
 1.03204e-09
 3.19165e-10
 1.65598e-10
 1.81345e-10
 2.99284e-10
 3.92749e-10
 3.20530e-10
 1.44064e-10
 6.02572e-11
 4.45597e-10
 1.65295e-09
 2.74074e-09
 2.42050e-09
 1.32554e-09
 5.98255e-10
 3.67511e-10
 5.76596e-10
 1.72250e-09
 7.12333e-09
 3.34145e-08
 1.13810e-07
 1.72399e-07
 1.13810e-07
 3.34145e-08
 7.12333e-09
 1.72250e-09
 5.76596e-10
 3.67511e-10
 5.98255e-10
 1.32554e-09
 2.42050e-09
 2.74074e-09
 1.65295e-09
 4.45597e-10
 6.02572e-11
 1.44064e-10
 3.20530e-10
 3.92749e-10
 2.99284e-10
 1.81345e-10
 1.65598e-10
 3.19165e-10
 1.03204e-09
 4.52664e-09
 1.84031e-08
 3.62380e-08
 2.15555e-08
 2.40912e-08
 3.90394e-08
 1.72519e-08
 2.59375e-09
 3.26338e-10
 4.42004e-11
 1.71242e-11
 4.02944e-11
 1.16984e-10
 1.99107e-10
 1.92758e-10
 9.77892e-11
 4.35339e-11
 3.43496e-10
 1.21194e-09
 1.85291e-09
 1.43404e-09
 6.10644e-10
 1.62415e-10
 4.27623e-11
 7.80003e-11
 5.12717e-10
 3.94703e-09
 2.59070e-08
 1.15066e-07
 1.85310e-07
 1.15066e-07
 2.59070e-08
 3.94703e-09
 5.12717e-10
 7.80003e-11
 4.27623e-11
 1.62415e-10
 6.10644e-10
 1.43404e-09
 1.85291e-09
 1.21194e-09
 3.43496e-10
 4.35339e-11
 9.77892e-11
 1.92758e-10
 1.99107e-10
 1.16984e-10
 4.02944e-11
 1.71242e-11
 4.42004e-11
 3.26338e-10
 2.59375e-09
 1.72519e-08
 3.90394e-08
 2.40912e-08
 2.71739e-08
 4.28920e-08
 1.76895e-08
 2.16168e-09
 1.99181e-10
 9.52810e-12
 3.07643e-12
 1.74410e-11
 6.01810e-11
 1.08259e-10
 1.08234e-10
 5.60546e-11
 2.70775e-11
 2.26272e-10
 8.06084e-10
 1.22921e-09
 9.65574e-10
 4.23639e-10
 1.09670e-10
 2.46976e-11
 2.33659e-11
 2.95610e-10
 3.23143e-09
 2.40295e-08
 1.19535e-07
 1.96917e-07
 1.19535e-07
 2.40295e-08
 3.23143e-09
 2.95610e-10
 2.33659e-11
 2.46976e-11
 1.09670e-10
 4.23639e-10
 9.65574e-10
 1.22921e-09
 8.06084e-10
 2.26272e-10
 2.70775e-11
 5.60546e-11
 1.08234e-10
 1.08259e-10
 6.01810e-11
 1.74410e-11
 3.07643e-12
 9.52810e-12
 1.99181e-10
 2.16168e-09
 1.76895e-08
 4.28920e-08
 2.71739e-08
 3.16181e-08
 5.04282e-08
 2.13942e-08
 2.87346e-09
 3.06865e-10
 1.89418e-11
 4.63395e-12
 1.46578e-11
 3.59156e-11
 5.66839e-11
 5.38725e-11
 2.76430e-11
 1.55321e-11
 1.27253e-10
 4.68821e-10
 7.36878e-10
 6.44925e-10
 3.66326e-10
 1.47580e-10
 5.57586e-11
 4.79726e-11
 4.42369e-10
 4.17302e-09
 2.80114e-08
 1.32606e-07
 2.16716e-07
 1.32606e-07
 2.80114e-08
 4.17302e-09
 4.42369e-10
 4.79726e-11
 5.57586e-11
 1.47580e-10
 3.66326e-10
 6.44925e-10
 7.36878e-10
 4.68821e-10
 1.27253e-10
 1.55321e-11
 2.76430e-11
 5.38725e-11
 5.66839e-11
 3.59156e-11
 1.46578e-11
 4.63395e-12
 1.89418e-11
 3.06865e-10
 2.87346e-09
 2.13942e-08
 5.04282e-08
 3.16181e-08
 3.84582e-08
 6.40873e-08
 3.00705e-08
 5.12789e-09
 7.52312e-10
 6.91498e-11
 5.98935e-12
 9.78591e-12
 1.87703e-11
 2.56541e-11
 2.26208e-11
 1.16635e-11
 8.31509e-12
 6.20900e-11
 2.28412e-10
 3.75615e-10
 3.68659e-10
 2.62228e-10
 1.44302e-10
 7.01850e-11
 1.21620e-10
 1.03999e-09
 7.24844e-09
 3.86353e-08
 1.57044e-07
 2.49431e-07
 1.57044e-07
 3.86353e-08
 7.24844e-09
 1.03999e-09
 1.21620e-10
 7.01850e-11
 1.44302e-10
 2.62228e-10
 3.68659e-10
 3.75615e-10
 2.28412e-10
 6.20900e-11
 8.31509e-12
 1.16635e-11
 2.26208e-11
 2.56541e-11
 1.87703e-11
 9.78591e-12
 5.98935e-12
 6.91498e-11
 7.52312e-10
 5.12789e-09
 3.00705e-08
 6.40873e-08
 3.84582e-08
 4.95519e-08
 8.94124e-08
 4.97717e-08
 1.23277e-08
 2.84426e-09
 4.63859e-10
 3.73888e-11
 4.40090e-12
 7.32609e-12
 9.07380e-12
 7.63329e-12
 4.23351e-12
 3.91432e-12
 2.50517e-11
 8.69609e-11
 1.50464e-10
 1.62088e-10
 1.32160e-10
 8.55495e-11
 8.91840e-11
 6.09597e-10
 3.73419e-09
 1.68086e-08
 6.33775e-08
 2.00604e-07
 3.01701e-07
 2.00604e-07
 6.33775e-08
 1.68086e-08
 3.73419e-09
 6.09597e-10
 8.91840e-11
 8.55495e-11
 1.32160e-10
 1.62088e-10
 1.50464e-10
 8.69609e-11
 2.50517e-11
 3.91432e-12
 4.23351e-12
 7.63329e-12
 9.07380e-12
 7.32609e-12
 4.40090e-12
 3.73888e-11
 4.63859e-10
 2.84426e-09
 1.23277e-08
 4.97717e-08
 8.94124e-08
 4.95519e-08
 6.94025e-08
 1.40649e-07
 1.00731e-07
 4.22637e-08
 1.75150e-08
 5.87548e-09
 1.13994e-09
 1.24801e-12
 1.94095e-12
 2.29477e-12
 1.93686e-12
 1.24751e-12
 1.42894e-12
 7.58003e-12
 2.36395e-11
 4.26111e-11
 4.91643e-11
 4.22398e-11
 2.88823e-11
 1.37526e-09
 7.19105e-09
 2.21541e-08
 5.58215e-08
 1.31038e-07
 2.85615e-07
 3.88141e-07
 2.85615e-07
 1.31038e-07
 5.58215e-08
 2.21541e-08
 7.19105e-09
 1.37526e-09
 2.88823e-11
 4.22398e-11
 4.91643e-11
 4.26111e-11
 2.36395e-11
 7.58003e-12
 1.42894e-12
 1.24751e-12
 1.93686e-12
 2.29477e-12
 1.94095e-12
 1.24801e-12
 1.13994e-09
 5.87548e-09
 1.75150e-08
 4.22637e-08
 1.00731e-07
 1.40649e-07
 6.94025e-08
 1.09055e-07
 2.57857e-07
 2.64092e-07
 2.12539e-07
 1.83664e-07
 1.66722e-07
 1.57835e-07
 1.54494e-07
 1.57189e-07
 1.64596e-07
 1.78418e-07
 1.97566e-07
 2.15607e-07
 2.20987e-07
 2.13931e-07
 2.06640e-07
 2.00004e-07
 1.97188e-07
 1.99586e-07
 2.06562e-07
 2.21040e-07
 2.46841e-07
 2.90419e-07
 3.67299e-07
 4.74525e-07
 5.32151e-07
 4.74525e-07
 3.67299e-07
 2.90419e-07
 2.46841e-07
 2.21040e-07
 2.06562e-07
 1.99586e-07
 1.97188e-07
 2.00004e-07
 2.06640e-07
 2.13931e-07
 2.20987e-07
 2.15607e-07
 1.97566e-07
 1.78418e-07
 1.64596e-07
 1.57189e-07
 1.54494e-07
 1.57835e-07
 1.66722e-07
 1.83664e-07
 2.12539e-07
 2.64092e-07
 2.57857e-07
 1.09055e-07
 1.69152e-07
 4.31157e-07
 5.13034e-07
 4.91409e-07
 4.72867e-07
 4.58527e-07
 4.47007e-07
 4.39751e-07
 4.54354e-07
 4.94754e-07
 5.75018e-07
 7.12018e-07
 8.69815e-07
 9.14811e-07
 8.40623e-07
 7.62679e-07
 7.02973e-07
 6.75754e-07
 6.80597e-07
 7.03246e-07
 7.34028e-07
 7.69938e-07
 8.12834e-07
 8.67715e-07
 8.84930e-07
 8.70945e-07
 8.84930e-07
 8.67715e-07
 8.12834e-07
 7.69938e-07
 7.34028e-07
 7.03246e-07
 6.80597e-07
 6.75754e-07
 7.02973e-07
 7.62679e-07
 8.40623e-07
 9.14811e-07
 8.69815e-07
 7.12018e-07
 5.75018e-07
 4.94754e-07
 4.54354e-07
 4.39751e-07
 4.47007e-07
 4.58527e-07
 4.72867e-07
 4.91409e-07
 5.13034e-07
 4.31157e-07
 1.69152e-07
 2.00908e-07
 5.09384e-07
 5.81037e-07
 4.99477e-07
 4.19343e-07
 3.63336e-07
 3.31615e-07
 3.19631e-07
 3.36574e-07
 3.83803e-07
 4.84085e-07
 6.94980e-07
 1.03462e-06
 1.13990e-06
 9.41993e-07
 7.77003e-07
 6.81470e-07
 6.33232e-07
 6.23568e-07
 6.49682e-07
 7.10852e-07
 8.15137e-07
 9.59124e-07
 1.11390e-06
 1.17640e-06
 1.16426e-06
 1.17640e-06
 1.11390e-06
 9.59124e-07
 8.15137e-07
 7.10852e-07
 6.49682e-07
 6.23568e-07
 6.33232e-07
 6.81470e-07
 7.77003e-07
 9.41993e-07
 1.13990e-06
 1.03462e-06
 6.94980e-07
 4.84085e-07
 3.83803e-07
 3.36574e-07
 3.19631e-07
 3.31615e-07
 3.63336e-07
 4.19343e-07
 4.99477e-07
 5.81037e-07
 5.09384e-07
 2.00908e-07
 1.94422e-07
 4.69737e-07
 4.50307e-07
 2.71206e-07
 1.46481e-07
 7.75869e-08
 4.67356e-08
 3.89374e-08
 4.54278e-08
 6.34849e-08
 1.08866e-07
 2.51641e-07
 6.45085e-07
 7.79742e-07
 5.17838e-07
 3.63515e-07
 3.00425e-07
 2.61143e-07
 2.31917e-07
 2.30034e-07
 2.75555e-07
 3.92361e-07
 6.12486e-07
 9.30584e-07
 1.16001e-06
 1.21117e-06
 1.16001e-06
 9.30584e-07
 6.12486e-07
 3.92361e-07
 2.75555e-07
 2.30034e-07
 2.31917e-07
 2.61143e-07
 3.00425e-07
 3.63515e-07
 5.17838e-07
 7.79742e-07
 6.45085e-07
 2.51641e-07
 1.08866e-07
 6.34849e-08
 4.54278e-08
 3.89374e-08
 4.67356e-08
 7.75869e-08
 1.46481e-07
 2.71206e-07
 4.50307e-07
 4.69737e-07
 1.94422e-07
 1.82922e-07
 4.11843e-07
 3.23755e-07
 1.27360e-07
 4.29554e-08
 1.43446e-08
 6.59064e-09
 6.09239e-09
 8.49467e-09
 1.34881e-08
 2.79000e-08
 9.90731e-08
 4.66997e-07
 6.08761e-07
 3.67849e-07
 2.75904e-07
 2.43958e-07
 2.11547e-07
 1.73712e-07
 1.42898e-07
 1.40735e-07
 1.90822e-07
 3.58236e-07
 7.31108e-07
 1.09357e-06
 1.20887e-06
 1.09357e-06
 7.31108e-07
 3.58236e-07
 1.90822e-07
 1.40735e-07
 1.42898e-07
 1.73712e-07
 2.11547e-07
 2.43958e-07
 2.75904e-07
 3.67849e-07
 6.08761e-07
 4.66997e-07
 9.90731e-08
 2.79000e-08
 1.34881e-08
 8.49467e-09
 6.09239e-09
 6.59064e-09
 1.43446e-08
 4.29554e-08
 1.27360e-07
 3.23755e-07
 4.11843e-07
 1.82922e-07
 1.69480e-07
 3.57902e-07
 2.45778e-07
 7.14432e-08
 1.70866e-08
 3.94798e-09
 1.84475e-09
 2.89174e-09
 5.11307e-09
 7.33733e-09
 1.08202e-08
 3.86448e-08
 3.68014e-07
 5.18609e-07
 3.25402e-07
 2.85739e-07
 2.63323e-07
 2.09039e-07
 1.53438e-07
 1.12045e-07
 9.65972e-08
 1.22115e-07
 2.40207e-07
 5.86878e-07
 1.01901e-06
 1.19905e-06
 1.01901e-06
 5.86878e-07
 2.40207e-07
 1.22115e-07
 9.65972e-08
 1.12045e-07
 1.53438e-07
 2.09039e-07
 2.63323e-07
 2.85739e-07
 3.25402e-07
 5.18609e-07
 3.68014e-07
 3.86448e-08
 1.08202e-08
 7.33733e-09
 5.11307e-09
 2.89174e-09
 1.84475e-09
 3.94798e-09
 1.70866e-08
 7.14432e-08
 2.45778e-07
 3.57902e-07
 1.69480e-07
 1.58132e-07
 3.23408e-07
 2.07820e-07
 5.09528e-08
 9.73284e-09
 1.72772e-09
 1.03825e-09
 2.69201e-09
 6.28987e-09
 9.78131e-09
 1.01947e-08
 1.53597e-08
 3.09133e-07
 4.69193e-07
 3.32294e-07
 3.29674e-07
 2.86178e-07
 1.81978e-07
 1.02784e-07
 6.78976e-08
 6.11694e-08
 8.44224e-08
 1.87190e-07
 5.16609e-07
 9.77482e-07
 1.19148e-06
 9.77482e-07
 5.16609e-07
 1.87190e-07
 8.44224e-08
 6.11694e-08
 6.78976e-08
 1.02784e-07
 1.81978e-07
 2.86178e-07
 3.29674e-07
 3.32294e-07
 4.69193e-07
 3.09133e-07
 1.53597e-08
 1.01947e-08
 9.78131e-09
 6.28987e-09
 2.69201e-09
 1.03825e-09
 1.72772e-09
 9.73284e-09
 5.09528e-08
 2.07820e-07
 3.23408e-07
 1.58132e-07
 1.50661e-07
 3.08134e-07
 1.99628e-07
 5.03084e-08
 9.47509e-09
 1.65087e-09
 8.86346e-10
 2.70584e-09
 8.05241e-09
 1.43361e-08
 1.45454e-08
 9.32251e-09
 2.73716e-07
 4.45875e-07
 3.61764e-07
 3.73301e-07
 2.90620e-07
 1.42583e-07
 5.57902e-08
 3.23855e-08
 3.81056e-08
 6.90819e-08
 1.80749e-07
 5.22676e-07
 9.84079e-07
 1.19143e-06
 9.84079e-07
 5.22676e-07
 1.80749e-07
 6.90819e-08
 3.81056e-08
 3.23855e-08
 5.57902e-08
 1.42583e-07
 2.90620e-07
 3.73301e-07
 3.61764e-07
 4.45875e-07
 2.73716e-07
 9.32251e-09
 1.45454e-08
 1.43361e-08
 8.05241e-09
 2.70584e-09
 8.86346e-10
 1.65087e-09
 9.47509e-09
 5.03084e-08
 1.99628e-07
 3.08134e-07
 1.50661e-07
 1.46725e-07
 3.01101e-07
 2.10024e-07
 6.94299e-08
 1.76013e-08
 5.28115e-09
 3.17550e-09
 5.53650e-09
 1.26881e-08
 2.05522e-08
 2.01277e-08
 1.06333e-08
 2.54070e-07
 4.42907e-07
 3.99531e-07
 4.13317e-07
 3.14292e-07
 1.51267e-07
 6.00554e-08
 3.46684e-08
 4.51872e-08
 9.03421e-08
 2.27749e-07
 5.82364e-07
 1.01232e-06
 1.19229e-06
 1.01232e-06
 5.82364e-07
 2.27749e-07
 9.03421e-08
 4.51872e-08
 3.46684e-08
 6.00554e-08
 1.51267e-07
 3.14292e-07
 4.13317e-07
 3.99531e-07
 4.42907e-07
 2.54070e-07
 1.06333e-08
 2.01277e-08
 2.05522e-08
 1.26881e-08
 5.53650e-09
 3.17550e-09
 5.28115e-09
 1.76013e-08
 6.94299e-08
 2.10024e-07
 3.01101e-07
 1.46725e-07
 1.46353e-07
 2.95756e-07
 2.31600e-07
 1.12903e-07
 4.41614e-08
 2.06104e-08
 1.45848e-08
 1.79295e-08
 2.61414e-08
 3.14381e-08
 2.59242e-08
 1.28035e-08
 2.45425e-07
 4.51106e-07
 4.40443e-07
 4.68487e-07
 3.97642e-07
 2.42869e-07
 1.29918e-07
 9.01023e-08
 1.02163e-07
 1.70417e-07
 3.50255e-07
 7.00188e-07
 1.05481e-06
 1.18962e-06
 1.05481e-06
 7.00188e-07
 3.50255e-07
 1.70417e-07
 1.02163e-07
 9.01023e-08
 1.29918e-07
 2.42869e-07
 3.97642e-07
 4.68487e-07
 4.40443e-07
 4.51106e-07
 2.45425e-07
 1.28035e-08
 2.59242e-08
 3.14381e-08
 2.61414e-08
 1.79295e-08
 1.45848e-08
 2.06104e-08
 4.41614e-08
 1.12903e-07
 2.31600e-07
 2.95756e-07
 1.46353e-07
 1.47619e-07
 2.89673e-07
 2.48817e-07
 1.69994e-07
 1.01738e-07
 6.43120e-08
 4.97710e-08
 4.83657e-08
 4.88248e-08
 4.39405e-08
 3.04858e-08
 1.38405e-08
 2.45049e-07
 4.69647e-07
 4.83647e-07
 5.33090e-07
 5.24998e-07
 4.27074e-07
 3.17040e-07
 2.63799e-07
 2.77790e-07
 3.75329e-07
 5.82494e-07
 8.69677e-07
 1.10023e-06
 1.17953e-06
 1.10023e-06
 8.69677e-07
 5.82494e-07
 3.75329e-07
 2.77790e-07
 2.63799e-07
 3.17040e-07
 4.27074e-07
 5.24998e-07
 5.33090e-07
 4.83647e-07
 4.69647e-07
 2.45049e-07
 1.38405e-08
 3.04858e-08
 4.39405e-08
 4.88248e-08
 4.83657e-08
 4.97710e-08
 6.43120e-08
 1.01738e-07
 1.69994e-07
 2.48817e-07
 2.89673e-07
 1.47619e-07
 1.46673e-07
 2.77487e-07
 2.42411e-07
 1.99052e-07
 1.53214e-07
 1.16962e-07
 9.56142e-08
 8.23354e-08
 6.80761e-08
 5.07175e-08
 3.08717e-08
 1.31184e-08
 2.61575e-07
 5.19662e-07
 5.39432e-07
 5.91172e-07
 6.35941e-07
 6.30878e-07
 5.99767e-07
 5.79306e-07
 6.02164e-07
 6.94391e-07
 8.44286e-07
 1.00206e-06
 1.11151e-06
 1.14879e-06
 1.11151e-06
 1.00206e-06
 8.44286e-07
 6.94391e-07
 6.02164e-07
 5.79306e-07
 5.99767e-07
 6.30878e-07
 6.35941e-07
 5.91172e-07
 5.39432e-07
 5.19662e-07
 2.61575e-07
 1.31184e-08
 3.08717e-08
 5.07175e-08
 6.80761e-08
 8.23354e-08
 9.56142e-08
 1.16962e-07
 1.53214e-07
 1.99052e-07
 2.42411e-07
 2.77487e-07
 1.46673e-07
 1.27507e-07
 2.31763e-07
 1.93845e-07
 1.66249e-07
 1.40789e-07
 1.17355e-07
 9.70534e-08
 7.85724e-08
 6.06473e-08
 4.29233e-08
 2.57305e-08
 1.13350e-08
 3.04099e-07
 6.46769e-07
 6.82963e-07
 6.84489e-07
 6.97166e-07
 7.07165e-07
 7.21829e-07
 7.45519e-07
 7.85387e-07
 8.43906e-07
 9.08771e-07
 9.64428e-07
 1.00373e-06
 1.01808e-06
 1.00373e-06
 9.64428e-07
 9.08771e-07
 8.43906e-07
 7.85387e-07
 7.45519e-07
 7.21829e-07
 7.07165e-07
 6.97166e-07
 6.84489e-07
 6.82963e-07
 6.46769e-07
 3.04099e-07
 1.13350e-08
 2.57305e-08
 4.29233e-08
 6.06473e-08
 7.85724e-08
 9.70534e-08
 1.17355e-07
 1.40789e-07
 1.66249e-07
 1.93845e-07
 2.31763e-07
 1.27507e-07
 1.59508e-07
 2.80737e-07
 2.18812e-07
 1.81125e-07
 1.54784e-07
 1.30840e-07
 1.07400e-07
 8.50846e-08
 6.51630e-08
 4.69789e-08
 2.99641e-08
 1.43548e-08
 4.25936e-07
 1.31023e-06
 2.07424e-06
 2.58365e-06
 2.94997e-06
 3.22410e-06
 3.43149e-06
 3.59237e-06
 3.71260e-06
 3.79209e-06
 3.84051e-06
 3.85941e-06
 3.86097e-06
 3.86076e-06
 3.86097e-06
 3.85941e-06
 3.84051e-06
 3.79209e-06
 3.71260e-06
 3.59237e-06
 3.43149e-06
 3.22410e-06
 2.94997e-06
 2.58365e-06
 2.07424e-06
 1.31023e-06
 4.25936e-07
 1.43548e-08
 2.99641e-08
 4.69789e-08
 6.51630e-08
 8.50846e-08
 1.07400e-07
 1.30840e-07
 1.54784e-07
 1.81125e-07
 2.18812e-07
 2.80737e-07
 1.59508e-07
 2.64131e-07
 4.70214e-07
 3.75100e-07
 3.12802e-07
 2.67254e-07
 2.29583e-07
 1.96596e-07
 1.65358e-07
 1.33716e-07
 1.00438e-07
 6.39495e-08
 2.86499e-08
 5.74333e-07
 2.41811e-06
 4.76884e-06
 6.49599e-06
 7.50393e-06
 8.02883e-06
 8.29249e-06
 8.40325e-06
 8.44060e-06
 8.46199e-06
 8.46636e-06
 8.43019e-06
 8.37278e-06
 8.34933e-06
 8.37278e-06
 8.43019e-06
 8.46636e-06
 8.46199e-06
 8.44060e-06
 8.40325e-06
 8.29249e-06
 8.02883e-06
 7.50393e-06
 6.49599e-06
 4.76884e-06
 2.41811e-06
 5.74333e-07
 2.86499e-08
 6.39495e-08
 1.00438e-07
 1.33716e-07
 1.65358e-07
 1.96596e-07
 2.29583e-07
 2.67254e-07
 3.12802e-07
 3.75100e-07
 4.70214e-07
 2.64131e-07
 3.18711e-07
 5.80923e-07
 4.80510e-07
 3.97302e-07
 3.25999e-07
 2.69903e-07
 2.33189e-07
 2.07314e-07
 1.78259e-07
 1.42842e-07
 9.80933e-08
 4.68922e-08
 6.98897e-07
 3.47555e-06
 7.16811e-06
 9.45079e-06
 1.03268e-05
 1.04195e-05
 1.02282e-05
 1.00239e-05
 9.85820e-06
 9.77206e-06
 9.79037e-06
 9.86623e-06
 9.87194e-06
 9.84808e-06
 9.87194e-06
 9.86623e-06
 9.79037e-06
 9.77206e-06
 9.85820e-06
 1.00239e-05
 1.02282e-05
 1.04195e-05
 1.03268e-05
 9.45079e-06
 7.16811e-06
 3.47555e-06
 6.98897e-07
 4.68922e-08
 9.80933e-08
 1.42842e-07
 1.78259e-07
 2.07314e-07
 2.33189e-07
 2.69903e-07
 3.25999e-07
 3.97302e-07
 4.80510e-07
 5.80923e-07
 3.18711e-07
 3.14448e-07
 5.87877e-07
 4.85571e-07
 3.53735e-07
 2.41168e-07
 1.73921e-07
 1.44814e-07
 1.40998e-07
 1.41039e-07
 1.31357e-07
 1.02755e-07
 5.56318e-08
 8.26990e-07
 4.32298e-06
 8.63834e-06
 1.06234e-05
 1.08097e-05
 1.02736e-05
 9.72574e-06
 9.43472e-06
 9.26445e-06
 9.12349e-06
 9.08109e-06
 9.29906e-06
 9.55576e-06
 9.62207e-06
 9.55576e-06
 9.29906e-06
 9.08109e-06
 9.12349e-06
 9.26445e-06
 9.43472e-06
 9.72574e-06
 1.02736e-05
 1.08097e-05
 1.06234e-05
 8.63834e-06
 4.32298e-06
 8.26990e-07
 5.56318e-08
 1.02755e-07
 1.31357e-07
 1.41039e-07
 1.40998e-07
 1.44814e-07
 1.73921e-07
 2.41168e-07
 3.53735e-07
 4.85571e-07
 5.87877e-07
 3.14448e-07
 3.09337e-07
 5.90938e-07
 4.53171e-07
 2.49558e-07
 1.19154e-07
 6.60485e-08
 5.05115e-08
 5.89089e-08
 8.07612e-08
 9.90663e-08
 9.14971e-08
 5.45146e-08
 9.36497e-07
 4.87180e-06
 9.40591e-06
 1.11031e-05
 1.08676e-05
 1.00953e-05
 9.70701e-06
 9.80657e-06
 9.78510e-06
 9.21667e-06
 8.63619e-06
 8.68149e-06
 9.08871e-06
 9.27492e-06
 9.08871e-06
 8.68149e-06
 8.63619e-06
 9.21667e-06
 9.78510e-06
 9.80657e-06
 9.70701e-06
 1.00953e-05
 1.08676e-05
 1.11031e-05
 9.40591e-06
 4.87180e-06
 9.36497e-07
 5.45146e-08
 9.14971e-08
 9.90663e-08
 8.07612e-08
 5.89089e-08
 5.05115e-08
 6.60485e-08
 1.19154e-07
 2.49558e-07
 4.53171e-07
 5.90938e-07
 3.09337e-07
 3.11089e-07
 6.02213e-07
 4.09189e-07
 1.53610e-07
 4.83754e-08
 1.87591e-08
 1.25062e-08
 1.86680e-08
 3.83953e-08
 6.59245e-08
 7.47393e-08
 4.87745e-08
 1.01271e-06
 5.19485e-06
 9.87669e-06
 1.15054e-05
 1.11791e-05
 1.05475e-05
 1.09842e-05
 1.21882e-05
 1.23631e-05
 1.08180e-05
 8.98895e-06
 8.36425e-06
 8.71608e-06
 8.97772e-06
 8.71608e-06
 8.36425e-06
 8.98895e-06
 1.08180e-05
 1.23631e-05
 1.21882e-05
 1.09842e-05
 1.05475e-05
 1.11791e-05
 1.15054e-05
 9.87669e-06
 5.19485e-06
 1.01271e-06
 4.87745e-08
 7.47393e-08
 6.59245e-08
 3.83953e-08
 1.86680e-08
 1.25062e-08
 1.87591e-08
 4.83754e-08
 1.53610e-07
 4.09189e-07
 6.02213e-07
 3.11089e-07
 3.20053e-07
 6.20082e-07
 3.82996e-07
 1.01521e-07
 2.26282e-08
 5.24432e-09
 2.64891e-09
 6.92211e-09
 2.16364e-08
 4.64706e-08
 5.93635e-08
 4.01306e-08
 1.02868e-06
 5.24992e-06
 1.01359e-05
 1.20089e-05
 1.18214e-05
 1.14552e-05
 1.31363e-05
 1.53065e-05
 1.51989e-05
 1.29701e-05
 9.88296e-06
 8.27365e-06
 8.42876e-06
 8.71524e-06
 8.42876e-06
 8.27365e-06
 9.88296e-06
 1.29701e-05
 1.51989e-05
 1.53065e-05
 1.31363e-05
 1.14552e-05
 1.18214e-05
 1.20089e-05
 1.01359e-05
 5.24992e-06
 1.02868e-06
 4.01306e-08
 5.93635e-08
 4.64706e-08
 2.16364e-08
 6.92211e-09
 2.64891e-09
 5.24432e-09
 2.26282e-08
 1.01521e-07
 3.82996e-07
 6.20082e-07
 3.20053e-07
 3.37211e-07
 6.45767e-07
 3.80281e-07
 8.61769e-08
 1.70904e-08
 3.61573e-09
 2.34900e-09
 6.45534e-09
 1.90680e-08
 3.79068e-08
 4.59741e-08
 3.56005e-08
 1.02071e-06
 5.08275e-06
 1.00551e-05
 1.24391e-05
 1.27999e-05
 1.28990e-05
 1.47733e-05
 1.66566e-05
 1.63294e-05
 1.41599e-05
 1.06139e-05
 8.30994e-06
 8.20309e-06
 8.46930e-06
 8.20309e-06
 8.30994e-06
 1.06139e-05
 1.41599e-05
 1.63294e-05
 1.66566e-05
 1.47733e-05
 1.28990e-05
 1.27999e-05
 1.24391e-05
 1.00551e-05
 5.08275e-06
 1.02071e-06
 3.56005e-08
 4.59741e-08
 3.79068e-08
 1.90680e-08
 6.45534e-09
 2.34900e-09
 3.61573e-09
 1.70904e-08
 8.61769e-08
 3.80281e-07
 6.45767e-07
 3.37211e-07
 3.67163e-07
 7.13056e-07
 4.32705e-07
 1.06441e-07
 2.40151e-08
 6.58351e-09
 5.03339e-09
 9.47307e-09
 1.91676e-08
 2.99545e-08
 3.49406e-08
 4.85454e-08
 1.03740e-06
 4.73972e-06
 9.52565e-06
 1.23932e-05
 1.34444e-05
 1.40711e-05
 1.53123e-05
 1.63146e-05
 1.59602e-05
 1.40133e-05
 1.06350e-05
 8.22900e-06
 7.99547e-06
 8.23712e-06
 7.99547e-06
 8.22900e-06
 1.06350e-05
 1.40133e-05
 1.59602e-05
 1.63146e-05
 1.53123e-05
 1.40711e-05
 1.34444e-05
 1.23932e-05
 9.52565e-06
 4.73972e-06
 1.03740e-06
 4.85454e-08
 3.49406e-08
 2.99545e-08
 1.91676e-08
 9.47307e-09
 5.03339e-09
 6.58351e-09
 2.40151e-08
 1.06441e-07
 4.32705e-07
 7.13056e-07
 3.67163e-07
 4.12486e-07
 8.34987e-07
 5.52508e-07
 1.67901e-07
 4.86232e-08
 1.54088e-08
 9.06003e-09
 1.20923e-08
 1.88659e-08
 2.58903e-08
 3.64536e-08
 9.42849e-08
 1.09641e-06
 4.23309e-06
 8.46911e-06
 1.15815e-05
 1.31091e-05
 1.40517e-05
 1.49492e-05
 1.52598e-05
 1.45159e-05
 1.25096e-05
 9.62845e-06
 7.80414e-06
 7.75060e-06
 8.01270e-06
 7.75060e-06
 7.80414e-06
 9.62845e-06
 1.25096e-05
 1.45159e-05
 1.52598e-05
 1.49492e-05
 1.40517e-05
 1.31091e-05
 1.15815e-05
 8.46911e-06
 4.23309e-06
 1.09641e-06
 9.42849e-08
 3.64536e-08
 2.58903e-08
 1.88659e-08
 1.20923e-08
 9.06003e-09
 1.54088e-08
 4.86232e-08
 1.67901e-07
 5.52508e-07
 8.34987e-07
 4.12486e-07
 4.75697e-07
 1.03309e-06
 7.87940e-07
 3.25382e-07
 1.33670e-07
 5.75923e-08
 3.23507e-08
 2.85327e-08
 3.47455e-08
 4.82069e-08
 8.20621e-08
 2.17907e-07
 1.24213e-06
 3.63427e-06
 6.75449e-06
 9.61732e-06
 1.14276e-05
 1.25243e-05
 1.31011e-05
 1.28742e-05
 1.18748e-05
 1.00617e-05
 8.10549e-06
 7.19800e-06
 7.46096e-06
 7.78481e-06
 7.46096e-06
 7.19800e-06
 8.10549e-06
 1.00617e-05
 1.18748e-05
 1.28742e-05
 1.31011e-05
 1.25243e-05
 1.14276e-05
 9.61732e-06
 6.75449e-06
 3.63427e-06
 1.24213e-06
 2.17907e-07
 8.20621e-08
 4.82069e-08
 3.47455e-08
 2.85327e-08
 3.23507e-08
 5.75923e-08
 1.33670e-07
 3.25382e-07
 7.87940e-07
 1.03309e-06
 4.75697e-07
 5.44758e-07
 1.29665e-06
 1.22618e-06
 7.68234e-07
 4.80616e-07
 3.16925e-07
 2.37288e-07
 2.09832e-07
 2.17867e-07
 2.59546e-07
 3.64590e-07
 6.44268e-07
 1.67039e-06
 3.30437e-06
 5.04230e-06
 6.86763e-06
 8.29141e-06
 9.19136e-06
 9.49819e-06
 9.16767e-06
 8.47769e-06
 7.52974e-06
 6.75523e-06
 6.62326e-06
 7.14738e-06
 7.54882e-06
 7.14738e-06
 6.62326e-06
 6.75523e-06
 7.52974e-06
 8.47769e-06
 9.16767e-06
 9.49819e-06
 9.19136e-06
 8.29141e-06
 6.86763e-06
 5.04230e-06
 3.30437e-06
 1.67039e-06
 6.44268e-07
 3.64590e-07
 2.59546e-07
 2.17867e-07
 2.09832e-07
 2.37288e-07
 3.16925e-07
 4.80616e-07
 7.68234e-07
 1.22618e-06
 1.29665e-06
 5.44758e-07
 5.98697e-07
 1.52231e-06
 1.74217e-06
 1.52456e-06
 1.32352e-06
 1.17673e-06
 1.08388e-06
 1.03518e-06
 1.03580e-06
 1.10329e-06
 1.27551e-06
 1.61020e-06
 2.31605e-06
 3.15882e-06
 3.84722e-06
 4.52240e-06
 5.12092e-06
 5.55892e-06
 5.75214e-06
 5.73840e-06
 5.66003e-06
 5.56525e-06
 5.61075e-06
 6.00382e-06
 6.78082e-06
 7.25527e-06
 6.78082e-06
 6.00382e-06
 5.61075e-06
 5.56525e-06
 5.66003e-06
 5.73840e-06
 5.75214e-06
 5.55892e-06
 5.12092e-06
 4.52240e-06
 3.84722e-06
 3.15882e-06
 2.31605e-06
 1.61020e-06
 1.27551e-06
 1.10329e-06
 1.03580e-06
 1.03518e-06
 1.08388e-06
 1.17673e-06
 1.32352e-06
 1.52456e-06
 1.74217e-06
 1.52231e-06
 5.98697e-07
 4.58730e-07
 1.11833e-06
 1.23239e-06
 1.09117e-06
 9.94907e-07
 9.24661e-07
 8.76740e-07
 8.47175e-07
 8.43037e-07
 8.78730e-07
 9.72074e-07
 1.12009e-06
 1.31811e-06
 1.51580e-06
 1.66439e-06
 1.79108e-06
 1.90838e-06
 2.00921e-06
 2.09834e-06
 2.19064e-06
 2.30879e-06
 2.49301e-06
 2.81866e-06
 3.48674e-06
 4.77056e-06
 5.59694e-06
 4.77056e-06
 3.48674e-06
 2.81866e-06
 2.49301e-06
 2.30879e-06
 2.19064e-06
 2.09834e-06
 2.00921e-06
 1.90838e-06
 1.79108e-06
 1.66439e-06
 1.51580e-06
 1.31811e-06
 1.12009e-06
 9.72074e-07
 8.78730e-07
 8.43037e-07
 8.47175e-07
 8.76740e-07
 9.24661e-07
 9.94907e-07
 1.09117e-06
 1.23239e-06
 1.11833e-06
 4.58730e-07
 2.37523e-07
 4.66889e-07
 3.24172e-07
 1.36412e-07
 5.71024e-08
 1.92132e-08
 3.71749e-09
 0.00000e+00
 0.00000e+00
 0.00000e+00
 0.00000e+00
 0.00000e+00
 0.00000e+00
 0.00000e+00
 0.00000e+00
 0.00000e+00
 0.00000e+00
 0.00000e+00
 0.00000e+00
 7.05383e-09
 3.90998e-08
 1.27009e-07
 3.40239e-07
 8.87646e-07
 2.34404e-06
 3.40334e-06
 2.34404e-06
 8.87646e-07
 3.40239e-07
 1.27009e-07
 3.90998e-08
 7.05383e-09
 0.00000e+00
 0.00000e+00
 0.00000e+00
 0.00000e+00
 0.00000e+00
 0.00000e+00
 0.00000e+00
 0.00000e+00
 0.00000e+00
 0.00000e+00
 0.00000e+00
 0.00000e+00
 3.71749e-09
 1.92132e-08
 5.71024e-08
 1.36412e-07
 3.24172e-07
 4.66889e-07
 2.37523e-07
 1.49160e-07
 2.48943e-07
 1.23420e-07
 2.92407e-08
 6.57839e-09
 1.05519e-09
 7.97008e-11
 0.00000e+00
 0.00000e+00
 0.00000e+00
 0.00000e+00
 0.00000e+00
 0.00000e+00
 0.00000e+00
 0.00000e+00
 0.00000e+00
 0.00000e+00
 0.00000e+00
 0.00000e+00
 1.60736e-10
 2.30616e-09
 1.57908e-08
 7.95445e-08
 3.58726e-07
 1.48550e-06
 2.38535e-06
 1.48550e-06
 3.58726e-07
 7.95445e-08
 1.57908e-08
 2.30616e-09
 1.60736e-10
 0.00000e+00
 0.00000e+00
 0.00000e+00
 0.00000e+00
 0.00000e+00
 0.00000e+00
 0.00000e+00
 0.00000e+00
 0.00000e+00
 0.00000e+00
 0.00000e+00
 0.00000e+00
 7.97008e-11
 1.05519e-09
 6.57839e-09
 2.92407e-08
 1.23420e-07
 2.48943e-07
 1.49160e-07
 1.08698e-07
 1.63200e-07
 6.31746e-08
 9.92434e-09
 1.36559e-09
 1.17756e-10
 3.52442e-12
 0.00000e+00
 0.00000e+00
 0.00000e+00
 0.00000e+00
 0.00000e+00
 0.00000e+00
 0.00000e+00
 0.00000e+00
 0.00000e+00
 0.00000e+00
 0.00000e+00
 0.00000e+00
 7.64721e-12
 2.79062e-10
 3.57825e-09
 2.96306e-08
 1.98452e-07
 1.10274e-06
 1.86122e-06
 1.10274e-06
 1.98452e-07
 2.96306e-08
 3.57825e-09
 2.79062e-10
 7.64721e-12
 0.00000e+00
 0.00000e+00
 0.00000e+00
 0.00000e+00
 0.00000e+00
 0.00000e+00
 0.00000e+00
 0.00000e+00
 0.00000e+00
 0.00000e+00
 0.00000e+00
 0.00000e+00
 3.52442e-12
 1.17756e-10
 1.36559e-09
 9.92434e-09
 6.31746e-08
 1.63200e-07
 1.08698e-07
 8.42229e-08
 1.20247e-07
 4.03763e-08
 4.78397e-09
 4.54535e-10
 2.33646e-11
 2.86158e-13
 0.00000e+00
 0.00000e+00
 0.00000e+00
 0.00000e+00
 0.00000e+00
 0.00000e+00
 0.00000e+00
 0.00000e+00
 0.00000e+00
 0.00000e+00
 0.00000e+00
 0.00000e+00
 6.87420e-13
 6.12017e-11
 1.30965e-09
 1.55915e-08
 1.35849e-07
 8.99604e-07
 1.55619e-06
 8.99604e-07
 1.35849e-07
 1.55915e-08
 1.30965e-09
 6.12017e-11
 6.87420e-13
 0.00000e+00
 0.00000e+00
 0.00000e+00
 0.00000e+00
 0.00000e+00
 0.00000e+00
 0.00000e+00
 0.00000e+00
 0.00000e+00
 0.00000e+00
 0.00000e+00
 0.00000e+00
 2.86158e-13
 2.33646e-11
 4.54535e-10
 4.78397e-09
 4.03763e-08
 1.20247e-07
 8.42229e-08
 9.44159e-08
 1.22266e-07
 3.07085e-08
 3.08181e-09
 2.31966e-10
 8.25608e-12
 4.64988e-14
 0.00000e+00
 0.00000e+00
 0.00000e+00
 0.00000e+00
 0.00000e+00
 0.00000e+00
 0.00000e+00
 0.00000e+00
 0.00000e+00
 0.00000e+00
 0.00000e+00
 0.00000e+00
 1.34023e-13
 2.51419e-11
 7.57250e-10
 1.11256e-08
 1.11202e-07
 7.84659e-07
 1.36770e-06
 7.84659e-07
 1.11202e-07
 1.11256e-08
 7.57250e-10
 2.51419e-11
 1.34023e-13
 0.00000e+00
 0.00000e+00
 0.00000e+00
 0.00000e+00
 0.00000e+00
 0.00000e+00
 0.00000e+00
 0.00000e+00
 0.00000e+00
 0.00000e+00
 0.00000e+00
 0.00000e+00
 4.64988e-14
 8.25608e-12
 2.31966e-10
 3.08181e-09
 3.07085e-08
 1.22266e-07
 9.44159e-08
 5.85714e-08
 7.09336e-08
 1.35690e-08
 1.29426e-09
 9.01637e-11
 2.79026e-12
 1.08098e-14
 0.00000e+00
 0.00000e+00
 0.00000e+00
 0.00000e+00
 0.00000e+00
 0.00000e+00
 0.00000e+00
 0.00000e+00
 0.00000e+00
 0.00000e+00
 0.00000e+00
 0.00000e+00
 3.77929e-14
 9.68465e-12
 3.26044e-10
 5.06518e-09
 5.19146e-08
 3.64585e-07
 6.34839e-07
 3.64585e-07
 5.19146e-08
 5.06518e-09
 3.26044e-10
 9.68465e-12
 3.77929e-14
 0.00000e+00
 0.00000e+00
 0.00000e+00
 0.00000e+00
 0.00000e+00
 0.00000e+00
 0.00000e+00
 0.00000e+00
 0.00000e+00
 0.00000e+00
 0.00000e+00
 0.00000e+00
 1.08098e-14
 2.79026e-12
 9.01637e-11
 1.29426e-09
 1.35690e-08
 7.09336e-08
 5.85714e-08
 0.00000e+00
 0.00000e+00
 0.00000e+00
 0.00000e+00
 0.00000e+00
 0.00000e+00
 1.92430e-22
 2.30576e-18
 1.12759e-16
 1.36203e-15
 7.41959e-15
 1.48319e-14
 9.88702e-14
 3.72681e-13
 4.33882e-13
 1.78306e-13
 2.90747e-14
 2.21691e-15
 4.12602e-17
 3.26836e-21
 0.00000e+00
 0.00000e+00
 0.00000e+00
 0.00000e+00
 0.00000e+00
 0.00000e+00
 0.00000e+00
 0.00000e+00
 0.00000e+00
 0.00000e+00
 0.00000e+00
 3.26836e-21
 4.12602e-17
 2.21691e-15
 2.90747e-14
 1.78306e-13
 4.33882e-13
 3.72681e-13
 9.88702e-14
 1.48319e-14
 7.41959e-15
 1.36203e-15
 1.12759e-16
 2.30576e-18
 1.92430e-22
 0.00000e+00
 0.00000e+00
 0.00000e+00
 0.00000e+00
 0.00000e+00
 0.00000e+00
 0.00000e+00
 0.00000e+00
 0.00000e+00
 0.00000e+00
 0.00000e+00
 0.00000e+00
 5.20041e-21
 1.64586e-17
 5.70497e-16
 5.78556e-15
 2.84931e-14
 5.43704e-14
 3.33353e-13
 1.25154e-12
 1.48067e-12
 6.34888e-13
 1.13465e-13
 1.02195e-14
 2.66788e-16
 7.66313e-20
 0.00000e+00
 0.00000e+00
 0.00000e+00
 0.00000e+00
 0.00000e+00
 0.00000e+00
 0.00000e+00
 0.00000e+00
 0.00000e+00
 0.00000e+00
 0.00000e+00
 7.66313e-20
 2.66788e-16
 1.02195e-14
 1.13465e-13
 6.34888e-13
 1.48067e-12
 1.25154e-12
 3.33353e-13
 5.43704e-14
 2.84931e-14
 5.78556e-15
 5.70497e-16
 1.64586e-17
 5.20041e-21
 0.00000e+00
 0.00000e+00
 0.00000e+00
 0.00000e+00
 0.00000e+00
 0.00000e+00
 0.00000e+00
 0.00000e+00
 0.00000e+00
 0.00000e+00
 0.00000e+00
 0.00000e+00
 2.07185e-19
 1.31160e-16
 2.64826e-15
 1.92903e-14
 7.49494e-14
 1.25389e-13
 6.29776e-13
 2.42899e-12
 3.09551e-12
 1.52865e-12
 3.40163e-13
 4.25041e-14
 1.91577e-15
 2.71905e-18
 0.00000e+00
 0.00000e+00
 0.00000e+00
 0.00000e+00
 0.00000e+00
 0.00000e+00
 0.00000e+00
 0.00000e+00
 0.00000e+00
 0.00000e+00
 0.00000e+00
 2.71905e-18
 1.91577e-15
 4.25041e-14
 3.40163e-13
 1.52865e-12
 3.09551e-12
 2.42899e-12
 6.29776e-13
 1.25389e-13
 7.49494e-14
 1.92903e-14
 2.64826e-15
 1.31160e-16
 2.07185e-19
 0.00000e+00
 0.00000e+00
 0.00000e+00
 0.00000e+00
 0.00000e+00
 0.00000e+00
 0.00000e+00
 0.00000e+00
 0.00000e+00
 0.00000e+00
 0.00000e+00
 0.00000e+00
 1.29666e-17
 1.61050e-15
 1.76240e-14
 8.36025e-14
 2.27718e-13
 3.09345e-13
 1.15375e-12
 4.78214e-12
 6.96921e-12
 4.29338e-12
 1.33659e-12
 2.56159e-13
 2.14863e-14
 1.54645e-16
 0.00000e+00
 0.00000e+00
 0.00000e+00
 0.00000e+00
 0.00000e+00
 0.00000e+00
 0.00000e+00
 0.00000e+00
 0.00000e+00
 0.00000e+00
 0.00000e+00
 1.54645e-16
 2.14863e-14
 2.56159e-13
 1.33659e-12
 4.29338e-12
 6.96921e-12
 4.78214e-12
 1.15375e-12
 3.09345e-13
 2.27718e-13
 8.36025e-14
 1.76240e-14
 1.61050e-15
 1.29666e-17
 0.00000e+00
 0.00000e+00
 0.00000e+00
 0.00000e+00
 0.00000e+00
 0.00000e+00
 0.00000e+00
 0.00000e+00
 0.00000e+00
 0.00000e+00
 0.00000e+00
 0.00000e+00
 1.32533e-15
 3.27746e-14
 1.83557e-13
 5.18399e-13
 8.90517e-13
 8.95290e-13
 2.19699e-12
 1.06044e-11
 1.86824e-11
 1.54316e-11
 7.57066e-12
 2.43020e-12
 4.01814e-13
 1.45294e-14
 0.00000e+00
 0.00000e+00
 0.00000e+00
 0.00000e+00
 0.00000e+00
 0.00000e+00
 0.00000e+00
 0.00000e+00
 0.00000e+00
 0.00000e+00
 0.00000e+00
 1.45294e-14
 4.01814e-13
 2.43020e-12
 7.57066e-12
 1.54316e-11
 1.86824e-11
 1.06044e-11
 2.19699e-12
 8.95290e-13
 8.90517e-13
 5.18399e-13
 1.83557e-13
 3.27746e-14
 1.32533e-15
 0.00000e+00
 0.00000e+00
 0.00000e+00
 0.00000e+00
 0.00000e+00
 0.00000e+00
 0.00000e+00
 0.00000e+00
 0.00000e+00
 0.00000e+00
 0.00000e+00
 0.00000e+00
 2.62542e-13
 1.40545e-12
 3.50112e-12
 4.97506e-12
 4.85776e-12
 3.29028e-12
 4.33164e-12
 2.70140e-11
 6.23526e-11
 7.86172e-11
 6.91835e-11
 4.22651e-11
 1.57439e-11
 2.66593e-12
 0.00000e+00
 0.00000e+00
 0.00000e+00
 0.00000e+00
 0.00000e+00
 0.00000e+00
 0.00000e+00
 0.00000e+00
 0.00000e+00
 0.00000e+00
 0.00000e+00
 2.66593e-12
 1.57439e-11
 4.22651e-11
 6.91835e-11
 7.86172e-11
 6.23526e-11
 2.70140e-11
 4.33164e-12
 3.29028e-12
 4.85776e-12
 4.97506e-12
 3.50112e-12
 1.40545e-12
 2.62542e-13
 0.00000e+00
 0.00000e+00
 0.00000e+00
 0.00000e+00
 0.00000e+00
 0.00000e+00
 1.42795e-09
 2.49043e-09
 1.90754e-09
 1.52566e-09
 1.20481e-09
 9.07887e-10
 6.38914e-10
 4.17220e-10
 2.57422e-10
 1.44568e-10
 6.92787e-11
 2.50479e-11
 1.46639e-11
 1.11415e-10
 4.32509e-10
 1.03143e-09
 1.88094e-09
 2.93285e-09
 4.17080e-09
 5.62077e-09
 7.25940e-09
 8.99766e-09
 1.06521e-08
 1.17978e-08
 1.21131e-08
 1.20533e-08
 1.21131e-08
 1.17978e-08
 1.06521e-08
 8.99766e-09
 7.25940e-09
 5.62077e-09
 4.17080e-09
 2.93285e-09
 1.88094e-09
 1.03143e-09
 4.32509e-10
 1.11415e-10
 1.46639e-11
 2.50479e-11
 6.92787e-11
 1.44568e-10
 2.57422e-10
 4.17220e-10
 6.38914e-10
 9.07887e-10
 1.20481e-09
 1.52566e-09
 1.90754e-09
 2.49043e-09
 1.42795e-09
 6.64579e-09
 1.17961e-08
 9.19050e-09
 7.05521e-09
 5.20864e-09
 3.77767e-09
 2.70416e-09
 1.86709e-09
 1.19444e-09
 6.68565e-10
 3.00078e-10
 9.43879e-11
 3.94710e-11
 3.13688e-10
 1.39447e-09
 3.56696e-09
 6.53575e-09
 9.93245e-09
 1.36381e-08
 1.76105e-08
 2.23288e-08
 2.84772e-08
 3.67405e-08
 4.61297e-08
 5.30972e-08
 5.54568e-08
 5.30972e-08
 4.61297e-08
 3.67405e-08
 2.84772e-08
 2.23288e-08
 1.76105e-08
 1.36381e-08
 9.93245e-09
 6.53575e-09
 3.56696e-09
 1.39447e-09
 3.13688e-10
 3.94710e-11
 9.43879e-11
 3.00078e-10
 6.68565e-10
 1.19444e-09
 1.86709e-09
 2.70416e-09
 3.77767e-09
 5.20864e-09
 7.05521e-09
 9.19050e-09
 1.17961e-08
 6.64579e-09
 1.27207e-08
 2.27412e-08
 1.73031e-08
 1.22179e-08
 8.26374e-09
 5.64928e-09
 4.01300e-09
 2.86445e-09
 1.90780e-09
 1.11818e-09
 5.26048e-10
 1.72387e-10
 6.78607e-11
 4.96449e-10
 2.16451e-09
 5.27620e-09
 8.97733e-09
 1.24636e-08
 1.56300e-08
 1.87785e-08
 2.36398e-08
 3.22983e-08
 4.77140e-08
 7.13551e-08
 9.53093e-08
 1.05611e-07
 9.53093e-08
 7.13551e-08
 4.77140e-08
 3.22983e-08
 2.36398e-08
 1.87785e-08
 1.56300e-08
 1.24636e-08
 8.97733e-09
 5.27620e-09
 2.16451e-09
 4.96449e-10
 6.78607e-11
 1.72387e-10
 5.26048e-10
 1.11818e-09
 1.90780e-09
 2.86445e-09
 4.01300e-09
 5.64928e-09
 8.26374e-09
 1.22179e-08
 1.73031e-08
 2.27412e-08
 1.27207e-08
 1.64923e-08
 2.92792e-08
 2.07185e-08
 1.20923e-08
 6.55321e-09
 3.93017e-09
 2.67337e-09
 2.03203e-09
 1.55475e-09
 1.05456e-09
 5.58062e-10
 1.96523e-10
 7.88783e-11
 5.40883e-10
 2.26242e-09
 4.94003e-09
 7.16456e-09
 8.03007e-09
 8.12822e-09
 8.56197e-09
 1.09815e-08
 1.73354e-08
 3.21058e-08
 6.59071e-08
 1.12778e-07
 1.36299e-07
 1.12778e-07
 6.59071e-08
 3.21058e-08
 1.73354e-08
 1.09815e-08
 8.56197e-09
 8.12822e-09
 8.03007e-09
 7.16456e-09
 4.94003e-09
 2.26242e-09
 5.40883e-10
 7.88783e-11
 1.96523e-10
 5.58062e-10
 1.05456e-09
 1.55475e-09
 2.03203e-09
 2.67337e-09
 3.93017e-09
 6.55321e-09
 1.20923e-08
 2.07185e-08
 2.92792e-08
 1.64923e-08
 1.91878e-08
 3.33065e-08
 2.03167e-08
 8.36387e-09
 3.09313e-09
 1.42975e-09
 8.75336e-10
 7.69109e-10
 8.06969e-10
 7.28665e-10
 4.65724e-10
 1.79240e-10
 7.25300e-11
 5.10806e-10
 2.04823e-09
 3.90714e-09
 4.45972e-09
 3.54378e-09
 2.46167e-09
 2.10526e-09
 2.91790e-09
 5.87148e-09
 1.52538e-08
 4.82359e-08
 1.15405e-07
 1.56825e-07
 1.15405e-07
 4.82359e-08
 1.52538e-08
 5.87148e-09
 2.91790e-09
 2.10526e-09
 2.46167e-09
 3.54378e-09
 4.45972e-09
 3.90714e-09
 2.04823e-09
 5.10806e-10
 7.25300e-11
 1.79240e-10
 4.65724e-10
 7.28665e-10
 8.06969e-10
 7.69109e-10
 8.75336e-10
 1.42975e-09
 3.09313e-09
 8.36387e-09
 2.03167e-08
 3.33065e-08
 1.91878e-08
 2.15555e-08
 3.62380e-08
 1.84031e-08
 4.52664e-09
 1.03204e-09
 3.19165e-10
 1.65598e-10
 1.81345e-10
 2.99284e-10
 3.92749e-10
 3.20530e-10
 1.44064e-10
 6.02572e-11
 4.45597e-10
 1.65295e-09
 2.74074e-09
 2.42050e-09
 1.32554e-09
 5.98255e-10
 3.67511e-10
 5.76596e-10
 1.72250e-09
 7.12333e-09
 3.34145e-08
 1.13810e-07
 1.72399e-07
 1.13810e-07
 3.34145e-08
 7.12333e-09
 1.72250e-09
 5.76596e-10
 3.67511e-10
 5.98255e-10
 1.32554e-09
 2.42050e-09
 2.74074e-09
 1.65295e-09
 4.45597e-10
 6.02572e-11
 1.44064e-10
 3.20530e-10
 3.92749e-10
 2.99284e-10
 1.81345e-10
 1.65598e-10
 3.19165e-10
 1.03204e-09
 4.52664e-09
 1.84031e-08
 3.62380e-08
 2.15555e-08
 2.40912e-08
 3.90394e-08
 1.72519e-08
 2.59375e-09
 3.26338e-10
 4.42004e-11
 1.71242e-11
 4.02944e-11
 1.16984e-10
 1.99107e-10
 1.92758e-10
 9.77892e-11
 4.35339e-11
 3.43496e-10
 1.21194e-09
 1.85291e-09
 1.43404e-09
 6.10644e-10
 1.62415e-10
 4.27623e-11
 7.80003e-11
 5.12717e-10
 3.94703e-09
 2.59070e-08
 1.15066e-07
 1.85310e-07
 1.15066e-07
 2.59070e-08
 3.94703e-09
 5.12717e-10
 7.80003e-11
 4.27623e-11
 1.62415e-10
 6.10644e-10
 1.43404e-09
 1.85291e-09
 1.21194e-09
 3.43496e-10
 4.35339e-11
 9.77892e-11
 1.92758e-10
 1.99107e-10
 1.16984e-10
 4.02944e-11
 1.71242e-11
 4.42004e-11
 3.26338e-10
 2.59375e-09
 1.72519e-08
 3.90394e-08
 2.40912e-08
 2.71739e-08
 4.28920e-08
 1.76895e-08
 2.16168e-09
 1.99181e-10
 9.52810e-12
 3.07643e-12
 1.74410e-11
 6.01810e-11
 1.08259e-10
 1.08234e-10
 5.60546e-11
 2.70775e-11
 2.26272e-10
 8.06084e-10
 1.22921e-09
 9.65574e-10
 4.23639e-10
 1.09670e-10
 2.46976e-11
 2.33659e-11
 2.95610e-10
 3.23143e-09
 2.40295e-08
 1.19535e-07
 1.96917e-07
 1.19535e-07
 2.40295e-08
 3.23143e-09
 2.95610e-10
 2.33659e-11
 2.46976e-11
 1.09670e-10
 4.23639e-10
 9.65574e-10
 1.22921e-09
 8.06084e-10
 2.26272e-10
 2.70775e-11
 5.60546e-11
 1.08234e-10
 1.08259e-10
 6.01810e-11
 1.74410e-11
 3.07643e-12
 9.52810e-12
 1.99181e-10
 2.16168e-09
 1.76895e-08
 4.28920e-08
 2.71739e-08
 3.16181e-08
 5.04282e-08
 2.13942e-08
 2.87346e-09
 3.06865e-10
 1.89418e-11
 4.63395e-12
 1.46578e-11
 3.59156e-11
 5.66839e-11
 5.38725e-11
 2.76430e-11
 1.55321e-11
 1.27253e-10
 4.68821e-10
 7.36878e-10
 6.44925e-10
 3.66326e-10
 1.47580e-10
 5.57586e-11
 4.79726e-11
 4.42369e-10
 4.17302e-09
 2.80114e-08
 1.32606e-07
 2.16716e-07
 1.32606e-07
 2.80114e-08
 4.17302e-09
 4.42369e-10
 4.79726e-11
 5.57586e-11
 1.47580e-10
 3.66326e-10
 6.44925e-10
 7.36878e-10
 4.68821e-10
 1.27253e-10
 1.55321e-11
 2.76430e-11
 5.38725e-11
 5.66839e-11
 3.59156e-11
 1.46578e-11
 4.63395e-12
 1.89418e-11
 3.06865e-10
 2.87346e-09
 2.13942e-08
 5.04282e-08
 3.16181e-08
 3.84582e-08
 6.40873e-08
 3.00705e-08
 5.12789e-09
 7.52312e-10
 6.91498e-11
 5.98935e-12
 9.78591e-12
 1.87703e-11
 2.56541e-11
 2.26208e-11
 1.16635e-11
 8.31509e-12
 6.20900e-11
 2.28412e-10
 3.75615e-10
 3.68659e-10
 2.62228e-10
 1.44302e-10
 7.01850e-11
 1.21620e-10
 1.03999e-09
 7.24844e-09
 3.86353e-08
 1.57044e-07
 2.49431e-07
 1.57044e-07
 3.86353e-08
 7.24844e-09
 1.03999e-09
 1.21620e-10
 7.01850e-11
 1.44302e-10
 2.62228e-10
 3.68659e-10
 3.75615e-10
 2.28412e-10
 6.20900e-11
 8.31509e-12
 1.16635e-11
 2.26208e-11
 2.56541e-11
 1.87703e-11
 9.78591e-12
 5.98935e-12
 6.91498e-11
 7.52312e-10
 5.12789e-09
 3.00705e-08
 6.40873e-08
 3.84582e-08
 4.95519e-08
 8.94124e-08
 4.97717e-08
 1.23277e-08
 2.84426e-09
 4.63859e-10
 3.73888e-11
 4.40090e-12
 7.32609e-12
 9.07380e-12
 7.63329e-12
 4.23351e-12
 3.91432e-12
 2.50517e-11
 8.69609e-11
 1.50464e-10
 1.62088e-10
 1.32160e-10
 8.55495e-11
 8.91840e-11
 6.09597e-10
 3.73419e-09
 1.68086e-08
 6.33775e-08
 2.00604e-07
 3.01701e-07
 2.00604e-07
 6.33775e-08
 1.68086e-08
 3.73419e-09
 6.09597e-10
 8.91840e-11
 8.55495e-11
 1.32160e-10
 1.62088e-10
 1.50464e-10
 8.69609e-11
 2.50517e-11
 3.91432e-12
 4.23351e-12
 7.63329e-12
 9.07380e-12
 7.32609e-12
 4.40090e-12
 3.73888e-11
 4.63859e-10
 2.84426e-09
 1.23277e-08
 4.97717e-08
 8.94124e-08
 4.95519e-08
 6.94025e-08
 1.40649e-07
 1.00731e-07
 4.22637e-08
 1.75150e-08
 5.87548e-09
 1.13994e-09
 1.24801e-12
 1.94095e-12
 2.29477e-12
 1.93686e-12
 1.24751e-12
 1.42894e-12
 7.58003e-12
 2.36395e-11
 4.26111e-11
 4.91643e-11
 4.22398e-11
 2.88823e-11
 1.37526e-09
 7.19105e-09
 2.21541e-08
 5.58215e-08
 1.31038e-07
 2.85615e-07
 3.88141e-07
 2.85615e-07
 1.31038e-07
 5.58215e-08
 2.21541e-08
 7.19105e-09
 1.37526e-09
 2.88823e-11
 4.22398e-11
 4.91643e-11
 4.26111e-11
 2.36395e-11
 7.58003e-12
 1.42894e-12
 1.24751e-12
 1.93686e-12
 2.29477e-12
 1.94095e-12
 1.24801e-12
 1.13994e-09
 5.87548e-09
 1.75150e-08
 4.22637e-08
 1.00731e-07
 1.40649e-07
 6.94025e-08
 1.09055e-07
 2.57857e-07
 2.64092e-07
 2.12539e-07
 1.83664e-07
 1.66722e-07
 1.57835e-07
 1.54494e-07
 1.57189e-07
 1.64596e-07
 1.78418e-07
 1.97566e-07
 2.15607e-07
 2.20987e-07
 2.13931e-07
 2.06640e-07
 2.00004e-07
 1.97188e-07
 1.99586e-07
 2.06562e-07
 2.21040e-07
 2.46841e-07
 2.90419e-07
 3.67299e-07
 4.74525e-07
 5.32151e-07
 4.74525e-07
 3.67299e-07
 2.90419e-07
 2.46841e-07
 2.21040e-07
 2.06562e-07
 1.99586e-07
 1.97188e-07
 2.00004e-07
 2.06640e-07
 2.13931e-07
 2.20987e-07
 2.15607e-07
 1.97566e-07
 1.78418e-07
 1.64596e-07
 1.57189e-07
 1.54494e-07
 1.57835e-07
 1.66722e-07
 1.83664e-07
 2.12539e-07
 2.64092e-07
 2.57857e-07
 1.09055e-07
 1.69152e-07
 4.31157e-07
 5.13034e-07
 4.91409e-07
 4.72867e-07
 4.58527e-07
 4.47007e-07
 4.39751e-07
 4.54354e-07
 4.94754e-07
 5.75018e-07
 7.12018e-07
 8.69815e-07
 9.14811e-07
 8.40623e-07
 7.62679e-07
 7.02973e-07
 6.75754e-07
 6.80597e-07
 7.03246e-07
 7.34028e-07
 7.69938e-07
 8.12834e-07
 8.67715e-07
 8.84930e-07
 8.70945e-07
 8.84930e-07
 8.67715e-07
 8.12834e-07
 7.69938e-07
 7.34028e-07
 7.03246e-07
 6.80597e-07
 6.75754e-07
 7.02973e-07
 7.62679e-07
 8.40623e-07
 9.14811e-07
 8.69815e-07
 7.12018e-07
 5.75018e-07
 4.94754e-07
 4.54354e-07
 4.39751e-07
 4.47007e-07
 4.58527e-07
 4.72867e-07
 4.91409e-07
 5.13034e-07
 4.31157e-07
 1.69152e-07
 2.00908e-07
 5.09384e-07
 5.81037e-07
 4.99477e-07
 4.19343e-07
 3.63336e-07
 3.31615e-07
 3.19631e-07
 3.36574e-07
 3.83803e-07
 4.84085e-07
 6.94980e-07
 1.03462e-06
 1.13990e-06
 9.41993e-07
 7.77003e-07
 6.81470e-07
 6.33232e-07
 6.23568e-07
 6.49682e-07
 7.10852e-07
 8.15137e-07
 9.59124e-07
 1.11390e-06
 1.17640e-06
 1.16426e-06
 1.17640e-06
 1.11390e-06
 9.59124e-07
 8.15137e-07
 7.10852e-07
 6.49682e-07
 6.23568e-07
 6.33232e-07
 6.81470e-07
 7.77003e-07
 9.41993e-07
 1.13990e-06
 1.03462e-06
 6.94980e-07
 4.84085e-07
 3.83803e-07
 3.36574e-07
 3.19631e-07
 3.31615e-07
 3.63336e-07
 4.19343e-07
 4.99477e-07
 5.81037e-07
 5.09384e-07
 2.00908e-07
 1.94422e-07
 4.69737e-07
 4.50307e-07
 2.71206e-07
 1.46481e-07
 7.75869e-08
 4.67356e-08
 3.89374e-08
 4.54278e-08
 6.34849e-08
 1.08866e-07
 2.51641e-07
 6.45085e-07
 7.79742e-07
 5.17838e-07
 3.63515e-07
 3.00425e-07
 2.61143e-07
 2.31917e-07
 2.30034e-07
 2.75555e-07
 3.92361e-07
 6.12486e-07
 9.30584e-07
 1.16001e-06
 1.21117e-06
 1.16001e-06
 9.30584e-07
 6.12486e-07
 3.92361e-07
 2.75555e-07
 2.30034e-07
 2.31917e-07
 2.61143e-07
 3.00425e-07
 3.63515e-07
 5.17838e-07
 7.79742e-07
 6.45085e-07
 2.51641e-07
 1.08866e-07
 6.34849e-08
 4.54278e-08
 3.89374e-08
 4.67356e-08
 7.75869e-08
 1.46481e-07
 2.71206e-07
 4.50307e-07
 4.69737e-07
 1.94422e-07
 1.82922e-07
 4.11843e-07
 3.23755e-07
 1.27360e-07
 4.29554e-08
 1.43446e-08
 6.59064e-09
 6.09239e-09
 8.49467e-09
 1.34881e-08
 2.79000e-08
 9.90731e-08
 4.66997e-07
 6.08761e-07
 3.67849e-07
 2.75904e-07
 2.43958e-07
 2.11547e-07
 1.73712e-07
 1.42898e-07
 1.40735e-07
 1.90822e-07
 3.58236e-07
 7.31108e-07
 1.09357e-06
 1.20887e-06
 1.09357e-06
 7.31108e-07
 3.58236e-07
 1.90822e-07
 1.40735e-07
 1.42898e-07
 1.73712e-07
 2.11547e-07
 2.43958e-07
 2.75904e-07
 3.67849e-07
 6.08761e-07
 4.66997e-07
 9.90731e-08
 2.79000e-08
 1.34881e-08
 8.49467e-09
 6.09239e-09
 6.59064e-09
 1.43446e-08
 4.29554e-08
 1.27360e-07
 3.23755e-07
 4.11843e-07
 1.82922e-07
 1.69480e-07
 3.57902e-07
 2.45778e-07
 7.14432e-08
 1.70866e-08
 3.94798e-09
 1.84475e-09
 2.89174e-09
 5.11307e-09
 7.33733e-09
 1.08202e-08
 3.86448e-08
 3.68014e-07
 5.18609e-07
 3.25402e-07
 2.85739e-07
 2.63323e-07
 2.09039e-07
 1.53438e-07
 1.12045e-07
 9.65972e-08
 1.22115e-07
 2.40207e-07
 5.86878e-07
 1.01901e-06
 1.19905e-06
 1.01901e-06
 5.86878e-07
 2.40207e-07
 1.22115e-07
 9.65972e-08
 1.12045e-07
 1.53438e-07
 2.09039e-07
 2.63323e-07
 2.85739e-07
 3.25402e-07
 5.18609e-07
 3.68014e-07
 3.86448e-08
 1.08202e-08
 7.33733e-09
 5.11307e-09
 2.89174e-09
 1.84475e-09
 3.94798e-09
 1.70866e-08
 7.14432e-08
 2.45778e-07
 3.57902e-07
 1.69480e-07
 1.58132e-07
 3.23408e-07
 2.07820e-07
 5.09528e-08
 9.73284e-09
 1.72772e-09
 1.03825e-09
 2.69201e-09
 6.28987e-09
 9.78131e-09
 1.01947e-08
 1.53597e-08
 3.09133e-07
 4.69193e-07
 3.32294e-07
 3.29674e-07
 2.86178e-07
 1.81978e-07
 1.02784e-07
 6.78976e-08
 6.11694e-08
 8.44224e-08
 1.87190e-07
 5.16609e-07
 9.77482e-07
 1.19148e-06
 9.77482e-07
 5.16609e-07
 1.87190e-07
 8.44224e-08
 6.11694e-08
 6.78976e-08
 1.02784e-07
 1.81978e-07
 2.86178e-07
 3.29674e-07
 3.32294e-07
 4.69193e-07
 3.09133e-07
 1.53597e-08
 1.01947e-08
 9.78131e-09
 6.28987e-09
 2.69201e-09
 1.03825e-09
 1.72772e-09
 9.73284e-09
 5.09528e-08
 2.07820e-07
 3.23408e-07
 1.58132e-07
 1.50661e-07
 3.08134e-07
 1.99628e-07
 5.03084e-08
 9.47509e-09
 1.65087e-09
 8.86346e-10
 2.70584e-09
 8.05241e-09
 1.43361e-08
 1.45454e-08
 9.32251e-09
 2.73716e-07
 4.45875e-07
 3.61764e-07
 3.73301e-07
 2.90620e-07
 1.42583e-07
 5.57902e-08
 3.23855e-08
 3.81056e-08
 6.90819e-08
 1.80749e-07
 5.22676e-07
 9.84079e-07
 1.19143e-06
 9.84079e-07
 5.22676e-07
 1.80749e-07
 6.90819e-08
 3.81056e-08
 3.23855e-08
 5.57902e-08
 1.42583e-07
 2.90620e-07
 3.73301e-07
 3.61764e-07
 4.45875e-07
 2.73716e-07
 9.32251e-09
 1.45454e-08
 1.43361e-08
 8.05241e-09
 2.70584e-09
 8.86346e-10
 1.65087e-09
 9.47509e-09
 5.03084e-08
 1.99628e-07
 3.08134e-07
 1.50661e-07
 1.46725e-07
 3.01101e-07
 2.10024e-07
 6.94299e-08
 1.76013e-08
 5.28115e-09
 3.17550e-09
 5.53650e-09
 1.26881e-08
 2.05522e-08
 2.01277e-08
 1.06333e-08
 2.54070e-07
 4.42907e-07
 3.99531e-07
 4.13317e-07
 3.14292e-07
 1.51267e-07
 6.00554e-08
 3.46684e-08
 4.51872e-08
 9.03421e-08
 2.27749e-07
 5.82364e-07
 1.01232e-06
 1.19229e-06
 1.01232e-06
 5.82364e-07
 2.27749e-07
 9.03421e-08
 4.51872e-08
 3.46684e-08
 6.00554e-08
 1.51267e-07
 3.14292e-07
 4.13317e-07
 3.99531e-07
 4.42907e-07
 2.54070e-07
 1.06333e-08
 2.01277e-08
 2.05522e-08
 1.26881e-08
 5.53650e-09
 3.17550e-09
 5.28115e-09
 1.76013e-08
 6.94299e-08
 2.10024e-07
 3.01101e-07
 1.46725e-07
 1.46353e-07
 2.95756e-07
 2.31600e-07
 1.12903e-07
 4.41614e-08
 2.06104e-08
 1.45848e-08
 1.79295e-08
 2.61414e-08
 3.14381e-08
 2.59242e-08
 1.28035e-08
 2.45425e-07
 4.51106e-07
 4.40443e-07
 4.68487e-07
 3.97642e-07
 2.42869e-07
 1.29918e-07
 9.01023e-08
 1.02163e-07
 1.70417e-07
 3.50255e-07
 7.00188e-07
 1.05481e-06
 1.18962e-06
 1.05481e-06
 7.00188e-07
 3.50255e-07
 1.70417e-07
 1.02163e-07
 9.01023e-08
 1.29918e-07
 2.42869e-07
 3.97642e-07
 4.68487e-07
 4.40443e-07
 4.51106e-07
 2.45425e-07
 1.28035e-08
 2.59242e-08
 3.14381e-08
 2.61414e-08
 1.79295e-08
 1.45848e-08
 2.06104e-08
 4.41614e-08
 1.12903e-07
 2.31600e-07
 2.95756e-07
 1.46353e-07
 1.47619e-07
 2.89673e-07
 2.48817e-07
 1.69994e-07
 1.01738e-07
 6.43120e-08
 4.97710e-08
 4.83657e-08
 4.88248e-08
 4.39405e-08
 3.04858e-08
 1.38405e-08
 2.45049e-07
 4.69647e-07
 4.83647e-07
 5.33090e-07
 5.24998e-07
 4.27074e-07
 3.17040e-07
 2.63799e-07
 2.77790e-07
 3.75329e-07
 5.82494e-07
 8.69677e-07
 1.10023e-06
 1.17953e-06
 1.10023e-06
 8.69677e-07
 5.82494e-07
 3.75329e-07
 2.77790e-07
 2.63799e-07
 3.17040e-07
 4.27074e-07
 5.24998e-07
 5.33090e-07
 4.83647e-07
 4.69647e-07
 2.45049e-07
 1.38405e-08
 3.04858e-08
 4.39405e-08
 4.88248e-08
 4.83657e-08
 4.97710e-08
 6.43120e-08
 1.01738e-07
 1.69994e-07
 2.48817e-07
 2.89673e-07
 1.47619e-07
 1.46673e-07
 2.77487e-07
 2.42411e-07
 1.99052e-07
 1.53214e-07
 1.16962e-07
 9.56142e-08
 8.23354e-08
 6.80761e-08
 5.07175e-08
 3.08717e-08
 1.31184e-08
 2.61575e-07
 5.19662e-07
 5.39432e-07
 5.91172e-07
 6.35941e-07
 6.30878e-07
 5.99767e-07
 5.79306e-07
 6.02164e-07
 6.94391e-07
 8.44286e-07
 1.00206e-06
 1.11151e-06
 1.14879e-06
 1.11151e-06
 1.00206e-06
 8.44286e-07
 6.94391e-07
 6.02164e-07
 5.79306e-07
 5.99767e-07
 6.30878e-07
 6.35941e-07
 5.91172e-07
 5.39432e-07
 5.19662e-07
 2.61575e-07
 1.31184e-08
 3.08717e-08
 5.07175e-08
 6.80761e-08
 8.23354e-08
 9.56142e-08
 1.16962e-07
 1.53214e-07
 1.99052e-07
 2.42411e-07
 2.77487e-07
 1.46673e-07
 1.27507e-07
 2.31763e-07
 1.93845e-07
 1.66249e-07
 1.40789e-07
 1.17355e-07
 9.70534e-08
 7.85724e-08
 6.06473e-08
 4.29233e-08
 2.57305e-08
 1.13350e-08
 3.04099e-07
 6.46769e-07
 6.82963e-07
 6.84489e-07
 6.97166e-07
 7.07165e-07
 7.21829e-07
 7.45519e-07
 7.85387e-07
 8.43906e-07
 9.08771e-07
 9.64428e-07
 1.00373e-06
 1.01808e-06
 1.00373e-06
 9.64428e-07
 9.08771e-07
 8.43906e-07
 7.85387e-07
 7.45519e-07
 7.21829e-07
 7.07165e-07
 6.97166e-07
 6.84489e-07
 6.82963e-07
 6.46769e-07
 3.04099e-07
 1.13350e-08
 2.57305e-08
 4.29233e-08
 6.06473e-08
 7.85724e-08
 9.70534e-08
 1.17355e-07
 1.40789e-07
 1.66249e-07
 1.93845e-07
 2.31763e-07
 1.27507e-07
 1.59508e-07
 2.80737e-07
 2.18812e-07
 1.81125e-07
 1.54784e-07
 1.30840e-07
 1.07400e-07
 8.50846e-08
 6.51630e-08
 4.69789e-08
 2.99641e-08
 1.43548e-08
 4.25936e-07
 1.31023e-06
 2.07424e-06
 2.58365e-06
 2.94997e-06
 3.22410e-06
 3.43149e-06
 3.59237e-06
 3.71260e-06
 3.79209e-06
 3.84051e-06
 3.85941e-06
 3.86097e-06
 3.86076e-06
 3.86097e-06
 3.85941e-06
 3.84051e-06
 3.79209e-06
 3.71260e-06
 3.59237e-06
 3.43149e-06
 3.22410e-06
 2.94997e-06
 2.58365e-06
 2.07424e-06
 1.31023e-06
 4.25936e-07
 1.43548e-08
 2.99641e-08
 4.69789e-08
 6.51630e-08
 8.50846e-08
 1.07400e-07
 1.30840e-07
 1.54784e-07
 1.81125e-07
 2.18812e-07
 2.80737e-07
 1.59508e-07
 2.64131e-07
 4.70214e-07
 3.75100e-07
 3.12802e-07
 2.67254e-07
 2.29583e-07
 1.96596e-07
 1.65358e-07
 1.33716e-07
 1.00438e-07
 6.39495e-08
 2.86499e-08
 5.74333e-07
 2.41811e-06
 4.76884e-06
 6.49599e-06
 7.50393e-06
 8.02883e-06
 8.29249e-06
 8.40325e-06
 8.44060e-06
 8.46199e-06
 8.46636e-06
 8.43019e-06
 8.37278e-06
 8.34933e-06
 8.37278e-06
 8.43019e-06
 8.46636e-06
 8.46199e-06
 8.44060e-06
 8.40325e-06
 8.29249e-06
 8.02883e-06
 7.50393e-06
 6.49599e-06
 4.76884e-06
 2.41811e-06
 5.74333e-07
 2.86499e-08
 6.39495e-08
 1.00438e-07
 1.33716e-07
 1.65358e-07
 1.96596e-07
 2.29583e-07
 2.67254e-07
 3.12802e-07
 3.75100e-07
 4.70214e-07
 2.64131e-07
 3.18711e-07
 5.80923e-07
 4.80510e-07
 3.97302e-07
 3.25999e-07
 2.69903e-07
 2.33189e-07
 2.07314e-07
 1.78259e-07
 1.42842e-07
 9.80933e-08
 4.68922e-08
 6.98897e-07
 3.47555e-06
 7.16811e-06
 9.45079e-06
 1.03268e-05
 1.04195e-05
 1.02282e-05
 1.00239e-05
 9.85820e-06
 9.77206e-06
 9.79037e-06
 9.86623e-06
 9.87194e-06
 9.84808e-06
 9.87194e-06
 9.86623e-06
 9.79037e-06
 9.77206e-06
 9.85820e-06
 1.00239e-05
 1.02282e-05
 1.04195e-05
 1.03268e-05
 9.45079e-06
 7.16811e-06
 3.47555e-06
 6.98897e-07
 4.68922e-08
 9.80933e-08
 1.42842e-07
 1.78259e-07
 2.07314e-07
 2.33189e-07
 2.69903e-07
 3.25999e-07
 3.97302e-07
 4.80510e-07
 5.80923e-07
 3.18711e-07
 3.14448e-07
 5.87877e-07
 4.85571e-07
 3.53735e-07
 2.41168e-07
 1.73921e-07
 1.44814e-07
 1.40998e-07
 1.41039e-07
 1.31357e-07
 1.02755e-07
 5.56318e-08
 8.26990e-07
 4.32298e-06
 8.63834e-06
 1.06234e-05
 1.08097e-05
 1.02736e-05
 9.72574e-06
 9.43472e-06
 9.26445e-06
 9.12349e-06
 9.08109e-06
 9.29906e-06
 9.55576e-06
 9.62207e-06
 9.55576e-06
 9.29906e-06
 9.08109e-06
 9.12349e-06
 9.26445e-06
 9.43472e-06
 9.72574e-06
 1.02736e-05
 1.08097e-05
 1.06234e-05
 8.63834e-06
 4.32298e-06
 8.26990e-07
 5.56318e-08
 1.02755e-07
 1.31357e-07
 1.41039e-07
 1.40998e-07
 1.44814e-07
 1.73921e-07
 2.41168e-07
 3.53735e-07
 4.85571e-07
 5.87877e-07
 3.14448e-07
 3.09337e-07
 5.90938e-07
 4.53171e-07
 2.49558e-07
 1.19154e-07
 6.60485e-08
 5.05115e-08
 5.89089e-08
 8.07612e-08
 9.90663e-08
 9.14971e-08
 5.45146e-08
 9.36497e-07
 4.87180e-06
 9.40591e-06
 1.11031e-05
 1.08676e-05
 1.00953e-05
 9.70701e-06
 9.80657e-06
 9.78510e-06
 9.21667e-06
 8.63619e-06
 8.68149e-06
 9.08871e-06
 9.27492e-06
 9.08871e-06
 8.68149e-06
 8.63619e-06
 9.21667e-06
 9.78510e-06
 9.80657e-06
 9.70701e-06
 1.00953e-05
 1.08676e-05
 1.11031e-05
 9.40591e-06
 4.87180e-06
 9.36497e-07
 5.45146e-08
 9.14971e-08
 9.90663e-08
 8.07612e-08
 5.89089e-08
 5.05115e-08
 6.60485e-08
 1.19154e-07
 2.49558e-07
 4.53171e-07
 5.90938e-07
 3.09337e-07
 3.11089e-07
 6.02213e-07
 4.09189e-07
 1.53610e-07
 4.83754e-08
 1.87591e-08
 1.25062e-08
 1.86680e-08
 3.83953e-08
 6.59245e-08
 7.47393e-08
 4.87745e-08
 1.01271e-06
 5.19485e-06
 9.87669e-06
 1.15054e-05
 1.11791e-05
 1.05475e-05
 1.09842e-05
 1.21882e-05
 1.23631e-05
 1.08180e-05
 8.98895e-06
 8.36425e-06
 8.71608e-06
 8.97772e-06
 8.71608e-06
 8.36425e-06
 8.98895e-06
 1.08180e-05
 1.23631e-05
 1.21882e-05
 1.09842e-05
 1.05475e-05
 1.11791e-05
 1.15054e-05
 9.87669e-06
 5.19485e-06
 1.01271e-06
 4.87745e-08
 7.47393e-08
 6.59245e-08
 3.83953e-08
 1.86680e-08
 1.25062e-08
 1.87591e-08
 4.83754e-08
 1.53610e-07
 4.09189e-07
 6.02213e-07
 3.11089e-07
 3.20053e-07
 6.20082e-07
 3.82996e-07
 1.01521e-07
 2.26282e-08
 5.24432e-09
 2.64891e-09
 6.92211e-09
 2.16364e-08
 4.64706e-08
 5.93635e-08
 4.01306e-08
 1.02868e-06
 5.24992e-06
 1.01359e-05
 1.20089e-05
 1.18214e-05
 1.14552e-05
 1.31363e-05
 1.53065e-05
 1.51989e-05
 1.29701e-05
 9.88296e-06
 8.27365e-06
 8.42876e-06
 8.71524e-06
 8.42876e-06
 8.27365e-06
 9.88296e-06
 1.29701e-05
 1.51989e-05
 1.53065e-05
 1.31363e-05
 1.14552e-05
 1.18214e-05
 1.20089e-05
 1.01359e-05
 5.24992e-06
 1.02868e-06
 4.01306e-08
 5.93635e-08
 4.64706e-08
 2.16364e-08
 6.92211e-09
 2.64891e-09
 5.24432e-09
 2.26282e-08
 1.01521e-07
 3.82996e-07
 6.20082e-07
 3.20053e-07
 3.37211e-07
 6.45767e-07
 3.80281e-07
 8.61769e-08
 1.70904e-08
 3.61573e-09
 2.34900e-09
 6.45534e-09
 1.90680e-08
 3.79068e-08
 4.59741e-08
 3.56005e-08
 1.02071e-06
 5.08275e-06
 1.00551e-05
 1.24391e-05
 1.27999e-05
 1.28990e-05
 1.47733e-05
 1.66566e-05
 1.63294e-05
 1.41599e-05
 1.06139e-05
 8.30994e-06
 8.20309e-06
 8.46930e-06
 8.20309e-06
 8.30994e-06
 1.06139e-05
 1.41599e-05
 1.63294e-05
 1.66566e-05
 1.47733e-05
 1.28990e-05
 1.27999e-05
 1.24391e-05
 1.00551e-05
 5.08275e-06
 1.02071e-06
 3.56005e-08
 4.59741e-08
 3.79068e-08
 1.90680e-08
 6.45534e-09
 2.34900e-09
 3.61573e-09
 1.70904e-08
 8.61769e-08
 3.80281e-07
 6.45767e-07
 3.37211e-07
 3.67163e-07
 7.13056e-07
 4.32705e-07
 1.06441e-07
 2.40151e-08
 6.58351e-09
 5.03339e-09
 9.47307e-09
 1.91676e-08
 2.99545e-08
 3.49406e-08
 4.85454e-08
 1.03740e-06
 4.73972e-06
 9.52565e-06
 1.23932e-05
 1.34444e-05
 1.40711e-05
 1.53123e-05
 1.63146e-05
 1.59602e-05
 1.40133e-05
 1.06350e-05
 8.22900e-06
 7.99547e-06
 8.23712e-06
 7.99547e-06
 8.22900e-06
 1.06350e-05
 1.40133e-05
 1.59602e-05
 1.63146e-05
 1.53123e-05
 1.40711e-05
 1.34444e-05
 1.23932e-05
 9.52565e-06
 4.73972e-06
 1.03740e-06
 4.85454e-08
 3.49406e-08
 2.99545e-08
 1.91676e-08
 9.47307e-09
 5.03339e-09
 6.58351e-09
 2.40151e-08
 1.06441e-07
 4.32705e-07
 7.13056e-07
 3.67163e-07
 4.12486e-07
 8.34987e-07
 5.52508e-07
 1.67901e-07
 4.86232e-08
 1.54088e-08
 9.06003e-09
 1.20923e-08
 1.88659e-08
 2.58903e-08
 3.64536e-08
 9.42849e-08
 1.09641e-06
 4.23309e-06
 8.46911e-06
 1.15815e-05
 1.31091e-05
 1.40517e-05
 1.49492e-05
 1.52598e-05
 1.45159e-05
 1.25096e-05
 9.62845e-06
 7.80414e-06
 7.75060e-06
 8.01270e-06
 7.75060e-06
 7.80414e-06
 9.62845e-06
 1.25096e-05
 1.45159e-05
 1.52598e-05
 1.49492e-05
 1.40517e-05
 1.31091e-05
 1.15815e-05
 8.46911e-06
 4.23309e-06
 1.09641e-06
 9.42849e-08
 3.64536e-08
 2.58903e-08
 1.88659e-08
 1.20923e-08
 9.06003e-09
 1.54088e-08
 4.86232e-08
 1.67901e-07
 5.52508e-07
 8.34987e-07
 4.12486e-07
 4.75697e-07
 1.03309e-06
 7.87940e-07
 3.25382e-07
 1.33670e-07
 5.75923e-08
 3.23507e-08
 2.85327e-08
 3.47455e-08
 4.82069e-08
 8.20621e-08
 2.17907e-07
 1.24213e-06
 3.63427e-06
 6.75449e-06
 9.61732e-06
 1.14276e-05
 1.25243e-05
 1.31011e-05
 1.28742e-05
 1.18748e-05
 1.00617e-05
 8.10549e-06
 7.19800e-06
 7.46096e-06
 7.78481e-06
 7.46096e-06
 7.19800e-06
 8.10549e-06
 1.00617e-05
 1.18748e-05
 1.28742e-05
 1.31011e-05
 1.25243e-05
 1.14276e-05
 9.61732e-06
 6.75449e-06
 3.63427e-06
 1.24213e-06
 2.17907e-07
 8.20621e-08
 4.82069e-08
 3.47455e-08
 2.85327e-08
 3.23507e-08
 5.75923e-08
 1.33670e-07
 3.25382e-07
 7.87940e-07
 1.03309e-06
 4.75697e-07
 5.44758e-07
 1.29665e-06
 1.22618e-06
 7.68234e-07
 4.80616e-07
 3.16925e-07
 2.37288e-07
 2.09832e-07
 2.17867e-07
 2.59546e-07
 3.64590e-07
 6.44268e-07
 1.67039e-06
 3.30437e-06
 5.04230e-06
 6.86763e-06
 8.29141e-06
 9.19136e-06
 9.49819e-06
 9.16767e-06
 8.47769e-06
 7.52974e-06
 6.75523e-06
 6.62326e-06
 7.14738e-06
 7.54882e-06
 7.14738e-06
 6.62326e-06
 6.75523e-06
 7.52974e-06
 8.47769e-06
 9.16767e-06
 9.49819e-06
 9.19136e-06
 8.29141e-06
 6.86763e-06
 5.04230e-06
 3.30437e-06
 1.67039e-06
 6.44268e-07
 3.64590e-07
 2.59546e-07
 2.17867e-07
 2.09832e-07
 2.37288e-07
 3.16925e-07
 4.80616e-07
 7.68234e-07
 1.22618e-06
 1.29665e-06
 5.44758e-07
 5.98697e-07
 1.52231e-06
 1.74217e-06
 1.52456e-06
 1.32352e-06
 1.17673e-06
 1.08388e-06
 1.03518e-06
 1.03580e-06
 1.10329e-06
 1.27551e-06
 1.61020e-06
 2.31605e-06
 3.15882e-06
 3.84722e-06
 4.52240e-06
 5.12092e-06
 5.55892e-06
 5.75214e-06
 5.73840e-06
 5.66003e-06
 5.56525e-06
 5.61075e-06
 6.00382e-06
 6.78082e-06
 7.25527e-06
 6.78082e-06
 6.00382e-06
 5.61075e-06
 5.56525e-06
 5.66003e-06
 5.73840e-06
 5.75214e-06
 5.55892e-06
 5.12092e-06
 4.52240e-06
 3.84722e-06
 3.15882e-06
 2.31605e-06
 1.61020e-06
 1.27551e-06
 1.10329e-06
 1.03580e-06
 1.03518e-06
 1.08388e-06
 1.17673e-06
 1.32352e-06
 1.52456e-06
 1.74217e-06
 1.52231e-06
 5.98697e-07
 4.58730e-07
 1.11833e-06
 1.23239e-06
 1.09117e-06
 9.94907e-07
 9.24661e-07
 8.76740e-07
 8.47175e-07
 8.43037e-07
 8.78730e-07
 9.72074e-07
 1.12009e-06
 1.31811e-06
 1.51580e-06
 1.66439e-06
 1.79108e-06
 1.90838e-06
 2.00921e-06
 2.09834e-06
 2.19064e-06
 2.30879e-06
 2.49301e-06
 2.81866e-06
 3.48674e-06
 4.77056e-06
 5.59694e-06
 4.77056e-06
 3.48674e-06
 2.81866e-06
 2.49301e-06
 2.30879e-06
 2.19064e-06
 2.09834e-06
 2.00921e-06
 1.90838e-06
 1.79108e-06
 1.66439e-06
 1.51580e-06
 1.31811e-06
 1.12009e-06
 9.72074e-07
 8.78730e-07
 8.43037e-07
 8.47175e-07
 8.76740e-07
 9.24661e-07
 9.94907e-07
 1.09117e-06
 1.23239e-06
 1.11833e-06
 4.58730e-07
 2.37523e-07
 4.66889e-07
 3.24172e-07
 1.36412e-07
 5.71024e-08
 1.92132e-08
 3.71749e-09
 0.00000e+00
 0.00000e+00
 0.00000e+00
 0.00000e+00
 0.00000e+00
 0.00000e+00
 0.00000e+00
 0.00000e+00
 0.00000e+00
 0.00000e+00
 0.00000e+00
 0.00000e+00
 7.05383e-09
 3.90998e-08
 1.27009e-07
 3.40239e-07
 8.87646e-07
 2.34404e-06
 3.40334e-06
 2.34404e-06
 8.87646e-07
 3.40239e-07
 1.27009e-07
 3.90998e-08
 7.05383e-09
 0.00000e+00
 0.00000e+00
 0.00000e+00
 0.00000e+00
 0.00000e+00
 0.00000e+00
 0.00000e+00
 0.00000e+00
 0.00000e+00
 0.00000e+00
 0.00000e+00
 0.00000e+00
 3.71749e-09
 1.92132e-08
 5.71024e-08
 1.36412e-07
 3.24172e-07
 4.66889e-07
 2.37523e-07
 1.49160e-07
 2.48943e-07
 1.23420e-07
 2.92407e-08
 6.57839e-09
 1.05519e-09
 7.97008e-11
 0.00000e+00
 0.00000e+00
 0.00000e+00
 0.00000e+00
 0.00000e+00
 0.00000e+00
 0.00000e+00
 0.00000e+00
 0.00000e+00
 0.00000e+00
 0.00000e+00
 0.00000e+00
 1.60736e-10
 2.30616e-09
 1.57908e-08
 7.95445e-08
 3.58726e-07
 1.48550e-06
 2.38535e-06
 1.48550e-06
 3.58726e-07
 7.95445e-08
 1.57908e-08
 2.30616e-09
 1.60736e-10
 0.00000e+00
 0.00000e+00
 0.00000e+00
 0.00000e+00
 0.00000e+00
 0.00000e+00
 0.00000e+00
 0.00000e+00
 0.00000e+00
 0.00000e+00
 0.00000e+00
 0.00000e+00
 7.97008e-11
 1.05519e-09
 6.57839e-09
 2.92407e-08
 1.23420e-07
 2.48943e-07
 1.49160e-07
 1.08698e-07
 1.63200e-07
 6.31746e-08
 9.92434e-09
 1.36559e-09
 1.17756e-10
 3.52442e-12
 0.00000e+00
 0.00000e+00
 0.00000e+00
 0.00000e+00
 0.00000e+00
 0.00000e+00
 0.00000e+00
 0.00000e+00
 0.00000e+00
 0.00000e+00
 0.00000e+00
 0.00000e+00
 7.64721e-12
 2.79062e-10
 3.57825e-09
 2.96306e-08
 1.98452e-07
 1.10274e-06
 1.86122e-06
 1.10274e-06
 1.98452e-07
 2.96306e-08
 3.57825e-09
 2.79062e-10
 7.64721e-12
 0.00000e+00
 0.00000e+00
 0.00000e+00
 0.00000e+00
 0.00000e+00
 0.00000e+00
 0.00000e+00
 0.00000e+00
 0.00000e+00
 0.00000e+00
 0.00000e+00
 0.00000e+00
 3.52442e-12
 1.17756e-10
 1.36559e-09
 9.92434e-09
 6.31746e-08
 1.63200e-07
 1.08698e-07
 8.42229e-08
 1.20247e-07
 4.03763e-08
 4.78397e-09
 4.54535e-10
 2.33646e-11
 2.86158e-13
 0.00000e+00
 0.00000e+00
 0.00000e+00
 0.00000e+00
 0.00000e+00
 0.00000e+00
 0.00000e+00
 0.00000e+00
 0.00000e+00
 0.00000e+00
 0.00000e+00
 0.00000e+00
 6.87420e-13
 6.12017e-11
 1.30965e-09
 1.55915e-08
 1.35849e-07
 8.99604e-07
 1.55619e-06
 8.99604e-07
 1.35849e-07
 1.55915e-08
 1.30965e-09
 6.12017e-11
 6.87420e-13
 0.00000e+00
 0.00000e+00
 0.00000e+00
 0.00000e+00
 0.00000e+00
 0.00000e+00
 0.00000e+00
 0.00000e+00
 0.00000e+00
 0.00000e+00
 0.00000e+00
 0.00000e+00
 2.86158e-13
 2.33646e-11
 4.54535e-10
 4.78397e-09
 4.03763e-08
 1.20247e-07
 8.42229e-08
 9.44159e-08
 1.22266e-07
 3.07085e-08
 3.08181e-09
 2.31966e-10
 8.25608e-12
 4.64988e-14
 0.00000e+00
 0.00000e+00
 0.00000e+00
 0.00000e+00
 0.00000e+00
 0.00000e+00
 0.00000e+00
 0.00000e+00
 0.00000e+00
 0.00000e+00
 0.00000e+00
 0.00000e+00
 1.34023e-13
 2.51419e-11
 7.57250e-10
 1.11256e-08
 1.11202e-07
 7.84659e-07
 1.36770e-06
 7.84659e-07
 1.11202e-07
 1.11256e-08
 7.57250e-10
 2.51419e-11
 1.34023e-13
 0.00000e+00
 0.00000e+00
 0.00000e+00
 0.00000e+00
 0.00000e+00
 0.00000e+00
 0.00000e+00
 0.00000e+00
 0.00000e+00
 0.00000e+00
 0.00000e+00
 0.00000e+00
 4.64988e-14
 8.25608e-12
 2.31966e-10
 3.08181e-09
 3.07085e-08
 1.22266e-07
 9.44159e-08
 5.85714e-08
 7.09336e-08
 1.35690e-08
 1.29426e-09
 9.01637e-11
 2.79026e-12
 1.08098e-14
 0.00000e+00
 0.00000e+00
 0.00000e+00
 0.00000e+00
 0.00000e+00
 0.00000e+00
 0.00000e+00
 0.00000e+00
 0.00000e+00
 0.00000e+00
 0.00000e+00
 0.00000e+00
 3.77929e-14
 9.68465e-12
 3.26044e-10
 5.06518e-09
 5.19146e-08
 3.64585e-07
 6.34839e-07
 3.64585e-07
 5.19146e-08
 5.06518e-09
 3.26044e-10
 9.68465e-12
 3.77929e-14
 0.00000e+00
 0.00000e+00
 0.00000e+00
 0.00000e+00
 0.00000e+00
 0.00000e+00
 0.00000e+00
 0.00000e+00
 0.00000e+00
 0.00000e+00
 0.00000e+00
 0.00000e+00
 1.08098e-14
 2.79026e-12
 9.01637e-11
 1.29426e-09
 1.35690e-08
 7.09336e-08
 5.85714e-08
