Density
part
         1
hexa8
 1.00000e+00
 1.00000e+00
 1.00000e+00
 1.00000e+00
 1.00000e+00
 1.00000e+00
 1.00000e+00
 1.00000e+00
 1.00000e+00
 1.00000e+00
 1.00000e+00
 1.00000e+00
 1.00000e+00
 1.00000e+00
 1.00000e+00
 1.00000e+00
 1.00000e+00
 1.00000e+00
 1.00000e+00
 1.00000e+00
 1.00000e+00
 1.00000e+00
 1.00000e+00
 1.00000e+00
 1.00000e+00
 1.00000e+00
 1.00000e+00
 1.00000e+00
 1.00000e+00
 1.00000e+00
 1.00000e+00
 1.00000e+00
 1.00000e+00
 1.00000e+00
 1.00000e+00
 1.00000e+00
 1.00000e+00
 1.00000e+00
 1.00000e+00
 1.00000e+00
 1.00000e+00
 1.00000e+00
 1.00000e+00
 1.00000e+00
 1.00000e+00
 1.00000e+00
 1.00000e+00
 1.00000e+00
 1.00000e+00
 1.00000e+00
 1.00000e+00
 1.00000e+00
 1.00000e+00
 1.00000e+00
 1.00000e+00
 1.00000e+00
 1.00000e+00
 1.00000e+00
 1.00000e+00
 1.00000e+00
 1.00000e+00
 1.00000e+00
 1.00000e+00
 1.00000e+00
 1.00000e+00
 1.00000e+00
 1.00000e+00
 1.00000e+00
 1.00000e+00
 1.00000e+00
 1.00000e+00
 1.00000e+00
 1.00000e+00
 1.00000e+00
 1.00000e+00
 1.00000e+00
 1.00000e+00
 1.00000e+00
 1.00000e+00
 1.00000e+00
 1.00000e+00
 1.00000e+00
 1.00000e+00
 1.00000e+00
 1.00000e+00
 1.00000e+00
 1.00000e+00
 1.00000e+00
 1.00000e+00
 1.00000e+00
 1.00000e+00
 1.00000e+00
 1.00000e+00
 1.00000e+00
 1.00000e+00
 1.00000e+00
 1.00000e+00
 1.00000e+00
 1.00000e+00
 1.00000e+00
 1.00000e+00
 1.00000e+00
 1.00000e+00
 1.00000e+00
 1.00000e+00
 1.00000e+00
 1.00000e+00
 1.00000e+00
 1.00000e+00
 1.00000e+00
 1.00000e+00
 1.00000e+00
 1.00000e+00
 1.00000e+00
 1.00000e+00
 1.00000e+00
 1.00000e+00
 1.00000e+00
 1.00000e+00
 1.00000e+00
 1.00000e+00
 1.00000e+00
 1.00000e+00
 1.00000e+00
 1.00000e+00
 9.99999e-01
 9.99999e-01
 9.99999e-01
 9.99999e-01
 9.99999e-01
 9.99991e-01
 9.99991e-01
 9.99991e-01
 9.99991e-01
 9.99991e-01
 9.99948e-01
 9.99948e-01
 9.99948e-01
 9.99948e-01
 9.99948e-01
 9.99738e-01
 9.99738e-01
 9.99738e-01
 9.99738e-01
 9.99738e-01
 9.98865e-01
 9.98865e-01
 9.98865e-01
 9.98865e-01
 9.98865e-01
 9.95807e-01
 9.95807e-01
 9.95807e-01
 9.95807e-01
 9.95807e-01
 9.87068e-01
 9.87068e-01
 9.87068e-01
 9.87068e-01
 9.87068e-01
 9.67311e-01
 9.67311e-01
 9.67311e-01
 9.67311e-01
 9.67311e-01
 9.32638e-01
 9.32638e-01
 9.32638e-01
 9.32638e-01
 9.32638e-01
 8.84590e-01
 8.84590e-01
 8.84590e-01
 8.84590e-01
 8.84590e-01
 8.28606e-01
 8.28606e-01
 8.28606e-01
 8.28606e-01
 8.28606e-01
 7.69341e-01
 7.69341e-01
 7.69341e-01
 7.69341e-01
 7.69341e-01
 7.09534e-01
 7.09534e-01
 7.09534e-01
 7.09534e-01
 7.09534e-01
 6.51333e-01
 6.51333e-01
 6.51333e-01
 6.51333e-01
 6.51333e-01
 5.96819e-01
 5.96819e-01
 5.96819e-01
 5.96819e-01
 5.96819e-01
 5.49335e-01
 5.49335e-01
 5.49335e-01
 5.49335e-01
 5.49335e-01
 5.24725e-01
 5.24725e-01
 5.24725e-01
 5.24725e-01
 5.24725e-01
 5.22199e-01
 5.22199e-01
 5.22199e-01
 5.22199e-01
 5.22199e-01
 5.17029e-01
 5.17029e-01
 5.17029e-01
 5.17029e-01
 5.17029e-01
 5.10588e-01
 5.10588e-01
 5.10588e-01
 5.10588e-01
 5.10587e-01
 5.07269e-01
 5.07269e-01
 5.07269e-01
 5.07268e-01
 5.07268e-01
 5.03699e-01
 5.03699e-01
 5.03699e-01
 5.03699e-01
 5.03699e-01
 5.02532e-01
 5.02532e-01
 5.02532e-01
 5.02533e-01
 5.02533e-01
 5.01434e-01
 5.01434e-01
 5.01435e-01
 5.01435e-01
 5.01435e-01
 5.00899e-01
 5.00899e-01
 5.00900e-01
 5.00901e-01
 5.00902e-01
 5.00615e-01
 5.00616e-01
 5.00617e-01
 5.00619e-01
 5.00620e-01
 5.00142e-01
 5.00142e-01
 5.00144e-01
 5.00146e-01
 5.00147e-01
 4.99836e-01
 4.99838e-01
 4.99840e-01
 4.99842e-01
 4.99843e-01
 4.99805e-01
 4.99806e-01
 4.99809e-01
 4.99811e-01
 4.99813e-01
 4.99715e-01
 4.99716e-01
 4.99719e-01
 4.99722e-01
 4.99724e-01
 4.99586e-01
 4.99587e-01
 4.99591e-01
 4.99593e-01
 4.99596e-01
 4.99432e-01
 4.99432e-01
 4.99438e-01
 4.99439e-01
 4.99442e-01
 4.98997e-01
 4.98996e-01
 4.99003e-01
 4.99003e-01
 4.99007e-01
 4.97337e-01
 4.97336e-01
 4.97343e-01
 4.97343e-01
 4.97346e-01
 4.92362e-01
 4.92362e-01
 4.92368e-01
 4.92368e-01
 4.92371e-01
 4.80627e-01
 4.80627e-01
 4.80632e-01
 4.80633e-01
 4.80635e-01
 4.57796e-01
 4.57797e-01
 4.57800e-01
 4.57801e-01
 4.57803e-01
 4.20475e-01
 4.20476e-01
 4.20478e-01
 4.20479e-01
 4.20481e-01
 3.69018e-01
 3.69019e-01
 3.69020e-01
 3.69022e-01
 3.69023e-01
 3.30727e-01
 3.30728e-01
 3.30729e-01
 3.30731e-01
 3.30732e-01
 3.15517e-01
 3.15518e-01
 3.15519e-01
 3.15520e-01
 3.15521e-01
 3.10635e-01
 3.10636e-01
 3.10637e-01
 3.10638e-01
 3.10638e-01
 3.05810e-01
 3.05810e-01
 3.05811e-01
 3.05811e-01
 3.05812e-01
 3.00721e-01
 3.00721e-01
 3.00722e-01
 3.00723e-01
 3.00723e-01
 2.92440e-01
 2.92440e-01
 2.92440e-01
 2.92441e-01
 2.92441e-01
 2.73723e-01
 2.73723e-01
 2.73724e-01
 2.73724e-01
 2.73724e-01
 2.42449e-01
 2.42449e-01
 2.42450e-01
 2.42450e-01
 2.42450e-01
 2.06526e-01
 2.06526e-01
 2.06526e-01
 2.06526e-01
 2.06526e-01
 1.78052e-01
 1.78052e-01
 1.78052e-01
 1.78053e-01
 1.78053e-01
 1.57665e-01
 1.57665e-01
 1.57665e-01
 1.57665e-01
 1.57665e-01
 1.42480e-01
 1.42480e-01
 1.42480e-01
 1.42480e-01
 1.42480e-01
 1.33287e-01
 1.33287e-01
 1.33287e-01
 1.33287e-01
 1.33287e-01
 1.28542e-01
 1.28542e-01
 1.28542e-01
 1.28542e-01
 1.28542e-01
 1.26392e-01
 1.26392e-01
 1.26392e-01
 1.26392e-01
 1.26392e-01
 1.25516e-01
 1.25516e-01
 1.25516e-01
 1.25516e-01
 1.25516e-01
 1.25184e-01
 1.25184e-01
 1.25184e-01
 1.25184e-01
 1.25184e-01
 1.25064e-01
 1.25064e-01
 1.25064e-01
 1.25064e-01
 1.25064e-01
 1.25022e-01
 1.25022e-01
 1.25022e-01
 1.25022e-01
 1.25022e-01
 1.25007e-01
 1.25007e-01
 1.25007e-01
 1.25007e-01
 1.25007e-01
 1.25002e-01
 1.25002e-01
 1.25002e-01
 1.25002e-01
 1.25002e-01
 1.25001e-01
 1.25001e-01
 1.25001e-01
 1.25001e-01
 1.25001e-01
 1.25000e-01
 1.25000e-01
 1.25000e-01
 1.25000e-01
 1.25000e-01
 1.25000e-01
 1.25000e-01
 1.25000e-01
 1.25000e-01
 1.25000e-01
 1.25000e-01
 1.25000e-01
 1.25000e-01
 1.25000e-01
 1.25000e-01
 1.25000e-01
 1.25000e-01
 1.25000e-01
 1.25000e-01
 1.25000e-01
 1.25000e-01
 1.25000e-01
 1.25000e-01
 1.25000e-01
 1.25000e-01
 1.25000e-01
 1.25000e-01
 1.25000e-01
 1.25000e-01
 1.25000e-01
 1.25000e-01
 1.25000e-01
 1.25000e-01
 1.25000e-01
 1.25000e-01
 1.25000e-01
 1.25000e-01
 1.25000e-01
 1.25000e-01
 1.25000e-01
 1.25000e-01
 1.25000e-01
 1.25000e-01
 1.25000e-01
 1.25000e-01
 1.25000e-01
 1.25000e-01
 1.25000e-01
 1.25000e-01
 1.25000e-01
 1.25000e-01
 1.25000e-01
 1.25000e-01
 1.25000e-01
 1.25000e-01
 1.25000e-01
 1.25000e-01
 1.25000e-01
 1.25000e-01
 1.25000e-01
 1.25000e-01
 1.25000e-01
 1.25000e-01
 1.25000e-01
 1.25000e-01
 1.25000e-01
 1.25000e-01
 1.25000e-01
 1.25000e-01
 1.25000e-01
 1.00000e+00
 1.00000e+00
 1.00000e+00
 1.00000e+00
 1.00000e+00
 1.00000e+00
 1.00000e+00
 1.00000e+00
 1.00000e+00
 1.00000e+00
 1.00000e+00
 1.00000e+00
 1.00000e+00
 1.00000e+00
 1.00000e+00
 1.00000e+00
 1.00000e+00
 1.00000e+00
 1.00000e+00
 1.00000e+00
 1.00000e+00
 1.00000e+00
 1.00000e+00
 1.00000e+00
 1.00000e+00
 1.00000e+00
 1.00000e+00
 1.00000e+00
 1.00000e+00
 1.00000e+00
 1.00000e+00
 1.00000e+00
 1.00000e+00
 1.00000e+00
 1.00000e+00
 1.00000e+00
 1.00000e+00
 1.00000e+00
 1.00000e+00
 1.00000e+00
 1.00000e+00
 1.00000e+00
 1.00000e+00
 1.00000e+00
 1.00000e+00
 1.00000e+00
 1.00000e+00
 1.00000e+00
 1.00000e+00
 1.00000e+00
 1.00000e+00
 1.00000e+00
 1.00000e+00
 1.00000e+00
 1.00000e+00
 1.00000e+00
 1.00000e+00
 1.00000e+00
 1.00000e+00
 1.00000e+00
 1.00000e+00
 1.00000e+00
 1.00000e+00
 1.00000e+00
 1.00000e+00
 1.00000e+00
 1.00000e+00
 1.00000e+00
 1.00000e+00
 1.00000e+00
 1.00000e+00
 1.00000e+00
 1.00000e+00
 1.00000e+00
 1.00000e+00
 1.00000e+00
 1.00000e+00
 1.00000e+00
 1.00000e+00
 1.00000e+00
 1.00000e+00
 1.00000e+00
 1.00000e+00
 1.00000e+00
 1.00000e+00
 1.00000e+00
 1.00000e+00
 1.00000e+00
 1.00000e+00
 1.00000e+00
 1.00000e+00
 1.00000e+00
 1.00000e+00
 1.00000e+00
 1.00000e+00
 1.00000e+00
 1.00000e+00
 1.00000e+00
 1.00000e+00
 1.00000e+00
 1.00000e+00
 1.00000e+00
 1.00000e+00
 1.00000e+00
 1.00000e+00
 1.00000e+00
 1.00000e+00
 1.00000e+00
 1.00000e+00
 1.00000e+00
 1.00000e+00
 1.00000e+00
 1.00000e+00
 1.00000e+00
 1.00000e+00
 1.00000e+00
 1.00000e+00
 1.00000e+00
 1.00000e+00
 1.00000e+00
 1.00000e+00
 1.00000e+00
 1.00000e+00
 1.00000e+00
 1.00000e+00
 9.99999e-01
 9.99999e-01
 9.99999e-01
 9.99999e-01
 9.99999e-01
 9.99991e-01
 9.99991e-01
 9.99991e-01
 9.99991e-01
 9.99991e-01
 9.99948e-01
 9.99948e-01
 9.99948e-01
 9.99948e-01
 9.99948e-01
 9.99738e-01
 9.99738e-01
 9.99738e-01
 9.99738e-01
 9.99738e-01
 9.98865e-01
 9.98865e-01
 9.98865e-01
 9.98865e-01
 9.98865e-01
 9.95807e-01
 9.95807e-01
 9.95807e-01
 9.95807e-01
 9.95807e-01
 9.87068e-01
 9.87068e-01
 9.87068e-01
 9.87068e-01
 9.87068e-01
 9.67311e-01
 9.67311e-01
 9.67311e-01
 9.67311e-01
 9.67311e-01
 9.32638e-01
 9.32638e-01
 9.32638e-01
 9.32638e-01
 9.32638e-01
 8.84590e-01
 8.84590e-01
 8.84590e-01
 8.84590e-01
 8.84590e-01
 8.28607e-01
 8.28607e-01
 8.28607e-01
 8.28607e-01
 8.28607e-01
 7.69342e-01
 7.69342e-01
 7.69342e-01
 7.69342e-01
 7.69342e-01
 7.09535e-01
 7.09535e-01
 7.09535e-01
 7.09535e-01
 7.09535e-01
 6.51334e-01
 6.51334e-01
 6.51334e-01
 6.51334e-01
 6.51334e-01
 5.96821e-01
 5.96821e-01
 5.96821e-01
 5.96821e-01
 5.96821e-01
 5.49339e-01
 5.49339e-01
 5.49339e-01
 5.49339e-01
 5.49339e-01
 5.24719e-01
 5.24719e-01
 5.24719e-01
 5.24719e-01
 5.24719e-01
 5.22188e-01
 5.22188e-01
 5.22188e-01
 5.22187e-01
 5.22187e-01
 5.17017e-01
 5.17017e-01
 5.17017e-01
 5.17017e-01
 5.17017e-01
 5.10579e-01
 5.10579e-01
 5.10579e-01
 5.10579e-01
 5.10579e-01
 5.07254e-01
 5.07254e-01
 5.07254e-01
 5.07255e-01
 5.07255e-01
 5.03648e-01
 5.03648e-01
 5.03648e-01
 5.03648e-01
 5.03648e-01
 5.02498e-01
 5.02498e-01
 5.02499e-01
 5.02500e-01
 5.02500e-01
 5.01427e-01
 5.01428e-01
 5.01429e-01
 5.01430e-01
 5.01431e-01
 5.00902e-01
 5.00903e-01
 5.00904e-01
 5.00905e-01
 5.00906e-01
 5.00630e-01
 5.00631e-01
 5.00632e-01
 5.00633e-01
 5.00634e-01
 5.00178e-01
 5.00180e-01
 5.00181e-01
 5.00181e-01
 5.00183e-01
 4.99958e-01
 4.99958e-01
 4.99959e-01
 4.99962e-01
 4.99962e-01
 4.99960e-01
 4.99960e-01
 4.99962e-01
 4.99963e-01
 4.99964e-01
 4.99895e-01
 4.99896e-01
 4.99896e-01
 4.99897e-01
 4.99898e-01
 4.99778e-01
 4.99780e-01
 4.99777e-01
 4.99780e-01
 4.99780e-01
 4.99629e-01
 4.99631e-01
 4.99626e-01
 4.99630e-01
 4.99629e-01
 4.99193e-01
 4.99195e-01
 4.99190e-01
 4.99194e-01
 4.99191e-01
 4.97523e-01
 4.97525e-01
 4.97521e-01
 4.97524e-01
 4.97522e-01
 4.92534e-01
 4.92535e-01
 4.92532e-01
 4.92534e-01
 4.92532e-01
 4.80779e-01
 4.80780e-01
 4.80778e-01
 4.80780e-01
 4.80779e-01
 4.57928e-01
 4.57929e-01
 4.57927e-01
 4.57928e-01
 4.57928e-01
 4.20584e-01
 4.20585e-01
 4.20584e-01
 4.20585e-01
 4.20585e-01
 3.69111e-01
 3.69111e-01
 3.69111e-01
 3.69112e-01
 3.69112e-01
 3.30830e-01
 3.30830e-01
 3.30831e-01
 3.30831e-01
 3.30832e-01
 3.15616e-01
 3.15616e-01
 3.15617e-01
 3.15617e-01
 3.15618e-01
 3.10728e-01
 3.10728e-01
 3.10729e-01
 3.10729e-01
 3.10730e-01
 3.05896e-01
 3.05897e-01
 3.05897e-01
 3.05898e-01
 3.05898e-01
 3.00801e-01
 3.00801e-01
 3.00802e-01
 3.00802e-01
 3.00802e-01
 2.92502e-01
 2.92502e-01
 2.92503e-01
 2.92503e-01
 2.92504e-01
 2.73756e-01
 2.73756e-01
 2.73756e-01
 2.73757e-01
 2.73757e-01
 2.42451e-01
 2.42451e-01
 2.42452e-01
 2.42452e-01
 2.42452e-01
 2.06520e-01
 2.06520e-01
 2.06520e-01
 2.06520e-01
 2.06521e-01
 1.78050e-01
 1.78050e-01
 1.78051e-01
 1.78051e-01
 1.78051e-01
 1.57667e-01
 1.57667e-01
 1.57667e-01
 1.57667e-01
 1.57667e-01
 1.42481e-01
 1.42481e-01
 1.42481e-01
 1.42481e-01
 1.42481e-01
 1.33287e-01
 1.33287e-01
 1.33287e-01
 1.33287e-01
 1.33287e-01
 1.28542e-01
 1.28542e-01
 1.28542e-01
 1.28542e-01
 1.28542e-01
 1.26392e-01
 1.26392e-01
 1.26392e-01
 1.26392e-01
 1.26392e-01
 1.25516e-01
 1.25516e-01
 1.25516e-01
 1.25516e-01
 1.25516e-01
 1.25184e-01
 1.25184e-01
 1.25184e-01
 1.25184e-01
 1.25184e-01
 1.25064e-01
 1.25064e-01
 1.25064e-01
 1.25064e-01
 1.25064e-01
 1.25022e-01
 1.25022e-01
 1.25022e-01
 1.25022e-01
 1.25022e-01
 1.25007e-01
 1.25007e-01
 1.25007e-01
 1.25007e-01
 1.25007e-01
 1.25002e-01
 1.25002e-01
 1.25002e-01
 1.25002e-01
 1.25002e-01
 1.25001e-01
 1.25001e-01
 1.25001e-01
 1.25001e-01
 1.25001e-01
 1.25000e-01
 1.25000e-01
 1.25000e-01
 1.25000e-01
 1.25000e-01
 1.25000e-01
 1.25000e-01
 1.25000e-01
 1.25000e-01
 1.25000e-01
 1.25000e-01
 1.25000e-01
 1.25000e-01
 1.25000e-01
 1.25000e-01
 1.25000e-01
 1.25000e-01
 1.25000e-01
 1.25000e-01
 1.25000e-01
 1.25000e-01
 1.25000e-01
 1.25000e-01
 1.25000e-01
 1.25000e-01
 1.25000e-01
 1.25000e-01
 1.25000e-01
 1.25000e-01
 1.25000e-01
 1.25000e-01
 1.25000e-01
 1.25000e-01
 1.25000e-01
 1.25000e-01
 1.25000e-01
 1.25000e-01
 1.25000e-01
 1.25000e-01
 1.25000e-01
 1.25000e-01
 1.25000e-01
 1.25000e-01
 1.25000e-01
 1.25000e-01
 1.25000e-01
 1.25000e-01
 1.25000e-01
 1.25000e-01
 1.25000e-01
 1.25000e-01
 1.25000e-01
 1.25000e-01
 1.25000e-01
 1.25000e-01
 1.25000e-01
 1.25000e-01
 1.25000e-01
 1.25000e-01
 1.25000e-01
 1.25000e-01
 1.25000e-01
 1.25000e-01
 1.25000e-01
 1.25000e-01
 1.25000e-01
 1.25000e-01
 1.25000e-01
 1.25000e-01
 1.25000e-01
 1.00000e+00
 1.00000e+00
 1.00000e+00
 1.00000e+00
 1.00000e+00
 1.00000e+00
 1.00000e+00
 1.00000e+00
 1.00000e+00
 1.00000e+00
 1.00000e+00
 1.00000e+00
 1.00000e+00
 1.00000e+00
 1.00000e+00
 1.00000e+00
 1.00000e+00
 1.00000e+00
 1.00000e+00
 1.00000e+00
 1.00000e+00
 1.00000e+00
 1.00000e+00
 1.00000e+00
 1.00000e+00
 1.00000e+00
 1.00000e+00
 1.00000e+00
 1.00000e+00
 1.00000e+00
 1.00000e+00
 1.00000e+00
 1.00000e+00
 1.00000e+00
 1.00000e+00
 1.00000e+00
 1.00000e+00
 1.00000e+00
 1.00000e+00
 1.00000e+00
 1.00000e+00
 1.00000e+00
 1.00000e+00
 1.00000e+00
 1.00000e+00
 1.00000e+00
 1.00000e+00
 1.00000e+00
 1.00000e+00
 1.00000e+00
 1.00000e+00
 1.00000e+00
 1.00000e+00
 1.00000e+00
 1.00000e+00
 1.00000e+00
 1.00000e+00
 1.00000e+00
 1.00000e+00
 1.00000e+00
 1.00000e+00
 1.00000e+00
 1.00000e+00
 1.00000e+00
 1.00000e+00
 1.00000e+00
 1.00000e+00
 1.00000e+00
 1.00000e+00
 1.00000e+00
 1.00000e+00
 1.00000e+00
 1.00000e+00
 1.00000e+00
 1.00000e+00
 1.00000e+00
 1.00000e+00
 1.00000e+00
 1.00000e+00
 1.00000e+00
 1.00000e+00
 1.00000e+00
 1.00000e+00
 1.00000e+00
 1.00000e+00
 1.00000e+00
 1.00000e+00
 1.00000e+00
 1.00000e+00
 1.00000e+00
 1.00000e+00
 1.00000e+00
 1.00000e+00
 1.00000e+00
 1.00000e+00
 1.00000e+00
 1.00000e+00
 1.00000e+00
 1.00000e+00
 1.00000e+00
 1.00000e+00
 1.00000e+00
 1.00000e+00
 1.00000e+00
 1.00000e+00
 1.00000e+00
 1.00000e+00
 1.00000e+00
 1.00000e+00
 1.00000e+00
 1.00000e+00
 1.00000e+00
 1.00000e+00
 1.00000e+00
 1.00000e+00
 1.00000e+00
 1.00000e+00
 1.00000e+00
 1.00000e+00
 1.00000e+00
 1.00000e+00
 1.00000e+00
 1.00000e+00
 1.00000e+00
 1.00000e+00
 9.99999e-01
 9.99999e-01
 9.99999e-01
 9.99999e-01
 9.99999e-01
 9.99991e-01
 9.99991e-01
 9.99991e-01
 9.99991e-01
 9.99991e-01
 9.99948e-01
 9.99948e-01
 9.99948e-01
 9.99948e-01
 9.99948e-01
 9.99738e-01
 9.99738e-01
 9.99738e-01
 9.99738e-01
 9.99738e-01
 9.98865e-01
 9.98865e-01
 9.98865e-01
 9.98865e-01
 9.98865e-01
 9.95807e-01
 9.95807e-01
 9.95807e-01
 9.95807e-01
 9.95807e-01
 9.87069e-01
 9.87069e-01
 9.87069e-01
 9.87069e-01
 9.87069e-01
 9.67312e-01
 9.67312e-01
 9.67312e-01
 9.67312e-01
 9.67312e-01
 9.32639e-01
 9.32639e-01
 9.32639e-01
 9.32639e-01
 9.32639e-01
 8.84591e-01
 8.84591e-01
 8.84591e-01
 8.84591e-01
 8.84591e-01
 8.28608e-01
 8.28608e-01
 8.28608e-01
 8.28608e-01
 8.28608e-01
 7.69344e-01
 7.69344e-01
 7.69344e-01
 7.69343e-01
 7.69343e-01
 7.09537e-01
 7.09537e-01
 7.09537e-01
 7.09537e-01
 7.09537e-01
 6.51336e-01
 6.51336e-01
 6.51336e-01
 6.51336e-01
 6.51336e-01
 5.96824e-01
 5.96824e-01
 5.96824e-01
 5.96824e-01
 5.96824e-01
 5.49342e-01
 5.49342e-01
 5.49342e-01
 5.49342e-01
 5.49342e-01
 5.24715e-01
 5.24714e-01
 5.24714e-01
 5.24714e-01
 5.24714e-01
 5.22167e-01
 5.22167e-01
 5.22167e-01
 5.22166e-01
 5.22166e-01
 5.16989e-01
 5.16989e-01
 5.16989e-01
 5.16989e-01
 5.16989e-01
 5.10551e-01
 5.10552e-01
 5.10552e-01
 5.10553e-01
 5.10553e-01
 5.07232e-01
 5.07232e-01
 5.07233e-01
 5.07233e-01
 5.07233e-01
 5.03625e-01
 5.03626e-01
 5.03627e-01
 5.03627e-01
 5.03627e-01
 5.02475e-01
 5.02476e-01
 5.02476e-01
 5.02478e-01
 5.02479e-01
 5.01401e-01
 5.01402e-01
 5.01403e-01
 5.01405e-01
 5.01407e-01
 5.00948e-01
 5.00948e-01
 5.00950e-01
 5.00951e-01
 5.00952e-01
 5.00718e-01
 5.00718e-01
 5.00719e-01
 5.00720e-01
 5.00720e-01
 5.00283e-01
 5.00282e-01
 5.00283e-01
 5.00283e-01
 5.00284e-01
 5.00029e-01
 5.00030e-01
 5.00028e-01
 5.00027e-01
 5.00029e-01
 5.00026e-01
 5.00024e-01
 5.00021e-01
 5.00022e-01
 5.00021e-01
 4.99952e-01
 4.99949e-01
 4.99948e-01
 4.99947e-01
 4.99945e-01
 4.99817e-01
 4.99814e-01
 4.99813e-01
 4.99809e-01
 4.99809e-01
 4.99646e-01
 4.99646e-01
 4.99642e-01
 4.99638e-01
 4.99638e-01
 4.99201e-01
 4.99202e-01
 4.99196e-01
 4.99192e-01
 4.99192e-01
 4.97544e-01
 4.97545e-01
 4.97536e-01
 4.97534e-01
 4.97533e-01
 4.92577e-01
 4.92577e-01
 4.92569e-01
 4.92567e-01
 4.92566e-01
 4.80842e-01
 4.80842e-01
 4.80836e-01
 4.80834e-01
 4.80833e-01
 4.58002e-01
 4.58001e-01
 4.57997e-01
 4.57995e-01
 4.57994e-01
 4.20661e-01
 4.20660e-01
 4.20658e-01
 4.20657e-01
 4.20656e-01
 3.69189e-01
 3.69189e-01
 3.69188e-01
 3.69188e-01
 3.69187e-01
 3.30899e-01
 3.30898e-01
 3.30897e-01
 3.30897e-01
 3.30895e-01
 3.15678e-01
 3.15678e-01
 3.15677e-01
 3.15677e-01
 3.15677e-01
 3.10787e-01
 3.10788e-01
 3.10787e-01
 3.10787e-01
 3.10787e-01
 3.05942e-01
 3.05942e-01
 3.05942e-01
 3.05942e-01
 3.05942e-01
 3.00839e-01
 3.00839e-01
 3.00840e-01
 3.00840e-01
 3.00840e-01
 2.92527e-01
 2.92527e-01
 2.92527e-01
 2.92528e-01
 2.92528e-01
 2.73760e-01
 2.73760e-01
 2.73761e-01
 2.73761e-01
 2.73762e-01
 2.42441e-01
 2.42441e-01
 2.42442e-01
 2.42442e-01
 2.42442e-01
 2.06512e-01
 2.06512e-01
 2.06513e-01
 2.06514e-01
 2.06514e-01
 1.78051e-01
 1.78051e-01
 1.78051e-01
 1.78051e-01
 1.78052e-01
 1.57668e-01
 1.57668e-01
 1.57668e-01
 1.57669e-01
 1.57669e-01
 1.42482e-01
 1.42482e-01
 1.42482e-01
 1.42483e-01
 1.42483e-01
 1.33288e-01
 1.33288e-01
 1.33288e-01
 1.33288e-01
 1.33288e-01
 1.28543e-01
 1.28543e-01
 1.28543e-01
 1.28543e-01
 1.28543e-01
 1.26392e-01
 1.26392e-01
 1.26392e-01
 1.26392e-01
 1.26392e-01
 1.25516e-01
 1.25516e-01
 1.25516e-01
 1.25516e-01
 1.25516e-01
 1.25184e-01
 1.25184e-01
 1.25184e-01
 1.25184e-01
 1.25184e-01
 1.25064e-01
 1.25064e-01
 1.25064e-01
 1.25064e-01
 1.25064e-01
 1.25022e-01
 1.25022e-01
 1.25022e-01
 1.25022e-01
 1.25022e-01
 1.25007e-01
 1.25007e-01
 1.25007e-01
 1.25007e-01
 1.25007e-01
 1.25002e-01
 1.25002e-01
 1.25002e-01
 1.25002e-01
 1.25002e-01
 1.25001e-01
 1.25001e-01
 1.25001e-01
 1.25001e-01
 1.25001e-01
 1.25000e-01
 1.25000e-01
 1.25000e-01
 1.25000e-01
 1.25000e-01
 1.25000e-01
 1.25000e-01
 1.25000e-01
 1.25000e-01
 1.25000e-01
 1.25000e-01
 1.25000e-01
 1.25000e-01
 1.25000e-01
 1.25000e-01
 1.25000e-01
 1.25000e-01
 1.25000e-01
 1.25000e-01
 1.25000e-01
 1.25000e-01
 1.25000e-01
 1.25000e-01
 1.25000e-01
 1.25000e-01
 1.25000e-01
 1.25000e-01
 1.25000e-01
 1.25000e-01
 1.25000e-01
 1.25000e-01
 1.25000e-01
 1.25000e-01
 1.25000e-01
 1.25000e-01
 1.25000e-01
 1.25000e-01
 1.25000e-01
 1.25000e-01
 1.25000e-01
 1.25000e-01
 1.25000e-01
 1.25000e-01
 1.25000e-01
 1.25000e-01
 1.25000e-01
 1.25000e-01
 1.25000e-01
 1.25000e-01
 1.25000e-01
 1.25000e-01
 1.25000e-01
 1.25000e-01
 1.25000e-01
 1.25000e-01
 1.25000e-01
 1.25000e-01
 1.25000e-01
 1.25000e-01
 1.25000e-01
 1.25000e-01
 1.25000e-01
 1.25000e-01
 1.25000e-01
 1.25000e-01
 1.25000e-01
 1.25000e-01
 1.25000e-01
 1.25000e-01
 1.25000e-01
 1.00000e+00
 1.00000e+00
 1.00000e+00
 1.00000e+00
 1.00000e+00
 1.00000e+00
 1.00000e+00
 1.00000e+00
 1.00000e+00
 1.00000e+00
 1.00000e+00
 1.00000e+00
 1.00000e+00
 1.00000e+00
 1.00000e+00
 1.00000e+00
 1.00000e+00
 1.00000e+00
 1.00000e+00
 1.00000e+00
 1.00000e+00
 1.00000e+00
 1.00000e+00
 1.00000e+00
 1.00000e+00
 1.00000e+00
 1.00000e+00
 1.00000e+00
 1.00000e+00
 1.00000e+00
 1.00000e+00
 1.00000e+00
 1.00000e+00
 1.00000e+00
 1.00000e+00
 1.00000e+00
 1.00000e+00
 1.00000e+00
 1.00000e+00
 1.00000e+00
 1.00000e+00
 1.00000e+00
 1.00000e+00
 1.00000e+00
 1.00000e+00
 1.00000e+00
 1.00000e+00
 1.00000e+00
 1.00000e+00
 1.00000e+00
 1.00000e+00
 1.00000e+00
 1.00000e+00
 1.00000e+00
 1.00000e+00
 1.00000e+00
 1.00000e+00
 1.00000e+00
 1.00000e+00
 1.00000e+00
 1.00000e+00
 1.00000e+00
 1.00000e+00
 1.00000e+00
 1.00000e+00
 1.00000e+00
 1.00000e+00
 1.00000e+00
 1.00000e+00
 1.00000e+00
 1.00000e+00
 1.00000e+00
 1.00000e+00
 1.00000e+00
 1.00000e+00
 1.00000e+00
 1.00000e+00
 1.00000e+00
 1.00000e+00
 1.00000e+00
 1.00000e+00
 1.00000e+00
 1.00000e+00
 1.00000e+00
 1.00000e+00
 1.00000e+00
 1.00000e+00
 1.00000e+00
 1.00000e+00
 1.00000e+00
 1.00000e+00
 1.00000e+00
 1.00000e+00
 1.00000e+00
 1.00000e+00
 1.00000e+00
 1.00000e+00
 1.00000e+00
 1.00000e+00
 1.00000e+00
 1.00000e+00
 1.00000e+00
 1.00000e+00
 1.00000e+00
 1.00000e+00
 1.00000e+00
 1.00000e+00
 1.00000e+00
 1.00000e+00
 1.00000e+00
 1.00000e+00
 1.00000e+00
 1.00000e+00
 1.00000e+00
 1.00000e+00
 1.00000e+00
 1.00000e+00
 1.00000e+00
 1.00000e+00
 1.00000e+00
 1.00000e+00
 1.00000e+00
 1.00000e+00
 1.00000e+00
 1.00000e+00
 9.99999e-01
 9.99999e-01
 9.99999e-01
 9.99999e-01
 9.99999e-01
 9.99991e-01
 9.99991e-01
 9.99991e-01
 9.99991e-01
 9.99991e-01
 9.99948e-01
 9.99948e-01
 9.99948e-01
 9.99948e-01
 9.99948e-01
 9.99738e-01
 9.99738e-01
 9.99738e-01
 9.99738e-01
 9.99738e-01
 9.98865e-01
 9.98865e-01
 9.98865e-01
 9.98865e-01
 9.98865e-01
 9.95807e-01
 9.95807e-01
 9.95807e-01
 9.95807e-01
 9.95807e-01
 9.87069e-01
 9.87069e-01
 9.87069e-01
 9.87069e-01
 9.87069e-01
 9.67312e-01
 9.67312e-01
 9.67312e-01
 9.67312e-01
 9.67312e-01
 9.32640e-01
 9.32640e-01
 9.32640e-01
 9.32640e-01
 9.32640e-01
 8.84592e-01
 8.84592e-01
 8.84592e-01
 8.84592e-01
 8.84592e-01
 8.28609e-01
 8.28609e-01
 8.28609e-01
 8.28609e-01
 8.28609e-01
 7.69345e-01
 7.69345e-01
 7.69345e-01
 7.69345e-01
 7.69345e-01
 7.09538e-01
 7.09538e-01
 7.09538e-01
 7.09538e-01
 7.09538e-01
 6.51338e-01
 6.51338e-01
 6.51338e-01
 6.51338e-01
 6.51338e-01
 5.96827e-01
 5.96827e-01
 5.96827e-01
 5.96827e-01
 5.96827e-01
 5.49344e-01
 5.49343e-01
 5.49343e-01
 5.49343e-01
 5.49343e-01
 5.24715e-01
 5.24714e-01
 5.24714e-01
 5.24714e-01
 5.24714e-01
 5.22143e-01
 5.22143e-01
 5.22143e-01
 5.22142e-01
 5.22142e-01
 5.16950e-01
 5.16950e-01
 5.16950e-01
 5.16950e-01
 5.16951e-01
 5.10507e-01
 5.10508e-01
 5.10509e-01
 5.10509e-01
 5.10510e-01
 5.07217e-01
 5.07218e-01
 5.07219e-01
 5.07220e-01
 5.07221e-01
 5.03659e-01
 5.03660e-01
 5.03661e-01
 5.03662e-01
 5.03662e-01
 5.02507e-01
 5.02507e-01
 5.02508e-01
 5.02509e-01
 5.02511e-01
 5.01426e-01
 5.01425e-01
 5.01426e-01
 5.01428e-01
 5.01430e-01
 5.00980e-01
 5.00979e-01
 5.00978e-01
 5.00980e-01
 5.00982e-01
 5.00751e-01
 5.00750e-01
 5.00750e-01
 5.00750e-01
 5.00751e-01
 5.00320e-01
 5.00320e-01
 5.00318e-01
 5.00318e-01
 5.00317e-01
 4.99999e-01
 4.99996e-01
 4.99997e-01
 4.99992e-01
 4.99992e-01
 4.99946e-01
 4.99948e-01
 4.99946e-01
 4.99942e-01
 4.99940e-01
 4.99861e-01
 4.99860e-01
 4.99858e-01
 4.99856e-01
 4.99851e-01
 4.99754e-01
 4.99748e-01
 4.99749e-01
 4.99748e-01
 4.99739e-01
 4.99621e-01
 4.99614e-01
 4.99617e-01
 4.99616e-01
 4.99605e-01
 4.99196e-01
 4.99194e-01
 4.99196e-01
 4.99195e-01
 4.99184e-01
 4.97539e-01
 4.97540e-01
 4.97541e-01
 4.97539e-01
 4.97529e-01
 4.92564e-01
 4.92566e-01
 4.92566e-01
 4.92564e-01
 4.92555e-01
 4.80824e-01
 4.80824e-01
 4.80824e-01
 4.80821e-01
 4.80815e-01
 4.57981e-01
 4.57980e-01
 4.57979e-01
 4.57977e-01
 4.57972e-01
 4.20651e-01
 4.20648e-01
 4.20648e-01
 4.20646e-01
 4.20643e-01
 3.69192e-01
 3.69190e-01
 3.69189e-01
 3.69189e-01
 3.69188e-01
 3.30875e-01
 3.30872e-01
 3.30871e-01
 3.30869e-01
 3.30868e-01
 3.15671e-01
 3.15669e-01
 3.15668e-01
 3.15666e-01
 3.15664e-01
 3.10774e-01
 3.10772e-01
 3.10772e-01
 3.10770e-01
 3.10770e-01
 3.05920e-01
 3.05918e-01
 3.05918e-01
 3.05917e-01
 3.05917e-01
 3.00814e-01
 3.00813e-01
 3.00812e-01
 3.00811e-01
 3.00811e-01
 2.92498e-01
 2.92497e-01
 2.92498e-01
 2.92497e-01
 2.92497e-01
 2.73734e-01
 2.73734e-01
 2.73735e-01
 2.73735e-01
 2.73735e-01
 2.42427e-01
 2.42427e-01
 2.42428e-01
 2.42429e-01
 2.42430e-01
 2.06511e-01
 2.06512e-01
 2.06510e-01
 2.06511e-01
 2.06511e-01
 1.78048e-01
 1.78049e-01
 1.78050e-01
 1.78051e-01
 1.78051e-01
 1.57669e-01
 1.57669e-01
 1.57670e-01
 1.57671e-01
 1.57671e-01
 1.42483e-01
 1.42483e-01
 1.42484e-01
 1.42484e-01
 1.42484e-01
 1.33289e-01
 1.33289e-01
 1.33289e-01
 1.33289e-01
 1.33289e-01
 1.28543e-01
 1.28543e-01
 1.28543e-01
 1.28543e-01
 1.28543e-01
 1.26392e-01
 1.26393e-01
 1.26393e-01
 1.26393e-01
 1.26393e-01
 1.25516e-01
 1.25516e-01
 1.25516e-01
 1.25516e-01
 1.25516e-01
 1.25184e-01
 1.25184e-01
 1.25184e-01
 1.25184e-01
 1.25184e-01
 1.25064e-01
 1.25064e-01
 1.25064e-01
 1.25064e-01
 1.25064e-01
 1.25022e-01
 1.25022e-01
 1.25022e-01
 1.25022e-01
 1.25022e-01
 1.25007e-01
 1.25007e-01
 1.25007e-01
 1.25007e-01
 1.25007e-01
 1.25002e-01
 1.25002e-01
 1.25002e-01
 1.25002e-01
 1.25002e-01
 1.25001e-01
 1.25001e-01
 1.25001e-01
 1.25001e-01
 1.25001e-01
 1.25000e-01
 1.25000e-01
 1.25000e-01
 1.25000e-01
 1.25000e-01
 1.25000e-01
 1.25000e-01
 1.25000e-01
 1.25000e-01
 1.25000e-01
 1.25000e-01
 1.25000e-01
 1.25000e-01
 1.25000e-01
 1.25000e-01
 1.25000e-01
 1.25000e-01
 1.25000e-01
 1.25000e-01
 1.25000e-01
 1.25000e-01
 1.25000e-01
 1.25000e-01
 1.25000e-01
 1.25000e-01
 1.25000e-01
 1.25000e-01
 1.25000e-01
 1.25000e-01
 1.25000e-01
 1.25000e-01
 1.25000e-01
 1.25000e-01
 1.25000e-01
 1.25000e-01
 1.25000e-01
 1.25000e-01
 1.25000e-01
 1.25000e-01
 1.25000e-01
 1.25000e-01
 1.25000e-01
 1.25000e-01
 1.25000e-01
 1.25000e-01
 1.25000e-01
 1.25000e-01
 1.25000e-01
 1.25000e-01
 1.25000e-01
 1.25000e-01
 1.25000e-01
 1.25000e-01
 1.25000e-01
 1.25000e-01
 1.25000e-01
 1.25000e-01
 1.25000e-01
 1.25000e-01
 1.25000e-01
 1.25000e-01
 1.25000e-01
 1.25000e-01
 1.25000e-01
 1.25000e-01
 1.25000e-01
 1.25000e-01
 1.25000e-01
 1.25000e-01
 1.25000e-01
 1.00000e+00
 1.00000e+00
 1.00000e+00
 1.00000e+00
 1.00000e+00
 1.00000e+00
 1.00000e+00
 1.00000e+00
 1.00000e+00
 1.00000e+00
 1.00000e+00
 1.00000e+00
 1.00000e+00
 1.00000e+00
 1.00000e+00
 1.00000e+00
 1.00000e+00
 1.00000e+00
 1.00000e+00
 1.00000e+00
 1.00000e+00
 1.00000e+00
 1.00000e+00
 1.00000e+00
 1.00000e+00
 1.00000e+00
 1.00000e+00
 1.00000e+00
 1.00000e+00
 1.00000e+00
 1.00000e+00
 1.00000e+00
 1.00000e+00
 1.00000e+00
 1.00000e+00
 1.00000e+00
 1.00000e+00
 1.00000e+00
 1.00000e+00
 1.00000e+00
 1.00000e+00
 1.00000e+00
 1.00000e+00
 1.00000e+00
 1.00000e+00
 1.00000e+00
 1.00000e+00
 1.00000e+00
 1.00000e+00
 1.00000e+00
 1.00000e+00
 1.00000e+00
 1.00000e+00
 1.00000e+00
 1.00000e+00
 1.00000e+00
 1.00000e+00
 1.00000e+00
 1.00000e+00
 1.00000e+00
 1.00000e+00
 1.00000e+00
 1.00000e+00
 1.00000e+00
 1.00000e+00
 1.00000e+00
 1.00000e+00
 1.00000e+00
 1.00000e+00
 1.00000e+00
 1.00000e+00
 1.00000e+00
 1.00000e+00
 1.00000e+00
 1.00000e+00
 1.00000e+00
 1.00000e+00
 1.00000e+00
 1.00000e+00
 1.00000e+00
 1.00000e+00
 1.00000e+00
 1.00000e+00
 1.00000e+00
 1.00000e+00
 1.00000e+00
 1.00000e+00
 1.00000e+00
 1.00000e+00
 1.00000e+00
 1.00000e+00
 1.00000e+00
 1.00000e+00
 1.00000e+00
 1.00000e+00
 1.00000e+00
 1.00000e+00
 1.00000e+00
 1.00000e+00
 1.00000e+00
 1.00000e+00
 1.00000e+00
 1.00000e+00
 1.00000e+00
 1.00000e+00
 1.00000e+00
 1.00000e+00
 1.00000e+00
 1.00000e+00
 1.00000e+00
 1.00000e+00
 1.00000e+00
 1.00000e+00
 1.00000e+00
 1.00000e+00
 1.00000e+00
 1.00000e+00
 1.00000e+00
 1.00000e+00
 1.00000e+00
 1.00000e+00
 1.00000e+00
 1.00000e+00
 1.00000e+00
 1.00000e+00
 9.99999e-01
 9.99999e-01
 9.99999e-01
 9.99999e-01
 9.99999e-01
 9.99991e-01
 9.99991e-01
 9.99991e-01
 9.99991e-01
 9.99991e-01
 9.99948e-01
 9.99948e-01
 9.99948e-01
 9.99948e-01
 9.99948e-01
 9.99738e-01
 9.99738e-01
 9.99738e-01
 9.99738e-01
 9.99738e-01
 9.98865e-01
 9.98865e-01
 9.98865e-01
 9.98865e-01
 9.98865e-01
 9.95807e-01
 9.95807e-01
 9.95807e-01
 9.95807e-01
 9.95807e-01
 9.87069e-01
 9.87069e-01
 9.87069e-01
 9.87069e-01
 9.87069e-01
 9.67312e-01
 9.67312e-01
 9.67312e-01
 9.67312e-01
 9.67312e-01
 9.32640e-01
 9.32640e-01
 9.32640e-01
 9.32640e-01
 9.32640e-01
 8.84593e-01
 8.84593e-01
 8.84593e-01
 8.84593e-01
 8.84593e-01
 8.28610e-01
 8.28610e-01
 8.28610e-01
 8.28610e-01
 8.28610e-01
 7.69346e-01
 7.69346e-01
 7.69346e-01
 7.69346e-01
 7.69346e-01
 7.09539e-01
 7.09539e-01
 7.09539e-01
 7.09539e-01
 7.09539e-01
 6.51339e-01
 6.51339e-01
 6.51339e-01
 6.51339e-01
 6.51339e-01
 5.96830e-01
 5.96830e-01
 5.96830e-01
 5.96830e-01
 5.96830e-01
 5.49343e-01
 5.49343e-01
 5.49343e-01
 5.49343e-01
 5.49343e-01
 5.24717e-01
 5.24716e-01
 5.24716e-01
 5.24716e-01
 5.24715e-01
 5.22127e-01
 5.22127e-01
 5.22127e-01
 5.22126e-01
 5.22126e-01
 5.16921e-01
 5.16921e-01
 5.16921e-01
 5.16922e-01
 5.16922e-01
 5.10470e-01
 5.10471e-01
 5.10472e-01
 5.10473e-01
 5.10474e-01
 5.07216e-01
 5.07217e-01
 5.07219e-01
 5.07220e-01
 5.07221e-01
 5.03693e-01
 5.03695e-01
 5.03697e-01
 5.03699e-01
 5.03699e-01
 5.02560e-01
 5.02560e-01
 5.02561e-01
 5.02563e-01
 5.02564e-01
 5.01503e-01
 5.01501e-01
 5.01501e-01
 5.01502e-01
 5.01505e-01
 5.00962e-01
 5.00959e-01
 5.00958e-01
 5.00959e-01
 5.00962e-01
 5.00679e-01
 5.00677e-01
 5.00674e-01
 5.00675e-01
 5.00675e-01
 5.00208e-01
 5.00205e-01
 5.00204e-01
 5.00202e-01
 5.00202e-01
 4.99975e-01
 4.99977e-01
 4.99974e-01
 4.99969e-01
 4.99966e-01
 4.99986e-01
 4.99988e-01
 4.99990e-01
 4.99981e-01
 4.99978e-01
 4.99922e-01
 4.99928e-01
 4.99927e-01
 4.99921e-01
 4.99915e-01
 4.99797e-01
 4.99804e-01
 4.99804e-01
 4.99801e-01
 4.99791e-01
 4.99638e-01
 4.99642e-01
 4.99645e-01
 4.99643e-01
 4.99631e-01
 4.99202e-01
 4.99203e-01
 4.99208e-01
 4.99205e-01
 4.99194e-01
 4.97548e-01
 4.97548e-01
 4.97553e-01
 4.97550e-01
 4.97539e-01
 4.92572e-01
 4.92574e-01
 4.92580e-01
 4.92575e-01
 4.92565e-01
 4.80797e-01
 4.80804e-01
 4.80809e-01
 4.80804e-01
 4.80796e-01
 4.57872e-01
 4.57887e-01
 4.57893e-01
 4.57889e-01
 4.57883e-01
 4.20440e-01
 4.20467e-01
 4.20476e-01
 4.20473e-01
 4.20470e-01
 3.68923e-01
 3.68964e-01
 3.68977e-01
 3.68976e-01
 3.68976e-01
 3.30883e-01
 3.30915e-01
 3.30924e-01
 3.30922e-01
 3.30922e-01
 3.15861e-01
 3.15880e-01
 3.15886e-01
 3.15882e-01
 3.15884e-01
 3.10941e-01
 3.10952e-01
 3.10952e-01
 3.10951e-01
 3.10939e-01
 3.05966e-01
 3.05971e-01
 3.05966e-01
 3.05966e-01
 3.05939e-01
 3.00766e-01
 3.00766e-01
 3.00760e-01
 3.00757e-01
 3.00726e-01
 2.92287e-01
 2.92286e-01
 2.92294e-01
 2.92294e-01
 2.92262e-01
 2.73507e-01
 2.73504e-01
 2.73514e-01
 2.73515e-01
 2.73497e-01
 2.42380e-01
 2.42377e-01
 2.42380e-01
 2.42382e-01
 2.42381e-01
 2.06568e-01
 2.06564e-01
 2.06543e-01
 2.06541e-01
 2.06544e-01
 1.78044e-01
 1.78045e-01
 1.78044e-01
 1.78046e-01
 1.78046e-01
 1.57668e-01
 1.57669e-01
 1.57671e-01
 1.57672e-01
 1.57672e-01
 1.42484e-01
 1.42484e-01
 1.42484e-01
 1.42485e-01
 1.42485e-01
 1.33289e-01
 1.33289e-01
 1.33290e-01
 1.33290e-01
 1.33290e-01
 1.28543e-01
 1.28543e-01
 1.28543e-01
 1.28543e-01
 1.28543e-01
 1.26393e-01
 1.26393e-01
 1.26393e-01
 1.26393e-01
 1.26393e-01
 1.25516e-01
 1.25516e-01
 1.25516e-01
 1.25517e-01
 1.25517e-01
 1.25184e-01
 1.25184e-01
 1.25184e-01
 1.25184e-01
 1.25184e-01
 1.25064e-01
 1.25064e-01
 1.25064e-01
 1.25064e-01
 1.25064e-01
 1.25022e-01
 1.25022e-01
 1.25022e-01
 1.25022e-01
 1.25022e-01
 1.25007e-01
 1.25007e-01
 1.25007e-01
 1.25007e-01
 1.25007e-01
 1.25002e-01
 1.25002e-01
 1.25002e-01
 1.25002e-01
 1.25002e-01
 1.25001e-01
 1.25001e-01
 1.25001e-01
 1.25001e-01
 1.25001e-01
 1.25000e-01
 1.25000e-01
 1.25000e-01
 1.25000e-01
 1.25000e-01
 1.25000e-01
 1.25000e-01
 1.25000e-01
 1.25000e-01
 1.25000e-01
 1.25000e-01
 1.25000e-01
 1.25000e-01
 1.25000e-01
 1.25000e-01
 1.25000e-01
 1.25000e-01
 1.25000e-01
 1.25000e-01
 1.25000e-01
 1.25000e-01
 1.25000e-01
 1.25000e-01
 1.25000e-01
 1.25000e-01
 1.25000e-01
 1.25000e-01
 1.25000e-01
 1.25000e-01
 1.25000e-01
 1.25000e-01
 1.25000e-01
 1.25000e-01
 1.25000e-01
 1.25000e-01
 1.25000e-01
 1.25000e-01
 1.25000e-01
 1.25000e-01
 1.25000e-01
 1.25000e-01
 1.25000e-01
 1.25000e-01
 1.25000e-01
 1.25000e-01
 1.25000e-01
 1.25000e-01
 1.25000e-01
 1.25000e-01
 1.25000e-01
 1.25000e-01
 1.25000e-01
 1.25000e-01
 1.25000e-01
 1.25000e-01
 1.25000e-01
 1.25000e-01
 1.25000e-01
 1.25000e-01
 1.25000e-01
 1.25000e-01
 1.25000e-01
 1.25000e-01
 1.25000e-01
 1.25000e-01
 1.25000e-01
 1.25000e-01
 1.25000e-01
 1.25000e-01
 1.25000e-01
