InternalEnergy
part
         1
hexa8
 2.50000e+00
 2.50000e+00
 2.50000e+00
 2.50000e+00
 2.50000e+00
 2.50000e+00
 2.50000e+00
 2.50000e+00
 2.50000e+00
 2.50000e+00
 2.50000e+00
 2.50000e+00
 2.50000e+00
 2.50000e+00
 2.50000e+00
 2.50000e+00
 2.50000e+00
 2.50000e+00
 2.50000e+00
 2.50000e+00
 2.50000e+00
 2.50000e+00
 2.50000e+00
 2.50000e+00
 2.50000e+00
 2.50000e+00
 2.50000e+00
 2.50000e+00
 2.49999e+00
 2.49996e+00
 2.49978e+00
 2.49904e+00
 2.49642e+00
 2.48898e+00
 2.47240e+00
 2.44333e+00
 2.40194e+00
 2.35110e+00
 2.29363e+00
 2.23099e+00
 2.16365e+00
 2.09158e+00
 2.01468e+00
 1.93324e+00
 1.84949e+00
 1.77325e+00
 1.73905e+00
 1.75255e+00
 1.76546e+00
 1.77391e+00
 3.20943e+00
 3.11512e+00
 3.05180e+00
 3.00716e+00
 2.97469e+00
 2.95045e+00
 2.93189e+00
 2.91727e+00
 2.90531e+00
 2.89501e+00
 2.88541e+00
 2.87555e+00
 2.86429e+00
 2.85030e+00
 2.83198e+00
 2.80758e+00
 2.77530e+00
 2.73353e+00
 2.68113e+00
 2.61777e+00
 2.54419e+00
 2.46257e+00
 2.37659e+00
 2.29126e+00
 2.21218e+00
 2.14443e+00
 2.09123e+00
 2.05322e+00
 2.02866e+00
 2.01432e+00
 2.00673e+00
 2.00301e+00
 2.00131e+00
 2.00055e+00
 2.00023e+00
 2.00009e+00
 2.00004e+00
 2.00001e+00
 2.00001e+00
 2.00000e+00
 2.00000e+00
 2.00000e+00
 2.00000e+00
 2.00000e+00
 2.00000e+00
 2.00000e+00
 2.00000e+00
 2.00000e+00
 2.00000e+00
 2.00000e+00
 2.50000e+00
 2.50000e+00
 2.50000e+00
 2.50000e+00
 2.50000e+00
 2.50000e+00
 2.50000e+00
 2.50000e+00
 2.50000e+00
 2.50000e+00
 2.50000e+00
 2.50000e+00
 2.50000e+00
 2.50000e+00
 2.50000e+00
 2.50000e+00
 2.50000e+00
 2.50000e+00
 2.50000e+00
 2.50000e+00
 2.50000e+00
 2.50000e+00
 2.50000e+00
 2.50000e+00
 2.50000e+00
 2.50000e+00
 2.50000e+00
 2.50000e+00
 2.49999e+00
 2.49996e+00
 2.49978e+00
 2.49904e+00
 2.49642e+00
 2.48898e+00
 2.47240e+00
 2.44333e+00
 2.40194e+00
 2.35110e+00
 2.29363e+00
 2.23099e+00
 2.16365e+00
 2.09158e+00
 2.01468e+00
 1.93324e+00
 1.84949e+00
 1.77325e+00
 1.73905e+00
 1.75255e+00
 1.76546e+00
 1.77391e+00
 3.20943e+00
 3.11512e+00
 3.05180e+00
 3.00716e+00
 2.97469e+00
 2.95045e+00
 2.93189e+00
 2.91727e+00
 2.90531e+00
 2.89501e+00
 2.88541e+00
 2.87555e+00
 2.86429e+00
 2.85030e+00
 2.83198e+00
 2.80758e+00
 2.77530e+00
 2.73353e+00
 2.68113e+00
 2.61777e+00
 2.54419e+00
 2.46257e+00
 2.37659e+00
 2.29126e+00
 2.21218e+00
 2.14443e+00
 2.09123e+00
 2.05322e+00
 2.02866e+00
 2.01432e+00
 2.00673e+00
 2.00301e+00
 2.00131e+00
 2.00055e+00
 2.00023e+00
 2.00009e+00
 2.00004e+00
 2.00001e+00
 2.00001e+00
 2.00000e+00
 2.00000e+00
 2.00000e+00
 2.00000e+00
 2.00000e+00
 2.00000e+00
 2.00000e+00
 2.00000e+00
 2.00000e+00
 2.00000e+00
 2.00000e+00
 2.50000e+00
 2.50000e+00
 2.50000e+00
 2.50000e+00
 2.50000e+00
 2.50000e+00
 2.50000e+00
 2.50000e+00
 2.50000e+00
 2.50000e+00
 2.50000e+00
 2.50000e+00
 2.50000e+00
 2.50000e+00
 2.50000e+00
 2.50000e+00
 2.50000e+00
 2.50000e+00
 2.50000e+00
 2.50000e+00
 2.50000e+00
 2.50000e+00
 2.50000e+00
 2.50000e+00
 2.50000e+00
 2.50000e+00
 2.50000e+00
 2.50000e+00
 2.49999e+00
 2.49996e+00
 2.49978e+00
 2.49904e+00
 2.49642e+00
 2.48898e+00
 2.47240e+00
 2.44333e+00
 2.40194e+00
 2.35110e+00
 2.29363e+00
 2.23099e+00
 2.16365e+00
 2.09158e+00
 2.01468e+00
 1.93324e+00
 1.84949e+00
 1.77325e+00
 1.73905e+00
 1.75255e+00
 1.76546e+00
 1.77391e+00
 3.20943e+00
 3.11512e+00
 3.05180e+00
 3.00716e+00
 2.97469e+00
 2.95045e+00
 2.93189e+00
 2.91727e+00
 2.90531e+00
 2.89501e+00
 2.88541e+00
 2.87555e+00
 2.86429e+00
 2.85030e+00
 2.83198e+00
 2.80758e+00
 2.77530e+00
 2.73353e+00
 2.68113e+00
 2.61777e+00
 2.54419e+00
 2.46257e+00
 2.37659e+00
 2.29126e+00
 2.21218e+00
 2.14443e+00
 2.09123e+00
 2.05322e+00
 2.02866e+00
 2.01432e+00
 2.00673e+00
 2.00301e+00
 2.00131e+00
 2.00055e+00
 2.00023e+00
 2.00009e+00
 2.00004e+00
 2.00001e+00
 2.00001e+00
 2.00000e+00
 2.00000e+00
 2.00000e+00
 2.00000e+00
 2.00000e+00
 2.00000e+00
 2.00000e+00
 2.00000e+00
 2.00000e+00
 2.00000e+00
 2.00000e+00
 2.50000e+00
 2.50000e+00
 2.50000e+00
 2.50000e+00
 2.50000e+00
 2.50000e+00
 2.50000e+00
 2.50000e+00
 2.50000e+00
 2.50000e+00
 2.50000e+00
 2.50000e+00
 2.50000e+00
 2.50000e+00
 2.50000e+00
 2.50000e+00
 2.50000e+00
 2.50000e+00
 2.50000e+00
 2.50000e+00
 2.50000e+00
 2.50000e+00
 2.50000e+00
 2.50000e+00
 2.50000e+00
 2.50000e+00
 2.50000e+00
 2.50000e+00
 2.49999e+00
 2.49996e+00
 2.49978e+00
 2.49904e+00
 2.49642e+00
 2.48898e+00
 2.47240e+00
 2.44333e+00
 2.40194e+00
 2.35110e+00
 2.29363e+00
 2.23099e+00
 2.16365e+00
 2.09158e+00
 2.01468e+00
 1.93324e+00
 1.84949e+00
 1.77325e+00
 1.73905e+00
 1.75255e+00
 1.76546e+00
 1.77391e+00
 3.20943e+00
 3.11512e+00
 3.05180e+00
 3.00716e+00
 2.97469e+00
 2.95045e+00
 2.93189e+00
 2.91727e+00
 2.90531e+00
 2.89501e+00
 2.88541e+00
 2.87555e+00
 2.86429e+00
 2.85030e+00
 2.83198e+00
 2.80758e+00
 2.77530e+00
 2.73353e+00
 2.68113e+00
 2.61777e+00
 2.54419e+00
 2.46257e+00
 2.37659e+00
 2.29126e+00
 2.21218e+00
 2.14443e+00
 2.09123e+00
 2.05322e+00
 2.02866e+00
 2.01432e+00
 2.00673e+00
 2.00301e+00
 2.00131e+00
 2.00055e+00
 2.00023e+00
 2.00009e+00
 2.00004e+00
 2.00001e+00
 2.00001e+00
 2.00000e+00
 2.00000e+00
 2.00000e+00
 2.00000e+00
 2.00000e+00
 2.00000e+00
 2.00000e+00
 2.00000e+00
 2.00000e+00
 2.00000e+00
 2.00000e+00
 2.50000e+00
 2.50000e+00
 2.50000e+00
 2.50000e+00
 2.50000e+00
 2.50000e+00
 2.50000e+00
 2.50000e+00
 2.50000e+00
 2.50000e+00
 2.50000e+00
 2.50000e+00
 2.50000e+00
 2.50000e+00
 2.50000e+00
 2.50000e+00
 2.50000e+00
 2.50000e+00
 2.50000e+00
 2.50000e+00
 2.50000e+00
 2.50000e+00
 2.50000e+00
 2.50000e+00
 2.50000e+00
 2.50000e+00
 2.50000e+00
 2.50000e+00
 2.49999e+00
 2.49996e+00
 2.49978e+00
 2.49904e+00
 2.49642e+00
 2.48898e+00
 2.47240e+00
 2.44333e+00
 2.40194e+00
 2.35110e+00
 2.29363e+00
 2.23099e+00
 2.16365e+00
 2.09158e+00
 2.01468e+00
 1.93324e+00
 1.84949e+00
 1.77325e+00
 1.73905e+00
 1.75255e+00
 1.76546e+00
 1.77391e+00
 3.20943e+00
 3.11512e+00
 3.05180e+00
 3.00716e+00
 2.97469e+00
 2.95045e+00
 2.93189e+00
 2.91727e+00
 2.90531e+00
 2.89501e+00
 2.88541e+00
 2.87555e+00
 2.86429e+00
 2.85030e+00
 2.83198e+00
 2.80758e+00
 2.77530e+00
 2.73353e+00
 2.68113e+00
 2.61777e+00
 2.54419e+00
 2.46257e+00
 2.37659e+00
 2.29126e+00
 2.21218e+00
 2.14443e+00
 2.09123e+00
 2.05322e+00
 2.02866e+00
 2.01432e+00
 2.00673e+00
 2.00301e+00
 2.00131e+00
 2.00055e+00
 2.00023e+00
 2.00009e+00
 2.00004e+00
 2.00001e+00
 2.00001e+00
 2.00000e+00
 2.00000e+00
 2.00000e+00
 2.00000e+00
 2.00000e+00
 2.00000e+00
 2.00000e+00
 2.00000e+00
 2.00000e+00
 2.00000e+00
 2.00000e+00
