InternalEnergy
part
         1
hexa8
 2.50000e+00
 2.50000e+00
 2.50000e+00
 2.50000e+00
 2.50000e+00
 2.50000e+00
 2.50000e+00
 2.50000e+00
 2.50000e+00
 2.50000e+00
 2.50000e+00
 2.50000e+00
 2.50000e+00
 2.50000e+00
 2.50000e+00
 2.50000e+00
 2.50000e+00
 2.50000e+00
 2.50000e+00
 2.50000e+00
 2.50000e+00
 2.50000e+00
 2.50000e+00
 2.50000e+00
 2.50000e+00
 2.50000e+00
 2.50000e+00
 2.50000e+00
 2.50000e+00
 2.50000e+00
 2.50000e+00
 2.50000e+00
 2.50000e+00
 2.50000e+00
 2.50000e+00
 2.50000e+00
 2.50000e+00
 2.50000e+00
 2.50000e+00
 2.50000e+00
 2.50000e+00
 2.50000e+00
 2.50000e+00
 2.50000e+00
 2.50000e+00
 2.50000e+00
 2.50000e+00
 2.50000e+00
 2.49983e+00
 2.46779e+00
 2.03794e+00
 2.00417e+00
 2.00028e+00
 2.00001e+00
 2.00000e+00
 2.00000e+00
 2.00000e+00
 2.00000e+00
 2.00000e+00
 2.00000e+00
 2.00000e+00
 2.00000e+00
 2.00000e+00
 2.00000e+00
 2.00000e+00
 2.00000e+00
 2.00000e+00
 2.00000e+00
 2.00000e+00
 2.00000e+00
 2.00000e+00
 2.00000e+00
 2.00000e+00
 2.00000e+00
 2.00000e+00
 2.00000e+00
 2.00000e+00
 2.00000e+00
 2.00000e+00
 2.00000e+00
 2.00000e+00
 2.00000e+00
 2.00000e+00
 2.00000e+00
 2.00000e+00
 2.00000e+00
 2.00000e+00
 2.00000e+00
 2.00000e+00
 2.00000e+00
 2.00000e+00
 2.00000e+00
 2.00000e+00
 2.00000e+00
 2.00000e+00
 2.00000e+00
 2.00000e+00
 2.00000e+00
 2.00000e+00
 2.00000e+00
 2.50000e+00
 2.50000e+00
 2.50000e+00
 2.50000e+00
 2.50000e+00
 2.50000e+00
 2.50000e+00
 2.50000e+00
 2.50000e+00
 2.50000e+00
 2.50000e+00
 2.50000e+00
 2.50000e+00
 2.50000e+00
 2.50000e+00
 2.50000e+00
 2.50000e+00
 2.50000e+00
 2.50000e+00
 2.50000e+00
 2.50000e+00
 2.50000e+00
 2.50000e+00
 2.50000e+00
 2.50000e+00
 2.50000e+00
 2.50000e+00
 2.50000e+00
 2.50000e+00
 2.50000e+00
 2.50000e+00
 2.50000e+00
 2.50000e+00
 2.50000e+00
 2.50000e+00
 2.50000e+00
 2.50000e+00
 2.50000e+00
 2.50000e+00
 2.50000e+00
 2.50000e+00
 2.50000e+00
 2.50000e+00
 2.50000e+00
 2.50000e+00
 2.50000e+00
 2.50000e+00
 2.50000e+00
 2.49983e+00
 2.46779e+00
 2.03794e+00
 2.00417e+00
 2.00028e+00
 2.00001e+00
 2.00000e+00
 2.00000e+00
 2.00000e+00
 2.00000e+00
 2.00000e+00
 2.00000e+00
 2.00000e+00
 2.00000e+00
 2.00000e+00
 2.00000e+00
 2.00000e+00
 2.00000e+00
 2.00000e+00
 2.00000e+00
 2.00000e+00
 2.00000e+00
 2.00000e+00
 2.00000e+00
 2.00000e+00
 2.00000e+00
 2.00000e+00
 2.00000e+00
 2.00000e+00
 2.00000e+00
 2.00000e+00
 2.00000e+00
 2.00000e+00
 2.00000e+00
 2.00000e+00
 2.00000e+00
 2.00000e+00
 2.00000e+00
 2.00000e+00
 2.00000e+00
 2.00000e+00
 2.00000e+00
 2.00000e+00
 2.00000e+00
 2.00000e+00
 2.00000e+00
 2.00000e+00
 2.00000e+00
 2.00000e+00
 2.00000e+00
 2.00000e+00
 2.00000e+00
 2.50000e+00
 2.50000e+00
 2.50000e+00
 2.50000e+00
 2.50000e+00
 2.50000e+00
 2.50000e+00
 2.50000e+00
 2.50000e+00
 2.50000e+00
 2.50000e+00
 2.50000e+00
 2.50000e+00
 2.50000e+00
 2.50000e+00
 2.50000e+00
 2.50000e+00
 2.50000e+00
 2.50000e+00
 2.50000e+00
 2.50000e+00
 2.50000e+00
 2.50000e+00
 2.50000e+00
 2.50000e+00
 2.50000e+00
 2.50000e+00
 2.50000e+00
 2.50000e+00
 2.50000e+00
 2.50000e+00
 2.50000e+00
 2.50000e+00
 2.50000e+00
 2.50000e+00
 2.50000e+00
 2.50000e+00
 2.50000e+00
 2.50000e+00
 2.50000e+00
 2.50000e+00
 2.50000e+00
 2.50000e+00
 2.50000e+00
 2.50000e+00
 2.50000e+00
 2.50000e+00
 2.50000e+00
 2.49983e+00
 2.46779e+00
 2.03794e+00
 2.00417e+00
 2.00028e+00
 2.00001e+00
 2.00000e+00
 2.00000e+00
 2.00000e+00
 2.00000e+00
 2.00000e+00
 2.00000e+00
 2.00000e+00
 2.00000e+00
 2.00000e+00
 2.00000e+00
 2.00000e+00
 2.00000e+00
 2.00000e+00
 2.00000e+00
 2.00000e+00
 2.00000e+00
 2.00000e+00
 2.00000e+00
 2.00000e+00
 2.00000e+00
 2.00000e+00
 2.00000e+00
 2.00000e+00
 2.00000e+00
 2.00000e+00
 2.00000e+00
 2.00000e+00
 2.00000e+00
 2.00000e+00
 2.00000e+00
 2.00000e+00
 2.00000e+00
 2.00000e+00
 2.00000e+00
 2.00000e+00
 2.00000e+00
 2.00000e+00
 2.00000e+00
 2.00000e+00
 2.00000e+00
 2.00000e+00
 2.00000e+00
 2.00000e+00
 2.00000e+00
 2.00000e+00
 2.00000e+00
 2.50000e+00
 2.50000e+00
 2.50000e+00
 2.50000e+00
 2.50000e+00
 2.50000e+00
 2.50000e+00
 2.50000e+00
 2.50000e+00
 2.50000e+00
 2.50000e+00
 2.50000e+00
 2.50000e+00
 2.50000e+00
 2.50000e+00
 2.50000e+00
 2.50000e+00
 2.50000e+00
 2.50000e+00
 2.50000e+00
 2.50000e+00
 2.50000e+00
 2.50000e+00
 2.50000e+00
 2.50000e+00
 2.50000e+00
 2.50000e+00
 2.50000e+00
 2.50000e+00
 2.50000e+00
 2.50000e+00
 2.50000e+00
 2.50000e+00
 2.50000e+00
 2.50000e+00
 2.50000e+00
 2.50000e+00
 2.50000e+00
 2.50000e+00
 2.50000e+00
 2.50000e+00
 2.50000e+00
 2.50000e+00
 2.50000e+00
 2.50000e+00
 2.50000e+00
 2.50000e+00
 2.50000e+00
 2.49983e+00
 2.46779e+00
 2.03794e+00
 2.00417e+00
 2.00028e+00
 2.00001e+00
 2.00000e+00
 2.00000e+00
 2.00000e+00
 2.00000e+00
 2.00000e+00
 2.00000e+00
 2.00000e+00
 2.00000e+00
 2.00000e+00
 2.00000e+00
 2.00000e+00
 2.00000e+00
 2.00000e+00
 2.00000e+00
 2.00000e+00
 2.00000e+00
 2.00000e+00
 2.00000e+00
 2.00000e+00
 2.00000e+00
 2.00000e+00
 2.00000e+00
 2.00000e+00
 2.00000e+00
 2.00000e+00
 2.00000e+00
 2.00000e+00
 2.00000e+00
 2.00000e+00
 2.00000e+00
 2.00000e+00
 2.00000e+00
 2.00000e+00
 2.00000e+00
 2.00000e+00
 2.00000e+00
 2.00000e+00
 2.00000e+00
 2.00000e+00
 2.00000e+00
 2.00000e+00
 2.00000e+00
 2.00000e+00
 2.00000e+00
 2.00000e+00
 2.00000e+00
 2.50000e+00
 2.50000e+00
 2.50000e+00
 2.50000e+00
 2.50000e+00
 2.50000e+00
 2.50000e+00
 2.50000e+00
 2.50000e+00
 2.50000e+00
 2.50000e+00
 2.50000e+00
 2.50000e+00
 2.50000e+00
 2.50000e+00
 2.50000e+00
 2.50000e+00
 2.50000e+00
 2.50000e+00
 2.50000e+00
 2.50000e+00
 2.50000e+00
 2.50000e+00
 2.50000e+00
 2.50000e+00
 2.50000e+00
 2.50000e+00
 2.50000e+00
 2.50000e+00
 2.50000e+00
 2.50000e+00
 2.50000e+00
 2.50000e+00
 2.50000e+00
 2.50000e+00
 2.50000e+00
 2.50000e+00
 2.50000e+00
 2.50000e+00
 2.50000e+00
 2.50000e+00
 2.50000e+00
 2.50000e+00
 2.50000e+00
 2.50000e+00
 2.50000e+00
 2.50000e+00
 2.50000e+00
 2.49983e+00
 2.46779e+00
 2.03794e+00
 2.00417e+00
 2.00028e+00
 2.00001e+00
 2.00000e+00
 2.00000e+00
 2.00000e+00
 2.00000e+00
 2.00000e+00
 2.00000e+00
 2.00000e+00
 2.00000e+00
 2.00000e+00
 2.00000e+00
 2.00000e+00
 2.00000e+00
 2.00000e+00
 2.00000e+00
 2.00000e+00
 2.00000e+00
 2.00000e+00
 2.00000e+00
 2.00000e+00
 2.00000e+00
 2.00000e+00
 2.00000e+00
 2.00000e+00
 2.00000e+00
 2.00000e+00
 2.00000e+00
 2.00000e+00
 2.00000e+00
 2.00000e+00
 2.00000e+00
 2.00000e+00
 2.00000e+00
 2.00000e+00
 2.00000e+00
 2.00000e+00
 2.00000e+00
 2.00000e+00
 2.00000e+00
 2.00000e+00
 2.00000e+00
 2.00000e+00
 2.00000e+00
 2.00000e+00
 2.00000e+00
 2.00000e+00
 2.00000e+00
