Density
part
         1
hexa8
 0.00000e+00
 0.00000e+00
 0.00000e+00
 0.00000e+00
 0.00000e+00
 0.00000e+00
 0.00000e+00
 0.00000e+00
 0.00000e+00
 0.00000e+00
 0.00000e+00
 0.00000e+00
 0.00000e+00
 0.00000e+00
 0.00000e+00
 0.00000e+00
 0.00000e+00
 0.00000e+00
 0.00000e+00
 0.00000e+00
 0.00000e+00
 0.00000e+00
 0.00000e+00
 0.00000e+00
 0.00000e+00
 0.00000e+00
 0.00000e+00
 0.00000e+00
 0.00000e+00
 0.00000e+00
 0.00000e+00
 3.52843e-03
 1.43381e-02
 1.84899e-02
 1.84899e-02
 1.43381e-02
 0.00000e+00
 0.00000e+00
 0.00000e+00
 0.00000e+00
 0.00000e+00
 4.21147e-03
 2.29706e-02
 5.79463e-02
 1.00696e-01
 1.22623e-01
 1.22623e-01
 1.00696e-01
 0.00000e+00
 0.00000e+00
 0.00000e+00
 0.00000e+00
 6.15121e-03
 5.72371e-02
 1.46286e-01
 2.70495e-01
 2.77847e-01
 3.11071e-01
 3.11071e-01
 2.77847e-01
 0.00000e+00
 0.00000e+00
 0.00000e+00
 4.21147e-03
 6.98143e-02
 2.54164e-01
 3.46927e-01
 4.98136e-01
 6.04485e-01
 6.33187e-01
 6.33187e-01
 6.04485e-01
 0.00000e+00
 0.00000e+00
 0.00000e+00
 3.46776e-02
 2.84818e-01
 4.66584e-01
 6.64162e-01
 7.85892e-01
 8.96594e-01
 9.10286e-01
 9.10286e-01
 8.96594e-01
 0.00000e+00
 0.00000e+00
 3.52843e-03
 1.71785e-01
 4.93733e-01
 7.56742e-01
 9.25064e-01
 9.75133e-01
 9.76300e-01
 9.79560e-01
 9.79560e-01
 9.76300e-01
 0.00000e+00
 0.00000e+00
 2.69742e-02
 4.70866e-01
 7.74927e-01
 9.59678e-01
 9.83077e-01
 9.94407e-01
 9.95552e-01
 9.96173e-01
 9.96173e-01
 9.95552e-01
 0.00000e+00
 0.00000e+00
 1.02996e-01
 6.53332e-01
 9.63929e-01
 9.90638e-01
 9.96844e-01
 9.98963e-01
 9.99299e-01
 9.99398e-01
 9.99398e-01
 9.99299e-01
 0.00000e+00
 0.00000e+00
 2.65388e-01
 8.76969e-01
 9.91383e-01
 9.98238e-01
 9.99505e-01
 9.99839e-01
 9.99905e-01
 9.99919e-01
 9.99919e-01
 9.99905e-01
 0.00000e+00
 0.00000e+00
 4.05125e-01
 9.94776e-01
 9.98361e-01
 9.99723e-01
 9.99933e-01
 9.99979e-01
 9.99989e-01
 9.99990e-01
 9.99990e-01
 9.99989e-01
 0.00000e+00
 0.00000e+00
 4.23881e-01
 9.99202e-01
 9.99740e-01
 9.99963e-01
 9.99992e-01
 9.99998e-01
 9.99999e-01
 9.99999e-01
 9.99999e-01
 9.99999e-01
 0.00000e+00
 0.00000e+00
 3.88227e-01
 1.00568e+00
 9.99968e-01
 9.99996e-01
 9.99999e-01
 1.00000e+00
 1.00000e+00
 1.00000e+00
 1.00000e+00
 1.00000e+00
 0.00000e+00
 0.00000e+00
 2.69211e-01
 9.33957e-01
 1.00049e+00
 1.00000e+00
 1.00000e+00
 1.00000e+00
 1.00000e+00
 1.00000e+00
 1.00000e+00
 1.00000e+00
 0.00000e+00
 0.00000e+00
 1.01063e-01
 6.30432e-01
 9.94682e-01
 1.00192e+00
 1.00000e+00
 1.00000e+00
 1.00000e+00
 1.00000e+00
 1.00000e+00
 1.00000e+00
 0.00000e+00
 0.00000e+00
 2.62346e-02
 4.14147e-01
 8.16097e-01
 9.96979e-01
 9.97996e-01
 1.00755e+00
 1.00000e+00
 1.00000e+00
 1.00000e+00
 1.00000e+00
 0.00000e+00
 0.00000e+00
 5.57267e-03
 1.66004e-01
 4.61557e-01
 7.92996e-01
 9.58202e-01
 1.02513e+00
 9.89364e-01
 9.93515e-01
 9.93515e-01
 9.89364e-01
 0.00000e+00
 0.00000e+00
 9.85642e-04
 3.99056e-02
 2.31166e-01
 4.30911e-01
 6.78455e-01
 8.25773e-01
 9.12613e-01
 9.34539e-01
 9.34539e-01
 9.12613e-01
 0.00000e+00
 0.00000e+00
 1.48054e-04
 7.98704e-03
 6.30572e-02
 2.00293e-01
 3.09494e-01
 4.55670e-01
 6.09376e-01
 6.42600e-01
 6.42600e-01
 6.09376e-01
 0.00000e+00
 0.00000e+00
 1.91870e-05
 1.35240e-03
 1.31181e-02
 5.15870e-02
 1.10714e-01
 2.06217e-01
 2.49816e-01
 2.78518e-01
 2.78518e-01
 2.49816e-01
 0.00000e+00
 0.00000e+00
 2.17213e-06
 1.96432e-04
 2.26505e-03
 1.04364e-02
 2.46257e-02
 5.17211e-02
 8.22438e-02
 9.59366e-02
 9.59366e-02
 8.22438e-02
 0.00000e+00
 0.00000e+00
 2.16998e-07
 2.47976e-05
 3.32696e-04
 1.75807e-03
 4.47938e-03
 1.02744e-02
 1.78487e-02
 2.11081e-02
 2.11081e-02
 1.78487e-02
 0.00000e+00
 0.00000e+00
 1.92908e-08
 2.75073e-06
 4.22768e-05
 2.53096e-04
 6.89563e-04
 1.70679e-03
 3.18794e-03
 3.80894e-03
 3.80894e-03
 3.18794e-03
 0.00000e+00
 0.00000e+00
 1.53949e-09
 2.71108e-07
 4.71518e-06
 3.17018e-05
 9.16200e-05
 2.43564e-04
 4.85072e-04
 5.84487e-04
 5.84487e-04
 4.85072e-04
part
         2
hexa8
 0.00000e+00
 0.00000e+00
 0.00000e+00
 0.00000e+00
 0.00000e+00
 0.00000e+00
 0.00000e+00
 0.00000e+00
 0.00000e+00
 0.00000e+00
 0.00000e+00
 0.00000e+00
 0.00000e+00
 0.00000e+00
 0.00000e+00
 0.00000e+00
 0.00000e+00
 0.00000e+00
 0.00000e+00
 0.00000e+00
 0.00000e+00
 0.00000e+00
 0.00000e+00
 0.00000e+00
 3.52843e-03
 0.00000e+00
 0.00000e+00
 0.00000e+00
 0.00000e+00
 0.00000e+00
 0.00000e+00
 0.00000e+00
 0.00000e+00
 0.00000e+00
 0.00000e+00
 0.00000e+00
 5.79463e-02
 2.29706e-02
 4.21147e-03
 0.00000e+00
 0.00000e+00
 0.00000e+00
 0.00000e+00
 0.00000e+00
 0.00000e+00
 0.00000e+00
 0.00000e+00
 0.00000e+00
 2.70495e-01
 1.46286e-01
 5.72371e-02
 6.15121e-03
 0.00000e+00
 0.00000e+00
 0.00000e+00
 0.00000e+00
 0.00000e+00
 0.00000e+00
 0.00000e+00
 0.00000e+00
 4.98136e-01
 3.46927e-01
 2.54164e-01
 6.98143e-02
 4.21147e-03
 0.00000e+00
 0.00000e+00
 0.00000e+00
 0.00000e+00
 0.00000e+00
 0.00000e+00
 0.00000e+00
 7.85892e-01
 6.64162e-01
 4.66584e-01
 2.84818e-01
 3.46776e-02
 0.00000e+00
 0.00000e+00
 0.00000e+00
 0.00000e+00
 0.00000e+00
 0.00000e+00
 0.00000e+00
 9.75133e-01
 9.25064e-01
 7.56742e-01
 4.93733e-01
 1.71785e-01
 3.52843e-03
 0.00000e+00
 0.00000e+00
 0.00000e+00
 0.00000e+00
 0.00000e+00
 0.00000e+00
 9.94407e-01
 9.83077e-01
 9.59678e-01
 7.74927e-01
 4.70866e-01
 2.69742e-02
 0.00000e+00
 0.00000e+00
 0.00000e+00
 0.00000e+00
 0.00000e+00
 0.00000e+00
 9.98963e-01
 9.96844e-01
 9.90638e-01
 9.63929e-01
 6.53332e-01
 1.02996e-01
 0.00000e+00
 0.00000e+00
 0.00000e+00
 0.00000e+00
 0.00000e+00
 0.00000e+00
 9.99839e-01
 9.99505e-01
 9.98238e-01
 9.91383e-01
 8.76969e-01
 2.65388e-01
 0.00000e+00
 0.00000e+00
 0.00000e+00
 0.00000e+00
 0.00000e+00
 0.00000e+00
 9.99979e-01
 9.99933e-01
 9.99723e-01
 9.98361e-01
 9.94776e-01
 4.05125e-01
 0.00000e+00
 0.00000e+00
 0.00000e+00
 0.00000e+00
 0.00000e+00
 0.00000e+00
 9.99998e-01
 9.99992e-01
 9.99963e-01
 9.99740e-01
 9.99202e-01
 4.23881e-01
 0.00000e+00
 0.00000e+00
 0.00000e+00
 0.00000e+00
 0.00000e+00
 0.00000e+00
 1.00000e+00
 9.99999e-01
 9.99996e-01
 9.99968e-01
 1.00568e+00
 3.88227e-01
 0.00000e+00
 0.00000e+00
 0.00000e+00
 0.00000e+00
 0.00000e+00
 0.00000e+00
 1.00000e+00
 1.00000e+00
 1.00000e+00
 1.00049e+00
 9.33957e-01
 2.69211e-01
 0.00000e+00
 0.00000e+00
 0.00000e+00
 0.00000e+00
 0.00000e+00
 0.00000e+00
 1.00000e+00
 1.00000e+00
 1.00192e+00
 9.94682e-01
 6.30432e-01
 1.01063e-01
 0.00000e+00
 0.00000e+00
 0.00000e+00
 0.00000e+00
 0.00000e+00
 0.00000e+00
 1.00755e+00
 9.97996e-01
 9.96979e-01
 8.16097e-01
 4.14147e-01
 2.62346e-02
 0.00000e+00
 0.00000e+00
 0.00000e+00
 0.00000e+00
 0.00000e+00
 0.00000e+00
 1.02513e+00
 9.58202e-01
 7.92996e-01
 4.61557e-01
 1.66004e-01
 5.57267e-03
 0.00000e+00
 0.00000e+00
 0.00000e+00
 0.00000e+00
 0.00000e+00
 0.00000e+00
 8.25773e-01
 6.78455e-01
 4.30911e-01
 2.31166e-01
 3.99056e-02
 9.85642e-04
 0.00000e+00
 0.00000e+00
 0.00000e+00
 0.00000e+00
 0.00000e+00
 0.00000e+00
 4.55670e-01
 3.09494e-01
 2.00293e-01
 6.30572e-02
 7.98704e-03
 1.48054e-04
 0.00000e+00
 0.00000e+00
 0.00000e+00
 0.00000e+00
 0.00000e+00
 0.00000e+00
 2.06217e-01
 1.10714e-01
 5.15870e-02
 1.31181e-02
 1.35240e-03
 1.91870e-05
 0.00000e+00
 0.00000e+00
 0.00000e+00
 0.00000e+00
 0.00000e+00
 0.00000e+00
 5.17211e-02
 2.46257e-02
 1.04364e-02
 2.26505e-03
 1.96432e-04
 2.17213e-06
 0.00000e+00
 0.00000e+00
 0.00000e+00
 0.00000e+00
 0.00000e+00
 0.00000e+00
 1.02744e-02
 4.47938e-03
 1.75807e-03
 3.32696e-04
 2.47976e-05
 2.16998e-07
 0.00000e+00
 0.00000e+00
 0.00000e+00
 0.00000e+00
 0.00000e+00
 0.00000e+00
 1.70679e-03
 6.89563e-04
 2.53096e-04
 4.22768e-05
 2.75073e-06
 1.92908e-08
 0.00000e+00
 0.00000e+00
 0.00000e+00
 0.00000e+00
 0.00000e+00
 0.00000e+00
 2.43564e-04
 9.16200e-05
 3.17018e-05
 4.71518e-06
 2.71108e-07
 1.53949e-09
 0.00000e+00
 0.00000e+00
 0.00000e+00
 0.00000e+00
 0.00000e+00
 0.00000e+00
part
         3
hexa8
 0.00000e+00
 0.00000e+00
 0.00000e+00
 0.00000e+00
 0.00000e+00
 0.00000e+00
 0.00000e+00
 0.00000e+00
 0.00000e+00
 0.00000e+00
 0.00000e+00
 0.00000e+00
 0.00000e+00
 0.00000e+00
 0.00000e+00
 0.00000e+00
 0.00000e+00
 0.00000e+00
 0.00000e+00
 0.00000e+00
 0.00000e+00
 0.00000e+00
 0.00000e+00
 0.00000e+00
 0.00000e+00
 0.00000e+00
 0.00000e+00
 0.00000e+00
 0.00000e+00
 0.00000e+00
 0.00000e+00
 0.00000e+00
 0.00000e+00
 0.00000e+00
 0.00000e+00
 0.00000e+00
 0.00000e+00
 0.00000e+00
 0.00000e+00
 0.00000e+00
 0.00000e+00
 0.00000e+00
 0.00000e+00
 0.00000e+00
 0.00000e+00
 0.00000e+00
 0.00000e+00
 0.00000e+00
 0.00000e+00
 0.00000e+00
 0.00000e+00
 0.00000e+00
 0.00000e+00
 0.00000e+00
 0.00000e+00
 0.00000e+00
 0.00000e+00
 0.00000e+00
 0.00000e+00
 0.00000e+00
 0.00000e+00
 0.00000e+00
 0.00000e+00
 0.00000e+00
 0.00000e+00
 0.00000e+00
 0.00000e+00
 0.00000e+00
 0.00000e+00
 0.00000e+00
 0.00000e+00
 0.00000e+00
 0.00000e+00
 0.00000e+00
 0.00000e+00
 0.00000e+00
 0.00000e+00
 0.00000e+00
 0.00000e+00
 0.00000e+00
 0.00000e+00
 0.00000e+00
 0.00000e+00
 0.00000e+00
 0.00000e+00
 0.00000e+00
 0.00000e+00
 0.00000e+00
 0.00000e+00
 0.00000e+00
 0.00000e+00
 0.00000e+00
 0.00000e+00
 0.00000e+00
 0.00000e+00
 0.00000e+00
 0.00000e+00
 0.00000e+00
 0.00000e+00
 0.00000e+00
 0.00000e+00
 0.00000e+00
 0.00000e+00
 0.00000e+00
 0.00000e+00
 0.00000e+00
 0.00000e+00
 0.00000e+00
 0.00000e+00
 0.00000e+00
 0.00000e+00
 0.00000e+00
 0.00000e+00
 0.00000e+00
 0.00000e+00
 0.00000e+00
 0.00000e+00
 0.00000e+00
 0.00000e+00
 0.00000e+00
 0.00000e+00
 0.00000e+00
 0.00000e+00
 0.00000e+00
 0.00000e+00
 0.00000e+00
 0.00000e+00
 0.00000e+00
 0.00000e+00
 0.00000e+00
 0.00000e+00
 0.00000e+00
 0.00000e+00
 0.00000e+00
 0.00000e+00
 0.00000e+00
 0.00000e+00
 0.00000e+00
 0.00000e+00
 0.00000e+00
 0.00000e+00
 0.00000e+00
 0.00000e+00
 0.00000e+00
 0.00000e+00
 0.00000e+00
 0.00000e+00
 0.00000e+00
 0.00000e+00
 0.00000e+00
 0.00000e+00
 0.00000e+00
 0.00000e+00
 0.00000e+00
 0.00000e+00
 0.00000e+00
 0.00000e+00
 0.00000e+00
 0.00000e+00
 0.00000e+00
 0.00000e+00
 0.00000e+00
 0.00000e+00
 0.00000e+00
 0.00000e+00
 0.00000e+00
 0.00000e+00
 0.00000e+00
 0.00000e+00
 0.00000e+00
 0.00000e+00
 0.00000e+00
 0.00000e+00
 0.00000e+00
 0.00000e+00
 0.00000e+00
 0.00000e+00
 0.00000e+00
 0.00000e+00
 0.00000e+00
 0.00000e+00
 0.00000e+00
 0.00000e+00
 0.00000e+00
 0.00000e+00
 0.00000e+00
 0.00000e+00
 0.00000e+00
 0.00000e+00
 0.00000e+00
 0.00000e+00
 0.00000e+00
 0.00000e+00
 0.00000e+00
 0.00000e+00
 0.00000e+00
 0.00000e+00
 0.00000e+00
 0.00000e+00
 0.00000e+00
 0.00000e+00
 0.00000e+00
 0.00000e+00
 0.00000e+00
 0.00000e+00
 0.00000e+00
 0.00000e+00
 0.00000e+00
 0.00000e+00
 0.00000e+00
 0.00000e+00
 0.00000e+00
 0.00000e+00
 0.00000e+00
 0.00000e+00
 0.00000e+00
 0.00000e+00
 0.00000e+00
 0.00000e+00
 0.00000e+00
 0.00000e+00
 0.00000e+00
 0.00000e+00
 0.00000e+00
 0.00000e+00
 0.00000e+00
 0.00000e+00
 0.00000e+00
 0.00000e+00
 0.00000e+00
 0.00000e+00
 0.00000e+00
 0.00000e+00
 0.00000e+00
 0.00000e+00
 0.00000e+00
 0.00000e+00
 0.00000e+00
 0.00000e+00
 0.00000e+00
 0.00000e+00
 0.00000e+00
 0.00000e+00
 0.00000e+00
 0.00000e+00
 0.00000e+00
 0.00000e+00
 0.00000e+00
 0.00000e+00
 0.00000e+00
 0.00000e+00
 0.00000e+00
 0.00000e+00
 0.00000e+00
 0.00000e+00
 0.00000e+00
 0.00000e+00
 0.00000e+00
 0.00000e+00
 0.00000e+00
 0.00000e+00
 0.00000e+00
 0.00000e+00
 0.00000e+00
 0.00000e+00
 0.00000e+00
 0.00000e+00
 0.00000e+00
 0.00000e+00
 0.00000e+00
 0.00000e+00
 0.00000e+00
 0.00000e+00
 0.00000e+00
 0.00000e+00
 0.00000e+00
 0.00000e+00
 0.00000e+00
 0.00000e+00
 0.00000e+00
 0.00000e+00
 0.00000e+00
 0.00000e+00
 0.00000e+00
 0.00000e+00
 0.00000e+00
 0.00000e+00
 0.00000e+00
 0.00000e+00
 0.00000e+00
 0.00000e+00
 0.00000e+00
 0.00000e+00
 0.00000e+00
 0.00000e+00
 0.00000e+00
 0.00000e+00
 0.00000e+00
 0.00000e+00
 0.00000e+00
 0.00000e+00
 0.00000e+00
 0.00000e+00
 0.00000e+00
 0.00000e+00
 0.00000e+00
 0.00000e+00
 0.00000e+00
 0.00000e+00
 0.00000e+00
 0.00000e+00
 0.00000e+00
 0.00000e+00
 0.00000e+00
 0.00000e+00
 0.00000e+00
 0.00000e+00
 0.00000e+00
 0.00000e+00
 0.00000e+00
 0.00000e+00
 0.00000e+00
 0.00000e+00
 0.00000e+00
 0.00000e+00
part
         4
hexa8
 0.00000e+00
 0.00000e+00
 0.00000e+00
 0.00000e+00
 0.00000e+00
 0.00000e+00
 0.00000e+00
 0.00000e+00
 0.00000e+00
 0.00000e+00
 0.00000e+00
 0.00000e+00
 0.00000e+00
 0.00000e+00
 0.00000e+00
 0.00000e+00
 0.00000e+00
 0.00000e+00
 0.00000e+00
 0.00000e+00
 0.00000e+00
 0.00000e+00
 0.00000e+00
 0.00000e+00
 0.00000e+00
 0.00000e+00
 0.00000e+00
 0.00000e+00
 0.00000e+00
 0.00000e+00
 0.00000e+00
 0.00000e+00
 0.00000e+00
 0.00000e+00
 0.00000e+00
 0.00000e+00
 0.00000e+00
 0.00000e+00
 0.00000e+00
 0.00000e+00
 0.00000e+00
 0.00000e+00
 0.00000e+00
 0.00000e+00
 0.00000e+00
 0.00000e+00
 0.00000e+00
 0.00000e+00
 0.00000e+00
 0.00000e+00
 0.00000e+00
 0.00000e+00
 0.00000e+00
 0.00000e+00
 0.00000e+00
 0.00000e+00
 0.00000e+00
 0.00000e+00
 0.00000e+00
 0.00000e+00
 0.00000e+00
 0.00000e+00
 0.00000e+00
 0.00000e+00
 0.00000e+00
 0.00000e+00
 0.00000e+00
 0.00000e+00
 0.00000e+00
 0.00000e+00
 0.00000e+00
 0.00000e+00
 0.00000e+00
 0.00000e+00
 0.00000e+00
 0.00000e+00
 0.00000e+00
 0.00000e+00
 0.00000e+00
 0.00000e+00
 0.00000e+00
 0.00000e+00
 0.00000e+00
 0.00000e+00
 0.00000e+00
 0.00000e+00
 0.00000e+00
 0.00000e+00
 0.00000e+00
 0.00000e+00
 0.00000e+00
 0.00000e+00
 0.00000e+00
 0.00000e+00
 0.00000e+00
 0.00000e+00
 0.00000e+00
 0.00000e+00
 0.00000e+00
 0.00000e+00
 0.00000e+00
 0.00000e+00
 0.00000e+00
 0.00000e+00
 0.00000e+00
 0.00000e+00
 0.00000e+00
 0.00000e+00
 0.00000e+00
 0.00000e+00
 0.00000e+00
 0.00000e+00
 0.00000e+00
 0.00000e+00
 0.00000e+00
 0.00000e+00
 0.00000e+00
 0.00000e+00
 0.00000e+00
 0.00000e+00
 0.00000e+00
 0.00000e+00
 0.00000e+00
 0.00000e+00
 0.00000e+00
 0.00000e+00
 0.00000e+00
 0.00000e+00
 0.00000e+00
 0.00000e+00
 0.00000e+00
 0.00000e+00
 0.00000e+00
 0.00000e+00
 0.00000e+00
 0.00000e+00
 0.00000e+00
 0.00000e+00
 0.00000e+00
 0.00000e+00
 0.00000e+00
 0.00000e+00
 0.00000e+00
 0.00000e+00
 0.00000e+00
 0.00000e+00
 0.00000e+00
 0.00000e+00
 0.00000e+00
 0.00000e+00
 0.00000e+00
 0.00000e+00
 0.00000e+00
 0.00000e+00
 0.00000e+00
 0.00000e+00
 0.00000e+00
 0.00000e+00
 0.00000e+00
 0.00000e+00
 0.00000e+00
 0.00000e+00
 0.00000e+00
 0.00000e+00
 0.00000e+00
 0.00000e+00
 0.00000e+00
 0.00000e+00
 0.00000e+00
 0.00000e+00
 0.00000e+00
 0.00000e+00
 0.00000e+00
 0.00000e+00
 0.00000e+00
 0.00000e+00
 0.00000e+00
 0.00000e+00
 0.00000e+00
 0.00000e+00
 0.00000e+00
 0.00000e+00
 0.00000e+00
 0.00000e+00
 0.00000e+00
 0.00000e+00
 0.00000e+00
 0.00000e+00
 0.00000e+00
 0.00000e+00
 0.00000e+00
 0.00000e+00
 0.00000e+00
 0.00000e+00
 0.00000e+00
 0.00000e+00
 0.00000e+00
 0.00000e+00
 0.00000e+00
 0.00000e+00
 0.00000e+00
 0.00000e+00
 0.00000e+00
 0.00000e+00
 0.00000e+00
 0.00000e+00
 0.00000e+00
 0.00000e+00
 0.00000e+00
 0.00000e+00
 0.00000e+00
 0.00000e+00
 0.00000e+00
 0.00000e+00
 0.00000e+00
 0.00000e+00
 0.00000e+00
 0.00000e+00
 0.00000e+00
 0.00000e+00
 0.00000e+00
 0.00000e+00
 0.00000e+00
 0.00000e+00
 0.00000e+00
 0.00000e+00
 0.00000e+00
 0.00000e+00
 0.00000e+00
 0.00000e+00
 0.00000e+00
 0.00000e+00
 0.00000e+00
 0.00000e+00
 0.00000e+00
 0.00000e+00
 0.00000e+00
 0.00000e+00
 0.00000e+00
 0.00000e+00
 0.00000e+00
 0.00000e+00
 0.00000e+00
 0.00000e+00
 0.00000e+00
 0.00000e+00
 0.00000e+00
 0.00000e+00
 0.00000e+00
 0.00000e+00
 0.00000e+00
 0.00000e+00
 0.00000e+00
 0.00000e+00
 0.00000e+00
 0.00000e+00
 0.00000e+00
 0.00000e+00
 0.00000e+00
 0.00000e+00
 0.00000e+00
 0.00000e+00
 0.00000e+00
 0.00000e+00
 0.00000e+00
 0.00000e+00
 0.00000e+00
 0.00000e+00
 0.00000e+00
 0.00000e+00
 0.00000e+00
 0.00000e+00
 0.00000e+00
 0.00000e+00
 0.00000e+00
 0.00000e+00
 0.00000e+00
 0.00000e+00
 0.00000e+00
 0.00000e+00
 0.00000e+00
 0.00000e+00
 0.00000e+00
 0.00000e+00
 0.00000e+00
 0.00000e+00
 0.00000e+00
 0.00000e+00
 0.00000e+00
 0.00000e+00
 0.00000e+00
 0.00000e+00
 0.00000e+00
 0.00000e+00
 0.00000e+00
 0.00000e+00
 0.00000e+00
 0.00000e+00
 0.00000e+00
 0.00000e+00
 0.00000e+00
 0.00000e+00
 0.00000e+00
 0.00000e+00
 0.00000e+00
 0.00000e+00
 0.00000e+00
 0.00000e+00
 0.00000e+00
 0.00000e+00
 0.00000e+00
 0.00000e+00
 0.00000e+00
 0.00000e+00
 0.00000e+00
 0.00000e+00
 0.00000e+00
 0.00000e+00
 0.00000e+00
 0.00000e+00
 0.00000e+00
 0.00000e+00
 0.00000e+00
 0.00000e+00
 0.00000e+00
part
         5
hexa8
 0.00000e+00
 0.00000e+00
 1.08004e-10
 2.32730e-08
 4.53324e-07
 3.39792e-06
 1.03462e-05
 2.94420e-05
 6.20793e-05
 7.53335e-05
 7.53335e-05
 6.20793e-05
 0.00000e+00
 0.00000e+00
 7.02294e-12
 1.83647e-09
 3.97165e-08
 3.29860e-07
 1.05237e-06
 3.19608e-06
 7.09116e-06
 8.65666e-06
 8.65666e-06
 7.09116e-06
 0.00000e+00
 0.00000e+00
 4.15373e-13
 1.30831e-10
 3.12091e-09
 2.85924e-08
 9.51426e-08
 3.07738e-07
 7.14916e-07
 8.77216e-07
 8.77216e-07
 7.14916e-07
 0.00000e+00
 0.00000e+00
 2.24236e-14
 8.45976e-12
 2.19522e-10
 2.22650e-09
 7.63553e-09
 2.64845e-08
 6.41425e-08
 7.90590e-08
 7.90590e-08
 6.41425e-08
 0.00000e+00
 0.00000e+00
 1.10813e-15
 4.98625e-13
 1.40268e-11
 1.54924e-10
 5.00417e-10
 2.04941e-09
 5.12711e-09
 6.33734e-09
 6.33734e-09
 5.12711e-09
 0.00000e+00
 0.00000e+00
 5.02520e-17
 2.68521e-14
 8.22403e-13
 9.81319e-12
 3.34025e-11
 1.41668e-10
 3.28766e-10
 4.02805e-10
 4.02805e-10
 3.28766e-10
 0.00000e+00
 0.00000e+00
 2.09550e-18
 1.32477e-15
 4.40199e-14
 5.73032e-13
 2.02436e-12
 8.92196e-12
 2.08497e-11
 2.68870e-11
 2.68870e-11
 2.08497e-11
 0.00000e+00
 0.00000e+00
 8.04873e-20
 6.00127e-17
 2.15740e-15
 3.05776e-14
 1.11801e-13
 5.18872e-13
 1.26359e-12
 1.62948e-12
 1.62948e-12
 1.26359e-12
 0.00000e+00
 0.00000e+00
 2.85144e-21
 2.50100e-18
 9.70525e-17
 1.49522e-15
 5.64407e-15
 2.75874e-14
 6.97858e-14
 8.99932e-14
 8.99932e-14
 6.97858e-14
 0.00000e+00
 0.00000e+00
 9.32757e-23
 9.60358e-20
 4.01588e-18
 6.71607e-17
 2.61118e-16
 1.34461e-15
 3.52300e-15
 4.54313e-15
 4.54313e-15
 3.52300e-15
 0.00000e+00
 0.00000e+00
 2.81961e-24
 3.40215e-21
 1.53109e-19
 2.77641e-18
 1.10945e-17
 6.02161e-17
 1.62989e-16
 2.10184e-16
 2.10184e-16
 1.62989e-16
 0.00000e+00
 0.00000e+00
 7.88077e-26
 1.11304e-22
 5.38607e-21
 1.05806e-19
 4.33683e-19
 2.48246e-18
 6.92516e-18
 8.93042e-18
 8.93042e-18
 6.92516e-18
 0.00000e+00
 0.00000e+00
 2.03723e-27
 3.36537e-24
 1.75013e-22
 3.72184e-21
 1.56188e-20
 9.43577e-20
 2.70703e-19
 3.49088e-19
 3.49088e-19
 2.70703e-19
 0.00000e+00
 0.00000e+00
 4.87121e-29
 9.40888e-26
 5.25716e-24
 1.20965e-22
 5.18836e-22
 3.31086e-21
 9.74919e-21
 1.25722e-20
 1.25722e-20
 9.74919e-21
 0.00000e+00
 0.00000e+00
 1.07718e-30
 2.43304e-27
 1.46069e-25
 3.63529e-24
 1.59108e-23
 1.07348e-22
 3.23855e-22
 4.17631e-22
 4.17631e-22
 3.23855e-22
 0.00000e+00
 0.00000e+00
 2.20200e-32
 5.81952e-29
 3.75515e-27
 1.01066e-25
 4.50711e-25
 3.21839e-24
 9.93144e-24
 1.28072e-23
 1.28072e-23
 9.93144e-24
 0.00000e+00
 0.00000e+00
 4.15857e-34
 1.28728e-30
 8.93276e-29
 2.59995e-27
 1.17980e-26
 8.92652e-26
 2.81332e-25
 3.62795e-25
 3.62795e-25
 2.81332e-25
 0.00000e+00
 0.00000e+00
 7.24893e-36
 2.63225e-32
 1.96589e-30
 6.18909e-29
 2.85416e-28
 2.29100e-27
 7.36426e-27
 9.49667e-27
 9.49667e-27
 7.36426e-27
 0.00000e+00
 0.00000e+00
 1.16491e-37
 4.97236e-34
 4.00100e-32
 1.36300e-30
 6.38056e-30
 5.44088e-29
 1.78155e-28
 2.29742e-28
 2.29742e-28
 1.78155e-28
 0.00000e+00
 0.00000e+00
 1.72326e-39
 8.66933e-36
 7.52529e-34
 2.77571e-32
 1.31765e-31
 1.19542e-30
 3.98272e-30
 5.13596e-30
 5.13596e-30
 3.98272e-30
 0.00000e+00
 0.00000e+00
 2.34241e-41
 1.39341e-37
 1.30684e-35
 5.22351e-34
 2.51213e-33
 2.42873e-32
 8.22471e-32
 1.06063e-31
 1.06063e-31
 8.22471e-32
 0.00000e+00
 0.00000e+00
 2.91928e-43
 2.06156e-39
 2.09288e-37
 9.07506e-36
 4.41786e-35
 4.55984e-34
 1.56806e-33
 2.02211e-33
 2.02211e-33
 1.56806e-33
 0.00000e+00
 0.00000e+00
 3.32700e-45
 2.80252e-41
 3.08626e-39
 1.45380e-37
 7.15840e-37
 7.90353e-36
 2.75761e-35
 3.55611e-35
 3.55611e-35
 2.75761e-35
 0.00000e+00
 0.00000e+00
 3.45736e-47
 3.49391e-43
 4.18439e-41
 2.14499e-39
 1.06753e-38
 1.26366e-37
 4.46996e-37
 5.76429e-37
 5.76429e-37
 4.46996e-37
 0.00000e+00
 0.00000e+00
 3.15266e-49
 3.84120e-45
 5.01270e-43
 2.79922e-41
 1.40707e-40
 1.78847e-39
 6.40816e-39
 8.26372e-39
 8.26372e-39
 6.40816e-39
part
         6
hexa8
 2.94420e-05
 1.03462e-05
 3.39792e-06
 4.53324e-07
 2.32730e-08
 1.08004e-10
 0.00000e+00
 0.00000e+00
 0.00000e+00
 0.00000e+00
 0.00000e+00
 0.00000e+00
 3.19608e-06
 1.05237e-06
 3.29860e-07
 3.97165e-08
 1.83647e-09
 7.02294e-12
 0.00000e+00
 0.00000e+00
 0.00000e+00
 0.00000e+00
 0.00000e+00
 0.00000e+00
 3.07738e-07
 9.51426e-08
 2.85924e-08
 3.12091e-09
 1.30831e-10
 4.15373e-13
 0.00000e+00
 0.00000e+00
 0.00000e+00
 0.00000e+00
 0.00000e+00
 0.00000e+00
 2.64845e-08
 7.63553e-09
 2.22650e-09
 2.19522e-10
 8.45976e-12
 2.24236e-14
 0.00000e+00
 0.00000e+00
 0.00000e+00
 0.00000e+00
 0.00000e+00
 0.00000e+00
 2.04941e-09
 5.00417e-10
 1.54924e-10
 1.40268e-11
 4.98625e-13
 1.10813e-15
 0.00000e+00
 0.00000e+00
 0.00000e+00
 0.00000e+00
 0.00000e+00
 0.00000e+00
 1.41668e-10
 3.34025e-11
 9.81319e-12
 8.22403e-13
 2.68521e-14
 5.02520e-17
 0.00000e+00
 0.00000e+00
 0.00000e+00
 0.00000e+00
 0.00000e+00
 0.00000e+00
 8.92196e-12
 2.02436e-12
 5.73032e-13
 4.40199e-14
 1.32477e-15
 2.09550e-18
 0.00000e+00
 0.00000e+00
 0.00000e+00
 0.00000e+00
 0.00000e+00
 0.00000e+00
 5.18872e-13
 1.11801e-13
 3.05776e-14
 2.15740e-15
 6.00127e-17
 8.04873e-20
 0.00000e+00
 0.00000e+00
 0.00000e+00
 0.00000e+00
 0.00000e+00
 0.00000e+00
 2.75874e-14
 5.64407e-15
 1.49522e-15
 9.70525e-17
 2.50100e-18
 2.85144e-21
 0.00000e+00
 0.00000e+00
 0.00000e+00
 0.00000e+00
 0.00000e+00
 0.00000e+00
 1.34461e-15
 2.61118e-16
 6.71607e-17
 4.01588e-18
 9.60358e-20
 9.32757e-23
 0.00000e+00
 0.00000e+00
 0.00000e+00
 0.00000e+00
 0.00000e+00
 0.00000e+00
 6.02161e-17
 1.10945e-17
 2.77641e-18
 1.53109e-19
 3.40215e-21
 2.81961e-24
 0.00000e+00
 0.00000e+00
 0.00000e+00
 0.00000e+00
 0.00000e+00
 0.00000e+00
 2.48246e-18
 4.33683e-19
 1.05806e-19
 5.38607e-21
 1.11304e-22
 7.88077e-26
 0.00000e+00
 0.00000e+00
 0.00000e+00
 0.00000e+00
 0.00000e+00
 0.00000e+00
 9.43577e-20
 1.56188e-20
 3.72184e-21
 1.75013e-22
 3.36537e-24
 2.03723e-27
 0.00000e+00
 0.00000e+00
 0.00000e+00
 0.00000e+00
 0.00000e+00
 0.00000e+00
 3.31086e-21
 5.18836e-22
 1.20965e-22
 5.25716e-24
 9.40888e-26
 4.87121e-29
 0.00000e+00
 0.00000e+00
 0.00000e+00
 0.00000e+00
 0.00000e+00
 0.00000e+00
 1.07348e-22
 1.59108e-23
 3.63529e-24
 1.46069e-25
 2.43304e-27
 1.07718e-30
 0.00000e+00
 0.00000e+00
 0.00000e+00
 0.00000e+00
 0.00000e+00
 0.00000e+00
 3.21839e-24
 4.50711e-25
 1.01066e-25
 3.75515e-27
 5.81952e-29
 2.20200e-32
 0.00000e+00
 0.00000e+00
 0.00000e+00
 0.00000e+00
 0.00000e+00
 0.00000e+00
 8.92652e-26
 1.17980e-26
 2.59995e-27
 8.93276e-29
 1.28728e-30
 4.15857e-34
 0.00000e+00
 0.00000e+00
 0.00000e+00
 0.00000e+00
 0.00000e+00
 0.00000e+00
 2.29100e-27
 2.85416e-28
 6.18909e-29
 1.96589e-30
 2.63225e-32
 7.24893e-36
 0.00000e+00
 0.00000e+00
 0.00000e+00
 0.00000e+00
 0.00000e+00
 0.00000e+00
 5.44088e-29
 6.38056e-30
 1.36300e-30
 4.00100e-32
 4.97236e-34
 1.16491e-37
 0.00000e+00
 0.00000e+00
 0.00000e+00
 0.00000e+00
 0.00000e+00
 0.00000e+00
 1.19542e-30
 1.31765e-31
 2.77571e-32
 7.52529e-34
 8.66933e-36
 1.72326e-39
 0.00000e+00
 0.00000e+00
 0.00000e+00
 0.00000e+00
 0.00000e+00
 0.00000e+00
 2.42873e-32
 2.51213e-33
 5.22351e-34
 1.30684e-35
 1.39341e-37
 2.34241e-41
 0.00000e+00
 0.00000e+00
 0.00000e+00
 0.00000e+00
 0.00000e+00
 0.00000e+00
 4.55984e-34
 4.41786e-35
 9.07506e-36
 2.09288e-37
 2.06156e-39
 2.91928e-43
 0.00000e+00
 0.00000e+00
 0.00000e+00
 0.00000e+00
 0.00000e+00
 0.00000e+00
 7.90353e-36
 7.15840e-37
 1.45380e-37
 3.08626e-39
 2.80252e-41
 3.32700e-45
 0.00000e+00
 0.00000e+00
 0.00000e+00
 0.00000e+00
 0.00000e+00
 0.00000e+00
 1.26366e-37
 1.06753e-38
 2.14499e-39
 4.18439e-41
 3.49391e-43
 3.45736e-47
 0.00000e+00
 0.00000e+00
 0.00000e+00
 0.00000e+00
 0.00000e+00
 0.00000e+00
 1.78847e-39
 1.40707e-40
 2.79922e-41
 5.01270e-43
 3.84120e-45
 3.15266e-49
 0.00000e+00
 0.00000e+00
 0.00000e+00
 0.00000e+00
 0.00000e+00
 0.00000e+00
part
         7
hexa8
 0.00000e+00
 0.00000e+00
 0.00000e+00
 0.00000e+00
 0.00000e+00
 0.00000e+00
 0.00000e+00
 0.00000e+00
 0.00000e+00
 0.00000e+00
 0.00000e+00
 0.00000e+00
 0.00000e+00
 0.00000e+00
 0.00000e+00
 0.00000e+00
 0.00000e+00
 0.00000e+00
 0.00000e+00
 0.00000e+00
 0.00000e+00
 0.00000e+00
 0.00000e+00
 0.00000e+00
 0.00000e+00
 0.00000e+00
 0.00000e+00
 0.00000e+00
 0.00000e+00
 0.00000e+00
 0.00000e+00
 0.00000e+00
 0.00000e+00
 0.00000e+00
 0.00000e+00
 0.00000e+00
 0.00000e+00
 0.00000e+00
 0.00000e+00
 0.00000e+00
 0.00000e+00
 0.00000e+00
 0.00000e+00
 0.00000e+00
 0.00000e+00
 0.00000e+00
 0.00000e+00
 0.00000e+00
 0.00000e+00
 0.00000e+00
 0.00000e+00
 0.00000e+00
 0.00000e+00
 0.00000e+00
 0.00000e+00
 0.00000e+00
 0.00000e+00
 0.00000e+00
 0.00000e+00
 0.00000e+00
 0.00000e+00
 0.00000e+00
 0.00000e+00
 0.00000e+00
 0.00000e+00
 0.00000e+00
 0.00000e+00
 0.00000e+00
 0.00000e+00
 0.00000e+00
 0.00000e+00
 0.00000e+00
 0.00000e+00
 0.00000e+00
 0.00000e+00
 0.00000e+00
 0.00000e+00
 0.00000e+00
 0.00000e+00
 0.00000e+00
 0.00000e+00
 0.00000e+00
 0.00000e+00
 0.00000e+00
 0.00000e+00
 0.00000e+00
 0.00000e+00
 0.00000e+00
 0.00000e+00
 0.00000e+00
 0.00000e+00
 0.00000e+00
 0.00000e+00
 0.00000e+00
 0.00000e+00
 0.00000e+00
 0.00000e+00
 0.00000e+00
 0.00000e+00
 0.00000e+00
 0.00000e+00
 0.00000e+00
 0.00000e+00
 0.00000e+00
 0.00000e+00
 0.00000e+00
 0.00000e+00
 0.00000e+00
 0.00000e+00
 0.00000e+00
 0.00000e+00
 0.00000e+00
 0.00000e+00
 0.00000e+00
 0.00000e+00
 0.00000e+00
 0.00000e+00
 0.00000e+00
 0.00000e+00
 0.00000e+00
 0.00000e+00
 0.00000e+00
 0.00000e+00
 0.00000e+00
 0.00000e+00
 0.00000e+00
 0.00000e+00
 0.00000e+00
 0.00000e+00
 0.00000e+00
 0.00000e+00
 0.00000e+00
 0.00000e+00
 0.00000e+00
 0.00000e+00
 0.00000e+00
 0.00000e+00
 0.00000e+00
 0.00000e+00
 0.00000e+00
 0.00000e+00
 0.00000e+00
 0.00000e+00
 0.00000e+00
 0.00000e+00
 0.00000e+00
 0.00000e+00
 0.00000e+00
 0.00000e+00
 0.00000e+00
 0.00000e+00
 0.00000e+00
 0.00000e+00
 0.00000e+00
 0.00000e+00
 0.00000e+00
 0.00000e+00
 0.00000e+00
 0.00000e+00
 0.00000e+00
 0.00000e+00
 0.00000e+00
 0.00000e+00
 0.00000e+00
 0.00000e+00
 0.00000e+00
 0.00000e+00
 0.00000e+00
 0.00000e+00
 0.00000e+00
 0.00000e+00
 0.00000e+00
 0.00000e+00
 0.00000e+00
 0.00000e+00
 0.00000e+00
 0.00000e+00
 0.00000e+00
 0.00000e+00
 0.00000e+00
 0.00000e+00
 0.00000e+00
 0.00000e+00
 0.00000e+00
 0.00000e+00
 0.00000e+00
 0.00000e+00
 0.00000e+00
 0.00000e+00
 0.00000e+00
 0.00000e+00
 0.00000e+00
 0.00000e+00
 0.00000e+00
 0.00000e+00
 0.00000e+00
 0.00000e+00
 0.00000e+00
 0.00000e+00
 0.00000e+00
 0.00000e+00
 0.00000e+00
 0.00000e+00
 0.00000e+00
 0.00000e+00
 0.00000e+00
 0.00000e+00
 0.00000e+00
 0.00000e+00
 0.00000e+00
 0.00000e+00
 0.00000e+00
 0.00000e+00
 0.00000e+00
 0.00000e+00
 0.00000e+00
 0.00000e+00
 0.00000e+00
 0.00000e+00
 0.00000e+00
 0.00000e+00
 0.00000e+00
 0.00000e+00
 0.00000e+00
 0.00000e+00
 0.00000e+00
 0.00000e+00
 0.00000e+00
 0.00000e+00
 0.00000e+00
 0.00000e+00
 0.00000e+00
 0.00000e+00
 0.00000e+00
 0.00000e+00
 0.00000e+00
 0.00000e+00
 0.00000e+00
 0.00000e+00
 0.00000e+00
 0.00000e+00
 0.00000e+00
 0.00000e+00
 0.00000e+00
 0.00000e+00
 0.00000e+00
 0.00000e+00
 0.00000e+00
 0.00000e+00
 0.00000e+00
 0.00000e+00
 0.00000e+00
 0.00000e+00
 0.00000e+00
 0.00000e+00
 0.00000e+00
 0.00000e+00
 0.00000e+00
 0.00000e+00
 0.00000e+00
 0.00000e+00
 0.00000e+00
 0.00000e+00
 0.00000e+00
 0.00000e+00
 0.00000e+00
 0.00000e+00
 0.00000e+00
 0.00000e+00
 0.00000e+00
 0.00000e+00
 0.00000e+00
 0.00000e+00
 0.00000e+00
 0.00000e+00
 0.00000e+00
 0.00000e+00
 0.00000e+00
 0.00000e+00
 0.00000e+00
 0.00000e+00
 0.00000e+00
 0.00000e+00
 0.00000e+00
 0.00000e+00
 0.00000e+00
 0.00000e+00
 0.00000e+00
 0.00000e+00
 0.00000e+00
 0.00000e+00
 0.00000e+00
 0.00000e+00
 0.00000e+00
 0.00000e+00
 0.00000e+00
 0.00000e+00
 0.00000e+00
 0.00000e+00
 0.00000e+00
 0.00000e+00
 0.00000e+00
 0.00000e+00
 0.00000e+00
 0.00000e+00
 0.00000e+00
 0.00000e+00
 0.00000e+00
 0.00000e+00
 0.00000e+00
 0.00000e+00
 0.00000e+00
 0.00000e+00
 0.00000e+00
 0.00000e+00
 0.00000e+00
 0.00000e+00
 0.00000e+00
 0.00000e+00
 0.00000e+00
 0.00000e+00
 0.00000e+00
 0.00000e+00
 0.00000e+00
 0.00000e+00
part
         8
hexa8
 0.00000e+00
 0.00000e+00
 0.00000e+00
 0.00000e+00
 0.00000e+00
 0.00000e+00
 0.00000e+00
 0.00000e+00
 0.00000e+00
 0.00000e+00
 0.00000e+00
 0.00000e+00
 0.00000e+00
 0.00000e+00
 0.00000e+00
 0.00000e+00
 0.00000e+00
 0.00000e+00
 0.00000e+00
 0.00000e+00
 0.00000e+00
 0.00000e+00
 0.00000e+00
 0.00000e+00
 0.00000e+00
 0.00000e+00
 0.00000e+00
 0.00000e+00
 0.00000e+00
 0.00000e+00
 0.00000e+00
 0.00000e+00
 0.00000e+00
 0.00000e+00
 0.00000e+00
 0.00000e+00
 0.00000e+00
 0.00000e+00
 0.00000e+00
 0.00000e+00
 0.00000e+00
 0.00000e+00
 0.00000e+00
 0.00000e+00
 0.00000e+00
 0.00000e+00
 0.00000e+00
 0.00000e+00
 0.00000e+00
 0.00000e+00
 0.00000e+00
 0.00000e+00
 0.00000e+00
 0.00000e+00
 0.00000e+00
 0.00000e+00
 0.00000e+00
 0.00000e+00
 0.00000e+00
 0.00000e+00
 0.00000e+00
 0.00000e+00
 0.00000e+00
 0.00000e+00
 0.00000e+00
 0.00000e+00
 0.00000e+00
 0.00000e+00
 0.00000e+00
 0.00000e+00
 0.00000e+00
 0.00000e+00
 0.00000e+00
 0.00000e+00
 0.00000e+00
 0.00000e+00
 0.00000e+00
 0.00000e+00
 0.00000e+00
 0.00000e+00
 0.00000e+00
 0.00000e+00
 0.00000e+00
 0.00000e+00
 0.00000e+00
 0.00000e+00
 0.00000e+00
 0.00000e+00
 0.00000e+00
 0.00000e+00
 0.00000e+00
 0.00000e+00
 0.00000e+00
 0.00000e+00
 0.00000e+00
 0.00000e+00
 0.00000e+00
 0.00000e+00
 0.00000e+00
 0.00000e+00
 0.00000e+00
 0.00000e+00
 0.00000e+00
 0.00000e+00
 0.00000e+00
 0.00000e+00
 0.00000e+00
 0.00000e+00
 0.00000e+00
 0.00000e+00
 0.00000e+00
 0.00000e+00
 0.00000e+00
 0.00000e+00
 0.00000e+00
 0.00000e+00
 0.00000e+00
 0.00000e+00
 0.00000e+00
 0.00000e+00
 0.00000e+00
 0.00000e+00
 0.00000e+00
 0.00000e+00
 0.00000e+00
 0.00000e+00
 0.00000e+00
 0.00000e+00
 0.00000e+00
 0.00000e+00
 0.00000e+00
 0.00000e+00
 0.00000e+00
 0.00000e+00
 0.00000e+00
 0.00000e+00
 0.00000e+00
 0.00000e+00
 0.00000e+00
 0.00000e+00
 0.00000e+00
 0.00000e+00
 0.00000e+00
 0.00000e+00
 0.00000e+00
 0.00000e+00
 0.00000e+00
 0.00000e+00
 0.00000e+00
 0.00000e+00
 0.00000e+00
 0.00000e+00
 0.00000e+00
 0.00000e+00
 0.00000e+00
 0.00000e+00
 0.00000e+00
 0.00000e+00
 0.00000e+00
 0.00000e+00
 0.00000e+00
 0.00000e+00
 0.00000e+00
 0.00000e+00
 0.00000e+00
 0.00000e+00
 0.00000e+00
 0.00000e+00
 0.00000e+00
 0.00000e+00
 0.00000e+00
 0.00000e+00
 0.00000e+00
 0.00000e+00
 0.00000e+00
 0.00000e+00
 0.00000e+00
 0.00000e+00
 0.00000e+00
 0.00000e+00
 0.00000e+00
 0.00000e+00
 0.00000e+00
 0.00000e+00
 0.00000e+00
 0.00000e+00
 0.00000e+00
 0.00000e+00
 0.00000e+00
 0.00000e+00
 0.00000e+00
 0.00000e+00
 0.00000e+00
 0.00000e+00
 0.00000e+00
 0.00000e+00
 0.00000e+00
 0.00000e+00
 0.00000e+00
 0.00000e+00
 0.00000e+00
 0.00000e+00
 0.00000e+00
 0.00000e+00
 0.00000e+00
 0.00000e+00
 0.00000e+00
 0.00000e+00
 0.00000e+00
 0.00000e+00
 0.00000e+00
 0.00000e+00
 0.00000e+00
 0.00000e+00
 0.00000e+00
 0.00000e+00
 0.00000e+00
 0.00000e+00
 0.00000e+00
 0.00000e+00
 0.00000e+00
 0.00000e+00
 0.00000e+00
 0.00000e+00
 0.00000e+00
 0.00000e+00
 0.00000e+00
 0.00000e+00
 0.00000e+00
 0.00000e+00
 0.00000e+00
 0.00000e+00
 0.00000e+00
 0.00000e+00
 0.00000e+00
 0.00000e+00
 0.00000e+00
 0.00000e+00
 0.00000e+00
 0.00000e+00
 0.00000e+00
 0.00000e+00
 0.00000e+00
 0.00000e+00
 0.00000e+00
 0.00000e+00
 0.00000e+00
 0.00000e+00
 0.00000e+00
 0.00000e+00
 0.00000e+00
 0.00000e+00
 0.00000e+00
 0.00000e+00
 0.00000e+00
 0.00000e+00
 0.00000e+00
 0.00000e+00
 0.00000e+00
 0.00000e+00
 0.00000e+00
 0.00000e+00
 0.00000e+00
 0.00000e+00
 0.00000e+00
 0.00000e+00
 0.00000e+00
 0.00000e+00
 0.00000e+00
 0.00000e+00
 0.00000e+00
 0.00000e+00
 0.00000e+00
 0.00000e+00
 0.00000e+00
 0.00000e+00
 0.00000e+00
 0.00000e+00
 0.00000e+00
 0.00000e+00
 0.00000e+00
 0.00000e+00
 0.00000e+00
 0.00000e+00
 0.00000e+00
 0.00000e+00
 0.00000e+00
 0.00000e+00
 0.00000e+00
 0.00000e+00
 0.00000e+00
 0.00000e+00
 0.00000e+00
 0.00000e+00
 0.00000e+00
 0.00000e+00
 0.00000e+00
 0.00000e+00
 0.00000e+00
 0.00000e+00
 0.00000e+00
 0.00000e+00
 0.00000e+00
 0.00000e+00
 0.00000e+00
 0.00000e+00
 0.00000e+00
 0.00000e+00
 0.00000e+00
 0.00000e+00
 0.00000e+00
 0.00000e+00
 0.00000e+00
 0.00000e+00
 0.00000e+00
 0.00000e+00
 0.00000e+00
 0.00000e+00
 0.00000e+00
 0.00000e+00
 0.00000e+00
 0.00000e+00
 0.00000e+00
 0.00000e+00
 0.00000e+00
