NodeMass
part
         1
coordinates
 7.80627e-88
 1.77982e-83
 9.99973e-80
 2.46709e-76
 3.39078e-73
 2.96087e-70
 1.78660e-67
 7.89989e-65
 2.67388e-62
 7.16640e-60
 1.56288e-57
 2.83653e-55
 4.36654e-53
 5.79537e-51
 6.72719e-49
 6.91680e-47
 6.37151e-45
 5.31297e-43
 4.04862e-41
 2.84422e-39
 1.85721e-37
 1.13593e-35
 6.55549e-34
 3.59441e-32
 1.88720e-30
 9.40048e-29
 2.17086e-27
 2.22491e-26
 1.31297e-25
 4.95603e-25
 1.24437e-24
 2.23866e-24
 3.09721e-24
 3.20996e-24
 2.57712e-24
 1.69334e-24
 8.63594e-25
 3.33806e-25
 9.42061e-26
 1.84188e-26
 2.31594e-27
 1.68739e-28
 6.21213e-30
 9.81391e-32
 5.49082e-34
 8.54945e-37
 2.63393e-40
 9.23233e-45
 1.28212e-50
 5.36738e-59
 9.57424e-75
 6.02115e-72
 4.51105e-68
 8.33339e-65
 6.76431e-62
 3.06065e-59
 8.80383e-57
 1.75092e-54
 2.55313e-52
 2.85105e-50
 2.52195e-48
 1.81575e-46
 1.08814e-44
 5.53126e-43
 2.42393e-41
 9.28801e-40
 3.15120e-38
 9.57311e-37
 2.63069e-35
 6.60034e-34
 1.52499e-32
 3.27071e-31
 6.56062e-30
 1.23951e-28
 2.22062e-27
 3.79879e-26
 6.19670e-25
 7.05707e-24
 4.77264e-23
 2.10017e-22
 6.34686e-22
 1.33476e-21
 2.08704e-21
 2.59930e-21
 2.49937e-21
 1.89324e-21
 1.19754e-21
 5.99256e-22
 2.31245e-22
 6.63587e-23
 1.34490e-23
 1.78994e-24
 1.41246e-25
 5.76621e-27
 1.03415e-28
 6.73041e-31
 1.25351e-33
 4.78931e-37
 2.19404e-41
 4.34291e-47
 3.08956e-55
 1.68866e-70
 2.19318e-63
 9.74752e-60
 1.06936e-56
 5.16048e-54
 1.38968e-51
 2.38161e-49
 2.82488e-47
 2.45896e-45
 1.64058e-43
 8.67687e-42
 3.73749e-40
 1.34062e-38
 4.08012e-37
 1.07065e-35
 2.45640e-34
 4.98864e-33
 9.06733e-32
 1.48973e-30
 2.23257e-29
 3.07744e-28
 3.93204e-27
 4.69059e-26
 5.25977e-25
 5.57983e-24
 5.63635e-23
 5.42636e-22
 4.06687e-21
 2.04723e-20
 7.19019e-20
 1.81017e-19
 3.28450e-19
 4.58470e-19
 5.25090e-19
 4.75626e-19
 3.44953e-19
 2.12507e-19
 1.05060e-19
 4.06442e-20
 1.18763e-20
 2.49223e-21
 3.49913e-22
 2.97602e-23
 1.33995e-24
 2.71411e-26
 2.04545e-28
 4.53989e-31
 2.14480e-34
 1.28128e-38
 3.60919e-44
 4.35910e-52
 7.29703e-67
 2.64920e-57
 8.34115e-54
 6.49328e-51
 2.22721e-48
 4.27017e-46
 5.21870e-44
 4.42114e-42
 2.75271e-40
 1.31541e-38
 4.98881e-37
 1.54249e-35
 3.97478e-34
 8.69568e-33
 1.64083e-31
 2.70742e-30
 3.95384e-29
 5.16559e-28
 6.09607e-27
 6.55566e-26
 6.47593e-25
 5.92002e-24
 5.04271e-23
 4.02823e-22
 3.03591e-21
 2.17152e-20
 1.47684e-19
 8.22643e-19
 3.30132e-18
 9.69987e-18
 2.08212e-17
 3.35354e-17
 4.30505e-17
 4.59020e-17
 3.95296e-17
 2.79045e-17
 1.68751e-17
 8.28657e-18
 3.22507e-18
 9.60762e-19
 2.08569e-19
 3.08026e-20
 2.81115e-21
 1.38883e-22
 3.16106e-24
 2.74625e-26
 7.23656e-29
 4.21468e-32
 3.27577e-36
 1.31100e-41
 2.68558e-49
 1.37623e-63
 1.38645e-52
 3.37861e-49
 2.04019e-46
 5.44063e-44
 8.12815e-42
 7.75755e-40
 5.14312e-38
 2.51098e-36
 9.42591e-35
 2.81284e-33
 6.85277e-32
 1.39301e-30
 2.40619e-29
 3.58706e-28
 4.67744e-27
 5.39811e-26
 5.57131e-25
 5.19034e-24
 4.40156e-23
 3.42380e-22
 2.46005e-21
 1.64331e-20
 1.02667e-19
 6.03238e-19
 3.35132e-18
 1.76411e-17
 7.82824e-17
 2.61883e-16
 6.63502e-16
 1.24744e-15
 1.82678e-15
 2.21416e-15
 2.21852e-15
 1.82384e-15
 1.27279e-15
 7.59762e-16
 3.72341e-16
 1.46216e-16
 4.44616e-17
 9.97871e-18
 1.54646e-18
 1.50854e-19
 8.13924e-21
 2.07162e-22
 2.06561e-24
 6.43814e-27
 4.60874e-30
 4.64973e-34
 2.63962e-39
 9.16231e-47
 1.43669e-60
 8.98119e-49
 1.78837e-45
 8.84943e-43
 1.93938e-40
 2.38786e-38
 1.88342e-36
 1.03467e-34
 4.19611e-33
 1.31142e-31
 3.26482e-30
 6.64721e-29
 1.13089e-27
 1.63674e-26
 2.04605e-25
 2.23819e-24
 2.16701e-23
 1.87566e-22
 1.46434e-21
 1.03942e-20
 6.75665e-20
 4.04870e-19
 2.24983e-18
 1.16580e-17
 5.66164e-17
 2.58929e-16
 1.11754e-15
 4.13948e-15
 1.19278e-14
 2.66057e-14
 4.50887e-14
 6.13364e-14
 7.10605e-14
 6.77371e-14
 5.36358e-14
 3.72635e-14
 2.20695e-14
 1.08384e-14
 4.30601e-15
 1.33818e-15
 3.10412e-16
 5.03869e-17
 5.23596e-18
 3.07217e-19
 8.70461e-21
 9.91953e-23
 3.64380e-25
 3.19668e-28
 4.17708e-32
 3.35837e-37
 1.97340e-44
 9.46437e-58
 1.24270e-45
 2.09946e-42
 8.84465e-40
 1.65594e-37
 1.74778e-35
 1.18565e-33
 5.61954e-32
 1.97200e-30
 5.34715e-29
 1.15769e-27
 2.05407e-26
 3.05054e-25
 3.85918e-24
 4.22076e-23
 4.04165e-22
 3.42571e-21
 2.59493e-20
 1.77156e-19
 1.09827e-18
 6.22474e-18
 3.24514e-17
 1.56474e-16
 7.01332e-16
 2.93529e-15
 1.15198e-14
 4.24737e-14
 1.36018e-13
 3.47617e-13
 6.90674e-13
 1.07613e-12
 1.38592e-12
 1.54900e-12
 1.42313e-12
 1.09536e-12
 7.59212e-13
 4.48353e-13
 2.21455e-13
 8.92405e-14
 2.83832e-14
 6.80565e-15
 1.15554e-15
 1.27560e-16
 8.10931e-18
 2.54733e-19
 3.30460e-21
 1.42577e-23
 1.52865e-26
 2.58159e-30
 2.93520e-35
 2.91721e-42
 4.27756e-55
 5.09124e-43
 7.50848e-40
 2.77243e-37
 4.56779e-35
 4.25933e-33
 2.56239e-31
 1.08089e-29
 3.38703e-28
 8.22568e-27
 1.59933e-25
 2.55421e-24
 3.42086e-23
 3.90848e-22
 3.86461e-21
 3.34752e-20
 2.56692e-19
 1.75843e-18
 1.08474e-17
 6.06831e-17
 3.09794e-16
 1.45131e-15
 6.27035e-15
 2.50941e-14
 9.33794e-14
 3.24151e-13
 1.05091e-12
 2.98027e-12
 6.87397e-12
 1.24381e-11
 1.81307e-11
 2.23716e-11
 2.42834e-11
 2.17921e-11
 1.64651e-11
 1.13639e-11
 6.72599e-12
 3.35275e-12
 1.37392e-12
 4.47961e-13
 1.11091e-13
 1.97158e-14
 2.30696e-15
 1.58411e-16
 5.49682e-18
 8.08875e-20
 4.08602e-22
 5.34012e-25
 1.16325e-28
 1.86776e-33
 3.13730e-40
 1.40603e-52
 7.66854e-41
 1.01064e-37
 3.35001e-35
 4.97732e-33
 4.20374e-31
 2.30015e-29
 8.85928e-28
 2.54386e-26
 5.67934e-25
 1.01798e-23
 1.50233e-22
 1.86292e-21
 1.97360e-20
 1.81129e-19
 1.45701e-18
 1.03758e-17
 6.59779e-17
 3.77426e-16
 1.95498e-15
 9.22138e-15
 3.98048e-14
 1.57912e-13
 5.77846e-13
 1.95628e-12
 6.14252e-12
 1.79014e-11
 4.58596e-11
 9.70606e-11
 1.63172e-10
 2.25728e-10
 2.69411e-10
 2.86044e-10
 2.52731e-10
 1.88697e-10
 1.29993e-10
 7.74148e-11
 3.90751e-11
 1.63279e-11
 5.46844e-12
 1.40416e-12
 2.60451e-13
 3.22527e-14
 2.38625e-15
 9.11865e-17
 1.51725e-18
 8.94801e-21
 1.42215e-23
 3.98874e-27
 9.03330e-32
 2.56267e-38
 3.50947e-50
 4.97019e-39
 5.97569e-36
 1.81601e-33
 2.48561e-31
 1.94283e-29
 9.88064e-28
 3.55127e-26
 9.54983e-25
 2.00308e-23
 3.38246e-22
 4.71359e-21
 5.52933e-20
 5.54908e-19
 4.82849e-18
 3.68394e-17
 2.48792e-16
 1.49929e-15
 8.11797e-15
 3.97271e-14
 1.76600e-13
 7.16161e-13
 2.65892e-12
 9.06462e-12
 2.84420e-11
 8.22877e-11
 2.19619e-10
 5.17171e-10
 1.01744e-09
 1.61359e-09
 2.14469e-09
 2.49691e-09
 2.60855e-09
 2.28111e-09
 1.69327e-09
 1.16896e-09
 7.02764e-10
 3.60413e-10
 1.54029e-10
 5.31211e-11
 1.41476e-11
 2.74435e-12
 3.59335e-13
 2.85930e-14
 1.20029e-15
 2.25216e-17
 1.54679e-19
 2.98348e-22
 1.07573e-25
 3.43259e-30
 1.64379e-36
 6.87769e-48
 1.56699e-37
 1.75204e-34
 4.97623e-32
 6.39600e-30
 4.71563e-28
 2.27148e-26
 7.76165e-25
 1.99096e-23
 3.99511e-22
 6.47002e-21
 8.66475e-20
 9.78360e-19
 9.46149e-18
 7.93866e-17
 5.84138e-16
 3.80326e-15
 2.20767e-14
 1.14974e-13
 5.40078e-13
 2.29839e-12
 8.89368e-12
 3.13836e-11
 1.01225e-10
 2.98942e-10
 8.09460e-10
 2.01068e-09
 4.42156e-09
 8.14343e-09
 1.23151e-08
 1.59009e-08
 1.81973e-08
 1.88034e-08
 1.63497e-08
 1.21368e-08
 8.42649e-09
 5.13330e-09
 2.68452e-09
 1.17737e-09
 4.19410e-10
 1.16142e-10
 2.35944e-11
 3.26597e-12
 2.79178e-13
 1.28504e-14
 2.71314e-16
 2.16553e-18
 5.06022e-21
 2.34247e-24
 1.05229e-28
 8.50305e-35
 1.08695e-45
 2.65688e-36
 2.81400e-33
 7.60523e-31
 9.34095e-29
 6.60677e-27
 3.06387e-25
 1.01113e-23
 2.51206e-22
 4.89401e-21
 7.71073e-20
 1.00627e-18
 1.10859e-17
 1.04690e-16
 8.58112e-16
 6.16807e-15
 3.92111e-14
 2.22011e-13
 1.12608e-12
 5.14117e-12
 2.12088e-11
 7.92964e-11
 2.69324e-10
 8.32354e-10
 2.34345e-09
 6.01546e-09
 1.40771e-08
 2.91687e-08
 5.08098e-08
 7.39587e-08
 9.34411e-08
 1.05652e-07
 1.08564e-07
 9.44513e-08
 7.04838e-08
 4.93796e-08
 3.06035e-08
 1.63842e-08
 7.40314e-09
 2.73418e-09
 7.89865e-10
 1.68446e-10
 2.46657e-11
 2.26392e-12
 1.14129e-13
 2.70704e-15
 2.50691e-17
 7.08695e-20
 4.20774e-23
 2.65945e-27
 3.62542e-33
 1.41606e-43
 2.63607e-35
 2.69270e-32
 7.04281e-30
 8.39797e-28
 5.78341e-26
 2.61828e-24
 8.45515e-23
 2.05970e-21
 3.94154e-20
 6.10888e-19
 7.85149e-18
 8.52602e-17
 7.94052e-16
 6.41996e-15
 4.55090e-14
 2.85143e-13
 1.58964e-12
 7.92733e-12
 3.55144e-11
 1.43407e-10
 5.23228e-10
 1.72786e-09
 5.16970e-09
 1.40206e-08
 3.44659e-08
 7.67056e-08
 1.50931e-07
 2.50897e-07
 3.53880e-07
 4.39429e-07
 4.92493e-07
 5.05782e-07
 4.43648e-07
 3.34830e-07
 2.37430e-07
 1.50355e-07
 8.27762e-08
 3.87066e-08
 1.48885e-08
 4.50633e-09
 1.01230e-09
 1.57068e-10
 1.54825e-11
 8.54428e-13
 2.27448e-14
 2.44110e-16
 8.34051e-19
 6.34700e-22
 5.64213e-26
 1.29759e-31
 1.54906e-41
 1.64280e-34
 1.64709e-31
 4.23567e-29
 4.97399e-27
 3.37858e-25
 1.51079e-23
 4.82509e-22
 1.16381e-20
 2.20734e-19
 3.39347e-18
 4.32897e-17
 4.66778e-16
 4.31744e-15
 3.46653e-14
 2.43950e-13
 1.51645e-12
 8.37924e-12
 4.13616e-11
 1.83097e-10
 7.28962e-10
 2.61525e-09
 8.46442e-09
 2.47237e-08
 6.51489e-08
 1.54693e-07
 3.30116e-07
 6.21190e-07
 9.91657e-07
 1.35986e-06
 1.66159e-06
 1.84762e-06
 1.90155e-06
 1.69719e-06
 1.30821e-06
 9.41733e-07
 6.12251e-07
 3.48526e-07
 1.69485e-07
 6.82673e-08
 2.17672e-08
 5.17502e-09
 8.53246e-10
 9.04067e-11
 5.46330e-12
 1.63160e-13
 2.02820e-15
 8.37076e-18
 8.16167e-21
 1.02037e-24
 3.95982e-30
 1.44546e-39
 6.81335e-34
 6.82106e-31
 1.75053e-28
 2.05086e-26
 1.38964e-24
 6.19894e-23
 1.97521e-21
 4.75382e-20
 8.99790e-19
 1.38061e-17
 1.75784e-16
 1.89167e-15
 1.74589e-14
 1.39829e-13
 9.81056e-13
 6.07581e-12
 3.34165e-11
 1.63992e-10
 7.20689e-10
 2.84345e-09
 1.00881e-08
 3.22058e-08
 9.24977e-08
 2.38705e-07
 5.52084e-07
 1.13918e-06
 2.06441e-06
 3.17207e-06
 4.21128e-06
 5.02706e-06
 5.51670e-06
 5.67248e-06
 5.22212e-06
 4.20125e-06
 3.08988e-06
 2.07201e-06
 1.22756e-06
 6.23813e-07
 2.64897e-07
 8.95910e-08
 2.26817e-08
 3.99142e-09
 4.55317e-10
 3.01611e-11
 1.01086e-12
 1.45534e-14
 7.25472e-17
 9.06332e-20
 1.59394e-23
 1.04429e-28
 1.16634e-37
 1.96725e-33
 2.00034e-30
 5.19685e-28
 6.14787e-26
 4.19822e-24
 1.88452e-22
 6.03539e-21
 1.45860e-19
 2.77010e-18
 4.26178e-17
 5.43746e-16
 5.85994e-15
 5.41285e-14
 4.33584e-13
 3.04029e-12
 1.88026e-11
 1.03176e-10
 5.04684e-10
 2.20838e-09
 8.66626e-09
 3.05480e-08
 9.67926e-08
 2.75648e-07
 7.04703e-07
 1.61186e-06
 3.25353e-06
 5.40869e-06
 7.48510e-06
 9.17015e-06
 1.03694e-05
 1.10552e-05
 1.12924e-05
 1.08435e-05
 9.55393e-06
 7.79479e-06
 5.73875e-06
 3.61228e-06
 1.92884e-06
 8.71750e-07
 3.15395e-07
 8.57094e-08
 1.61993e-08
 1.99414e-09
 1.45066e-10
 5.46180e-12
 9.11200e-14
 5.48833e-16
 8.78912e-19
 2.17563e-22
 2.40811e-27
 8.23622e-36
 4.09052e-33
 4.29604e-30
 1.14572e-27
 1.38471e-25
 9.62215e-24
 4.38140e-22
 1.41976e-20
 3.46445e-19
 6.63163e-18
 1.02680e-16
 1.31667e-15
 1.42441e-14
 1.31927e-13
 1.05848e-12
 7.42657e-12
 4.59144e-11
 2.51661e-10
 1.22888e-09
 5.36646e-09
 2.10189e-08
 7.39752e-08
 2.34064e-07
 6.64630e-07
 1.68304e-06
 3.73709e-06
 6.71945e-06
 9.72448e-06
 1.21097e-05
 1.38197e-05
 1.49340e-05
 1.55571e-05
 1.58082e-05
 1.56418e-05
 1.48362e-05
 1.33755e-05
 1.11745e-05
 8.18472e-06
 4.97852e-06
 2.43657e-06
 9.51054e-07
 2.80231e-07
 5.73750e-08
 7.64613e-09
 6.12439e-10
 2.59483e-11
 5.02215e-13
 3.65823e-15
 7.51596e-18
 2.62106e-21
 4.90630e-26
 5.14423e-34
 6.35554e-33
 7.01940e-30
 1.94294e-27
 2.41559e-25
 1.71776e-23
 7.98086e-22
 2.63261e-20
 6.51931e-19
 1.26290e-17
 1.97406e-16
 2.55042e-15
 2.77465e-14
 2.57992e-13
 2.07480e-12
 1.45713e-11
 9.00632e-11
 4.93033e-10
 2.40276e-09
 1.04669e-08
 4.08803e-08
 1.43405e-07
 4.51743e-07
 1.26054e-06
 3.06384e-06
 6.17186e-06
 9.72033e-06
 1.26144e-05
 1.47162e-05
 1.61709e-05
 1.71155e-05
 1.76802e-05
 1.79701e-05
 1.80325e-05
 1.77750e-05
 1.70702e-05
 1.57291e-05
 1.33465e-05
 9.74335e-06
 5.64586e-06
 2.45849e-06
 7.94076e-07
 1.78111e-07
 2.58089e-08
 2.28376e-09
 1.09150e-10
 2.45514e-12
 2.16585e-14
 5.71623e-17
 2.81201e-20
 8.91366e-25
 2.86894e-32
 7.38984e-33
 8.79701e-30
 2.59486e-27
 3.39835e-25
 2.51489e-23
 1.20034e-21
 4.01729e-20
 1.00510e-18
 1.96297e-17
 3.09089e-16
 4.02172e-15
 4.40681e-14
 4.12363e-13
 3.33843e-12
 2.36848e-11
 1.48424e-10
 8.23857e-10
 4.05275e-09
 1.76451e-08
 6.77525e-08
 2.28722e-07
 6.78481e-07
 1.75821e-06
 3.95859e-06
 7.32252e-06
 1.07685e-05
 1.34221e-05
 1.53435e-05
 1.66888e-05
 1.76010e-05
 1.82040e-05
 1.85870e-05
 1.88057e-05
 1.88624e-05
 1.86953e-05
 1.81451e-05
 1.68731e-05
 1.43259e-05
 1.01243e-05
 5.33203e-06
 1.94917e-06
 4.85968e-07
 7.70441e-08
 7.56107e-09
 4.08910e-10
 1.07149e-11
 1.14699e-13
 3.89562e-16
 2.70791e-19
 1.45599e-23
 1.44090e-30
 6.24231e-33
 8.16142e-30
 2.59888e-27
 3.62262e-25
 2.82164e-23
 1.40799e-21
 4.92181e-20
 1.27778e-18
 2.57309e-17
 4.15118e-16
 5.49918e-15
 6.09800e-14
 5.74832e-13
 4.66729e-12
 3.29877e-11
 2.04353e-10
 1.11286e-09
 5.33030e-09
 2.24321e-08
 8.27898e-08
 2.66928e-07
 7.45256e-07
 1.79727e-06
 3.76591e-06
 6.70166e-06
 9.79850e-06
 1.22805e-05
 1.41368e-05
 1.55235e-05
 1.65776e-05
 1.74120e-05
 1.80905e-05
 1.86181e-05
 1.89730e-05
 1.91370e-05
 1.90696e-05
 1.85889e-05
 1.72410e-05
 1.42380e-05
 9.24538e-06
 4.12790e-06
 1.16671e-06
 2.04216e-07
 2.23219e-08
 1.37105e-09
 4.19781e-11
 5.46645e-13
 2.39460e-15
 2.35704e-18
 2.15410e-22
 6.56750e-29
 3.76692e-33
 5.55615e-30
 1.94664e-27
 2.92961e-25
 2.43828e-23
 1.29199e-21
 4.76694e-20
 1.29326e-18
 2.69587e-17
 4.46305e-16
 6.01911e-15
 6.74759e-14
 6.39541e-13
 5.18923e-12
 3.63215e-11
 2.20525e-10
 1.16624e-09
 5.38308e-09
 2.17047e-08
 7.65179e-08
 2.35410e-07
 6.25667e-07
 1.42690e-06
 2.79308e-06
 4.69996e-06
 6.75634e-06
 8.61038e-06
 1.02205e-05
 1.16315e-05
 1.29494e-05
 1.42810e-05
 1.56725e-05
 1.70224e-05
 1.81296e-05
 1.88624e-05
 1.92143e-05
 1.92107e-05
 1.86690e-05
 1.69571e-05
 1.30211e-05
 7.20943e-06
 2.46391e-06
 4.82423e-07
 5.89729e-08
 4.13115e-09
 1.48318e-10
 2.35677e-12
 1.33524e-14
 1.86593e-17
 2.90559e-21
 2.73552e-27
 1.58835e-33
 2.75300e-30
 1.10488e-27
 1.86366e-25
 1.70002e-23
 9.64599e-22
 3.72069e-20
 1.04559e-18
 2.24078e-17
 3.78970e-16
 5.19342e-15
 5.88866e-14
 5.61711e-13
 4.56245e-12
 3.18131e-11
 1.91448e-10
 9.98035e-10
 4.51454e-09
 1.77105e-08
 6.00281e-08
 1.74392e-07
 4.29780e-07
 8.94401e-07
 1.57236e-06
 2.37120e-06
 3.20831e-06
 4.14193e-06
 5.20420e-06
 6.36734e-06
 7.65529e-06
 9.13879e-06
 1.09491e-05
 1.31435e-05
 1.54971e-05
 1.74863e-05
 1.87283e-05
 1.92555e-05
 1.92211e-05
 1.84069e-05
 1.58207e-05
 1.05234e-05
 4.46173e-06
 1.01939e-06
 1.39839e-07
 1.12235e-08
 4.74415e-10
 9.23179e-12
 6.78698e-14
 1.35072e-16
 3.59430e-20
 1.04781e-25
 4.27319e-34
 9.11191e-31
 4.35486e-28
 8.53607e-26
 8.75922e-24
 5.45143e-22
 2.26692e-20
 6.76414e-19
 1.51982e-17
 2.66645e-16
 3.75637e-15
 4.34155e-14
 4.18622e-13
 3.41210e-12
 2.37125e-11
 1.41133e-10
 7.21046e-10
 3.16501e-09
 1.19055e-08
 3.81039e-08
 1.02517e-07
 2.29780e-07
 4.24693e-07
 6.50146e-07
 8.62736e-07
 1.08705e-06
 1.42072e-06
 1.92949e-06
 2.63290e-06
 3.52029e-06
 4.61603e-06
 6.09574e-06
 8.22657e-06
 1.11126e-05
 1.43912e-05
 1.71767e-05
 1.87761e-05
 1.93015e-05
 1.90506e-05
 1.75398e-05
 1.33689e-05
 6.86385e-06
 1.93474e-06
 2.98311e-07
 2.75666e-08
 1.37790e-09
 3.29710e-11
 3.15755e-13
 8.98219e-16
 4.09863e-19
 3.71176e-24
 6.76450e-35
 1.90601e-31
 1.12520e-28
 2.60098e-26
 3.07119e-24
 2.16624e-22
 1.00686e-20
 3.27645e-19
 7.87638e-18
 1.45604e-16
 2.13391e-15
 2.53750e-14
 2.49167e-13
 2.04713e-12
 1.41953e-11
 8.34706e-11
 4.16933e-10
 1.76684e-09
 6.31817e-09
 1.88669e-08
 4.65083e-08
 9.51759e-08
 1.56881e-07
 2.07069e-07
 2.31957e-07
 2.60591e-07
 3.53121e-07
 5.47069e-07
 8.73559e-07
 1.35541e-06
 2.01567e-06
 2.97126e-06
 4.45212e-06
 6.78353e-06
 1.02147e-05
 1.42518e-05
 1.74615e-05
 1.90003e-05
 1.92607e-05
 1.84544e-05
 1.54312e-05
 9.30662e-06
 3.26508e-06
 5.73501e-07
 6.13423e-08
 3.64194e-09
 1.07646e-10
 1.34888e-12
 5.50817e-15
 4.32742e-18
 1.22208e-22
 5.78019e-36
 2.43656e-32
 1.90764e-29
 5.46557e-27
 7.66253e-25
 6.20759e-23
 3.22666e-21
 1.15173e-19
 2.98672e-18
 5.87016e-17
 9.03046e-16
 1.11533e-14
 1.12663e-13
 9.40257e-13
 6.53817e-12
 3.81764e-11
 1.87868e-10
 7.76328e-10
 2.67654e-09
 7.61950e-09
 1.77631e-08
 3.35903e-08
 4.89171e-08
 5.39417e-08
 4.63333e-08
 3.95463e-08
 5.63894e-08
 1.13252e-07
 2.33528e-07
 4.43881e-07
 7.74694e-07
 1.30869e-06
 2.22232e-06
 3.81973e-06
 6.52461e-06
 1.05982e-05
 1.51224e-05
 1.81704e-05
 1.91807e-05
 1.88861e-05
 1.67883e-05
 1.14660e-05
 4.80346e-06
 9.95922e-07
 1.23896e-07
 8.77235e-09
 3.21821e-10
 5.30271e-12
 3.12379e-14
 4.24522e-17
 3.75467e-21
 2.08531e-37
 1.75991e-33
 2.06715e-30
 7.87341e-28
 1.37015e-25
 1.31608e-23
 7.84537e-22
 3.13088e-20
 8.89092e-19
 1.88060e-17
 3.06724e-16
 3.96142e-15
 4.13413e-14
 3.52890e-13
 2.48608e-12
 1.45697e-11
 7.12099e-11
 2.89349e-10
 9.70895e-10
 2.66058e-09
 5.89492e-09
 1.03414e-08
 1.36140e-08
 1.27966e-08
 7.92175e-09
 3.43300e-09
 4.62266e-09
 1.68439e-08
 5.23175e-08
 1.28609e-07
 2.71007e-07
 5.35778e-07
 1.04845e-06
 2.05944e-06
 3.99226e-06
 7.35908e-06
 1.21911e-05
 1.66353e-05
 1.87944e-05
 1.90267e-05
 1.75904e-05
 1.31339e-05
 6.31381e-06
 1.57086e-06
 2.27523e-07
 1.92569e-08
 8.80530e-10
 1.91682e-11
 1.63634e-13
 3.85883e-16
 1.06693e-19
 3.42632e-39
 8.68688e-35
 1.70791e-31
 9.10885e-29
 2.02706e-26
 2.35302e-24
 1.63023e-22
 7.34045e-21
 2.29699e-19
 5.25124e-18
 9.10679e-17
 1.23273e-15
 1.33116e-14
 1.16323e-13
 8.30779e-13
 4.88758e-12
 2.37432e-11
 9.49858e-11
 3.10806e-10
 8.22140e-10
 1.73258e-09
 2.86384e-09
 3.47984e-09
 2.91752e-09
 1.50288e-09
 3.80381e-10
 2.97969e-10
 2.51086e-09
 1.15183e-08
 3.59298e-08
 9.14994e-08
 2.13406e-07
 4.85272e-07
 1.09516e-06
 2.41383e-06
 5.01385e-06
 9.39313e-06
 1.46032e-05
 1.80655e-05
 1.89532e-05
 1.80264e-05
 1.43411e-05
 7.66241e-06
 2.22530e-06
 3.68873e-07
 3.70568e-08
 2.07522e-09
 5.81617e-11
 6.87308e-13
 2.53913e-15
 1.47177e-18
 5.31915e-41
 4.09777e-36
 1.35219e-32
 1.00974e-29
 2.86903e-27
 4.01446e-25
 3.22155e-23
 1.63040e-21
 5.59780e-20
 1.37674e-18
 2.52624e-17
 3.56635e-16
 3.96493e-15
 3.52823e-14
 2.54097e-13
 1.49282e-12
 7.17340e-12
 2.81326e-11
 8.94511e-11
 2.27916e-10
 4.58011e-10
 7.22032e-10
 8.20922e-10
 6.41501e-10
 3.15132e-10
 8.27794e-11
 7.24243e-11
 5.67570e-10
 2.92093e-09
 1.06111e-08
 3.17606e-08
 8.68069e-08
 2.29256e-07
 5.93395e-07
 1.47949e-06
 3.43540e-06
 7.14230e-06
 1.25177e-05
 1.70318e-05
 1.87202e-05
 1.82398e-05
 1.51586e-05
 8.75582e-06
 2.85594e-06
 5.22340e-07
 6.02202e-08
 4.01567e-09
 1.38285e-10
 2.11259e-12
 1.08424e-14
 9.87200e-18
 7.96318e-43
 1.86294e-37
 1.03018e-33
 1.07478e-30
 3.88854e-28
 6.53743e-26
 6.05368e-24
 3.42964e-22
 1.28639e-20
 3.38800e-19
 6.54664e-18
 9.59275e-17
 1.09288e-15
 9.85626e-15
 7.12379e-14
 4.16073e-13
 1.96986e-12
 7.54784e-12
 2.32644e-11
 5.70517e-11
 1.09776e-10
 1.66374e-10
 1.80281e-10
 1.35286e-10
 6.66928e-11
 1.93293e-11
 1.98083e-11
 1.50234e-10
 8.36184e-10
 3.42575e-09
 1.18164e-08
 3.74920e-08
 1.14344e-07
 3.37045e-07
 9.41255e-07
 2.41394e-06
 5.49594e-06
 1.06426e-05
 1.58437e-05
 1.83699e-05
 1.83001e-05
 1.56720e-05
 9.58329e-06
 3.40257e-06
 6.66040e-07
 8.43526e-08
 6.43670e-09
 2.64684e-10
 4.96917e-12
 3.29677e-14
 4.16843e-17
 1.14322e-44
 8.11080e-39
 7.50408e-35
 1.09157e-31
 5.01643e-29
 1.01041e-26
 1.07606e-24
 6.80003e-23
 2.77564e-21
 7.79660e-20
 1.57984e-18
 2.39269e-17
 2.78207e-16
 2.53264e-15
 1.82984e-14
 1.05865e-13
 4.92297e-13
 1.83857e-12
 5.48620e-12
 1.29545e-11
 2.39752e-11
 3.51151e-11
 3.68755e-11
 2.71010e-11
 1.34837e-11
 4.38089e-12
 6.32994e-12
 4.74108e-11
 2.75766e-10
 1.24546e-09
 4.88512e-09
 1.78173e-08
 6.20644e-08
 2.05579e-07
 6.33759e-07
 1.76865e-06
 4.34270e-06
 9.09971e-06
 1.46916e-05
 1.79531e-05
 1.82536e-05
 1.59608e-05
 1.01522e-05
 3.82352e-06
 7.87071e-07
 1.06209e-07
 8.88000e-09
 4.17311e-10
 9.35869e-12
 7.64122e-14
 1.24778e-16
 1.56172e-46
 3.35635e-40
 5.18818e-36
 1.05042e-32
 6.11900e-30
 1.47299e-27
 1.79904e-25
 1.26422e-23
 5.59704e-22
 1.67089e-20
 3.53764e-19
 5.51777e-18
 6.52493e-17
 5.97550e-16
 4.30179e-15
 2.45821e-14
 1.12019e-13
 4.07124e-13
 1.17560e-12
 2.67630e-12
 4.78608e-12
 6.79475e-12
 6.99235e-12
 5.10590e-12
 2.54855e-12
 9.72450e-13
 2.35330e-12
 1.75562e-11
 1.05439e-10
 5.21631e-10
 2.31132e-09
 9.57773e-09
 3.74771e-08
 1.36942e-07
 4.57765e-07
 1.36731e-06
 3.56387e-06
 7.91972e-06
 1.36969e-05
 1.75298e-05
 1.81439e-05
 1.60851e-05
 1.04829e-05
 4.09660e-06
 8.73147e-07
 1.23192e-07
 1.09576e-08
 5.63155e-10
 1.44228e-11
 1.40122e-13
 2.81891e-16
 2.01410e-48
 1.30993e-41
 3.37907e-37
 9.50847e-34
 7.00900e-31
 2.01242e-28
 2.81213e-26
 2.19181e-24
 1.04956e-22
 3.32011e-21
 7.32228e-20
 1.17256e-18
 1.40600e-17
 1.29166e-16
 9.24085e-16
 5.20399e-15
 2.31990e-14
 8.19793e-14
 2.29134e-13
 5.03805e-13
 8.74549e-13
 1.20534e-12
 1.22155e-12
 8.91996e-13
 4.50673e-13
 2.36758e-13
 9.94555e-13
 7.51647e-12
 4.73547e-11
 2.58104e-10
 1.28272e-09
 5.93407e-09
 2.55139e-08
 1.00626e-07
 3.57636e-07
 1.12360e-06
 3.06014e-06
 7.08877e-06
 1.29146e-05
 1.71356e-05
 1.79837e-05
 1.60727e-05
 1.06133e-05
 4.22604e-06
 9.18910e-07
 1.33285e-07
 1.23824e-08
 6.76674e-10
 1.89486e-11
 2.09827e-13
 4.99774e-16
 2.43203e-50
 4.78280e-43
 2.05692e-38
 8.03518e-35
 7.48474e-32
 2.55911e-29
 4.08386e-27
 3.52302e-25
 1.82051e-23
 6.08739e-22
 1.39491e-20
 2.28751e-19
 2.77442e-18
 2.55086e-17
 1.80979e-16
 1.00268e-15
 4.36780e-15
 1.50022e-14
 4.06175e-14
 8.64247e-14
 1.46269e-13
 1.95831e-13
 1.95488e-13
 1.41354e-13
 7.50955e-14
 7.21425e-14
 4.77991e-13
 3.80596e-12
 2.57835e-11
 1.54791e-10
 8.48319e-10
 4.27448e-09
 1.96848e-08
 8.18737e-08
 3.03197e-07
 9.84561e-07
 2.75906e-06
 6.56674e-06
 1.23738e-05
 1.68102e-05
 1.77834e-05
 1.58963e-05
 1.04901e-05
 4.18194e-06
 9.19928e-07
 1.36264e-07
 1.30248e-08
 7.40511e-10
 2.19894e-11
 2.67069e-13
 7.25150e-16
 2.72576e-52
 1.61979e-44
 1.16052e-39
 6.28807e-36
 7.39428e-33
 3.00706e-30
 5.47243e-28
 5.21677e-26
 2.90388e-24
 1.02440e-22
 2.43401e-21
 4.07912e-20
 4.99411e-19
 4.58685e-18
 3.22202e-17
 1.75402e-16
 7.46126e-16
 2.49121e-15
 6.54010e-15
 1.34929e-14
 2.23631e-14
 2.90874e-14
 2.85078e-14
 2.02390e-14
 1.26480e-14
 3.19553e-14
 2.86343e-13
 2.40945e-12
 1.75174e-11
 1.13715e-10
 6.68895e-10
 3.56715e-09
 1.71349e-08
 7.34447e-08
 2.77962e-07
 9.17851e-07
 2.60959e-06
 6.29962e-06
 1.20761e-05
 1.65795e-05
 1.75678e-05
 1.55922e-05
 1.01117e-05
 3.93730e-06
 8.58793e-07
 1.27838e-07
 1.24562e-08
 7.34996e-10
 2.29961e-11
 2.98825e-13
 8.91854e-16
 2.80942e-54
 5.04226e-46
 6.01509e-41
 4.51786e-37
 6.70220e-34
 3.23936e-31
 6.71649e-29
 7.06721e-27
 4.23217e-25
 1.57282e-23
 3.86898e-22
 6.61563e-21
 8.16324e-20
 7.47891e-19
 5.19520e-18
 2.77668e-17
 1.15310e-16
 3.74418e-16
 9.54225e-16
 1.91222e-15
 3.11916e-15
 3.93980e-15
 3.76018e-15
 2.73337e-15
 3.04374e-15
 2.16888e-14
 2.19930e-13
 1.92315e-12
 1.46981e-11
 1.00213e-10
 6.13432e-10
 3.36567e-09
 1.64658e-08
 7.13472e-08
 2.71666e-07
 9.00399e-07
 2.56862e-06
 6.22648e-06
 1.19860e-05
 1.64312e-05
 1.73070e-05
 1.51588e-05
 9.55017e-06
 3.56727e-06
 7.59783e-07
 1.11574e-07
 1.08592e-08
 6.50080e-10
 2.09927e-11
 2.86553e-13
 9.22575e-16
 2.63661e-56
 1.42867e-47
 2.83675e-42
 2.95252e-38
 5.52377e-35
 3.17180e-32
 7.48885e-30
 8.69188e-28
 5.59522e-26
 2.18848e-24
 5.56742e-23
 9.70192e-22
 1.20518e-20
 1.10028e-19
 7.55214e-19
 3.96113e-18
 1.60601e-17
 5.07462e-17
 1.25698e-16
 2.45036e-16
 3.95185e-16
 4.84276e-16
 4.46019e-16
 4.28258e-16
 1.90385e-15
 2.15526e-14
 2.23224e-13
 2.00053e-12
 1.57779e-11
 1.10337e-10
 6.84732e-10
 3.76430e-09
 1.82844e-08
 7.82061e-08
 2.93112e-07
 9.56243e-07
 2.69183e-06
 6.46337e-06
 1.21985e-05
 1.63697e-05
 1.69408e-05
 1.44384e-05
 8.63861e-06
 3.01822e-06
 6.29369e-07
 9.14625e-08
 8.81805e-09
 5.24456e-10
 1.70172e-11
 2.38541e-13
 8.05665e-16
 2.22898e-58
 3.64557e-49
 1.20466e-43
 1.73732e-39
 4.09893e-36
 2.79617e-33
 7.51743e-31
 9.62205e-29
 6.65602e-27
 2.73867e-25
 7.20068e-24
 1.27790e-22
 1.59690e-21
 1.45188e-20
 9.84263e-20
 5.06565e-19
 2.00579e-18
 6.17212e-18
 1.48751e-17
 2.82433e-17
 4.47490e-17
 5.37209e-17
 5.85306e-17
 2.20257e-16
 2.60531e-15
 3.04225e-14
 3.11447e-13
 2.79003e-12
 2.19055e-11
 1.50874e-10
 9.12713e-10
 4.85743e-09
 2.27691e-08
 9.39807e-08
 3.40692e-07
 1.07911e-06
 2.96313e-06
 6.97793e-06
 1.26360e-05
 1.63179e-05
 1.64334e-05
 1.34091e-05
 7.41959e-06
 2.34776e-06
 4.76378e-07
 6.82064e-08
 6.54354e-09
 3.89920e-10
 1.27102e-11
 1.79311e-13
 6.15412e-16
 1.67760e-60
 8.28088e-51
 4.55399e-45
 9.10166e-41
 2.70882e-37
 2.19607e-34
 6.72509e-32
 9.49505e-30
 7.05901e-28
 3.05534e-26
 8.30124e-25
 1.49989e-23
 1.88492e-22
 1.70622e-21
 1.14232e-20
 5.76978e-20
 2.23224e-19
 6.69439e-19
 1.57077e-18
 2.91060e-18
 4.48436e-18
 7.24299e-18
 3.78451e-17
 4.67396e-16
 5.61449e-15
 6.05904e-14
 5.88438e-13
 5.01967e-12
 3.73114e-11
 2.42055e-10
 1.37731e-09
 6.90833e-09
 3.06503e-08
 1.20389e-07
 4.17589e-07
 1.27218e-06
 3.37751e-06
 7.69889e-06
 1.31437e-05
 1.61507e-05
 1.57067e-05
 1.20537e-05
 6.05761e-06
 1.72916e-06
 3.40142e-07
 4.73263e-08
 4.43589e-09
 2.59896e-10
 8.40457e-12
 1.18785e-13
 4.12441e-16
 1.10951e-62
 1.65294e-52
 1.51312e-46
 4.19257e-42
 1.57489e-38
 1.51842e-35
 5.30043e-33
 8.26035e-31
 6.60385e-29
 3.00812e-27
 8.44789e-26
 1.55426e-24
 1.96446e-23
 1.77062e-22
 1.17097e-21
 5.80678e-21
 2.19643e-20
 6.41940e-20
 1.48582e-19
 3.12048e-19
 1.16938e-18
 1.17698e-17
 1.46515e-16
 1.68580e-15
 1.73177e-14
 1.64988e-13
 1.44221e-12
 1.11332e-11
 7.51280e-11
 4.44765e-10
 2.32566e-09
 1.08031e-08
 4.47218e-08
 1.65058e-07
 5.41295e-07
 1.56739e-06
 3.98047e-06
 8.60760e-06
 1.36079e-05
 1.57462e-05
 1.46052e-05
 1.02439e-05
 4.54646e-06
 1.18293e-06
 2.23172e-07
 2.99002e-08
 2.71484e-09
 1.54941e-10
 4.90811e-12
 6.83818e-14
 2.35877e-16
 6.35462e-65
 2.85764e-54
 4.35586e-48
 1.67425e-43
 7.94433e-40
 9.11835e-37
 3.63235e-34
 6.25509e-32
 5.38305e-30
 2.58281e-28
 7.50295e-27
 1.40642e-25
 1.78869e-24
 1.60603e-23
 1.04968e-22
 5.11359e-22
 1.89234e-21
 6.20918e-21
 3.74339e-20
 4.93030e-19
 6.72562e-18
 8.03828e-17
 8.49321e-16
 8.07293e-15
 6.97887e-14
 5.67225e-13
 4.26916e-12
 2.86892e-11
 1.70584e-10
 9.00880e-10
 4.25251e-09
 1.80297e-08
 6.87664e-08
 2.35823e-07
 7.24594e-07
 1.97746e-06
 4.74545e-06
 9.51180e-06
 1.37736e-05
 1.49114e-05
 1.29225e-05
 8.00996e-06
 3.04540e-06
 7.35415e-07
 1.31502e-07
 1.68295e-08
 1.46618e-09
 8.05960e-11
 2.46849e-12
 3.33928e-14
 1.12396e-16
 3.09985e-67
 4.20872e-56
 1.06876e-49
 5.70302e-45
 3.42199e-41
 4.68193e-38
 2.13152e-35
 4.06197e-33
 3.76840e-31
 1.90708e-29
 5.73723e-28
 1.09681e-26
 1.40485e-25
 1.25758e-24
 8.12925e-24
 3.89333e-23
 1.41054e-22
 1.10315e-20
 3.11247e-19
 5.10376e-18
 6.22979e-17
 6.29934e-16
 5.57357e-15
 4.44198e-14
 3.23520e-13
 2.20938e-12
 1.40066e-11
 8.03597e-11
 4.14587e-10
 1.92816e-09
 8.11957e-09
 3.10989e-08
 1.08467e-07
 3.42722e-07
 9.75234e-07
 2.48245e-06
 5.57908e-06
 1.01682e-05
 1.33569e-05
 1.33685e-05
 1.04657e-05
 5.53947e-06
 1.78339e-06
 4.03279e-07
 6.80267e-08
 8.24108e-09
 6.81407e-10
 3.56327e-11
 1.04040e-12
 1.34439e-14
 4.33172e-17
 1.26335e-69
 5.18041e-58
 2.19293e-51
 1.62612e-46
 1.23545e-42
 2.01815e-39
 1.05195e-36
 2.22256e-34
 2.22694e-32
 1.19079e-30
 3.71590e-29
 7.25543e-28
 9.37114e-27
 8.37279e-26
 5.35834e-25
 2.52510e-24
 8.96230e-24
 1.32299e-19
 3.49713e-18
 5.09454e-17
 5.43524e-16
 4.75259e-15
 3.60698e-14
 2.45266e-13
 1.52047e-12
 8.75211e-12
 4.66442e-11
 2.27535e-10
 1.01471e-09
 4.13662e-09
 1.54026e-08
 5.25133e-08
 1.64466e-07
 4.73607e-07
 1.24752e-06
 2.98118e-06
 6.29195e-06
 1.01296e-05
 1.18666e-05
 1.07606e-05
 7.28384e-06
 3.20282e-06
 8.97099e-07
 1.90060e-07
 2.99418e-08
 3.39252e-09
 2.62823e-10
 1.28908e-11
 3.53127e-13
 4.27989e-15
 1.29250e-17
 4.20511e-72
 5.20979e-60
 3.67903e-53
 3.79535e-48
 3.65664e-44
 7.14486e-41
 4.27296e-38
 1.00315e-35
 1.08802e-33
 6.16079e-32
 1.99826e-30
 3.99238e-29
 5.20852e-28
 4.65143e-27
 2.95062e-26
 1.36944e-25
 4.76444e-25
 1.30609e-18
 3.14583e-17
 4.12850e-16
 3.92389e-15
 3.02458e-14
 2.00471e-13
 1.18140e-12
 6.31264e-12
 3.10503e-11
 1.40945e-10
 5.87973e-10
 2.25452e-09
 7.96804e-09
 2.60853e-08
 7.93803e-08
 2.24716e-07
 5.93239e-07
 1.46454e-06
 3.35746e-06
 6.34416e-06
 8.62998e-06
 8.84111e-06
 7.13434e-06
 4.06116e-06
 1.47291e-06
 3.75294e-07
 7.31899e-08
 1.06450e-08
 1.11394e-09
 7.96726e-11
 3.60407e-12
 9.08906e-14
 1.01138e-15
 2.79407e-18
 1.11221e-74
 4.16525e-62
 4.91099e-55
 7.05722e-50
 8.63687e-46
 2.02281e-42
 1.39131e-39
 3.63869e-37
 4.28329e-35
 2.57505e-33
 8.70312e-32
 1.78334e-30
 2.35482e-29
 2.10561e-28
 1.32578e-27
 6.06609e-27
 2.06966e-26
 8.80101e-18
 1.95237e-16
 2.33499e-15
 2.00131e-14
 1.37713e-13
 8.07262e-13
 4.17361e-12
 1.94425e-11
 8.26137e-11
 3.22467e-10
 1.16422e-09
 3.91362e-09
 1.23322e-08
 3.65965e-08
 1.02344e-07
 2.68698e-07
 6.60684e-07
 1.53496e-06
 3.12789e-06
 4.82386e-06
 5.49569e-06
 5.00056e-06
 3.54838e-06
 1.69505e-06
 5.17155e-07
 1.20549e-07
 2.13920e-08
 2.82661e-09
 2.68405e-10
 1.73851e-11
 7.10022e-13
 1.60988e-14
 1.60199e-16
 3.93220e-19
 2.25928e-77
 2.55897e-64
 5.04210e-57
 1.01072e-51
 1.57416e-47
 4.42921e-44
 3.51295e-41
 1.02641e-38
 1.31526e-36
 8.42055e-35
 2.97423e-33
 6.26758e-32
 8.39688e-31
 7.53300e-30
 4.71526e-29
 2.12899e-28
 7.12529e-28
 3.45277e-17
 7.09082e-16
 7.77717e-15
 6.06064e-14
 3.76406e-13
 1.98035e-12
 9.15807e-12
 3.81314e-11
 1.44820e-10
 5.05973e-10
 1.64179e-09
 4.98550e-09
 1.42429e-08
 3.83214e-08
 9.66984e-08
 2.27808e-07
 5.04841e-07
 1.06929e-06
 1.84483e-06
 2.31491e-06
 2.30670e-06
 1.93572e-06
 1.18957e-06
 4.70561e-07
 1.25892e-07
 2.61236e-08
 4.13178e-09
 4.85210e-10
 4.07841e-11
 2.32710e-12
 8.32433e-14
 1.64207e-15
 1.41085e-17
 2.96540e-20
 3.37379e-80
 1.15640e-66
 3.81159e-59
 1.06740e-53
 2.11988e-49
 7.18341e-46
 6.58856e-43
 2.15736e-40
 3.01935e-38
 2.06556e-36
 7.65017e-35
 1.66316e-33
 2.26708e-32
 2.04528e-31
 1.27489e-30
 5.68569e-30
 1.86664e-29
 6.78516e-17
 1.31391e-15
 1.35465e-14
 9.88586e-14
 5.72504e-13
 2.79562e-12
 1.19393e-11
 4.56437e-11
 1.58526e-10
 5.06131e-10
 1.50054e-09
 4.15471e-09
 1.07397e-08
 2.58375e-08
 5.75100e-08
 1.13634e-07
 2.01108e-07
 3.42883e-07
 4.94422e-07
 5.52272e-07
 5.12137e-07
 3.89230e-07
 2.02762e-07
 6.46938e-08
 1.53534e-08
 2.78890e-09
 3.81795e-10
 3.84037e-11
 2.73454e-12
 1.30645e-13
 3.86626e-15
 6.23419e-17
 4.32758e-19
 7.26884e-22
 3.49198e-83
 3.62430e-69
 2.00048e-61
 7.83875e-56
 1.98931e-51
 8.13935e-48
 8.65923e-45
 3.18824e-42
 4.89110e-40
 3.58886e-38
 1.39901e-36
 3.14901e-35
 4.38133e-34
 3.98524e-33
 2.47828e-32
 1.09266e-31
 3.51789e-31
 6.96251e-17
 1.29349e-15
 1.28404e-14
 9.01084e-14
 4.99564e-13
 2.31918e-12
 9.32692e-12
 3.31568e-11
 1.05793e-10
 3.07263e-10
 8.20539e-10
 2.02832e-09
 4.60807e-09
 9.40263e-09
 1.79715e-08
 2.90661e-08
 3.51596e-08
 3.39874e-08
 2.76291e-08
 1.62599e-08
 6.14672e-09
 1.67613e-09
 3.69053e-10
 6.50252e-11
 9.07830e-12
 9.89456e-13
 8.24292e-14
 5.09925e-15
 2.25170e-16
 6.71510e-18
 1.24690e-19
 1.26677e-21
 5.55956e-24
 5.92203e-27
 2.30299e-86
 7.24252e-72
 6.70168e-64
 3.68041e-58
 1.19610e-53
 5.92504e-50
 7.33471e-47
 3.04740e-44
 5.14427e-42
 4.06509e-40
 1.67478e-38
 3.91861e-37
 5.58482e-36
 5.13654e-35
 3.19292e-34
 1.39274e-33
 4.39418e-33
 3.75639e-17
 6.85953e-16
 6.79680e-15
 4.73034e-14
 2.56258e-13
 1.14080e-12
 4.31107e-12
 1.41285e-11
 4.09088e-11
 1.06277e-10
 2.44877e-10
 5.12753e-10
 9.60653e-10
 1.34329e-09
 1.43045e-09
 1.28999e-09
 9.29185e-10
 4.63169e-10
 1.54048e-10
 4.17828e-11
 9.38415e-12
 1.74278e-12
 2.65822e-13
 3.29576e-14
 3.27535e-15
 2.56184e-16
 1.54016e-17
 6.90096e-19
 2.21196e-20
 4.79337e-22
 6.46894e-24
 4.77477e-26
 1.52132e-28
 1.17537e-31
 8.48485e-90
 8.09044e-75
 1.25641e-66
 9.68651e-61
 4.04032e-56
 2.42980e-52
 3.51136e-49
 1.65231e-46
 3.08167e-44
 2.63401e-42
 1.15206e-40
 2.81426e-39
 4.12472e-38
 3.84804e-37
 2.39588e-36
 1.03452e-35
 3.19451e-35
 1.02034e-17
 1.89540e-16
 1.97594e-15
 1.39792e-14
 7.39944e-14
 3.09997e-13
 1.07094e-12
 3.12588e-12
 7.76065e-12
 1.69523e-11
 2.76971e-11
 3.25852e-11
 3.07890e-11
 2.37375e-11
 1.28764e-11
 4.61695e-12
 1.34447e-12
 3.30924e-13
 6.89979e-14
 1.21605e-14
 1.80241e-15
 2.23009e-16
 2.28101e-17
 1.90501e-18
 1.27909e-19
 6.77204e-21
 2.75875e-22
 8.37946e-24
 1.82061e-25
 2.67316e-27
 2.44266e-29
 1.21970e-31
 2.62655e-34
 1.37022e-37
 1.37641e-93
 3.98191e-78
 1.03896e-69
 1.12637e-63
 6.04325e-59
 4.42446e-55
 7.48871e-52
 4.00610e-49
 8.28967e-47
 7.69904e-45
 3.59205e-43
 9.20433e-42
 1.39327e-40
 1.32299e-39
 8.26815e-39
 3.53511e-38
 1.06624e-37
 1.37304e-18
 2.62325e-17
 2.93921e-16
 2.02948e-15
 9.83931e-15
 3.59525e-14
 1.07454e-13
 2.60431e-13
 3.90294e-13
 3.96240e-13
 3.02921e-13
 1.55770e-13
 5.04129e-14
 1.32112e-14
 2.91245e-15
 5.45729e-16
 8.72838e-17
 1.19263e-17
 1.38993e-18
 1.37639e-19
 1.15126e-20
 8.06814e-22
 4.68857e-23
 2.23018e-24
 8.54467e-26
 2.58497e-27
 6.02251e-29
 1.04670e-30
 1.30144e-32
 1.09339e-34
 5.71489e-37
 1.63149e-39
 2.00753e-42
 5.98096e-46
 5.51631e-98
 4.84496e-82
 2.12629e-73
 3.24682e-67
 2.24565e-62
 2.00704e-58
 3.99180e-55
 2.43678e-52
 5.61838e-50
 5.69676e-48
 2.84942e-46
 7.69746e-45
 1.20894e-43
 1.17276e-42
 7.37276e-42
 3.12119e-41
 9.16782e-41
 4.98010e-20
 9.79673e-19
 1.21288e-17
 7.40363e-17
 2.96864e-16
 8.66514e-16
 1.70955e-15
 1.91138e-15
 1.06650e-15
 2.65166e-16
 3.67561e-17
 4.13137e-18
 3.87526e-19
 3.07458e-20
 2.08004e-21
 1.20590e-22
 6.00460e-24
 2.56752e-25
 9.40463e-27
 2.93770e-28
 7.77447e-30
 1.72821e-31
 3.19218e-33
 4.83439e-35
 5.90526e-37
 5.70169e-39
 4.24315e-41
 2.35702e-43
 9.37099e-46
 2.51819e-48
 4.21068e-51
 3.84600e-54
 1.51424e-57
 1.44353e-61
 7.80627e-88
 1.77982e-83
 9.99973e-80
 2.46709e-76
 3.39078e-73
 2.96087e-70
 1.78660e-67
 7.89989e-65
 2.67388e-62
 7.16640e-60
 1.56288e-57
 2.83653e-55
 4.36654e-53
 5.79537e-51
 6.72719e-49
 6.91680e-47
 6.37151e-45
 5.31297e-43
 4.04862e-41
 2.84422e-39
 1.85721e-37
 1.13593e-35
 6.55549e-34
 3.59441e-32
 1.88720e-30
 9.40048e-29
 2.17086e-27
 2.22491e-26
 1.31297e-25
 4.95603e-25
 1.24437e-24
 2.23866e-24
 3.09721e-24
 3.20996e-24
 2.57712e-24
 1.69334e-24
 8.63594e-25
 3.33806e-25
 9.42061e-26
 1.84188e-26
 2.31594e-27
 1.68739e-28
 6.21213e-30
 9.81391e-32
 5.49082e-34
 8.54945e-37
 2.63393e-40
 9.23233e-45
 1.28212e-50
 5.36738e-59
 9.57424e-75
 6.02115e-72
 4.51105e-68
 8.33339e-65
 6.76431e-62
 3.06065e-59
 8.80383e-57
 1.75092e-54
 2.55313e-52
 2.85105e-50
 2.52195e-48
 1.81575e-46
 1.08814e-44
 5.53126e-43
 2.42393e-41
 9.28801e-40
 3.15120e-38
 9.57311e-37
 2.63069e-35
 6.60034e-34
 1.52499e-32
 3.27071e-31
 6.56062e-30
 1.23951e-28
 2.22062e-27
 3.79879e-26
 6.19670e-25
 7.05707e-24
 4.77264e-23
 2.10017e-22
 6.34686e-22
 1.33476e-21
 2.08704e-21
 2.59930e-21
 2.49937e-21
 1.89324e-21
 1.19754e-21
 5.99256e-22
 2.31245e-22
 6.63587e-23
 1.34490e-23
 1.78994e-24
 1.41246e-25
 5.76621e-27
 1.03415e-28
 6.73041e-31
 1.25351e-33
 4.78931e-37
 2.19404e-41
 4.34291e-47
 3.08956e-55
 1.68866e-70
 2.19318e-63
 9.74752e-60
 1.06936e-56
 5.16048e-54
 1.38968e-51
 2.38161e-49
 2.82488e-47
 2.45896e-45
 1.64058e-43
 8.67687e-42
 3.73749e-40
 1.34062e-38
 4.08012e-37
 1.07065e-35
 2.45640e-34
 4.98864e-33
 9.06733e-32
 1.48973e-30
 2.23257e-29
 3.07744e-28
 3.93204e-27
 4.69059e-26
 5.25977e-25
 5.57983e-24
 5.63635e-23
 5.42636e-22
 4.06687e-21
 2.04723e-20
 7.19019e-20
 1.81017e-19
 3.28450e-19
 4.58470e-19
 5.25090e-19
 4.75626e-19
 3.44953e-19
 2.12507e-19
 1.05060e-19
 4.06442e-20
 1.18763e-20
 2.49223e-21
 3.49913e-22
 2.97602e-23
 1.33995e-24
 2.71411e-26
 2.04545e-28
 4.53989e-31
 2.14480e-34
 1.28128e-38
 3.60919e-44
 4.35910e-52
 7.29703e-67
 2.64920e-57
 8.34115e-54
 6.49328e-51
 2.22721e-48
 4.27017e-46
 5.21870e-44
 4.42114e-42
 2.75271e-40
 1.31541e-38
 4.98881e-37
 1.54249e-35
 3.97478e-34
 8.69568e-33
 1.64083e-31
 2.70742e-30
 3.95384e-29
 5.16559e-28
 6.09607e-27
 6.55566e-26
 6.47593e-25
 5.92002e-24
 5.04271e-23
 4.02823e-22
 3.03591e-21
 2.17152e-20
 1.47684e-19
 8.22643e-19
 3.30132e-18
 9.69987e-18
 2.08212e-17
 3.35354e-17
 4.30505e-17
 4.59020e-17
 3.95296e-17
 2.79045e-17
 1.68751e-17
 8.28657e-18
 3.22507e-18
 9.60762e-19
 2.08569e-19
 3.08026e-20
 2.81115e-21
 1.38883e-22
 3.16106e-24
 2.74625e-26
 7.23656e-29
 4.21468e-32
 3.27577e-36
 1.31100e-41
 2.68558e-49
 1.37623e-63
 1.38645e-52
 3.37861e-49
 2.04019e-46
 5.44063e-44
 8.12815e-42
 7.75755e-40
 5.14312e-38
 2.51098e-36
 9.42591e-35
 2.81284e-33
 6.85277e-32
 1.39301e-30
 2.40619e-29
 3.58706e-28
 4.67744e-27
 5.39811e-26
 5.57131e-25
 5.19034e-24
 4.40156e-23
 3.42380e-22
 2.46005e-21
 1.64331e-20
 1.02667e-19
 6.03238e-19
 3.35132e-18
 1.76411e-17
 7.82824e-17
 2.61883e-16
 6.63502e-16
 1.24744e-15
 1.82678e-15
 2.21416e-15
 2.21852e-15
 1.82384e-15
 1.27279e-15
 7.59762e-16
 3.72341e-16
 1.46216e-16
 4.44616e-17
 9.97871e-18
 1.54646e-18
 1.50854e-19
 8.13924e-21
 2.07162e-22
 2.06561e-24
 6.43814e-27
 4.60874e-30
 4.64973e-34
 2.63962e-39
 9.16231e-47
 1.43669e-60
 8.98119e-49
 1.78837e-45
 8.84943e-43
 1.93938e-40
 2.38786e-38
 1.88342e-36
 1.03467e-34
 4.19611e-33
 1.31142e-31
 3.26482e-30
 6.64721e-29
 1.13089e-27
 1.63674e-26
 2.04605e-25
 2.23819e-24
 2.16701e-23
 1.87566e-22
 1.46434e-21
 1.03942e-20
 6.75665e-20
 4.04870e-19
 2.24983e-18
 1.16580e-17
 5.66164e-17
 2.58929e-16
 1.11754e-15
 4.13948e-15
 1.19278e-14
 2.66057e-14
 4.50887e-14
 6.13364e-14
 7.10605e-14
 6.77371e-14
 5.36358e-14
 3.72635e-14
 2.20695e-14
 1.08384e-14
 4.30601e-15
 1.33818e-15
 3.10412e-16
 5.03869e-17
 5.23596e-18
 3.07217e-19
 8.70461e-21
 9.91953e-23
 3.64380e-25
 3.19668e-28
 4.17708e-32
 3.35837e-37
 1.97340e-44
 9.46437e-58
 1.24270e-45
 2.09946e-42
 8.84465e-40
 1.65594e-37
 1.74778e-35
 1.18565e-33
 5.61954e-32
 1.97200e-30
 5.34715e-29
 1.15769e-27
 2.05407e-26
 3.05054e-25
 3.85918e-24
 4.22076e-23
 4.04165e-22
 3.42571e-21
 2.59493e-20
 1.77156e-19
 1.09827e-18
 6.22474e-18
 3.24514e-17
 1.56474e-16
 7.01332e-16
 2.93529e-15
 1.15198e-14
 4.24737e-14
 1.36018e-13
 3.47617e-13
 6.90674e-13
 1.07613e-12
 1.38592e-12
 1.54900e-12
 1.42313e-12
 1.09536e-12
 7.59212e-13
 4.48353e-13
 2.21455e-13
 8.92405e-14
 2.83832e-14
 6.80565e-15
 1.15554e-15
 1.27560e-16
 8.10931e-18
 2.54733e-19
 3.30460e-21
 1.42577e-23
 1.52865e-26
 2.58159e-30
 2.93520e-35
 2.91721e-42
 4.27756e-55
 5.09124e-43
 7.50848e-40
 2.77243e-37
 4.56779e-35
 4.25933e-33
 2.56239e-31
 1.08089e-29
 3.38703e-28
 8.22568e-27
 1.59933e-25
 2.55421e-24
 3.42086e-23
 3.90848e-22
 3.86461e-21
 3.34752e-20
 2.56692e-19
 1.75843e-18
 1.08474e-17
 6.06831e-17
 3.09794e-16
 1.45131e-15
 6.27035e-15
 2.50941e-14
 9.33794e-14
 3.24151e-13
 1.05091e-12
 2.98027e-12
 6.87397e-12
 1.24381e-11
 1.81307e-11
 2.23716e-11
 2.42834e-11
 2.17921e-11
 1.64651e-11
 1.13639e-11
 6.72599e-12
 3.35275e-12
 1.37392e-12
 4.47961e-13
 1.11091e-13
 1.97158e-14
 2.30696e-15
 1.58411e-16
 5.49682e-18
 8.08875e-20
 4.08602e-22
 5.34012e-25
 1.16325e-28
 1.86776e-33
 3.13730e-40
 1.40603e-52
 7.66854e-41
 1.01064e-37
 3.35001e-35
 4.97732e-33
 4.20374e-31
 2.30015e-29
 8.85928e-28
 2.54386e-26
 5.67934e-25
 1.01798e-23
 1.50233e-22
 1.86292e-21
 1.97360e-20
 1.81129e-19
 1.45701e-18
 1.03758e-17
 6.59779e-17
 3.77426e-16
 1.95498e-15
 9.22138e-15
 3.98048e-14
 1.57912e-13
 5.77846e-13
 1.95628e-12
 6.14252e-12
 1.79014e-11
 4.58596e-11
 9.70606e-11
 1.63172e-10
 2.25728e-10
 2.69411e-10
 2.86044e-10
 2.52731e-10
 1.88697e-10
 1.29993e-10
 7.74148e-11
 3.90751e-11
 1.63279e-11
 5.46844e-12
 1.40416e-12
 2.60451e-13
 3.22527e-14
 2.38625e-15
 9.11865e-17
 1.51725e-18
 8.94801e-21
 1.42215e-23
 3.98874e-27
 9.03330e-32
 2.56267e-38
 3.50947e-50
 4.97019e-39
 5.97569e-36
 1.81601e-33
 2.48561e-31
 1.94283e-29
 9.88064e-28
 3.55127e-26
 9.54983e-25
 2.00308e-23
 3.38246e-22
 4.71359e-21
 5.52933e-20
 5.54908e-19
 4.82849e-18
 3.68394e-17
 2.48792e-16
 1.49929e-15
 8.11797e-15
 3.97271e-14
 1.76600e-13
 7.16161e-13
 2.65892e-12
 9.06462e-12
 2.84420e-11
 8.22877e-11
 2.19619e-10
 5.17171e-10
 1.01744e-09
 1.61359e-09
 2.14469e-09
 2.49691e-09
 2.60855e-09
 2.28111e-09
 1.69327e-09
 1.16896e-09
 7.02764e-10
 3.60413e-10
 1.54029e-10
 5.31211e-11
 1.41476e-11
 2.74435e-12
 3.59335e-13
 2.85930e-14
 1.20029e-15
 2.25216e-17
 1.54679e-19
 2.98348e-22
 1.07573e-25
 3.43259e-30
 1.64379e-36
 6.87769e-48
 1.56699e-37
 1.75204e-34
 4.97623e-32
 6.39600e-30
 4.71563e-28
 2.27148e-26
 7.76165e-25
 1.99096e-23
 3.99511e-22
 6.47002e-21
 8.66475e-20
 9.78360e-19
 9.46149e-18
 7.93866e-17
 5.84138e-16
 3.80326e-15
 2.20767e-14
 1.14974e-13
 5.40078e-13
 2.29839e-12
 8.89368e-12
 3.13836e-11
 1.01225e-10
 2.98942e-10
 8.09460e-10
 2.01068e-09
 4.42156e-09
 8.14343e-09
 1.23151e-08
 1.59009e-08
 1.81973e-08
 1.88034e-08
 1.63497e-08
 1.21368e-08
 8.42649e-09
 5.13330e-09
 2.68452e-09
 1.17737e-09
 4.19410e-10
 1.16142e-10
 2.35944e-11
 3.26597e-12
 2.79178e-13
 1.28504e-14
 2.71314e-16
 2.16553e-18
 5.06022e-21
 2.34247e-24
 1.05229e-28
 8.50305e-35
 1.08695e-45
 2.65688e-36
 2.81400e-33
 7.60523e-31
 9.34095e-29
 6.60677e-27
 3.06387e-25
 1.01113e-23
 2.51206e-22
 4.89401e-21
 7.71073e-20
 1.00627e-18
 1.10859e-17
 1.04690e-16
 8.58112e-16
 6.16807e-15
 3.92111e-14
 2.22011e-13
 1.12608e-12
 5.14117e-12
 2.12088e-11
 7.92964e-11
 2.69324e-10
 8.32354e-10
 2.34345e-09
 6.01546e-09
 1.40771e-08
 2.91687e-08
 5.08098e-08
 7.39587e-08
 9.34411e-08
 1.05652e-07
 1.08564e-07
 9.44513e-08
 7.04838e-08
 4.93796e-08
 3.06035e-08
 1.63842e-08
 7.40314e-09
 2.73418e-09
 7.89865e-10
 1.68446e-10
 2.46657e-11
 2.26392e-12
 1.14129e-13
 2.70704e-15
 2.50691e-17
 7.08695e-20
 4.20774e-23
 2.65945e-27
 3.62542e-33
 1.41606e-43
 2.63607e-35
 2.69270e-32
 7.04281e-30
 8.39797e-28
 5.78341e-26
 2.61828e-24
 8.45515e-23
 2.05970e-21
 3.94154e-20
 6.10888e-19
 7.85149e-18
 8.52602e-17
 7.94052e-16
 6.41996e-15
 4.55090e-14
 2.85143e-13
 1.58964e-12
 7.92733e-12
 3.55144e-11
 1.43407e-10
 5.23228e-10
 1.72786e-09
 5.16970e-09
 1.40206e-08
 3.44659e-08
 7.67056e-08
 1.50931e-07
 2.50897e-07
 3.53880e-07
 4.39429e-07
 4.92493e-07
 5.05782e-07
 4.43648e-07
 3.34830e-07
 2.37430e-07
 1.50355e-07
 8.27762e-08
 3.87066e-08
 1.48885e-08
 4.50633e-09
 1.01230e-09
 1.57068e-10
 1.54825e-11
 8.54428e-13
 2.27448e-14
 2.44110e-16
 8.34051e-19
 6.34700e-22
 5.64213e-26
 1.29759e-31
 1.54906e-41
 1.64280e-34
 1.64709e-31
 4.23567e-29
 4.97399e-27
 3.37858e-25
 1.51079e-23
 4.82509e-22
 1.16381e-20
 2.20734e-19
 3.39347e-18
 4.32897e-17
 4.66778e-16
 4.31744e-15
 3.46653e-14
 2.43950e-13
 1.51645e-12
 8.37924e-12
 4.13616e-11
 1.83097e-10
 7.28962e-10
 2.61525e-09
 8.46442e-09
 2.47237e-08
 6.51489e-08
 1.54693e-07
 3.30116e-07
 6.21190e-07
 9.91657e-07
 1.35986e-06
 1.66159e-06
 1.84762e-06
 1.90155e-06
 1.69719e-06
 1.30821e-06
 9.41733e-07
 6.12251e-07
 3.48526e-07
 1.69485e-07
 6.82673e-08
 2.17672e-08
 5.17502e-09
 8.53246e-10
 9.04067e-11
 5.46330e-12
 1.63160e-13
 2.02820e-15
 8.37076e-18
 8.16167e-21
 1.02037e-24
 3.95982e-30
 1.44546e-39
 6.81335e-34
 6.82106e-31
 1.75053e-28
 2.05086e-26
 1.38964e-24
 6.19894e-23
 1.97521e-21
 4.75382e-20
 8.99790e-19
 1.38061e-17
 1.75784e-16
 1.89167e-15
 1.74589e-14
 1.39829e-13
 9.81056e-13
 6.07581e-12
 3.34165e-11
 1.63992e-10
 7.20689e-10
 2.84345e-09
 1.00881e-08
 3.22058e-08
 9.24977e-08
 2.38705e-07
 5.52084e-07
 1.13918e-06
 2.06441e-06
 3.17207e-06
 4.21128e-06
 5.02706e-06
 5.51670e-06
 5.67248e-06
 5.22212e-06
 4.20125e-06
 3.08988e-06
 2.07201e-06
 1.22756e-06
 6.23813e-07
 2.64897e-07
 8.95910e-08
 2.26817e-08
 3.99142e-09
 4.55317e-10
 3.01611e-11
 1.01086e-12
 1.45534e-14
 7.25472e-17
 9.06332e-20
 1.59394e-23
 1.04429e-28
 1.16634e-37
 1.96725e-33
 2.00034e-30
 5.19685e-28
 6.14787e-26
 4.19822e-24
 1.88452e-22
 6.03539e-21
 1.45860e-19
 2.77010e-18
 4.26178e-17
 5.43746e-16
 5.85994e-15
 5.41285e-14
 4.33584e-13
 3.04029e-12
 1.88026e-11
 1.03176e-10
 5.04684e-10
 2.20838e-09
 8.66626e-09
 3.05480e-08
 9.67926e-08
 2.75648e-07
 7.04703e-07
 1.61186e-06
 3.25353e-06
 5.40869e-06
 7.48510e-06
 9.17015e-06
 1.03694e-05
 1.10552e-05
 1.12924e-05
 1.08435e-05
 9.55393e-06
 7.79479e-06
 5.73875e-06
 3.61228e-06
 1.92884e-06
 8.71750e-07
 3.15395e-07
 8.57094e-08
 1.61993e-08
 1.99414e-09
 1.45066e-10
 5.46180e-12
 9.11200e-14
 5.48833e-16
 8.78912e-19
 2.17563e-22
 2.40811e-27
 8.23622e-36
 4.09052e-33
 4.29604e-30
 1.14572e-27
 1.38471e-25
 9.62215e-24
 4.38140e-22
 1.41976e-20
 3.46445e-19
 6.63163e-18
 1.02680e-16
 1.31667e-15
 1.42441e-14
 1.31927e-13
 1.05848e-12
 7.42657e-12
 4.59144e-11
 2.51661e-10
 1.22888e-09
 5.36646e-09
 2.10189e-08
 7.39752e-08
 2.34064e-07
 6.64630e-07
 1.68304e-06
 3.73709e-06
 6.71945e-06
 9.72448e-06
 1.21097e-05
 1.38197e-05
 1.49340e-05
 1.55571e-05
 1.58082e-05
 1.56418e-05
 1.48362e-05
 1.33755e-05
 1.11745e-05
 8.18472e-06
 4.97852e-06
 2.43657e-06
 9.51054e-07
 2.80231e-07
 5.73750e-08
 7.64613e-09
 6.12439e-10
 2.59483e-11
 5.02215e-13
 3.65823e-15
 7.51596e-18
 2.62106e-21
 4.90630e-26
 5.14423e-34
 6.35554e-33
 7.01940e-30
 1.94294e-27
 2.41559e-25
 1.71776e-23
 7.98086e-22
 2.63261e-20
 6.51931e-19
 1.26290e-17
 1.97406e-16
 2.55042e-15
 2.77465e-14
 2.57992e-13
 2.07480e-12
 1.45713e-11
 9.00632e-11
 4.93033e-10
 2.40276e-09
 1.04669e-08
 4.08803e-08
 1.43405e-07
 4.51743e-07
 1.26054e-06
 3.06384e-06
 6.17186e-06
 9.72033e-06
 1.26144e-05
 1.47162e-05
 1.61709e-05
 1.71155e-05
 1.76802e-05
 1.79701e-05
 1.80325e-05
 1.77750e-05
 1.70702e-05
 1.57291e-05
 1.33465e-05
 9.74335e-06
 5.64586e-06
 2.45849e-06
 7.94076e-07
 1.78111e-07
 2.58089e-08
 2.28376e-09
 1.09150e-10
 2.45514e-12
 2.16585e-14
 5.71623e-17
 2.81201e-20
 8.91366e-25
 2.86894e-32
 7.38984e-33
 8.79701e-30
 2.59486e-27
 3.39835e-25
 2.51489e-23
 1.20034e-21
 4.01729e-20
 1.00510e-18
 1.96297e-17
 3.09089e-16
 4.02172e-15
 4.40681e-14
 4.12363e-13
 3.33843e-12
 2.36848e-11
 1.48424e-10
 8.23857e-10
 4.05275e-09
 1.76451e-08
 6.77525e-08
 2.28722e-07
 6.78481e-07
 1.75821e-06
 3.95859e-06
 7.32252e-06
 1.07685e-05
 1.34221e-05
 1.53435e-05
 1.66888e-05
 1.76010e-05
 1.82040e-05
 1.85870e-05
 1.88057e-05
 1.88624e-05
 1.86953e-05
 1.81451e-05
 1.68731e-05
 1.43259e-05
 1.01243e-05
 5.33203e-06
 1.94917e-06
 4.85968e-07
 7.70441e-08
 7.56107e-09
 4.08910e-10
 1.07149e-11
 1.14699e-13
 3.89562e-16
 2.70791e-19
 1.45599e-23
 1.44090e-30
 6.24231e-33
 8.16142e-30
 2.59888e-27
 3.62262e-25
 2.82164e-23
 1.40799e-21
 4.92181e-20
 1.27778e-18
 2.57309e-17
 4.15118e-16
 5.49918e-15
 6.09800e-14
 5.74832e-13
 4.66729e-12
 3.29877e-11
 2.04353e-10
 1.11286e-09
 5.33030e-09
 2.24321e-08
 8.27898e-08
 2.66928e-07
 7.45256e-07
 1.79727e-06
 3.76591e-06
 6.70166e-06
 9.79850e-06
 1.22805e-05
 1.41368e-05
 1.55235e-05
 1.65776e-05
 1.74120e-05
 1.80905e-05
 1.86181e-05
 1.89730e-05
 1.91370e-05
 1.90696e-05
 1.85889e-05
 1.72410e-05
 1.42380e-05
 9.24538e-06
 4.12790e-06
 1.16671e-06
 2.04216e-07
 2.23219e-08
 1.37105e-09
 4.19781e-11
 5.46645e-13
 2.39460e-15
 2.35704e-18
 2.15410e-22
 6.56750e-29
 3.76692e-33
 5.55615e-30
 1.94664e-27
 2.92961e-25
 2.43828e-23
 1.29199e-21
 4.76694e-20
 1.29326e-18
 2.69587e-17
 4.46305e-16
 6.01911e-15
 6.74759e-14
 6.39541e-13
 5.18923e-12
 3.63215e-11
 2.20525e-10
 1.16624e-09
 5.38308e-09
 2.17047e-08
 7.65179e-08
 2.35410e-07
 6.25667e-07
 1.42690e-06
 2.79308e-06
 4.69996e-06
 6.75634e-06
 8.61038e-06
 1.02205e-05
 1.16315e-05
 1.29494e-05
 1.42810e-05
 1.56725e-05
 1.70224e-05
 1.81296e-05
 1.88624e-05
 1.92143e-05
 1.92107e-05
 1.86690e-05
 1.69571e-05
 1.30211e-05
 7.20943e-06
 2.46391e-06
 4.82423e-07
 5.89729e-08
 4.13115e-09
 1.48318e-10
 2.35677e-12
 1.33524e-14
 1.86593e-17
 2.90559e-21
 2.73552e-27
 1.58835e-33
 2.75300e-30
 1.10488e-27
 1.86366e-25
 1.70002e-23
 9.64599e-22
 3.72069e-20
 1.04559e-18
 2.24078e-17
 3.78970e-16
 5.19342e-15
 5.88866e-14
 5.61711e-13
 4.56245e-12
 3.18131e-11
 1.91448e-10
 9.98035e-10
 4.51454e-09
 1.77105e-08
 6.00281e-08
 1.74392e-07
 4.29780e-07
 8.94401e-07
 1.57236e-06
 2.37120e-06
 3.20831e-06
 4.14193e-06
 5.20420e-06
 6.36734e-06
 7.65529e-06
 9.13879e-06
 1.09491e-05
 1.31435e-05
 1.54971e-05
 1.74863e-05
 1.87283e-05
 1.92555e-05
 1.92211e-05
 1.84069e-05
 1.58207e-05
 1.05234e-05
 4.46173e-06
 1.01939e-06
 1.39839e-07
 1.12235e-08
 4.74415e-10
 9.23179e-12
 6.78698e-14
 1.35072e-16
 3.59430e-20
 1.04781e-25
 4.27319e-34
 9.11191e-31
 4.35486e-28
 8.53607e-26
 8.75922e-24
 5.45143e-22
 2.26692e-20
 6.76414e-19
 1.51982e-17
 2.66645e-16
 3.75637e-15
 4.34155e-14
 4.18622e-13
 3.41210e-12
 2.37125e-11
 1.41133e-10
 7.21046e-10
 3.16501e-09
 1.19055e-08
 3.81039e-08
 1.02517e-07
 2.29780e-07
 4.24693e-07
 6.50146e-07
 8.62736e-07
 1.08705e-06
 1.42072e-06
 1.92949e-06
 2.63290e-06
 3.52029e-06
 4.61603e-06
 6.09574e-06
 8.22657e-06
 1.11126e-05
 1.43912e-05
 1.71767e-05
 1.87761e-05
 1.93015e-05
 1.90506e-05
 1.75398e-05
 1.33689e-05
 6.86385e-06
 1.93474e-06
 2.98311e-07
 2.75666e-08
 1.37790e-09
 3.29710e-11
 3.15755e-13
 8.98219e-16
 4.09863e-19
 3.71176e-24
 6.76450e-35
 1.90601e-31
 1.12520e-28
 2.60098e-26
 3.07119e-24
 2.16624e-22
 1.00686e-20
 3.27645e-19
 7.87638e-18
 1.45604e-16
 2.13391e-15
 2.53750e-14
 2.49167e-13
 2.04713e-12
 1.41953e-11
 8.34706e-11
 4.16933e-10
 1.76684e-09
 6.31817e-09
 1.88669e-08
 4.65083e-08
 9.51759e-08
 1.56881e-07
 2.07069e-07
 2.31957e-07
 2.60591e-07
 3.53121e-07
 5.47069e-07
 8.73559e-07
 1.35541e-06
 2.01567e-06
 2.97126e-06
 4.45212e-06
 6.78353e-06
 1.02147e-05
 1.42518e-05
 1.74615e-05
 1.90003e-05
 1.92607e-05
 1.84544e-05
 1.54312e-05
 9.30662e-06
 3.26508e-06
 5.73501e-07
 6.13423e-08
 3.64194e-09
 1.07646e-10
 1.34888e-12
 5.50817e-15
 4.32742e-18
 1.22208e-22
 5.78019e-36
 2.43656e-32
 1.90764e-29
 5.46557e-27
 7.66253e-25
 6.20759e-23
 3.22666e-21
 1.15173e-19
 2.98672e-18
 5.87016e-17
 9.03046e-16
 1.11533e-14
 1.12663e-13
 9.40257e-13
 6.53817e-12
 3.81764e-11
 1.87868e-10
 7.76328e-10
 2.67654e-09
 7.61950e-09
 1.77631e-08
 3.35903e-08
 4.89171e-08
 5.39417e-08
 4.63333e-08
 3.95463e-08
 5.63894e-08
 1.13252e-07
 2.33528e-07
 4.43881e-07
 7.74694e-07
 1.30869e-06
 2.22232e-06
 3.81973e-06
 6.52461e-06
 1.05982e-05
 1.51224e-05
 1.81704e-05
 1.91807e-05
 1.88861e-05
 1.67883e-05
 1.14660e-05
 4.80346e-06
 9.95922e-07
 1.23896e-07
 8.77235e-09
 3.21821e-10
 5.30271e-12
 3.12379e-14
 4.24522e-17
 3.75467e-21
 2.08531e-37
 1.75991e-33
 2.06715e-30
 7.87341e-28
 1.37015e-25
 1.31608e-23
 7.84537e-22
 3.13088e-20
 8.89092e-19
 1.88060e-17
 3.06724e-16
 3.96142e-15
 4.13413e-14
 3.52890e-13
 2.48608e-12
 1.45697e-11
 7.12099e-11
 2.89349e-10
 9.70895e-10
 2.66058e-09
 5.89492e-09
 1.03414e-08
 1.36140e-08
 1.27966e-08
 7.92175e-09
 3.43300e-09
 4.62266e-09
 1.68439e-08
 5.23175e-08
 1.28609e-07
 2.71007e-07
 5.35778e-07
 1.04845e-06
 2.05944e-06
 3.99226e-06
 7.35908e-06
 1.21911e-05
 1.66353e-05
 1.87944e-05
 1.90267e-05
 1.75904e-05
 1.31339e-05
 6.31381e-06
 1.57086e-06
 2.27523e-07
 1.92569e-08
 8.80530e-10
 1.91682e-11
 1.63634e-13
 3.85883e-16
 1.06693e-19
 3.42632e-39
 8.68688e-35
 1.70791e-31
 9.10885e-29
 2.02706e-26
 2.35302e-24
 1.63023e-22
 7.34045e-21
 2.29699e-19
 5.25124e-18
 9.10679e-17
 1.23273e-15
 1.33116e-14
 1.16323e-13
 8.30779e-13
 4.88758e-12
 2.37432e-11
 9.49858e-11
 3.10806e-10
 8.22140e-10
 1.73258e-09
 2.86384e-09
 3.47984e-09
 2.91752e-09
 1.50288e-09
 3.80381e-10
 2.97969e-10
 2.51086e-09
 1.15183e-08
 3.59298e-08
 9.14994e-08
 2.13406e-07
 4.85272e-07
 1.09516e-06
 2.41383e-06
 5.01385e-06
 9.39313e-06
 1.46032e-05
 1.80655e-05
 1.89532e-05
 1.80264e-05
 1.43411e-05
 7.66241e-06
 2.22530e-06
 3.68873e-07
 3.70568e-08
 2.07522e-09
 5.81617e-11
 6.87308e-13
 2.53913e-15
 1.47177e-18
 5.31915e-41
 4.09777e-36
 1.35219e-32
 1.00974e-29
 2.86903e-27
 4.01446e-25
 3.22155e-23
 1.63040e-21
 5.59780e-20
 1.37674e-18
 2.52624e-17
 3.56635e-16
 3.96493e-15
 3.52823e-14
 2.54097e-13
 1.49282e-12
 7.17340e-12
 2.81326e-11
 8.94511e-11
 2.27916e-10
 4.58011e-10
 7.22032e-10
 8.20922e-10
 6.41501e-10
 3.15132e-10
 8.27794e-11
 7.24243e-11
 5.67570e-10
 2.92093e-09
 1.06111e-08
 3.17606e-08
 8.68069e-08
 2.29256e-07
 5.93395e-07
 1.47949e-06
 3.43540e-06
 7.14230e-06
 1.25177e-05
 1.70318e-05
 1.87202e-05
 1.82398e-05
 1.51586e-05
 8.75582e-06
 2.85594e-06
 5.22340e-07
 6.02202e-08
 4.01567e-09
 1.38285e-10
 2.11259e-12
 1.08424e-14
 9.87200e-18
 7.96318e-43
 1.86294e-37
 1.03018e-33
 1.07478e-30
 3.88854e-28
 6.53743e-26
 6.05368e-24
 3.42964e-22
 1.28639e-20
 3.38800e-19
 6.54664e-18
 9.59275e-17
 1.09288e-15
 9.85626e-15
 7.12379e-14
 4.16073e-13
 1.96986e-12
 7.54784e-12
 2.32644e-11
 5.70517e-11
 1.09776e-10
 1.66374e-10
 1.80281e-10
 1.35286e-10
 6.66928e-11
 1.93293e-11
 1.98083e-11
 1.50234e-10
 8.36184e-10
 3.42575e-09
 1.18164e-08
 3.74920e-08
 1.14344e-07
 3.37045e-07
 9.41255e-07
 2.41394e-06
 5.49594e-06
 1.06426e-05
 1.58437e-05
 1.83699e-05
 1.83001e-05
 1.56720e-05
 9.58329e-06
 3.40257e-06
 6.66040e-07
 8.43526e-08
 6.43670e-09
 2.64684e-10
 4.96917e-12
 3.29677e-14
 4.16843e-17
 1.14322e-44
 8.11080e-39
 7.50408e-35
 1.09157e-31
 5.01643e-29
 1.01041e-26
 1.07606e-24
 6.80003e-23
 2.77564e-21
 7.79660e-20
 1.57984e-18
 2.39269e-17
 2.78207e-16
 2.53264e-15
 1.82984e-14
 1.05865e-13
 4.92297e-13
 1.83857e-12
 5.48620e-12
 1.29545e-11
 2.39752e-11
 3.51151e-11
 3.68755e-11
 2.71010e-11
 1.34837e-11
 4.38089e-12
 6.32994e-12
 4.74108e-11
 2.75766e-10
 1.24546e-09
 4.88512e-09
 1.78173e-08
 6.20644e-08
 2.05579e-07
 6.33759e-07
 1.76865e-06
 4.34270e-06
 9.09971e-06
 1.46916e-05
 1.79531e-05
 1.82536e-05
 1.59608e-05
 1.01522e-05
 3.82352e-06
 7.87071e-07
 1.06209e-07
 8.88000e-09
 4.17311e-10
 9.35869e-12
 7.64122e-14
 1.24778e-16
 1.56172e-46
 3.35635e-40
 5.18818e-36
 1.05042e-32
 6.11900e-30
 1.47299e-27
 1.79904e-25
 1.26422e-23
 5.59704e-22
 1.67089e-20
 3.53764e-19
 5.51777e-18
 6.52493e-17
 5.97550e-16
 4.30179e-15
 2.45821e-14
 1.12019e-13
 4.07124e-13
 1.17560e-12
 2.67630e-12
 4.78608e-12
 6.79475e-12
 6.99235e-12
 5.10590e-12
 2.54855e-12
 9.72450e-13
 2.35330e-12
 1.75562e-11
 1.05439e-10
 5.21631e-10
 2.31132e-09
 9.57773e-09
 3.74771e-08
 1.36942e-07
 4.57765e-07
 1.36731e-06
 3.56387e-06
 7.91972e-06
 1.36969e-05
 1.75298e-05
 1.81439e-05
 1.60851e-05
 1.04829e-05
 4.09660e-06
 8.73147e-07
 1.23192e-07
 1.09576e-08
 5.63155e-10
 1.44228e-11
 1.40122e-13
 2.81891e-16
 2.01410e-48
 1.30993e-41
 3.37907e-37
 9.50847e-34
 7.00900e-31
 2.01242e-28
 2.81213e-26
 2.19181e-24
 1.04956e-22
 3.32011e-21
 7.32228e-20
 1.17256e-18
 1.40600e-17
 1.29166e-16
 9.24085e-16
 5.20399e-15
 2.31990e-14
 8.19793e-14
 2.29134e-13
 5.03805e-13
 8.74549e-13
 1.20534e-12
 1.22155e-12
 8.91996e-13
 4.50673e-13
 2.36758e-13
 9.94555e-13
 7.51647e-12
 4.73547e-11
 2.58104e-10
 1.28272e-09
 5.93407e-09
 2.55139e-08
 1.00626e-07
 3.57636e-07
 1.12360e-06
 3.06014e-06
 7.08877e-06
 1.29146e-05
 1.71356e-05
 1.79837e-05
 1.60727e-05
 1.06133e-05
 4.22604e-06
 9.18910e-07
 1.33285e-07
 1.23824e-08
 6.76674e-10
 1.89486e-11
 2.09827e-13
 4.99774e-16
 2.43203e-50
 4.78280e-43
 2.05692e-38
 8.03518e-35
 7.48474e-32
 2.55911e-29
 4.08386e-27
 3.52302e-25
 1.82051e-23
 6.08739e-22
 1.39491e-20
 2.28751e-19
 2.77442e-18
 2.55086e-17
 1.80979e-16
 1.00268e-15
 4.36780e-15
 1.50022e-14
 4.06175e-14
 8.64247e-14
 1.46269e-13
 1.95831e-13
 1.95488e-13
 1.41354e-13
 7.50955e-14
 7.21425e-14
 4.77991e-13
 3.80596e-12
 2.57835e-11
 1.54791e-10
 8.48319e-10
 4.27448e-09
 1.96848e-08
 8.18737e-08
 3.03197e-07
 9.84561e-07
 2.75906e-06
 6.56674e-06
 1.23738e-05
 1.68102e-05
 1.77834e-05
 1.58963e-05
 1.04901e-05
 4.18194e-06
 9.19928e-07
 1.36264e-07
 1.30248e-08
 7.40511e-10
 2.19894e-11
 2.67069e-13
 7.25150e-16
 2.72576e-52
 1.61979e-44
 1.16052e-39
 6.28807e-36
 7.39428e-33
 3.00706e-30
 5.47243e-28
 5.21677e-26
 2.90388e-24
 1.02440e-22
 2.43401e-21
 4.07912e-20
 4.99411e-19
 4.58685e-18
 3.22202e-17
 1.75402e-16
 7.46126e-16
 2.49121e-15
 6.54010e-15
 1.34929e-14
 2.23631e-14
 2.90874e-14
 2.85078e-14
 2.02390e-14
 1.26480e-14
 3.19553e-14
 2.86343e-13
 2.40945e-12
 1.75174e-11
 1.13715e-10
 6.68895e-10
 3.56715e-09
 1.71349e-08
 7.34447e-08
 2.77962e-07
 9.17851e-07
 2.60959e-06
 6.29962e-06
 1.20761e-05
 1.65795e-05
 1.75678e-05
 1.55922e-05
 1.01117e-05
 3.93730e-06
 8.58793e-07
 1.27838e-07
 1.24562e-08
 7.34996e-10
 2.29961e-11
 2.98825e-13
 8.91854e-16
 2.80942e-54
 5.04226e-46
 6.01509e-41
 4.51786e-37
 6.70220e-34
 3.23936e-31
 6.71649e-29
 7.06721e-27
 4.23217e-25
 1.57282e-23
 3.86898e-22
 6.61563e-21
 8.16324e-20
 7.47891e-19
 5.19520e-18
 2.77668e-17
 1.15310e-16
 3.74418e-16
 9.54225e-16
 1.91222e-15
 3.11916e-15
 3.93980e-15
 3.76018e-15
 2.73337e-15
 3.04374e-15
 2.16888e-14
 2.19930e-13
 1.92315e-12
 1.46981e-11
 1.00213e-10
 6.13432e-10
 3.36567e-09
 1.64658e-08
 7.13472e-08
 2.71666e-07
 9.00399e-07
 2.56862e-06
 6.22648e-06
 1.19860e-05
 1.64312e-05
 1.73070e-05
 1.51588e-05
 9.55017e-06
 3.56727e-06
 7.59783e-07
 1.11574e-07
 1.08592e-08
 6.50080e-10
 2.09927e-11
 2.86553e-13
 9.22575e-16
 2.63661e-56
 1.42867e-47
 2.83675e-42
 2.95252e-38
 5.52377e-35
 3.17180e-32
 7.48885e-30
 8.69188e-28
 5.59522e-26
 2.18848e-24
 5.56742e-23
 9.70192e-22
 1.20518e-20
 1.10028e-19
 7.55214e-19
 3.96113e-18
 1.60601e-17
 5.07462e-17
 1.25698e-16
 2.45036e-16
 3.95185e-16
 4.84276e-16
 4.46019e-16
 4.28258e-16
 1.90385e-15
 2.15526e-14
 2.23224e-13
 2.00053e-12
 1.57779e-11
 1.10337e-10
 6.84732e-10
 3.76430e-09
 1.82844e-08
 7.82061e-08
 2.93112e-07
 9.56243e-07
 2.69183e-06
 6.46337e-06
 1.21985e-05
 1.63697e-05
 1.69408e-05
 1.44384e-05
 8.63861e-06
 3.01822e-06
 6.29369e-07
 9.14625e-08
 8.81805e-09
 5.24456e-10
 1.70172e-11
 2.38541e-13
 8.05665e-16
 2.22898e-58
 3.64557e-49
 1.20466e-43
 1.73732e-39
 4.09893e-36
 2.79617e-33
 7.51743e-31
 9.62205e-29
 6.65602e-27
 2.73867e-25
 7.20068e-24
 1.27790e-22
 1.59690e-21
 1.45188e-20
 9.84263e-20
 5.06565e-19
 2.00579e-18
 6.17212e-18
 1.48751e-17
 2.82433e-17
 4.47490e-17
 5.37209e-17
 5.85306e-17
 2.20257e-16
 2.60531e-15
 3.04225e-14
 3.11447e-13
 2.79003e-12
 2.19055e-11
 1.50874e-10
 9.12713e-10
 4.85743e-09
 2.27691e-08
 9.39807e-08
 3.40692e-07
 1.07911e-06
 2.96313e-06
 6.97793e-06
 1.26360e-05
 1.63179e-05
 1.64334e-05
 1.34091e-05
 7.41959e-06
 2.34776e-06
 4.76378e-07
 6.82064e-08
 6.54354e-09
 3.89920e-10
 1.27102e-11
 1.79311e-13
 6.15412e-16
 1.67760e-60
 8.28088e-51
 4.55399e-45
 9.10166e-41
 2.70882e-37
 2.19607e-34
 6.72509e-32
 9.49505e-30
 7.05901e-28
 3.05534e-26
 8.30124e-25
 1.49989e-23
 1.88492e-22
 1.70622e-21
 1.14232e-20
 5.76978e-20
 2.23224e-19
 6.69439e-19
 1.57077e-18
 2.91060e-18
 4.48436e-18
 7.24299e-18
 3.78451e-17
 4.67396e-16
 5.61449e-15
 6.05904e-14
 5.88438e-13
 5.01967e-12
 3.73114e-11
 2.42055e-10
 1.37731e-09
 6.90833e-09
 3.06503e-08
 1.20389e-07
 4.17589e-07
 1.27218e-06
 3.37751e-06
 7.69889e-06
 1.31437e-05
 1.61507e-05
 1.57067e-05
 1.20537e-05
 6.05761e-06
 1.72916e-06
 3.40142e-07
 4.73263e-08
 4.43589e-09
 2.59896e-10
 8.40457e-12
 1.18785e-13
 4.12441e-16
 1.10951e-62
 1.65294e-52
 1.51312e-46
 4.19257e-42
 1.57489e-38
 1.51842e-35
 5.30043e-33
 8.26035e-31
 6.60385e-29
 3.00812e-27
 8.44789e-26
 1.55426e-24
 1.96446e-23
 1.77062e-22
 1.17097e-21
 5.80678e-21
 2.19643e-20
 6.41940e-20
 1.48582e-19
 3.12048e-19
 1.16938e-18
 1.17698e-17
 1.46515e-16
 1.68580e-15
 1.73177e-14
 1.64988e-13
 1.44221e-12
 1.11332e-11
 7.51280e-11
 4.44765e-10
 2.32566e-09
 1.08031e-08
 4.47218e-08
 1.65058e-07
 5.41295e-07
 1.56739e-06
 3.98047e-06
 8.60760e-06
 1.36079e-05
 1.57462e-05
 1.46052e-05
 1.02439e-05
 4.54646e-06
 1.18293e-06
 2.23172e-07
 2.99002e-08
 2.71484e-09
 1.54941e-10
 4.90811e-12
 6.83818e-14
 2.35877e-16
 6.35462e-65
 2.85764e-54
 4.35586e-48
 1.67425e-43
 7.94433e-40
 9.11835e-37
 3.63235e-34
 6.25509e-32
 5.38305e-30
 2.58281e-28
 7.50295e-27
 1.40642e-25
 1.78869e-24
 1.60603e-23
 1.04968e-22
 5.11359e-22
 1.89234e-21
 6.20918e-21
 3.74339e-20
 4.93030e-19
 6.72562e-18
 8.03828e-17
 8.49321e-16
 8.07293e-15
 6.97887e-14
 5.67225e-13
 4.26916e-12
 2.86892e-11
 1.70584e-10
 9.00880e-10
 4.25251e-09
 1.80297e-08
 6.87664e-08
 2.35823e-07
 7.24594e-07
 1.97746e-06
 4.74545e-06
 9.51180e-06
 1.37736e-05
 1.49114e-05
 1.29225e-05
 8.00996e-06
 3.04540e-06
 7.35415e-07
 1.31502e-07
 1.68295e-08
 1.46618e-09
 8.05960e-11
 2.46849e-12
 3.33928e-14
 1.12396e-16
 3.09985e-67
 4.20872e-56
 1.06876e-49
 5.70302e-45
 3.42199e-41
 4.68193e-38
 2.13152e-35
 4.06197e-33
 3.76840e-31
 1.90708e-29
 5.73723e-28
 1.09681e-26
 1.40485e-25
 1.25758e-24
 8.12925e-24
 3.89333e-23
 1.41054e-22
 1.10315e-20
 3.11247e-19
 5.10376e-18
 6.22979e-17
 6.29934e-16
 5.57357e-15
 4.44198e-14
 3.23520e-13
 2.20938e-12
 1.40066e-11
 8.03597e-11
 4.14587e-10
 1.92816e-09
 8.11957e-09
 3.10989e-08
 1.08467e-07
 3.42722e-07
 9.75234e-07
 2.48245e-06
 5.57908e-06
 1.01682e-05
 1.33569e-05
 1.33685e-05
 1.04657e-05
 5.53947e-06
 1.78339e-06
 4.03279e-07
 6.80267e-08
 8.24108e-09
 6.81407e-10
 3.56327e-11
 1.04040e-12
 1.34439e-14
 4.33172e-17
 1.26335e-69
 5.18041e-58
 2.19293e-51
 1.62612e-46
 1.23545e-42
 2.01815e-39
 1.05195e-36
 2.22256e-34
 2.22694e-32
 1.19079e-30
 3.71590e-29
 7.25543e-28
 9.37114e-27
 8.37279e-26
 5.35834e-25
 2.52510e-24
 8.96230e-24
 1.32299e-19
 3.49713e-18
 5.09454e-17
 5.43524e-16
 4.75259e-15
 3.60698e-14
 2.45266e-13
 1.52047e-12
 8.75211e-12
 4.66442e-11
 2.27535e-10
 1.01471e-09
 4.13662e-09
 1.54026e-08
 5.25133e-08
 1.64466e-07
 4.73607e-07
 1.24752e-06
 2.98118e-06
 6.29195e-06
 1.01296e-05
 1.18666e-05
 1.07606e-05
 7.28384e-06
 3.20282e-06
 8.97099e-07
 1.90060e-07
 2.99418e-08
 3.39252e-09
 2.62823e-10
 1.28908e-11
 3.53127e-13
 4.27989e-15
 1.29250e-17
 4.20511e-72
 5.20979e-60
 3.67903e-53
 3.79535e-48
 3.65664e-44
 7.14486e-41
 4.27296e-38
 1.00315e-35
 1.08802e-33
 6.16079e-32
 1.99826e-30
 3.99238e-29
 5.20852e-28
 4.65143e-27
 2.95062e-26
 1.36944e-25
 4.76444e-25
 1.30609e-18
 3.14583e-17
 4.12850e-16
 3.92389e-15
 3.02458e-14
 2.00471e-13
 1.18140e-12
 6.31264e-12
 3.10503e-11
 1.40945e-10
 5.87973e-10
 2.25452e-09
 7.96804e-09
 2.60853e-08
 7.93803e-08
 2.24716e-07
 5.93239e-07
 1.46454e-06
 3.35746e-06
 6.34416e-06
 8.62998e-06
 8.84111e-06
 7.13434e-06
 4.06116e-06
 1.47291e-06
 3.75294e-07
 7.31899e-08
 1.06450e-08
 1.11394e-09
 7.96726e-11
 3.60407e-12
 9.08906e-14
 1.01138e-15
 2.79407e-18
 1.11221e-74
 4.16525e-62
 4.91099e-55
 7.05722e-50
 8.63687e-46
 2.02281e-42
 1.39131e-39
 3.63869e-37
 4.28329e-35
 2.57505e-33
 8.70312e-32
 1.78334e-30
 2.35482e-29
 2.10561e-28
 1.32578e-27
 6.06609e-27
 2.06966e-26
 8.80101e-18
 1.95237e-16
 2.33499e-15
 2.00131e-14
 1.37713e-13
 8.07262e-13
 4.17361e-12
 1.94425e-11
 8.26137e-11
 3.22467e-10
 1.16422e-09
 3.91362e-09
 1.23322e-08
 3.65965e-08
 1.02344e-07
 2.68698e-07
 6.60684e-07
 1.53496e-06
 3.12789e-06
 4.82386e-06
 5.49569e-06
 5.00056e-06
 3.54838e-06
 1.69505e-06
 5.17155e-07
 1.20549e-07
 2.13920e-08
 2.82661e-09
 2.68405e-10
 1.73851e-11
 7.10022e-13
 1.60988e-14
 1.60199e-16
 3.93220e-19
 2.25928e-77
 2.55897e-64
 5.04210e-57
 1.01072e-51
 1.57416e-47
 4.42921e-44
 3.51295e-41
 1.02641e-38
 1.31526e-36
 8.42055e-35
 2.97423e-33
 6.26758e-32
 8.39688e-31
 7.53300e-30
 4.71526e-29
 2.12899e-28
 7.12529e-28
 3.45277e-17
 7.09082e-16
 7.77717e-15
 6.06064e-14
 3.76406e-13
 1.98035e-12
 9.15807e-12
 3.81314e-11
 1.44820e-10
 5.05973e-10
 1.64179e-09
 4.98550e-09
 1.42429e-08
 3.83214e-08
 9.66984e-08
 2.27808e-07
 5.04841e-07
 1.06929e-06
 1.84483e-06
 2.31491e-06
 2.30670e-06
 1.93572e-06
 1.18957e-06
 4.70561e-07
 1.25892e-07
 2.61236e-08
 4.13178e-09
 4.85210e-10
 4.07841e-11
 2.32710e-12
 8.32433e-14
 1.64207e-15
 1.41085e-17
 2.96540e-20
 3.37379e-80
 1.15640e-66
 3.81159e-59
 1.06740e-53
 2.11988e-49
 7.18341e-46
 6.58856e-43
 2.15736e-40
 3.01935e-38
 2.06556e-36
 7.65017e-35
 1.66316e-33
 2.26708e-32
 2.04528e-31
 1.27489e-30
 5.68569e-30
 1.86664e-29
 6.78516e-17
 1.31391e-15
 1.35465e-14
 9.88586e-14
 5.72504e-13
 2.79562e-12
 1.19393e-11
 4.56437e-11
 1.58526e-10
 5.06131e-10
 1.50054e-09
 4.15471e-09
 1.07397e-08
 2.58375e-08
 5.75100e-08
 1.13634e-07
 2.01108e-07
 3.42883e-07
 4.94422e-07
 5.52272e-07
 5.12137e-07
 3.89230e-07
 2.02762e-07
 6.46938e-08
 1.53534e-08
 2.78890e-09
 3.81795e-10
 3.84037e-11
 2.73454e-12
 1.30645e-13
 3.86626e-15
 6.23419e-17
 4.32758e-19
 7.26884e-22
 3.49198e-83
 3.62430e-69
 2.00048e-61
 7.83875e-56
 1.98931e-51
 8.13935e-48
 8.65923e-45
 3.18824e-42
 4.89110e-40
 3.58886e-38
 1.39901e-36
 3.14901e-35
 4.38133e-34
 3.98524e-33
 2.47828e-32
 1.09266e-31
 3.51789e-31
 6.96251e-17
 1.29349e-15
 1.28404e-14
 9.01084e-14
 4.99564e-13
 2.31918e-12
 9.32692e-12
 3.31568e-11
 1.05793e-10
 3.07263e-10
 8.20539e-10
 2.02832e-09
 4.60807e-09
 9.40263e-09
 1.79715e-08
 2.90661e-08
 3.51596e-08
 3.39874e-08
 2.76291e-08
 1.62599e-08
 6.14672e-09
 1.67613e-09
 3.69053e-10
 6.50252e-11
 9.07830e-12
 9.89456e-13
 8.24292e-14
 5.09925e-15
 2.25170e-16
 6.71510e-18
 1.24690e-19
 1.26677e-21
 5.55956e-24
 5.92203e-27
 2.30299e-86
 7.24252e-72
 6.70168e-64
 3.68041e-58
 1.19610e-53
 5.92504e-50
 7.33471e-47
 3.04740e-44
 5.14427e-42
 4.06509e-40
 1.67478e-38
 3.91861e-37
 5.58482e-36
 5.13654e-35
 3.19292e-34
 1.39274e-33
 4.39418e-33
 3.75639e-17
 6.85953e-16
 6.79680e-15
 4.73034e-14
 2.56258e-13
 1.14080e-12
 4.31107e-12
 1.41285e-11
 4.09088e-11
 1.06277e-10
 2.44877e-10
 5.12753e-10
 9.60653e-10
 1.34329e-09
 1.43045e-09
 1.28999e-09
 9.29185e-10
 4.63169e-10
 1.54048e-10
 4.17828e-11
 9.38415e-12
 1.74278e-12
 2.65822e-13
 3.29576e-14
 3.27535e-15
 2.56184e-16
 1.54016e-17
 6.90096e-19
 2.21196e-20
 4.79337e-22
 6.46894e-24
 4.77477e-26
 1.52132e-28
 1.17537e-31
 8.48485e-90
 8.09044e-75
 1.25641e-66
 9.68651e-61
 4.04032e-56
 2.42980e-52
 3.51136e-49
 1.65231e-46
 3.08167e-44
 2.63401e-42
 1.15206e-40
 2.81426e-39
 4.12472e-38
 3.84804e-37
 2.39588e-36
 1.03452e-35
 3.19451e-35
 1.02034e-17
 1.89540e-16
 1.97594e-15
 1.39792e-14
 7.39944e-14
 3.09997e-13
 1.07094e-12
 3.12588e-12
 7.76065e-12
 1.69523e-11
 2.76971e-11
 3.25852e-11
 3.07890e-11
 2.37375e-11
 1.28764e-11
 4.61695e-12
 1.34447e-12
 3.30924e-13
 6.89979e-14
 1.21605e-14
 1.80241e-15
 2.23009e-16
 2.28101e-17
 1.90501e-18
 1.27909e-19
 6.77204e-21
 2.75875e-22
 8.37946e-24
 1.82061e-25
 2.67316e-27
 2.44266e-29
 1.21970e-31
 2.62655e-34
 1.37022e-37
 1.37641e-93
 3.98191e-78
 1.03896e-69
 1.12637e-63
 6.04325e-59
 4.42446e-55
 7.48871e-52
 4.00610e-49
 8.28967e-47
 7.69904e-45
 3.59205e-43
 9.20433e-42
 1.39327e-40
 1.32299e-39
 8.26815e-39
 3.53511e-38
 1.06624e-37
 1.37304e-18
 2.62325e-17
 2.93921e-16
 2.02948e-15
 9.83931e-15
 3.59525e-14
 1.07454e-13
 2.60431e-13
 3.90294e-13
 3.96240e-13
 3.02921e-13
 1.55770e-13
 5.04129e-14
 1.32112e-14
 2.91245e-15
 5.45729e-16
 8.72838e-17
 1.19263e-17
 1.38993e-18
 1.37639e-19
 1.15126e-20
 8.06814e-22
 4.68857e-23
 2.23018e-24
 8.54467e-26
 2.58497e-27
 6.02251e-29
 1.04670e-30
 1.30144e-32
 1.09339e-34
 5.71489e-37
 1.63149e-39
 2.00753e-42
 5.98096e-46
 5.51631e-98
 4.84496e-82
 2.12629e-73
 3.24682e-67
 2.24565e-62
 2.00704e-58
 3.99180e-55
 2.43678e-52
 5.61838e-50
 5.69676e-48
 2.84942e-46
 7.69746e-45
 1.20894e-43
 1.17276e-42
 7.37276e-42
 3.12119e-41
 9.16782e-41
 4.98010e-20
 9.79673e-19
 1.21288e-17
 7.40363e-17
 2.96864e-16
 8.66514e-16
 1.70955e-15
 1.91138e-15
 1.06650e-15
 2.65166e-16
 3.67561e-17
 4.13137e-18
 3.87526e-19
 3.07458e-20
 2.08004e-21
 1.20590e-22
 6.00460e-24
 2.56752e-25
 9.40463e-27
 2.93770e-28
 7.77447e-30
 1.72821e-31
 3.19218e-33
 4.83439e-35
 5.90526e-37
 5.70169e-39
 4.24315e-41
 2.35702e-43
 9.37099e-46
 2.51819e-48
 4.21068e-51
 3.84600e-54
 1.51424e-57
 1.44353e-61
