Materiau
part
         1
hexa8
 0.00000e+00
 0.00000e+00
 0.00000e+00
 0.00000e+00
 0.00000e+00
 0.00000e+00
 0.00000e+00
 0.00000e+00
 0.00000e+00
 0.00000e+00
 0.00000e+00
 0.00000e+00
 0.00000e+00
 0.00000e+00
 0.00000e+00
 0.00000e+00
 0.00000e+00
 0.00000e+00
 0.00000e+00
 0.00000e+00
 0.00000e+00
 0.00000e+00
 0.00000e+00
 0.00000e+00
 0.00000e+00
 0.00000e+00
 0.00000e+00
 0.00000e+00
 0.00000e+00
 0.00000e+00
 0.00000e+00
 0.00000e+00
 0.00000e+00
 0.00000e+00
 0.00000e+00
 0.00000e+00
 2.80879e-09
 2.28889e-08
 5.94158e-08
 1.15819e-07
 1.97533e-07
 3.05737e-07
 4.35475e-07
 5.75221e-07
 7.15414e-07
 8.36160e-07
 8.61706e-07
 8.20117e-07
 7.06183e-07
 5.26193e-07
 0.00000e+00
 0.00000e+00
 0.00000e+00
 0.00000e+00
 0.00000e+00
 0.00000e+00
 0.00000e+00
 0.00000e+00
 4.54922e-09
 3.84155e-08
 1.26026e-07
 3.10785e-07
 6.60158e-07
 1.25947e-06
 2.20018e-06
 3.56264e-06
 5.39303e-06
 7.67750e-06
 1.03191e-05
 1.32126e-05
 1.58588e-05
 1.85570e-05
 2.00252e-05
 1.97084e-05
 1.82463e-05
 0.00000e+00
 0.00000e+00
 0.00000e+00
 0.00000e+00
 0.00000e+00
 0.00000e+00
 0.00000e+00
 3.96886e-08
 1.71654e-07
 5.26936e-07
 1.33980e-06
 2.97221e-06
 5.92317e-06
 1.08097e-05
 1.83102e-05
 2.90672e-05
 4.35554e-05
 6.19288e-05
 8.38680e-05
 1.08457e-04
 1.34839e-04
 1.60442e-04
 1.81668e-04
 2.01700e-04
 2.01821e-04
 0.00000e+00
 0.00000e+00
 0.00000e+00
 0.00000e+00
 0.00000e+00
 0.00000e+00
 7.30619e-08
 3.60966e-07
 1.22331e-06
 3.33381e-06
 7.79340e-06
 1.62352e-05
 3.08562e-05
 5.43500e-05
 8.97220e-05
 1.39972e-04
 2.07646e-04
 2.94283e-04
 3.99813e-04
 5.21984e-04
 6.55896e-04
 7.95596e-04
 9.42311e-04
 1.04605e-03
 1.15233e-03
 0.00000e+00
 0.00000e+00
 0.00000e+00
 0.00000e+00
 0.00000e+00
 7.15378e-08
 4.55826e-07
 1.80301e-06
 5.37899e-06
 1.33129e-05
 2.89195e-05
 5.70595e-05
 1.04227e-04
 1.78405e-04
 2.88690e-04
 4.44608e-04
 6.55074e-04
 9.27037e-04
 1.26389e-03
 1.66381e-03
 2.11811e-03
 2.61047e-03
 3.11565e-03
 3.64483e-03
 4.06670e-03
 0.00000e+00
 0.00000e+00
 0.00000e+00
 0.00000e+00
 3.25249e-08
 3.45316e-07
 1.76353e-06
 5.88584e-06
 1.54568e-05
 3.49347e-05
 7.16648e-05
 1.36341e-04
 2.43366e-04
 4.10675e-04
 6.59157e-04
 1.01145e-03
 1.48998e-03
 2.11444e-03
 2.89876e-03
 3.84792e-03
 4.95462e-03
 6.19602e-03
 7.53407e-03
 8.90954e-03
 1.03754e-02
 0.00000e+00
 0.00000e+00
 0.00000e+00
 0.00000e+00
 1.39410e-07
 9.57550e-07
 3.59847e-06
 1.03763e-05
 2.60598e-05
 5.92257e-05
 1.23374e-04
 2.38409e-04
 4.31595e-04
 7.37706e-04
 1.19761e-03
 1.85542e-03
 2.75463e-03
 3.93363e-03
 5.42112e-03
 7.23173e-03
 9.36219e-03
 1.17879e-02
 1.44594e-02
 1.73055e-02
 2.02155e-02
 0.00000e+00
 0.00000e+00
 0.00000e+00
 2.20495e-08
 2.83209e-07
 1.36110e-06
 4.62050e-06
 1.35274e-05
 3.54255e-05
 8.47567e-05
 1.86586e-04
 3.79543e-04
 7.16750e-04
 1.26416e-03
 2.09645e-03
 3.29046e-03
 4.91706e-03
 7.03253e-03
 9.67105e-03
 1.28391e-02
 1.65131e-02
 2.06397e-02
 2.51392e-02
 2.99084e-02
 3.48243e-02
 0.00000e+00
 0.00000e+00
 0.00000e+00
 4.55189e-08
 3.41132e-07
 1.47625e-06
 5.29952e-06
 1.72924e-05
 5.15670e-05
 1.37424e-04
 3.25584e-04
 6.92023e-04
 1.33788e-03
 2.38443e-03
 3.96506e-03
 6.20807e-03
 9.22116e-03
 1.30766e-02
 1.77982e-02
 2.33518e-02
 2.96424e-02
 3.65193e-02
 4.37911e-02
 5.12440e-02
 5.87494e-02
 0.00000e+00
 0.00000e+00
 0.00000e+00
 5.18609e-08
 3.33421e-07
 1.52275e-06
 6.68011e-06
 2.71293e-05
 9.22464e-05
 2.60480e-04
 6.28183e-04
 1.33472e-03
 2.55604e-03
 4.50737e-03
 7.41273e-03
 1.14574e-02
 1.67892e-02
 2.35075e-02
 3.16402e-02
 4.11140e-02
 5.17308e-02
 6.31687e-02
 7.50292e-02
 8.69563e-02
 9.91295e-02
 0.00000e+00
 0.00000e+00
 0.00000e+00
 4.76436e-08
 2.94493e-07
 1.78865e-06
 1.09960e-05
 5.09531e-05
 1.76731e-04
 4.90606e-04
 1.15216e-03
 2.39367e-03
 4.46052e-03
 7.58237e-03
 1.19771e-02
 1.78909e-02
 2.55867e-02
 3.53257e-02
 4.73263e-02
 6.16945e-02
 7.83382e-02
 9.68883e-02
 1.16654e-01
 1.36792e-01
 1.56844e-01
part
         2
hexa8
 0.00000e+00
 0.00000e+00
 0.00000e+00
 0.00000e+00
 0.00000e+00
 0.00000e+00
 0.00000e+00
 0.00000e+00
 0.00000e+00
 0.00000e+00
 0.00000e+00
 0.00000e+00
 0.00000e+00
 0.00000e+00
 0.00000e+00
 0.00000e+00
 0.00000e+00
 0.00000e+00
 0.00000e+00
 0.00000e+00
 0.00000e+00
 0.00000e+00
 0.00000e+00
 0.00000e+00
 0.00000e+00
 3.14189e-07
 1.48087e-07
 5.66632e-08
 1.75799e-08
 7.18072e-09
 8.02754e-09
 1.78376e-08
 4.51161e-08
 9.88623e-08
 1.73055e-07
 2.04018e-07
 2.02800e-07
 1.80246e-07
 1.26423e-07
 4.19015e-08
 0.00000e+00
 0.00000e+00
 0.00000e+00
 0.00000e+00
 0.00000e+00
 0.00000e+00
 0.00000e+00
 0.00000e+00
 0.00000e+00
 0.00000e+00
 1.58086e-05
 1.29560e-05
 9.95661e-06
 6.93857e-06
 4.36291e-06
 2.51926e-06
 1.51417e-06
 1.19887e-06
 1.22973e-06
 1.58528e-06
 2.56023e-06
 4.05875e-06
 4.62764e-06
 4.50519e-06
 3.72657e-06
 2.15523e-06
 8.08265e-07
 2.35321e-07
 3.81679e-08
 0.00000e+00
 0.00000e+00
 0.00000e+00
 0.00000e+00
 0.00000e+00
 0.00000e+00
 1.96054e-04
 1.84621e-04
 1.68129e-04
 1.47542e-04
 1.24137e-04
 9.93036e-05
 7.35231e-05
 4.90362e-05
 3.14789e-05
 2.29747e-05
 2.14978e-05
 2.31932e-05
 2.92755e-05
 3.59374e-05
 3.60307e-05
 3.11016e-05
 1.88435e-05
 6.68660e-06
 1.81088e-06
 3.56366e-07
 3.85126e-08
 0.00000e+00
 0.00000e+00
 0.00000e+00
 0.00000e+00
 1.19103e-03
 1.18290e-03
 1.15006e-03
 1.08824e-03
 9.98381e-04
 8.84485e-04
 7.52804e-04
 6.11546e-04
 4.67318e-04
 3.28030e-04
 2.19737e-04
 1.63243e-04
 1.51455e-04
 1.55445e-04
 1.62628e-04
 1.57494e-04
 1.27421e-04
 6.68765e-05
 2.10296e-05
 4.97412e-06
 8.14692e-07
 7.81844e-08
 0.00000e+00
 0.00000e+00
 0.00000e+00
 4.40756e-03
 4.66930e-03
 4.67113e-03
 4.58097e-03
 4.37221e-03
 4.04774e-03
 3.62562e-03
 3.13166e-03
 2.59435e-03
 2.03960e-03
 1.48634e-03
 1.02689e-03
 7.29945e-04
 5.98699e-04
 5.58460e-04
 5.29069e-04
 4.65226e-04
 3.13489e-04
 1.21581e-04
 3.29959e-05
 6.40902e-06
 7.98815e-07
 4.84085e-08
 0.00000e+00
 0.00000e+00
 1.15098e-02
 1.25316e-02
 1.33224e-02
 1.33383e-02
 1.30810e-02
 1.24707e-02
 1.15180e-02
 1.02851e-02
 8.85635e-03
 7.31910e-03
 5.74313e-03
 4.17953e-03
 2.88998e-03
 2.06396e-03
 1.66063e-03
 1.46116e-03
 1.26368e-03
 9.41741e-04
 4.52583e-04
 1.37885e-04
 3.04193e-05
 4.42971e-06
 3.61583e-07
 0.00000e+00
 0.00000e+00
 2.32647e-02
 2.57098e-02
 2.81900e-02
 2.99172e-02
 2.99172e-02
 2.92604e-02
 2.77663e-02
 2.54853e-02
 2.25803e-02
 1.92580e-02
 1.57258e-02
 1.21056e-02
 8.65368e-03
 5.98626e-03
 4.36643e-03
 3.52878e-03
 2.93280e-03
 2.23423e-03
 1.22666e-03
 4.19734e-04
 1.03312e-04
 1.69886e-05
 1.62714e-06
 6.17658e-08
 0.00000e+00
 3.98289e-02
 4.49992e-02
 4.92628e-02
 5.38005e-02
 5.64660e-02
 5.62894e-02
 5.48098e-02
 5.17084e-02
 4.70809e-02
 4.12539e-02
 3.46709e-02
 2.77536e-02
 2.07036e-02
 1.44875e-02
 1.01188e-02
 7.62381e-03
 6.08592e-03
 4.59120e-03
 2.70682e-03
 1.02463e-03
 2.77305e-04
 5.04538e-05
 5.44144e-06
 2.65550e-07
 0.00000e+00
 6.58908e-02
 7.32035e-02
 7.99869e-02
 8.59328e-02
 9.24931e-02
 9.48903e-02
 9.40176e-02
 9.08480e-02
 8.48956e-02
 7.63022e-02
 6.57078e-02
 5.40045e-02
 4.18090e-02
 2.99901e-02
 2.07456e-02
 1.49309e-02
 1.14752e-02
 8.54734e-03
 5.20641e-03
 2.13706e-03
 6.27008e-04
 1.24239e-04
 1.47607e-05
 8.26496e-07
 0.00000e+00
 1.09294e-01
 1.18968e-01
 1.27979e-01
 1.34731e-01
 1.42040e-01
 1.48179e-01
 1.48025e-01
 1.44998e-01
 1.37860e-01
 1.26306e-01
 1.10929e-01
 9.30339e-02
 7.40100e-02
 5.46300e-02
 3.80940e-02
 2.67726e-02
 1.99566e-02
 1.46917e-02
 9.07893e-03
 3.96857e-03
 1.24575e-03
 2.65293e-04
 3.41749e-05
 2.11669e-06
 2.05268e-08
 1.73289e-01
 1.89276e-01
 2.03881e-01
 2.10790e-01
 2.16309e-01
 2.21345e-01
 2.20491e-01
 2.16198e-01
 2.06903e-01
 1.91729e-01
 1.70837e-01
 1.45615e-01
 1.18167e-01
 8.97485e-02
 6.36382e-02
 4.43810e-02
 3.23866e-02
 2.36174e-02
 1.46853e-02
 6.74123e-03
 2.23823e-03
 5.06594e-04
 6.98600e-05
 4.68746e-06
 7.21016e-08
part
         3
hexa8
 0.00000e+00
 0.00000e+00
 0.00000e+00
 3.10354e-08
 2.92578e-07
 2.90945e-06
 2.08712e-05
 9.51556e-05
 3.15354e-04
 8.40129e-04
 1.88738e-03
 3.66856e-03
 6.41452e-03
 1.03737e-02
 1.58341e-02
 2.31427e-02
 3.27083e-02
 4.49763e-02
 6.03722e-02
 7.92183e-02
 1.01633e-01
 1.27427e-01
 1.56041e-01
 1.86613e-01
 2.18564e-01
 0.00000e+00
 0.00000e+00
 0.00000e+00
 2.22497e-08
 3.98151e-07
 5.57436e-06
 3.81017e-05
 1.61494e-04
 5.05278e-04
 1.24940e-03
 2.59262e-03
 4.74555e-03
 7.93596e-03
 1.24452e-02
 1.86398e-02
 2.69878e-02
 3.80491e-02
 5.24315e-02
 7.07368e-02
 9.34984e-02
 1.21092e-01
 1.53602e-01
 1.90695e-01
 2.31748e-01
 2.76294e-01
 0.00000e+00
 0.00000e+00
 0.00000e+00
 2.20017e-08
 7.57832e-07
 1.01986e-05
 6.27232e-05
 2.46378e-04
 7.03679e-04
 1.61187e-03
 3.15137e-03
 5.50930e-03
 8.92166e-03
 1.37314e-02
 2.04056e-02
 2.95198e-02
 4.17278e-02
 5.77145e-02
 7.81917e-02
 1.03897e-01
 1.35532e-01
 1.73593e-01
 2.18110e-01
 2.68724e-01
 3.23917e-01
 0.00000e+00
 0.00000e+00
 0.00000e+00
 3.47826e-08
 1.47548e-06
 1.68054e-05
 9.31901e-05
 3.30714e-04
 8.76816e-04
 1.88854e-03
 3.51155e-03
 5.92191e-03
 9.39436e-03
 1.43464e-02
 2.13296e-02
 3.09681e-02
 4.39057e-02
 6.08144e-02
 8.24628e-02
 1.09784e-01
 1.43837e-01
 1.85567e-01
 2.35409e-01
 2.92924e-01
 3.53192e-01
 0.00000e+00
 0.00000e+00
 0.00000e+00
 7.58957e-08
 2.58866e-06
 2.50289e-05
 1.23405e-04
 4.05156e-04
 1.00732e-03
 2.05351e-03
 3.66812e-03
 6.04946e-03
 9.51174e-03
 1.45206e-02
 2.16601e-02
 3.15407e-02
 4.47403e-02
 6.18856e-02
 8.37701e-02
 1.11471e-01
 1.46317e-01
 1.89577e-01
 2.41950e-01
 3.02803e-01
 3.63328e-01
 0.00000e+00
 0.00000e+00
 0.00000e+00
 1.59308e-07
 4.07328e-06
 3.35026e-05
 1.50652e-04
 4.62397e-04
 1.08357e-03
 2.11213e-03
 3.67936e-03
 5.94818e-03
 9.28117e-03
 1.43120e-02
 2.15767e-02
 3.14445e-02
 4.42836e-02
 6.04314e-02
 8.06232e-02
 1.06240e-01
 1.39196e-01
 1.81298e-01
 2.33061e-01
 2.92852e-01
 3.52121e-01
 0.00000e+00
 0.00000e+00
 0.00000e+00
 2.94083e-07
 5.81142e-06
 4.14016e-05
 1.72402e-04
 4.97295e-04
 1.10951e-03
 2.08658e-03
 3.42320e-03
 5.42191e-03
 8.67991e-03
 1.35974e-02
 2.04306e-02
 2.91806e-02
 3.96641e-02
 5.17585e-02
 6.65271e-02
 8.56895e-02
 1.11040e-01
 1.43724e-01
 1.83974e-01
 2.31543e-01
 2.85866e-01
 0.00000e+00
 0.00000e+00
 0.00000e+00
 4.82199e-07
 7.49940e-06
 4.81154e-05
 1.86761e-04
 5.10265e-04
 1.08881e-03
 1.86053e-03
 3.01265e-03
 4.99349e-03
 8.24553e-03
 1.29703e-02
 1.87708e-02
 2.51659e-02
 3.20330e-02
 4.04785e-02
 5.14950e-02
 6.59985e-02
 8.46851e-02
 1.08119e-01
 1.36968e-01
 1.72361e-01
 2.16093e-01
 0.00000e+00
 0.00000e+00
 0.00000e+00
 7.18977e-07
 9.03957e-06
 5.30181e-05
 1.93249e-04
 5.04945e-04
 9.57844e-04
 1.60365e-03
 2.69534e-03
 4.64570e-03
 7.78325e-03
 1.17393e-02
 1.57417e-02
 1.98441e-02
 2.46417e-02
 3.05994e-02
 3.84071e-02
 4.84527e-02
 6.10615e-02
 7.66709e-02
 9.60190e-02
 1.20434e-01
 1.52026e-01
 0.00000e+00
 0.00000e+00
 5.07522e-09
 9.67270e-07
 1.02923e-05
 5.57994e-05
 1.93547e-04
 4.50669e-04
 8.18292e-04
 1.38685e-03
 2.42440e-03
 4.30584e-03
 6.99277e-03
 9.58982e-03
 1.21505e-02
 1.48986e-02
 1.80825e-02
 2.19875e-02
 2.70096e-02
 3.32205e-02
 4.09003e-02
 5.02788e-02
 6.18255e-02
 7.65026e-02
 9.59442e-02
 0.00000e+00
 0.00000e+00
 2.70270e-08
 1.19567e-06
 1.11496e-05
 5.66830e-05
 1.78763e-04
 3.85488e-04
 6.92219e-04
 1.19427e-03
 2.17691e-03
 3.90856e-03
 5.83501e-03
 7.51946e-03
 9.12094e-03
 1.08054e-02
 1.27230e-02
 1.50258e-02
 1.79012e-02
 2.13707e-02
 2.56692e-02
 3.05832e-02
 3.62903e-02
 4.31531e-02
 5.16520e-02
 0.00000e+00
 0.00000e+00
 5.51689e-08
 1.38983e-06
 1.15857e-05
 5.51709e-05
 1.54618e-04
 3.25466e-04
 5.76098e-04
 1.02360e-03
 1.93798e-03
 3.36982e-03
 4.62170e-03
 5.66284e-03
 6.59184e-03
 7.53882e-03
 8.58311e-03
 9.79673e-03
 1.12763e-02
 1.30699e-02
 1.52064e-02
 1.71807e-02
 1.91643e-02
 2.09519e-02
 2.21005e-02
part
         4
hexa8
 2.48901e-01
 2.77196e-01
 2.99356e-01
 3.07967e-01
 3.13027e-01
 3.14491e-01
 3.11874e-01
 3.04880e-01
 2.92065e-01
 2.72138e-01
 2.44747e-01
 2.11150e-01
 1.73984e-01
 1.35402e-01
 9.81287e-02
 6.86829e-02
 4.95223e-02
 3.58445e-02
 2.23727e-02
 1.06698e-02
 3.71060e-03
 8.84210e-04
 1.29145e-04
 9.24603e-06
 1.70492e-07
 3.18451e-01
 3.54999e-01
 3.80489e-01
 3.92144e-01
 4.02230e-01
 4.05986e-01
 4.03961e-01
 3.97228e-01
 3.83843e-01
 3.61830e-01
 3.29705e-01
 2.87775e-01
 2.40104e-01
 1.90607e-01
 1.41570e-01
 1.00226e-01
 7.19555e-02
 5.17379e-02
 3.24803e-02
 1.59436e-02
 5.75924e-03
 1.43337e-03
 2.19721e-04
 1.65736e-05
 3.34208e-07
 3.70986e-01
 4.09341e-01
 4.35237e-01
 4.48122e-01
 4.59696e-01
 4.67027e-01
 4.66604e-01
 4.62378e-01
 4.52055e-01
 4.33409e-01
 4.04332e-01
 3.63824e-01
 3.12109e-01
 2.53555e-01
 1.93772e-01
 1.39275e-01
 1.00082e-01
 7.15865e-02
 4.52263e-02
 2.26991e-02
 8.45953e-03
 2.18419e-03
 3.48597e-04
 2.73886e-05
 5.79636e-07
 4.01157e-01
 4.38031e-01
 4.64888e-01
 4.80924e-01
 4.93300e-01
 5.03374e-01
 5.04594e-01
 5.02574e-01
 4.96055e-01
 4.82402e-01
 4.58896e-01
 4.23667e-01
 3.76698e-01
 3.19568e-01
 2.53540e-01
 1.86257e-01
 1.34183e-01
 9.55995e-02
 6.07156e-02
 3.10068e-02
 1.18573e-02
 3.15762e-03
 5.20935e-04
 4.21697e-05
 9.11209e-07
 4.13237e-01
 4.51194e-01
 4.77462e-01
 4.93996e-01
 5.05923e-01
 5.15897e-01
 5.21537e-01
 5.21525e-01
 5.19003e-01
 5.11203e-01
 4.94917e-01
 4.67359e-01
 4.27593e-01
 3.76586e-01
 3.14857e-01
 2.40527e-01
 1.74288e-01
 1.23899e-01
 7.89696e-02
 4.08716e-02
 1.59635e-02
 4.36219e-03
 7.38900e-04
 6.09590e-05
 1.31336e-06
 4.01886e-01
 4.41996e-01
 4.71825e-01
 4.91677e-01
 5.05544e-01
 5.16465e-01
 5.23958e-01
 5.27133e-01
 5.26904e-01
 5.23646e-01
 5.13997e-01
 4.94448e-01
 4.62672e-01
 4.18984e-01
 3.64421e-01
 2.96959e-01
 2.20538e-01
 1.56592e-01
 9.99717e-02
 5.22409e-02
 2.07525e-02
 5.79155e-03
 1.00061e-03
 8.31747e-05
 1.75114e-06
 3.45608e-01
 4.02003e-01
 4.45553e-01
 4.75701e-01
 4.96131e-01
 5.10803e-01
 5.20981e-01
 5.26400e-01
 5.27485e-01
 5.26041e-01
 5.20175e-01
 5.06391e-01
 4.81982e-01
 4.46102e-01
 3.99973e-01
 3.42877e-01
 2.70606e-01
 1.94242e-01
 1.23778e-01
 6.50213e-02
 2.61613e-02
 7.42287e-03
 1.29930e-03
 1.07471e-04
 2.15796e-06
 2.70094e-01
 3.33117e-01
 3.94146e-01
 4.39420e-01
 4.71191e-01
 4.93544e-01
 5.09683e-01
 5.20262e-01
 5.24985e-01
 5.24686e-01
 5.20169e-01
 5.08472e-01
 4.88314e-01
 4.59517e-01
 4.23683e-01
 3.78422e-01
 3.16817e-01
 2.35936e-01
 1.50851e-01
 7.90755e-02
 3.20870e-02
 9.21571e-03
 1.62261e-03
 1.31863e-04
 2.46155e-06
 1.93770e-01
 2.49221e-01
 3.14994e-01
 3.77989e-01
 4.25479e-01
 4.60018e-01
 4.85687e-01
 5.04773e-01
 5.16481e-01
 5.19755e-01
 5.17200e-01
 5.07125e-01
 4.88289e-01
 4.65622e-01
 4.38751e-01
 4.04510e-01
 3.53650e-01
 2.78014e-01
 1.81048e-01
 9.41350e-02
 3.83834e-02
 1.11115e-02
 1.96981e-03
 1.56560e-04
 2.51924e-06
 1.23013e-01
 1.61882e-01
 2.18397e-01
 2.88745e-01
 3.55956e-01
 4.07229e-01
 4.46220e-01
 4.77173e-01
 4.99251e-01
 5.09390e-01
 5.09715e-01
 5.02418e-01
 4.85937e-01
 4.66025e-01
 4.47734e-01
 4.23463e-01
 3.81991e-01
 3.13613e-01
 2.13933e-01
 1.10005e-01
 4.48705e-02
 1.30356e-02
 2.27406e-03
 1.73539e-04
 2.35674e-06
 6.53529e-02
 8.94067e-02
 1.28927e-01
 1.87604e-01
 2.62909e-01
 3.35047e-01
 3.90808e-01
 4.36509e-01
 4.71909e-01
 4.91876e-01
 4.97294e-01
 4.93283e-01
 4.80629e-01
 4.64959e-01
 4.53125e-01
 4.36704e-01
 4.03757e-01
 3.40179e-01
 2.41743e-01
 1.26753e-01
 5.15612e-02
 1.50106e-02
 2.56717e-03
 1.73152e-04
 1.93394e-06
 2.83756e-02
 4.40389e-02
 7.23312e-02
 1.15751e-01
 1.74863e-01
 2.47557e-01
 3.21093e-01
 3.83701e-01
 4.34596e-01
 4.66633e-01
 4.79524e-01
 4.79931e-01
 4.72691e-01
 4.62802e-01
 4.55301e-01
 4.44516e-01
 4.18047e-01
 3.59492e-01
 2.60617e-01
 1.40813e-01
 5.75308e-02
 1.68411e-02
 2.81584e-03
 1.64078e-04
 1.33156e-06
part
         5
hexa8
 0.00000e+00
 0.00000e+00
 8.02479e-08
 1.53134e-06
 1.16787e-05
 4.83207e-05
 1.32664e-04
 2.67669e-04
 4.72899e-04
 8.72672e-04
 1.69644e-03
 2.72570e-03
 3.52446e-03
 4.11683e-03
 4.61352e-03
 5.09190e-03
 5.59348e-03
 6.16436e-03
 6.86260e-03
 7.68009e-03
 8.45841e-03
 8.87671e-03
 9.04834e-03
 8.65106e-03
 7.46068e-03
 0.00000e+00
 0.00000e+00
 1.02153e-07
 1.60665e-06
 1.11305e-05
 4.17031e-05
 1.09185e-04
 2.14833e-04
 3.83921e-04
 7.37516e-04
 1.43408e-03
 2.12946e-03
 2.60091e-03
 2.91411e-03
 3.15264e-03
 3.36478e-03
 3.57612e-03
 3.82173e-03
 4.10644e-03
 4.35345e-03
 4.43785e-03
 4.30900e-03
 3.99611e-03
 3.42276e-03
 3.02351e-03
 0.00000e+00
 0.00000e+00
 1.16029e-07
 1.61083e-06
 9.48670e-06
 3.50576e-05
 8.73976e-05
 1.68595e-04
 3.07408e-04
 6.13496e-04
 1.15765e-03
 1.60888e-03
 1.87623e-03
 2.02881e-03
 2.12973e-03
 2.21375e-03
 2.30096e-03
 2.39764e-03
 2.46592e-03
 2.43283e-03
 2.30282e-03
 2.12031e-03
 1.92216e-03
 1.81534e-03
 1.94563e-03
 0.00000e+00
 0.00000e+00
 1.19753e-07
 1.41536e-06
 7.98809e-06
 2.81423e-05
 6.79378e-05
 1.29317e-04
 2.41310e-04
 4.97073e-04
 8.99981e-04
 1.18778e-03
 1.33742e-03
 1.40755e-03
 1.44813e-03
 1.48672e-03
 1.53865e-03
 1.57384e-03
 1.55895e-03
 1.43829e-03
 1.32144e-03
 1.23422e-03
 1.19956e-03
 1.25058e-03
 1.55613e-03
 0.00000e+00
 0.00000e+00
 1.10653e-07
 1.17681e-06
 6.44990e-06
 2.18772e-05
 5.12855e-05
 9.68190e-05
 1.84665e-04
 3.88475e-04
 6.77472e-04
 8.65215e-04
 9.53544e-04
 9.89499e-04
 1.01193e-03
 1.04593e-03
 1.10533e-03
 1.13304e-03
 1.10692e-03
 1.01543e-03
 9.57514e-04
 9.36632e-04
 9.60023e-04
 1.09765e-03
 1.54204e-03
 0.00000e+00
 0.00000e+00
 8.85579e-08
 9.46111e-07
 4.99135e-06
 1.64246e-05
 3.76042e-05
 7.05710e-05
 1.36938e-04
 2.91153e-04
 4.96949e-04
 6.27124e-04
 6.88716e-04
 7.17021e-04
 7.40282e-04
 7.84955e-04
 8.72871e-04
 9.25436e-04
 9.31874e-04
 8.89307e-04
 8.67063e-04
 8.68128e-04
 9.30511e-04
 1.17019e-03
 1.83264e-03
 0.00000e+00
 0.00000e+00
 6.77368e-08
 7.20954e-07
 3.70604e-06
 1.19142e-05
 2.67612e-05
 4.99119e-05
 9.78815e-05
 2.08542e-04
 3.56203e-04
 4.54966e-04
 5.09114e-04
 5.42521e-04
 5.74704e-04
 6.32651e-04
 7.54172e-04
 8.57882e-04
 8.93678e-04
 8.81756e-04
 8.76380e-04
 9.10610e-04
 1.07410e-03
 1.50962e-03
 2.44276e-03
 0.00000e+00
 0.00000e+00
 4.62920e-08
 5.21861e-07
 2.63911e-06
 8.34753e-06
 1.84567e-05
 3.41347e-05
 6.71922e-05
 1.42478e-04
 2.49087e-04
 3.30844e-04
 3.86965e-04
 4.31173e-04
 4.76085e-04
 5.48420e-04
 6.96983e-04
 8.55660e-04
 9.44186e-04
 9.95381e-04
 1.03964e-03
 1.15357e-03
 1.47221e-03
 2.14226e-03
 3.38369e-03
 0.00000e+00
 0.00000e+00
 2.79335e-08
 3.57946e-07
 1.80076e-06
 5.64214e-06
 1.23113e-05
 2.25013e-05
 4.42329e-05
 9.31324e-05
 1.69055e-04
 2.40208e-04
 3.01448e-04
 3.58470e-04
 4.18715e-04
 5.07561e-04
 6.77678e-04
 9.31501e-04
 1.16008e-03
 1.32511e-03
 1.47414e-03
 1.68848e-03
 2.18849e-03
 3.12334e-03
 4.70047e-03
 0.00000e+00
 0.00000e+00
 1.44680e-08
 2.31568e-07
 1.17469e-06
 3.67130e-06
 7.92370e-06
 1.42532e-05
 2.79288e-05
 5.90324e-05
 1.11029e-04
 1.72709e-04
 2.37672e-04
 3.07393e-04
 3.85223e-04
 4.93987e-04
 6.90547e-04
 1.04461e-03
 1.50789e-03
 1.91892e-03
 2.25995e-03
 2.64262e-03
 3.34571e-03
 4.56900e-03
 6.48598e-03
 0.00000e+00
 0.00000e+00
 5.54708e-09
 1.39786e-07
 7.29693e-07
 2.29262e-06
 4.90692e-06
 8.64587e-06
 1.68814e-05
 3.63839e-05
 7.14590e-05
 1.21754e-04
 1.86374e-04
 2.66779e-04
 3.63058e-04
 4.94276e-04
 7.24674e-04
 1.14687e-03
 1.80618e-03
 2.64163e-03
 3.46372e-03
 4.23632e-03
 5.11128e-03
 6.61909e-03
 8.92967e-03
 0.00000e+00
 0.00000e+00
 0.00000e+00
 7.67956e-08
 4.28668e-07
 1.36769e-06
 2.91374e-06
 5.00025e-06
 9.70915e-06
 2.15383e-05
 4.48647e-05
 8.37330e-05
 1.43627e-04
 2.30115e-04
 3.43984e-04
 4.99145e-04
 7.56110e-04
 1.22504e-03
 2.01693e-03
 3.16631e-03
 4.60228e-03
 6.18820e-03
 7.82682e-03
 9.63591e-03
 1.22377e-02
 0.00000e+00
 0.00000e+00
 0.00000e+00
 3.60041e-08
 2.35165e-07
 7.74260e-07
 1.65109e-06
 2.74266e-06
 5.26788e-06
 1.20916e-05
 2.70194e-05
 5.56529e-05
 1.07350e-04
 1.94101e-04
 3.23393e-04
 5.01952e-04
 7.76135e-04
 1.26162e-03
 2.10957e-03
 3.44180e-03
 5.30096e-03
 7.66588e-03
 1.04607e-02
 1.35863e-02
 1.71019e-02
part
         6
hexa8
 1.02986e-02
 2.07791e-02
 4.11044e-02
 7.28902e-02
 1.17496e-01
 1.74890e-01
 2.43772e-01
 3.20631e-01
 3.88711e-01
 4.34362e-01
 4.56537e-01
 4.63446e-01
 4.63186e-01
 4.59960e-01
 4.55523e-01
 4.47304e-01
 4.23041e-01
 3.68717e-01
 2.73691e-01
 1.53648e-01
 6.34550e-02
 1.80126e-02
 2.81162e-03
 1.42246e-04
 6.23627e-07
 4.38617e-03
 1.14172e-02
 2.51724e-02
 4.78706e-02
 8.12116e-02
 1.26333e-01
 1.83992e-01
 2.55051e-01
 3.36017e-01
 3.96713e-01
 4.29583e-01
 4.45120e-01
 4.53285e-01
 4.56875e-01
 4.55169e-01
 4.47297e-01
 4.22908e-01
 3.69272e-01
 2.81258e-01
 1.66808e-01
 6.84488e-02
 1.92316e-02
 2.72958e-03
 1.11847e-04
 1.60583e-07
 3.09739e-03
 7.63506e-03
 1.72770e-02
 3.38955e-02
 5.92463e-02
 9.49093e-02
 1.42789e-01
 2.04657e-01
 2.81542e-01
 3.54453e-01
 4.00238e-01
 4.26055e-01
 4.44359e-01
 4.53569e-01
 4.53976e-01
 4.46020e-01
 4.20697e-01
 3.67398e-01
 2.83542e-01
 1.74825e-01
 7.26289e-02
 2.00259e-02
 2.57272e-03
 7.72345e-05
 8.75199e-08
 2.68943e-03
 6.04747e-03
 1.33176e-02
 2.61580e-02
 4.65198e-02
 7.61858e-02
 1.16978e-01
 1.71316e-01
 2.41175e-01
 3.14413e-01
 3.70776e-01
 4.09413e-01
 4.36460e-01
 4.49651e-01
 4.51361e-01
 4.42670e-01
 4.15678e-01
 3.62990e-01
 2.85484e-01
 1.83107e-01
 7.74529e-02
 1.99872e-02
 2.34756e-03
 4.83096e-05
 1.49188e-07
 2.80795e-03
 5.80638e-03
 1.16971e-02
 2.19687e-02
 3.87129e-02
 6.40252e-02
 1.00112e-01
 1.48782e-01
 2.11942e-01
 2.84234e-01
 3.47293e-01
 3.95782e-01
 4.28725e-01
 4.44348e-01
 4.46598e-01
 4.36539e-01
 4.07643e-01
 3.56484e-01
 2.85214e-01
 1.86434e-01
 7.93210e-02
 1.95928e-02
 2.06255e-03
 3.54298e-05
 3.84765e-07
 3.35044e-03
 6.42747e-03
 1.20987e-02
 2.15084e-02
 3.61746e-02
 5.83642e-02
 9.03912e-02
 1.34403e-01
 1.91691e-01
 2.61961e-01
 3.30256e-01
 3.84948e-01
 4.20442e-01
 4.36711e-01
 4.38874e-01
 4.27128e-01
 3.96844e-01
 3.48725e-01
 2.83971e-01
 1.85453e-01
 7.87109e-02
 1.87387e-02
 1.71409e-03
 3.38895e-05
 8.48102e-07
 4.26709e-03
 7.60638e-03
 1.33285e-02
 2.25724e-02
 3.69357e-02
 5.83103e-02
 8.83982e-02
 1.29265e-01
 1.82461e-01
 2.49755e-01
 3.19229e-01
 3.74770e-01
 4.10434e-01
 4.25823e-01
 4.27490e-01
 4.14365e-01
 3.83818e-01
 3.40567e-01
 2.81286e-01
 1.81777e-01
 7.65216e-02
 1.74310e-02
 1.38668e-03
 3.83290e-05
 1.51720e-06
 5.56997e-03
 9.26983e-03
 1.52714e-02
 2.46300e-02
 3.87561e-02
 5.92578e-02
 8.77941e-02
 1.26501e-01
 1.77031e-01
 2.41976e-01
 3.09908e-01
 3.63640e-01
 3.97370e-01
 4.11005e-01
 4.12095e-01
 3.98783e-01
 3.69404e-01
 3.32767e-01
 2.76497e-01
 1.74627e-01
 7.24501e-02
 1.57517e-02
 1.23303e-03
 5.43864e-05
 2.31538e-06
 7.27595e-03
 1.13767e-02
 1.77372e-02
 2.73068e-02
 4.12839e-02
 6.10613e-02
 8.81411e-02
 1.23566e-01
 1.70297e-01
 2.33205e-01
 2.99336e-01
 3.49644e-01
 3.80100e-01
 3.91898e-01
 3.92686e-01
 3.81384e-01
 3.58189e-01
 3.24716e-01
 2.68500e-01
 1.63839e-01
 6.65590e-02
 1.37397e-02
 1.21366e-03
 8.80245e-05
 2.77534e-06
 9.45362e-03
 1.39780e-02
 2.07183e-02
 3.05384e-02
 4.44767e-02
 6.37669e-02
 8.97911e-02
 1.24199e-01
 1.69099e-01
 2.27589e-01
 2.86101e-01
 3.31237e-01
 3.58591e-01
 3.70011e-01
 3.71912e-01
 3.66281e-01
 3.48376e-01
 3.15635e-01
 2.56015e-01
 1.49661e-01
 5.93251e-02
 1.18388e-02
 1.27326e-03
 1.35389e-04
 2.84716e-06
 1.23154e-02
 1.72955e-02
 2.44704e-02
 3.46263e-02
 4.86999e-02
 6.78232e-02
 9.33538e-02
 1.27088e-01
 1.71523e-01
 2.27185e-01
 2.77487e-01
 3.16453e-01
 3.41504e-01
 3.53451e-01
 3.56481e-01
 3.53637e-01
 3.38247e-01
 3.04300e-01
 2.37875e-01
 1.32750e-01
 5.15202e-02
 1.08052e-02
 1.47585e-03
 1.57662e-04
 2.73561e-06
 1.62079e-02
 2.17394e-02
 2.94555e-02
 4.01251e-02
 5.45918e-02
 7.39483e-02
 9.95587e-02
 1.33267e-01
 1.77780e-01
 2.29641e-01
 2.74345e-01
 3.08101e-01
 3.29901e-01
 3.40625e-01
 3.43480e-01
 3.41157e-01
 3.26568e-01
 2.88992e-01
 2.13519e-01
 1.14089e-01
 4.37022e-02
 1.02446e-02
 1.73722e-03
 1.58991e-04
 2.37597e-06
 2.15645e-02
 2.78222e-02
 3.63223e-02
 4.77486e-02
 6.29495e-02
 8.29943e-02
 1.09274e-01
 1.43688e-01
 1.88587e-01
 2.34699e-01
 2.72667e-01
 3.01040e-01
 3.19238e-01
 3.28095e-01
 3.30375e-01
 3.27631e-01
 3.11259e-01
 2.67764e-01
 1.83391e-01
 9.46148e-02
 3.69390e-02
 9.74170e-03
 1.78280e-03
 1.50244e-04
 1.79031e-06
part
         7
hexa8
 0.00000e+00
 0.00000e+00
 0.00000e+00
 1.17170e-08
 1.17391e-07
 4.12127e-07
 8.85995e-07
 1.41832e-06
 2.66639e-06
 6.33837e-06
 1.53374e-05
 3.51064e-05
 7.63231e-05
 1.56393e-04
 2.93778e-04
 4.94931e-04
 7.83926e-04
 1.26740e-03
 2.11400e-03
 3.48468e-03
 5.48866e-03
 8.21595e-03
 1.17546e-02
 1.61911e-02
 2.15615e-02
 0.00000e+00
 0.00000e+00
 0.00000e+00
 0.00000e+00
 5.00703e-08
 2.03509e-07
 4.44605e-07
 6.87007e-07
 1.24274e-06
 3.04308e-06
 8.02818e-06
 2.05129e-05
 5.01836e-05
 1.15873e-04
 2.46891e-04
 4.63357e-04
 7.75300e-04
 1.23748e-03
 1.99926e-03
 3.24502e-03
 5.17174e-03
 7.94106e-03
 1.16571e-02
 1.64042e-02
 2.23521e-02
 0.00000e+00
 0.00000e+00
 0.00000e+00
 0.00000e+00
 1.48256e-08
 9.04881e-08
 2.04867e-07
 3.08854e-07
 5.25889e-07
 1.30608e-06
 3.76832e-06
 1.07681e-05
 2.94892e-05
 7.58774e-05
 1.79730e-04
 3.85525e-04
 7.17094e-04
 1.18654e-03
 1.87495e-03
 2.94736e-03
 4.59235e-03
 7.02192e-03
 1.04755e-02
 1.51375e-02
 2.11478e-02
 0.00000e+00
 0.00000e+00
 0.00000e+00
 0.00000e+00
 0.00000e+00
 3.33502e-08
 8.42013e-08
 1.26450e-07
 1.99279e-07
 4.86258e-07
 1.53067e-06
 4.89446e-06
 1.49240e-05
 4.23651e-05
 1.09991e-04
 2.58694e-04
 5.49800e-04
 1.02933e-03
 1.69996e-03
 2.63626e-03
 4.01556e-03
 5.99991e-03
 8.82697e-03
 1.27953e-02
 1.81615e-02
 0.00000e+00
 0.00000e+00
 0.00000e+00
 0.00000e+00
 0.00000e+00
 8.14212e-09
 2.83345e-08
 4.47193e-08
 6.66128e-08
 1.51456e-07
 5.13980e-07
 1.84043e-06
 6.23251e-06
 1.94042e-05
 5.47936e-05
 1.39404e-04
 3.19330e-04
 6.60803e-04
 1.24240e-03
 2.10802e-03
 3.28102e-03
 4.90440e-03
 7.17223e-03
 1.02635e-02
 1.44744e-02
 0.00000e+00
 0.00000e+00
 0.00000e+00
 0.00000e+00
 0.00000e+00
 0.00000e+00
 5.95578e-09
 1.11867e-08
 1.88655e-08
 3.77323e-08
 1.34444e-07
 5.38811e-07
 2.03144e-06
 6.94036e-06
 2.13530e-05
 5.90570e-05
 1.47070e-04
 3.30998e-04
 6.76803e-04
 1.26599e-03
 2.18559e-03
 3.51032e-03
 5.29274e-03
 7.68561e-03
 1.08579e-02
 0.00000e+00
 0.00000e+00
 0.00000e+00
 0.00000e+00
 0.00000e+00
 0.00000e+00
 0.00000e+00
 0.00000e+00
 3.62530e-09
 6.69870e-09
 2.54245e-08
 1.12343e-07
 4.74516e-07
 1.77988e-06
 5.95008e-06
 1.78361e-05
 4.82621e-05
 1.18549e-04
 2.65727e-04
 5.46386e-04
 1.03645e-03
 1.82571e-03
 3.00946e-03
 4.68302e-03
 6.94392e-03
 0.00000e+00
 0.00000e+00
 0.00000e+00
 0.00000e+00
 0.00000e+00
 0.00000e+00
 0.00000e+00
 0.00000e+00
 0.00000e+00
 0.00000e+00
 3.13445e-09
 1.43289e-08
 7.04097e-08
 2.97763e-07
 1.07757e-06
 3.44482e-06
 9.92455e-06
 2.60619e-05
 6.29055e-05
 1.40478e-04
 2.91816e-04
 5.66554e-04
 1.03257e-03
 1.77456e-03
 2.88983e-03
 0.00000e+00
 0.00000e+00
 0.00000e+00
 0.00000e+00
 0.00000e+00
 0.00000e+00
 0.00000e+00
 0.00000e+00
 0.00000e+00
 0.00000e+00
 0.00000e+00
 0.00000e+00
 3.47308e-09
 3.04293e-08
 1.27481e-07
 4.42033e-07
 1.34130e-06
 3.66955e-06
 9.22749e-06
 2.15754e-05
 4.72792e-05
 9.76790e-05
 1.91162e-04
 3.55780e-04
 6.31867e-04
 0.00000e+00
 0.00000e+00
 0.00000e+00
 0.00000e+00
 0.00000e+00
 0.00000e+00
 0.00000e+00
 0.00000e+00
 0.00000e+00
 0.00000e+00
 0.00000e+00
 0.00000e+00
 0.00000e+00
 0.00000e+00
 5.76661e-09
 3.75060e-08
 1.31784e-07
 3.85836e-07
 1.00435e-06
 2.39105e-06
 5.32458e-06
 1.12490e-05
 2.27402e-05
 4.42714e-05
 8.34511e-05
 0.00000e+00
 0.00000e+00
 0.00000e+00
 0.00000e+00
 0.00000e+00
 0.00000e+00
 0.00000e+00
 0.00000e+00
 0.00000e+00
 0.00000e+00
 0.00000e+00
 0.00000e+00
 0.00000e+00
 0.00000e+00
 0.00000e+00
 0.00000e+00
 1.21611e-09
 2.32694e-08
 8.33437e-08
 2.18544e-07
 4.99446e-07
 1.04901e-06
 2.08113e-06
 3.97545e-06
 7.40181e-06
 0.00000e+00
 0.00000e+00
 0.00000e+00
 0.00000e+00
 0.00000e+00
 0.00000e+00
 0.00000e+00
 0.00000e+00
 0.00000e+00
 0.00000e+00
 0.00000e+00
 0.00000e+00
 0.00000e+00
 0.00000e+00
 0.00000e+00
 0.00000e+00
 0.00000e+00
 0.00000e+00
 0.00000e+00
 0.00000e+00
 2.10873e-08
 6.77356e-08
 1.26216e-07
 2.03528e-07
 3.40462e-07
 0.00000e+00
 0.00000e+00
 0.00000e+00
 0.00000e+00
 0.00000e+00
 0.00000e+00
 0.00000e+00
 0.00000e+00
 0.00000e+00
 0.00000e+00
 0.00000e+00
 0.00000e+00
 0.00000e+00
 0.00000e+00
 0.00000e+00
 0.00000e+00
 0.00000e+00
 0.00000e+00
 0.00000e+00
 0.00000e+00
 0.00000e+00
 0.00000e+00
 0.00000e+00
 0.00000e+00
 0.00000e+00
part
         8
hexa8
 2.79174e-02
 3.57035e-02
 4.56298e-02
 5.83739e-02
 7.48238e-02
 9.60324e-02
 1.23375e-01
 1.58786e-01
 2.00711e-01
 2.38355e-01
 2.69600e-01
 2.92833e-01
 3.07271e-01
 3.13876e-01
 3.15146e-01
 3.10429e-01
 2.89501e-01
 2.37965e-01
 1.50925e-01
 7.66755e-02
 3.11116e-02
 9.11805e-03
 1.71349e-03
 1.25597e-04
 1.14403e-06
 2.97263e-02
 3.88422e-02
 5.01722e-02
 6.42695e-02
 8.18509e-02
 1.03833e-01
 1.31457e-01
 1.66145e-01
 2.03018e-01
 2.35554e-01
 2.61696e-01
 2.79851e-01
 2.90273e-01
 2.94180e-01
 2.93995e-01
 2.85487e-01
 2.58418e-01
 1.99800e-01
 1.20003e-01
 6.10202e-02
 2.54569e-02
 8.07748e-03
 1.47180e-03
 8.59041e-05
 6.54929e-07
 2.86645e-02
 3.79587e-02
 4.94788e-02
 6.37325e-02
 8.13851e-02
 1.03310e-01
 1.30721e-01
 1.64367e-01
 1.96607e-01
 2.23482e-01
 2.43595e-01
 2.56488e-01
 2.62830e-01
 2.64399e-01
 2.61613e-01
 2.48258e-01
 2.15846e-01
 1.55331e-01
 9.04967e-02
 4.59708e-02
 1.95251e-02
 6.33457e-03
 1.03380e-03
 4.71196e-05
 3.21973e-07
 2.51711e-02
 3.40540e-02
 4.51291e-02
 5.88586e-02
 7.58242e-02
 9.68341e-02
 1.23003e-01
 1.51416e-01
 1.76303e-01
 1.96029e-01
 2.09749e-01
 2.17482e-01
 2.20227e-01
 2.19828e-01
 2.13204e-01
 1.95296e-01
 1.59916e-01
 1.06307e-01
 6.08007e-02
 3.06944e-02
 1.29006e-02
 3.94842e-03
 5.48578e-04
 2.29929e-05
 1.21693e-07
 2.01356e-02
 2.75585e-02
 3.70423e-02
 4.89709e-02
 6.38207e-02
 8.22655e-02
 1.03515e-01
 1.23033e-01
 1.39097e-01
 1.50886e-01
 1.58115e-01
 1.61232e-01
 1.61573e-01
 1.57983e-01
 1.47475e-01
 1.27203e-01
 9.61234e-02
 6.23244e-02
 3.58643e-02
 1.78049e-02
 7.13328e-03
 1.99262e-03
 2.53253e-04
 9.50088e-06
 0.00000e+00
 1.50463e-02
 2.05569e-02
 2.77055e-02
 3.68212e-02
 4.82794e-02
 6.12528e-02
 7.31359e-02
 8.27242e-02
 8.95976e-02
 9.38861e-02
 9.58976e-02
 9.63394e-02
 9.52306e-02
 9.04364e-02
 8.15336e-02
 6.82874e-02
 5.03231e-02
 3.25247e-02
 1.85164e-02
 8.93639e-03
 3.39518e-03
 8.68786e-04
 9.82216e-05
 3.16399e-06
 0.00000e+00
 9.90133e-03
 1.37417e-02
 1.86886e-02
 2.48588e-02
 3.10977e-02
 3.66014e-02
 4.10673e-02
 4.46299e-02
 4.73075e-02
 4.89652e-02
 4.97084e-02
 4.98083e-02
 4.86860e-02
 4.53608e-02
 4.00380e-02
 3.26080e-02
 2.32828e-02
 1.47578e-02
 8.17136e-03
 3.77609e-03
 1.34020e-03
 3.07841e-04
 3.01192e-05
 8.04239e-07
 0.00000e+00
 4.48199e-03
 6.63895e-03
 9.40025e-03
 1.21330e-02
 1.45699e-02
 1.67294e-02
 1.85750e-02
 2.00407e-02
 2.10925e-02
 2.17235e-02
 2.19768e-02
 2.19612e-02
 2.11957e-02
 1.93902e-02
 1.66992e-02
 1.30714e-02
 9.00010e-03
 5.52491e-03
 2.93178e-03
 1.27625e-03
 4.14614e-04
 8.28457e-05
 6.78429e-06
 1.15824e-07
 0.00000e+00
 1.07409e-03
 1.72952e-03
 2.63301e-03
 3.69991e-03
 4.67616e-03
 5.53989e-03
 6.26948e-03
 6.84186e-03
 7.24491e-03
 7.48181e-03
 7.57385e-03
 7.56106e-03
 7.23973e-03
 6.50886e-03
 5.43653e-03
 4.04211e-03
 2.68553e-03
 1.57925e-03
 7.91863e-04
 3.18828e-04
 9.24724e-05
 1.55128e-05
 1.01367e-06
 0.00000e+00
 0.00000e+00
 1.52882e-04
 2.66209e-04
 4.34784e-04
 6.70350e-04
 9.44075e-04
 1.19395e-03
 1.41031e-03
 1.58361e-03
 1.70751e-03
 1.78164e-03
 1.81179e-03
 1.81118e-03
 1.72805e-03
 1.52580e-03
 1.22623e-03
 8.71668e-04
 5.55815e-04
 3.09742e-04
 1.44507e-04
 5.26530e-05
 1.32255e-05
 1.78711e-06
 7.54489e-08
 0.00000e+00
 0.00000e+00
 1.36283e-05
 2.43468e-05
 4.12414e-05
 6.65515e-05
 1.01698e-04
 1.42439e-04
 1.79585e-04
 2.10960e-04
 2.34549e-04
 2.49383e-04
 2.56036e-04
 2.56772e-04
 2.44778e-04
 2.12181e-04
 1.64274e-04
 1.12444e-04
 6.84866e-05
 3.57603e-05
 1.52526e-05
 4.89810e-06
 1.02098e-06
 9.80721e-08
 0.00000e+00
 0.00000e+00
 0.00000e+00
 5.87190e-07
 1.02588e-06
 1.78139e-06
 2.97048e-06
 4.71432e-06
 7.08241e-06
 9.80591e-06
 1.22899e-05
 1.43136e-05
 1.56916e-05
 1.63778e-05
 1.65197e-05
 1.57349e-05
 1.34955e-05
 1.01774e-05
 6.70961e-06
 3.88450e-06
 1.87339e-06
 7.09642e-07
 1.85901e-07
 1.94889e-08
 0.00000e+00
 0.00000e+00
 0.00000e+00
 0.00000e+00
 0.00000e+00
 0.00000e+00
 0.00000e+00
 5.22560e-09
 2.44658e-08
 5.43793e-08
 9.53185e-08
 1.42517e-07
 1.86225e-07
 2.20519e-07
 2.40860e-07
 2.47491e-07
 2.35969e-07
 2.00356e-07
 1.46783e-07
 8.72617e-08
 4.03272e-08
 7.72422e-09
 0.00000e+00
 0.00000e+00
 0.00000e+00
 0.00000e+00
 0.00000e+00
 0.00000e+00
 0.00000e+00
