Materiau
part
         1
hexa8
 0.00000e+00
 0.00000e+00
 0.00000e+00
 0.00000e+00
 0.00000e+00
 0.00000e+00
 0.00000e+00
 0.00000e+00
 0.00000e+00
 0.00000e+00
 0.00000e+00
 0.00000e+00
 0.00000e+00
 0.00000e+00
 0.00000e+00
 0.00000e+00
 0.00000e+00
 0.00000e+00
 0.00000e+00
 0.00000e+00
 0.00000e+00
 0.00000e+00
 0.00000e+00
 0.00000e+00
 0.00000e+00
 0.00000e+00
 0.00000e+00
 0.00000e+00
 0.00000e+00
 0.00000e+00
 0.00000e+00
 0.00000e+00
 0.00000e+00
 0.00000e+00
 0.00000e+00
 0.00000e+00
 0.00000e+00
 0.00000e+00
 0.00000e+00
 0.00000e+00
 0.00000e+00
 2.77198e-09
 8.90065e-09
 1.57920e-08
 2.17243e-08
 2.42375e-08
 2.23433e-08
 1.60342e-08
 5.06640e-09
 0.00000e+00
 0.00000e+00
 0.00000e+00
 0.00000e+00
 0.00000e+00
 0.00000e+00
 0.00000e+00
 0.00000e+00
 0.00000e+00
 0.00000e+00
 0.00000e+00
 0.00000e+00
 5.36322e-09
 2.79134e-08
 7.96895e-08
 1.79287e-07
 3.49073e-07
 6.05743e-07
 9.50023e-07
 1.35717e-06
 1.78299e-06
 2.15359e-06
 2.36392e-06
 2.28796e-06
 2.02957e-06
 1.58809e-06
 0.00000e+00
 0.00000e+00
 0.00000e+00
 0.00000e+00
 0.00000e+00
 0.00000e+00
 0.00000e+00
 0.00000e+00
 0.00000e+00
 1.82874e-08
 8.66711e-08
 2.90302e-07
 7.94796e-07
 1.87781e-06
 3.93104e-06
 7.41068e-06
 1.27252e-05
 2.00696e-05
 2.92441e-05
 3.95193e-05
 4.99878e-05
 5.90256e-05
 6.40977e-05
 6.26124e-05
 5.70873e-05
 0.00000e+00
 0.00000e+00
 0.00000e+00
 0.00000e+00
 0.00000e+00
 0.00000e+00
 0.00000e+00
 6.11322e-09
 7.19975e-08
 3.49529e-07
 1.26707e-06
 3.79528e-06
 9.76768e-06
 2.21411e-05
 4.50153e-05
 8.32366e-05
 1.41498e-04
 2.22981e-04
 3.27770e-04
 4.51415e-04
 5.84085e-04
 7.22617e-04
 8.18977e-04
 9.01623e-04
 8.84879e-04
 0.00000e+00
 0.00000e+00
 0.00000e+00
 0.00000e+00
 0.00000e+00
 0.00000e+00
 1.21306e-08
 1.37215e-07
 7.70261e-07
 3.19409e-06
 1.07087e-05
 3.03095e-05
 7.45665e-05
 1.62970e-04
 3.21837e-04
 5.82052e-04
 9.74374e-04
 1.52267e-03
 2.23580e-03
 3.10008e-03
 4.07262e-03
 5.12059e-03
 6.02434e-03
 6.89572e-03
 7.44499e-03
 0.00000e+00
 0.00000e+00
 0.00000e+00
 0.00000e+00
 0.00000e+00
 5.54638e-09
 1.44785e-07
 1.02631e-06
 5.05892e-06
 1.94477e-05
 6.15034e-05
 1.65876e-04
 3.91765e-04
 8.26988e-04
 1.58589e-03
 2.79947e-03
 4.59764e-03
 7.08658e-03
 1.03203e-02
 1.42807e-02
 1.88449e-02
 2.37626e-02
 2.88098e-02
 3.33893e-02
 3.74375e-02
 0.00000e+00
 0.00000e+00
 0.00000e+00
 0.00000e+00
 0.00000e+00
 8.56932e-08
 8.40771e-07
 5.19768e-06
 2.37307e-05
 8.59481e-05
 2.58721e-04
 6.68978e-04
 1.52280e-03
 3.11119e-03
 5.79612e-03
 9.97684e-03
 1.60395e-02
 2.43091e-02
 3.49548e-02
 4.80272e-02
 6.32674e-02
 7.99230e-02
 9.73819e-02
 1.15481e-01
 1.31153e-01
 0.00000e+00
 0.00000e+00
 0.00000e+00
 0.00000e+00
 2.18893e-08
 4.14416e-07
 3.46735e-06
 1.97293e-05
 8.47678e-05
 2.92254e-04
 8.44010e-04
 2.10466e-03
 4.63577e-03
 9.18695e-03
 1.66399e-02
 2.79203e-02
 4.39029e-02
 6.53926e-02
 9.26980e-02
 1.26498e-01
 1.66554e-01
 2.08728e-01
 2.50832e-01
 2.83224e-01
 3.13494e-01
 0.00000e+00
 0.00000e+00
 0.00000e+00
 0.00000e+00
 1.15696e-07
 1.45909e-06
 1.10531e-05
 5.91440e-05
 2.42021e-04
 8.01544e-04
 2.23679e-03
 5.40779e-03
 1.15654e-02
 2.22727e-02
 3.92458e-02
 6.41881e-02
 9.88000e-02
 1.44826e-01
 2.03087e-01
 2.65932e-01
 3.23873e-01
 3.66652e-01
 3.97215e-01
 4.22765e-01
 4.44203e-01
 0.00000e+00
 0.00000e+00
 0.00000e+00
 0.00000e+00
 3.51884e-07
 4.01523e-06
 2.86479e-05
 1.46194e-04
 5.74977e-04
 1.84254e-03
 4.99552e-03
 1.17569e-02
 2.44772e-02
 4.58756e-02
 7.87124e-02
 1.25643e-01
 1.90156e-01
 2.68830e-01
 3.43999e-01
 3.95534e-01
 4.31632e-01
 4.55547e-01
 4.68772e-01
 4.77690e-01
 4.86728e-01
 0.00000e+00
 0.00000e+00
 0.00000e+00
 3.36725e-08
 8.75492e-07
 9.24978e-06
 6.30505e-05
 3.09351e-04
 1.17355e-03
 3.64817e-03
 9.63408e-03
 2.21417e-02
 4.49971e-02
 8.22792e-02
 1.37914e-01
 2.16162e-01
 3.11364e-01
 3.90355e-01
 4.40541e-01
 4.65508e-01
 4.77029e-01
 4.82938e-01
 4.84830e-01
 4.84692e-01
 4.83735e-01
part
         2
hexa8
 0.00000e+00
 0.00000e+00
 0.00000e+00
 0.00000e+00
 0.00000e+00
 0.00000e+00
 0.00000e+00
 0.00000e+00
 0.00000e+00
 0.00000e+00
 0.00000e+00
 0.00000e+00
 0.00000e+00
 0.00000e+00
 0.00000e+00
 0.00000e+00
 0.00000e+00
 0.00000e+00
 0.00000e+00
 0.00000e+00
 0.00000e+00
 0.00000e+00
 0.00000e+00
 0.00000e+00
 0.00000e+00
 0.00000e+00
 1.92647e-09
 1.34615e-08
 4.65724e-08
 1.07762e-07
 1.91174e-07
 2.69949e-07
 2.96195e-07
 2.91804e-07
 2.62726e-07
 2.04383e-07
 1.28439e-07
 6.89416e-08
 2.00664e-10
 0.00000e+00
 0.00000e+00
 0.00000e+00
 0.00000e+00
 0.00000e+00
 0.00000e+00
 0.00000e+00
 0.00000e+00
 0.00000e+00
 0.00000e+00
 0.00000e+00
 1.17783e-06
 1.17980e-06
 1.49476e-06
 2.42446e-06
 4.17428e-06
 6.81744e-06
 9.95565e-06
 1.12979e-05
 1.13357e-05
 1.07192e-05
 9.08901e-06
 6.53078e-06
 3.85199e-06
 2.02084e-06
 9.09235e-07
 3.44909e-07
 7.77322e-08
 0.00000e+00
 0.00000e+00
 0.00000e+00
 0.00000e+00
 0.00000e+00
 0.00000e+00
 0.00000e+00
 0.00000e+00
 4.84654e-05
 4.53127e-05
 4.68831e-05
 5.50029e-05
 7.35340e-05
 1.04815e-04
 1.49682e-04
 1.76043e-04
 1.78630e-04
 1.72101e-04
 1.52384e-04
 1.18212e-04
 7.52356e-05
 4.15092e-05
 2.02284e-05
 8.32993e-06
 2.75801e-06
 7.02993e-07
 1.17281e-07
 0.00000e+00
 0.00000e+00
 0.00000e+00
 0.00000e+00
 0.00000e+00
 0.00000e+00
 8.35047e-04
 7.88980e-04
 7.81033e-04
 8.03517e-04
 8.83527e-04
 1.04539e-03
 1.31830e-03
 1.52419e-03
 1.54404e-03
 1.49456e-03
 1.34854e-03
 1.09270e-03
 7.48006e-04
 4.30907e-04
 2.22718e-04
 9.91250e-05
 3.64324e-05
 1.05479e-05
 2.25194e-06
 3.19223e-07
 1.92580e-08
 0.00000e+00
 0.00000e+00
 0.00000e+00
 0.00000e+00
 7.43539e-03
 7.35150e-03
 7.23336e-03
 7.18974e-03
 7.26336e-03
 7.57188e-03
 8.29687e-03
 8.82141e-03
 8.77357e-03
 8.40281e-03
 7.57033e-03
 6.24339e-03
 4.49071e-03
 2.70499e-03
 1.46970e-03
 6.98125e-04
 2.78609e-04
 8.92213e-05
 2.16241e-05
 3.67088e-06
 3.90569e-07
 1.59405e-08
 0.00000e+00
 0.00000e+00
 0.00000e+00
 3.99577e-02
 4.13037e-02
 4.12487e-02
 4.07132e-02
 3.98025e-02
 3.93563e-02
 3.90402e-02
 3.84252e-02
 3.69854e-02
 3.43559e-02
 3.03685e-02
 2.50428e-02
 1.85306e-02
 1.16636e-02
 6.61450e-03
 3.31904e-03
 1.41971e-03
 4.95267e-04
 1.33168e-04
 2.56273e-05
 3.21452e-06
 2.27927e-07
 0.00000e+00
 0.00000e+00
 0.00000e+00
 1.44278e-01
 1.52376e-01
 1.57533e-01
 1.56283e-01
 1.51937e-01
 1.44651e-01
 1.35231e-01
 1.24453e-01
 1.12705e-01
 9.99783e-02
 8.60876e-02
 7.08437e-02
 5.41079e-02
 3.63633e-02
 2.18460e-02
 1.16253e-02
 5.30573e-03
 1.99579e-03
 5.86804e-04
 1.25491e-04
 1.78018e-05
 1.49187e-06
 5.70963e-08
 0.00000e+00
 0.00000e+00
 3.34943e-01
 3.46113e-01
 3.54673e-01
 3.52849e-01
 3.45647e-01
 3.31540e-01
 3.10156e-01
 2.82955e-01
 2.52922e-01
 2.21781e-01
 1.89989e-01
 1.57191e-01
 1.22870e-01
 8.70340e-02
 5.55829e-02
 3.15541e-02
 1.54181e-02
 6.24160e-03
 1.99153e-03
 4.67386e-04
 7.36457e-05
 6.95063e-06
 3.31248e-07
 0.00000e+00
 0.00000e+00
 4.58774e-01
 4.68991e-01
 4.80151e-01
 4.88936e-01
 4.88875e-01
 4.84995e-01
 4.75362e-01
 4.57988e-01
 4.30813e-01
 3.93741e-01
 3.47868e-01
 2.94413e-01
 2.34201e-01
 1.73335e-01
 1.16733e-01
 7.03263e-02
 3.67038e-02
 1.59483e-02
 5.49241e-03
 1.40191e-03
 2.42289e-04
 2.52824e-05
 1.36200e-06
 2.21336e-08
 0.00000e+00
 4.96497e-01
 5.03178e-01
 5.07614e-01
 5.09878e-01
 5.09949e-01
 5.08757e-01
 5.04873e-01
 4.96692e-01
 4.82770e-01
 4.62244e-01
 4.34321e-01
 3.98194e-01
 3.52380e-01
 2.89931e-01
 2.12007e-01
 1.35485e-01
 7.51536e-02
 3.48153e-02
 1.28498e-02
 3.53780e-03
 6.63697e-04
 7.55558e-05
 4.47053e-06
 9.96138e-08
 0.00000e+00
 4.81752e-01
 4.78956e-01
 4.75902e-01
 4.71504e-01
 4.71154e-01
 4.72546e-01
 4.75153e-01
 4.74810e-01
 4.70627e-01
 4.60050e-01
 4.43495e-01
 4.22960e-01
 3.99060e-01
 3.65546e-01
 3.13156e-01
 2.29761e-01
 1.38036e-01
 6.73451e-02
 2.63927e-02
 7.77144e-03
 1.56771e-03
 1.92475e-04
 1.23024e-05
 3.11931e-07
 0.00000e+00
part
         3
hexa8
 0.00000e+00
 0.00000e+00
 0.00000e+00
 1.06436e-07
 1.88070e-06
 1.84893e-05
 1.19372e-04
 5.60342e-04
 2.06358e-03
 6.26906e-03
 1.61809e-02
 3.65578e-02
 7.29466e-02
 1.30882e-01
 2.15837e-01
 3.26996e-01
 4.19459e-01
 4.67832e-01
 4.89032e-01
 4.90873e-01
 4.87888e-01
 4.81100e-01
 4.69309e-01
 4.52695e-01
 4.32539e-01
 0.00000e+00
 0.00000e+00
 0.00000e+00
 1.98697e-07
 3.11082e-06
 2.79481e-05
 1.71242e-04
 7.87835e-04
 2.89906e-03
 8.92410e-03
 2.35780e-02
 5.34807e-02
 1.06019e-01
 1.88473e-01
 3.07487e-01
 4.28521e-01
 4.89604e-01
 5.09533e-01
 5.08036e-01
 4.98541e-01
 4.79891e-01
 4.50691e-01
 4.11637e-01
 3.64754e-01
 3.15571e-01
 0.00000e+00
 0.00000e+00
 0.00000e+00
 2.74301e-07
 3.96476e-06
 3.40697e-05
 2.05469e-04
 9.53251e-04
 3.58066e-03
 1.13667e-02
 3.09631e-02
 7.15747e-02
 1.42575e-01
 2.53452e-01
 4.01406e-01
 4.98693e-01
 5.30024e-01
 5.29557e-01
 5.16490e-01
 4.87416e-01
 4.39939e-01
 3.75268e-01
 3.00598e-01
 2.33510e-01
 1.86664e-01
 0.00000e+00
 0.00000e+00
 0.00000e+00
 3.16471e-07
 4.35851e-06
 3.67303e-05
 2.21893e-04
 1.05721e-03
 4.13212e-03
 1.37383e-02
 3.89698e-02
 9.22306e-02
 1.84726e-01
 3.27392e-01
 4.78823e-01
 5.42839e-01
 5.51011e-01
 5.39276e-01
 5.06588e-01
 4.45902e-01
 3.57972e-01
 2.59147e-01
 1.84977e-01
 1.34466e-01
 1.01135e-01
 0.00000e+00
 0.00000e+00
 0.00000e+00
 3.27456e-07
 4.41798e-06
 3.69785e-05
 2.25384e-04
 1.11410e-03
 4.61519e-03
 1.61504e-02
 4.79662e-02
 1.16224e-01
 2.33116e-01
 4.01361e-01
 5.29884e-01
 5.66080e-01
 5.61495e-01
 5.34026e-01
 4.70462e-01
 3.67949e-01
 2.48697e-01
 1.61871e-01
 1.07116e-01
 7.26967e-02
 5.12767e-02
 0.00000e+00
 0.00000e+00
 0.00000e+00
 3.10587e-07
 3.99534e-06
 3.30130e-05
 2.13392e-04
 1.14838e-03
 5.09487e-03
 1.87827e-02
 5.79275e-02
 1.41938e-01
 2.81289e-01
 4.60990e-01
 5.60622e-01
 5.77080e-01
 5.63649e-01
 5.11231e-01
 4.10012e-01
 2.75420e-01
 1.65485e-01
 9.91227e-02
 6.02185e-02
 3.76732e-02
 2.45983e-02
 0.00000e+00
 0.00000e+00
 0.00000e+00
 2.24497e-07
 2.79137e-06
 2.56562e-05
 1.96538e-04
 1.18239e-03
 5.64758e-03
 2.18358e-02
 6.80215e-02
 1.67202e-01
 3.26416e-01
 5.01634e-01
 5.76267e-01
 5.81079e-01
 5.54082e-01
 4.75801e-01
 3.46770e-01
 2.03441e-01
 1.12994e-01
 6.20201e-02
 3.41988e-02
 1.93374e-02
 1.14106e-02
 0.00000e+00
 0.00000e+00
 0.00000e+00
 1.25129e-07
 1.92146e-06
 2.19584e-05
 1.93784e-04
 1.25523e-03
 6.38380e-03
 2.50573e-02
 7.73513e-02
 1.90123e-01
 3.64099e-01
 5.23772e-01
 5.82421e-01
 5.81793e-01
 5.41529e-01
 4.43063e-01
 2.92958e-01
 1.58636e-01
 8.23594e-02
 4.15104e-02
 2.06336e-02
 1.03414e-02
 5.35285e-03
 0.00000e+00
 0.00000e+00
 0.00000e+00
 6.48686e-08
 1.49641e-06
 2.10027e-05
 2.01257e-04
 1.40620e-03
 7.25106e-03
 2.79617e-02
 8.48695e-02
 2.08353e-01
 3.89582e-01
 5.33126e-01
 5.83890e-01
 5.78581e-01
 5.29949e-01
 4.17956e-01
 2.57787e-01
 1.34029e-01
 6.61113e-02
 3.09615e-02
 1.39295e-02
 6.12513e-03
 2.72205e-03
 0.00000e+00
 0.00000e+00
 0.00000e+00
 3.53726e-08
 1.36887e-06
 2.14204e-05
 2.22071e-04
 1.59614e-03
 8.01001e-03
 3.01565e-02
 8.98047e-02
 2.19986e-01
 4.02575e-01
 5.34963e-01
 5.81299e-01
 5.74044e-01
 5.22978e-01
 4.04618e-01
 2.41921e-01
 1.24010e-01
 5.93176e-02
 2.63402e-02
 1.09136e-02
 4.22393e-03
 1.60886e-03
 0.00000e+00
 0.00000e+00
 0.00000e+00
 2.70873e-08
 1.39069e-06
 2.38088e-05
 2.55345e-04
 1.76295e-03
 8.57258e-03
 3.14071e-02
 9.18995e-02
 2.24449e-01
 4.05938e-01
 5.25625e-01
 5.73330e-01
 5.69299e-01
 5.21321e-01
 4.02629e-01
 2.40458e-01
 1.23467e-01
 5.84477e-02
 2.53114e-02
 9.99727e-03
 3.52356e-03
 1.17132e-03
 0.00000e+00
 0.00000e+00
 0.00000e+00
 3.03853e-08
 1.63596e-06
 2.87402e-05
 2.87796e-04
 1.88809e-03
 8.86833e-03
 3.17542e-02
 9.12118e-02
 2.19312e-01
 3.93109e-01
 5.14368e-01
 5.65095e-01
 5.65740e-01
 5.30430e-01
 4.30526e-01
 2.76079e-01
 1.48047e-01
 7.22407e-02
 3.18173e-02
 1.25058e-02
 4.20989e-03
 1.26637e-03
part
         4
hexa8
 4.09811e-01
 3.85876e-01
 3.69212e-01
 3.56654e-01
 3.58141e-01
 3.65610e-01
 3.79333e-01
 3.96212e-01
 4.13481e-01
 4.24098e-01
 4.23443e-01
 4.16187e-01
 4.03573e-01
 3.88853e-01
 3.64417e-01
 3.13885e-01
 2.21911e-01
 1.18916e-01
 4.90100e-02
 1.52886e-02
 3.28462e-03
 4.30193e-04
 2.92996e-05
 8.00390e-07
 0.00000e+00
 2.71576e-01
 2.38486e-01
 2.19579e-01
 2.01867e-01
 2.02530e-01
 2.10758e-01
 2.29822e-01
 2.60828e-01
 3.00325e-01
 3.40790e-01
 3.70223e-01
 3.86335e-01
 3.91389e-01
 3.87378e-01
 3.79092e-01
 3.56076e-01
 2.96954e-01
 1.88357e-01
 8.31589e-02
 2.74797e-02
 6.24208e-03
 8.63364e-04
 6.18738e-05
 1.77675e-06
 2.01758e-10
 1.51913e-01
 1.26325e-01
 1.13597e-01
 1.00851e-01
 9.90927e-02
 1.02815e-01
 1.13318e-01
 1.33387e-01
 1.67352e-01
 2.18195e-01
 2.77881e-01
 3.26486e-01
 3.58372e-01
 3.74458e-01
 3.76737e-01
 3.69618e-01
 3.39142e-01
 2.59942e-01
 1.33535e-01
 4.57725e-02
 1.08958e-02
 1.57717e-03
 1.17571e-04
 3.48831e-06
 1.28289e-08
 7.82868e-02
 6.24006e-02
 5.48239e-02
 4.75050e-02
 4.58849e-02
 4.77247e-02
 5.33147e-02
 6.47662e-02
 8.51240e-02
 1.18616e-01
 1.69712e-01
 2.37388e-01
 3.00363e-01
 3.43444e-01
 3.65870e-01
 3.68538e-01
 3.58113e-01
 3.06914e-01
 1.91916e-01
 7.15679e-02
 1.77329e-02
 2.66042e-03
 2.03945e-04
 6.16014e-06
 3.09910e-08
 3.75818e-02
 2.87400e-02
 2.46249e-02
 2.08661e-02
 1.99840e-02
 2.09476e-02
 2.39193e-02
 3.02290e-02
 4.20775e-02
 6.28593e-02
 9.67616e-02
 1.48009e-01
 2.20620e-01
 2.91735e-01
 3.40754e-01
 3.62097e-01
 3.59846e-01
 3.34504e-01
 2.46140e-01
 1.06293e-01
 2.71006e-02
 4.17952e-03
 3.26041e-04
 9.88679e-06
 5.51838e-08
 1.68781e-02
 1.23229e-02
 1.02707e-02
 8.50955e-03
 8.17937e-03
 8.69812e-03
 1.02601e-02
 1.36590e-02
 2.03751e-02
 3.28967e-02
 5.47686e-02
 9.04888e-02
 1.45172e-01
 2.22740e-01
 2.98739e-01
 3.45729e-01
 3.57305e-01
 3.46049e-01
 2.81349e-01
 1.44994e-01
 3.88152e-02
 6.14222e-03
 4.83511e-04
 1.45324e-05
 8.29530e-08
 7.16705e-03
 4.93101e-03
 3.97165e-03
 3.21059e-03
 3.14015e-03
 3.41655e-03
 4.22176e-03
 6.01968e-03
 9.76522e-03
 1.71933e-02
 3.10328e-02
 5.51142e-02
 9.44090e-02
 1.55122e-01
 2.41451e-01
 3.16532e-01
 3.49542e-01
 3.46128e-01
 3.05879e-01
 1.86706e-01
 5.34925e-02
 8.54385e-03
 6.71168e-04
 1.97273e-05
 1.10337e-07
 2.97509e-03
 1.87837e-03
 1.43066e-03
 1.12246e-03
 1.12684e-03
 1.26557e-03
 1.66491e-03
 2.59820e-03
 4.66976e-03
 9.05313e-03
 1.77394e-02
 3.37479e-02
 6.14096e-02
 1.06974e-01
 1.79254e-01
 2.73137e-01
 3.33660e-01
 3.43343e-01
 3.19623e-01
 2.18364e-01
 7.05350e-02
 1.13043e-02
 8.77560e-04
 2.49743e-05
 1.31543e-07
 1.30089e-03
 7.37737e-04
 5.28534e-04
 4.15687e-04
 4.21193e-04
 4.78845e-04
 6.55184e-04
 1.11698e-03
 2.24873e-03
 4.83694e-03
 1.02866e-02
 2.08827e-02
 4.01764e-02
 7.37278e-02
 1.30128e-01
 2.20661e-01
 3.07759e-01
 3.36787e-01
 3.21725e-01
 2.39412e-01
 8.81365e-02
 1.42429e-02
 1.08723e-03
 2.93662e-05
 1.40109e-07
 6.90351e-04
 4.04406e-04
 3.19996e-04
 2.82555e-04
 2.75665e-04
 2.88252e-04
 3.43586e-04
 5.38817e-04
 1.13310e-03
 2.64855e-03
 6.07513e-03
 1.30991e-02
 2.65124e-02
 5.09895e-02
 9.43231e-02
 1.68618e-01
 2.71547e-01
 3.25592e-01
 3.20081e-01
 2.56753e-01
 1.06502e-01
 1.73016e-02
 1.28050e-03
 3.19317e-05
 1.32088e-07
 5.36059e-04
 4.01934e-04
 3.64750e-04
 3.51002e-04
 3.29966e-04
 3.07904e-04
 3.17842e-04
 3.87646e-04
 6.60790e-04
 1.52712e-03
 3.67875e-03
 8.33944e-03
 1.76568e-02
 3.54292e-02
 6.84045e-02
 1.28024e-01
 2.28652e-01
 3.08643e-01
 3.16007e-01
 2.65256e-01
 1.19710e-01
 1.98562e-02
 1.40703e-03
 3.17073e-05
 1.09878e-07
 6.86652e-04
 6.50149e-04
 6.90296e-04
 7.31860e-04
 6.34613e-04
 4.96148e-04
 3.91977e-04
 3.94906e-04
 5.08709e-04
 9.83345e-04
 2.30618e-03
 5.39500e-03
 1.18716e-02
 2.47568e-02
 4.97379e-02
 9.71499e-02
 1.83098e-01
 2.85099e-01
 3.09506e-01
 2.65676e-01
 1.32494e-01
 2.18311e-02
 1.46606e-03
 2.98062e-05
 7.60345e-08
part
         5
hexa8
 0.00000e+00
 0.00000e+00
 0.00000e+00
 5.59852e-08
 2.20246e-06
 3.41437e-05
 3.13631e-04
 1.95576e-03
 8.91496e-03
 3.03814e-02
 8.45841e-02
 1.97945e-01
 3.74641e-01
 5.00590e-01
 5.53626e-01
 5.62878e-01
 5.38448e-01
 4.60464e-01
 3.17066e-01
 1.78523e-01
 9.11242e-02
 4.22186e-02
 1.74576e-02
 6.17475e-03
 1.76015e-03
 0.00000e+00
 0.00000e+00
 0.00000e+00
 1.00323e-07
 2.80461e-06
 3.84629e-05
 3.29623e-04
 1.96906e-03
 8.34151e-03
 2.82965e-02
 7.59183e-02
 1.77823e-01
 3.42106e-01
 4.74092e-01
 5.38888e-01
 5.59094e-01
 5.45474e-01
 4.96607e-01
 3.90169e-01
 2.41403e-01
 1.31863e-01
 6.62149e-02
 3.04448e-02
 1.26642e-02
 5.25238e-03
 0.00000e+00
 0.00000e+00
 0.00000e+00
 1.36952e-07
 3.23595e-06
 4.06543e-05
 3.31761e-04
 1.79529e-03
 7.47045e-03
 2.41579e-02
 6.50772e-02
 1.48790e-01
 2.95373e-01
 4.39361e-01
 5.22738e-01
 5.50981e-01
 5.49340e-01
 5.22470e-01
 4.52034e-01
 3.29978e-01
 1.99944e-01
 1.11686e-01
 5.93901e-02
 3.15794e-02
 1.87911e-02
 0.00000e+00
 0.00000e+00
 0.00000e+00
 1.59214e-07
 3.39406e-06
 3.94723e-05
 2.89068e-04
 1.56473e-03
 6.29841e-03
 2.02026e-02
 5.35775e-02
 1.21615e-01
 2.44471e-01
 3.93217e-01
 4.92914e-01
 5.38036e-01
 5.49684e-01
 5.37414e-01
 4.97218e-01
 4.14709e-01
 3.01514e-01
 1.94784e-01
 1.18520e-01
 7.44749e-02
 5.10960e-02
 0.00000e+00
 0.00000e+00
 0.00000e+00
 1.65263e-07
 3.16267e-06
 3.41395e-05
 2.47299e-04
 1.26642e-03
 5.03131e-03
 1.59948e-02
 4.21782e-02
 9.51091e-02
 1.88381e-01
 3.24190e-01
 4.44373e-01
 5.14961e-01
 5.41244e-01
 5.41842e-01
 5.20613e-01
 4.70464e-01
 3.88305e-01
 2.94831e-01
 2.09989e-01
 1.44124e-01
 1.00241e-01
 0.00000e+00
 0.00000e+00
 0.00000e+00
 1.44971e-07
 2.59475e-06
 2.70502e-05
 1.90512e-04
 9.73571e-04
 3.82066e-03
 1.20425e-02
 3.16011e-02
 7.09723e-02
 1.39204e-01
 2.43327e-01
 3.69232e-01
 4.64861e-01
 5.16099e-01
 5.33811e-01
 5.26112e-01
 4.93316e-01
 4.37065e-01
 3.63615e-01
 2.87254e-01
 2.15490e-01
 1.55279e-01
 0.00000e+00
 0.00000e+00
 0.00000e+00
 1.14579e-07
 1.99807e-06
 2.02901e-05
 1.39796e-04
 7.03898e-04
 2.73658e-03
 8.57994e-03
 2.24574e-02
 5.03624e-02
 9.85339e-02
 1.70697e-01
 2.67668e-01
 3.75060e-01
 4.55878e-01
 4.97204e-01
 5.10473e-01
 4.94495e-01
 4.49600e-01
 3.91068e-01
 3.28764e-01
 2.65455e-01
 2.03260e-01
 0.00000e+00
 0.00000e+00
 0.00000e+00
 8.16477e-08
 1.41633e-06
 1.40810e-05
 9.55920e-05
 4.76771e-04
 1.84321e-03
 5.76270e-03
 1.50665e-02
 3.37643e-02
 6.59566e-02
 1.13928e-01
 1.77703e-01
 2.58327e-01
 3.43073e-01
 4.10451e-01
 4.47002e-01
 4.57811e-01
 4.35716e-01
 3.84838e-01
 3.27580e-01
 2.62847e-01
 1.94530e-01
 0.00000e+00
 0.00000e+00
 0.00000e+00
 5.17846e-08
 9.17834e-07
 9.01986e-06
 6.07277e-05
 3.01433e-04
 1.16258e-03
 3.63132e-03
 9.48946e-03
 2.12440e-02
 4.13997e-02
 7.12457e-02
 1.10728e-01
 1.60468e-01
 2.18897e-01
 2.74444e-01
 3.19937e-01
 3.47010e-01
 3.54475e-01
 3.23060e-01
 2.65715e-01
 2.12250e-01
 1.60324e-01
 0.00000e+00
 0.00000e+00
 0.00000e+00
 2.81676e-08
 5.41045e-07
 5.31039e-06
 3.56769e-05
 1.77013e-04
 6.83081e-04
 2.13486e-03
 5.57685e-03
 1.24551e-02
 2.41458e-02
 4.12271e-02
 6.35280e-02
 9.14820e-02
 1.25937e-01
 1.60437e-01
 1.90898e-01
 2.12628e-01
 2.22504e-01
 2.21481e-01
 1.87647e-01
 1.52573e-01
 1.16996e-01
 0.00000e+00
 0.00000e+00
 0.00000e+00
 1.15482e-08
 2.87453e-07
 2.85511e-06
 1.92608e-05
 9.59382e-05
 3.71495e-04
 1.16353e-03
 3.03866e-03
 6.75904e-03
 1.29830e-02
 2.18445e-02
 3.30809e-02
 4.69865e-02
 6.42524e-02
 8.27252e-02
 9.97833e-02
 1.13180e-01
 1.20962e-01
 1.23025e-01
 1.13386e-01
 9.43580e-02
 7.50073e-02
 0.00000e+00
 0.00000e+00
 0.00000e+00
 2.20998e-09
 1.35419e-07
 1.38879e-06
 9.47580e-06
 4.76050e-05
 1.85572e-04
 5.83640e-04
 1.52495e-03
 3.37494e-03
 6.39787e-03
 1.05182e-02
 1.54611e-02
 2.13971e-02
 2.87120e-02
 3.69426e-02
 4.48504e-02
 5.14597e-02
 5.57612e-02
 5.74040e-02
 5.53602e-02
 4.76201e-02
 3.98312e-02
 0.00000e+00
 0.00000e+00
 0.00000e+00
 0.00000e+00
 5.45364e-08
 6.02660e-07
 4.20156e-06
 2.14061e-05
 8.43334e-05
 2.67131e-04
 6.99819e-04
 1.54253e-03
 2.87984e-03
 4.58355e-03
 6.45819e-03
 8.61450e-03
 1.12214e-02
 1.43271e-02
 1.75663e-02
 2.04740e-02
 2.26053e-02
 2.36420e-02
 2.36870e-02
 2.08922e-02
 1.79549e-02
part
         6
hexa8
 1.19764e-03
 1.54031e-03
 1.82837e-03
 1.84636e-03
 1.43840e-03
 9.83826e-04
 6.35069e-04
 4.69212e-04
 4.96396e-04
 7.11678e-04
 1.51523e-03
 3.54051e-03
 8.03451e-03
 1.73582e-02
 3.62217e-02
 7.37654e-02
 1.45380e-01
 2.56052e-01
 3.00479e-01
 2.63861e-01
 1.41860e-01
 2.28921e-02
 1.47722e-03
 2.64447e-05
 2.24670e-08
 3.79636e-03
 4.82685e-03
 4.88769e-03
 4.34176e-03
 2.98942e-03
 1.88050e-03
 1.09242e-03
 6.39428e-04
 5.13005e-04
 5.74992e-04
 1.04123e-03
 2.36646e-03
 5.47371e-03
 1.22160e-02
 2.64383e-02
 5.60871e-02
 1.15958e-01
 2.22074e-01
 2.88128e-01
 2.59450e-01
 1.42451e-01
 2.39222e-02
 1.52803e-03
 2.70936e-05
 3.83245e-08
 1.44221e-02
 1.33904e-02
 1.13566e-02
 8.69911e-03
 5.46859e-03
 3.21844e-03
 1.74192e-03
 8.89574e-04
 5.53187e-04
 5.11962e-04
 7.41519e-04
 1.62021e-03
 3.77729e-03
 8.67307e-03
 1.94314e-02
 4.28980e-02
 9.27956e-02
 1.87924e-01
 2.71012e-01
 2.52347e-01
 1.40391e-01
 2.52605e-02
 1.70937e-03
 3.77660e-05
 1.98378e-07
 3.79289e-02
 2.91964e-02
 2.17835e-02
 1.47502e-02
 8.78982e-03
 4.95351e-03
 2.56530e-03
 1.19770e-03
 6.06872e-04
 4.64955e-04
 5.45837e-04
 1.11908e-03
 2.62938e-03
 6.18167e-03
 1.43523e-02
 3.30863e-02
 7.51212e-02
 1.62161e-01
 2.48385e-01
 2.42445e-01
 1.35562e-01
 2.71454e-02
 2.07742e-03
 6.50343e-05
 5.74674e-07
 7.15520e-02
 5.08946e-02
 3.46760e-02
 2.16524e-02
 1.23079e-02
 6.56435e-03
 3.26121e-03
 1.45181e-03
 6.45003e-04
 4.14893e-04
 4.19200e-04
 7.76119e-04
 1.85671e-03
 4.47972e-03
 1.07862e-02
 2.59073e-02
 6.16009e-02
 1.40366e-01
 2.21213e-01
 2.28850e-01
 1.28457e-01
 2.97579e-02
 2.65444e-03
 1.09789e-04
 1.15514e-06
 1.10656e-01
 7.75798e-02
 5.08025e-02
 3.00696e-02
 1.62365e-02
 8.06952e-03
 3.62649e-03
 1.49713e-03
 6.25734e-04
 3.57283e-04
 3.28206e-04
 5.45337e-04
 1.33726e-03
 3.32848e-03
 8.28956e-03
 2.07080e-02
 5.13214e-02
 1.21666e-01
 1.93479e-01
 2.10385e-01
 1.19853e-01
 3.07225e-02
 3.40334e-03
 1.64373e-04
 1.85718e-06
 1.45018e-01
 9.53384e-02
 5.79789e-02
 3.24517e-02
 1.67127e-02
 7.98670e-03
 3.52159e-03
 1.43065e-03
 5.74991e-04
 2.95076e-04
 2.48046e-04
 3.74052e-04
 9.31823e-04
 2.42320e-03
 6.35024e-03
 1.68492e-02
 4.39512e-02
 1.06863e-01
 1.68515e-01
 1.86342e-01
 1.10223e-01
 3.05008e-02
 3.80200e-03
 2.05710e-04
 2.48932e-06
 1.36554e-01
 8.96926e-02
 5.44722e-02
 3.04161e-02
 1.55994e-02
 7.36911e-03
 3.20210e-03
 1.28494e-03
 5.00931e-04
 2.34765e-04
 1.83737e-04
 2.57133e-04
 6.66785e-04
 1.86849e-03
 5.21014e-03
 1.44935e-02
 3.92457e-02
 9.53383e-02
 1.43902e-01
 1.57289e-01
 9.92889e-02
 2.94901e-02
 3.84092e-03
 2.19585e-04
 2.88188e-06
 1.13901e-01
 7.53248e-02
 4.60136e-02
 2.58281e-02
 1.32949e-02
 6.27707e-03
 2.72112e-03
 1.08992e-03
 4.19741e-04
 1.91856e-04
 1.48600e-04
 2.18680e-04
 6.03310e-04
 1.76631e-03
 5.02247e-03
 1.39368e-02
 3.72903e-02
 8.53706e-02
 1.20615e-01
 1.27520e-01
 8.61803e-02
 2.73844e-02
 3.74405e-03
 2.17935e-04
 2.92397e-06
 8.41435e-02
 5.63318e-02
 3.48543e-02
 1.98381e-02
 1.03568e-02
 4.95443e-03
 2.17455e-03
 8.81669e-04
 3.47062e-04
 1.69658e-04
 1.41189e-04
 2.23597e-04
 6.27228e-04
 1.83459e-03
 5.17150e-03
 1.41184e-02
 3.67987e-02
 7.57142e-02
 9.99552e-02
 1.02949e-01
 7.08978e-02
 2.40816e-02
 3.44990e-03
 2.04559e-04
 2.76125e-06
 5.43821e-02
 3.70839e-02
 2.34364e-02
 1.36757e-02
 7.34052e-03
 3.61491e-03
 1.63367e-03
 6.85160e-04
 2.87817e-04
 1.60717e-04
 1.47578e-04
 2.57232e-04
 7.24120e-04
 2.05836e-03
 5.60014e-03
 1.46461e-02
 3.62363e-02
 6.61248e-02
 8.19527e-02
 8.25830e-02
 5.62439e-02
 1.97638e-02
 2.93561e-03
 1.75502e-04
 2.35144e-06
 2.98692e-02
 2.12092e-02
 1.39224e-02
 8.44286e-03
 4.72113e-03
 2.42957e-03
 1.15232e-03
 5.15767e-04
 2.45919e-04
 1.66943e-04
 1.70852e-04
 3.37945e-04
 9.20420e-04
 2.46020e-03
 6.28849e-03
 1.54161e-02
 3.50861e-02
 5.66198e-02
 6.63460e-02
 6.55446e-02
 4.35663e-02
 1.49533e-02
 2.26374e-03
 1.35018e-04
 1.79479e-06
 1.41491e-02
 1.04929e-02
 7.19118e-03
 4.55573e-03
 2.66710e-03
 1.44440e-03
 7.31934e-04
 3.67462e-04
 2.17087e-04
 1.80457e-04
 2.19209e-04
 4.74339e-04
 1.21332e-03
 3.00821e-03
 7.11576e-03
 1.59939e-02
 3.28214e-02
 4.73173e-02
 5.29828e-02
 5.11794e-02
 3.24688e-02
 1.08039e-02
 1.59249e-03
 9.33607e-05
 1.22822e-06
part
         7
hexa8
 0.00000e+00
 0.00000e+00
 0.00000e+00
 0.00000e+00
 1.61793e-08
 2.28058e-07
 1.65400e-06
 8.60711e-06
 3.44423e-05
 1.10346e-04
 2.91091e-04
 6.41984e-04
 1.18313e-03
 1.80035e-03
 2.41407e-03
 3.08631e-03
 3.88030e-03
 4.86611e-03
 6.04748e-03
 7.15791e-03
 8.03770e-03
 8.55170e-03
 8.69355e-03
 8.11424e-03
 7.09016e-03
 0.00000e+00
 0.00000e+00
 0.00000e+00
 0.00000e+00
 0.00000e+00
 7.21072e-08
 5.65528e-07
 3.03953e-06
 1.24372e-05
 4.05308e-05
 1.08366e-04
 2.41662e-04
 4.41934e-04
 6.31898e-04
 8.08159e-04
 9.85993e-04
 1.18592e-03
 1.43875e-03
 1.77821e-03
 2.14868e-03
 2.46719e-03
 2.68890e-03
 2.78698e-03
 2.76881e-03
 2.43986e-03
 0.00000e+00
 0.00000e+00
 0.00000e+00
 0.00000e+00
 0.00000e+00
 1.65182e-08
 1.61416e-07
 9.18700e-07
 3.88297e-06
 1.29643e-05
 3.53981e-05
 8.09339e-05
 1.45214e-04
 1.98692e-04
 2.41198e-04
 2.78978e-04
 3.17697e-04
 3.66137e-04
 4.37557e-04
 5.39913e-04
 6.37546e-04
 7.15837e-04
 7.64382e-04
 7.80641e-04
 7.42644e-04
 0.00000e+00
 0.00000e+00
 0.00000e+00
 0.00000e+00
 0.00000e+00
 0.00000e+00
 3.36225e-08
 2.27509e-07
 1.01446e-06
 3.50855e-06
 9.85714e-06
 2.32007e-05
 4.13042e-05
 5.49931e-05
 6.38372e-05
 6.94367e-05
 7.39868e-05
 7.93736e-05
 8.97073e-05
 1.08998e-04
 1.33760e-04
 1.55515e-04
 1.72019e-04
 1.80981e-04
 1.82715e-04
 0.00000e+00
 0.00000e+00
 0.00000e+00
 0.00000e+00
 0.00000e+00
 0.00000e+00
 0.00000e+00
 4.05518e-08
 2.09447e-07
 7.68606e-07
 2.25123e-06
 5.48973e-06
 9.90167e-06
 1.30236e-05
 1.46350e-05
 1.51168e-05
 1.49391e-05
 1.46352e-05
 1.52159e-05
 1.74452e-05
 2.15266e-05
 2.63797e-05
 3.05064e-05
 3.35064e-05
 3.50532e-05
 0.00000e+00
 0.00000e+00
 0.00000e+00
 0.00000e+00
 0.00000e+00
 0.00000e+00
 0.00000e+00
 0.00000e+00
 2.92597e-08
 1.23408e-07
 3.97871e-07
 1.01662e-06
 1.92164e-06
 2.55409e-06
 2.84043e-06
 2.88457e-06
 2.60777e-06
 2.21965e-06
 2.12200e-06
 2.20479e-06
 2.55484e-06
 3.21544e-06
 4.00136e-06
 4.68386e-06
 5.25509e-06
 0.00000e+00
 0.00000e+00
 0.00000e+00
 0.00000e+00
 0.00000e+00
 0.00000e+00
 0.00000e+00
 0.00000e+00
 0.00000e+00
 9.48935e-09
 4.70364e-08
 1.31309e-07
 2.81492e-07
 3.91407e-07
 4.41516e-07
 4.48888e-07
 3.95381e-07
 2.81055e-07
 2.22103e-07
 2.07355e-07
 2.14530e-07
 2.55380e-07
 3.40218e-07
 4.62171e-07
 6.01900e-07
 0.00000e+00
 0.00000e+00
 0.00000e+00
 0.00000e+00
 0.00000e+00
 0.00000e+00
 0.00000e+00
 0.00000e+00
 0.00000e+00
 0.00000e+00
 0.00000e+00
 5.35591e-09
 2.55007e-08
 3.88789e-08
 4.55877e-08
 4.71165e-08
 4.28167e-08
 2.64399e-08
 1.33246e-08
 6.82253e-09
 4.70226e-09
 4.89968e-09
 9.47535e-09
 2.41987e-08
 5.68726e-08
 0.00000e+00
 0.00000e+00
 0.00000e+00
 0.00000e+00
 0.00000e+00
 0.00000e+00
 0.00000e+00
 0.00000e+00
 0.00000e+00
 0.00000e+00
 0.00000e+00
 0.00000e+00
 0.00000e+00
 0.00000e+00
 0.00000e+00
 0.00000e+00
 0.00000e+00
 0.00000e+00
 0.00000e+00
 0.00000e+00
 0.00000e+00
 0.00000e+00
 0.00000e+00
 0.00000e+00
 1.04319e-08
 0.00000e+00
 0.00000e+00
 0.00000e+00
 0.00000e+00
 0.00000e+00
 0.00000e+00
 0.00000e+00
 0.00000e+00
 0.00000e+00
 0.00000e+00
 0.00000e+00
 0.00000e+00
 0.00000e+00
 0.00000e+00
 0.00000e+00
 0.00000e+00
 0.00000e+00
 0.00000e+00
 0.00000e+00
 0.00000e+00
 0.00000e+00
 0.00000e+00
 0.00000e+00
 0.00000e+00
 9.17734e-09
 0.00000e+00
 0.00000e+00
 0.00000e+00
 0.00000e+00
 0.00000e+00
 0.00000e+00
 0.00000e+00
 0.00000e+00
 0.00000e+00
 0.00000e+00
 0.00000e+00
 0.00000e+00
 0.00000e+00
 0.00000e+00
 0.00000e+00
 0.00000e+00
 0.00000e+00
 0.00000e+00
 0.00000e+00
 0.00000e+00
 0.00000e+00
 0.00000e+00
 0.00000e+00
 0.00000e+00
 1.34018e-08
 0.00000e+00
 0.00000e+00
 0.00000e+00
 0.00000e+00
 0.00000e+00
 0.00000e+00
 0.00000e+00
 0.00000e+00
 0.00000e+00
 0.00000e+00
 0.00000e+00
 0.00000e+00
 0.00000e+00
 0.00000e+00
 0.00000e+00
 0.00000e+00
 0.00000e+00
 0.00000e+00
 0.00000e+00
 0.00000e+00
 0.00000e+00
 0.00000e+00
 0.00000e+00
 7.88317e-09
 1.82049e-08
 0.00000e+00
 0.00000e+00
 0.00000e+00
 0.00000e+00
 0.00000e+00
 0.00000e+00
 0.00000e+00
 0.00000e+00
 0.00000e+00
 0.00000e+00
 0.00000e+00
 0.00000e+00
 0.00000e+00
 0.00000e+00
 0.00000e+00
 0.00000e+00
 0.00000e+00
 0.00000e+00
 0.00000e+00
 0.00000e+00
 0.00000e+00
 0.00000e+00
 0.00000e+00
 0.00000e+00
 0.00000e+00
part
         8
hexa8
 5.94724e-03
 4.48570e-03
 3.19978e-03
 2.11246e-03
 1.29377e-03
 7.42597e-04
 4.15023e-04
 2.51410e-04
 1.93670e-04
 1.91637e-04
 2.92581e-04
 6.54992e-04
 1.55936e-03
 3.52878e-03
 7.62765e-03
 1.59419e-02
 2.92559e-02
 3.84662e-02
 4.15330e-02
 3.90362e-02
 2.28925e-02
 7.43062e-03
 1.05605e-03
 6.00312e-05
 7.61922e-07
 2.13266e-03
 1.65581e-03
 1.22411e-03
 8.39808e-04
 5.39844e-04
 3.35356e-04
 2.18197e-04
 1.68479e-04
 1.59859e-04
 2.01316e-04
 3.76974e-04
 8.29272e-04
 1.80053e-03
 3.75221e-03
 7.59911e-03
 1.52833e-02
 2.47539e-02
 3.02333e-02
 3.16537e-02
 2.84996e-02
 1.51950e-02
 4.75689e-03
 6.43310e-04
 3.49803e-05
 4.16780e-07
 6.38367e-04
 5.27211e-04
 4.00940e-04
 2.87502e-04
 1.98385e-04
 1.40528e-04
 1.12596e-04
 1.05958e-04
 1.24032e-04
 2.14349e-04
 4.40856e-04
 9.20187e-04
 1.86372e-03
 3.70860e-03
 7.29736e-03
 1.37747e-02
 1.97768e-02
 2.26882e-02
 2.30910e-02
 1.95714e-02
 9.41149e-03
 2.77064e-03
 3.52581e-04
 1.80951e-05
 1.90030e-07
 1.67720e-04
 1.39258e-04
 1.11830e-04
 8.63311e-05
 6.78640e-05
 5.85029e-05
 5.66250e-05
 6.71410e-05
 1.12252e-04
 2.21595e-04
 4.52736e-04
 9.12264e-04
 1.80857e-03
 3.51284e-03
 6.72028e-03
 1.14046e-02
 1.47638e-02
 1.60759e-02
 1.58858e-02
 1.22949e-02
 5.33296e-03
 1.42847e-03
 1.70242e-04
 8.10959e-06
 5.79444e-08
 3.52735e-05
 3.08972e-05
 2.70160e-05
 2.41207e-05
 2.29068e-05
 2.35151e-05
 3.06897e-05
 5.29723e-05
 1.04344e-04
 2.12505e-04
 4.29665e-04
 8.51482e-04
 1.64856e-03
 3.12402e-03
 5.75975e-03
 8.59213e-03
 1.01866e-02
 1.06452e-02
 1.00338e-02
 6.76278e-03
 2.69445e-03
 6.37645e-04
 7.03107e-05
 3.03582e-06
 0.00000e+00
 5.69162e-06
 5.91553e-06
 5.99770e-06
 6.35379e-06
 7.63820e-06
 1.16298e-05
 2.15917e-05
 4.38985e-05
 9.09266e-05
 1.86504e-04
 3.72910e-04
 7.27836e-04
 1.38597e-03
 2.59175e-03
 4.38149e-03
 5.73974e-03
 6.33211e-03
 6.38470e-03
 5.55006e-03
 3.11831e-03
 1.15832e-03
 2.37721e-04
 2.36808e-05
 8.94887e-07
 0.00000e+00
 7.77178e-07
 9.92058e-07
 1.30202e-06
 2.00848e-06
 3.66318e-06
 7.49816e-06
 1.60183e-05
 3.42362e-05
 7.19704e-05
 1.47027e-04
 2.91320e-04
 5.61703e-04
 1.05462e-03
 1.91595e-03
 2.78511e-03
 3.26250e-03
 3.41271e-03
 3.27835e-03
 2.44828e-03
 1.19025e-03
 3.91975e-04
 6.93041e-05
 6.03814e-06
 1.85960e-07
 0.00000e+00
 1.19425e-07
 2.34382e-07
 4.80778e-07
 1.05341e-06
 2.36144e-06
 5.27283e-06
 1.15616e-05
 2.47267e-05
 5.14703e-05
 1.03732e-04
 2.02470e-04
 3.84212e-04
 7.11004e-04
 1.11737e-03
 1.39073e-03
 1.50773e-03
 1.51050e-03
 1.29813e-03
 7.83437e-04
 3.40157e-04
 9.45339e-05
 1.41752e-05
 1.02805e-06
 0.00000e+00
 0.00000e+00
 4.58345e-08
 1.31749e-07
 3.27882e-07
 7.74401e-07
 1.77536e-06
 3.94500e-06
 8.44848e-06
 1.74231e-05
 3.46659e-05
 6.66824e-05
 1.24406e-04
 2.25539e-04
 3.57712e-04
 4.59547e-04
 5.11860e-04
 5.22291e-04
 4.71122e-04
 3.26726e-04
 1.69193e-04
 6.20675e-05
 1.39911e-05
 1.69685e-06
 7.95707e-08
 0.00000e+00
 0.00000e+00
 4.42750e-08
 1.23656e-07
 2.93758e-07
 6.69369e-07
 1.47283e-06
 3.08607e-06
 6.21070e-06
 1.19768e-05
 2.21437e-05
 3.90915e-05
 6.49072e-05
 9.11660e-05
 1.11680e-04
 1.21877e-04
 1.22925e-04
 1.04828e-04
 7.82294e-05
 4.63740e-05
 2.04756e-05
 6.14482e-06
 1.09169e-06
 9.42697e-08
 0.00000e+00
 0.00000e+00
 0.00000e+00
 5.22218e-08
 1.14737e-07
 2.66417e-07
 5.71425e-07
 1.16037e-06
 2.19957e-06
 3.84484e-06
 6.13270e-06
 9.06232e-06
 1.22104e-05
 1.46687e-05
 1.58802e-05
 1.59827e-05
 1.47804e-05
 1.32386e-05
 9.61789e-06
 6.10696e-06
 3.11678e-06
 1.15843e-06
 2.74099e-07
 2.95244e-08
 0.00000e+00
 0.00000e+00
 0.00000e+00
 0.00000e+00
 4.22105e-08
 8.68315e-08
 1.48130e-07
 2.04968e-07
 2.65611e-07
 3.55874e-07
 5.01547e-07
 6.19417e-07
 6.93397e-07
 7.63154e-07
 8.36637e-07
 8.68367e-07
 7.73734e-07
 6.09277e-07
 4.81323e-07
 3.13236e-07
 1.68268e-07
 6.76365e-08
 1.38630e-08
 0.00000e+00
 0.00000e+00
 0.00000e+00
 0.00000e+00
 0.00000e+00
 0.00000e+00
 0.00000e+00
 0.00000e+00
 0.00000e+00
 0.00000e+00
 0.00000e+00
 0.00000e+00
 0.00000e+00
 0.00000e+00
 0.00000e+00
 0.00000e+00
 0.00000e+00
 0.00000e+00
 0.00000e+00
 0.00000e+00
 0.00000e+00
 0.00000e+00
 0.00000e+00
 0.00000e+00
 0.00000e+00
 0.00000e+00
 0.00000e+00
 0.00000e+00
 0.00000e+00
 0.00000e+00
 0.00000e+00
