Materiau
part
         1
hexa8
 0.00000e+00
 0.00000e+00
 0.00000e+00
 0.00000e+00
 0.00000e+00
 0.00000e+00
 0.00000e+00
 0.00000e+00
 0.00000e+00
 0.00000e+00
 0.00000e+00
 0.00000e+00
 0.00000e+00
 0.00000e+00
 0.00000e+00
 0.00000e+00
 0.00000e+00
 0.00000e+00
 0.00000e+00
 0.00000e+00
 0.00000e+00
 0.00000e+00
 0.00000e+00
 0.00000e+00
 0.00000e+00
 0.00000e+00
 0.00000e+00
 0.00000e+00
 0.00000e+00
 0.00000e+00
 0.00000e+00
 0.00000e+00
 0.00000e+00
 0.00000e+00
 0.00000e+00
 0.00000e+00
 0.00000e+00
 0.00000e+00
 0.00000e+00
 0.00000e+00
 0.00000e+00
 0.00000e+00
 0.00000e+00
 0.00000e+00
 0.00000e+00
 0.00000e+00
 0.00000e+00
 0.00000e+00
 0.00000e+00
 0.00000e+00
 0.00000e+00
 0.00000e+00
 0.00000e+00
 0.00000e+00
 0.00000e+00
 0.00000e+00
 0.00000e+00
 0.00000e+00
 0.00000e+00
 0.00000e+00
 0.00000e+00
 0.00000e+00
 0.00000e+00
 0.00000e+00
 0.00000e+00
 0.00000e+00
 0.00000e+00
 0.00000e+00
 0.00000e+00
 0.00000e+00
 0.00000e+00
 4.27357e-08
 1.58745e-07
 4.41478e-07
 1.11691e-06
 0.00000e+00
 0.00000e+00
 0.00000e+00
 0.00000e+00
 0.00000e+00
 0.00000e+00
 0.00000e+00
 0.00000e+00
 0.00000e+00
 0.00000e+00
 0.00000e+00
 0.00000e+00
 0.00000e+00
 0.00000e+00
 0.00000e+00
 0.00000e+00
 4.14386e-08
 1.61316e-07
 4.84631e-07
 1.31480e-06
 3.26765e-06
 7.49694e-06
 1.59744e-05
 3.17927e-05
 5.94107e-05
 0.00000e+00
 0.00000e+00
 0.00000e+00
 0.00000e+00
 0.00000e+00
 0.00000e+00
 0.00000e+00
 0.00000e+00
 0.00000e+00
 0.00000e+00
 0.00000e+00
 0.00000e+00
 2.72144e-08
 1.44103e-07
 5.36459e-07
 1.76359e-06
 5.17151e-06
 1.36170e-05
 3.24940e-05
 7.09329e-05
 1.42802e-04
 2.67139e-04
 4.67660e-04
 7.70887e-04
 1.20180e-03
 0.00000e+00
 0.00000e+00
 0.00000e+00
 0.00000e+00
 0.00000e+00
 0.00000e+00
 0.00000e+00
 0.00000e+00
 0.00000e+00
 1.19472e-09
 9.46245e-08
 4.65850e-07
 1.95387e-06
 7.06440e-06
 2.22780e-05
 6.22034e-05
 1.55509e-04
 3.51591e-04
 7.25514e-04
 1.37789e-03
 2.42675e-03
 3.99070e-03
 6.16557e-03
 8.99737e-03
 1.24537e-02
 0.00000e+00
 0.00000e+00
 0.00000e+00
 0.00000e+00
 0.00000e+00
 0.00000e+00
 0.00000e+00
 0.00000e+00
 7.50009e-08
 4.77881e-07
 2.48390e-06
 1.07169e-05
 3.94961e-05
 1.26329e-04
 3.55259e-04
 8.88846e-04
 2.00004e-03
 4.08780e-03
 7.65857e-03
 1.32625e-02
 2.13851e-02
 3.22982e-02
 4.58602e-02
 6.13361e-02
 7.75541e-02
 0.00000e+00
 0.00000e+00
 0.00000e+00
 0.00000e+00
 0.00000e+00
 0.00000e+00
 7.47069e-09
 1.54642e-07
 1.10525e-06
 6.23538e-06
 2.90380e-05
 1.14172e-04
 3.85404e-04
 1.13333e-03
 2.94059e-03
 6.81042e-03
 1.42302e-02
 2.70954e-02
 4.74584e-02
 7.71092e-02
 1.16899e-01
 1.65497e-01
 2.14364e-01
 2.59674e-01
 2.97517e-01
 0.00000e+00
 0.00000e+00
 0.00000e+00
 0.00000e+00
 0.00000e+00
 0.00000e+00
 1.57296e-07
 1.34396e-06
 8.65669e-06
 4.51904e-05
 1.95961e-04
 7.19837e-04
 2.27630e-03
 6.28212e-03
 1.53083e-02
 3.32593e-02
 6.49334e-02
 1.14644e-01
 1.84211e-01
 2.67785e-01
 3.47556e-01
 4.14252e-01
 4.59293e-01
 4.84527e-01
 4.95008e-01
 0.00000e+00
 0.00000e+00
 0.00000e+00
 0.00000e+00
 0.00000e+00
 8.63573e-08
 9.53427e-07
 7.32322e-06
 4.42829e-05
 2.17658e-04
 8.89504e-04
 3.07714e-03
 9.14441e-03
 2.36315e-02
 5.36534e-02
 1.07937e-01
 1.93979e-01
 3.09309e-01
 4.18639e-01
 4.99837e-01
 5.43409e-01
 5.59489e-01
 5.61909e-01
 5.51936e-01
 5.31476e-01
 0.00000e+00
 0.00000e+00
 0.00000e+00
 0.00000e+00
 2.48242e-08
 4.10567e-07
 3.95456e-06
 2.87301e-05
 1.64967e-04
 7.70029e-04
 2.98467e-03
 9.76875e-03
 2.73733e-02
 6.64720e-02
 1.41505e-01
 2.66755e-01
 4.10861e-01
 5.18792e-01
 5.68680e-01
 5.81150e-01
 5.74356e-01
 5.38022e-01
 4.98098e-01
 4.48414e-01
 3.97227e-01
 0.00000e+00
 0.00000e+00
 0.00000e+00
 0.00000e+00
 1.02810e-07
 1.38099e-06
 1.26253e-05
 8.77895e-05
 4.82532e-04
 2.15392e-03
 7.97032e-03
 2.48511e-02
 6.61700e-02
 1.52072e-01
 3.03391e-01
 4.59108e-01
 5.51082e-01
 5.78635e-01
 5.75345e-01
 5.33066e-01
 4.61640e-01
 3.67337e-01
 2.82246e-01
 2.14186e-01
 1.67716e-01
part
         2
hexa8
 0.00000e+00
 0.00000e+00
 0.00000e+00
 0.00000e+00
 0.00000e+00
 0.00000e+00
 0.00000e+00
 0.00000e+00
 0.00000e+00
 0.00000e+00
 0.00000e+00
 0.00000e+00
 0.00000e+00
 0.00000e+00
 0.00000e+00
 0.00000e+00
 0.00000e+00
 0.00000e+00
 0.00000e+00
 0.00000e+00
 0.00000e+00
 0.00000e+00
 0.00000e+00
 0.00000e+00
 0.00000e+00
 0.00000e+00
 3.52114e-08
 9.66551e-08
 1.57064e-07
 2.10522e-07
 2.45880e-07
 2.57970e-07
 2.34624e-07
 1.88000e-07
 1.36888e-07
 8.68519e-08
 4.29996e-08
 1.10536e-08
 0.00000e+00
 0.00000e+00
 0.00000e+00
 0.00000e+00
 0.00000e+00
 0.00000e+00
 0.00000e+00
 0.00000e+00
 0.00000e+00
 0.00000e+00
 0.00000e+00
 0.00000e+00
 2.63442e-06
 5.12790e-06
 7.73754e-06
 1.00880e-05
 1.17703e-05
 1.25291e-05
 1.21941e-05
 1.05303e-05
 8.28750e-06
 6.08397e-06
 4.04994e-06
 2.41980e-06
 1.27783e-06
 5.82256e-07
 2.19781e-07
 6.07977e-08
 0.00000e+00
 0.00000e+00
 0.00000e+00
 0.00000e+00
 0.00000e+00
 0.00000e+00
 0.00000e+00
 0.00000e+00
 0.00000e+00
 1.04716e-04
 1.56444e-04
 2.03350e-04
 2.39761e-04
 2.60453e-04
 2.65410e-04
 2.38818e-04
 2.04916e-04
 1.59289e-04
 1.16505e-04
 7.80955e-05
 4.75033e-05
 2.58567e-05
 1.23467e-05
 5.02587e-06
 1.67033e-06
 4.21716e-07
 6.89232e-08
 0.00000e+00
 0.00000e+00
 0.00000e+00
 0.00000e+00
 0.00000e+00
 0.00000e+00
 0.00000e+00
 1.75214e-03
 2.27811e-03
 2.71416e-03
 3.00368e-03
 3.12572e-03
 3.05617e-03
 2.67401e-03
 2.26124e-03
 1.76597e-03
 1.29729e-03
 8.80695e-04
 5.47188e-04
 3.07063e-04
 1.52621e-04
 6.54588e-05
 2.32969e-05
 6.47622e-06
 1.27053e-06
 1.43366e-07
 0.00000e+00
 0.00000e+00
 0.00000e+00
 0.00000e+00
 0.00000e+00
 0.00000e+00
 1.60725e-02
 1.93505e-02
 2.17930e-02
 2.31711e-02
 2.35458e-02
 2.19156e-02
 1.95210e-02
 1.61135e-02
 1.27932e-02
 9.50230e-03
 6.56435e-03
 4.17847e-03
 2.42371e-03
 1.25406e-03
 5.66087e-04
 2.14690e-04
 6.46834e-05
 1.41204e-05
 1.88646e-06
 1.06699e-07
 0.00000e+00
 0.00000e+00
 0.00000e+00
 0.00000e+00
 0.00000e+00
 9.35113e-02
 1.07160e-01
 1.16290e-01
 1.20322e-01
 1.20131e-01
 1.09335e-01
 9.79364e-02
 8.08684e-02
 6.49129e-02
 4.92230e-02
 3.48147e-02
 2.27392e-02
 1.36777e-02
 7.37267e-03
 3.50590e-03
 1.41461e-03
 4.60167e-04
 1.10834e-04
 1.69306e-05
 1.18460e-06
 7.67097e-09
 0.00000e+00
 0.00000e+00
 0.00000e+00
 0.00000e+00
 3.24522e-01
 3.40235e-01
 3.46963e-01
 3.48102e-01
 3.39464e-01
 3.23922e-01
 3.02447e-01
 2.71664e-01
 2.34801e-01
 1.86773e-01
 1.38070e-01
 9.27187e-02
 5.78387e-02
 3.25999e-02
 1.63608e-02
 7.01627e-03
 2.45865e-03
 6.50327e-04
 1.12475e-04
 9.41900e-06
 2.26004e-07
 0.00000e+00
 0.00000e+00
 0.00000e+00
 0.00000e+00
 4.97040e-01
 4.92920e-01
 4.82965e-01
 4.74425e-01
 4.66311e-01
 4.56837e-01
 4.44662e-01
 4.30010e-01
 4.07957e-01
 3.77541e-01
 3.32169e-01
 2.68196e-01
 1.88450e-01
 1.12912e-01
 5.96666e-02
 2.71694e-02
 1.02461e-02
 2.96616e-03
 5.77255e-04
 5.72011e-05
 1.73251e-06
 0.00000e+00
 0.00000e+00
 0.00000e+00
 0.00000e+00
 5.13439e-01
 4.96692e-01
 4.83338e-01
 4.73824e-01
 4.67988e-01
 4.65133e-01
 4.63556e-01
 4.62692e-01
 4.58553e-01
 4.51009e-01
 4.37778e-01
 4.12161e-01
 3.63385e-01
 2.78878e-01
 1.74021e-01
 8.42146e-02
 3.42603e-02
 1.08319e-02
 2.36105e-03
 2.75488e-04
 1.03884e-05
 5.65586e-08
 0.00000e+00
 0.00000e+00
 0.00000e+00
 3.54373e-01
 3.22936e-01
 3.03890e-01
 2.95847e-01
 2.95739e-01
 3.16896e-01
 3.38184e-01
 3.71817e-01
 4.04146e-01
 4.32048e-01
 4.45144e-01
 4.49486e-01
 4.35282e-01
 4.05715e-01
 3.33108e-01
 2.11196e-01
 9.37906e-02
 3.24402e-02
 7.89261e-03
 1.08072e-03
 5.02082e-05
 4.08525e-07
 0.00000e+00
 0.00000e+00
 0.00000e+00
 1.39249e-01
 1.22731e-01
 1.13970e-01
 1.10839e-01
 1.13386e-01
 1.25869e-01
 1.41810e-01
 1.71260e-01
 2.09691e-01
 2.70077e-01
 3.39540e-01
 3.98939e-01
 4.31400e-01
 4.39350e-01
 4.18306e-01
 3.49252e-01
 2.12139e-01
 8.13496e-02
 2.20371e-02
 3.52805e-03
 1.99951e-04
 2.16905e-06
 0.00000e+00
 0.00000e+00
 0.00000e+00
part
         3
hexa8
 0.00000e+00
 0.00000e+00
 0.00000e+00
 0.00000e+00
 3.00817e-07
 3.73040e-06
 3.28754e-05
 2.20568e-04
 1.16869e-03
 5.02202e-03
 1.78613e-02
 5.34278e-02
 1.36011e-01
 2.96151e-01
 4.66264e-01
 5.56139e-01
 5.79230e-01
 5.61345e-01
 4.92935e-01
 3.71042e-01
 2.54033e-01
 1.62905e-01
 1.06006e-01
 7.29343e-02
 5.35523e-02
 0.00000e+00
 0.00000e+00
 0.00000e+00
 2.90258e-08
 7.10448e-07
 8.47111e-06
 7.26032e-05
 4.73314e-04
 2.43321e-03
 1.01296e-02
 3.48700e-02
 1.00933e-01
 2.48330e-01
 4.38249e-01
 5.47858e-01
 5.77482e-01
 5.58198e-01
 4.69464e-01
 3.19050e-01
 1.88257e-01
 1.05523e-01
 5.92992e-02
 3.41525e-02
 2.09342e-02
 1.40880e-02
 0.00000e+00
 0.00000e+00
 0.00000e+00
 7.41444e-08
 1.42730e-06
 1.66483e-05
 1.39804e-04
 8.91326e-04
 4.47142e-03
 1.81244e-02
 6.06909e-02
 1.71791e-01
 3.71313e-01
 5.20910e-01
 5.71568e-01
 5.65721e-01
 4.80240e-01
 3.09994e-01
 1.65999e-01
 8.41073e-02
 4.07975e-02
 1.96751e-02
 9.73303e-03
 5.17794e-03
 3.12219e-03
 0.00000e+00
 0.00000e+00
 0.00000e+00
 1.38011e-07
 2.50717e-06
 2.89018e-05
 2.39442e-04
 1.50248e-03
 7.40240e-03
 2.93957e-02
 9.59380e-02
 2.59879e-01
 4.61702e-01
 5.59392e-01
 5.73959e-01
 5.19542e-01
 3.48334e-01
 1.79119e-01
 8.41023e-02
 3.67037e-02
 1.52288e-02
 6.18243e-03
 2.55158e-03
 1.13875e-03
 5.97618e-04
 0.00000e+00
 0.00000e+00
 0.00000e+00
 2.19372e-07
 3.91512e-06
 4.49713e-05
 3.69959e-04
 2.29793e-03
 1.11772e-02
 4.37406e-02
 1.41180e-01
 3.49185e-01
 5.15508e-01
 5.71192e-01
 5.58774e-01
 4.29576e-01
 2.28433e-01
 1.04424e-01
 4.30331e-02
 1.62472e-02
 5.72351e-03
 1.92613e-03
 6.46144e-04
 2.36634e-04
 1.12511e-04
 0.00000e+00
 0.00000e+00
 0.00000e+00
 3.11032e-07
 5.50780e-06
 6.33688e-05
 5.21048e-04
 3.22249e-03
 1.55660e-02
 6.04344e-02
 1.93357e-01
 4.16100e-01
 5.46808e-01
 5.76442e-01
 5.25149e-01
 3.29425e-01
 1.54363e-01
 6.32924e-02
 2.30952e-02
 7.58485e-03
 2.26793e-03
 6.30267e-04
 1.75075e-04
 6.36668e-05
 4.38139e-05
 0.00000e+00
 0.00000e+00
 0.00000e+00
 3.89574e-07
 7.06951e-06
 8.33972e-05
 6.92214e-04
 4.25444e-03
 2.02875e-02
 7.76273e-02
 2.42444e-01
 4.60272e-01
 5.63534e-01
 5.73450e-01
 4.74364e-01
 2.51898e-01
 1.08293e-01
 4.04205e-02
 1.32601e-02
 3.84733e-03
 9.92839e-04
 2.35298e-04
 6.54061e-05
 4.02646e-05
 5.19108e-05
 0.00000e+00
 0.00000e+00
 0.00000e+00
 4.52482e-07
 8.48114e-06
 9.86119e-05
 8.12107e-04
 5.05750e-03
 2.45401e-02
 9.50604e-02
 2.88568e-01
 4.92738e-01
 5.73128e-01
 5.68068e-01
 4.22098e-01
 2.02961e-01
 8.18767e-02
 2.85178e-02
 8.63322e-03
 2.26946e-03
 5.18871e-04
 1.15675e-04
 5.05804e-05
 5.79154e-05
 1.40613e-04
 0.00000e+00
 0.00000e+00
 0.00000e+00
 4.37936e-07
 8.64511e-06
 1.08093e-04
 9.33651e-04
 5.88989e-03
 2.82486e-02
 1.07017e-01
 3.14605e-01
 5.11531e-01
 5.81046e-01
 5.61210e-01
 3.81133e-01
 1.74374e-01
 6.69435e-02
 2.19634e-02
 6.17035e-03
 1.48230e-03
 3.14501e-04
 8.35293e-05
 5.92620e-05
 1.12844e-04
 3.20764e-04
 0.00000e+00
 0.00000e+00
 0.00000e+00
 3.84794e-07
 8.07147e-06
 1.04264e-04
 9.22737e-04
 5.98175e-03
 2.97642e-02
 1.15554e-01
 3.35765e-01
 5.26108e-01
 5.88271e-01
 5.61189e-01
 3.57923e-01
 1.58430e-01
 5.90304e-02
 1.88369e-02
 5.19138e-03
 1.24954e-03
 2.79805e-04
 8.89830e-05
 7.73728e-05
 1.88386e-04
 5.62111e-04
 0.00000e+00
 0.00000e+00
 0.00000e+00
 2.98264e-07
 6.82683e-06
 9.30663e-05
 8.56727e-04
 5.70840e-03
 2.88999e-02
 1.13489e-01
 3.34869e-01
 5.33561e-01
 5.95824e-01
 5.66910e-01
 3.63905e-01
 1.61283e-01
 6.03527e-02
 1.94199e-02
 5.44473e-03
 1.35513e-03
 3.21448e-04
 1.10351e-04
 9.90937e-05
 2.38331e-04
 7.47774e-04
 0.00000e+00
 0.00000e+00
 0.00000e+00
 1.97552e-07
 5.12817e-06
 7.54182e-05
 7.33174e-04
 5.08482e-03
 2.65055e-02
 1.06409e-01
 3.24010e-01
 5.32261e-01
 6.04487e-01
 5.80075e-01
 3.86170e-01
 1.74240e-01
 6.67014e-02
 2.21721e-02
 6.54557e-03
 1.77351e-03
 4.76974e-04
 1.71250e-04
 1.31488e-04
 2.26886e-04
 7.05958e-04
part
         4
hexa8
 4.26535e-02
 3.67222e-02
 3.37952e-02
 3.28952e-02
 3.46457e-02
 3.95075e-02
 4.69547e-02
 6.00615e-02
 7.94419e-02
 1.11024e-01
 1.59218e-01
 2.34282e-01
 3.27641e-01
 4.02394e-01
 4.30208e-01
 4.12586e-01
 3.33479e-01
 1.73702e-01
 5.24115e-02
 9.75025e-03
 6.69025e-04
 9.60166e-06
 0.00000e+00
 0.00000e+00
 0.00000e+00
 1.06538e-02
 8.94916e-03
 8.16275e-03
 7.95843e-03
 8.66257e-03
 1.01957e-02
 1.28282e-02
 1.74525e-02
 2.50221e-02
 3.82239e-02
 6.09042e-02
 1.00675e-01
 1.68705e-01
 2.72318e-01
 3.73989e-01
 4.17390e-01
 3.95634e-01
 2.82764e-01
 1.08132e-01
 2.31112e-02
 1.91298e-03
 3.60588e-05
 5.19735e-08
 0.00000e+00
 0.00000e+00
 2.21618e-03
 1.80955e-03
 1.63419e-03
 1.59654e-03
 1.80184e-03
 2.19939e-03
 2.94136e-03
 4.29155e-03
 6.71331e-03
 1.12932e-02
 2.00703e-02
 3.73459e-02
 7.14496e-02
 1.36761e-01
 2.47859e-01
 3.59833e-01
 4.03305e-01
 3.57606e-01
 1.93518e-01
 4.74302e-02
 4.74809e-03
 1.16449e-04
 2.87907e-07
 0.00000e+00
 0.00000e+00
 3.94620e-04
 3.15344e-04
 2.84923e-04
 2.81041e-04
 3.27045e-04
 4.09235e-04
 5.77310e-04
 9.03341e-04
 1.55225e-03
 2.90332e-03
 5.80628e-03
 1.22578e-02
 2.68517e-02
 5.97771e-02
 1.31469e-01
 2.53257e-01
 3.57966e-01
 3.80943e-01
 2.73750e-01
 8.49223e-02
 1.03827e-02
 3.27451e-04
 1.18178e-06
 0.00000e+00
 0.00000e+00
 8.04180e-05
 7.56969e-05
 7.77873e-05
 8.43995e-05
 9.24239e-05
 9.83117e-05
 1.21919e-04
 1.77699e-04
 3.16794e-04
 6.54414e-04
 1.48830e-03
 3.60823e-03
 9.13524e-03
 2.36252e-02
 6.06517e-02
 1.48822e-01
 2.82766e-01
 3.65056e-01
 3.25744e-01
 1.34014e-01
 2.02919e-02
 8.10988e-04
 4.21585e-06
 0.00000e+00
 0.00000e+00
 4.69561e-05
 6.86958e-05
 8.72921e-05
 9.91601e-05
 1.01168e-04
 8.35796e-05
 7.27517e-05
 6.76094e-05
 7.74414e-05
 1.37316e-04
 3.40291e-04
 9.57844e-04
 2.84392e-03
 8.66281e-03
 2.62920e-02
 7.61765e-02
 1.93218e-01
 3.10531e-01
 3.43572e-01
 1.84011e-01
 3.59319e-02
 1.78726e-03
 1.32879e-05
 0.00000e+00
 0.00000e+00
 1.11707e-04
 2.02320e-04
 2.85138e-04
 3.39166e-04
 3.49351e-04
 2.44250e-04
 1.58319e-04
 8.97743e-05
 5.59459e-05
 4.80351e-05
 7.68826e-05
 2.30675e-04
 8.13481e-04
 2.95855e-03
 1.07304e-02
 3.73055e-02
 1.18243e-01
 2.57426e-01
 3.33218e-01
 2.27770e-01
 5.82765e-02
 3.53659e-03
 3.73268e-05
 0.00000e+00
 0.00000e+00
 3.27349e-04
 6.09289e-04
 8.87522e-04
 1.08792e-03
 1.14721e-03
 8.35013e-04
 5.39147e-04
 2.84668e-04
 1.22455e-04
 4.95372e-05
 3.35919e-05
 5.52120e-05
 2.15373e-04
 9.51625e-04
 4.18338e-03
 1.75000e-02
 6.61008e-02
 1.88568e-01
 2.85393e-01
 2.55028e-01
 8.34194e-02
 6.33269e-03
 9.41332e-05
 6.97744e-08
 0.00000e+00
 7.53878e-04
 1.48797e-03
 2.31523e-03
 2.96973e-03
 3.22672e-03
 2.49327e-03
 1.59278e-03
 8.45861e-04
 3.65850e-04
 1.26511e-04
 3.84586e-05
 2.36712e-05
 5.51067e-05
 2.90784e-04
 1.57541e-03
 8.01001e-03
 3.58906e-02
 1.30895e-01
 2.44919e-01
 2.63503e-01
 1.05715e-01
 1.03324e-02
 2.14423e-04
 3.19072e-07
 0.00000e+00
 1.42205e-03
 3.03461e-03
 5.22765e-03
 7.12682e-03
 8.04054e-03
 6.76457e-03
 4.23010e-03
 2.21216e-03
 9.53268e-04
 3.35349e-04
 9.42543e-05
 2.42082e-05
 1.86583e-05
 8.70042e-05
 5.86101e-04
 3.68233e-03
 1.98924e-02
 8.61803e-02
 2.05642e-01
 2.58302e-01
 1.23865e-01
 1.54822e-02
 4.43385e-04
 1.13852e-06
 0.00000e+00
 2.09529e-03
 5.12544e-03
 1.01674e-02
 1.50684e-02
 1.78491e-02
 1.63776e-02
 1.02848e-02
 5.25725e-03
 2.22806e-03
 7.78231e-04
 2.23772e-04
 5.11783e-05
 1.38448e-05
 2.85626e-05
 2.22004e-04
 1.73298e-03
 1.12044e-02
 5.61300e-02
 1.64957e-01
 2.27729e-01
 1.36421e-01
 2.15973e-02
 8.35429e-04
 3.62489e-06
 0.00000e+00
 2.36722e-03
 7.13587e-03
 1.68714e-02
 2.81327e-02
 3.53575e-02
 3.48189e-02
 2.28125e-02
 1.13647e-02
 4.73306e-03
 1.63453e-03
 4.68822e-04
 1.10911e-04
 2.01417e-05
 1.40161e-05
 9.13593e-05
 8.68588e-04
 6.59764e-03
 3.71331e-02
 1.29349e-01
 1.97486e-01
 1.42624e-01
 2.80759e-02
 1.43792e-03
 1.04248e-05
 0.00000e+00
part
         5
hexa8
 0.00000e+00
 0.00000e+00
 0.00000e+00
 9.66231e-08
 3.23459e-06
 5.44112e-05
 5.70384e-04
 4.17601e-03
 2.26707e-02
 9.42373e-02
 2.99645e-01
 5.24377e-01
 6.15653e-01
 5.99824e-01
 4.28019e-01
 2.02248e-01
 8.10772e-02
 2.86634e-02
 9.25350e-03
 2.87000e-03
 9.35060e-04
 3.79807e-04
 2.40931e-04
 2.46930e-04
 4.88632e-04
 0.00000e+00
 0.00000e+00
 0.00000e+00
 2.85181e-08
 1.68782e-06
 3.31899e-05
 3.95407e-04
 3.15067e-03
 1.80922e-02
 7.85004e-02
 2.62207e-01
 5.03822e-01
 6.17391e-01
 6.22744e-01
 4.86762e-01
 2.53130e-01
 1.08733e-01
 4.22323e-02
 1.54794e-02
 5.70772e-03
 2.32357e-03
 1.17245e-03
 7.95482e-04
 7.22098e-04
 9.03597e-04
 0.00000e+00
 0.00000e+00
 0.00000e+00
 0.00000e+00
 8.26105e-07
 1.90517e-05
 2.53155e-04
 2.18325e-03
 1.33737e-02
 6.14164e-02
 2.15816e-01
 4.64229e-01
 6.10892e-01
 6.47425e-01
 5.54280e-01
 3.34885e-01
 1.58442e-01
 6.93994e-02
 2.95363e-02
 1.30450e-02
 6.48546e-03
 3.94467e-03
 3.07117e-03
 3.19513e-03
 4.32987e-03
 0.00000e+00
 0.00000e+00
 0.00000e+00
 0.00000e+00
 3.77923e-07
 1.02570e-05
 1.52003e-04
 1.42098e-03
 9.22074e-03
 4.43470e-02
 1.65249e-01
 4.01702e-01
 5.89577e-01
 6.52850e-01
 6.15769e-01
 4.43028e-01
 2.44465e-01
 1.21154e-01
 5.97386e-02
 3.09882e-02
 1.80162e-02
 1.24680e-02
 1.06109e-02
 1.16962e-02
 1.55669e-02
 0.00000e+00
 0.00000e+00
 0.00000e+00
 0.00000e+00
 1.60000e-07
 5.15272e-06
 8.51994e-05
 8.64078e-04
 5.94643e-03
 2.99438e-02
 1.15496e-01
 3.20118e-01
 5.42334e-01
 6.44878e-01
 6.55013e-01
 5.62910e-01
 3.77203e-01
 2.13661e-01
 1.20763e-01
 7.16868e-02
 4.69764e-02
 3.55267e-02
 3.19134e-02
 3.51309e-02
 4.48544e-02
 0.00000e+00
 0.00000e+00
 0.00000e+00
 0.00000e+00
 5.90651e-08
 2.40051e-06
 4.43899e-05
 4.88279e-04
 3.56649e-03
 1.87974e-02
 7.51372e-02
 2.30264e-01
 4.57920e-01
 6.13511e-01
 6.60560e-01
 6.37193e-01
 5.35061e-01
 3.68830e-01
 2.34566e-01
 1.55923e-01
 1.12237e-01
 9.04526e-02
 8.41602e-02
 9.10422e-02
 1.10808e-01
 0.00000e+00
 0.00000e+00
 0.00000e+00
 0.00000e+00
 1.00453e-08
 1.02905e-06
 2.13968e-05
 2.55067e-04
 1.97764e-03
 1.09044e-02
 4.52467e-02
 1.46383e-01
 3.41828e-01
 5.41526e-01
 6.42988e-01
 6.58202e-01
 6.31892e-01
 5.52305e-01
 4.27321e-01
 3.11892e-01
 2.42593e-01
 2.05227e-01
 1.95324e-01
 2.07413e-01
 2.40825e-01
 0.00000e+00
 0.00000e+00
 0.00000e+00
 0.00000e+00
 0.00000e+00
 4.05104e-07
 9.49022e-06
 1.22519e-04
 1.00801e-03
 5.81169e-03
 2.50376e-02
 8.44411e-02
 2.15911e-01
 4.15218e-01
 5.80037e-01
 6.44519e-01
 6.53392e-01
 6.38918e-01
 5.97643e-01
 5.31223e-01
 4.61988e-01
 4.10668e-01
 3.95832e-01
 4.11844e-01
 4.50069e-01
 0.00000e+00
 0.00000e+00
 0.00000e+00
 0.00000e+00
 0.00000e+00
 1.46411e-07
 3.84884e-06
 5.38067e-05
 4.69537e-04
 2.82942e-03
 1.26448e-02
 4.41536e-02
 1.19406e-01
 2.61281e-01
 4.46813e-01
 5.78174e-01
 6.32890e-01
 6.45468e-01
 6.42201e-01
 6.31338e-01
 6.14272e-01
 5.96005e-01
 5.85302e-01
 5.88182e-01
 5.94120e-01
 0.00000e+00
 0.00000e+00
 0.00000e+00
 0.00000e+00
 0.00000e+00
 4.62419e-08
 1.41296e-06
 2.14655e-05
 1.98642e-04
 1.25069e-03
 5.79153e-03
 2.08619e-02
 5.91463e-02
 1.36383e-01
 2.68488e-01
 4.28784e-01
 5.44353e-01
 6.03035e-01
 6.25836e-01
 6.33024e-01
 6.32131e-01
 6.29013e-01
 6.24592e-01
 6.19057e-01
 6.10485e-01
 0.00000e+00
 0.00000e+00
 0.00000e+00
 0.00000e+00
 0.00000e+00
 8.01753e-10
 4.62377e-07
 7.72425e-06
 7.58114e-05
 4.98632e-04
 2.39024e-03
 8.86404e-03
 2.61230e-02
 6.29312e-02
 1.28633e-01
 2.32325e-01
 3.61930e-01
 4.69468e-01
 5.34363e-01
 5.70959e-01
 5.89726e-01
 5.93510e-01
 5.90111e-01
 5.80191e-01
 5.60179e-01
 0.00000e+00
 0.00000e+00
 0.00000e+00
 0.00000e+00
 0.00000e+00
 0.00000e+00
 1.36651e-07
 2.48823e-06
 2.59035e-05
 1.77985e-04
 8.82673e-04
 3.36593e-03
 1.02438e-02
 2.55868e-02
 5.41042e-02
 1.00004e-01
 1.64458e-01
 2.50269e-01
 3.40434e-01
 4.01331e-01
 4.44088e-01
 4.63193e-01
 4.59137e-01
 4.42221e-01
 4.07449e-01
 0.00000e+00
 0.00000e+00
 0.00000e+00
 0.00000e+00
 0.00000e+00
 0.00000e+00
 3.38830e-08
 7.06813e-07
 7.85329e-06
 5.64120e-05
 2.89361e-04
 1.13381e-03
 3.54689e-03
 9.12685e-03
 1.98738e-02
 3.76433e-02
 6.33792e-02
 9.71913e-02
 1.35983e-01
 1.75739e-01
 2.12667e-01
 2.36814e-01
 2.32890e-01
 2.16019e-01
 1.85295e-01
part
         6
hexa8
 2.19872e-03
 8.87321e-03
 2.45945e-02
 4.71815e-02
 6.31812e-02
 6.47102e-02
 4.57834e-02
 2.23056e-02
 9.10435e-03
 3.12245e-03
 8.93710e-04
 2.13645e-04
 4.11985e-05
 1.17981e-05
 4.56310e-05
 4.87845e-04
 4.18132e-03
 2.56062e-02
 1.00338e-01
 1.71962e-01
 1.43635e-01
 3.39572e-02
 2.26439e-03
 2.71277e-05
 0.00000e+00
 3.23302e-03
 1.27012e-02
 3.57139e-02
 7.42672e-02
 1.03520e-01
 1.06776e-01
 8.14753e-02
 3.98063e-02
 1.58261e-02
 5.40656e-03
 1.55481e-03
 3.76254e-04
 7.50639e-05
 1.45320e-05
 3.03513e-05
 3.18194e-04
 2.90036e-03
 1.86880e-02
 7.80260e-02
 1.48366e-01
 1.36481e-01
 3.85125e-02
 3.14469e-03
 6.38880e-05
 8.10979e-08
 9.32361e-03
 2.45990e-02
 5.89383e-02
 1.16872e-01
 1.60448e-01
 1.63222e-01
 1.25254e-01
 6.07872e-02
 2.36486e-02
 7.97721e-03
 2.28527e-03
 5.56057e-04
 1.13094e-04
 2.06991e-05
 2.48245e-05
 2.31536e-04
 2.16072e-03
 1.42795e-02
 6.17244e-02
 1.27185e-01
 1.19629e-01
 4.09618e-02
 3.90013e-03
 1.14849e-04
 3.70957e-07
 2.65232e-02
 5.28199e-02
 1.05805e-01
 1.89053e-01
 2.37435e-01
 2.27794e-01
 1.66693e-01
 7.93996e-02
 3.06653e-02
 1.02387e-02
 2.91598e-03
 7.09577e-04
 1.45773e-04
 2.55917e-05
 2.20769e-05
 1.79021e-04
 1.68878e-03
 1.13154e-02
 4.99122e-02
 1.08857e-01
 1.05455e-01
 4.15889e-02
 4.41618e-03
 1.60752e-04
 8.32243e-07
 6.70151e-02
 1.12091e-01
 1.94604e-01
 2.92465e-01
 3.14127e-01
 2.84628e-01
 1.98608e-01
 9.25173e-02
 3.55354e-02
 1.17211e-02
 3.30846e-03
 8.02278e-04
 1.65480e-04
 2.87506e-05
 2.01620e-05
 1.46681e-04
 1.38225e-03
 9.28706e-03
 4.12799e-02
 9.32088e-02
 9.25702e-02
 4.04339e-02
 4.66190e-03
 1.97448e-04
 1.41517e-06
 1.51130e-01
 2.26049e-01
 3.33820e-01
 3.87377e-01
 3.79849e-01
 3.24001e-01
 2.14363e-01
 9.77629e-02
 3.73482e-02
 1.21715e-02
 3.40400e-03
 8.21388e-04
 1.69480e-04
 2.94647e-05
 1.83704e-05
 1.26842e-04
 1.18251e-03
 7.88233e-03
 3.48940e-02
 7.99052e-02
 8.04804e-02
 3.61943e-02
 4.68855e-03
 2.19634e-04
 1.97250e-06
 3.04034e-01
 3.96484e-01
 4.58103e-01
 4.58966e-01
 4.22581e-01
 3.39561e-01
 2.14225e-01
 9.31339e-02
 3.33915e-02
 1.02358e-02
 2.73505e-03
 6.44476e-04
 1.33102e-04
 2.35637e-05
 1.65340e-05
 1.15303e-04
 1.05511e-03
 6.90528e-03
 3.01031e-02
 6.85576e-02
 6.92510e-02
 3.19296e-02
 4.36461e-03
 2.26507e-04
 2.39458e-06
 5.05992e-01
 5.33316e-01
 5.28604e-01
 4.98321e-01
 4.33533e-01
 3.22256e-01
 1.68603e-01
 6.61433e-02
 2.30726e-02
 7.13877e-03
 1.95462e-03
 4.72284e-04
 9.89235e-05
 1.80799e-05
 1.49640e-05
 1.09724e-04
 9.79315e-04
 6.22968e-03
 2.64507e-02
 5.87880e-02
 5.89184e-02
 2.75186e-02
 3.78141e-03
 2.16688e-04
 2.59069e-06
 5.93348e-01
 5.81044e-01
 5.50237e-01
 4.91411e-01
 3.90083e-01
 2.38451e-01
 1.07826e-01
 4.26796e-02
 1.49207e-02
 4.62029e-03
 1.26717e-03
 3.07098e-04
 6.42412e-05
 1.24235e-05
 1.36512e-05
 1.08352e-04
 9.41863e-04
 5.77216e-03
 2.36092e-02
 5.02513e-02
 4.94714e-02
 2.26805e-02
 3.19511e-03
 1.88447e-04
 2.53849e-06
 5.94162e-01
 5.61882e-01
 5.03773e-01
 4.08487e-01
 2.72968e-01
 1.39092e-01
 6.16938e-02
 2.41413e-02
 8.38382e-03
 2.58844e-03
 7.09951e-04
 1.72373e-04
 3.58814e-05
 7.88857e-06
 1.29283e-05
 1.14212e-04
 9.31766e-04
 5.47645e-03
 2.13350e-02
 4.26617e-02
 4.08632e-02
 1.81334e-02
 2.55014e-03
 1.54711e-04
 2.23751e-06
 5.23778e-01
 4.62748e-01
 3.71009e-01
 2.55127e-01
 1.41853e-01
 6.92707e-02
 3.00264e-02
 1.16084e-02
 4.00860e-03
 1.23559e-03
 3.39272e-04
 8.24768e-05
 1.70018e-05
 4.90626e-06
 1.33803e-05
 1.24725e-04
 9.59166e-04
 5.30297e-03
 1.94429e-02
 3.57846e-02
 3.30532e-02
 1.39176e-02
 1.94053e-03
 1.19156e-04
 1.80468e-06
 3.50971e-01
 2.75619e-01
 1.90032e-01
 1.12211e-01
 5.94729e-02
 2.83464e-02
 1.21423e-02
 4.66933e-03
 1.60957e-03
 4.96316e-04
 1.36542e-04
 3.31259e-05
 6.81185e-06
 3.31504e-06
 1.55904e-05
 1.42735e-04
 1.02069e-03
 5.21535e-03
 1.77772e-02
 2.94520e-02
 2.60214e-02
 1.01841e-02
 1.39329e-03
 8.58915e-05
 1.33418e-06
 1.45974e-01
 1.04149e-01
 6.67325e-02
 3.87165e-02
 2.02853e-02
 9.58589e-03
 4.08051e-03
 1.56258e-03
 5.37356e-04
 1.65576e-04
 4.55645e-05
 1.09207e-05
 2.45758e-06
 2.68092e-06
 1.95383e-05
 1.68680e-04
 1.10025e-03
 5.18107e-03
 1.61496e-02
 2.36474e-02
 1.97763e-02
 7.03792e-03
 9.37216e-04
 5.73370e-05
 8.98461e-07
part
         7
hexa8
 0.00000e+00
 0.00000e+00
 0.00000e+00
 0.00000e+00
 0.00000e+00
 0.00000e+00
 0.00000e+00
 1.73656e-07
 2.09295e-06
 1.57288e-05
 8.34554e-05
 3.35865e-04
 1.07669e-03
 2.84001e-03
 6.33727e-03
 1.22675e-02
 2.10383e-02
 3.25226e-02
 4.58753e-02
 5.89538e-02
 7.16461e-02
 7.98143e-02
 7.78733e-02
 7.10220e-02
 5.95188e-02
 0.00000e+00
 0.00000e+00
 0.00000e+00
 0.00000e+00
 0.00000e+00
 0.00000e+00
 0.00000e+00
 3.60827e-08
 4.81747e-07
 3.81375e-06
 2.09559e-05
 8.66160e-05
 2.83990e-04
 7.65121e-04
 1.74207e-03
 3.43298e-03
 5.97100e-03
 9.30436e-03
 1.32021e-02
 1.69179e-02
 2.06546e-02
 2.25081e-02
 2.17230e-02
 1.94469e-02
 1.58799e-02
 0.00000e+00
 0.00000e+00
 0.00000e+00
 0.00000e+00
 0.00000e+00
 0.00000e+00
 0.00000e+00
 0.00000e+00
 9.27200e-08
 7.93646e-07
 4.52457e-06
 1.92152e-05
 6.43713e-05
 1.76703e-04
 4.09121e-04
 8.17752e-04
 1.43749e-03
 2.25376e-03
 3.21537e-03
 4.09875e-03
 5.03004e-03
 5.30093e-03
 5.04301e-03
 4.41050e-03
 3.48910e-03
 0.00000e+00
 0.00000e+00
 0.00000e+00
 0.00000e+00
 0.00000e+00
 0.00000e+00
 0.00000e+00
 0.00000e+00
 1.01965e-08
 1.34514e-07
 8.25343e-07
 3.61392e-06
 1.23680e-05
 3.45381e-05
 8.11063e-05
 1.63926e-04
 2.90329e-04
 4.56746e-04
 6.54744e-04
 8.26912e-04
 1.01650e-03
 1.02876e-03
 9.62241e-04
 8.18782e-04
 6.23758e-04
 0.00000e+00
 0.00000e+00
 0.00000e+00
 0.00000e+00
 0.00000e+00
 0.00000e+00
 0.00000e+00
 0.00000e+00
 0.00000e+00
 1.57288e-08
 1.20952e-07
 5.62959e-07
 1.97814e-06
 5.61874e-06
 1.33592e-05
 2.72333e-05
 4.84564e-05
 7.62607e-05
 1.09644e-04
 1.36577e-04
 1.65292e-04
 1.63220e-04
 1.48709e-04
 1.21975e-04
 8.85210e-05
 0.00000e+00
 0.00000e+00
 0.00000e+00
 0.00000e+00
 0.00000e+00
 0.00000e+00
 0.00000e+00
 0.00000e+00
 0.00000e+00
 0.00000e+00
 9.10281e-09
 6.52303e-08
 2.53589e-07
 7.42213e-07
 1.78851e-06
 3.67156e-06
 6.54678e-06
 1.02755e-05
 1.46647e-05
 1.82479e-05
 2.12528e-05
 2.05282e-05
 1.80738e-05
 1.41636e-05
 9.55397e-06
 0.00000e+00
 0.00000e+00
 0.00000e+00
 0.00000e+00
 0.00000e+00
 0.00000e+00
 0.00000e+00
 0.00000e+00
 0.00000e+00
 0.00000e+00
 0.00000e+00
 0.00000e+00
 2.06234e-08
 7.28400e-08
 1.84946e-07
 3.87093e-07
 6.93475e-07
 1.08390e-06
 1.51517e-06
 1.91841e-06
 2.09813e-06
 1.97373e-06
 1.66546e-06
 1.23158e-06
 7.48758e-07
 0.00000e+00
 0.00000e+00
 0.00000e+00
 0.00000e+00
 0.00000e+00
 0.00000e+00
 0.00000e+00
 0.00000e+00
 0.00000e+00
 0.00000e+00
 0.00000e+00
 0.00000e+00
 0.00000e+00
 0.00000e+00
 6.82278e-09
 2.27759e-08
 4.87242e-08
 8.03097e-08
 1.12069e-07
 1.44788e-07
 1.46815e-07
 1.33009e-07
 1.04888e-07
 6.92978e-08
 3.09481e-08
 0.00000e+00
 0.00000e+00
 0.00000e+00
 0.00000e+00
 0.00000e+00
 0.00000e+00
 0.00000e+00
 0.00000e+00
 0.00000e+00
 0.00000e+00
 0.00000e+00
 0.00000e+00
 0.00000e+00
 0.00000e+00
 0.00000e+00
 0.00000e+00
 0.00000e+00
 0.00000e+00
 0.00000e+00
 0.00000e+00
 0.00000e+00
 0.00000e+00
 0.00000e+00
 0.00000e+00
 0.00000e+00
 0.00000e+00
 0.00000e+00
 0.00000e+00
 0.00000e+00
 0.00000e+00
 0.00000e+00
 0.00000e+00
 0.00000e+00
 0.00000e+00
 0.00000e+00
 0.00000e+00
 0.00000e+00
 0.00000e+00
 0.00000e+00
 0.00000e+00
 0.00000e+00
 0.00000e+00
 0.00000e+00
 0.00000e+00
 0.00000e+00
 0.00000e+00
 0.00000e+00
 0.00000e+00
 0.00000e+00
 0.00000e+00
 0.00000e+00
 0.00000e+00
 0.00000e+00
 0.00000e+00
 0.00000e+00
 0.00000e+00
 0.00000e+00
 0.00000e+00
 0.00000e+00
 0.00000e+00
 0.00000e+00
 0.00000e+00
 0.00000e+00
 0.00000e+00
 0.00000e+00
 0.00000e+00
 0.00000e+00
 0.00000e+00
 0.00000e+00
 0.00000e+00
 0.00000e+00
 0.00000e+00
 0.00000e+00
 0.00000e+00
 0.00000e+00
 0.00000e+00
 0.00000e+00
 0.00000e+00
 0.00000e+00
 0.00000e+00
 0.00000e+00
 0.00000e+00
 0.00000e+00
 0.00000e+00
 0.00000e+00
 0.00000e+00
 0.00000e+00
 0.00000e+00
 0.00000e+00
 0.00000e+00
 0.00000e+00
 0.00000e+00
 0.00000e+00
 0.00000e+00
 0.00000e+00
 0.00000e+00
 0.00000e+00
 0.00000e+00
 2.70356e-10
 1.43013e-09
 0.00000e+00
 0.00000e+00
 0.00000e+00
 0.00000e+00
 0.00000e+00
 0.00000e+00
 0.00000e+00
 0.00000e+00
 0.00000e+00
 0.00000e+00
 0.00000e+00
 0.00000e+00
 0.00000e+00
 0.00000e+00
 0.00000e+00
 0.00000e+00
 0.00000e+00
 0.00000e+00
 0.00000e+00
 0.00000e+00
 0.00000e+00
 0.00000e+00
 0.00000e+00
 0.00000e+00
 0.00000e+00
part
         8
hexa8
 4.56995e-02
 3.14251e-02
 1.95567e-02
 1.10932e-02
 5.71511e-03
 2.66644e-03
 1.12422e-03
 4.27536e-04
 1.46336e-04
 4.49711e-05
 1.23180e-05
 2.88086e-06
 1.02316e-06
 2.91968e-06
 2.63946e-05
 2.06009e-04
 1.22319e-03
 5.17362e-03
 1.41738e-02
 1.83883e-02
 1.43446e-02
 4.53594e-03
 5.85141e-04
 3.51304e-05
 5.42763e-07
 1.17582e-02
 7.74746e-03
 4.68637e-03
 2.59290e-03
 1.30766e-03
 5.99436e-04
 2.49191e-04
 9.37247e-05
 3.18114e-05
 9.71106e-06
 2.60097e-06
 6.46742e-07
 6.64023e-07
 4.27839e-06
 3.69590e-05
 2.56620e-04
 1.35287e-03
 5.10189e-03
 1.19355e-02
 1.37098e-02
 9.77092e-03
 2.68314e-03
 3.34981e-04
 1.95034e-05
 2.87472e-07
 2.45976e-03
 1.55611e-03
 9.07322e-04
 4.85819e-04
 2.38114e-04
 1.06538e-04
 4.33976e-05
 1.60471e-05
 5.37016e-06
 1.60624e-06
 4.10283e-07
 2.33953e-07
 8.19858e-07
 7.05022e-06
 5.33501e-05
 3.24180e-04
 1.47956e-03
 4.93303e-03
 9.40392e-03
 9.66063e-03
 6.09826e-03
 1.43320e-03
 1.73024e-04
 9.62808e-06
 1.23144e-07
 4.13542e-04
 2.48610e-04
 1.38358e-04
 7.10517e-05
 3.35660e-05
 1.45400e-05
 5.75397e-06
 2.07227e-06
 6.73741e-07
 1.86964e-07
 8.49236e-08
 1.97453e-07
 1.57785e-06
 1.20670e-05
 7.80846e-05
 4.06330e-04
 1.57884e-03
 4.52041e-03
 6.74815e-03
 6.30927e-03
 3.34916e-03
 6.90246e-04
 7.87587e-05
 4.10681e-06
 2.87866e-08
 5.40878e-05
 3.05813e-05
 1.61009e-05
 7.85564e-06
 3.53926e-06
 1.46431e-06
 5.52764e-07
 1.88445e-07
 5.42908e-08
 2.67972e-08
 6.04053e-08
 4.51396e-07
 3.28889e-06
 2.09977e-05
 1.14462e-04
 4.87199e-04
 1.62763e-03
 3.63032e-03
 4.37364e-03
 3.65533e-03
 1.55283e-03
 2.86898e-04
 3.01867e-05
 1.44564e-06
 0.00000e+00
 5.35371e-06
 2.80894e-06
 1.37383e-06
 6.20549e-07
 2.58555e-07
 9.84447e-08
 3.23990e-08
 8.81280e-09
 6.30983e-09
 2.31217e-08
 1.74826e-07
 1.16742e-06
 6.92993e-06
 3.63922e-05
 1.56008e-04
 5.42739e-04
 1.52373e-03
 2.44447e-03
 2.47930e-03
 1.76355e-03
 5.66785e-04
 9.50204e-05
 9.14059e-06
 3.85711e-07
 0.00000e+00
 3.76950e-07
 1.77431e-07
 7.61206e-08
 2.47375e-08
 0.00000e+00
 0.00000e+00
 1.79815e-10
 1.79718e-09
 1.43085e-08
 9.51851e-08
 5.64085e-07
 3.01226e-06
 1.43603e-05
 5.76813e-05
 1.90971e-04
 5.53877e-04
 1.10091e-03
 1.30458e-03
 1.15210e-03
 6.19840e-04
 1.51169e-04
 2.29168e-05
 1.94879e-06
 6.22789e-08
 0.00000e+00
 0.00000e+00
 0.00000e+00
 0.00000e+00
 0.00000e+00
 0.00000e+00
 2.31009e-10
 2.00098e-09
 1.27080e-08
 7.21012e-08
 3.76211e-07
 1.76717e-06
 7.47766e-06
 2.62832e-05
 7.67720e-05
 2.06123e-04
 4.22812e-04
 5.50832e-04
 5.28216e-04
 3.65513e-04
 1.23908e-04
 2.45078e-05
 3.11723e-06
 2.19804e-07
 0.00000e+00
 0.00000e+00
 0.00000e+00
 0.00000e+00
 0.00000e+00
 0.00000e+00
 4.31259e-10
 3.22177e-09
 1.70316e-08
 7.88835e-08
 3.39691e-07
 1.40212e-06
 4.89616e-06
 1.43300e-05
 3.68569e-05
 8.39479e-05
 1.52771e-04
 1.80365e-04
 1.71150e-04
 1.24904e-04
 4.57406e-05
 8.68803e-06
 1.05545e-06
 6.86692e-08
 0.00000e+00
 0.00000e+00
 0.00000e+00
 0.00000e+00
 0.00000e+00
 1.65920e-10
 1.31139e-09
 7.17561e-09
 3.47531e-08
 1.32853e-07
 4.43707e-07
 1.32742e-06
 3.42346e-06
 8.19022e-06
 1.89439e-05
 3.86225e-05
 4.50315e-05
 4.41578e-05
 3.56385e-05
 1.66563e-05
 3.94182e-06
 6.49089e-07
 6.45106e-08
 0.00000e+00
 0.00000e+00
 0.00000e+00
 0.00000e+00
 0.00000e+00
 1.94433e-10
 1.34215e-09
 5.86303e-09
 2.09897e-08
 6.52414e-08
 1.79257e-07
 4.64754e-07
 1.13062e-06
 2.57710e-06
 4.91957e-06
 5.55650e-06
 5.34652e-06
 4.33446e-06
 2.25417e-06
 6.59248e-07
 1.41385e-07
 0.00000e+00
 0.00000e+00
 0.00000e+00
 0.00000e+00
 0.00000e+00
 0.00000e+00
 0.00000e+00
 0.00000e+00
 0.00000e+00
 4.98290e-09
 1.43688e-08
 3.63468e-08
 8.19575e-08
 1.60764e-07
 2.06249e-07
 2.05193e-07
 1.80622e-07
 1.18233e-07
 2.35733e-08
 0.00000e+00
 0.00000e+00
 0.00000e+00
 0.00000e+00
 0.00000e+00
 0.00000e+00
 0.00000e+00
 0.00000e+00
 0.00000e+00
 0.00000e+00
 0.00000e+00
 0.00000e+00
 0.00000e+00
 0.00000e+00
 0.00000e+00
 0.00000e+00
 0.00000e+00
 0.00000e+00
 0.00000e+00
 0.00000e+00
 0.00000e+00
 0.00000e+00
 0.00000e+00
 0.00000e+00
 0.00000e+00
 0.00000e+00
 0.00000e+00
 0.00000e+00
 0.00000e+00
 0.00000e+00
 0.00000e+00
 0.00000e+00
 0.00000e+00
 0.00000e+00
 0.00000e+00
 0.00000e+00
 0.00000e+00
 0.00000e+00
 0.00000e+00
 0.00000e+00
