Pressure
part
         1
hexa8
 1.00000e+00
 1.00000e+00
 1.00000e+00
 1.00000e+00
 1.00000e+00
 1.00000e+00
 1.00000e+00
 1.00000e+00
 1.00000e+00
 1.00000e+00
 1.00000e+00
 1.00000e+00
 1.00000e+00
 1.00000e+00
 1.00000e+00
 9.99999e-01
 9.99996e-01
 9.99972e-01
 9.99837e-01
 9.99149e-01
 9.96184e-01
 9.86281e-01
 9.62957e-01
 9.24511e-01
 8.76825e-01
 1.00000e+00
 1.00000e+00
 1.00000e+00
 1.00000e+00
 1.00000e+00
 1.00000e+00
 1.00000e+00
 1.00000e+00
 1.00000e+00
 1.00000e+00
 1.00000e+00
 1.00000e+00
 1.00000e+00
 1.00000e+00
 1.00000e+00
 9.99999e-01
 9.99996e-01
 9.99972e-01
 9.99836e-01
 9.99143e-01
 9.96126e-01
 9.85950e-01
 9.61985e-01
 9.22972e-01
 8.75491e-01
 1.00000e+00
 1.00000e+00
 1.00000e+00
 1.00000e+00
 1.00000e+00
 1.00000e+00
 1.00000e+00
 1.00000e+00
 1.00000e+00
 1.00000e+00
 1.00000e+00
 1.00000e+00
 1.00000e+00
 1.00000e+00
 1.00000e+00
 9.99999e-01
 9.99996e-01
 9.99972e-01
 9.99836e-01
 9.99139e-01
 9.96096e-01
 9.85795e-01
 9.61569e-01
 9.22355e-01
 8.74966e-01
 1.00000e+00
 1.00000e+00
 1.00000e+00
 1.00000e+00
 1.00000e+00
 1.00000e+00
 1.00000e+00
 1.00000e+00
 1.00000e+00
 1.00000e+00
 1.00000e+00
 1.00000e+00
 1.00000e+00
 1.00000e+00
 1.00000e+00
 9.99999e-01
 9.99996e-01
 9.99972e-01
 9.99836e-01
 9.99140e-01
 9.96113e-01
 9.85901e-01
 9.61881e-01
 9.22859e-01
 8.75438e-01
 1.00000e+00
 1.00000e+00
 1.00000e+00
 1.00000e+00
 1.00000e+00
 1.00000e+00
 1.00000e+00
 1.00000e+00
 1.00000e+00
 1.00000e+00
 1.00000e+00
 1.00000e+00
 1.00000e+00
 1.00000e+00
 1.00000e+00
 9.99999e-01
 9.99996e-01
 9.99972e-01
 9.99836e-01
 9.99145e-01
 9.96163e-01
 9.86207e-01
 9.62803e-01
 9.24336e-01
 8.76724e-01
 1.00000e+00
 1.00000e+00
 1.00000e+00
 1.00000e+00
 1.00000e+00
 1.00000e+00
 1.00000e+00
 1.00000e+00
 1.00000e+00
 1.00000e+00
 1.00000e+00
 1.00000e+00
 1.00000e+00
 1.00000e+00
 1.00000e+00
 9.99999e-01
 9.99996e-01
 9.99972e-01
 9.99836e-01
 9.99142e-01
 9.96123e-01
 9.85937e-01
 9.61955e-01
 9.22938e-01
 8.75469e-01
 1.00000e+00
 1.00000e+00
 1.00000e+00
 1.00000e+00
 1.00000e+00
 1.00000e+00
 1.00000e+00
 1.00000e+00
 1.00000e+00
 1.00000e+00
 1.00000e+00
 1.00000e+00
 1.00000e+00
 1.00000e+00
 1.00000e+00
 9.99999e-01
 9.99996e-01
 9.99972e-01
 9.99836e-01
 9.99136e-01
 9.96054e-01
 9.85527e-01
 9.60745e-01
 9.21035e-01
 8.73839e-01
 1.00000e+00
 1.00000e+00
 1.00000e+00
 1.00000e+00
 1.00000e+00
 1.00000e+00
 1.00000e+00
 1.00000e+00
 1.00000e+00
 1.00000e+00
 1.00000e+00
 1.00000e+00
 1.00000e+00
 1.00000e+00
 1.00000e+00
 9.99999e-01
 9.99996e-01
 9.99972e-01
 9.99835e-01
 9.99132e-01
 9.96020e-01
 9.85352e-01
 9.60282e-01
 9.20376e-01
 8.73335e-01
 1.00000e+00
 1.00000e+00
 1.00000e+00
 1.00000e+00
 1.00000e+00
 1.00000e+00
 1.00000e+00
 1.00000e+00
 1.00000e+00
 1.00000e+00
 1.00000e+00
 1.00000e+00
 1.00000e+00
 1.00000e+00
 1.00000e+00
 9.99999e-01
 9.99996e-01
 9.99972e-01
 9.99835e-01
 9.99133e-01
 9.96040e-01
 9.85474e-01
 9.60635e-01
 9.20920e-01
 8.73792e-01
 1.00000e+00
 1.00000e+00
 1.00000e+00
 1.00000e+00
 1.00000e+00
 1.00000e+00
 1.00000e+00
 1.00000e+00
 1.00000e+00
 1.00000e+00
 1.00000e+00
 1.00000e+00
 1.00000e+00
 1.00000e+00
 1.00000e+00
 9.99999e-01
 9.99996e-01
 9.99972e-01
 9.99836e-01
 9.99138e-01
 9.96101e-01
 9.85858e-01
 9.61795e-01
 9.22760e-01
 8.75374e-01
 1.00000e+00
 1.00000e+00
 1.00000e+00
 1.00000e+00
 1.00000e+00
 1.00000e+00
 1.00000e+00
 1.00000e+00
 1.00000e+00
 1.00000e+00
 1.00000e+00
 1.00000e+00
 1.00000e+00
 1.00000e+00
 1.00000e+00
 9.99999e-01
 9.99996e-01
 9.99972e-01
 9.99836e-01
 9.99137e-01
 9.96086e-01
 9.85760e-01
 9.61495e-01
 9.22271e-01
 8.74919e-01
 1.00000e+00
 1.00000e+00
 1.00000e+00
 1.00000e+00
 1.00000e+00
 1.00000e+00
 1.00000e+00
 1.00000e+00
 1.00000e+00
 1.00000e+00
 1.00000e+00
 1.00000e+00
 1.00000e+00
 1.00000e+00
 1.00000e+00
 9.99999e-01
 9.99996e-01
 9.99972e-01
 9.99835e-01
 9.99130e-01
 9.96014e-01
 9.85328e-01
 9.60230e-01
 9.20321e-01
 8.73312e-01
 1.00000e+00
 1.00000e+00
 1.00000e+00
 1.00000e+00
 1.00000e+00
 1.00000e+00
 1.00000e+00
 1.00000e+00
 1.00000e+00
 1.00000e+00
 1.00000e+00
 1.00000e+00
 1.00000e+00
 1.00000e+00
 1.00000e+00
 9.99999e-01
 9.99996e-01
 9.99972e-01
 9.99835e-01
 9.99126e-01
 9.95978e-01
 9.85140e-01
 9.59731e-01
 9.19605e-01
 8.72739e-01
 1.00000e+00
 1.00000e+00
 1.00000e+00
 1.00000e+00
 1.00000e+00
 1.00000e+00
 1.00000e+00
 1.00000e+00
 1.00000e+00
 1.00000e+00
 1.00000e+00
 1.00000e+00
 1.00000e+00
 1.00000e+00
 1.00000e+00
 9.99999e-01
 9.99996e-01
 9.99972e-01
 9.99835e-01
 9.99128e-01
 9.96000e-01
 9.85273e-01
 9.60118e-01
 9.20205e-01
 8.73266e-01
 1.00000e+00
 1.00000e+00
 1.00000e+00
 1.00000e+00
 1.00000e+00
 1.00000e+00
 1.00000e+00
 1.00000e+00
 1.00000e+00
 1.00000e+00
 1.00000e+00
 1.00000e+00
 1.00000e+00
 1.00000e+00
 1.00000e+00
 9.99999e-01
 9.99996e-01
 9.99972e-01
 9.99835e-01
 9.99133e-01
 9.96064e-01
 9.85679e-01
 9.61330e-01
 9.22092e-01
 8.74825e-01
 1.00000e+00
 1.00000e+00
 1.00000e+00
 1.00000e+00
 1.00000e+00
 1.00000e+00
 1.00000e+00
 1.00000e+00
 1.00000e+00
 1.00000e+00
 1.00000e+00
 1.00000e+00
 1.00000e+00
 1.00000e+00
 1.00000e+00
 9.99999e-01
 9.99996e-01
 9.99972e-01
 9.99836e-01
 9.99137e-01
 9.96098e-01
 9.85846e-01
 9.61768e-01
 9.22734e-01
 8.75370e-01
 1.00000e+00
 1.00000e+00
 1.00000e+00
 1.00000e+00
 1.00000e+00
 1.00000e+00
 1.00000e+00
 1.00000e+00
 1.00000e+00
 1.00000e+00
 1.00000e+00
 1.00000e+00
 1.00000e+00
 1.00000e+00
 1.00000e+00
 9.99999e-01
 9.99996e-01
 9.99972e-01
 9.99835e-01
 9.99131e-01
 9.96028e-01
 9.85427e-01
 9.60537e-01
 9.20817e-01
 8.73748e-01
 1.00000e+00
 1.00000e+00
 1.00000e+00
 1.00000e+00
 1.00000e+00
 1.00000e+00
 1.00000e+00
 1.00000e+00
 1.00000e+00
 1.00000e+00
 1.00000e+00
 1.00000e+00
 1.00000e+00
 1.00000e+00
 1.00000e+00
 9.99999e-01
 9.99996e-01
 9.99972e-01
 9.99835e-01
 9.99127e-01
 9.95993e-01
 9.85248e-01
 9.60066e-01
 9.20152e-01
 8.73246e-01
 1.00000e+00
 1.00000e+00
 1.00000e+00
 1.00000e+00
 1.00000e+00
 1.00000e+00
 1.00000e+00
 1.00000e+00
 1.00000e+00
 1.00000e+00
 1.00000e+00
 1.00000e+00
 1.00000e+00
 1.00000e+00
 1.00000e+00
 9.99999e-01
 9.99996e-01
 9.99972e-01
 9.99835e-01
 9.99128e-01
 9.96014e-01
 9.85373e-01
 9.60426e-01
 9.20702e-01
 8.73701e-01
 1.00000e+00
 1.00000e+00
 1.00000e+00
 1.00000e+00
 1.00000e+00
 1.00000e+00
 1.00000e+00
 1.00000e+00
 1.00000e+00
 1.00000e+00
 1.00000e+00
 1.00000e+00
 1.00000e+00
 1.00000e+00
 1.00000e+00
 9.99999e-01
 9.99996e-01
 9.99972e-01
 9.99835e-01
 9.99133e-01
 9.96076e-01
 9.85767e-01
 9.61606e-01
 9.22557e-01
 8.75276e-01
 1.00000e+00
 1.00000e+00
 1.00000e+00
 1.00000e+00
 1.00000e+00
 1.00000e+00
 1.00000e+00
 1.00000e+00
 1.00000e+00
 1.00000e+00
 1.00000e+00
 1.00000e+00
 1.00000e+00
 1.00000e+00
 1.00000e+00
 9.99999e-01
 9.99996e-01
 9.99972e-01
 9.99836e-01
 9.99141e-01
 9.96145e-01
 9.86145e-01
 9.62677e-01
 9.24193e-01
 8.76638e-01
 1.00000e+00
 1.00000e+00
 1.00000e+00
 1.00000e+00
 1.00000e+00
 1.00000e+00
 1.00000e+00
 1.00000e+00
 1.00000e+00
 1.00000e+00
 1.00000e+00
 1.00000e+00
 1.00000e+00
 1.00000e+00
 1.00000e+00
 9.99999e-01
 9.99996e-01
 9.99972e-01
 9.99835e-01
 9.99135e-01
 9.96086e-01
 9.85803e-01
 9.61682e-01
 9.22637e-01
 8.75311e-01
 1.00000e+00
 1.00000e+00
 1.00000e+00
 1.00000e+00
 1.00000e+00
 1.00000e+00
 1.00000e+00
 1.00000e+00
 1.00000e+00
 1.00000e+00
 1.00000e+00
 1.00000e+00
 1.00000e+00
 1.00000e+00
 1.00000e+00
 9.99999e-01
 9.99996e-01
 9.99972e-01
 9.99835e-01
 9.99131e-01
 9.96054e-01
 9.85643e-01
 9.61256e-01
 9.22011e-01
 8.74786e-01
 1.00000e+00
 1.00000e+00
 1.00000e+00
 1.00000e+00
 1.00000e+00
 1.00000e+00
 1.00000e+00
 1.00000e+00
 1.00000e+00
 1.00000e+00
 1.00000e+00
 1.00000e+00
 1.00000e+00
 1.00000e+00
 1.00000e+00
 9.99999e-01
 9.99996e-01
 9.99972e-01
 9.99835e-01
 9.99133e-01
 9.96072e-01
 9.85752e-01
 9.61577e-01
 9.22525e-01
 8.75259e-01
 1.00000e+00
 1.00000e+00
 1.00000e+00
 1.00000e+00
 1.00000e+00
 1.00000e+00
 1.00000e+00
 1.00000e+00
 1.00000e+00
 1.00000e+00
 1.00000e+00
 1.00000e+00
 1.00000e+00
 1.00000e+00
 1.00000e+00
 9.99999e-01
 9.99996e-01
 9.99972e-01
 9.99835e-01
 9.99137e-01
 9.96124e-01
 9.86070e-01
 9.62522e-01
 9.24018e-01
 8.76538e-01
part
         2
hexa8
 8.26594e-01
 7.77388e-01
 7.30832e-01
 6.87583e-01
 6.47725e-01
 6.11067e-01
 5.77359e-01
 5.46391e-01
 5.18046e-01
 4.92278e-01
 4.69096e-01
 4.48534e-01
 4.30642e-01
 4.15469e-01
 4.03060e-01
 3.93446e-01
 3.86617e-01
 3.82450e-01
 3.80619e-01
 3.80726e-01
 3.81803e-01
 3.83181e-01
 3.84648e-01
 3.86062e-01
 3.87359e-01
 8.26184e-01
 7.78012e-01
 7.32107e-01
 6.88950e-01
 6.48710e-01
 6.11405e-01
 5.77015e-01
 5.45502e-01
 5.16836e-01
 4.90993e-01
 4.67949e-01
 4.47685e-01
 4.30188e-01
 4.15457e-01
 4.03498e-01
 3.94316e-01
 3.87886e-01
 3.84082e-01
 3.82537e-01
 3.82709e-01
 3.83515e-01
 3.84475e-01
 3.85517e-01
 3.86591e-01
 3.87696e-01
 8.25981e-01
 7.78169e-01
 7.32539e-01
 6.89518e-01
 6.49258e-01
 6.11785e-01
 5.77111e-01
 5.45262e-01
 5.16284e-01
 4.90225e-01
 4.67108e-01
 4.46931e-01
 4.29670e-01
 4.15288e-01
 4.03745e-01
 3.94994e-01
 3.88966e-01
 3.85498e-01
 3.84176e-01
 3.84357e-01
 3.84872e-01
 3.85464e-01
 3.86204e-01
 3.87023e-01
 3.87939e-01
 8.26201e-01
 7.78064e-01
 7.32158e-01
 6.88982e-01
 6.48721e-01
 6.11403e-01
 5.77010e-01
 5.45502e-01
 5.16844e-01
 4.91008e-01
 4.67967e-01
 4.47700e-01
 4.30196e-01
 4.15455e-01
 4.03484e-01
 3.94292e-01
 3.87856e-01
 3.84055e-01
 3.82525e-01
 3.82717e-01
 3.83527e-01
 3.84485e-01
 3.85520e-01
 3.86611e-01
 3.87712e-01
 8.26594e-01
 7.77454e-01
 7.30922e-01
 6.87667e-01
 6.47786e-01
 6.11097e-01
 5.77362e-01
 5.46376e-01
 5.18022e-01
 4.92255e-01
 4.69082e-01
 4.48532e-01
 4.30650e-01
 4.15484e-01
 4.03076e-01
 3.93459e-01
 3.86626e-01
 3.82459e-01
 3.80634e-01
 3.80743e-01
 3.81813e-01
 3.83188e-01
 3.84660e-01
 3.86083e-01
 3.87381e-01
 8.26180e-01
 7.78022e-01
 7.32124e-01
 6.88967e-01
 6.48721e-01
 6.11410e-01
 5.77013e-01
 5.45494e-01
 5.16825e-01
 4.90982e-01
 4.67941e-01
 4.47681e-01
 4.30189e-01
 4.15462e-01
 4.03506e-01
 3.94324e-01
 3.87892e-01
 3.84084e-01
 3.82536e-01
 3.82708e-01
 3.83514e-01
 3.84476e-01
 3.85510e-01
 3.86589e-01
 3.87695e-01
 8.25671e-01
 7.78722e-01
 7.33538e-01
 6.90419e-01
 6.49679e-01
 6.11622e-01
 5.76498e-01
 5.44455e-01
 5.15538e-01
 4.89715e-01
 4.66907e-01
 4.47017e-01
 4.29961e-01
 4.15680e-01
 4.04144e-01
 3.95336e-01
 3.89233e-01
 3.85703e-01
 3.84408e-01
 3.84547e-01
 3.85000e-01
 3.85545e-01
 3.86245e-01
 3.87083e-01
 3.88096e-01
 8.25561e-01
 7.79008e-01
 7.34083e-01
 6.91046e-01
 6.50222e-01
 6.11944e-01
 5.76509e-01
 5.44130e-01
 5.14917e-01
 4.88903e-01
 4.66044e-01
 4.46258e-01
 4.29444e-01
 4.15512e-01
 4.04386e-01
 3.96008e-01
 3.90316e-01
 3.87134e-01
 3.86109e-01
 3.86170e-01
 3.86180e-01
 3.86325e-01
 3.86805e-01
 3.87480e-01
 3.88341e-01
 8.25694e-01
 7.78773e-01
 7.33579e-01
 6.90436e-01
 6.49677e-01
 6.11614e-01
 5.76495e-01
 5.44465e-01
 5.15559e-01
 4.89744e-01
 4.66936e-01
 4.47039e-01
 4.29971e-01
 4.15676e-01
 4.04125e-01
 3.95307e-01
 3.89198e-01
 3.85673e-01
 3.84396e-01
 3.84551e-01
 3.85002e-01
 3.85542e-01
 3.86223e-01
 3.87097e-01
 3.88108e-01
 8.26186e-01
 7.78087e-01
 7.32204e-01
 6.89035e-01
 6.48767e-01
 6.11432e-01
 5.77016e-01
 5.45486e-01
 5.16814e-01
 4.90973e-01
 4.67939e-01
 4.47687e-01
 4.30202e-01
 4.15478e-01
 4.03522e-01
 3.94338e-01
 3.87903e-01
 3.84095e-01
 3.82553e-01
 3.82725e-01
 3.83525e-01
 3.84479e-01
 3.85515e-01
 3.86602e-01
 3.87710e-01
 8.25980e-01
 7.78196e-01
 7.32573e-01
 6.89548e-01
 6.49278e-01
 6.11794e-01
 5.77112e-01
 5.45258e-01
 5.16278e-01
 4.90219e-01
 4.67104e-01
 4.46929e-01
 4.29670e-01
 4.15289e-01
 4.03746e-01
 3.94994e-01
 3.88963e-01
 3.85494e-01
 3.84175e-01
 3.84367e-01
 3.84882e-01
 3.85473e-01
 3.86213e-01
 3.87031e-01
 3.87943e-01
 8.25571e-01
 7.79032e-01
 7.34101e-01
 6.91052e-01
 6.50217e-01
 6.11937e-01
 5.76504e-01
 5.44133e-01
 5.14928e-01
 4.88919e-01
 4.66061e-01
 4.46272e-01
 4.29452e-01
 4.15512e-01
 4.04378e-01
 3.95992e-01
 3.90295e-01
 3.87114e-01
 3.86092e-01
 3.86163e-01
 3.86180e-01
 3.86335e-01
 3.86821e-01
 3.87485e-01
 3.88343e-01
 8.25378e-01
 7.79213e-01
 7.34524e-01
 6.91557e-01
 6.50661e-01
 6.12204e-01
 5.76515e-01
 5.43863e-01
 5.14409e-01
 4.88240e-01
 4.65350e-01
 4.45665e-01
 4.29078e-01
 4.15468e-01
 4.04721e-01
 3.96740e-01
 3.91435e-01
 3.88578e-01
 3.87769e-01
 3.87539e-01
 3.86964e-01
 3.86851e-01
 3.87323e-01
 3.87908e-01
 3.88617e-01
 8.25595e-01
 7.79081e-01
 7.34138e-01
 6.91063e-01
 6.50210e-01
 6.11925e-01
 5.76501e-01
 5.44144e-01
 5.14953e-01
 4.88952e-01
 4.66095e-01
 4.46298e-01
 4.29465e-01
 4.15509e-01
 4.04359e-01
 3.95961e-01
 3.90258e-01
 3.87085e-01
 3.86078e-01
 3.86160e-01
 3.86175e-01
 3.86328e-01
 3.86802e-01
 3.87495e-01
 3.88350e-01
 8.25987e-01
 7.78260e-01
 7.32650e-01
 6.89610e-01
 6.49316e-01
 6.11810e-01
 5.77112e-01
 5.45250e-01
 5.16270e-01
 4.90217e-01
 4.67111e-01
 4.46946e-01
 4.29693e-01
 4.15314e-01
 4.03768e-01
 3.95010e-01
 3.88975e-01
 3.85503e-01
 3.84185e-01
 3.84374e-01
 3.84883e-01
 3.85471e-01
 3.86215e-01
 3.87041e-01
 3.87952e-01
 8.26202e-01
 7.78104e-01
 7.32207e-01
 6.89023e-01
 6.48750e-01
 6.11422e-01
 5.77022e-01
 5.45510e-01
 5.16849e-01
 4.91012e-01
 4.67970e-01
 4.47702e-01
 4.30196e-01
 4.15453e-01
 4.03479e-01
 3.94285e-01
 3.87848e-01
 3.84049e-01
 3.82528e-01
 3.82736e-01
 3.83548e-01
 3.84504e-01
 3.85543e-01
 3.86621e-01
 3.87719e-01
 8.25713e-01
 7.78816e-01
 7.33612e-01
 6.90446e-01
 6.49670e-01
 6.11601e-01
 5.76489e-01
 5.44472e-01
 5.15580e-01
 4.89775e-01
 4.66971e-01
 4.47071e-01
 4.29995e-01
 4.15688e-01
 4.04124e-01
 3.95293e-01
 3.89176e-01
 3.85649e-01
 3.84378e-01
 3.84547e-01
 3.85004e-01
 3.85545e-01
 3.86252e-01
 3.87100e-01
 3.88112e-01
 8.25609e-01
 7.79105e-01
 7.34153e-01
 6.91063e-01
 6.50199e-01
 6.11911e-01
 5.76492e-01
 5.44145e-01
 5.14965e-01
 4.88973e-01
 4.66122e-01
 4.46328e-01
 4.29493e-01
 4.15532e-01
 4.04374e-01
 3.95966e-01
 3.90254e-01
 3.87075e-01
 3.86064e-01
 3.86146e-01
 3.86163e-01
 3.86319e-01
 3.86805e-01
 3.87490e-01
 3.88348e-01
 8.25735e-01
 7.78864e-01
 7.33650e-01
 6.90461e-01
 6.49666e-01
 6.11593e-01
 5.76488e-01
 5.44484e-01
 5.15604e-01
 4.89806e-01
 4.67001e-01
 4.47094e-01
 4.30006e-01
 4.15684e-01
 4.04106e-01
 3.95265e-01
 3.89143e-01
 3.85622e-01
 3.84366e-01
 3.84549e-01
 3.85005e-01
 3.85540e-01
 3.86246e-01
 3.87116e-01
 3.88126e-01
 8.26207e-01
 7.78166e-01
 7.32284e-01
 6.89088e-01
 6.48793e-01
 6.11443e-01
 5.77027e-01
 5.45504e-01
 5.16841e-01
 4.91007e-01
 4.67971e-01
 4.47711e-01
 4.30211e-01
 4.15471e-01
 4.03497e-01
 3.94300e-01
 3.87860e-01
 3.84062e-01
 3.82545e-01
 3.82752e-01
 3.83558e-01
 3.84507e-01
 3.85547e-01
 3.86632e-01
 3.87730e-01
 8.26584e-01
 7.77495e-01
 7.30986e-01
 6.87732e-01
 6.47840e-01
 6.11134e-01
 5.77381e-01
 5.46380e-01
 5.18017e-01
 4.92249e-01
 4.69078e-01
 4.48535e-01
 4.30660e-01
 4.15498e-01
 4.03093e-01
 3.93475e-01
 3.86639e-01
 3.82470e-01
 3.80645e-01
 3.80754e-01
 3.81818e-01
 3.83190e-01
 3.84661e-01
 3.86083e-01
 3.87381e-01
 8.26193e-01
 7.78131e-01
 7.32253e-01
 6.89072e-01
 6.48787e-01
 6.11439e-01
 5.77018e-01
 5.45489e-01
 5.16822e-01
 4.90989e-01
 4.67962e-01
 4.47715e-01
 4.30232e-01
 4.15508e-01
 4.03547e-01
 3.94356e-01
 3.87914e-01
 3.84101e-01
 3.82556e-01
 3.82723e-01
 3.83522e-01
 3.84476e-01
 3.85519e-01
 3.86600e-01
 3.87710e-01
 8.25995e-01
 7.78293e-01
 7.32683e-01
 6.89632e-01
 6.49323e-01
 6.11804e-01
 5.77100e-01
 5.45239e-01
 5.16267e-01
 4.90226e-01
 4.67135e-01
 4.46983e-01
 4.29741e-01
 4.15368e-01
 4.03822e-01
 3.95057e-01
 3.89011e-01
 3.85524e-01
 3.84187e-01
 3.84352e-01
 3.84859e-01
 3.85450e-01
 3.86196e-01
 3.87025e-01
 3.87944e-01
 8.26210e-01
 7.78180e-01
 7.32300e-01
 6.89100e-01
 6.48796e-01
 6.11438e-01
 5.77016e-01
 5.45493e-01
 5.16834e-01
 4.91007e-01
 4.67982e-01
 4.47732e-01
 4.30242e-01
 4.15507e-01
 4.03534e-01
 3.94333e-01
 3.87887e-01
 3.84077e-01
 3.82545e-01
 3.82731e-01
 3.83533e-01
 3.84485e-01
 3.85521e-01
 3.86618e-01
 3.87723e-01
 8.26583e-01
 7.77558e-01
 7.31071e-01
 6.87812e-01
 6.47897e-01
 6.11164e-01
 5.77386e-01
 5.46369e-01
 5.17999e-01
 4.92232e-01
 4.69069e-01
 4.48537e-01
 4.30672e-01
 4.15516e-01
 4.03111e-01
 3.93490e-01
 3.86650e-01
 3.82481e-01
 3.80659e-01
 3.80770e-01
 3.81826e-01
 3.83194e-01
 3.84670e-01
 3.86102e-01
 3.87401e-01
part
         3
hexa8
 3.88560e-01
 3.89702e-01
 3.91024e-01
 3.92335e-01
 3.93534e-01
 3.94673e-01
 3.95772e-01
 3.96841e-01
 3.97885e-01
 3.98920e-01
 3.99949e-01
 4.00978e-01
 4.02032e-01
 4.03081e-01
 4.04066e-01
 4.05123e-01
 4.06107e-01
 4.07100e-01
 4.07275e-01
 4.07541e-01
 4.08406e-01
 4.09580e-01
 4.11004e-01
 4.13126e-01
 4.15687e-01
 3.88845e-01
 3.90022e-01
 3.91180e-01
 3.92341e-01
 3.93470e-01
 3.94577e-01
 3.95657e-01
 3.96700e-01
 3.97714e-01
 3.98698e-01
 3.99662e-01
 4.00629e-01
 4.01595e-01
 4.02542e-01
 4.03463e-01
 4.04520e-01
 4.05463e-01
 4.06449e-01
 4.06520e-01
 4.07023e-01
 4.08205e-01
 4.09508e-01
 4.10960e-01
 4.13097e-01
 4.15673e-01
 3.88889e-01
 3.89904e-01
 3.91094e-01
 3.92276e-01
 3.93420e-01
 3.94534e-01
 3.95613e-01
 3.96658e-01
 3.97658e-01
 3.98617e-01
 3.99544e-01
 4.00464e-01
 4.01359e-01
 4.02208e-01
 4.03062e-01
 4.04030e-01
 4.04964e-01
 4.05990e-01
 4.06194e-01
 4.06787e-01
 4.07989e-01
 4.09349e-01
 4.10861e-01
 4.13056e-01
 4.15672e-01
 3.88857e-01
 3.90023e-01
 3.91179e-01
 3.92331e-01
 3.93457e-01
 3.94560e-01
 3.95634e-01
 3.96673e-01
 3.97684e-01
 3.98666e-01
 3.99630e-01
 4.00596e-01
 4.01559e-01
 4.02497e-01
 4.03392e-01
 4.04406e-01
 4.05357e-01
 4.06374e-01
 4.06637e-01
 4.07084e-01
 4.08099e-01
 4.09377e-01
 4.10881e-01
 4.13080e-01
 4.15695e-01
 3.88568e-01
 3.89704e-01
 3.91022e-01
 3.92326e-01
 3.93517e-01
 3.94647e-01
 3.95739e-01
 3.96801e-01
 3.97840e-01
 3.98871e-01
 3.99898e-01
 4.00924e-01
 4.01972e-01
 4.03013e-01
 4.03981e-01
 4.04991e-01
 4.05977e-01
 4.07042e-01
 4.07217e-01
 4.07485e-01
 4.08384e-01
 4.09565e-01
 4.10992e-01
 4.13141e-01
 4.15720e-01
 3.88846e-01
 3.90024e-01
 3.91171e-01
 3.92333e-01
 3.93472e-01
 3.94574e-01
 3.95650e-01
 3.96695e-01
 3.97708e-01
 3.98692e-01
 3.99653e-01
 4.00615e-01
 4.01580e-01
 4.02523e-01
 4.03437e-01
 4.04462e-01
 4.05335e-01
 4.06390e-01
 4.06640e-01
 4.07093e-01
 4.08127e-01
 4.09404e-01
 4.10895e-01
 4.13085e-01
 4.15693e-01
 3.89206e-01
 3.90395e-01
 3.91374e-01
 3.92370e-01
 3.93447e-01
 3.94529e-01
 3.95583e-01
 3.96598e-01
 3.97565e-01
 3.98490e-01
 3.99392e-01
 4.00259e-01
 4.01106e-01
 4.01933e-01
 4.02780e-01
 4.03747e-01
 4.04632e-01
 4.05683e-01
 4.05950e-01
 4.06624e-01
 4.07885e-01
 4.09273e-01
 4.10820e-01
 4.13046e-01
 4.15682e-01
 3.89327e-01
 3.90328e-01
 3.91312e-01
 3.92285e-01
 3.93313e-01
 3.94377e-01
 3.95426e-01
 3.96431e-01
 3.97378e-01
 3.98261e-01
 3.99093e-01
 3.99897e-01
 4.00701e-01
 4.01480e-01
 4.02310e-01
 4.03216e-01
 4.04141e-01
 4.05253e-01
 4.05624e-01
 4.06377e-01
 4.07680e-01
 4.09128e-01
 4.10733e-01
 4.13010e-01
 4.15681e-01
 3.89216e-01
 3.90396e-01
 3.91370e-01
 3.92361e-01
 3.93432e-01
 3.94512e-01
 3.95561e-01
 3.96572e-01
 3.97536e-01
 3.98459e-01
 3.99359e-01
 4.00224e-01
 4.01068e-01
 4.01886e-01
 4.02716e-01
 4.03657e-01
 4.04553e-01
 4.05642e-01
 4.05991e-01
 4.06629e-01
 4.07816e-01
 4.09190e-01
 4.10770e-01
 4.13036e-01
 4.15697e-01
 3.88856e-01
 3.90025e-01
 3.91166e-01
 3.92321e-01
 3.93451e-01
 3.94545e-01
 3.95614e-01
 3.96652e-01
 3.97660e-01
 3.98639e-01
 3.99597e-01
 4.00558e-01
 4.01518e-01
 4.02453e-01
 4.03349e-01
 4.04327e-01
 4.05237e-01
 4.06328e-01
 4.06565e-01
 4.07023e-01
 4.08090e-01
 4.09374e-01
 4.10879e-01
 4.13093e-01
 4.15717e-01
 3.88893e-01
 3.89911e-01
 3.91087e-01
 3.92269e-01
 3.93414e-01
 3.94523e-01
 3.95601e-01
 3.96646e-01
 3.97646e-01
 3.98604e-01
 3.99528e-01
 4.00441e-01
 4.01335e-01
 4.02188e-01
 4.03028e-01
 4.03947e-01
 4.04809e-01
 4.05962e-01
 4.06277e-01
 4.06808e-01
 4.07913e-01
 4.09259e-01
 4.10804e-01
 4.13051e-01
 4.15699e-01
 3.89329e-01
 3.90336e-01
 3.91307e-01
 3.92276e-01
 3.93313e-01
 3.94374e-01
 3.95419e-01
 3.96424e-01
 3.97371e-01
 3.98254e-01
 3.99083e-01
 3.99890e-01
 4.00669e-01
 4.01456e-01
 4.02274e-01
 4.03160e-01
 4.04078e-01
 4.05223e-01
 4.05652e-01
 4.06385e-01
 4.07641e-01
 4.09081e-01
 4.10705e-01
 4.13009e-01
 4.15695e-01
 3.89435e-01
 3.90307e-01
 3.91300e-01
 3.92331e-01
 3.93371e-01
 3.94417e-01
 3.95447e-01
 3.96444e-01
 3.97384e-01
 3.98257e-01
 3.99049e-01
 3.99787e-01
 4.00451e-01
 4.01113e-01
 4.01813e-01
 4.02593e-01
 4.03530e-01
 4.04767e-01
 4.05291e-01
 4.06108e-01
 4.07441e-01
 4.08952e-01
 4.10628e-01
 4.12977e-01
 4.15694e-01
 3.89334e-01
 3.90333e-01
 3.91299e-01
 3.92265e-01
 3.93296e-01
 3.94353e-01
 3.95395e-01
 3.96397e-01
 3.97340e-01
 3.98220e-01
 3.99048e-01
 3.99854e-01
 4.00631e-01
 4.01415e-01
 4.02220e-01
 4.03095e-01
 4.04026e-01
 4.05206e-01
 4.05627e-01
 4.06339e-01
 4.07615e-01
 4.09061e-01
 4.10693e-01
 4.13009e-01
 4.15705e-01
 3.88896e-01
 3.89907e-01
 3.91078e-01
 3.92254e-01
 3.93393e-01
 3.94493e-01
 3.95564e-01
 3.96602e-01
 3.97596e-01
 3.98550e-01
 3.99471e-01
 4.00381e-01
 4.01271e-01
 4.02116e-01
 4.02936e-01
 4.03825e-01
 4.04735e-01
 4.05875e-01
 4.06199e-01
 4.06745e-01
 4.07885e-01
 4.09244e-01
 4.10802e-01
 4.13062e-01
 4.15720e-01
 3.88861e-01
 3.90027e-01
 3.91166e-01
 3.92316e-01
 3.93450e-01
 3.94546e-01
 3.95616e-01
 3.96657e-01
 3.97668e-01
 3.98650e-01
 3.99611e-01
 4.00570e-01
 4.01514e-01
 4.02432e-01
 4.03366e-01
 4.04339e-01
 4.05241e-01
 4.06334e-01
 4.06549e-01
 4.07025e-01
 4.08096e-01
 4.09380e-01
 4.10872e-01
 4.13076e-01
 4.15702e-01
 3.89219e-01
 3.90396e-01
 3.91362e-01
 3.92348e-01
 3.93424e-01
 3.94501e-01
 3.95548e-01
 3.96559e-01
 3.97524e-01
 3.98448e-01
 3.99349e-01
 4.00213e-01
 4.01048e-01
 4.01849e-01
 4.02671e-01
 4.03582e-01
 4.04497e-01
 4.05609e-01
 4.05953e-01
 4.06604e-01
 4.07809e-01
 4.09186e-01
 4.10761e-01
 4.13032e-01
 4.15703e-01
 3.89332e-01
 3.90323e-01
 3.91296e-01
 3.92264e-01
 3.93287e-01
 3.94346e-01
 3.95390e-01
 3.96391e-01
 3.97334e-01
 3.98214e-01
 3.99046e-01
 3.99850e-01
 4.00653e-01
 4.01428e-01
 4.02226e-01
 4.03095e-01
 4.04033e-01
 4.05204e-01
 4.05619e-01
 4.06331e-01
 4.07609e-01
 4.09056e-01
 4.10689e-01
 4.13009e-01
 4.15709e-01
 3.89233e-01
 3.90400e-01
 3.91361e-01
 3.92340e-01
 3.93410e-01
 3.94483e-01
 3.95525e-01
 3.96533e-01
 3.97493e-01
 3.98416e-01
 3.99315e-01
 4.00177e-01
 4.01007e-01
 4.01803e-01
 4.02618e-01
 4.03502e-01
 4.04435e-01
 4.05562e-01
 4.05917e-01
 4.06574e-01
 4.07783e-01
 4.09162e-01
 4.10756e-01
 4.13044e-01
 4.15721e-01
 3.88869e-01
 3.90025e-01
 3.91158e-01
 3.92301e-01
 3.93427e-01
 3.94516e-01
 3.95579e-01
 3.96613e-01
 3.97618e-01
 3.98595e-01
 3.99553e-01
 4.00511e-01
 4.01452e-01
 4.02362e-01
 4.03275e-01
 4.04221e-01
 4.05142e-01
 4.06256e-01
 4.06508e-01
 4.06991e-01
 4.08041e-01
 4.09334e-01
 4.10859e-01
 4.13092e-01
 4.15732e-01
 3.88565e-01
 3.89697e-01
 3.91011e-01
 3.92312e-01
 3.93499e-01
 3.94628e-01
 3.95720e-01
 3.96781e-01
 3.97820e-01
 3.98852e-01
 3.99881e-01
 4.00901e-01
 4.01918e-01
 4.02930e-01
 4.03933e-01
 4.04992e-01
 4.05974e-01
 4.07007e-01
 4.07071e-01
 4.07406e-01
 4.08387e-01
 4.09586e-01
 4.10983e-01
 4.13110e-01
 4.15699e-01
 3.88853e-01
 3.90010e-01
 3.91161e-01
 3.92313e-01
 3.93434e-01
 3.94531e-01
 3.95600e-01
 3.96637e-01
 3.97645e-01
 3.98626e-01
 3.99588e-01
 4.00551e-01
 4.01490e-01
 4.02407e-01
 4.03317e-01
 4.04298e-01
 4.05274e-01
 4.06315e-01
 4.06528e-01
 4.07011e-01
 4.08088e-01
 4.09379e-01
 4.10867e-01
 4.13069e-01
 4.15704e-01
 3.88884e-01
 3.89887e-01
 3.91072e-01
 3.92248e-01
 3.93379e-01
 3.94483e-01
 3.95555e-01
 3.96593e-01
 3.97588e-01
 3.98544e-01
 3.99469e-01
 4.00384e-01
 4.01271e-01
 4.02106e-01
 4.02927e-01
 4.03824e-01
 4.04782e-01
 4.05884e-01
 4.06204e-01
 4.06752e-01
 4.07876e-01
 4.09229e-01
 4.10786e-01
 4.13050e-01
 4.15717e-01
 3.88862e-01
 3.90009e-01
 3.91156e-01
 3.92301e-01
 3.93419e-01
 3.94512e-01
 3.95576e-01
 3.96609e-01
 3.97614e-01
 3.98592e-01
 3.99554e-01
 4.00516e-01
 4.01454e-01
 4.02366e-01
 4.03264e-01
 4.04219e-01
 4.05183e-01
 4.06262e-01
 4.06523e-01
 4.06983e-01
 4.08040e-01
 4.09329e-01
 4.10852e-01
 4.13089e-01
 4.15732e-01
 3.88571e-01
 3.89696e-01
 3.91008e-01
 3.92301e-01
 3.93480e-01
 3.94600e-01
 3.95684e-01
 3.96738e-01
 3.97772e-01
 3.98800e-01
 3.99826e-01
 4.00843e-01
 4.01858e-01
 4.02864e-01
 4.03855e-01
 4.04868e-01
 4.05829e-01
 4.06902e-01
 4.07079e-01
 4.07381e-01
 4.08307e-01
 4.09505e-01
 4.10957e-01
 4.13138e-01
 4.15743e-01
part
         4
hexa8
 4.16942e-01
 4.15110e-01
 4.08349e-01
 3.93659e-01
 3.67715e-01
 3.28578e-01
 2.78110e-01
 2.24025e-01
 1.76049e-01
 1.40970e-01
 1.19276e-01
 1.07849e-01
 1.02764e-01
 1.00877e-01
 1.00263e-01
 1.00077e-01
 1.00022e-01
 1.00006e-01
 1.00002e-01
 1.00000e-01
 1.00000e-01
 1.00000e-01
 1.00000e-01
 1.00000e-01
 1.00000e-01
 4.16945e-01
 4.15120e-01
 4.08360e-01
 3.93668e-01
 3.67722e-01
 3.28582e-01
 2.78113e-01
 2.24026e-01
 1.76049e-01
 1.40970e-01
 1.19276e-01
 1.07849e-01
 1.02764e-01
 1.00877e-01
 1.00263e-01
 1.00077e-01
 1.00022e-01
 1.00006e-01
 1.00002e-01
 1.00000e-01
 1.00000e-01
 1.00000e-01
 1.00000e-01
 1.00000e-01
 1.00000e-01
 4.16960e-01
 4.15136e-01
 4.08373e-01
 3.93678e-01
 3.67729e-01
 3.28587e-01
 2.78116e-01
 2.24028e-01
 1.76050e-01
 1.40970e-01
 1.19276e-01
 1.07849e-01
 1.02764e-01
 1.00877e-01
 1.00263e-01
 1.00077e-01
 1.00022e-01
 1.00006e-01
 1.00002e-01
 1.00000e-01
 1.00000e-01
 1.00000e-01
 1.00000e-01
 1.00000e-01
 1.00000e-01
 4.16975e-01
 4.15144e-01
 4.08377e-01
 3.93681e-01
 3.67731e-01
 3.28589e-01
 2.78118e-01
 2.24029e-01
 1.76051e-01
 1.40971e-01
 1.19276e-01
 1.07849e-01
 1.02764e-01
 1.00877e-01
 1.00263e-01
 1.00077e-01
 1.00022e-01
 1.00006e-01
 1.00002e-01
 1.00000e-01
 1.00000e-01
 1.00000e-01
 1.00000e-01
 1.00000e-01
 1.00000e-01
 4.16979e-01
 4.15141e-01
 4.08373e-01
 3.93678e-01
 3.67730e-01
 3.28589e-01
 2.78119e-01
 2.24030e-01
 1.76051e-01
 1.40971e-01
 1.19276e-01
 1.07849e-01
 1.02764e-01
 1.00877e-01
 1.00263e-01
 1.00077e-01
 1.00022e-01
 1.00006e-01
 1.00002e-01
 1.00000e-01
 1.00000e-01
 1.00000e-01
 1.00000e-01
 1.00000e-01
 1.00000e-01
 4.16969e-01
 4.15136e-01
 4.08369e-01
 3.93673e-01
 3.67725e-01
 3.28584e-01
 2.78114e-01
 2.24027e-01
 1.76050e-01
 1.40970e-01
 1.19276e-01
 1.07849e-01
 1.02764e-01
 1.00877e-01
 1.00263e-01
 1.00077e-01
 1.00022e-01
 1.00006e-01
 1.00002e-01
 1.00000e-01
 1.00000e-01
 1.00000e-01
 1.00000e-01
 1.00000e-01
 1.00000e-01
 4.16977e-01
 4.15149e-01
 4.08381e-01
 3.93683e-01
 3.67732e-01
 3.28588e-01
 2.78116e-01
 2.24028e-01
 1.76050e-01
 1.40970e-01
 1.19276e-01
 1.07849e-01
 1.02764e-01
 1.00877e-01
 1.00263e-01
 1.00077e-01
 1.00022e-01
 1.00006e-01
 1.00002e-01
 1.00000e-01
 1.00000e-01
 1.00000e-01
 1.00000e-01
 1.00000e-01
 1.00000e-01
 4.16991e-01
 4.15165e-01
 4.08394e-01
 3.93693e-01
 3.67739e-01
 3.28593e-01
 2.78119e-01
 2.24029e-01
 1.76051e-01
 1.40971e-01
 1.19276e-01
 1.07849e-01
 1.02764e-01
 1.00877e-01
 1.00263e-01
 1.00077e-01
 1.00022e-01
 1.00006e-01
 1.00002e-01
 1.00000e-01
 1.00000e-01
 1.00000e-01
 1.00000e-01
 1.00000e-01
 1.00000e-01
 4.16999e-01
 4.15168e-01
 4.08396e-01
 3.93695e-01
 3.67741e-01
 3.28595e-01
 2.78121e-01
 2.24031e-01
 1.76052e-01
 1.40971e-01
 1.19276e-01
 1.07849e-01
 1.02764e-01
 1.00877e-01
 1.00263e-01
 1.00077e-01
 1.00022e-01
 1.00006e-01
 1.00002e-01
 1.00000e-01
 1.00000e-01
 1.00000e-01
 1.00000e-01
 1.00000e-01
 1.00000e-01
 4.16998e-01
 4.15163e-01
 4.08391e-01
 3.93691e-01
 3.67740e-01
 3.28595e-01
 2.78122e-01
 2.24031e-01
 1.76052e-01
 1.40971e-01
 1.19276e-01
 1.07849e-01
 1.02764e-01
 1.00877e-01
 1.00263e-01
 1.00077e-01
 1.00022e-01
 1.00006e-01
 1.00002e-01
 1.00000e-01
 1.00000e-01
 1.00000e-01
 1.00000e-01
 1.00000e-01
 1.00000e-01
 4.16992e-01
 4.15160e-01
 4.08388e-01
 3.93688e-01
 3.67736e-01
 3.28592e-01
 2.78119e-01
 2.24029e-01
 1.76051e-01
 1.40971e-01
 1.19276e-01
 1.07849e-01
 1.02764e-01
 1.00877e-01
 1.00263e-01
 1.00077e-01
 1.00022e-01
 1.00006e-01
 1.00002e-01
 1.00000e-01
 1.00000e-01
 1.00000e-01
 1.00000e-01
 1.00000e-01
 1.00000e-01
 4.17008e-01
 4.15177e-01
 4.08402e-01
 3.93698e-01
 3.67743e-01
 3.28596e-01
 2.78121e-01
 2.24031e-01
 1.76051e-01
 1.40971e-01
 1.19276e-01
 1.07849e-01
 1.02764e-01
 1.00877e-01
 1.00263e-01
 1.00077e-01
 1.00022e-01
 1.00006e-01
 1.00002e-01
 1.00000e-01
 1.00000e-01
 1.00000e-01
 1.00000e-01
 1.00000e-01
 1.00000e-01
 4.17021e-01
 4.15193e-01
 4.08415e-01
 3.93708e-01
 3.67750e-01
 3.28601e-01
 2.78124e-01
 2.24032e-01
 1.76052e-01
 1.40971e-01
 1.19276e-01
 1.07849e-01
 1.02764e-01
 1.00877e-01
 1.00263e-01
 1.00077e-01
 1.00022e-01
 1.00006e-01
 1.00002e-01
 1.00000e-01
 1.00000e-01
 1.00000e-01
 1.00000e-01
 1.00000e-01
 1.00000e-01
 4.17022e-01
 4.15192e-01
 4.08415e-01
 3.93709e-01
 3.67752e-01
 3.28603e-01
 2.78126e-01
 2.24033e-01
 1.76053e-01
 1.40971e-01
 1.19277e-01
 1.07849e-01
 1.02764e-01
 1.00877e-01
 1.00263e-01
 1.00077e-01
 1.00022e-01
 1.00006e-01
 1.00002e-01
 1.00000e-01
 1.00000e-01
 1.00000e-01
 1.00000e-01
 1.00000e-01
 1.00000e-01
 4.17017e-01
 4.15183e-01
 4.08408e-01
 3.93705e-01
 3.67750e-01
 3.28603e-01
 2.78127e-01
 2.24034e-01
 1.76053e-01
 1.40971e-01
 1.19277e-01
 1.07849e-01
 1.02764e-01
 1.00877e-01
 1.00263e-01
 1.00077e-01
 1.00022e-01
 1.00006e-01
 1.00002e-01
 1.00000e-01
 1.00000e-01
 1.00000e-01
 1.00000e-01
 1.00000e-01
 1.00000e-01
 4.16990e-01
 4.15160e-01
 4.08391e-01
 3.93692e-01
 3.67741e-01
 3.28596e-01
 2.78123e-01
 2.24032e-01
 1.76052e-01
 1.40971e-01
 1.19276e-01
 1.07849e-01
 1.02764e-01
 1.00877e-01
 1.00263e-01
 1.00077e-01
 1.00022e-01
 1.00006e-01
 1.00002e-01
 1.00000e-01
 1.00000e-01
 1.00000e-01
 1.00000e-01
 1.00000e-01
 1.00000e-01
 4.17010e-01
 4.15180e-01
 4.08406e-01
 3.93703e-01
 3.67748e-01
 3.28601e-01
 2.78125e-01
 2.24033e-01
 1.76053e-01
 1.40971e-01
 1.19276e-01
 1.07849e-01
 1.02764e-01
 1.00877e-01
 1.00263e-01
 1.00077e-01
 1.00022e-01
 1.00006e-01
 1.00002e-01
 1.00000e-01
 1.00000e-01
 1.00000e-01
 1.00000e-01
 1.00000e-01
 1.00000e-01
 4.17028e-01
 4.15197e-01
 4.08419e-01
 3.93713e-01
 3.67755e-01
 3.28606e-01
 2.78128e-01
 2.24035e-01
 1.76053e-01
 1.40971e-01
 1.19277e-01
 1.07849e-01
 1.02764e-01
 1.00877e-01
 1.00263e-01
 1.00077e-01
 1.00022e-01
 1.00006e-01
 1.00002e-01
 1.00000e-01
 1.00000e-01
 1.00000e-01
 1.00000e-01
 1.00000e-01
 1.00000e-01
 4.17028e-01
 4.15195e-01
 4.08419e-01
 3.93713e-01
 3.67757e-01
 3.28608e-01
 2.78130e-01
 2.24036e-01
 1.76054e-01
 1.40972e-01
 1.19277e-01
 1.07849e-01
 1.02764e-01
 1.00877e-01
 1.00263e-01
 1.00077e-01
 1.00022e-01
 1.00006e-01
 1.00002e-01
 1.00000e-01
 1.00000e-01
 1.00000e-01
 1.00000e-01
 1.00000e-01
 1.00000e-01
 4.17020e-01
 4.15185e-01
 4.08411e-01
 3.93709e-01
 3.67755e-01
 3.28607e-01
 2.78131e-01
 2.24037e-01
 1.76054e-01
 1.40972e-01
 1.19277e-01
 1.07849e-01
 1.02764e-01
 1.00877e-01
 1.00263e-01
 1.00077e-01
 1.00022e-01
 1.00006e-01
 1.00002e-01
 1.00000e-01
 1.00000e-01
 1.00000e-01
 1.00000e-01
 1.00000e-01
 1.00000e-01
 4.16974e-01
 4.15147e-01
 4.08384e-01
 3.93690e-01
 3.67741e-01
 3.28598e-01
 2.78125e-01
 2.24033e-01
 1.76053e-01
 1.40971e-01
 1.19277e-01
 1.07849e-01
 1.02764e-01
 1.00877e-01
 1.00263e-01
 1.00077e-01
 1.00022e-01
 1.00006e-01
 1.00002e-01
 1.00000e-01
 1.00000e-01
 1.00000e-01
 1.00000e-01
 1.00000e-01
 1.00000e-01
 4.16998e-01
 4.15169e-01
 4.08400e-01
 3.93701e-01
 3.67748e-01
 3.28602e-01
 2.78127e-01
 2.24034e-01
 1.76053e-01
 1.40972e-01
 1.19277e-01
 1.07849e-01
 1.02764e-01
 1.00877e-01
 1.00263e-01
 1.00077e-01
 1.00022e-01
 1.00006e-01
 1.00002e-01
 1.00000e-01
 1.00000e-01
 1.00000e-01
 1.00000e-01
 1.00000e-01
 1.00000e-01
 4.17021e-01
 4.15189e-01
 4.08414e-01
 3.93711e-01
 3.67755e-01
 3.28607e-01
 2.78130e-01
 2.24036e-01
 1.76054e-01
 1.40972e-01
 1.19277e-01
 1.07849e-01
 1.02764e-01
 1.00877e-01
 1.00263e-01
 1.00077e-01
 1.00022e-01
 1.00006e-01
 1.00002e-01
 1.00000e-01
 1.00000e-01
 1.00000e-01
 1.00000e-01
 1.00000e-01
 1.00000e-01
 4.17023e-01
 4.15188e-01
 4.08414e-01
 3.93711e-01
 3.67757e-01
 3.28609e-01
 2.78132e-01
 2.24037e-01
 1.76055e-01
 1.40972e-01
 1.19277e-01
 1.07849e-01
 1.02764e-01
 1.00877e-01
 1.00263e-01
 1.00077e-01
 1.00022e-01
 1.00006e-01
 1.00002e-01
 1.00000e-01
 1.00000e-01
 1.00000e-01
 1.00000e-01
 1.00000e-01
 1.00000e-01
 4.17014e-01
 4.15177e-01
 4.08406e-01
 3.93707e-01
 3.67755e-01
 3.28609e-01
 2.78132e-01
 2.24038e-01
 1.76055e-01
 1.40972e-01
 1.19277e-01
 1.07849e-01
 1.02764e-01
 1.00877e-01
 1.00263e-01
 1.00077e-01
 1.00022e-01
 1.00006e-01
 1.00002e-01
 1.00000e-01
 1.00000e-01
 1.00000e-01
 1.00000e-01
 1.00000e-01
 1.00000e-01
