1.0000000000000001E-05 1.2057542800903320E-02
2.0500000000000004E-05 2.7340412139892578E-02
3.1525000000000007E-05 3.6460399627685547E-02
4.3101250000000010E-05 4.8050165176391602E-02
5.5256312500000013E-05 6.1465263366699219E-02
6.8019128125000017E-05 7.7458858489990234E-02
8.1420084531250018E-05 8.6883068084716797E-02
9.5491088757812526E-05 1.0133385658264160E-01
1.1026564319570316E-04 1.1278676986694336E-01
1.2577892535548833E-04 1.2897539138793945E-01
1.4206787162326275E-04 1.3837504386901855E-01
1.5917126520442591E-04 1.4846897125244141E-01
1.7712982846464722E-04 1.5866541862487793E-01
1.9598631988787958E-04 1.6867280006408691E-01
2.1578563588227356E-04 1.7761278152465820E-01
2.3657491767638725E-04 1.8704628944396973E-01
2.5840366356020660E-04 1.9692707061767578E-01
2.8132384673821697E-04 2.0598149299621582E-01
3.0539003907512785E-04 2.1476316452026367E-01
3.3065954102888426E-04 2.2423243522644043E-01
3.5719251808032847E-04 2.3421049118041992E-01
3.8505214398434494E-04 2.4287796020507812E-01
4.1430475118356224E-04 2.5267314910888672E-01
4.4501998874274035E-04 2.6131606101989746E-01
4.7727098817987741E-04 2.7116370201110840E-01
5.1113453758887132E-04 2.8038454055786133E-01
5.4669126446831495E-04 2.8945565223693848E-01
5.8402582769173075E-04 2.9928517341613770E-01
6.2322711907631734E-04 3.0788946151733398E-01
6.6438847503013320E-04 3.1899809837341309E-01
7.0760789878163990E-04 3.2778406143188477E-01
7.5298829372072191E-04 3.3649945259094238E-01
8.0063770840675804E-04 3.4671878814697266E-01
8.5066959382709597E-04 3.5613656044006348E-01
9.0320307351845076E-04 3.6487364768981934E-01
9.5836322719437339E-04 3.7396812438964844E-01
1.0162813885540921E-03 3.8461208343505859E-01
1.0770954579817967E-03 3.9340305328369141E-01
1.1409502308808866E-03 4.0194773674011230E-01
1.2079977424249309E-03 4.1160821914672852E-01
1.2783976295461775E-03 4.2139315605163574E-01
1.3523175110234863E-03 4.3005084991455078E-01
1.4299333865746607E-03 4.3985319137573242E-01
1.5114300559033939E-03 4.4995570182800293E-01
1.5970015586985638E-03 4.5865535736083984E-01
1.6868516366334921E-03 4.6787691116333008E-01
1.7811942184651668E-03 4.7692227363586426E-01
1.8802539293884253E-03 4.8680043220520020E-01
1.9842666258578466E-03 4.9563241004943848E-01
2.0934799571507390E-03 5.1436758041381836E-01
2.2081539550082760E-03 5.2246499061584473E-01
2.3285616527586898E-03 5.3155183792114258E-01
2.4549897353966245E-03 5.4025173187255859E-01
2.5877392221664557E-03 5.5021476745605469E-01
2.7271261832747785E-03 5.5883455276489258E-01
2.8734824924385176E-03 5.6836533546447754E-01
3.0271566170604436E-03 5.7698416709899902E-01
3.1885144479134658E-03 5.8664846420288086E-01
3.3579401703091394E-03 5.9680676460266113E-01
3.5358371788245966E-03 6.0640096664428711E-01
3.7226290377658268E-03 6.1518239974975586E-01
3.9187604896541179E-03 6.2422633171081543E-01
4.1246985141368238E-03 6.3498950004577637E-01
4.3409334398436649E-03 6.4387130737304688E-01
4.5679801118358480E-03 6.5256714820861816E-01
4.8063791174276409E-03 6.6235327720642090E-01
5.0566980732990232E-03 6.7216849327087402E-01
5.3195329769639742E-03 6.8088173866271973E-01
5.5955096258121732E-03 6.9067740440368652E-01
5.8852851071027820E-03 7.0064902305603027E-01
6.1895493624579212E-03 7.0953321456909180E-01
6.5090268305808179E-03 7.1875882148742676E-01
6.8444781721098587E-03 7.2795581817626953E-01
7.1967020807153521E-03 7.3778748512268066E-01
7.5665371847511197E-03 7.4652147293090820E-01
7.9548640439886763E-03 7.5620484352111816E-01
8.3626072461881109E-03 7.6625418663024902E-01
8.7907376084975161E-03 7.7498960494995117E-01
9.2402744889223919E-03 7.8513860702514648E-01
9.7122882133685116E-03 7.9389977455139160E-01
1.0207902624036938E-02 8.0367112159729004E-01
1.0728297755238786E-02 8.1324648857116699E-01
1.1274712643000725E-02 8.2253623008728027E-01
1.1848448275150761E-02 8.3263874053955078E-01
1.2450870688908299E-02 8.4155941009521484E-01
1.3083414223353716E-02 8.5215210914611816E-01
1.3747584934521401E-02 8.6094784736633301E-01
1.4444964181247473E-02 8.6961793899536133E-01
1.5177212390309848E-02 8.7950181961059570E-01
1.5946073009825340E-02 8.8925576210021973E-01
1.6753376660316607E-02 8.9794015884399414E-01
1.7601045493332440E-02 9.0768051147460938E-01
1.8491097767999062E-02 9.1784739494323730E-01
1.9425652656399017E-02 9.2664909362792969E-01
2.0406935289218969E-02 9.3545627593994141E-01
2.1437282053679920E-02 9.4465351104736328E-01
2.2519146156363919E-02 9.5439934730529785E-01
2.3655103464182117E-02 9.6309351921081543E-01
2.4847858637391224E-02 9.7286295890808105E-01
2.6100251569260786E-02 9.9151849746704102E-01
2.7415264147723824E-02 1.0009131431579590E+00
2.8796027355110016E-02 1.0097823143005371E+00
3.0245828722865516E-02 1.0194754600524902E+00
3.1768120159008796E-02 1.0281713008880615E+00
3.3366526166959239E-02 1.0377271175384521E+00
3.5044852475307205E-02 1.0464012622833252E+00
3.6807095099072568E-02 1.0564386844635010E+00
3.8657449854026193E-02 1.0677931308746338E+00
4.0600322346727502E-02 1.0766170024871826E+00
4.2640338464063877E-02 1.0853147506713867E+00
4.4763194766852386E-02 1.0947315692901611E+00
4.6877619936110129E-02 1.1053671836853027E+00
4.8976815153503578E-02 1.1143350601196289E+00
5.1078499108647347E-02 1.1232013702392578E+00
5.3192842954184222E-02 1.1341836452484131E+00
5.5300961666118434E-02 1.1430585384368896E+00
5.7398844941409864E-02 1.1517543792724609E+00
5.9496559409106441E-02 1.1612398624420166E+00
6.1602229481304484E-02 1.1711702346801758E+00
6.3707829564915983E-02 1.1799645423889160E+00
6.5804612859660327E-02 1.1896047592163086E+00
6.7899949945987012E-02 1.1999559402465820E+00
6.9999899113137753E-02 1.2087616920471191E+00
7.2103824005994313E-02 1.2179968357086182E+00
7.4200658041999254E-02 1.2271499633789062E+00
7.6295353659914328E-02 1.2369229793548584E+00
7.8392204722538716E-02 1.2456367015838623E+00
8.0495505168774517E-02 1.2550544738769531E+00
8.2593219754134278E-02 1.2637677192687988E+00
8.4688443795119570E-02 1.2734045982360840E+00
8.6783955441549473E-02 1.2827925682067871E+00
8.8882931619866365E-02 1.2918286323547363E+00
9.0982918840645494E-02 1.3020472526550293E+00
9.3080159386063899E-02 1.3109917640686035E+00
9.5176162954565616E-02 1.3203794956207275E+00
9.7273089169873553E-02 1.3290560245513916E+00
9.9372990257964172E-02 1.3390066623687744E+00
1.0147321910390654E-01 1.3499624729156494E+00
1.0357251770618463E-01 1.3587977886199951E+00
1.0567142726252841E-01 1.3675072193145752E+00
1.0777097706054235E-01 1.3769185543060303E+00
1.0987302748585015E-01 1.3869543075561523E+00
1.1197470560356894E-01 1.3957476615905762E+00
1.1407607692757800E-01 1.4043848514556885E+00
1.1617718740583080E-01 1.4139690399169922E+00
1.1827875601523927E-01 1.4236567020416260E+00
1.2038181726780824E-01 1.4323227405548096E+00
1.2248459058943034E-01 1.4420242309570312E+00
1.2458709011352886E-01 1.4521253108978271E+00
1.2668930656670679E-01 1.4694416522979736E+00
1.2879202401589307E-01 1.4781751632690430E+00
1.3089565127878536E-01 1.4878129959106445E+00
1.3299900023510536E-01 1.4964296817779541E+00
1.3510206994459778E-01 1.5058140754699707E+00
1.3720485979795635E-01 1.5158643722534180E+00
1.3930832660498330E-01 1.5246276855468750E+00
1.4141262214940872E-01 1.5344727039337158E+00
1.4351665154729404E-01 1.5431711673736572E+00
1.4562042789155941E-01 1.5531194210052490E+00
1.4772397844691212E-01 1.5627071857452393E+00
1.4982830539831085E-01 1.5731406211853027E+00
1.5193305810032542E-01 1.5819234848022461E+00
1.5403758463241016E-01 1.5907714366912842E+00
1.5614191151823711E-01 1.6015675067901611E+00
1.5824606165506500E-01 1.6104001998901367E+00
1.6035110940035008E-01 1.6190395355224609E+00
1.6245623793264866E-01 1.6287777423858643E+00
1.6456118897802532E-01 1.6385471820831299E+00
1.6666598167357613E-01 1.6471903324127197E+00
1.6877063289523611E-01 1.6568276882171631E+00
1.7087620623343466E-01 1.6671581268310547E+00
1.7298162015908264E-01 1.6758432388305664E+00
1.7508689058662466E-01 1.6849176883697510E+00
1.7719203186727753E-01 1.6940593719482422E+00
1.7929712444087173E-01 1.7040531635284424E+00
1.8140285164352751E-01 1.7127742767333984E+00
1.8350844766944202E-01 1.7224104404449463E+00
1.8561392466988733E-01 1.7312648296356201E+00
1.8771929137569854E-01 1.7406926155090332E+00
1.8982472489660904E-01 1.7504801750183105E+00
1.9193061188937488E-01 1.7591028213500977E+00
1.9403638861265363E-01 1.7688822746276855E+00
1.9614206263025485E-01 1.7775819301605225E+00
1.9824763938080034E-01 1.7869212627410889E+00
