PseudoViscosity
part
         1
hexa8
 0.00000e+00
 0.00000e+00
 0.00000e+00
 0.00000e+00
 0.00000e+00
 0.00000e+00
 0.00000e+00
 0.00000e+00
 0.00000e+00
 0.00000e+00
 0.00000e+00
 0.00000e+00
 0.00000e+00
 0.00000e+00
 0.00000e+00
 0.00000e+00
 0.00000e+00
 0.00000e+00
 0.00000e+00
 0.00000e+00
 0.00000e+00
 0.00000e+00
 0.00000e+00
 0.00000e+00
 0.00000e+00
 0.00000e+00
 0.00000e+00
 0.00000e+00
 0.00000e+00
 0.00000e+00
 0.00000e+00
 0.00000e+00
 0.00000e+00
 0.00000e+00
 0.00000e+00
 0.00000e+00
 0.00000e+00
 0.00000e+00
 0.00000e+00
 0.00000e+00
 0.00000e+00
 0.00000e+00
 0.00000e+00
 0.00000e+00
 0.00000e+00
 0.00000e+00
 0.00000e+00
 0.00000e+00
 0.00000e+00
 0.00000e+00
 0.00000e+00
 0.00000e+00
 0.00000e+00
 0.00000e+00
 0.00000e+00
 1.37976e-04
 1.30840e-06
 0.00000e+00
 1.62122e-02
 2.86883e-02
 4.38235e-02
 5.71646e-02
 4.95220e-02
 3.40410e-02
 2.06877e-02
 8.60405e-03
 3.06334e-03
 9.91268e-04
 2.99053e-04
 8.55066e-05
 2.33455e-05
 6.10512e-06
 1.53179e-06
 3.69223e-07
 8.56018e-08
 1.91106e-08
 4.11290e-09
 8.54149e-10
 1.71386e-10
 3.32620e-11
 6.14323e-12
 1.17269e-12
 1.51541e-13
 1.16570e-14
 1.91166e-30
 0.00000e+00
 0.00000e+00
 0.00000e+00
 0.00000e+00
 0.00000e+00
 0.00000e+00
 7.76311e-30
 2.33140e-14
 4.32451e-29
 2.56453e-14
 2.33365e-29
 0.00000e+00
 1.16570e-14
 2.91984e-29
 4.89593e-14
 0.00000e+00
 0.00000e+00
 0.00000e+00
 0.00000e+00
 0.00000e+00
 0.00000e+00
 0.00000e+00
 0.00000e+00
 0.00000e+00
 0.00000e+00
 0.00000e+00
 0.00000e+00
 0.00000e+00
 0.00000e+00
 0.00000e+00
 0.00000e+00
 0.00000e+00
 0.00000e+00
 0.00000e+00
 0.00000e+00
 0.00000e+00
 0.00000e+00
 0.00000e+00
 0.00000e+00
 0.00000e+00
 0.00000e+00
 0.00000e+00
 0.00000e+00
 0.00000e+00
 0.00000e+00
 0.00000e+00
 0.00000e+00
 0.00000e+00
 0.00000e+00
 0.00000e+00
 0.00000e+00
 0.00000e+00
 0.00000e+00
 0.00000e+00
 0.00000e+00
 0.00000e+00
 0.00000e+00
 0.00000e+00
 0.00000e+00
 0.00000e+00
 0.00000e+00
 0.00000e+00
 0.00000e+00
 0.00000e+00
 0.00000e+00
 0.00000e+00
 0.00000e+00
 0.00000e+00
 0.00000e+00
 0.00000e+00
 1.37030e-04
 1.29942e-06
 0.00000e+00
 1.62353e-02
 2.87221e-02
 4.38543e-02
 5.71696e-02
 4.95142e-02
 3.40376e-02
 2.06897e-02
 8.60539e-03
 3.06361e-03
 9.91329e-04
 2.99066e-04
 8.55094e-05
 2.33461e-05
 6.10525e-06
 1.53182e-06
 3.69229e-07
 8.56031e-08
 1.91110e-08
 4.11293e-09
 8.54137e-10
 1.71397e-10
 3.32154e-11
 6.17587e-12
 1.23331e-12
 1.51541e-13
 6.99419e-14
 1.73385e-29
 0.00000e+00
 0.00000e+00
 0.00000e+00
 0.00000e+00
 0.00000e+00
 0.00000e+00
 2.11015e-46
 4.63062e-31
 0.00000e+00
 3.51123e-32
 5.82849e-14
 4.76355e-29
 2.11558e-30
 4.14489e-46
 3.54329e-30
 0.00000e+00
 0.00000e+00
 0.00000e+00
 0.00000e+00
 0.00000e+00
 0.00000e+00
 0.00000e+00
 0.00000e+00
 0.00000e+00
 0.00000e+00
 0.00000e+00
 0.00000e+00
 0.00000e+00
 0.00000e+00
 0.00000e+00
 0.00000e+00
 0.00000e+00
 0.00000e+00
 0.00000e+00
 0.00000e+00
 0.00000e+00
 0.00000e+00
 0.00000e+00
 0.00000e+00
 0.00000e+00
 0.00000e+00
 0.00000e+00
 0.00000e+00
 0.00000e+00
 0.00000e+00
 0.00000e+00
 0.00000e+00
 0.00000e+00
 0.00000e+00
 0.00000e+00
 0.00000e+00
 0.00000e+00
 0.00000e+00
 0.00000e+00
 0.00000e+00
 0.00000e+00
 0.00000e+00
 0.00000e+00
 0.00000e+00
 0.00000e+00
 0.00000e+00
 0.00000e+00
 0.00000e+00
 0.00000e+00
 0.00000e+00
 0.00000e+00
 0.00000e+00
 0.00000e+00
 0.00000e+00
 0.00000e+00
 1.36819e-04
 1.29743e-06
 0.00000e+00
 1.62578e-02
 2.87435e-02
 4.38609e-02
 5.71564e-02
 4.95038e-02
 3.40354e-02
 2.06913e-02
 8.60719e-03
 3.06400e-03
 9.91416e-04
 2.99085e-04
 8.55135e-05
 2.33471e-05
 6.10546e-06
 1.53186e-06
 3.69239e-07
 8.56051e-08
 1.91113e-08
 4.11293e-09
 8.54172e-10
 1.71386e-10
 3.32387e-11
 6.19918e-12
 1.12606e-12
 2.00500e-13
 3.49709e-14
 9.63858e-30
 0.00000e+00
 0.00000e+00
 0.00000e+00
 0.00000e+00
 0.00000e+00
 0.00000e+00
 5.32655e-47
 6.37737e-32
 1.53762e-29
 2.56453e-14
 4.92626e-30
 7.20859e-31
 1.26363e-46
 1.74503e-29
 1.16570e-14
 0.00000e+00
 0.00000e+00
 0.00000e+00
 0.00000e+00
 0.00000e+00
 0.00000e+00
 0.00000e+00
 0.00000e+00
 0.00000e+00
 0.00000e+00
 0.00000e+00
 0.00000e+00
 0.00000e+00
 0.00000e+00
 0.00000e+00
 0.00000e+00
 0.00000e+00
 0.00000e+00
 0.00000e+00
 0.00000e+00
 0.00000e+00
 0.00000e+00
 0.00000e+00
 0.00000e+00
 0.00000e+00
 0.00000e+00
 0.00000e+00
 0.00000e+00
 0.00000e+00
 0.00000e+00
 0.00000e+00
 0.00000e+00
 0.00000e+00
 0.00000e+00
 0.00000e+00
 0.00000e+00
 0.00000e+00
 0.00000e+00
 0.00000e+00
 0.00000e+00
 0.00000e+00
 0.00000e+00
 0.00000e+00
 0.00000e+00
 0.00000e+00
 0.00000e+00
 0.00000e+00
 0.00000e+00
 0.00000e+00
 0.00000e+00
 0.00000e+00
 0.00000e+00
 0.00000e+00
 0.00000e+00
 0.00000e+00
 1.38535e-04
 1.31372e-06
 0.00000e+00
 1.62609e-02
 2.87352e-02
 4.38375e-02
 5.71349e-02
 4.94942e-02
 3.40334e-02
 2.06922e-02
 8.60854e-03
 3.06432e-03
 9.91488e-04
 2.99101e-04
 8.55171e-05
 2.33479e-05
 6.10565e-06
 1.53191e-06
 3.69249e-07
 8.56072e-08
 1.91118e-08
 4.11305e-09
 8.54172e-10
 1.71386e-10
 3.31781e-11
 6.18985e-12
 1.23331e-12
 1.88843e-13
 4.59278e-28
 7.69621e-46
 0.00000e+00
 0.00000e+00
 0.00000e+00
 0.00000e+00
 0.00000e+00
 0.00000e+00
 1.70501e-30
 9.32558e-15
 3.07933e-29
 3.49709e-14
 2.92825e-29
 1.32656e-46
 1.79309e-63
 7.61295e-30
 1.16570e-14
 0.00000e+00
 0.00000e+00
 0.00000e+00
 0.00000e+00
 0.00000e+00
 0.00000e+00
 0.00000e+00
 0.00000e+00
 0.00000e+00
 0.00000e+00
 0.00000e+00
 0.00000e+00
 0.00000e+00
 0.00000e+00
 0.00000e+00
 0.00000e+00
 0.00000e+00
 0.00000e+00
 0.00000e+00
 0.00000e+00
 0.00000e+00
 0.00000e+00
 0.00000e+00
 0.00000e+00
 0.00000e+00
 0.00000e+00
 0.00000e+00
 0.00000e+00
 0.00000e+00
 0.00000e+00
 0.00000e+00
 0.00000e+00
 0.00000e+00
 0.00000e+00
 0.00000e+00
 0.00000e+00
 0.00000e+00
 0.00000e+00
 0.00000e+00
 0.00000e+00
 0.00000e+00
 0.00000e+00
 0.00000e+00
 0.00000e+00
 0.00000e+00
 0.00000e+00
 0.00000e+00
 0.00000e+00
 0.00000e+00
 0.00000e+00
 0.00000e+00
 0.00000e+00
 0.00000e+00
 0.00000e+00
 0.00000e+00
 1.40192e-04
 1.32943e-06
 0.00000e+00
 1.62573e-02
 2.87215e-02
 4.38116e-02
 5.71140e-02
 4.94853e-02
 3.40313e-02
 2.06927e-02
 8.60915e-03
 3.06448e-03
 9.91526e-04
 2.99109e-04
 8.55190e-05
 2.33483e-05
 6.10576e-06
 1.53193e-06
 3.69254e-07
 8.56084e-08
 1.91120e-08
 4.11306e-09
 8.54195e-10
 1.71341e-10
 3.32247e-11
 6.15255e-12
 1.16337e-12
 2.12157e-13
 3.49709e-14
 9.78515e-30
 0.00000e+00
 0.00000e+00
 0.00000e+00
 0.00000e+00
 0.00000e+00
 0.00000e+00
 4.36505e-47
 4.87763e-31
 7.16651e-29
 4.66279e-14
 7.43725e-29
 1.03796e-30
 4.87220e-46
 4.59008e-46
 2.11277e-30
 0.00000e+00
 0.00000e+00
 0.00000e+00
 0.00000e+00
 0.00000e+00
 0.00000e+00
 0.00000e+00
 0.00000e+00
 0.00000e+00
 0.00000e+00
 0.00000e+00
 0.00000e+00
 0.00000e+00
 0.00000e+00
 0.00000e+00
 0.00000e+00
 0.00000e+00
 0.00000e+00
 0.00000e+00
 0.00000e+00
 0.00000e+00
 0.00000e+00
 0.00000e+00
 0.00000e+00
 0.00000e+00
 0.00000e+00
 0.00000e+00
 0.00000e+00
 0.00000e+00
 0.00000e+00
 0.00000e+00
 0.00000e+00
 0.00000e+00
 0.00000e+00
 0.00000e+00
 0.00000e+00
 0.00000e+00
 0.00000e+00
 0.00000e+00
 0.00000e+00
 0.00000e+00
 0.00000e+00
 0.00000e+00
 0.00000e+00
 0.00000e+00
 0.00000e+00
 0.00000e+00
 0.00000e+00
 0.00000e+00
 0.00000e+00
 0.00000e+00
 0.00000e+00
 0.00000e+00
 0.00000e+00
 0.00000e+00
 1.40793e-04
 1.33510e-06
 0.00000e+00
 1.62532e-02
 2.87109e-02
 4.37965e-02
 5.71005e-02
 4.94783e-02
 3.40274e-02
 2.06899e-02
 8.60726e-03
 3.06414e-03
 9.91504e-04
 2.99117e-04
 8.55225e-05
 2.33492e-05
 6.10593e-06
 1.53196e-06
 3.69256e-07
 8.56081e-08
 1.91118e-08
 4.11302e-09
 8.54186e-10
 1.71409e-10
 3.32364e-11
 6.18985e-12
 1.16337e-12
 1.28227e-13
 6.99419e-14
 1.27144e-29
 0.00000e+00
 0.00000e+00
 0.00000e+00
 0.00000e+00
 0.00000e+00
 0.00000e+00
 0.00000e+00
 0.00000e+00
 1.73040e-29
 1.39884e-14
 1.43507e-29
 0.00000e+00
 0.00000e+00
 7.49484e-30
 2.33140e-14
 0.00000e+00
 0.00000e+00
 0.00000e+00
 0.00000e+00
 0.00000e+00
 0.00000e+00
 0.00000e+00
 0.00000e+00
 0.00000e+00
 0.00000e+00
 0.00000e+00
 0.00000e+00
 0.00000e+00
 0.00000e+00
 0.00000e+00
 0.00000e+00
 0.00000e+00
 0.00000e+00
 0.00000e+00
 0.00000e+00
 0.00000e+00
 0.00000e+00
 0.00000e+00
 0.00000e+00
 0.00000e+00
 0.00000e+00
 0.00000e+00
 0.00000e+00
 0.00000e+00
 0.00000e+00
 0.00000e+00
 0.00000e+00
 0.00000e+00
 0.00000e+00
 0.00000e+00
 0.00000e+00
 0.00000e+00
 0.00000e+00
 0.00000e+00
 0.00000e+00
 0.00000e+00
 0.00000e+00
 0.00000e+00
 0.00000e+00
 0.00000e+00
 0.00000e+00
 0.00000e+00
 0.00000e+00
 0.00000e+00
 0.00000e+00
 0.00000e+00
 0.00000e+00
 0.00000e+00
 0.00000e+00
 0.00000e+00
 1.39924e-04
 1.32686e-06
 0.00000e+00
 1.62452e-02
 2.86988e-02
 4.37796e-02
 5.70850e-02
 4.94651e-02
 3.40186e-02
 2.06890e-02
 8.60806e-03
 3.06437e-03
 9.91556e-04
 2.99127e-04
 8.55249e-05
 2.33498e-05
 6.10605e-06
 1.53198e-06
 3.69262e-07
 8.56094e-08
 1.91121e-08
 4.11311e-09
 8.54151e-10
 1.71418e-10
 3.32853e-11
 6.20151e-12
 1.14005e-12
 2.14488e-13
 2.02831e-13
 6.60994e-29
 0.00000e+00
 0.00000e+00
 0.00000e+00
 0.00000e+00
 0.00000e+00
 0.00000e+00
 1.40878e-47
 3.49386e-33
 4.17270e-29
 3.73023e-14
 2.72234e-29
 2.09826e-14
 1.97234e-29
 2.33140e-14
 1.16570e-14
 0.00000e+00
 0.00000e+00
 0.00000e+00
 0.00000e+00
 0.00000e+00
 0.00000e+00
 0.00000e+00
 0.00000e+00
 0.00000e+00
 0.00000e+00
 0.00000e+00
 0.00000e+00
 0.00000e+00
 0.00000e+00
 0.00000e+00
 0.00000e+00
 0.00000e+00
 0.00000e+00
 0.00000e+00
 0.00000e+00
 0.00000e+00
 0.00000e+00
 0.00000e+00
 0.00000e+00
 0.00000e+00
 0.00000e+00
 0.00000e+00
 0.00000e+00
 0.00000e+00
 0.00000e+00
 0.00000e+00
 0.00000e+00
 0.00000e+00
 0.00000e+00
 0.00000e+00
 0.00000e+00
 0.00000e+00
 0.00000e+00
 0.00000e+00
 0.00000e+00
 0.00000e+00
 0.00000e+00
 0.00000e+00
 0.00000e+00
 0.00000e+00
 0.00000e+00
 0.00000e+00
 0.00000e+00
 0.00000e+00
 0.00000e+00
 0.00000e+00
 0.00000e+00
 0.00000e+00
 0.00000e+00
 0.00000e+00
 1.40022e-04
 1.32781e-06
 0.00000e+00
 1.62329e-02
 2.86771e-02
 4.37578e-02
 5.70684e-02
 4.94527e-02
 3.40131e-02
 2.06880e-02
 8.60908e-03
 3.06466e-03
 9.91618e-04
 2.99141e-04
 8.55280e-05
 2.33505e-05
 6.10623e-06
 1.53203e-06
 3.69271e-07
 8.56114e-08
 1.91125e-08
 4.11316e-09
 8.54209e-10
 1.71362e-10
 3.31921e-11
 6.23648e-12
 1.15171e-12
 2.26145e-13
 6.06163e-14
 8.89187e-30
 0.00000e+00
 0.00000e+00
 0.00000e+00
 0.00000e+00
 0.00000e+00
 0.00000e+00
 1.24843e-30
 9.32558e-15
 1.35445e-45
 5.99004e-31
 2.93395e-46
 2.09826e-14
 9.46969e-30
 8.55530e-31
 1.34240e-29
 0.00000e+00
 0.00000e+00
 0.00000e+00
 0.00000e+00
 0.00000e+00
 0.00000e+00
 0.00000e+00
 0.00000e+00
 0.00000e+00
 0.00000e+00
 0.00000e+00
 0.00000e+00
 0.00000e+00
 0.00000e+00
 0.00000e+00
 0.00000e+00
 0.00000e+00
 0.00000e+00
 0.00000e+00
 0.00000e+00
 0.00000e+00
 0.00000e+00
 0.00000e+00
 0.00000e+00
 0.00000e+00
 0.00000e+00
 0.00000e+00
 0.00000e+00
 0.00000e+00
 0.00000e+00
 0.00000e+00
 0.00000e+00
 0.00000e+00
 0.00000e+00
 0.00000e+00
 0.00000e+00
 0.00000e+00
 0.00000e+00
 0.00000e+00
 0.00000e+00
 0.00000e+00
 0.00000e+00
 0.00000e+00
 0.00000e+00
 0.00000e+00
 0.00000e+00
 0.00000e+00
 0.00000e+00
 0.00000e+00
 0.00000e+00
 0.00000e+00
 0.00000e+00
 0.00000e+00
 0.00000e+00
 0.00000e+00
 1.37388e-04
 1.30284e-06
 0.00000e+00
 1.62250e-02
 2.86718e-02
 4.37506e-02
 5.70598e-02
 4.94533e-02
 3.40154e-02
 2.06891e-02
 8.60988e-03
 3.06485e-03
 9.91656e-04
 2.99150e-04
 8.55302e-05
 2.33511e-05
 6.10639e-06
 1.53207e-06
 3.69281e-07
 8.56135e-08
 1.91129e-08
 4.11332e-09
 8.54200e-10
 1.71397e-10
 3.31781e-11
 6.23648e-12
 1.16103e-12
 2.02831e-13
 5.17260e-28
 2.43634e-46
 0.00000e+00
 0.00000e+00
 0.00000e+00
 0.00000e+00
 0.00000e+00
 0.00000e+00
 2.88794e-47
 1.97084e-30
 9.32558e-15
 3.49709e-14
 2.56453e-14
 1.25193e-29
 2.33140e-14
 7.50573e-29
 4.66279e-14
 0.00000e+00
 0.00000e+00
 0.00000e+00
 0.00000e+00
 0.00000e+00
 0.00000e+00
 0.00000e+00
 0.00000e+00
 0.00000e+00
 0.00000e+00
 0.00000e+00
 0.00000e+00
 0.00000e+00
 0.00000e+00
 0.00000e+00
 0.00000e+00
 0.00000e+00
 0.00000e+00
 0.00000e+00
 0.00000e+00
 0.00000e+00
 0.00000e+00
 0.00000e+00
 0.00000e+00
 0.00000e+00
 0.00000e+00
 0.00000e+00
 0.00000e+00
 0.00000e+00
 0.00000e+00
 0.00000e+00
 0.00000e+00
 0.00000e+00
 0.00000e+00
 0.00000e+00
 0.00000e+00
 0.00000e+00
 0.00000e+00
 0.00000e+00
 0.00000e+00
 0.00000e+00
 0.00000e+00
 0.00000e+00
 0.00000e+00
 0.00000e+00
 0.00000e+00
 0.00000e+00
 0.00000e+00
 0.00000e+00
 0.00000e+00
 0.00000e+00
 0.00000e+00
 0.00000e+00
 0.00000e+00
 0.00000e+00
 1.38061e-04
 1.30922e-06
 0.00000e+00
 1.62176e-02
 2.86629e-02
 4.37456e-02
 5.70651e-02
 4.94613e-02
 3.40238e-02
 2.06908e-02
 8.61018e-03
 3.06491e-03
 9.91666e-04
 2.99153e-04
 8.55312e-05
 2.33514e-05
 6.10648e-06
 1.53209e-06
 3.69286e-07
 8.56146e-08
 1.91132e-08
 4.11330e-09
 8.54233e-10
 1.71360e-10
 3.32737e-11
 6.18985e-12
 1.13772e-12
 2.02831e-13
 3.49709e-14
 4.61437e-30
 0.00000e+00
 0.00000e+00
 0.00000e+00
 0.00000e+00
 0.00000e+00
 0.00000e+00
 1.07332e-64
 3.98625e-47
 3.32397e-29
 3.49709e-14
 2.33140e-14
 1.16570e-14
 3.98547e-30
 1.23433e-44
 2.62992e-29
 0.00000e+00
 0.00000e+00
 0.00000e+00
 0.00000e+00
 0.00000e+00
 0.00000e+00
 0.00000e+00
 0.00000e+00
 0.00000e+00
 0.00000e+00
 0.00000e+00
 0.00000e+00
 0.00000e+00
 0.00000e+00
 0.00000e+00
 0.00000e+00
 0.00000e+00
 0.00000e+00
 0.00000e+00
 0.00000e+00
 0.00000e+00
 0.00000e+00
 0.00000e+00
 0.00000e+00
 0.00000e+00
 0.00000e+00
 0.00000e+00
 0.00000e+00
 0.00000e+00
 0.00000e+00
 0.00000e+00
 0.00000e+00
 0.00000e+00
 0.00000e+00
 0.00000e+00
 0.00000e+00
 0.00000e+00
 0.00000e+00
 0.00000e+00
 0.00000e+00
 0.00000e+00
 0.00000e+00
 0.00000e+00
 0.00000e+00
 0.00000e+00
 0.00000e+00
 0.00000e+00
 0.00000e+00
 0.00000e+00
 0.00000e+00
 0.00000e+00
 0.00000e+00
 0.00000e+00
 0.00000e+00
 0.00000e+00
 1.36941e-04
 1.29854e-06
 0.00000e+00
 1.62082e-02
 2.86603e-02
 4.37503e-02
 5.70845e-02
 4.94887e-02
 3.40419e-02
 2.06981e-02
 8.61097e-03
 3.06551e-03
 9.91905e-04
 2.99223e-04
 8.55488e-05
 2.33553e-05
 6.10726e-06
 1.53223e-06
 3.69310e-07
 8.56183e-08
 1.91137e-08
 4.11329e-09
 8.54198e-10
 1.71374e-10
 3.32620e-11
 6.14323e-12
 1.13772e-12
 1.30558e-13
 9.55872e-14
 2.31070e-29
 0.00000e+00
 0.00000e+00
 0.00000e+00
 0.00000e+00
 0.00000e+00
 0.00000e+00
 0.00000e+00
 0.00000e+00
 4.82585e-46
 8.93886e-31
 2.33140e-14
 8.21123e-30
 0.00000e+00
 1.16570e-14
 1.60317e-30
 0.00000e+00
 0.00000e+00
 0.00000e+00
 0.00000e+00
 0.00000e+00
 0.00000e+00
 0.00000e+00
 0.00000e+00
 0.00000e+00
 0.00000e+00
 0.00000e+00
 0.00000e+00
 0.00000e+00
 0.00000e+00
 0.00000e+00
 0.00000e+00
 0.00000e+00
 0.00000e+00
 0.00000e+00
 0.00000e+00
 0.00000e+00
 0.00000e+00
 0.00000e+00
 0.00000e+00
 0.00000e+00
 0.00000e+00
 0.00000e+00
 0.00000e+00
 0.00000e+00
 0.00000e+00
 0.00000e+00
 0.00000e+00
 0.00000e+00
 0.00000e+00
 0.00000e+00
 0.00000e+00
 0.00000e+00
 0.00000e+00
 0.00000e+00
 0.00000e+00
 0.00000e+00
 0.00000e+00
 0.00000e+00
 0.00000e+00
 0.00000e+00
 0.00000e+00
 0.00000e+00
 0.00000e+00
 0.00000e+00
 0.00000e+00
 0.00000e+00
 0.00000e+00
 0.00000e+00
 0.00000e+00
 0.00000e+00
 1.36441e-04
 1.29381e-06
 0.00000e+00
 1.62172e-02
 2.86734e-02
 4.37708e-02
 5.71071e-02
 4.95031e-02
 3.40482e-02
 2.07006e-02
 8.61141e-03
 3.06564e-03
 9.91936e-04
 2.99230e-04
 8.55504e-05
 2.33557e-05
 6.10736e-06
 1.53226e-06
 3.69316e-07
 8.56196e-08
 1.91140e-08
 4.11332e-09
 8.54219e-10
 1.71376e-10
 3.32620e-11
 6.11758e-12
 1.17269e-12
 1.77186e-13
 6.06163e-14
 6.61705e-30
 0.00000e+00
 0.00000e+00
 0.00000e+00
 0.00000e+00
 0.00000e+00
 0.00000e+00
 4.19509e-64
 1.26975e-48
 4.18693e-45
 1.17640e-29
 5.59535e-14
 2.07143e-29
 2.33140e-14
 2.37558e-30
 1.30148e-30
 0.00000e+00
 0.00000e+00
 0.00000e+00
 0.00000e+00
 0.00000e+00
 0.00000e+00
 0.00000e+00
 0.00000e+00
 0.00000e+00
 0.00000e+00
 0.00000e+00
 0.00000e+00
 0.00000e+00
 0.00000e+00
 0.00000e+00
 0.00000e+00
 0.00000e+00
 0.00000e+00
 0.00000e+00
 0.00000e+00
 0.00000e+00
 0.00000e+00
 0.00000e+00
 0.00000e+00
 0.00000e+00
 0.00000e+00
 0.00000e+00
 0.00000e+00
 0.00000e+00
 0.00000e+00
 0.00000e+00
 0.00000e+00
 0.00000e+00
 0.00000e+00
 0.00000e+00
 0.00000e+00
 0.00000e+00
 0.00000e+00
 0.00000e+00
 0.00000e+00
 0.00000e+00
 0.00000e+00
 0.00000e+00
 0.00000e+00
 0.00000e+00
 0.00000e+00
 0.00000e+00
 0.00000e+00
 0.00000e+00
 0.00000e+00
 0.00000e+00
 0.00000e+00
 0.00000e+00
 0.00000e+00
 0.00000e+00
 1.35823e-04
 1.28794e-06
 0.00000e+00
 1.61961e-02
 2.86649e-02
 4.37837e-02
 5.71270e-02
 4.95136e-02
 3.40538e-02
 2.07032e-02
 8.61170e-03
 3.06569e-03
 9.91948e-04
 2.99234e-04
 8.55518e-05
 2.33562e-05
 6.10749e-06
 1.53229e-06
 3.69325e-07
 8.56216e-08
 1.91144e-08
 4.11344e-09
 8.54233e-10
 1.71386e-10
 3.32387e-11
 6.13157e-12
 1.16337e-12
 1.30558e-13
 3.31472e-28
 3.48943e-46
 0.00000e+00
 0.00000e+00
 0.00000e+00
 0.00000e+00
 0.00000e+00
 0.00000e+00
 3.57827e-47
 7.03658e-31
 3.77325e-29
 3.49709e-14
 3.49709e-14
 1.89633e-29
 3.49709e-14
 2.56453e-14
 2.64320e-29
 0.00000e+00
 0.00000e+00
 0.00000e+00
 0.00000e+00
 0.00000e+00
 0.00000e+00
 0.00000e+00
 0.00000e+00
 0.00000e+00
 0.00000e+00
 0.00000e+00
 0.00000e+00
 0.00000e+00
 0.00000e+00
 0.00000e+00
 0.00000e+00
 0.00000e+00
 0.00000e+00
 0.00000e+00
 0.00000e+00
 0.00000e+00
 0.00000e+00
 0.00000e+00
 0.00000e+00
 0.00000e+00
 0.00000e+00
 0.00000e+00
 0.00000e+00
 0.00000e+00
 0.00000e+00
 0.00000e+00
 0.00000e+00
 0.00000e+00
 0.00000e+00
 0.00000e+00
 0.00000e+00
 0.00000e+00
 0.00000e+00
 0.00000e+00
 0.00000e+00
 0.00000e+00
 0.00000e+00
 0.00000e+00
 0.00000e+00
 0.00000e+00
 0.00000e+00
 0.00000e+00
 0.00000e+00
 0.00000e+00
 0.00000e+00
 0.00000e+00
 0.00000e+00
 0.00000e+00
 0.00000e+00
 0.00000e+00
 1.34912e-04
 1.27931e-06
 0.00000e+00
 1.62192e-02
 2.86911e-02
 4.38013e-02
 5.71337e-02
 4.95177e-02
 3.40527e-02
 2.07033e-02
 8.61160e-03
 3.06553e-03
 9.91915e-04
 2.99229e-04
 8.55518e-05
 2.33564e-05
 6.10760e-06
 1.53233e-06
 3.69333e-07
 8.56235e-08
 1.91147e-08
 4.11363e-09
 8.54282e-10
 1.71421e-10
 3.32270e-11
 6.20384e-12
 1.24497e-12
 2.14488e-13
 5.24429e-28
 5.41282e-47
 0.00000e+00
 0.00000e+00
 0.00000e+00
 0.00000e+00
 0.00000e+00
 0.00000e+00
 2.84921e-64
 4.91257e-47
 1.94604e-29
 2.56453e-14
 4.85536e-30
 1.05336e-45
 5.39383e-30
 7.59765e-29
 6.99419e-14
 0.00000e+00
 0.00000e+00
 0.00000e+00
 0.00000e+00
 0.00000e+00
 0.00000e+00
 0.00000e+00
 0.00000e+00
 0.00000e+00
 0.00000e+00
 0.00000e+00
 0.00000e+00
 0.00000e+00
 0.00000e+00
 0.00000e+00
 0.00000e+00
 0.00000e+00
 0.00000e+00
 0.00000e+00
 0.00000e+00
 0.00000e+00
 0.00000e+00
 0.00000e+00
 0.00000e+00
 0.00000e+00
 0.00000e+00
 0.00000e+00
 0.00000e+00
 0.00000e+00
 0.00000e+00
 0.00000e+00
 0.00000e+00
 0.00000e+00
 0.00000e+00
 0.00000e+00
 0.00000e+00
 0.00000e+00
 0.00000e+00
 0.00000e+00
 0.00000e+00
 0.00000e+00
 0.00000e+00
 0.00000e+00
 0.00000e+00
 0.00000e+00
 0.00000e+00
 0.00000e+00
 0.00000e+00
 0.00000e+00
 0.00000e+00
 0.00000e+00
 0.00000e+00
 0.00000e+00
 0.00000e+00
 0.00000e+00
 1.32052e-04
 1.25222e-06
 0.00000e+00
 1.62107e-02
 2.86865e-02
 4.37962e-02
 5.71348e-02
 4.95162e-02
 3.40516e-02
 2.07025e-02
 8.61123e-03
 3.06534e-03
 9.91871e-04
 2.99222e-04
 8.55512e-05
 2.33565e-05
 6.10766e-06
 1.53234e-06
 3.69338e-07
 8.56247e-08
 1.91151e-08
 4.11362e-09
 8.54247e-10
 1.71409e-10
 3.32247e-11
 6.18985e-12
 1.11441e-12
 2.02831e-13
 3.73023e-14
 3.18038e-30
 0.00000e+00
 0.00000e+00
 0.00000e+00
 0.00000e+00
 0.00000e+00
 0.00000e+00
 0.00000e+00
 6.32725e-64
 2.81685e-45
 7.25272e-30
 3.92363e-30
 6.37241e-31
 7.56470e-47
 7.05691e-45
 4.07000e-29
 0.00000e+00
 0.00000e+00
 0.00000e+00
 0.00000e+00
 0.00000e+00
 0.00000e+00
 0.00000e+00
 0.00000e+00
 0.00000e+00
 0.00000e+00
 0.00000e+00
 0.00000e+00
 0.00000e+00
 0.00000e+00
 0.00000e+00
 0.00000e+00
 0.00000e+00
 0.00000e+00
 0.00000e+00
 0.00000e+00
 0.00000e+00
 0.00000e+00
 0.00000e+00
 0.00000e+00
 0.00000e+00
 0.00000e+00
 0.00000e+00
 0.00000e+00
 0.00000e+00
 0.00000e+00
 0.00000e+00
 0.00000e+00
 0.00000e+00
 0.00000e+00
 0.00000e+00
 0.00000e+00
 0.00000e+00
 0.00000e+00
 0.00000e+00
 0.00000e+00
 0.00000e+00
 0.00000e+00
 0.00000e+00
 0.00000e+00
 0.00000e+00
 0.00000e+00
 0.00000e+00
 0.00000e+00
 0.00000e+00
 0.00000e+00
 0.00000e+00
 0.00000e+00
 0.00000e+00
 0.00000e+00
 0.00000e+00
 1.38664e-04
 1.31487e-06
 0.00000e+00
 1.62527e-02
 2.87209e-02
 4.38264e-02
 5.71420e-02
 4.95192e-02
 3.40573e-02
 2.07074e-02
 8.61546e-03
 3.06701e-03
 9.92330e-04
 2.99334e-04
 8.55758e-05
 2.33615e-05
 6.10860e-06
 1.53251e-06
 3.69364e-07
 8.56285e-08
 1.91156e-08
 4.11367e-09
 8.54256e-10
 1.71418e-10
 3.32270e-11
 6.16654e-12
 1.20999e-12
 1.44547e-13
 1.16570e-14
 9.27414e-31
 0.00000e+00
 0.00000e+00
 0.00000e+00
 0.00000e+00
 0.00000e+00
 0.00000e+00
 0.00000e+00
 0.00000e+00
 4.78212e-30
 1.16570e-14
 4.38993e-30
 3.05822e-31
 8.69068e-47
 1.01412e-30
 1.54278e-31
 0.00000e+00
 0.00000e+00
 0.00000e+00
 0.00000e+00
 0.00000e+00
 0.00000e+00
 0.00000e+00
 0.00000e+00
 0.00000e+00
 0.00000e+00
 0.00000e+00
 0.00000e+00
 0.00000e+00
 0.00000e+00
 0.00000e+00
 0.00000e+00
 0.00000e+00
 0.00000e+00
 0.00000e+00
 0.00000e+00
 0.00000e+00
 0.00000e+00
 0.00000e+00
 0.00000e+00
 0.00000e+00
 0.00000e+00
 0.00000e+00
 0.00000e+00
 0.00000e+00
 0.00000e+00
 0.00000e+00
 0.00000e+00
 0.00000e+00
 0.00000e+00
 0.00000e+00
 0.00000e+00
 0.00000e+00
 0.00000e+00
 0.00000e+00
 0.00000e+00
 0.00000e+00
 0.00000e+00
 0.00000e+00
 0.00000e+00
 0.00000e+00
 0.00000e+00
 0.00000e+00
 0.00000e+00
 0.00000e+00
 0.00000e+00
 0.00000e+00
 0.00000e+00
 0.00000e+00
 0.00000e+00
 0.00000e+00
 1.30967e-04
 1.24193e-06
 0.00000e+00
 1.61745e-02
 2.86460e-02
 4.37650e-02
 5.70986e-02
 4.95025e-02
 3.40528e-02
 2.07073e-02
 8.61532e-03
 3.06699e-03
 9.92333e-04
 2.99336e-04
 8.55765e-05
 2.33618e-05
 6.10868e-06
 1.53253e-06
 3.69370e-07
 8.56297e-08
 1.91159e-08
 4.11370e-09
 8.54326e-10
 1.71441e-10
 3.32364e-11
 6.12924e-12
 1.17269e-12
 2.00500e-13
 4.60770e-28
 4.56944e-46
 0.00000e+00
 0.00000e+00
 0.00000e+00
 0.00000e+00
 0.00000e+00
 0.00000e+00
 0.00000e+00
 0.00000e+00
 1.15494e-29
 2.56453e-14
 9.73237e-30
 7.47240e-30
 1.66622e-29
 2.09826e-14
 1.29131e-29
 0.00000e+00
 0.00000e+00
 0.00000e+00
 0.00000e+00
 0.00000e+00
 0.00000e+00
 0.00000e+00
 0.00000e+00
 0.00000e+00
 0.00000e+00
 0.00000e+00
 0.00000e+00
 0.00000e+00
 0.00000e+00
 0.00000e+00
 0.00000e+00
 0.00000e+00
 0.00000e+00
 0.00000e+00
 0.00000e+00
 0.00000e+00
 0.00000e+00
 0.00000e+00
 0.00000e+00
 0.00000e+00
 0.00000e+00
 0.00000e+00
 0.00000e+00
 0.00000e+00
 0.00000e+00
 0.00000e+00
 0.00000e+00
 0.00000e+00
 0.00000e+00
 0.00000e+00
 0.00000e+00
 0.00000e+00
 0.00000e+00
 0.00000e+00
 0.00000e+00
 0.00000e+00
 0.00000e+00
 0.00000e+00
 0.00000e+00
 0.00000e+00
 0.00000e+00
 0.00000e+00
 0.00000e+00
 0.00000e+00
 0.00000e+00
 0.00000e+00
 0.00000e+00
 0.00000e+00
 0.00000e+00
 0.00000e+00
 1.19463e-04
 1.13293e-06
 0.00000e+00
 1.62163e-02
 2.86836e-02
 4.37414e-02
 5.70625e-02
 4.94748e-02
 3.40416e-02
 2.07037e-02
 8.61334e-03
 3.06667e-03
 9.92280e-04
 2.99329e-04
 8.55761e-05
 2.33619e-05
 6.10877e-06
 1.53256e-06
 3.69378e-07
 8.56317e-08
 1.91163e-08
 4.11373e-09
 8.54328e-10
 1.71411e-10
 3.32247e-11
 6.11991e-12
 1.19834e-12
 1.65529e-13
 3.77170e-28
 8.93311e-47
 0.00000e+00
 0.00000e+00
 0.00000e+00
 0.00000e+00
 0.00000e+00
 0.00000e+00
 0.00000e+00
 0.00000e+00
 1.71428e-29
 2.33140e-14
 1.19898e-29
 5.43752e-30
 2.91437e-29
 3.49709e-14
 1.16570e-14
 0.00000e+00
 0.00000e+00
 0.00000e+00
 0.00000e+00
 0.00000e+00
 0.00000e+00
 0.00000e+00
 0.00000e+00
 0.00000e+00
 0.00000e+00
 0.00000e+00
 0.00000e+00
 0.00000e+00
 0.00000e+00
 0.00000e+00
 0.00000e+00
 0.00000e+00
 0.00000e+00
 0.00000e+00
 0.00000e+00
 0.00000e+00
 0.00000e+00
 0.00000e+00
 0.00000e+00
 0.00000e+00
 0.00000e+00
 0.00000e+00
 0.00000e+00
 0.00000e+00
 0.00000e+00
 0.00000e+00
 0.00000e+00
 0.00000e+00
 0.00000e+00
 0.00000e+00
 0.00000e+00
 0.00000e+00
 0.00000e+00
 0.00000e+00
 0.00000e+00
 0.00000e+00
 0.00000e+00
 0.00000e+00
 0.00000e+00
 0.00000e+00
 0.00000e+00
 0.00000e+00
 0.00000e+00
 0.00000e+00
 0.00000e+00
 0.00000e+00
 0.00000e+00
 0.00000e+00
 0.00000e+00
 0.00000e+00
 1.36035e-04
 1.29007e-06
 0.00000e+00
 1.61530e-02
 2.85999e-02
 4.37076e-02
 5.70584e-02
 4.94680e-02
 3.40326e-02
 2.06993e-02
 8.61015e-03
 3.06601e-03
 9.92157e-04
 2.99309e-04
 8.55737e-05
 2.33618e-05
 6.10883e-06
 1.53259e-06
 3.69386e-07
 8.56336e-08
 1.91167e-08
 4.11387e-09
 8.54340e-10
 1.71444e-10
 3.32760e-11
 6.18053e-12
 1.20999e-12
 2.37802e-13
 5.55833e-28
 8.86886e-47
 0.00000e+00
 0.00000e+00
 0.00000e+00
 0.00000e+00
 0.00000e+00
 0.00000e+00
 0.00000e+00
 0.00000e+00
 2.88887e-46
 4.11253e-31
 1.41223e-46
 3.00416e-46
 7.52999e-30
 1.39884e-14
 1.75126e-29
 0.00000e+00
 0.00000e+00
 0.00000e+00
 0.00000e+00
 0.00000e+00
 0.00000e+00
 0.00000e+00
 0.00000e+00
 0.00000e+00
 0.00000e+00
 0.00000e+00
 0.00000e+00
 0.00000e+00
 0.00000e+00
 0.00000e+00
 0.00000e+00
 0.00000e+00
 0.00000e+00
 0.00000e+00
 0.00000e+00
 0.00000e+00
 0.00000e+00
 0.00000e+00
 0.00000e+00
 0.00000e+00
 0.00000e+00
 0.00000e+00
 0.00000e+00
 0.00000e+00
 0.00000e+00
 0.00000e+00
 0.00000e+00
 0.00000e+00
 0.00000e+00
 0.00000e+00
 0.00000e+00
 0.00000e+00
 0.00000e+00
 0.00000e+00
 0.00000e+00
 0.00000e+00
 0.00000e+00
 0.00000e+00
 0.00000e+00
 0.00000e+00
 0.00000e+00
 0.00000e+00
 0.00000e+00
 0.00000e+00
 0.00000e+00
 0.00000e+00
 0.00000e+00
 0.00000e+00
 0.00000e+00
 0.00000e+00
 1.26358e-04
 1.19822e-06
 0.00000e+00
 1.61925e-02
 2.86457e-02
 4.37343e-02
 5.70638e-02
 4.94588e-02
 3.40185e-02
 2.06940e-02
 8.60777e-03
 3.06543e-03
 9.92046e-04
 2.99291e-04
 8.55713e-05
 2.33616e-05
 6.10884e-06
 1.53260e-06
 3.69390e-07
 8.56348e-08
 1.91170e-08
 4.11394e-09
 8.54293e-10
 1.71446e-10
 3.32247e-11
 6.21317e-12
 1.18435e-12
 1.77186e-13
 4.57234e-28
 1.42548e-45
 0.00000e+00
 0.00000e+00
 0.00000e+00
 0.00000e+00
 0.00000e+00
 0.00000e+00
 0.00000e+00
 0.00000e+00
 8.28727e-30
 3.73023e-14
 4.01057e-63
 2.33140e-14
 4.10746e-32
 8.05800e-31
 1.95261e-45
 0.00000e+00
 0.00000e+00
 0.00000e+00
 0.00000e+00
 0.00000e+00
 0.00000e+00
 0.00000e+00
 0.00000e+00
 0.00000e+00
 0.00000e+00
 0.00000e+00
 0.00000e+00
 0.00000e+00
 0.00000e+00
 0.00000e+00
 0.00000e+00
 0.00000e+00
 0.00000e+00
 0.00000e+00
 0.00000e+00
 0.00000e+00
 0.00000e+00
 0.00000e+00
 0.00000e+00
 0.00000e+00
 0.00000e+00
 0.00000e+00
 0.00000e+00
 0.00000e+00
 0.00000e+00
 0.00000e+00
 0.00000e+00
 0.00000e+00
 0.00000e+00
 0.00000e+00
 0.00000e+00
 0.00000e+00
 0.00000e+00
 0.00000e+00
 0.00000e+00
 0.00000e+00
 0.00000e+00
 0.00000e+00
 0.00000e+00
 0.00000e+00
 0.00000e+00
 0.00000e+00
 0.00000e+00
 0.00000e+00
 0.00000e+00
 0.00000e+00
 0.00000e+00
 0.00000e+00
 0.00000e+00
 0.00000e+00
 1.33751e-04
 1.26830e-06
 0.00000e+00
 1.62165e-02
 2.86761e-02
 4.37665e-02
 5.70910e-02
 4.94771e-02
 3.40355e-02
 2.07100e-02
 8.61919e-03
 3.06803e-03
 9.92605e-04
 2.99404e-04
 8.55929e-05
 2.33654e-05
 6.10944e-06
 1.53268e-06
 3.69398e-07
 8.56349e-08
 1.91167e-08
 4.11395e-09
 8.54268e-10
 1.71409e-10
 3.32037e-11
 6.18985e-12
 1.18435e-12
 2.02831e-13
 4.47069e-28
 3.36376e-48
 0.00000e+00
 0.00000e+00
 0.00000e+00
 0.00000e+00
 0.00000e+00
 0.00000e+00
 0.00000e+00
 0.00000e+00
 0.00000e+00
 0.00000e+00
 5.91226e-46
 1.39884e-14
 1.31331e-29
 1.57929e-30
 1.39884e-14
 0.00000e+00
 0.00000e+00
 0.00000e+00
 0.00000e+00
 0.00000e+00
 0.00000e+00
 0.00000e+00
 0.00000e+00
 0.00000e+00
 0.00000e+00
 0.00000e+00
 0.00000e+00
 0.00000e+00
 0.00000e+00
 0.00000e+00
 0.00000e+00
 0.00000e+00
 0.00000e+00
 0.00000e+00
 0.00000e+00
 0.00000e+00
 0.00000e+00
 0.00000e+00
 0.00000e+00
 0.00000e+00
 0.00000e+00
 0.00000e+00
 0.00000e+00
 0.00000e+00
 0.00000e+00
 0.00000e+00
 0.00000e+00
 0.00000e+00
 0.00000e+00
 0.00000e+00
 0.00000e+00
 0.00000e+00
 0.00000e+00
 0.00000e+00
 0.00000e+00
 0.00000e+00
 0.00000e+00
 0.00000e+00
 0.00000e+00
 0.00000e+00
 0.00000e+00
 0.00000e+00
 0.00000e+00
 0.00000e+00
 0.00000e+00
 0.00000e+00
 0.00000e+00
 0.00000e+00
 0.00000e+00
 0.00000e+00
 1.36033e-04
 1.29008e-06
 0.00000e+00
 1.61634e-02
 2.86072e-02
 4.36764e-02
 5.70270e-02
 4.94690e-02
 3.40359e-02
 2.07063e-02
 8.61898e-03
 3.06789e-03
 9.92587e-04
 2.99403e-04
 8.55930e-05
 2.33656e-05
 6.10950e-06
 1.53270e-06
 3.69403e-07
 8.56362e-08
 1.91170e-08
 4.11392e-09
 8.54363e-10
 1.71444e-10
 3.32270e-11
 6.20384e-12
 1.14938e-12
 2.12157e-13
 3.49709e-14
 1.72456e-30
 0.00000e+00
 0.00000e+00
 0.00000e+00
 0.00000e+00
 0.00000e+00
 0.00000e+00
 0.00000e+00
 0.00000e+00
 0.00000e+00
 0.00000e+00
 1.24656e-29
 3.73023e-14
 4.06546e-29
 3.55968e-30
 1.48635e-30
 0.00000e+00
 0.00000e+00
 0.00000e+00
 0.00000e+00
 0.00000e+00
 0.00000e+00
 0.00000e+00
 0.00000e+00
 0.00000e+00
 0.00000e+00
 0.00000e+00
 0.00000e+00
 0.00000e+00
 0.00000e+00
 0.00000e+00
 0.00000e+00
 0.00000e+00
 0.00000e+00
 0.00000e+00
 0.00000e+00
 0.00000e+00
 0.00000e+00
 0.00000e+00
 0.00000e+00
 0.00000e+00
 0.00000e+00
 0.00000e+00
 0.00000e+00
 0.00000e+00
 0.00000e+00
 0.00000e+00
 0.00000e+00
 0.00000e+00
 0.00000e+00
 0.00000e+00
 0.00000e+00
 0.00000e+00
 0.00000e+00
 0.00000e+00
 0.00000e+00
 0.00000e+00
 0.00000e+00
 0.00000e+00
 0.00000e+00
 0.00000e+00
 0.00000e+00
 0.00000e+00
 0.00000e+00
 0.00000e+00
 0.00000e+00
 0.00000e+00
 0.00000e+00
 0.00000e+00
 0.00000e+00
 0.00000e+00
 1.13364e-04
 1.07538e-06
 0.00000e+00
 1.59891e-02
 2.82832e-02
 4.33002e-02
 5.68912e-02
 4.94449e-02
 3.40258e-02
 2.06910e-02
 8.61504e-03
 3.06727e-03
 9.92487e-04
 2.99388e-04
 8.55914e-05
 2.33655e-05
 6.10957e-06
 1.53273e-06
 3.69411e-07
 8.56382e-08
 1.91175e-08
 4.11395e-09
 8.54314e-10
 1.71432e-10
 3.32480e-11
 6.15488e-12
 1.13772e-12
 2.26145e-13
 2.09826e-14
 1.01913e-30
 0.00000e+00
 0.00000e+00
 0.00000e+00
 0.00000e+00
 0.00000e+00
 0.00000e+00
 0.00000e+00
 0.00000e+00
 6.03704e-46
 2.03077e-30
 1.05715e-29
 3.49709e-14
 2.02551e-29
 8.38487e-30
 1.51095e-30
 0.00000e+00
 0.00000e+00
 0.00000e+00
 0.00000e+00
 0.00000e+00
 0.00000e+00
 0.00000e+00
 0.00000e+00
 0.00000e+00
 0.00000e+00
 0.00000e+00
 0.00000e+00
 0.00000e+00
 0.00000e+00
 0.00000e+00
 0.00000e+00
 0.00000e+00
 0.00000e+00
 0.00000e+00
 0.00000e+00
 0.00000e+00
 0.00000e+00
 0.00000e+00
 0.00000e+00
 0.00000e+00
 0.00000e+00
 0.00000e+00
 0.00000e+00
 0.00000e+00
 0.00000e+00
 0.00000e+00
 0.00000e+00
 0.00000e+00
 0.00000e+00
 0.00000e+00
 0.00000e+00
 0.00000e+00
 0.00000e+00
 0.00000e+00
 0.00000e+00
 0.00000e+00
 0.00000e+00
 0.00000e+00
 0.00000e+00
 0.00000e+00
 0.00000e+00
 0.00000e+00
 0.00000e+00
 0.00000e+00
 0.00000e+00
 0.00000e+00
 0.00000e+00
 0.00000e+00
 0.00000e+00
 0.00000e+00
 1.29763e-04
 1.23093e-06
 0.00000e+00
 1.61266e-02
 2.86170e-02
 4.38026e-02
 5.72006e-02
 4.95705e-02
 3.40750e-02
 2.07006e-02
 8.60899e-03
 3.06618e-03
 9.92298e-04
 2.99358e-04
 8.55874e-05
 2.33652e-05
 6.10959e-06
 1.53275e-06
 3.69418e-07
 8.56400e-08
 1.91178e-08
 4.11414e-09
 8.54326e-10
 1.71469e-10
 3.32014e-11
 6.20151e-12
 1.21932e-12
 1.79517e-13
 2.33140e-14
 1.30923e-30
 0.00000e+00
 0.00000e+00
 0.00000e+00
 0.00000e+00
 0.00000e+00
 0.00000e+00
 0.00000e+00
 0.00000e+00
 5.36074e-63
 0.00000e+00
 6.73468e-63
 4.09867e-30
 1.37751e-45
 2.93816e-30
 8.08003e-46
 0.00000e+00
 0.00000e+00
 0.00000e+00
 0.00000e+00
 0.00000e+00
 0.00000e+00
 0.00000e+00
 0.00000e+00
 0.00000e+00
 0.00000e+00
 0.00000e+00
 0.00000e+00
 0.00000e+00
 0.00000e+00
 0.00000e+00
 0.00000e+00
 0.00000e+00
 0.00000e+00
 0.00000e+00
 0.00000e+00
 0.00000e+00
 0.00000e+00
 0.00000e+00
 0.00000e+00
 0.00000e+00
 0.00000e+00
 0.00000e+00
 0.00000e+00
 0.00000e+00
 0.00000e+00
 0.00000e+00
 0.00000e+00
 0.00000e+00
 0.00000e+00
 0.00000e+00
 0.00000e+00
 0.00000e+00
 0.00000e+00
 0.00000e+00
 0.00000e+00
 0.00000e+00
 0.00000e+00
 0.00000e+00
 0.00000e+00
 0.00000e+00
 0.00000e+00
 0.00000e+00
 0.00000e+00
 0.00000e+00
 0.00000e+00
 0.00000e+00
 0.00000e+00
 0.00000e+00
 0.00000e+00
 0.00000e+00
 1.48436e-04
 1.40768e-06
 0.00000e+00
 1.62335e-02
 2.87423e-02
 4.39192e-02
 5.72510e-02
 4.95732e-02
 3.40689e-02
 2.06944e-02
 8.60419e-03
 3.06529e-03
 9.92138e-04
 2.99332e-04
 8.55839e-05
 2.33648e-05
 6.10958e-06
 1.53276e-06
 3.69423e-07
 8.56411e-08
 1.91181e-08
 4.11418e-09
 8.54317e-10
 1.71423e-10
 3.32154e-11
 6.26213e-12
 1.11674e-12
 1.56203e-13
 1.07244e-13
 1.17230e-29
 0.00000e+00
 0.00000e+00
 0.00000e+00
 0.00000e+00
 0.00000e+00
 0.00000e+00
 0.00000e+00
 0.00000e+00
 2.61398e-46
 2.46196e-30
 2.26614e-46
 0.00000e+00
 2.89040e-62
 2.08434e-48
 6.79219e-63
