Density
part
         1
hexa8
 9.18880e-32
 6.90003e-26
 2.41735e-22
 8.58909e-20
 7.38289e-18
 2.35692e-16
 3.66546e-15
 3.35233e-14
 2.05707e-13
 9.28194e-13
 3.28315e-12
 9.52398e-12
 2.34027e-11
 4.98622e-11
 9.36736e-11
 1.56999e-10
 2.36535e-10
 3.22748e-10
 3.98838e-10
 4.43783e-10
 4.32640e-10
 3.68941e-10
 2.65518e-10
 1.47427e-10
 4.80241e-11
 8.77232e-12
 5.61451e-12
 1.31270e-11
 3.82039e-11
 8.75270e-11
 1.60842e-10
 2.53063e-10
 3.08731e-10
 3.13478e-10
 2.92282e-10
 2.37339e-10
 1.59364e-10
 8.93951e-11
 4.32392e-11
 1.72567e-11
 5.46220e-12
 1.30332e-12
 2.18579e-13
 2.35181e-14
 1.47550e-15
 5.03416e-17
 8.74526e-19
 6.96716e-21
 2.05932e-23
 1.29593e-26
 1.72832e-28
 5.12482e-23
 1.15014e-19
 2.97531e-17
 1.96940e-15
 5.00854e-14
 6.38256e-13
 4.91428e-12
 2.60543e-11
 1.04072e-10
 3.33282e-10
 8.93797e-10
 5.92230e-09
 2.22916e-08
 5.10333e-08
 9.33647e-08
 1.50254e-07
 2.18707e-07
 2.91756e-07
 3.62830e-07
 4.10051e-07
 4.07425e-07
 3.69435e-07
 2.92947e-07
 1.90194e-07
 7.95066e-08
 2.50611e-08
 7.57131e-09
 5.63596e-09
 9.93488e-09
 2.58056e-08
 6.09535e-08
 1.22962e-07
 1.97714e-07
 2.24001e-07
 2.21751e-07
 1.98528e-07
 1.47915e-07
 7.55305e-08
 1.14653e-08
 2.64617e-09
 8.26760e-10
 1.94764e-10
 3.26143e-11
 3.62636e-12
 2.48125e-13
 9.53798e-15
 1.80830e-16
 1.34086e-18
 2.19983e-21
 7.13281e-26
 8.64062e-21
 1.26410e-17
 2.41246e-15
 1.24513e-13
 2.55794e-12
 2.71424e-11
 1.79018e-10
 8.34110e-10
 1.43696e-08
 5.56577e-08
 1.56673e-07
 3.65048e-07
 7.45133e-07
 1.37097e-06
 2.30953e-06
 3.59800e-06
 5.21919e-06
 7.08086e-06
 9.06234e-06
 1.08556e-05
 1.25044e-05
 1.26498e-05
 1.19944e-05
 1.03875e-05
 8.18490e-06
 5.82701e-06
 3.69358e-06
 2.19656e-06
 1.42861e-06
 1.22814e-06
 1.29525e-06
 1.70702e-06
 2.75644e-06
 4.61492e-06
 5.92957e-06
 6.08664e-06
 5.71621e-06
 4.54467e-06
 2.61897e-06
 1.10982e-06
 3.90258e-07
 9.79436e-08
 7.17843e-09
 6.28377e-10
 6.07630e-11
 3.43757e-12
 9.91849e-14
 1.14921e-15
 3.00643e-18
 1.13518e-23
 5.86368e-19
 5.70938e-16
 8.16215e-14
 3.33241e-12
 5.61718e-11
 5.04780e-10
 1.27156e-08
 7.51547e-08
 2.78132e-07
 8.04029e-07
 1.97280e-06
 4.26688e-06
 8.31815e-06
 1.48435e-05
 2.45237e-05
 3.78346e-05
 5.48567e-05
 7.51015e-05
 9.73965e-05
 1.21246e-04
 1.40565e-04
 1.60913e-04
 1.66577e-04
 1.61278e-04
 1.48906e-04
 1.31874e-04
 1.11812e-04
 9.00684e-05
 6.68862e-05
 4.66911e-05
 3.42965e-05
 2.97648e-05
 2.98944e-05
 3.39723e-05
 4.52077e-05
 5.82050e-05
 6.03987e-05
 5.69439e-05
 4.50751e-05
 2.51407e-05
 9.90500e-06
 3.18253e-06
 7.78263e-07
 1.32462e-07
 5.89034e-09
 2.25498e-10
 8.81619e-12
 1.41080e-13
 5.17461e-16
 8.70313e-22
 2.02282e-17
 1.34302e-14
 1.46347e-12
 4.80407e-11
 6.75853e-10
 2.76421e-08
 1.73267e-07
 7.12340e-07
 2.27151e-06
 6.04324e-06
 1.39870e-05
 2.89339e-05
 5.45088e-05
 9.48064e-05
 1.53806e-04
 2.34567e-04
 3.38326e-04
 4.63633e-04
 6.05730e-04
 7.56289e-04
 9.16755e-04
 1.03997e-03
 1.16469e-03
 1.21519e-03
 1.20089e-03
 1.15890e-03
 1.08604e-03
 9.84286e-04
 8.59215e-04
 7.19389e-04
 5.70629e-04
 4.25217e-04
 3.24648e-04
 2.83120e-04
 2.81274e-04
 2.98413e-04
 3.24254e-04
 3.23081e-04
 2.92573e-04
 2.12715e-04
 1.02136e-04
 3.66541e-05
 1.04548e-05
 2.19243e-06
 3.07462e-07
 2.04437e-08
 2.44943e-10
 5.12034e-12
 2.48797e-14
 3.60734e-20
 4.03282e-16
 1.87692e-13
 1.58975e-11
 4.27369e-10
 2.54003e-08
 2.20694e-07
 1.11040e-06
 4.06210e-06
 1.19143e-05
 2.97047e-05
 6.53656e-05
 1.30044e-04
 2.37806e-04
 4.04531e-04
 6.45955e-04
 9.74966e-04
 1.39851e-03
 1.91457e-03
 2.50978e-03
 3.15822e-03
 3.82353e-03
 4.50321e-03
 5.07966e-03
 5.47067e-03
 5.76303e-03
 5.77241e-03
 5.66402e-03
 5.41370e-03
 5.01883e-03
 4.49784e-03
 3.88327e-03
 3.21858e-03
 2.52887e-03
 1.91429e-03
 1.52271e-03
 1.35912e-03
 1.30308e-03
 1.25389e-03
 1.16012e-03
 9.39935e-04
 5.59128e-04
 2.23536e-04
 7.14445e-05
 1.72269e-05
 2.89324e-06
 3.00364e-07
 9.87300e-09
 8.04899e-11
 4.99584e-13
 8.66608e-19
 5.04872e-15
 1.69845e-12
 1.14331e-10
 6.13613e-09
 1.59313e-07
 1.09520e-06
 4.86879e-06
 1.61800e-05
 4.38280e-05
 1.02587e-04
 2.15458e-04
 4.14439e-04
 7.39725e-04
 1.23715e-03
 1.95334e-03
 2.92878e-03
 4.18972e-03
 5.73987e-03
 7.55344e-03
 9.57067e-03
 1.16971e-02
 1.38600e-02
 1.58826e-02
 1.77410e-02
 1.87215e-02
 1.96719e-02
 1.96830e-02
 1.93149e-02
 1.84774e-02
 1.71617e-02
 1.54268e-02
 1.33805e-02
 1.11528e-02
 8.82362e-03
 6.71535e-03
 5.27487e-03
 4.45238e-03
 3.95706e-03
 3.49605e-03
 2.89638e-03
 1.95798e-03
 8.88489e-04
 3.12544e-04
 8.41574e-05
 1.60954e-05
 1.97848e-06
 1.29271e-07
 7.02325e-10
 5.39597e-12
 1.26935e-17
 4.21794e-14
 1.06049e-11
 5.82301e-10
 6.15047e-08
 6.60232e-07
 3.96215e-06
 1.57180e-05
 4.69836e-05
 1.16857e-04
 2.57016e-04
 5.18979e-04
 9.75200e-04
 1.71617e-03
 2.84721e-03
 4.47894e-03
 6.71277e-03
 9.62354e-03
 1.32416e-02
 1.75370e-02
 2.24072e-02
 2.76740e-02
 3.30853e-02
 3.85032e-02
 4.37714e-02
 4.73439e-02
 5.01060e-02
 5.18466e-02
 5.15425e-02
 5.02076e-02
 4.76420e-02
 4.38960e-02
 3.91689e-02
 3.37511e-02
 2.79459e-02
 2.19348e-02
 1.66818e-02
 1.29963e-02
 1.06612e-02
 8.95307e-03
 7.23952e-03
 5.12474e-03
 2.60395e-03
 9.99178e-04
 2.95604e-04
 6.28941e-05
 8.75677e-06
 6.88036e-07
 1.70376e-08
 3.71383e-11
 1.18955e-16
 2.47123e-13
 4.81719e-11
 2.22776e-09
 2.22008e-07
 1.97599e-06
 9.39707e-06
 3.13897e-05
 8.62045e-05
 2.09337e-04
 4.62567e-04
 9.38041e-04
 1.76721e-03
 3.12442e-03
 5.21665e-03
 8.26464e-03
 1.24765e-02
 1.80168e-02
 2.49755e-02
 3.33410e-02
 4.29796e-02
 5.36221e-02
 6.48599e-02
 7.63455e-02
 8.73704e-02
 9.83807e-02
 1.04454e-01
 1.10281e-01
 1.11833e-01
 1.10465e-01
 1.06636e-01
 1.00081e-01
 9.10207e-02
 8.00102e-02
 6.77900e-02
 5.49642e-02
 4.22099e-02
 3.19367e-02
 2.48019e-02
 1.99019e-02
 1.56912e-02
 1.11982e-02
 6.12106e-03
 2.54910e-03
 8.18609e-04
 1.90558e-04
 2.93969e-05
 2.61314e-06
 9.77173e-08
 1.82576e-10
 7.52282e-16
 1.06129e-12
 1.67523e-10
 3.28427e-08
 5.27176e-07
 3.25826e-06
 1.30926e-05
 4.16038e-05
 1.15970e-04
 2.90726e-04
 6.63541e-04
 1.39386e-03
 2.71405e-03
 4.92939e-03
 8.40175e-03
 1.35147e-02
 2.06252e-02
 3.00132e-02
 4.18385e-02
 5.61123e-02
 7.26808e-02
 9.12048e-02
 1.11170e-01
 1.31890e-01
 1.52464e-01
 1.74185e-01
 1.91460e-01
 2.05773e-01
 2.08229e-01
 2.05709e-01
 1.99073e-01
 1.88086e-01
 1.73073e-01
 1.54683e-01
 1.33810e-01
 1.11450e-01
 8.81916e-02
 6.67534e-02
 5.04945e-02
 3.91615e-02
 3.03145e-02
 2.15772e-02
 1.23467e-02
 5.51460e-03
 1.90023e-03
 4.77580e-04
 8.03305e-05
 7.89178e-06
 3.49036e-07
 6.92925e-10
 3.39102e-15
 3.48865e-12
 4.71684e-10
 7.20870e-08
 7.20078e-07
 3.75111e-06
 1.46224e-05
 4.88407e-05
 1.44937e-04
 3.88140e-04
 9.41426e-04
 2.07625e-03
 4.19085e-03
 7.80324e-03
 1.35106e-02
 2.19180e-02
 3.35527e-02
 4.87897e-02
 6.78116e-02
 9.06033e-02
 1.17022e-01
 1.46640e-01
 1.79152e-01
 2.13798e-01
 2.50737e-01
 2.82577e-01
 3.07628e-01
 3.24448e-01
 3.25760e-01
 3.22123e-01
 3.13217e-01
 2.99032e-01
 2.79786e-01
 2.55228e-01
 2.25558e-01
 1.92506e-01
 1.57501e-01
 1.21768e-01
 9.16710e-02
 6.96677e-02
 5.31784e-02
 3.77566e-02
 2.23180e-02
 1.05387e-02
 3.85488e-03
 1.03468e-03
 1.87365e-04
 2.00156e-05
 9.84673e-07
 2.14263e-09
 1.14462e-14
 9.21637e-12
 9.38985e-10
 9.14640e-08
 7.63850e-07
 3.76840e-06
 1.55458e-05
 5.78997e-05
 1.94640e-04
 5.75405e-04
 1.48675e-03
 3.39442e-03
 6.96029e-03
 1.30169e-02
 2.24847e-02
 3.62454e-02
 5.49993e-02
 7.91651e-02
 1.08892e-01
 1.44120e-01
 1.85326e-01
 2.31574e-01
 2.80653e-01
 3.26601e-01
 3.61347e-01
 3.89826e-01
 4.12969e-01
 4.21397e-01
 4.20470e-01
 4.15426e-01
 4.05499e-01
 3.90942e-01
 3.72494e-01
 3.50697e-01
 3.24456e-01
 2.90797e-01
 2.47920e-01
 1.99991e-01
 1.51766e-01
 1.14256e-01
 8.62491e-02
 6.11214e-02
 3.70899e-02
 1.82863e-02
 7.03603e-03
 1.99885e-03
 3.85662e-04
 4.42209e-05
 2.36047e-06
 2.32003e-08
 3.01786e-14
 1.99896e-11
 1.23329e-09
 9.48085e-08
 6.92577e-07
 3.60694e-06
 1.74358e-05
 7.91364e-05
 3.02164e-04
 9.46030e-04
 2.48677e-03
 5.66595e-03
 1.15064e-02
 2.12499e-02
 3.62094e-02
 5.76189e-02
 8.63101e-02
 1.22648e-01
 1.66754e-01
 2.18953e-01
 2.76671e-01
 3.33539e-01
 3.80585e-01
 4.16002e-01
 4.42364e-01
 4.63273e-01
 4.75875e-01
 4.78064e-01
 4.76208e-01
 4.71072e-01
 4.61981e-01
 4.49054e-01
 4.33217e-01
 4.15636e-01
 3.95978e-01
 3.72242e-01
 3.40578e-01
 2.94139e-01
 2.33903e-01
 1.75733e-01
 1.31408e-01
 9.29932e-02
 5.75449e-02
 2.93720e-02
 1.17998e-02
 3.52152e-03
 7.17684e-04
 8.73624e-05
 4.97621e-06
 6.49043e-08
 6.50156e-14
 2.94866e-11
 1.31902e-09
 8.21247e-08
 5.39546e-07
 3.64517e-06
 2.36529e-05
 1.26078e-04
 5.01852e-04
 1.56115e-03
 4.01955e-03
 8.94582e-03
 1.78072e-02
 3.22657e-02
 5.39926e-02
 8.43163e-02
 1.24065e-01
 1.73415e-01
 2.32274e-01
 2.98655e-01
 3.62045e-01
 4.11485e-01
 4.46757e-01
 4.70487e-01
 4.86755e-01
 4.98027e-01
 5.03557e-01
 5.03810e-01
 5.02127e-01
 4.98538e-01
 4.92191e-01
 4.82316e-01
 4.68808e-01
 4.52381e-01
 4.36381e-01
 4.19833e-01
 3.99769e-01
 3.70085e-01
 3.23279e-01
 2.56453e-01
 1.90728e-01
 1.34626e-01
 8.44497e-02
 4.43150e-02
 1.84699e-02
 5.75361e-03
 1.22934e-03
 1.57343e-04
 9.43165e-06
 1.38668e-07
 1.16765e-13
 3.38639e-11
 1.25568e-09
 4.98408e-08
 4.83015e-07
 4.54544e-06
 3.79980e-05
 2.08490e-04
 8.05350e-04
 2.41322e-03
 6.01840e-03
 1.29993e-02
 2.50207e-02
 4.40174e-02
 7.19679e-02
 1.10539e-01
 1.60669e-01
 2.22366e-01
 2.94772e-01
 3.68276e-01
 4.24117e-01
 4.61771e-01
 4.84359e-01
 4.97278e-01
 5.05767e-01
 5.11010e-01
 5.12409e-01
 5.11093e-01
 5.08878e-01
 5.05420e-01
 4.99693e-01
 4.90755e-01
 4.78083e-01
 4.62167e-01
 4.48989e-01
 4.39742e-01
 4.29372e-01
 4.13565e-01
 3.85227e-01
 3.36312e-01
 2.64261e-01
 1.87970e-01
 1.18609e-01
 6.35296e-02
 2.73106e-02
 8.83015e-03
 1.96490e-03
 2.62115e-04
 1.63253e-05
 2.53682e-07
 1.59914e-13
 3.43621e-11
 8.73092e-10
 3.10833e-08
 5.08824e-07
 7.21495e-06
 6.26018e-05
 3.25802e-04
 1.19485e-03
 3.42672e-03
 8.17805e-03
 1.70143e-02
 3.18191e-02
 5.47798e-02
 8.82603e-02
 1.34362e-01
 1.94140e-01
 2.67420e-01
 3.50190e-01
 4.18795e-01
 4.66844e-01
 4.91621e-01
 5.04967e-01
 5.11690e-01
 5.12861e-01
 5.11675e-01
 5.09576e-01
 5.06875e-01
 5.03951e-01
 5.00210e-01
 4.94628e-01
 4.86319e-01
 4.74755e-01
 4.60306e-01
 4.49016e-01
 4.42777e-01
 4.38808e-01
 4.33013e-01
 4.18934e-01
 3.88158e-01
 3.32920e-01
 2.51582e-01
 1.61485e-01
 8.73725e-02
 3.85087e-02
 1.28566e-02
 2.96142e-03
 4.08337e-04
 2.60978e-05
 4.13822e-07
 1.79886e-13
 2.97616e-11
 4.64630e-10
 2.61766e-08
 7.22560e-07
 1.20893e-05
 9.67601e-05
 4.68633e-04
 1.61963e-03
 4.42721e-03
 1.01952e-02
 2.05833e-02
 3.75489e-02
 6.35275e-02
 1.01441e-01
 1.53906e-01
 2.22013e-01
 3.05338e-01
 3.91373e-01
 4.55085e-01
 4.93639e-01
 5.12483e-01
 5.17771e-01
 5.15560e-01
 5.09910e-01
 5.01779e-01
 4.92391e-01
 4.83690e-01
 4.76461e-01
 4.71826e-01
 4.68450e-01
 4.64222e-01
 4.57613e-01
 4.48765e-01
 4.42570e-01
 4.39822e-01
 4.38826e-01
 4.37940e-01
 4.33601e-01
 4.16616e-01
 3.77576e-01
 3.09464e-01
 2.12297e-01
 1.16024e-01
 5.21627e-02
 1.78974e-02
 4.24282e-03
 5.99787e-04
 3.88412e-05
 6.11961e-07
 1.80205e-13
 1.76496e-11
 2.63002e-10
 2.92712e-08
 1.24228e-06
 1.91271e-05
 1.37813e-04
 6.16813e-04
 2.02572e-03
 5.33469e-03
 1.18845e-02
 2.33042e-02
 4.15848e-02
 6.94110e-02
 1.10375e-01
 1.67798e-01
 2.42523e-01
 3.33602e-01
 4.18109e-01
 4.76264e-01
 5.06607e-01
 5.14361e-01
 5.14019e-01
 5.08493e-01
 4.95999e-01
 4.76813e-01
 4.53534e-01
 4.31918e-01
 4.14363e-01
 4.10659e-01
 4.11630e-01
 4.15369e-01
 4.19130e-01
 4.21564e-01
 4.24805e-01
 4.29069e-01
 4.34487e-01
 4.37403e-01
 4.36862e-01
 4.28781e-01
 4.02878e-01
 3.48141e-01
 2.59219e-01
 1.49246e-01
 6.82106e-02
 2.39634e-02
 5.81457e-03
 8.35755e-04
 5.41091e-05
 8.28603e-07
 1.47310e-13
 8.63311e-12
 2.01159e-10
 4.96115e-08
 2.11617e-06
 2.78995e-05
 1.79721e-04
 7.56551e-04
 2.38244e-03
 6.05444e-03
 1.30599e-02
 2.49354e-02
 4.37130e-02
 7.23789e-02
 1.15185e-01
 1.75871e-01
 2.54913e-01
 3.49926e-01
 4.32030e-01
 4.76188e-01
 4.92855e-01
 4.95682e-01
 4.92088e-01
 4.78943e-01
 4.54773e-01
 4.21599e-01
 3.80731e-01
 3.46573e-01
 3.19663e-01
 3.16955e-01
 3.23618e-01
 3.38125e-01
 3.56568e-01
 3.75442e-01
 3.92399e-01
 4.07542e-01
 4.23051e-01
 4.33495e-01
 4.35876e-01
 4.31774e-01
 4.13987e-01
 3.70547e-01
 2.93561e-01
 1.85216e-01
 8.65238e-02
 3.10182e-02
 7.65948e-03
 1.10949e-03
 7.09338e-05
 1.02979e-06
 8.65933e-14
 3.91538e-12
 2.07985e-10
 9.94250e-08
 3.32749e-06
 3.70840e-05
 2.19118e-04
 8.76525e-04
 2.65253e-03
 6.51034e-03
 1.36368e-02
 2.55533e-02
 4.42906e-02
 7.30513e-02
 1.16537e-01
 1.78451e-01
 2.57587e-01
 3.49350e-01
 4.13353e-01
 4.44805e-01
 4.54593e-01
 4.52779e-01
 4.39973e-01
 4.11827e-01
 3.70736e-01
 3.20595e-01
 2.70395e-01
 2.36772e-01
 2.12204e-01
 2.10057e-01
 2.19122e-01
 2.40860e-01
 2.73658e-01
 3.10396e-01
 3.44892e-01
 3.74348e-01
 4.02653e-01
 4.23891e-01
 4.32147e-01
 4.30928e-01
 4.16243e-01
 3.81824e-01
 3.15536e-01
 2.16605e-01
 1.07056e-01
 3.89664e-02
 9.73082e-03
 1.40710e-03
 8.75749e-05
 1.17079e-06
 4.29597e-14
 2.13468e-12
 3.35782e-10
 1.86673e-07
 4.78717e-06
 4.57791e-05
 2.52855e-04
 9.65127e-04
 2.81382e-03
 6.69597e-03
 1.37156e-02
 2.48185e-02
 4.15949e-02
 6.80123e-02
 1.08972e-01
 1.66017e-01
 2.34797e-01
 3.08459e-01
 3.67084e-01
 3.91085e-01
 3.93234e-01
 3.80832e-01
 3.51423e-01
 3.07656e-01
 2.54747e-01
 2.05790e-01
 1.67525e-01
 1.44135e-01
 1.31058e-01
 1.30385e-01
 1.39253e-01
 1.58695e-01
 1.89215e-01
 2.32735e-01
 2.83752e-01
 3.30132e-01
 3.72911e-01
 4.07218e-01
 4.24451e-01
 4.26569e-01
 4.15656e-01
 3.84641e-01
 3.28246e-01
 2.41687e-01
 1.29062e-01
 4.75918e-02
 1.19459e-02
 1.71883e-03
 1.02669e-04
 1.18884e-06
 1.65204e-14
 1.95261e-12
 7.13649e-10
 3.13136e-07
 6.25141e-06
 5.34357e-05
 2.77816e-04
 1.01618e-03
 2.87177e-03
 6.61831e-03
 1.26490e-02
 2.18238e-02
 3.69952e-02
 6.22645e-02
 1.00410e-01
 1.49960e-01
 2.06688e-01
 2.64771e-01
 3.11230e-01
 3.24161e-01
 3.17877e-01
 2.95638e-01
 2.58345e-01
 2.07523e-01
 1.57967e-01
 1.18081e-01
 9.37814e-02
 7.97638e-02
 7.50822e-02
 7.60143e-02
 8.50591e-02
 1.02053e-01
 1.28407e-01
 1.66186e-01
 2.16461e-01
 2.76570e-01
 3.34426e-01
 3.83155e-01
 4.11721e-01
 4.18748e-01
 4.11936e-01
 3.84515e-01
 3.36851e-01
 2.60473e-01
 1.51865e-01
 5.66497e-02
 1.43153e-02
 1.98945e-03
 1.10566e-04
 1.09347e-06
 5.07057e-15
 3.84817e-12
 1.48263e-09
 4.75715e-07
 7.63124e-06
 5.93900e-05
 2.92340e-04
 1.03238e-03
 2.79956e-03
 5.90597e-03
 1.08725e-02
 1.89929e-02
 3.29182e-02
 5.66526e-02
 9.06526e-02
 1.31984e-01
 1.77271e-01
 2.21214e-01
 2.55656e-01
 2.60450e-01
 2.47538e-01
 2.20517e-01
 1.79485e-01
 1.27974e-01
 8.38065e-02
 5.79840e-02
 4.59241e-02
 4.00598e-02
 3.93061e-02
 4.23320e-02
 5.06598e-02
 6.47108e-02
 8.65337e-02
 1.18472e-01
 1.62612e-01
 2.19746e-01
 2.88552e-01
 3.52122e-01
 3.93629e-01
 4.07443e-01
 4.04377e-01
 3.81883e-01
 3.39628e-01
 2.73297e-01
 1.73401e-01
 6.59792e-02
 1.63858e-02
 2.25997e-03
 1.08672e-04
 8.72953e-07
 2.88708e-15
 1.18632e-11
 2.94156e-09
 6.58364e-07
 8.83096e-06
 6.31787e-05
 2.97185e-04
 9.97000e-04
 2.46173e-03
 5.04492e-03
 9.19277e-03
 1.61824e-02
 2.85702e-02
 4.94075e-02
 7.66949e-02
 1.08697e-01
 1.41893e-01
 1.73888e-01
 1.99605e-01
 1.99985e-01
 1.85557e-01
 1.56781e-01
 1.15458e-01
 7.08036e-02
 3.82168e-02
 2.41770e-02
 1.95229e-02
 1.82192e-02
 1.91952e-02
 2.28445e-02
 2.98213e-02
 4.12217e-02
 5.90074e-02
 8.54934e-02
 1.23023e-01
 1.73622e-01
 2.39053e-01
 3.14936e-01
 3.70477e-01
 3.92780e-01
 3.93490e-01
 3.76663e-01
 3.40495e-01
 2.84547e-01
 1.88610e-01
 7.59828e-02
 1.84280e-02
 2.34796e-03
 9.90285e-05
 5.76585e-07
 1.31861e-14
 3.48490e-11
 1.68843e-08
 8.31584e-07
 9.73866e-06
 6.47421e-05
 2.89230e-04
 8.76838e-04
 2.11635e-03
 4.20459e-03
 7.58668e-03
 1.35397e-02
 2.43694e-02
 4.17815e-02
 6.25360e-02
 8.51732e-02
 1.07774e-01
 1.28680e-01
 1.45871e-01
 1.44536e-01
 1.32925e-01
 1.03809e-01
 7.08777e-02
 3.83644e-02
 1.60473e-02
 8.08793e-03
 7.14875e-03
 7.53786e-03
 9.02424e-03
 1.22236e-02
 1.77217e-02
 2.67741e-02
 4.11497e-02
 6.29954e-02
 9.46255e-02
 1.38327e-01
 1.96639e-01
 2.73070e-01
 3.43058e-01
 3.75100e-01
 3.80403e-01
 3.69377e-01
 3.40007e-01
 2.92259e-01
 2.02453e-01
 8.36606e-02
 2.01232e-02
 2.30065e-03
 8.07267e-05
 2.43400e-07
 1.07450e-13
 9.18081e-11
 3.44248e-08
 9.79318e-07
 1.02609e-05
 6.44613e-05
 2.55173e-04
 7.62935e-04
 1.75120e-03
 3.37972e-03
 6.07101e-03
 1.10034e-02
 2.00262e-02
 3.36825e-02
 4.92566e-02
 6.48041e-02
 7.96196e-02
 9.23998e-02
 1.01320e-01
 9.80461e-02
 8.95493e-02
 6.65265e-02
 4.37814e-02
 2.29227e-02
 8.82402e-03
 3.80158e-03
 3.02779e-03
 3.24862e-03
 4.38464e-03
 6.74691e-03
 1.09559e-02
 1.81232e-02
 2.97934e-02
 4.78255e-02
 7.42919e-02
 1.11528e-01
 1.62707e-01
 2.32574e-01
 3.12145e-01
 3.55045e-01
 3.66124e-01
 3.60925e-01
 3.38462e-01
 2.95753e-01
 2.13613e-01
 9.11852e-02
 2.06713e-02
 2.14770e-03
 5.62222e-05
 7.13189e-08
 4.23486e-13
 1.65327e-10
 4.70830e-08
 1.06361e-06
 1.03343e-05
 5.75199e-05
 2.20454e-04
 6.26494e-04
 1.38586e-03
 2.62210e-03
 4.72728e-03
 8.72645e-03
 1.59912e-02
 2.60751e-02
 3.69211e-02
 4.73858e-02
 5.66387e-02
 6.39180e-02
 6.75144e-02
 6.44147e-02
 5.77480e-02
 4.23071e-02
 2.79050e-02
 1.53195e-02
 6.88397e-03
 2.92589e-03
 1.81523e-03
 1.70990e-03
 2.39617e-03
 4.04953e-03
 7.25083e-03
 1.29311e-02
 2.24241e-02
 3.73499e-02
 5.95901e-02
 9.14843e-02
 1.36367e-01
 1.99964e-01
 2.78574e-01
 3.33312e-01
 3.51261e-01
 3.52219e-01
 3.36263e-01
 2.98243e-01
 2.18053e-01
 9.57866e-02
 2.08384e-02
 1.93149e-03
 3.59872e-05
 8.27343e-08
 8.95520e-13
 2.24293e-10
 5.38159e-08
 1.07422e-06
 9.14945e-06
 4.86415e-05
 1.81168e-04
 4.93118e-04
 1.05937e-03
 1.96793e-03
 3.57390e-03
 6.70904e-03
 1.23183e-02
 1.94866e-02
 2.68449e-02
 3.34368e-02
 3.88639e-02
 4.27720e-02
 4.34036e-02
 4.10748e-02
 3.59344e-02
 2.66245e-02
 1.79336e-02
 1.03448e-02
 5.11836e-03
 2.37588e-03
 1.36561e-03
 1.15839e-03
 1.57074e-03
 2.79596e-03
 5.33827e-03
 9.96661e-03
 1.77849e-02
 3.01859e-02
 4.88931e-02
 7.63335e-02
 1.16296e-01
 1.74216e-01
 2.49780e-01
 3.10638e-01
 3.37110e-01
 3.44429e-01
 3.33756e-01
 2.99415e-01
 2.20478e-01
 9.75233e-02
 2.04630e-02
 1.65409e-03
 2.99451e-05
 2.22600e-07
 1.35840e-12
 2.59130e-10
 5.51106e-08
 9.46225e-07
 7.64475e-06
 3.96870e-05
 1.41653e-04
 3.74037e-04
 7.78931e-04
 1.42667e-03
 2.61622e-03
 4.98320e-03
 9.12841e-03
 1.40558e-02
 1.88496e-02
 2.28349e-02
 2.58516e-02
 2.77470e-02
 2.71368e-02
 2.55179e-02
 2.17620e-02
 1.64608e-02
 1.13879e-02
 6.90802e-03
 3.69819e-03
 1.88135e-03
 1.11707e-03
 9.23609e-04
 1.20392e-03
 2.17793e-03
 4.30035e-03
 8.21272e-03
 1.48089e-02
 2.52964e-02
 4.13346e-02
 6.54538e-02
 1.01656e-01
 1.55887e-01
 2.29102e-01
 2.91509e-01
 3.25502e-01
 3.37561e-01
 3.31106e-01
 2.99155e-01
 2.20451e-01
 9.76858e-02
 1.95826e-02
 1.42881e-03
 3.14740e-05
 5.78556e-07
 1.67479e-12
 2.66857e-10
 4.84441e-08
 7.75090e-07
 6.12317e-06
 3.06266e-05
 1.06401e-04
 2.72169e-04
 5.51293e-04
 9.98192e-04
 1.84954e-03
 3.57025e-03
 6.50088e-03
 9.80054e-03
 1.28076e-02
 1.51400e-02
 1.67545e-02
 1.74760e-02
 1.66297e-02
 1.55120e-02
 1.29417e-02
 1.00050e-02
 7.08211e-03
 4.50800e-03
 2.60800e-03
 1.47159e-03
 9.55446e-04
 8.15064e-04
 1.03689e-03
 1.80442e-03
 3.51343e-03
 6.74124e-03
 1.22757e-02
 2.12835e-02
 3.55805e-02
 5.80302e-02
 9.27264e-02
 1.44569e-01
 2.15617e-01
 2.77858e-01
 3.16058e-01
 3.31420e-01
 3.28252e-01
 2.97325e-01
 2.17791e-01
 9.55475e-02
 1.83572e-02
 1.35034e-03
 4.18218e-05
 1.18523e-06
 1.75682e-12
 2.39001e-10
 3.71010e-08
 6.05379e-07
 4.62866e-06
 2.25826e-05
 7.64191e-05
 1.90143e-04
 3.75491e-04
 6.72686e-04
 1.25857e-03
 2.45960e-03
 4.44774e-03
 6.60663e-03
 8.44495e-03
 9.77574e-03
 1.06118e-02
 1.07224e-02
 1.00366e-02
 9.22850e-03
 7.63467e-03
 6.04800e-03
 4.36646e-03
 2.91689e-03
 1.83372e-03
 1.16980e-03
 8.59415e-04
 7.97078e-04
 1.04717e-03
 1.80713e-03
 3.41020e-03
 6.35260e-03
 1.14266e-02
 1.98428e-02
 3.34673e-02
 5.50996e-02
 8.86153e-02
 1.39569e-01
 2.08163e-01
 2.68413e-01
 3.07906e-01
 3.25726e-01
 3.24882e-01
 2.93678e-01
 2.12310e-01
 9.09942e-02
 1.70730e-02
 1.37232e-03
 6.82004e-05
 2.01027e-06
 1.57517e-12
 1.91124e-10
 2.62394e-08
 4.42178e-07
 3.31066e-06
 1.58363e-05
 5.24930e-05
 1.27530e-04
 2.45845e-04
 4.35345e-04
 8.20973e-04
 1.62109e-03
 2.92331e-03
 4.30488e-03
 5.41504e-03
 6.16311e-03
 6.57647e-03
 6.44981e-03
 5.95807e-03
 5.36756e-03
 4.50289e-03
 3.66073e-03
 2.72613e-03
 1.93604e-03
 1.34552e-03
 9.85401e-04
 8.20396e-04
 8.37796e-04
 1.15059e-03
 1.96126e-03
 3.61123e-03
 6.60035e-03
 1.17270e-02
 2.02348e-02
 3.40068e-02
 5.57719e-02
 8.91446e-02
 1.38706e-01
 2.03692e-01
 2.60917e-01
 3.00658e-01
 3.19919e-01
 3.20390e-01
 2.87852e-01
 2.02369e-01
 8.47584e-02
 1.63042e-02
 1.51819e-03
 1.15746e-04
 2.88272e-06
 1.24942e-12
 1.41266e-10
 1.62835e-08
 3.01197e-07
 2.23361e-06
 1.05532e-05
 3.44633e-05
 8.20501e-05
 1.54429e-04
 2.69541e-04
 5.10867e-04
 1.01718e-03
 1.84173e-03
 2.70743e-03
 3.37796e-03
 3.79991e-03
 3.99887e-03
 3.82196e-03
 3.47604e-03
 3.07306e-03
 2.64864e-03
 2.23469e-03
 1.77173e-03
 1.38236e-03
 1.09309e-03
 9.21384e-04
 8.57781e-04
 9.73796e-04
 1.39614e-03
 2.35020e-03
 4.17066e-03
 7.37230e-03
 1.27799e-02
 2.16643e-02
 3.58796e-02
 5.79609e-02
 9.11153e-02
 1.39028e-01
 2.00165e-01
 2.54484e-01
 2.93638e-01
 3.13208e-01
 3.13930e-01
 2.79611e-01
 1.89006e-01
 7.77453e-02
 1.60477e-02
 1.88704e-03
 1.75134e-04
 3.53455e-06
 8.82490e-13
 9.52724e-11
 7.83045e-09
 1.90234e-07
 1.41787e-06
 6.66971e-06
 2.15926e-05
 5.05633e-05
 9.28145e-05
 1.58937e-04
 3.01552e-04
 6.04163e-04
 1.10588e-03
 1.63860e-03
 2.04696e-03
 2.29215e-03
 2.39082e-03
 2.24611e-03
 2.00165e-03
 1.75233e-03
 1.56893e-03
 1.40703e-03
 1.23631e-03
 1.09558e-03
 9.95056e-04
 9.45946e-04
 1.00347e-03
 1.25697e-03
 1.86189e-03
 3.06848e-03
 5.21095e-03
 8.82231e-03
 1.47594e-02
 2.42930e-02
 3.92082e-02
 6.15592e-02
 9.34505e-02
 1.39605e-01
 1.96786e-01
 2.48283e-01
 2.85765e-01
 3.04616e-01
 3.04734e-01
 2.69040e-01
 1.74137e-01
 7.05522e-02
 1.62625e-02
 2.46033e-03
 2.25750e-04
 3.88068e-06
 5.54502e-13
 5.82770e-11
 1.57754e-09
 1.10363e-07
 8.43093e-07
 3.98483e-06
 1.28795e-05
 2.97841e-05
 5.31826e-05
 8.88027e-05
 1.67735e-04
 3.37412e-04
 6.27643e-04
 9.48008e-04
 1.19986e-03
 1.35101e-03
 1.40827e-03
 1.32146e-03
 1.15452e-03
 1.01849e-03
 9.56168e-04
 9.27388e-04
 9.16530e-04
 9.23774e-04
 9.53562e-04
 1.04669e-03
 1.26706e-03
 1.73449e-03
 2.63120e-03
 4.21011e-03
 6.83698e-03
 1.10537e-02
 1.76857e-02
 2.78374e-02
 4.28081e-02
 6.43329e-02
 9.54729e-02
 1.39332e-01
 1.92472e-01
 2.41151e-01
 2.75805e-01
 2.93170e-01
 2.91937e-01
 2.54977e-01
 1.57024e-01
 6.40658e-02
 1.70522e-02
 3.03579e-03
 2.54267e-04
 3.78477e-06
 3.07687e-13
 3.21503e-11
 8.75389e-10
 5.79044e-08
 4.66355e-07
 2.23957e-06
 7.28812e-06
 1.67260e-05
 2.89237e-05
 4.67570e-05
 8.72369e-05
 1.75930e-04
 3.32979e-04
 5.18148e-04
 6.74562e-04
 7.75354e-04
 8.19095e-04
 7.85326e-04
 6.90560e-04
 6.23311e-04
 6.07333e-04
 6.20468e-04
 6.73452e-04
 7.72646e-04
 9.18062e-04
 1.14250e-03
 1.55374e-03
 2.29331e-03
 3.53690e-03
 5.52094e-03
 8.57888e-03
 1.32021e-02
 2.00902e-02
 3.02326e-02
 4.49821e-02
 6.62387e-02
 9.59518e-02
 1.37182e-01
 1.86532e-01
 2.31724e-01
 2.62449e-01
 2.76338e-01
 2.72067e-01
 2.33210e-01
 1.39702e-01
 5.89503e-02
 1.82025e-02
 3.38678e-03
 2.53115e-04
 3.37712e-06
 1.49548e-13
 1.58514e-11
 4.40321e-10
 2.65887e-08
 2.37425e-07
 1.17532e-06
 3.89240e-06
 8.92066e-06
 1.48553e-05
 2.30693e-05
 4.20198e-05
 8.47843e-05
 1.62921e-04
 2.63411e-04
 3.57957e-04
 4.28773e-04
 4.69701e-04
 4.74738e-04
 4.38932e-04
 4.13317e-04
 4.09411e-04
 4.25028e-04
 4.81855e-04
 6.05578e-04
 8.24243e-04
 1.16753e-03
 1.71297e-03
 2.61415e-03
 4.05940e-03
 6.27362e-03
 9.55897e-03
 1.43776e-02
 2.14231e-02
 3.16300e-02
 4.61233e-02
 6.62295e-02
 9.38542e-02
 1.32656e-01
 1.78631e-01
 2.18375e-01
 2.41932e-01
 2.50348e-01
 2.43256e-01
 2.05718e-01
 1.22488e-01
 5.31665e-02
 1.79008e-02
 3.33259e-03
 2.31692e-04
 2.67367e-06
 6.28471e-14
 6.89243e-12
 1.98195e-10
 9.40692e-09
 1.09234e-07
 5.69252e-07
 1.94990e-06
 4.48509e-06
 7.17071e-06
 1.06069e-05
 1.85464e-05
 3.71805e-05
 7.24628e-05
 1.22765e-04
 1.74858e-04
 2.23073e-04
 2.61276e-04
 2.87599e-04
 2.94438e-04
 2.98739e-04
 3.06880e-04
 3.24726e-04
 3.71889e-04
 4.81069e-04
 7.05773e-04
 1.10695e-03
 1.74589e-03
 2.74146e-03
 4.28808e-03
 6.61279e-03
 9.99751e-03
 1.48486e-02
 2.17487e-02
 3.14563e-02
 4.49302e-02
 6.34336e-02
 8.92436e-02
 1.26294e-01
 1.66808e-01
 1.96201e-01
 2.11486e-01
 2.15438e-01
 2.06864e-01
 1.73505e-01
 1.03672e-01
 4.65403e-02
 1.62352e-02
 3.01569e-03
 1.89037e-04
 1.85131e-06
 2.24101e-14
 2.59419e-12
 7.84248e-11
 1.09471e-09
 4.35361e-08
 2.49290e-07
 9.07795e-07
 2.09977e-06
 3.23804e-06
 4.52213e-06
 7.41872e-06
 1.45947e-05
 2.88151e-05
 5.13464e-05
 7.74756e-05
 1.05361e-04
 1.35174e-04
 1.67068e-04
 1.98094e-04
 2.26574e-04
 2.54254e-04
 2.85129e-04
 3.30106e-04
 4.25749e-04
 6.21024e-04
 9.81539e-04
 1.60031e-03
 2.58673e-03
 4.08630e-03
 6.30400e-03
 9.50108e-03
 1.40185e-02
 2.03346e-02
 2.91069e-02
 4.12634e-02
 5.83055e-02
 8.31322e-02
 1.17066e-01
 1.46271e-01
 1.65473e-01
 1.75113e-01
 1.76588e-01
 1.67815e-01
 1.39329e-01
 8.40675e-02
 3.88392e-02
 1.35762e-02
 2.42340e-03
 1.32514e-04
 1.11061e-06
 6.60334e-15
 8.23602e-13
 2.66170e-11
 3.94747e-10
 1.29958e-08
 9.41424e-08
 3.79698e-07
 9.07801e-07
 1.35677e-06
 1.78127e-06
 2.66356e-06
 5.01427e-06
 1.00447e-05
 1.86120e-05
 3.02304e-05
 4.43315e-05
 6.27020e-05
 8.78990e-05
 1.22235e-04
 1.67006e-04
 2.20109e-04
 2.78729e-04
 3.54918e-04
 4.66220e-04
 6.51130e-04
 9.73352e-04
 1.51200e-03
 2.36637e-03
 3.67464e-03
 5.60988e-03
 8.41202e-03
 1.24007e-02
 1.80334e-02
 2.60015e-02
 3.73815e-02
 5.39270e-02
 7.79066e-02
 1.03022e-01
 1.22815e-01
 1.36098e-01
 1.42327e-01
 1.41843e-01
 1.33167e-01
 1.08752e-01
 6.57711e-02
 3.06904e-02
 1.02951e-02
 1.66933e-03
 7.66486e-05
 5.85311e-07
 1.54956e-15
 2.12743e-13
 7.48525e-12
 1.19861e-10
 1.09932e-09
 2.65538e-08
 1.35338e-07
 3.53980e-07
 5.21997e-07
 6.46032e-07
 8.55971e-07
 1.47001e-06
 2.94083e-06
 5.69269e-06
 9.97177e-06
 1.60740e-05
 2.52723e-05
 4.03955e-05
 6.56580e-05
 1.07036e-04
 1.72537e-04
 2.66187e-04
 3.90786e-04
 5.67351e-04
 8.25618e-04
 1.20013e-03
 1.75433e-03
 2.58575e-03
 3.81529e-03
 5.61224e-03
 8.21544e-03
 1.19626e-02
 1.73236e-02
 2.49572e-02
 3.57586e-02
 5.07877e-02
 6.96231e-02
 8.72394e-02
 1.00818e-01
 1.08762e-01
 1.11474e-01
 1.09593e-01
 1.00666e-01
 7.99773e-02
 4.77803e-02
 2.17949e-02
 6.65901e-03
 9.21564e-04
 3.83825e-05
 2.57873e-07
 2.75008e-16
 4.24986e-14
 1.66057e-12
 2.92193e-11
 2.92535e-10
 2.70623e-09
 3.64667e-08
 1.17985e-07
 1.80945e-07
 2.13387e-07
 2.48490e-07
 3.61495e-07
 6.88098e-07
 1.39567e-06
 2.65907e-06
 4.75279e-06
 8.39091e-06
 1.53085e-05
 2.89535e-05
 5.53273e-05
 1.03990e-04
 1.88416e-04
 3.22235e-04
 5.17968e-04
 8.01151e-04
 1.21370e-03
 1.81405e-03
 2.67864e-03
 3.90692e-03
 5.64241e-03
 8.08210e-03
 1.15011e-02
 1.62770e-02
 2.29287e-02
 3.21688e-02
 4.48247e-02
 5.87505e-02
 7.01916e-02
 7.76783e-02
 8.10445e-02
 8.12765e-02
 7.78369e-02
 6.86621e-02
 5.12416e-02
 2.90992e-02
 1.24639e-02
 3.44456e-03
 4.32538e-04
 1.63437e-05
 8.23782e-08
 3.43323e-17
 6.11220e-15
 2.71031e-13
 5.34294e-12
 5.93648e-11
 4.22549e-10
 5.02542e-09
 2.89369e-08
 5.32478e-08
 6.21744e-08
 6.57780e-08
 7.59132e-08
 1.22097e-07
 2.50544e-07
 5.26129e-07
 1.06266e-06
 2.13959e-06
 4.47676e-06
 9.75691e-06
 2.15131e-05
 4.64655e-05
 9.60930e-05
 1.87668e-04
 3.43873e-04
 5.88796e-04
 9.52356e-04
 1.48109e-03
 2.24117e-03
 3.31683e-03
 4.82354e-03
 6.92229e-03
 9.83644e-03
 1.38730e-02
 1.94560e-02
 2.71822e-02
 3.65281e-02
 4.46154e-02
 5.01507e-02
 5.28168e-02
 5.33135e-02
 5.14407e-02
 4.68496e-02
 3.87154e-02
 2.67476e-02
 1.44046e-02
 5.84822e-03
 1.53537e-03
 1.70323e-04
 5.58529e-06
 2.40966e-08
 2.72336e-18
 5.72078e-16
 2.94804e-14
 6.65728e-13
 8.36774e-12
 6.67597e-11
 3.67241e-10
 1.47006e-09
 1.09167e-08
 1.41826e-08
 1.51206e-08
 1.44517e-08
 1.65443e-08
 2.94983e-08
 6.82538e-08
 1.61981e-07
 3.82256e-07
 9.18110e-07
 2.25084e-06
 5.52211e-06
 1.32414e-05
 3.05190e-05
 6.69350e-05
 1.38783e-04
 2.70710e-04
 4.95224e-04
 8.48083e-04
 1.37308e-03
 2.13491e-03
 3.21941e-03
 4.74109e-03
 6.85864e-03
 9.79981e-03
 1.39164e-02
 1.91632e-02
 2.38252e-02
 2.68526e-02
 2.80810e-02
 2.82192e-02
 2.74010e-02
 2.58127e-02
 2.29225e-02
 1.83841e-02
 1.19529e-02
 6.09504e-03
 2.30784e-03
 5.50914e-04
 5.23723e-05
 1.43086e-06
 4.91985e-09
 1.19137e-19
 3.02562e-17
 1.85872e-15
 4.93219e-14
 7.18407e-13
 6.56005e-12
 4.08404e-11
 1.82968e-10
 5.77178e-10
 9.18164e-10
 2.58046e-09
 2.15946e-09
 1.84562e-09
 2.27193e-09
 5.20030e-09
 1.55397e-08
 4.60602e-08
 1.30415e-07
 3.55345e-07
 9.33957e-07
 2.35964e-06
 5.70885e-06
 1.32009e-05
 2.91593e-05
 6.15174e-05
 1.23959e-04
 2.36139e-04
 4.25772e-04
 7.29648e-04
 1.19162e-03
 1.86904e-03
 2.83910e-03
 4.21668e-03
 6.18268e-03
 8.21935e-03
 9.69050e-03
 1.05694e-02
 1.10520e-02
 1.11531e-02
 1.09336e-02
 1.02752e-02
 8.97792e-03
 6.94506e-03
 4.25416e-03
 2.03679e-03
 7.05480e-04
 1.46218e-04
 1.15344e-05
 2.43702e-07
 5.92127e-10
 2.36261e-21
 7.44334e-19
 5.60302e-17
 1.79755e-15
 3.12146e-14
 3.35120e-13
 2.42477e-12
 1.25846e-11
 4.92813e-11
 1.19160e-10
 1.59861e-10
 1.66064e-10
 1.55997e-10
 1.69234e-10
 3.49045e-10
 1.23875e-09
 4.64364e-09
 1.53805e-08
 4.62025e-08
 1.28277e-07
 3.33651e-07
 8.21576e-07
 1.93141e-06
 4.36509e-06
 9.53781e-06
 2.02300e-05
 4.08920e-05
 7.77491e-05
 1.40161e-04
 2.40432e-04
 3.94534e-04
 6.22988e-04
 9.53215e-04
 1.42510e-03
 2.02310e-03
 2.54759e-03
 2.92040e-03
 3.12493e-03
 3.18352e-03
 3.14471e-03
 2.94541e-03
 2.52987e-03
 1.86684e-03
 1.07712e-03
 4.80971e-04
 1.49527e-04
 2.57563e-05
 1.61745e-06
 2.38230e-08
 3.09790e-11
 1.60818e-23
 6.49731e-21
 6.20184e-19
 2.49133e-17
 5.34212e-16
 6.97654e-15
 6.04518e-14
 3.69898e-13
 1.67976e-12
 5.87809e-12
 1.26564e-11
 1.66341e-11
 1.86033e-11
 2.21427e-11
 4.33490e-11
 1.45550e-10
 5.39627e-10
 1.92161e-09
 6.11771e-09
 1.75562e-08
 4.63738e-08
 1.14339e-07
 2.66438e-07
 5.93637e-07
 1.27909e-06
 2.69528e-06
 5.48423e-06
 1.06019e-05
 1.95408e-05
 3.43680e-05
 5.78199e-05
 9.33555e-05
 1.45314e-04
 2.19397e-04
 3.22812e-04
 4.33620e-04
 5.18965e-04
 5.69128e-04
 5.85689e-04
 5.80240e-04
 5.39059e-04
 4.50181e-04
 3.12744e-04
 1.70191e-04
 7.01885e-05
 1.91889e-05
 2.64974e-06
 1.24862e-07
 1.28490e-09
 7.02818e-13
 2.40561e-26
 1.31935e-23
 1.68986e-21
 8.99077e-20
 2.51636e-18
 4.21918e-17
 4.60516e-16
 3.46917e-15
 1.88425e-14
 7.61518e-14
 2.32464e-13
 5.31498e-13
 9.17867e-13
 1.57193e-12
 4.15671e-12
 1.57485e-11
 6.21273e-11
 2.25492e-10
 7.38787e-10
 2.28001e-09
 6.33462e-09
 1.60169e-08
 3.75706e-08
 8.28855e-08
 1.74046e-07
 3.52159e-07
 6.84140e-07
 1.26561e-06
 2.24048e-06
 3.80407e-06
 6.20972e-06
 9.76428e-06
 1.48142e-05
 2.17526e-05
 3.11789e-05
 4.25853e-05
 5.21347e-05
 5.80543e-05
 6.00825e-05
 5.93118e-05
 5.38345e-05
 4.29842e-05
 2.80125e-05
 1.43153e-05
 5.37743e-06
 1.26424e-06
 1.35026e-07
 4.61640e-09
 3.17211e-11
 6.64152e-15
 3.13129e-30
 2.64975e-27
 5.15759e-25
 4.09850e-23
 1.68028e-21
 4.03872e-20
 6.17186e-19
 6.34703e-18
 4.58789e-17
 2.42072e-16
 9.73313e-16
 3.22490e-15
 1.05146e-14
 4.28209e-14
 2.16244e-13
 1.10739e-12
 5.13612e-12
 2.09858e-11
 7.55672e-11
 2.41412e-10
 6.89064e-10
 1.82640e-09
 4.34996e-09
 9.08493e-09
 1.72343e-08
 3.04689e-08
 5.08511e-08
 8.23781e-08
 1.34342e-07
 2.20338e-07
 3.51717e-07
 5.35840e-07
 7.81865e-07
 1.10280e-06
 1.50527e-06
 1.96822e-06
 2.37586e-06
 2.63351e-06
 2.71525e-06
 2.63525e-06
 2.29710e-06
 1.72287e-06
 1.05793e-06
 5.00144e-07
 1.67674e-07
 3.21441e-08
 2.64433e-09
 6.74664e-11
 2.88690e-13
 2.19643e-17
 1.26661e-36
 2.66845e-33
 1.25428e-30
 2.32015e-28
 2.11882e-26
 1.07668e-24
 3.27349e-23
 6.25657e-22
 7.81936e-21
 6.64292e-20
 4.03502e-19
 1.95277e-18
 1.02446e-17
 8.38430e-17
 8.55170e-16
 7.86849e-15
 5.93492e-14
 3.61805e-13
 1.79039e-12
 7.27909e-12
 2.47743e-11
 7.20795e-11
 1.51722e-10
 2.06657e-10
 2.39881e-10
 2.93433e-10
 4.66053e-10
 8.51007e-10
 1.50950e-09
 2.47410e-09
 4.03673e-09
 6.49361e-09
 9.85192e-09
 1.38968e-08
 1.86510e-08
 2.35554e-08
 2.77645e-08
 3.01294e-08
 3.01968e-08
 2.82661e-08
 2.33821e-08
 1.61175e-08
 9.17019e-09
 3.95378e-09
 1.16654e-09
 1.90089e-10
 1.17994e-11
 2.13042e-13
 5.55869e-16
 1.49051e-20
