Density
part
         1
hexa8
 1.57845e-57
 1.15522e-53
 2.07310e-50
 1.62485e-47
 7.05313e-45
 1.93284e-42
 3.63504e-40
 4.97247e-38
 5.16486e-36
 4.21107e-34
 2.76752e-32
 1.49827e-30
 6.80429e-29
 2.63254e-27
 8.79324e-26
 2.56529e-24
 6.60314e-23
 1.51316e-21
 3.11158e-20
 5.78190e-19
 9.76816e-18
 1.50833e-16
 2.13809e-15
 2.79182e-14
 3.36550e-13
 3.03534e-42
 7.19866e-39
 4.19001e-36
 1.06616e-33
 1.50382e-31
 1.34024e-29
 8.20348e-28
 3.65469e-26
 1.23697e-24
 3.28771e-23
 7.04537e-22
 1.24383e-20
 1.84199e-19
 2.32341e-18
 2.52923e-17
 2.40346e-16
 2.01385e-15
 1.50101e-14
 1.00298e-13
 6.04957e-13
 3.31354e-12
 1.65667e-11
 7.59313e-11
 3.20121e-10
 1.24432e-09
 2.12708e-34
 2.92603e-31
 9.89619e-29
 1.46581e-26
 1.20562e-24
 6.27589e-23
 2.24717e-21
 5.86453e-20
 1.16417e-18
 1.81665e-17
 2.28762e-16
 2.37491e-15
 2.06932e-14
 1.53643e-13
 9.84888e-13
 5.51314e-12
 2.72214e-11
 1.19616e-10
 4.71503e-10
 1.67911e-09
 5.43657e-09
 6.46499e-08
 2.06331e-07
 5.53863e-07
 1.37124e-06
 3.85248e-29
 3.63659e-26
 8.46577e-24
 8.65744e-22
 4.93106e-20
 1.78269e-18
 4.44521e-17
 8.09922e-16
 1.12509e-14
 1.23117e-13
 1.08928e-12
 7.95944e-12
 4.88947e-11
 2.56364e-10
 1.16244e-09
 4.61123e-09
 6.18897e-08
 2.13980e-07
 6.30112e-07
 1.68616e-06
 4.13182e-06
 9.33499e-06
 1.95583e-05
 3.82246e-05
 7.00720e-05
 2.44903e-25
 1.71746e-22
 2.98398e-20
 2.28808e-18
 9.81668e-17
 2.68519e-15
 5.08761e-14
 7.07191e-13
 7.52313e-12
 6.32705e-11
 4.31673e-10
 2.44021e-09
 4.17799e-08
 1.91687e-07
 7.05514e-07
 2.29524e-06
 6.64810e-06
 1.72735e-05
 4.06539e-05
 8.74527e-05
 1.73348e-04
 3.19063e-04
 5.49230e-04
 8.89612e-04
 1.36206e-03
 1.64811e-22
 8.99881e-20
 1.22542e-17
 7.41404e-16
 2.52645e-14
 5.52414e-13
 8.41809e-12
 9.46627e-11
 8.19167e-10
 1.27996e-08
 1.26563e-07
 6.13171e-07
 2.54498e-06
 9.08837e-06
 2.83229e-05
 7.80837e-05
 1.92536e-04
 4.28887e-04
 8.71168e-04
 1.62761e-03
 2.81943e-03
 4.56159e-03
 6.93768e-03
 9.97137e-03
 1.35952e-02
 2.19268e-20
 9.64906e-18
 1.06884e-15
 5.30879e-14
 1.49843e-12
 2.73699e-11
 3.51224e-10
 3.35075e-09
 1.00444e-07
 6.25404e-07
 3.20477e-06
 1.36693e-05
 4.97845e-05
 1.57187e-04
 4.35910e-04
 1.07452e-03
 2.38024e-03
 4.78666e-03
 8.82189e-03
 1.50304e-02
 2.38518e-02
 3.54590e-02
 4.95761e-02
 6.54650e-02
 8.20913e-02
 8.88777e-19
 3.25677e-16
 3.03996e-14
 1.28686e-12
 3.12839e-11
 4.96881e-10
 1.70259e-08
 2.02056e-07
 1.42032e-06
 7.91691e-06
 3.64462e-05
 1.41490e-04
 4.71075e-04
 1.36482e-03
 3.48570e-03
 7.94090e-03
 1.63157e-02
 3.05514e-02
 5.26444e-02
 8.41650e-02
 1.25549e-01
 1.73837e-01
 2.20606e-01
 2.63010e-01
 2.96971e-01
 1.52534e-17
 4.81403e-15
 3.92117e-13
 1.46540e-11
 3.17683e-10
 4.53768e-09
 2.05942e-07
 1.70725e-06
 1.08697e-05
 5.60501e-05
 2.39766e-04
 8.67516e-04
 2.69791e-03
 7.31144e-03
 1.74710e-02
 3.71808e-02
 7.10639e-02
 1.22875e-01
 1.93518e-01
 2.73333e-01
 3.47414e-01
 4.05928e-01
 4.43458e-01
 4.63100e-01
 4.70157e-01
 1.40983e-16
 3.95563e-14
 2.89761e-12
 9.83086e-11
 1.94928e-09
 1.12662e-07
 1.20116e-06
 9.10977e-06
 5.43811e-05
 2.63483e-04
 1.05969e-03
 3.60199e-03
 1.05017e-02
 2.65911e-02
 5.90996e-02
 1.16394e-01
 2.05057e-01
 3.15575e-01
 4.15863e-01
 4.84358e-01
 5.17682e-01
 5.27945e-01
 5.27704e-01
 5.10871e-01
 4.92004e-01
 8.23565e-16
 2.11179e-13
 1.42619e-11
 4.49099e-10
 3.44814e-08
 5.15621e-07
 4.89162e-06
 3.50829e-05
 1.98577e-04
 9.12186e-04
 3.47399e-03
 1.11570e-02
 3.06482e-02
 7.29199e-02
 1.51965e-01
 2.79193e-01
 4.11371e-01
 5.01777e-01
 5.37924e-01
 5.44757e-01
 5.27771e-01
 4.89340e-01
 4.48844e-01
 3.95638e-01
 3.46995e-01
 3.38315e-15
 8.12504e-13
 5.16551e-11
 1.53694e-09
 1.32141e-07
 1.70510e-06
 1.53859e-05
 1.05533e-04
 5.71223e-04
 2.50682e-03
 9.10617e-03
 2.78350e-02
 7.25807e-02
 1.63645e-01
 3.14545e-01
 4.52795e-01
 5.24567e-01
 5.43580e-01
 5.31246e-01
 4.84007e-01
 4.07646e-01
 3.18562e-01
 2.40589e-01
 1.81046e-01
 1.41421e-01
part
         2
hexa8
 3.74715e-12
 2.08544e-11
 6.02779e-11
 1.21772e-10
 1.93137e-10
 2.55870e-10
 2.92836e-10
 2.93052e-10
 2.53690e-10
 1.97436e-10
 1.36309e-10
 8.24996e-11
 4.30811e-11
 1.89920e-11
 6.84419e-12
 1.92111e-12
 3.89618e-13
 5.04514e-14
 3.34325e-15
 7.46874e-17
 3.24076e-19
 1.32286e-22
 1.60249e-27
 4.15966e-35
 3.26586e-50
 4.46453e-09
 5.16020e-08
 1.20563e-07
 1.89731e-07
 2.50222e-07
 2.89105e-07
 3.00908e-07
 2.72489e-07
 2.18487e-07
 1.59857e-07
 1.02868e-07
 5.42608e-08
 2.00115e-08
 2.88557e-09
 1.10929e-09
 3.40468e-10
 7.77708e-11
 1.17756e-11
 9.58607e-13
 2.77081e-14
 1.61382e-16
 9.21222e-20
 1.67314e-24
 7.63050e-32
 1.86901e-46
 3.16842e-06
 6.03846e-06
 8.95848e-06
 1.15544e-05
 1.33686e-05
 1.41538e-05
 1.36206e-05
 1.17369e-05
 9.21524e-06
 6.74931e-06
 4.48718e-06
 2.68092e-06
 1.41805e-06
 6.49290e-07
 2.48089e-07
 7.13186e-08
 4.03797e-09
 7.04036e-10
 6.91601e-11
 2.55553e-12
 1.98215e-14
 1.57521e-17
 4.27778e-22
 3.42240e-29
 2.61295e-43
 1.21111e-04
 1.77554e-04
 2.28160e-04
 2.66480e-04
 2.87173e-04
 2.90892e-04
 2.59746e-04
 2.22106e-04
 1.72461e-04
 1.25902e-04
 8.43096e-05
 5.12827e-05
 2.79455e-05
 1.33764e-05
 5.46833e-06
 1.83076e-06
 4.69200e-07
 8.01105e-08
 2.23554e-09
 1.04355e-10
 1.06929e-12
 1.17774e-15
 4.76972e-20
 6.68427e-27
 1.58938e-40
 1.94788e-03
 2.50275e-03
 2.95426e-03
 3.24580e-03
 3.36143e-03
 3.24479e-03
 2.84349e-03
 2.38719e-03
 1.86510e-03
 1.36841e-03
 9.28427e-04
 5.77033e-04
 3.24275e-04
 1.61607e-04
 6.96150e-05
 2.49363e-05
 7.00104e-06
 1.39671e-06
 1.63669e-07
 2.39060e-09
 3.21042e-11
 4.88000e-14
 2.94004e-18
 7.20726e-25
 5.33299e-38
 1.73135e-02
 2.06487e-02
 2.30762e-02
 2.43841e-02
 2.46711e-02
 2.27299e-02
 2.02590e-02
 1.66632e-02
 1.32000e-02
 9.80045e-03
 6.77074e-03
 4.31316e-03
 2.50542e-03
 1.30048e-03
 5.89717e-04
 2.25078e-04
 6.84590e-05
 1.51671e-05
 2.07865e-06
 1.24691e-07
 6.10906e-10
 1.27645e-12
 1.14151e-16
 4.88921e-23
 1.12503e-35
 9.81901e-02
 1.11572e-01
 1.20196e-01
 1.23829e-01
 1.22642e-01
 1.11442e-01
 9.96356e-02
 8.22379e-02
 6.56031e-02
 4.96640e-02
 3.52085e-02
 2.30520e-02
 1.38643e-02
 7.50748e-03
 3.58484e-03
 1.45531e-03
 4.77757e-04
 1.16675e-04
 1.82341e-05
 1.33219e-06
 1.81859e-08
 2.28915e-11
 3.03309e-15
 2.26767e-21
 1.62173e-33
 3.19828e-01
 3.32254e-01
 3.37099e-01
 3.37391e-01
 3.27232e-01
 3.13068e-01
 2.92346e-01
 2.64316e-01
 2.29323e-01
 1.83618e-01
 1.37006e-01
 9.28606e-02
 5.75687e-02
 3.27139e-02
 1.64494e-02
 7.09615e-03
 2.50904e-03
 6.72263e-04
 1.18745e-04
 1.03513e-05
 2.60289e-07
 2.98019e-10
 5.84179e-14
 7.61881e-20
 1.69270e-31
 4.70629e-01
 4.61415e-01
 4.52474e-01
 4.44502e-01
 4.36416e-01
 4.27021e-01
 4.16586e-01
 4.03688e-01
 3.84046e-01
 3.56633e-01
 3.16038e-01
 2.57153e-01
 1.83529e-01
 1.11854e-01
 5.89924e-02
 2.70506e-02
 1.02999e-02
 3.01792e-03
 5.98692e-04
 6.16151e-05
 1.94464e-06
 2.93713e-09
 8.50804e-13
 1.93487e-18
 1.33518e-29
 4.73835e-01
 4.56848e-01
 4.43353e-01
 4.34169e-01
 4.29318e-01
 4.27995e-01
 4.27597e-01
 4.28008e-01
 4.25923e-01
 4.20307e-01
 4.07753e-01
 3.86117e-01
 3.41452e-01
 2.65422e-01
 1.68716e-01
 8.26603e-02
 3.40047e-02
 1.08788e-02
 2.41194e-03
 2.91310e-04
 1.14161e-05
 6.97447e-08
 9.67914e-12
 3.83796e-17
 8.22555e-28
 3.06769e-01
 2.78261e-01
 2.61436e-01
 2.54806e-01
 2.55957e-01
 2.73703e-01
 2.94684e-01
 3.27734e-01
 3.60492e-01
 3.90655e-01
 4.10101e-01
 4.17056e-01
 4.06698e-01
 3.81149e-01
 3.15574e-01
 2.03348e-01
 9.24651e-02
 3.22673e-02
 7.96922e-03
 1.12382e-03
 5.40763e-05
 4.63079e-07
 8.82588e-11
 6.10285e-16
 4.06298e-26
 1.17427e-01
 1.03546e-01
 9.62354e-02
 9.36718e-02
 9.61725e-02
 1.06829e-01
 1.21008e-01
 1.46350e-01
 1.80779e-01
 2.31966e-01
 2.94828e-01
 3.54513e-01
 3.97225e-01
 4.11396e-01
 3.91926e-01
 3.31218e-01
 2.04170e-01
 8.03242e-02
 2.20980e-02
 3.61610e-03
 2.11405e-04
 2.40576e-06
 6.58746e-10
 7.94602e-15
 1.64386e-24
part
         3
hexa8
 1.04966e-14
 2.41385e-12
 1.47088e-10
 4.19778e-09
 3.74131e-07
 4.54860e-06
 3.95734e-05
 2.61748e-04
 1.36492e-03
 5.76308e-03
 2.01080e-02
 5.89012e-02
 1.46796e-01
 3.08165e-01
 4.58180e-01
 5.28111e-01
 5.42408e-01
 5.14921e-01
 4.37799e-01
 3.20291e-01
 2.13639e-01
 1.35477e-01
 8.81520e-02
 6.01747e-02
 4.40345e-02
 2.58105e-14
 5.80150e-12
 3.44348e-10
 3.92994e-08
 8.69777e-07
 1.02270e-05
 8.65205e-05
 5.55850e-04
 2.81143e-03
 1.14981e-02
 3.88125e-02
 1.09802e-01
 2.61575e-01
 4.34540e-01
 5.22080e-01
 5.41106e-01
 5.11093e-01
 4.10550e-01
 2.70331e-01
 1.55498e-01
 8.70756e-02
 4.82690e-02
 2.76105e-02
 1.68167e-02
 1.12763e-02
 5.19632e-14
 1.16443e-11
 6.83477e-10
 9.43763e-08
 1.73087e-06
 1.99394e-05
 1.65250e-04
 1.03797e-03
 5.12288e-03
 2.04169e-02
 6.72151e-02
 1.86427e-01
 3.76073e-01
 5.00883e-01
 5.38445e-01
 5.21153e-01
 4.20070e-01
 2.61361e-01
 1.37790e-01
 6.85354e-02
 3.28779e-02
 1.56510e-02
 7.66484e-03
 4.04447e-03
 2.42688e-03
 8.75173e-14
 1.99428e-11
 1.17484e-09
 1.71615e-07
 3.01967e-06
 3.43960e-05
 2.81196e-04
 1.73786e-03
 8.41793e-03
 3.28176e-02
 1.04961e-01
 2.75129e-01
 4.53260e-01
 5.28541e-01
 5.33523e-01
 4.62930e-01
 2.92945e-01
 1.48506e-01
 6.83474e-02
 2.93716e-02
 1.20034e-02
 4.80167e-03
 1.95584e-03
 8.65197e-04
 4.55281e-04
 1.25219e-13
 2.95556e-11
 1.77415e-09
 2.68886e-07
 4.69051e-06
 5.32530e-05
 4.32302e-04
 2.64467e-03
 1.26499e-02
 4.86566e-02
 1.54373e-01
 3.55430e-01
 4.96178e-01
 5.37675e-01
 5.11740e-01
 3.69758e-01
 1.89735e-01
 8.49634e-02
 3.43672e-02
 1.27486e-02
 4.41045e-03
 1.45917e-03
 4.85433e-04
 1.84266e-04
 9.99594e-05
 1.57387e-13
 3.93185e-11
 2.42156e-09
 3.78425e-07
 6.58052e-06
 7.47504e-05
 6.06557e-04
 3.69505e-03
 1.75514e-02
 6.68900e-02
 2.08748e-01
 4.13675e-01
 5.20222e-01
 5.36893e-01
 4.66983e-01
 2.74093e-01
 1.26033e-01
 5.06328e-02
 1.81048e-02
 5.82477e-03
 1.70666e-03
 4.69173e-04
 1.38397e-04
 6.56513e-05
 6.04231e-05
 1.63293e-13
 4.48673e-11
 2.91988e-09
 4.70539e-07
 8.39607e-06
 9.79687e-05
 8.03072e-04
 4.86512e-03
 2.28264e-02
 8.55470e-02
 2.57263e-01
 4.51755e-01
 5.31945e-01
 5.31259e-01
 4.11463e-01
 2.08424e-01
 8.74825e-02
 3.19122e-02
 1.02252e-02
 2.89408e-03
 7.30777e-04
 1.79786e-04
 6.94392e-05
 6.84666e-05
 1.36136e-04
 1.41544e-13
 4.34453e-11
 3.11195e-09
 5.44203e-07
 1.00639e-05
 1.15854e-04
 9.41917e-04
 5.77711e-03
 2.75289e-02
 1.04437e-01
 3.01082e-01
 4.78293e-01
 5.39429e-01
 5.21226e-01
 3.55515e-01
 1.65702e-01
 6.50790e-02
 2.20623e-02
 6.48902e-03
 1.65443e-03
 3.74967e-04
 1.03876e-04
 7.52207e-05
 1.48993e-04
 3.83205e-04
 1.02592e-13
 3.68030e-11
 2.88170e-09
 5.26277e-07
 1.02377e-05
 1.26716e-04
 1.08075e-03
 6.71301e-03
 3.16234e-02
 1.17808e-01
 3.25045e-01
 4.94056e-01
 5.45253e-01
 5.09302e-01
 3.17738e-01
 1.41489e-01
 5.28419e-02
 1.68397e-02
 4.58470e-03
 1.06909e-03
 2.35725e-04
 9.14614e-05
 1.14765e-04
 3.15952e-04
 8.46929e-04
 5.91147e-14
 2.64157e-11
 2.36468e-09
 4.62516e-07
 9.55671e-06
 1.22225e-04
 1.06848e-03
 6.82868e-03
 3.33973e-02
 1.27677e-01
 3.44531e-01
 5.06022e-01
 5.51445e-01
 5.04181e-01
 2.94666e-01
 1.26735e-01
 4.57125e-02
 1.40861e-02
 3.73248e-03
 8.66103e-04
 2.07526e-04
 1.04098e-04
 1.70488e-04
 5.24867e-04
 1.47654e-03
 2.48055e-14
 1.50256e-11
 1.67070e-09
 3.59184e-07
 8.08348e-06
 1.09158e-04
 9.93172e-04
 6.52428e-03
 3.24649e-02
 1.25523e-01
 3.44386e-01
 5.14270e-01
 5.58526e-01
 5.09564e-01
 2.98488e-01
 1.28553e-01
 4.64788e-02
 1.44101e-02
 3.87305e-03
 9.26340e-04
 2.35674e-04
 1.26458e-04
 2.09815e-04
 6.56976e-04
 1.98132e-03
 6.67291e-15
 6.21900e-12
 9.35880e-10
 2.38567e-07
 6.07316e-06
 8.85559e-05
 8.51577e-04
 5.82495e-03
 2.98418e-02
 1.17760e-01
 3.35515e-01
 5.14195e-01
 5.66735e-01
 5.23659e-01
 3.16026e-01
 1.38454e-01
 5.10935e-02
 1.63255e-02
 4.60965e-03
 1.19878e-03
 3.39392e-04
 1.76367e-04
 2.26377e-04
 5.82071e-04
 1.86594e-03
part
         4
hexa8
 3.50552e-02
 3.02007e-02
 2.78193e-02
 2.71030e-02
 2.86534e-02
 3.27111e-02
 3.90730e-02
 5.00921e-02
 6.67957e-02
 9.40541e-02
 1.36241e-01
 2.01449e-01
 2.85929e-01
 3.62915e-01
 4.01521e-01
 3.89838e-01
 3.18771e-01
 1.69948e-01
 5.25524e-02
 9.87880e-03
 6.95819e-04
 1.04415e-05
 4.09578e-09
 8.62180e-14
 5.54556e-23
 8.52121e-03
 7.16194e-03
 6.53716e-03
 6.37791e-03
 6.96361e-03
 8.20594e-03
 1.03720e-02
 1.41499e-02
 2.04551e-02
 3.15028e-02
 5.07375e-02
 8.48376e-02
 1.44591e-01
 2.36062e-01
 3.33755e-01
 3.90418e-01
 3.77173e-01
 2.73833e-01
 1.09368e-01
 2.32326e-02
 1.96343e-03
 3.84807e-05
 6.44560e-08
 7.91291e-13
 1.58346e-21
 1.72160e-03
 1.40784e-03
 1.27314e-03
 1.24494e-03
 1.40623e-03
 1.71525e-03
 2.30075e-03
 3.36415e-03
 5.30305e-03
 8.99711e-03
 1.61767e-02
 3.05185e-02
 5.93647e-02
 1.16589e-01
 2.15421e-01
 3.22327e-01
 3.82840e-01
 3.47073e-01
 1.89903e-01
 4.75573e-02
 4.83295e-03
 1.22119e-04
 3.19146e-07
 6.22155e-12
 3.87626e-20
 3.06648e-04
 2.52139e-04
 2.32894e-04
 2.33381e-04
 2.66143e-04
 3.22603e-04
 4.44979e-04
 6.85886e-04
 1.17770e-03
 2.21833e-03
 4.48922e-03
 9.62483e-03
 2.14968e-02
 4.89595e-02
 1.10505e-01
 2.22369e-01
 3.27364e-01
 3.71138e-01
 2.71141e-01
 8.57617e-02
 1.05556e-02
 3.38158e-04
 1.27911e-06
 4.23734e-11
 8.22555e-19
 8.30681e-05
 8.89408e-05
 9.89518e-05
 1.07809e-04
 1.11822e-04
 1.10070e-04
 1.19539e-04
 1.48586e-04
 2.38249e-04
 4.78391e-04
 1.09325e-03
 2.69275e-03
 6.96748e-03
 1.85379e-02
 4.93098e-02
 1.26123e-01
 2.53032e-01
 3.40078e-01
 3.23651e-01
 1.35717e-01
 2.07922e-02
 8.27286e-04
 4.48283e-06
 2.52440e-10
 1.52767e-17
 9.31073e-05
 1.47780e-04
 1.93873e-04
 2.20223e-04
 2.19884e-04
 1.56706e-04
 1.14369e-04
 8.73960e-05
 7.92549e-05
 1.06711e-04
 2.38198e-04
 6.71409e-04
 2.03910e-03
 6.40693e-03
 2.02825e-02
 6.24129e-02
 1.67327e-01
 2.90740e-01
 3.42319e-01
 1.89891e-01
 3.74665e-02
 1.80907e-03
 1.39072e-05
 1.32709e-09
 2.50406e-16
 2.93883e-04
 4.99703e-04
 6.84976e-04
 7.96921e-04
 8.08694e-04
 5.49046e-04
 3.47337e-04
 1.82698e-04
 8.81153e-05
 5.63577e-05
 6.04031e-05
 1.52150e-04
 5.40680e-04
 2.03421e-03
 7.71945e-03
 2.84661e-02
 9.69979e-02
 2.32029e-01
 3.11989e-01
 2.37845e-01
 6.06682e-02
 3.57482e-03
 3.85416e-05
 6.20616e-09
 3.64935e-15
 8.27459e-04
 1.46725e-03
 2.07825e-03
 2.49018e-03
 2.57965e-03
 1.80276e-03
 1.14374e-03
 5.95928e-04
 2.51924e-04
 8.88390e-05
 4.05448e-05
 4.03891e-05
 1.31283e-04
 5.98307e-04
 2.77030e-03
 1.24327e-02
 5.12274e-02
 1.64435e-01
 2.75855e-01
 2.66502e-01
 8.56721e-02
 6.44935e-03
 9.62164e-05
 8.10228e-08
 4.75985e-14
 1.89208e-03
 3.61689e-03
 5.42502e-03
 6.78432e-03
 7.22889e-03
 5.25850e-03
 3.29058e-03
 1.70540e-03
 7.27343e-04
 2.51330e-04
 7.02233e-05
 2.65216e-05
 3.35721e-05
 1.64433e-04
 9.44446e-04
 5.23309e-03
 2.61937e-02
 1.09011e-01
 2.40144e-01
 2.75683e-01
 1.11807e-01
 1.07344e-02
 2.18044e-04
 3.36002e-07
 5.58936e-13
 3.60285e-03
 7.49294e-03
 1.22784e-02
 1.62669e-02
 1.79858e-02
 1.40281e-02
 8.58418e-03
 4.36256e-03
 1.83704e-03
 6.37752e-04
 1.80768e-04
 4.08855e-05
 1.69098e-05
 4.45160e-05
 3.12112e-04
 2.17915e-03
 1.35028e-02
 6.88395e-02
 1.96490e-01
 2.56110e-01
 1.36261e-01
 1.66917e-02
 4.51720e-04
 1.17653e-06
 5.94213e-12
 5.33981e-03
 1.27036e-02
 2.37673e-02
 3.40061e-02
 3.93462e-02
 3.37075e-02
 2.04113e-02
 1.01286e-02
 4.19128e-03
 1.43573e-03
 4.09453e-04
 9.57806e-05
 1.85309e-05
 1.53786e-05
 1.03543e-04
 9.16155e-04
 7.00501e-03
 4.24093e-02
 1.53184e-01
 2.33786e-01
 1.54829e-01
 2.40073e-02
 8.60681e-04
 3.72061e-06
 5.75050e-11
 5.95064e-03
 1.71713e-02
 3.88344e-02
 6.19542e-02
 7.56672e-02
 7.04471e-02
 4.40135e-02
 2.12558e-02
 8.64785e-03
 2.93059e-03
 8.30604e-04
 1.97512e-04
 3.77556e-05
 1.04149e-05
 3.80772e-05
 4.08637e-04
 3.80289e-03
 2.66809e-02
 1.17553e-01
 2.13525e-01
 1.67071e-01
 3.19532e-02
 1.51601e-03
 1.07173e-05
 5.09445e-10
part
         5
hexa8
 8.52406e-16
 1.64760e-12
 3.76632e-10
 1.19439e-07
 3.83053e-06
 6.39347e-05
 6.64204e-04
 4.79959e-03
 2.56177e-02
 1.04295e-01
 3.14099e-01
 5.09422e-01
 5.77928e-01
 5.45548e-01
 3.52247e-01
 1.60582e-01
 6.19765e-02
 2.10400e-02
 6.50505e-03
 1.95028e-03
 6.60006e-04
 3.44595e-04
 3.25647e-04
 5.10556e-04
 1.23720e-03
 5.20666e-17
 3.11688e-13
 1.20246e-10
 4.36973e-08
 1.99918e-06
 3.91324e-05
 4.62169e-04
 3.63642e-03
 2.05428e-02
 8.72290e-02
 2.78911e-01
 4.94467e-01
 5.84601e-01
 5.70380e-01
 4.08346e-01
 2.01286e-01
 8.34947e-02
 3.11894e-02
 1.10178e-02
 3.98152e-03
 1.68431e-03
 9.98107e-04
 8.96710e-04
 1.10951e-03
 1.81001e-03
 2.99233e-18
 5.53053e-14
 3.59630e-11
 4.56697e-09
 9.78780e-07
 2.24694e-05
 2.96340e-04
 2.53080e-03
 1.52816e-02
 6.87931e-02
 2.33059e-01
 4.62700e-01
 5.81419e-01
 5.97783e-01
 4.77031e-01
 2.69360e-01
 1.23131e-01
 5.20960e-02
 2.15639e-02
 9.44072e-03
 4.86170e-03
 3.30638e-03
 3.13902e-03
 4.01606e-03
 6.68667e-03
 1.61450e-19
 9.18300e-15
 1.00484e-11
 1.76958e-09
 4.48460e-07
 1.20904e-05
 1.78059e-04
 1.65092e-03
 1.05857e-02
 5.00913e-02
 1.81647e-01
 4.08848e-01
 5.66658e-01
 6.13350e-01
 5.48778e-01
 3.67410e-01
 1.91236e-01
 9.30323e-02
 4.49703e-02
 2.32567e-02
 1.38834e-02
 1.04244e-02
 1.01845e-02
 1.28662e-02
 2.01019e-02
 8.14472e-21
 1.42165e-15
 2.61359e-12
 6.38045e-10
 1.91502e-07
 6.07047e-06
 9.98519e-05
 1.00536e-03
 6.84885e-03
 3.39856e-02
 1.28716e-01
 3.32971e-01
 5.30704e-01
 6.11037e-01
 6.00407e-01
 4.84064e-01
 3.03474e-01
 1.67823e-01
 9.35077e-02
 5.55048e-02
 3.69675e-02
 2.97170e-02
 2.93338e-02
 3.53272e-02
 5.04012e-02
 3.82316e-22
 2.04301e-16
 6.30162e-13
 2.13173e-10
 7.50434e-08
 2.82943e-06
 5.20439e-05
 5.68686e-04
 4.11772e-03
 2.14258e-02
 8.44008e-02
 2.46001e-01
 4.60087e-01
 5.90127e-01
 6.18855e-01
 5.78490e-01
 4.52477e-01
 2.96624e-01
 1.86507e-01
 1.23804e-01
 9.02083e-02
 7.55258e-02
 7.51841e-02
 8.65011e-02
 1.13543e-01
 1.66061e-23
 2.71134e-17
 1.40160e-13
 6.56841e-11
 2.13862e-08
 1.21551e-06
 2.50909e-05
 2.97298e-04
 2.28750e-03
 1.24741e-02
 5.10898e-02
 1.59605e-01
 3.53980e-01
 5.33846e-01
 6.10247e-01
 6.14370e-01
 5.74499e-01
 4.73702e-01
 3.48040e-01
 2.54232e-01
 1.99890e-01
 1.72745e-01
 1.72815e-01
 1.92171e-01
 2.35397e-01
 6.63279e-25
 3.30352e-18
 2.85972e-14
 1.85650e-11
 2.50388e-09
 4.79055e-07
 1.11273e-05
 1.42889e-04
 1.16764e-03
 6.66844e-03
 2.83941e-02
 9.34549e-02
 2.32144e-01
 4.23804e-01
 5.63955e-01
 6.10024e-01
 6.11556e-01
 5.89347e-01
 5.36304e-01
 4.61433e-01
 3.91301e-01
 3.49733e-01
 3.49567e-01
 3.74927e-01
 4.26463e-01
 2.41927e-26
 3.67079e-19
 5.31829e-15
 4.78369e-12
 8.08352e-10
 1.73065e-07
 4.51186e-06
 6.27782e-05
 5.44507e-04
 3.25461e-03
 1.43949e-02
 4.93785e-02
 1.30635e-01
 2.77694e-01
 4.52012e-01
 5.61318e-01
 6.01543e-01
 6.09152e-01
 6.04590e-01
 5.90220e-01
 5.71288e-01
 5.52073e-01
 5.50438e-01
 5.65193e-01
 5.88173e-01
 7.99596e-28
 3.69227e-20
 8.95029e-16
 1.11590e-12
 2.36446e-10
 5.72303e-08
 1.65993e-06
 2.50514e-05
 2.30545e-04
 1.44143e-03
 6.61467e-03
 2.35124e-02
 6.54210e-02
 1.48026e-01
 2.85190e-01
 4.35165e-01
 5.32712e-01
 5.79484e-01
 5.97626e-01
 6.02837e-01
 6.05071e-01
 6.06189e-01
 6.07902e-01
 6.10562e-01
 6.12595e-01
 2.37424e-29
 3.33392e-21
 1.35203e-16
 2.33797e-13
 6.21795e-11
 1.06781e-08
 5.46312e-07
 9.01509e-06
 8.80279e-05
 5.75474e-04
 2.73706e-03
 1.00464e-02
 2.91523e-02
 6.91231e-02
 1.39690e-01
 2.49112e-01
 3.73811e-01
 4.68727e-01
 5.24438e-01
 5.54947e-01
 5.73652e-01
 5.79366e-01
 5.81143e-01
 5.77976e-01
 5.68279e-01
 6.27325e-31
 2.67725e-22
 1.81656e-17
 4.36038e-14
 1.45737e-11
 1.27028e-09
 1.61165e-07
 2.90382e-06
 3.00842e-05
 2.05594e-04
 1.01268e-03
 3.82981e-03
 1.15105e-02
 2.83690e-02
 5.93633e-02
 1.09004e-01
 1.79029e-01
 2.65529e-01
 3.52473e-01
 4.07045e-01
 4.47715e-01
 4.64867e-01
 4.64214e-01
 4.52596e-01
 4.21944e-01
 1.45924e-32
 1.89205e-23
 2.14854e-18
 7.16611e-15
 3.01460e-12
 3.09967e-10
 4.22534e-08
 8.28382e-07
 9.12389e-06
 6.51952e-05
 3.32409e-04
 1.29345e-03
 4.00562e-03
 1.01933e-02
 2.19822e-02
 4.13293e-02
 6.91458e-02
 1.05238e-01
 1.47678e-01
 1.89203e-01
 2.28220e-01
 2.50448e-01
 2.47942e-01
 2.31059e-01
 1.99705e-01
part
         6
hexa8
 5.27382e-03
 2.02303e-02
 5.43536e-02
 9.80224e-02
 1.21664e-01
 1.18596e-01
 8.33403e-02
 4.01446e-02
 1.60350e-02
 5.40697e-03
 1.53393e-03
 3.67223e-04
 7.35839e-05
 1.20824e-05
 1.88752e-05
 2.07847e-04
 2.25284e-03
 1.77346e-02
 8.96216e-02
 1.92696e-01
 1.67077e-01
 4.03555e-02
 2.46477e-03
 2.82280e-05
 4.15632e-09
 6.72534e-03
 2.59892e-02
 7.23083e-02
 1.38270e-01
 1.73077e-01
 1.71641e-01
 1.31176e-01
 6.64315e-02
 2.61654e-02
 8.84174e-03
 2.53375e-03
 6.16662e-04
 1.26484e-04
 2.12753e-05
 1.41065e-05
 1.27872e-04
 1.49576e-03
 1.26476e-02
 6.90214e-02
 1.69494e-01
 1.57735e-01
 4.84285e-02
 3.61988e-03
 6.81227e-05
 9.19213e-08
 1.62935e-02
 4.42457e-02
 1.06186e-01
 1.88028e-01
 2.33818e-01
 2.31922e-01
 1.82086e-01
 9.44944e-02
 3.69092e-02
 1.24210e-02
 3.56697e-03
 8.75479e-04
 1.82917e-04
 3.14763e-05
 1.30253e-05
 9.02474e-05
 1.08283e-03
 9.51120e-03
 5.44528e-02
 1.48270e-01
 1.48616e-01
 5.47488e-02
 4.83587e-03
 1.27214e-04
 3.96330e-07
 3.86088e-02
 8.13789e-02
 1.62674e-01
 2.58877e-01
 3.08146e-01
 2.96645e-01
 2.26252e-01
 1.17223e-01
 4.57610e-02
 1.53307e-02
 4.39798e-03
 1.08352e-03
 2.28768e-04
 3.99502e-05
 1.26643e-05
 6.80459e-05
 8.24270e-04
 7.43249e-03
 4.40288e-02
 1.30070e-01
 1.39560e-01
 5.88100e-02
 5.86213e-03
 1.89563e-04
 9.14382e-07
 8.30069e-02
 1.47269e-01
 2.51036e-01
 3.56739e-01
 3.81949e-01
 3.51685e-01
 2.58002e-01
 1.31297e-01
 5.11101e-02
 1.69978e-02
 4.85431e-03
 1.19588e-03
 2.53837e-04
 4.48325e-05
 1.22553e-05
 5.44170e-05
 6.58021e-04
 6.02304e-03
 3.64627e-02
 1.13852e-01
 1.29725e-01
 5.91431e-02
 6.65385e-03
 2.50058e-04
 1.61843e-06
 1.66439e-01
 2.58973e-01
 3.82686e-01
 4.47270e-01
 4.43612e-01
 3.89363e-01
 2.71714e-01
 1.32718e-01
 5.08181e-02
 1.66800e-02
 4.73677e-03
 1.16969e-03
 2.50937e-04
 4.50622e-05
 1.14309e-05
 4.57777e-05
 5.49444e-04
 5.05002e-03
 3.08813e-02
 9.99422e-02
 1.18576e-01
 5.75069e-02
 7.15292e-03
 2.98261e-04
 2.37906e-06
 3.11416e-01
 4.21767e-01
 5.04822e-01
 5.14958e-01
 4.83503e-01
 3.98545e-01
 2.59656e-01
 1.16813e-01
 4.27390e-02
 1.35023e-02
 3.73221e-03
 9.08559e-04
 1.94402e-04
 3.51645e-05
 9.60996e-06
 4.02464e-05
 4.78508e-04
 4.36981e-03
 2.66927e-02
 8.79403e-02
 1.06358e-01
 5.48337e-02
 7.18145e-03
 3.30477e-04
 3.06661e-06
 5.03465e-01
 5.64931e-01
 5.72210e-01
 5.48588e-01
 4.86303e-01
 3.70545e-01
 2.03890e-01
 8.27193e-02
 2.96824e-02
 9.42846e-03
 2.64821e-03
 6.56158e-04
 1.42352e-04
 2.61153e-05
 7.90695e-06
 3.69265e-05
 4.33249e-04
 3.89112e-03
 2.34867e-02
 7.74226e-02
 9.38597e-02
 5.07104e-02
 6.89778e-03
 3.39506e-04
 3.54689e-06
 6.06509e-01
 6.11457e-01
 5.89068e-01
 5.35975e-01
 4.35288e-01
 2.77250e-01
 1.30735e-01
 5.29458e-02
 1.89620e-02
 6.01807e-03
 1.69202e-03
 4.20520e-04
 9.15650e-05
 1.68629e-05
 6.25315e-06
 3.52555e-05
 4.06373e-04
 3.55401e-03
 2.09676e-02
 6.78944e-02
 8.17952e-02
 4.41787e-02
 6.35378e-03
 3.25679e-04
 3.73488e-06
 6.10991e-01
 5.87976e-01
 5.36510e-01
 4.44765e-01
 3.06902e-01
 1.63060e-01
 7.39992e-02
 2.96254e-02
 1.05325e-02
 3.33142e-03
 9.36564e-04
 2.33342e-04
 5.08922e-05
 9.51710e-06
 4.94487e-06
 3.47813e-05
 3.93183e-04
 3.31736e-03
 1.89097e-02
 5.89458e-02
 6.98686e-02
 3.70216e-02
 5.34922e-03
 2.91338e-04
 3.59118e-06
 5.40235e-01
 4.85884e-01
 3.97997e-01
 2.81195e-01
 1.61908e-01
 8.07738e-02
 3.57631e-02
 1.41331e-02
 4.99383e-03
 1.57661e-03
 4.43673e-04
 1.10847e-04
 2.41459e-05
 4.76281e-06
 4.09765e-06
 3.71424e-05
 3.89596e-04
 3.15081e-03
 1.71309e-02
 5.01900e-02
 5.74151e-02
 3.00355e-02
 4.29535e-03
 2.36785e-04
 3.09039e-06
 3.69311e-01
 2.95287e-01
 2.08142e-01
 1.26009e-01
 6.79452e-02
 3.29807e-02
 1.44099e-02
 5.66068e-03
 1.99607e-03
 6.30336e-04
 1.77704e-04
 4.44941e-05
 9.62820e-06
 2.21180e-06
 3.88571e-06
 4.01558e-05
 4.02867e-04
 3.02897e-03
 1.54841e-02
 4.19212e-02
 4.58809e-02
 2.29938e-02
 3.24703e-03
 1.82497e-04
 2.46631e-06
 1.58636e-01
 1.14027e-01
 7.40646e-02
 4.35972e-02
 2.32250e-02
 1.11744e-02
 4.84968e-03
 1.89619e-03
 6.66780e-04
 2.10330e-04
 5.93189e-05
 1.48323e-05
 3.18026e-06
 1.10626e-06
 4.33327e-06
 4.61310e-05
 4.21244e-04
 2.92556e-03
 1.38018e-02
 3.41659e-02
 3.55938e-02
 1.68467e-02
 2.30373e-03
 1.28407e-04
 1.75563e-06
part
         7
hexa8
 2.95249e-34
 1.16286e-24
 2.21097e-19
 1.02593e-15
 5.44219e-13
 6.61659e-11
 2.77143e-09
 2.04778e-07
 2.43249e-06
 1.81835e-05
 9.59519e-05
 3.83815e-04
 1.22029e-03
 3.18936e-03
 7.05572e-03
 1.35583e-02
 2.31031e-02
 3.55383e-02
 5.00246e-02
 6.41418e-02
 7.79011e-02
 8.61617e-02
 8.43679e-02
 7.71182e-02
 6.48929e-02
 5.12519e-36
 6.13158e-26
 1.95320e-20
 1.26268e-16
 8.46477e-14
 1.22029e-11
 5.78599e-10
 4.42335e-08
 5.62904e-07
 4.41254e-06
 2.41096e-05
 9.90989e-05
 3.22684e-04
 8.62749e-04
 1.94974e-03
 3.81663e-03
 6.60052e-03
 1.02413e-02
 1.44996e-02
 1.85804e-02
 2.26000e-02
 2.45822e-02
 2.37540e-02
 2.13187e-02
 1.74788e-02
 7.51300e-38
 2.73064e-27
 1.45848e-21
 1.31573e-17
 1.11752e-14
 1.91635e-12
 1.03171e-10
 2.35628e-09
 1.09496e-07
 9.20098e-07
 5.21067e-06
 2.20076e-05
 7.32839e-05
 1.99871e-04
 4.59803e-04
 9.13683e-04
 1.59812e-03
 2.49585e-03
 3.55218e-03
 4.53514e-03
 5.53263e-03
 5.83809e-03
 5.56129e-03
 4.87790e-03
 3.87756e-03
 9.12974e-40
 1.00838e-28
 9.03944e-23
 1.14005e-18
 1.23031e-15
 2.51865e-13
 1.54539e-11
 3.88535e-10
 1.61962e-08
 1.59770e-07
 9.53204e-07
 4.14499e-06
 1.41063e-05
 3.91700e-05
 9.14757e-05
 1.83949e-04
 3.24387e-04
 5.08590e-04
 7.26887e-04
 9.19503e-04
 1.12244e-03
 1.14283e-03
 1.07100e-03
 9.14219e-04
 7.00114e-04
 8.99651e-42
 3.02093e-30
 4.55015e-24
 8.03937e-20
 1.10582e-16
 2.71326e-14
 1.90577e-12
 5.29660e-11
 7.39316e-10
 2.14194e-08
 1.43207e-07
 6.49179e-07
 2.26235e-06
 6.39027e-06
 1.51187e-05
 3.06853e-05
 5.43991e-05
 8.53735e-05
 1.22286e-04
 1.52529e-04
 1.83940e-04
 1.82774e-04
 1.66817e-04
 1.37423e-04
 1.00415e-04
 6.99876e-44
 7.14874e-32
 1.81151e-25
 4.49402e-21
 7.90618e-18
 2.33513e-15
 1.88710e-13
 5.82620e-12
 8.78882e-11
 7.78429e-10
 1.48902e-08
 7.97765e-08
 2.93495e-07
 8.48515e-07
 2.03323e-06
 4.15661e-06
 7.38800e-06
 1.15701e-05
 1.64595e-05
 2.05223e-05
 2.38799e-05
 2.31321e-05
 2.04593e-05
 1.61412e-05
 1.10065e-05
 4.15684e-46
 1.29242e-33
 5.51777e-27
 1.92678e-22
 4.35154e-19
 1.55442e-16
 1.45350e-14
 5.01326e-13
 8.21501e-12
 7.73860e-11
 4.79990e-10
 2.15380e-09
 2.63002e-08
 8.67563e-08
 2.14421e-07
 4.43206e-07
 7.89395e-07
 1.23049e-06
 1.71991e-06
 2.16842e-06
 2.38402e-06
 2.24986e-06
 1.90999e-06
 1.42560e-06
 8.83105e-07
 1.80521e-48
 1.70975e-35
 1.23176e-28
 6.07054e-24
 1.76698e-20
 7.67241e-18
 8.35273e-16
 3.23912e-14
 5.80064e-13
 5.83969e-12
 3.80727e-11
 1.77352e-10
 6.32075e-10
 1.80834e-09
 1.25332e-08
 3.13234e-08
 5.98709e-08
 9.55866e-08
 1.32425e-07
 1.68556e-07
 1.72990e-07
 1.57891e-07
 1.26569e-07
 8.66904e-08
 4.55384e-08
 5.40719e-51
 1.56140e-37
 1.90141e-30
 1.32629e-25
 4.99625e-22
 2.65126e-19
 3.38291e-17
 1.48553e-15
 2.92752e-14
 3.16809e-13
 2.18038e-12
 1.05729e-11
 3.87902e-11
 1.13190e-10
 2.72193e-10
 5.53347e-10
 9.68374e-10
 1.47718e-09
 2.00365e-09
 2.49296e-09
 2.50383e-09
 2.26149e-09
 1.78087e-09
 1.18759e-09
 5.85427e-10
 1.02744e-53
 9.05393e-40
 1.86701e-32
 1.84866e-27
 9.05192e-24
 5.90358e-21
 8.89114e-19
 4.45598e-17
 9.73950e-16
 1.14077e-14
 8.33149e-14
 4.22020e-13
 1.59663e-12
 4.75187e-12
 1.15409e-11
 2.34762e-11
 4.07305e-11
 6.12561e-11
 8.05857e-11
 9.58910e-11
 9.11184e-11
 7.64676e-11
 5.46054e-11
 3.06491e-11
 1.15529e-11
 1.08626e-56
 2.92397e-42
 1.02290e-34
 1.44220e-29
 9.21968e-26
 7.43373e-23
 1.33122e-20
 7.67914e-19
 1.87790e-17
 2.39971e-16
 1.87165e-15
 9.94611e-15
 3.88876e-14
 1.18044e-13
 2.88919e-13
 5.85471e-13
 1.00019e-12
 1.47484e-12
 1.86690e-12
 2.03635e-12
 1.82362e-12
 1.37264e-12
 9.73612e-13
 1.21036e-12
 3.97808e-12
 5.03840e-60
 4.14691e-45
 2.46583e-37
 4.96567e-32
 4.16321e-28
 4.17490e-25
 8.95742e-23
 6.00107e-21
 1.65774e-19
 2.33234e-18
 1.95734e-17
 1.09696e-16
 4.44395e-16
 1.37556e-15
 3.38197e-15
 6.78376e-15
 1.12999e-14
 1.60373e-14
 2.07373e-14
 3.93658e-14
 1.77930e-13
 1.02146e-12
 5.24755e-12
 2.42316e-11
 9.64686e-11
 5.75504e-64
 1.44978e-48
 1.46803e-40
 4.23563e-35
 4.67808e-31
 5.87003e-28
 1.52054e-25
 1.19425e-23
 3.76531e-22
 5.89283e-21
 5.36848e-20
 3.19315e-19
 1.34442e-18
 4.24015e-18
 1.04195e-17
 2.04886e-17
 3.27872e-17
 1.04142e-15
 2.26692e-14
 2.53079e-13
 1.68009e-12
 7.71037e-12
 2.67179e-11
 7.77953e-11
 1.86435e-10
part
         8
hexa8
 5.00911e-02
 3.47242e-02
 2.19230e-02
 1.26132e-02
 6.59879e-03
 3.13104e-03
 1.34486e-03
 5.21962e-04
 1.82627e-04
 5.74300e-05
 1.61663e-05
 4.00054e-06
 9.06998e-07
 7.18803e-07
 5.42645e-06
 5.41206e-05
 4.44994e-04
 2.81317e-03
 1.20477e-02
 2.69075e-02
 2.65238e-02
 1.16072e-02
 1.52447e-03
 8.38248e-05
 1.14351e-06
 1.30022e-02
 8.68377e-03
 5.31663e-03
 2.98176e-03
 1.52653e-03
 7.11586e-04
 3.01373e-04
 1.15693e-04
 4.01369e-05
 1.25401e-05
 3.50202e-06
 8.46442e-07
 2.83308e-07
 7.76995e-07
 7.28226e-06
 6.44660e-05
 4.68058e-04
 2.65956e-03
 1.03301e-02
 2.02509e-02
 1.87192e-02
 7.40663e-03
 9.24702e-04
 4.95072e-05
 6.60565e-07
 2.75550e-03
 1.76561e-03
 1.04225e-03
 5.65980e-04
 2.81857e-04
 1.28367e-04
 5.33173e-05
 2.01327e-05
 6.88654e-06
 2.12382e-06
 5.77772e-07
 1.53267e-07
 1.57686e-07
 1.14530e-06
 1.01677e-05
 7.74671e-05
 4.86338e-04
 2.42259e-03
 8.36394e-03
 1.42646e-02
 1.22871e-02
 4.29004e-03
 5.05379e-04
 2.59626e-05
 3.28871e-07
 4.69139e-04
 2.85709e-04
 1.61343e-04
 8.42049e-05
 4.04839e-05
 1.78713e-05
 7.21801e-06
 2.65692e-06
 8.87573e-07
 2.64956e-07
 7.13522e-08
 4.65952e-08
 2.23821e-07
 1.90785e-06
 1.43877e-05
 9.15473e-05
 4.94083e-04
 2.07126e-03
 6.24058e-03
 9.22567e-03
 7.31734e-03
 2.19028e-03
 2.41932e-04
 1.17600e-05
 1.33149e-07
 6.22879e-05
 3.58064e-05
 1.91645e-05
 9.51080e-06
 4.36287e-06
 1.84335e-06
 7.13761e-07
 2.51986e-07
 7.97995e-08
 2.27319e-08
 1.43343e-08
 5.65501e-08
 4.49858e-07
 3.26471e-06
 2.04355e-05
 1.05178e-04
 4.59724e-04
 1.61640e-03
 4.19550e-03
 5.33328e-03
 3.80144e-03
 9.45010e-04
 9.75511e-05
 4.41403e-06
 4.34284e-08
 6.28857e-06
 3.35284e-06
 1.67031e-06
 7.73262e-07
 3.30457e-07
 1.30503e-07
 4.69705e-08
 1.47850e-08
 4.55662e-09
 4.01078e-09
 1.90028e-08
 1.40603e-07
 9.42248e-07
 5.58382e-06
 2.76493e-05
 1.14303e-04
 4.00337e-04
 1.14535e-03
 2.40765e-03
 2.62278e-03
 1.61109e-03
 3.23716e-04
 3.11309e-05
 1.28035e-06
 1.17810e-08
 4.53983e-07
 2.19188e-07
 9.88998e-08
 4.06016e-08
 6.78750e-09
 2.60339e-09
 8.77649e-10
 5.88408e-10
 1.41681e-09
 9.22665e-09
 6.07265e-08
 3.63251e-07
 1.95743e-06
 8.99866e-06
 3.42062e-05
 1.13164e-04
 3.01416e-04
 6.79707e-04
 1.06854e-03
 1.00251e-03
 4.85812e-04
 8.13731e-05
 6.97514e-06
 2.51412e-07
 2.10375e-09
 1.25767e-08
 3.45038e-09
 1.48304e-09
 5.89779e-10
 2.04914e-10
 1.12804e-10
 2.06055e-10
 1.07615e-09
 6.52981e-09
 3.69812e-08
 1.91159e-07
 9.09800e-07
 3.70410e-06
 1.24057e-05
 3.77416e-05
 9.22907e-05
 1.76897e-04
 2.89524e-04
 3.05335e-04
 2.33040e-04
 7.77860e-05
 1.09411e-05
 8.07874e-07
 2.46717e-08
 1.79722e-10
 2.41141e-10
 9.13634e-11
 3.07671e-11
 1.96631e-11
 4.41595e-11
 2.46234e-10
 1.37402e-09
 6.79287e-09
 3.12762e-08
 1.38277e-07
 5.57497e-07
 1.82950e-06
 5.37450e-06
 1.43078e-05
 2.96229e-05
 5.21751e-05
 6.36627e-05
 5.83651e-05
 3.37437e-05
 7.79478e-06
 1.06965e-06
 8.55360e-08
 3.51775e-09
 6.20383e-11
 2.59404e-13
 4.18833e-12
 4.68175e-12
 1.80015e-11
 9.92814e-11
 5.04913e-10
 2.45741e-09
 1.07765e-08
 3.96411e-08
 1.31006e-07
 3.87591e-07
 1.01658e-06
 2.54069e-06
 5.83782e-06
 1.05005e-05
 1.18627e-05
 1.10765e-05
 7.22565e-06
 2.13788e-06
 3.88323e-07
 4.76342e-08
 3.70882e-09
 1.78250e-10
 4.57315e-12
 4.97142e-14
 1.29176e-16
 1.96452e-11
 9.35854e-11
 3.93679e-10
 1.47439e-09
 4.96568e-09
 1.49219e-08
 4.13617e-08
 1.09476e-07
 2.72508e-07
 6.27646e-07
 1.04661e-06
 1.09485e-06
 1.01095e-06
 7.03246e-07
 2.61255e-07
 6.29446e-08
 1.11941e-08
 1.51796e-09
 1.49327e-10
 1.02891e-11
 4.71345e-13
 1.32685e-14
 2.02112e-16
 1.31765e-18
 2.06883e-21
 3.35093e-10
 1.02999e-09
 2.83927e-09
 7.04431e-09
 1.56765e-08
 2.83841e-08
 3.24955e-08
 3.12987e-08
 2.53805e-08
 1.36054e-08
 4.42934e-09
 1.18789e-09
 2.60321e-10
 4.63990e-11
 6.66368e-12
 7.61016e-13
 6.79027e-14
 4.62543e-15
 2.33352e-16
 8.37247e-18
 2.01995e-19
 3.01995e-21
 2.45825e-23
 8.60302e-26
 7.27483e-29
 2.38595e-10
 2.19787e-10
 1.42870e-10
 4.88202e-11
 1.25633e-11
 2.67612e-12
 4.77502e-13
 7.19231e-14
 9.17336e-15
 9.90612e-16
 9.03253e-17
 6.91883e-18
 4.41928e-19
 2.33072e-20
 1.00232e-21
 3.46010e-23
 9.40191e-25
 1.96188e-26
 3.04596e-28
 3.37526e-30
 2.52179e-32
 1.16990e-34
 2.95926e-37
 3.22149e-40
 8.47988e-44
