Density
part
         1
hexa8
 1.16909e-39
 7.35114e-35
 1.04991e-31
 3.00347e-29
 3.18891e-27
 1.67375e-25
 5.11617e-24
 1.01224e-22
 1.39559e-21
 1.41615e-20
 1.10350e-19
 6.83289e-19
 3.45947e-18
 1.46776e-17
 5.33332e-17
 1.69319e-16
 4.78566e-16
 1.22626e-15
 2.90035e-15
 6.45566e-15
 1.38438e-14
 2.94276e-14
 6.37197e-14
 1.48264e-13
 4.98215e-13
 4.83385e-35
 1.13305e-30
 1.01503e-27
 2.13002e-25
 1.79425e-23
 7.84090e-22
 2.06336e-20
 3.60379e-19
 4.47438e-18
 4.15697e-17
 3.00838e-16
 1.75217e-15
 8.44164e-15
 3.44517e-14
 1.21660e-13
 3.79081e-13
 1.06191e-12
 2.72417e-12
 6.52149e-12
 1.48618e-11
 3.30043e-11
 7.37867e-11
 1.74036e-10
 4.54634e-10
 1.33069e-09
 3.88162e-31
 3.49659e-27
 1.98452e-24
 3.06798e-22
 2.05347e-20
 7.46993e-19
 1.68982e-17
 2.59877e-16
 2.89537e-15
 2.45168e-14
 1.63852e-13
 8.91451e-13
 4.05273e-12
 1.57498e-11
 5.33945e-11
 1.60882e-10
 4.38495e-10
 1.09995e-09
 6.00211e-09
 1.84674e-08
 4.06388e-08
 1.19086e-07
 2.83210e-07
 6.24948e-07
 1.35849e-06
 1.00823e-27
 3.66613e-24
 1.33903e-21
 1.53550e-19
 8.18852e-18
 2.48011e-16
 4.81516e-15
 6.50012e-14
 6.46912e-13
 4.96269e-12
 3.03990e-11
 1.53056e-10
 6.49116e-10
 5.74958e-09
 2.78082e-08
 8.48594e-08
 2.55142e-07
 6.38503e-07
 1.44632e-06
 3.07461e-06
 6.20335e-06
 1.19574e-05
 2.21115e-05
 3.93173e-05
 6.73033e-05
 9.63595e-25
 1.54282e-21
 3.72225e-19
 3.20329e-17
 1.36819e-15
 3.45523e-14
 5.75027e-13
 6.79014e-12
 6.00356e-11
 4.14130e-10
 4.10626e-09
 3.67823e-08
 1.80126e-07
 6.44020e-07
 1.96886e-06
 5.36018e-06
 1.31765e-05
 2.95517e-05
 6.10680e-05
 1.17307e-04
 2.11084e-04
 3.58203e-04
 5.76672e-04
 8.85059e-04
 1.29960e-03
 3.21437e-22
 2.67650e-19
 4.46622e-17
 2.94638e-15
 1.01890e-13
 2.15621e-12
 3.07918e-11
 3.17427e-10
 2.62985e-09
 5.81956e-08
 3.41015e-07
 1.48560e-06
 5.48659e-06
 1.75366e-05
 4.92504e-05
 1.23238e-04
 2.78076e-04
 5.71853e-04
 1.08199e-03
 1.89940e-03
 3.11715e-03
 4.81302e-03
 7.03372e-03
 9.78139e-03
 1.29965e-02
 3.35967e-20
 1.82822e-17
 2.27736e-15
 1.19651e-13
 3.42604e-12
 6.16232e-11
 7.62115e-10
 1.54628e-08
 2.09563e-07
 1.23418e-06
 5.85763e-06
 2.32339e-05
 7.87327e-05
 2.31859e-04
 6.02086e-04
 1.39662e-03
 2.92771e-03
 5.60493e-03
 9.89296e-03
 1.62270e-02
 2.49427e-02
 3.60324e-02
 4.91292e-02
 6.36879e-02
 7.91046e-02
 1.23557e-18
 5.11141e-16
 5.12913e-14
 2.25127e-12
 5.52270e-11
 8.66886e-10
 3.62731e-08
 3.52844e-07
 2.35755e-06
 1.24943e-05
 5.45075e-05
 2.00268e-04
 6.31415e-04
 1.73595e-03
 4.22046e-03
 9.18672e-03
 1.81108e-02
 3.26725e-02
 5.44850e-02
 8.44041e-02
 1.24165e-01
 1.70148e-01
 2.16718e-01
 2.57403e-01
 2.90229e-01
 2.01959e-17
 6.90270e-15
 5.90514e-13
 2.25985e-11
 4.91491e-10
 9.42309e-09
 3.21749e-07
 2.58393e-06
 1.58167e-05
 7.80026e-05
 3.18131e-04
 1.09607e-03
 3.24751e-03
 8.40168e-03
 1.92307e-02
 3.93709e-02
 7.29863e-02
 1.23415e-01
 1.92780e-01
 2.71050e-01
 3.42941e-01
 3.98077e-01
 4.36077e-01
 4.57861e-01
 4.67282e-01
 1.81275e-16
 5.38793e-14
 4.08968e-12
 1.40933e-10
 2.79054e-09
 1.68387e-07
 1.72211e-06
 1.26586e-05
 7.27553e-05
 3.37852e-04
 1.29921e-03
 4.22133e-03
 1.17859e-02
 2.86904e-02
 6.16719e-02
 1.17963e-01
 2.06966e-01
 3.12848e-01
 4.07213e-01
 4.71054e-01
 5.04775e-01
 5.18744e-01
 5.20107e-01
 5.13271e-01
 4.98078e-01
 1.03787e-15
 2.78108e-13
 1.92913e-11
 6.13513e-10
 5.05201e-08
 7.14488e-07
 6.61245e-06
 4.59615e-05
 2.50639e-04
 1.10522e-03
 4.03543e-03
 1.24382e-02
 3.29021e-02
 7.58494e-02
 1.54426e-01
 2.75214e-01
 4.00754e-01
 4.83881e-01
 5.21111e-01
 5.30593e-01
 5.22018e-01
 4.94898e-01
 4.53542e-01
 4.06488e-01
 3.59021e-01
 4.17912e-15
 1.04022e-12
 6.75493e-11
 2.02231e-09
 1.78855e-07
 2.25751e-06
 1.98857e-05
 1.32203e-04
 6.90053e-04
 2.91240e-03
 1.01717e-02
 2.99555e-02
 7.56269e-02
 1.66544e-01
 3.06807e-01
 4.39562e-01
 5.07089e-01
 5.28697e-01
 5.21062e-01
 4.86057e-01
 4.19127e-01
 3.34389e-01
 2.56270e-01
 1.96100e-01
 1.53415e-01
part
         2
hexa8
 4.02239e-12
 2.23241e-11
 6.50737e-11
 1.32408e-10
 2.11568e-10
 2.81997e-10
 3.24103e-10
 3.25047e-10
 2.83744e-10
 2.21598e-10
 1.53561e-10
 9.33336e-11
 4.90068e-11
 2.17447e-11
 7.89900e-12
 2.24033e-12
 4.60982e-13
 6.10342e-14
 4.21250e-15
 1.03987e-16
 6.31600e-19
 9.53250e-22
 4.60911e-25
 6.72642e-29
 1.83155e-33
 4.37030e-09
 4.96932e-08
 1.23346e-07
 2.01402e-07
 2.70107e-07
 3.15878e-07
 3.31030e-07
 3.05251e-07
 2.48779e-07
 1.83281e-07
 1.19399e-07
 6.50575e-08
 2.63806e-08
 3.35885e-09
 1.30673e-09
 4.07225e-10
 9.50310e-11
 1.48888e-11
 1.29577e-12
 4.48589e-14
 4.69419e-16
 1.59931e-18
 1.94195e-21
 7.50298e-25
 5.57608e-29
 2.98835e-06
 5.81609e-06
 9.07017e-06
 1.20169e-05
 1.41532e-05
 1.51770e-05
 1.47922e-05
 1.30871e-05
 1.04320e-05
 7.66048e-06
 5.14589e-06
 3.10932e-06
 1.66432e-06
 7.72423e-07
 3.00605e-07
 8.94922e-08
 5.00008e-09
 9.07332e-10
 9.63443e-11
 4.39228e-12
 6.60918e-14
 3.45965e-16
 6.63440e-19
 4.10384e-22
 4.92136e-26
 1.13016e-04
 1.71870e-04
 2.29196e-04
 2.73427e-04
 2.99394e-04
 3.05170e-04
 2.83238e-04
 2.43765e-04
 1.93168e-04
 1.41491e-04
 9.58339e-05
 5.90200e-05
 3.25841e-05
 1.58209e-05
 6.57653e-06
 2.24904e-06
 5.93940e-07
 1.07719e-07
 3.12131e-09
 1.80443e-10
 3.61190e-12
 2.57054e-14
 6.75510e-17
 5.74571e-20
 9.49090e-24
 1.83543e-03
 2.43514e-03
 2.94303e-03
 3.28798e-03
 3.44081e-03
 3.36887e-03
 3.06024e-03
 2.58649e-03
 2.04642e-03
 1.51115e-03
 1.03754e-03
 6.53125e-04
 3.72038e-04
 1.88227e-04
 8.25189e-05
 3.02186e-05
 8.74798e-06
 1.83206e-06
 2.36190e-07
 4.02328e-09
 1.02641e-10
 9.33701e-13
 3.13181e-15
 3.39444e-18
 7.13492e-22
 1.65513e-02
 2.01069e-02
 2.28179e-02
 2.43924e-02
 2.47193e-02
 2.35811e-02
 2.11866e-02
 1.78235e-02
 1.41237e-02
 1.05700e-02
 7.39116e-03
 4.76870e-03
 2.80671e-03
 1.47966e-03
 6.83039e-04
 2.66629e-04
 8.36307e-05
 1.94310e-05
 2.90870e-06
 2.17000e-07
 1.77794e-09
 1.99137e-11
 8.16420e-14
 1.07618e-16
 2.74158e-20
 9.46855e-02
 1.08527e-01
 1.17973e-01
 1.22080e-01
 1.20961e-01
 1.14005e-01
 1.01925e-01
 8.61305e-02
 6.87393e-02
 5.20956e-02
 3.73503e-02
 2.47972e-02
 1.50905e-02
 8.29996e-03
 4.03295e-03
 1.67433e-03
 5.66540e-04
 1.44852e-04
 2.45842e-05
 2.18621e-06
 6.95825e-08
 2.79052e-10
 1.35785e-12
 2.10807e-15
 6.29268e-19
 3.13302e-01
 3.25921e-01
 3.30128e-01
 3.29034e-01
 3.21696e-01
 3.07199e-01
 2.86453e-01
 2.59156e-01
 2.25065e-01
 1.84311e-01
 1.40182e-01
 9.69352e-02
 6.07945e-02
 3.50298e-02
 1.79175e-02
 7.89993e-03
 2.87576e-03
 8.04761e-04
 1.53402e-04
 1.59284e-05
 6.63538e-07
 5.59840e-09
 1.56779e-11
 2.79916e-14
 9.54528e-18
 4.68231e-01
 4.63311e-01
 4.53306e-01
 4.42970e-01
 4.33505e-01
 4.23439e-01
 4.12053e-01
 3.97963e-01
 3.78671e-01
 3.49897e-01
 3.08487e-01
 2.52220e-01
 1.83859e-01
 1.15125e-01
 6.21714e-02
 2.91131e-02
 1.13914e-02
 3.47628e-03
 7.39166e-04
 8.87330e-05
 4.36670e-06
 6.79698e-08
 1.33562e-10
 2.69132e-13
 1.02735e-16
 4.79259e-01
 4.60223e-01
 4.44198e-01
 4.32419e-01
 4.25142e-01
 4.21814e-01
 4.19865e-01
 4.19525e-01
 4.18004e-01
 4.12887e-01
 4.00856e-01
 3.77979e-01
 3.34224e-01
 2.60877e-01
 1.69458e-01
 8.60885e-02
 3.63277e-02
 1.20646e-02
 2.84693e-03
 3.92654e-04
 2.26295e-05
 4.48474e-07
 8.79525e-10
 1.96934e-12
 8.27306e-16
 3.19899e-01
 2.92508e-01
 2.76816e-01
 2.71608e-01
 2.75035e-01
 2.86150e-01
 3.04677e-01
 3.28910e-01
 3.55852e-01
 3.81375e-01
 3.98395e-01
 4.05245e-01
 3.98334e-01
 3.71954e-01
 3.08615e-01
 2.02069e-01
 9.55324e-02
 3.45527e-02
 9.01745e-03
 1.42196e-03
 9.53699e-05
 2.18009e-06
 1.42885e-08
 1.14075e-11
 5.19619e-15
 1.26678e-01
 1.11900e-01
 1.04971e-01
 1.04129e-01
 1.07671e-01
 1.17647e-01
 1.35750e-01
 1.63527e-01
 2.01218e-01
 2.49173e-01
 3.02257e-01
 3.51693e-01
 3.86737e-01
 3.98106e-01
 3.82655e-01
 3.23908e-01
 2.03271e-01
 8.31434e-02
 2.40601e-02
 4.31820e-03
 3.35159e-04
 8.74821e-06
 7.26070e-08
 5.40294e-11
 2.63368e-14
part
         3
hexa8
 1.28289e-14
 3.03428e-12
 1.87894e-10
 5.37732e-09
 4.86849e-07
 5.83110e-06
 4.95020e-05
 3.17429e-04
 1.59794e-03
 6.50135e-03
 2.18724e-02
 6.19697e-02
 1.49865e-01
 2.99585e-01
 4.44824e-01
 5.12193e-01
 5.27039e-01
 5.06999e-01
 4.43492e-01
 3.40542e-01
 2.31662e-01
 1.52060e-01
 1.00244e-01
 6.83830e-02
 4.93493e-02
 3.12738e-14
 7.18117e-12
 4.31163e-10
 5.34619e-08
 1.10339e-06
 1.27534e-05
 1.05260e-04
 6.55954e-04
 3.20698e-03
 1.26648e-02
 4.13402e-02
 1.13523e-01
 2.57583e-01
 4.20915e-01
 5.07150e-01
 5.26180e-01
 5.01876e-01
 4.20390e-01
 2.93691e-01
 1.75542e-01
 1.01471e-01
 5.80144e-02
 3.36495e-02
 2.03740e-02
 1.32695e-02
 6.25160e-14
 1.42193e-11
 8.40615e-10
 1.19965e-07
 2.14464e-06
 2.42674e-05
 1.96234e-04
 1.19672e-03
 5.71874e-03
 2.20527e-02
 7.02748e-02
 1.87778e-01
 3.64121e-01
 4.87632e-01
 5.24337e-01
 5.08235e-01
 4.27562e-01
 2.86872e-01
 1.57902e-01
 8.20527e-02
 4.12899e-02
 2.04631e-02
 1.02387e-02
 5.35385e-03
 3.05617e-03
 1.04790e-13
 2.40698e-11
 1.42165e-09
 2.11692e-07
 3.66077e-06
 4.09387e-05
 3.26730e-04
 1.96283e-03
 9.22261e-03
 3.48900e-02
 1.08843e-01
 2.67922e-01
 4.41110e-01
 5.17373e-01
 5.18473e-01
 4.60345e-01
 3.20111e-01
 1.69165e-01
 8.20317e-02
 3.75191e-02
 1.63817e-02
 6.94794e-03
 2.93628e-03
 1.28865e-03
 6.26545e-04
 1.49479e-13
 3.55572e-11
 2.13418e-09
 3.26852e-07
 5.58737e-06
 6.22305e-05
 4.93651e-04
 2.93766e-03
 1.36523e-02
 5.10412e-02
 1.58217e-01
 3.43120e-01
 4.84884e-01
 5.25617e-01
 5.00132e-01
 3.83479e-01
 2.15187e-01
 1.00453e-01
 4.33318e-02
 1.74082e-02
 6.57017e-03
 2.36472e-03
 8.34284e-04
 3.08760e-04
 1.39822e-04
 1.85826e-13
 4.63642e-11
 2.85170e-09
 4.48803e-07
 7.75206e-06
 8.69919e-05
 6.90510e-04
 4.08773e-03
 1.88338e-02
 6.96138e-02
 2.07722e-01
 4.01407e-01
 5.09824e-01
 5.25164e-01
 4.62003e-01
 3.02986e-01
 1.43976e-01
 6.13461e-02
 2.37862e-02
 8.43477e-03
 2.75866e-03
 8.46312e-04
 2.60350e-04
 1.01413e-04
 7.09666e-05
 1.92095e-13
 5.17002e-11
 3.34044e-09
 5.49177e-07
 9.74306e-06
 1.10338e-04
 8.80310e-04
 5.23831e-03
 2.41458e-02
 8.90014e-02
 2.52851e-01
 4.42415e-01
 5.23985e-01
 5.19324e-01
 4.15979e-01
 2.33890e-01
 1.01663e-01
 3.96488e-02
 1.38977e-02
 4.38736e-03
 1.25744e-03
 3.43253e-04
 1.15351e-04
 8.31617e-05
 1.25550e-04
 1.65837e-13
 4.96926e-11
 3.48586e-09
 6.02302e-07
 1.09175e-05
 1.26367e-04
 1.02743e-03
 6.19890e-03
 2.87677e-02
 1.06288e-01
 2.89713e-01
 4.69746e-01
 5.33017e-01
 5.11375e-01
 3.73202e-01
 1.85295e-01
 7.58078e-02
 2.75021e-02
 8.83037e-03
 2.51641e-03
 6.49734e-04
 1.79635e-04
 9.94625e-05
 1.48212e-04
 3.32226e-04
 1.19333e-13
 4.14472e-11
 3.17220e-09
 5.74693e-07
 1.09841e-05
 1.32481e-04
 1.10189e-03
 6.74550e-03
 3.17509e-02
 1.18206e-01
 3.15007e-01
 4.87971e-01
 5.40631e-01
 5.05645e-01
 3.42107e-01
 1.56863e-01
 6.12877e-02
 2.09107e-02
 6.24005e-03
 1.63855e-03
 4.00862e-04
 1.33094e-04
 1.30386e-04
 2.98092e-04
 7.53579e-04
 6.82108e-14
 2.89081e-11
 2.53884e-09
 4.91955e-07
 1.00056e-05
 1.25920e-04
 1.08482e-03
 6.81992e-03
 3.27175e-02
 1.23256e-01
 3.28002e-01
 5.00487e-01
 5.48612e-01
 5.04700e-01
 3.26144e-01
 1.44670e-01
 5.48249e-02
 1.80261e-02
 5.17064e-03
 1.31145e-03
 3.23694e-04
 1.32631e-04
 1.79316e-04
 4.90142e-04
 1.35503e-03
 2.84567e-14
 1.59600e-11
 1.70819e-09
 3.66623e-07
 8.18015e-06
 1.09390e-04
 9.86300e-04
 6.42482e-03
 3.17008e-02
 1.21813e-01
 3.31011e-01
 5.06740e-01
 5.58257e-01
 5.12513e-01
 3.23112e-01
 1.42366e-01
 5.35038e-02
 1.74336e-02
 4.97371e-03
 1.27052e-03
 3.29972e-04
 1.53054e-04
 2.14813e-04
 6.10090e-04
 1.84591e-03
 7.62899e-15
 6.42280e-12
 9.10511e-10
 2.26880e-07
 5.76784e-06
 8.48583e-05
 8.18401e-04
 5.60815e-03
 2.87135e-02
 1.13305e-01
 3.23662e-01
 5.08189e-01
 5.69899e-01
 5.29331e-01
 3.37349e-01
 1.51354e-01
 5.75916e-02
 1.91237e-02
 5.66400e-03
 1.55921e-03
 4.57753e-04
 2.18768e-04
 2.43763e-04
 5.67568e-04
 1.79054e-03
part
         4
hexa8
 3.87770e-02
 3.36627e-02
 3.16317e-02
 3.19543e-02
 3.38145e-02
 3.83114e-02
 4.61540e-02
 5.86602e-02
 7.80395e-02
 1.07470e-01
 1.53938e-01
 2.19066e-01
 2.95127e-01
 3.59715e-01
 3.88531e-01
 3.78394e-01
 3.11890e-01
 1.70601e-01
 5.52398e-02
 1.12241e-02
 1.00357e-03
 2.99415e-05
 2.73623e-07
 2.15188e-10
 1.10926e-13
 9.76232e-03
 8.30929e-03
 7.88532e-03
 8.12457e-03
 8.90179e-03
 1.05730e-02
 1.34767e-02
 1.82406e-02
 2.60135e-02
 3.89258e-02
 6.08625e-02
 9.87577e-02
 1.61218e-01
 2.50763e-01
 3.36479e-01
 3.79046e-01
 3.65165e-01
 2.69980e-01
 1.12715e-01
 2.53583e-02
 2.60258e-03
 8.90833e-05
 9.14269e-07
 7.37546e-10
 3.97708e-13
 2.06323e-03
 1.71507e-03
 1.65432e-03
 1.74412e-03
 1.99378e-03
 2.50065e-03
 3.39589e-03
 4.93570e-03
 7.61937e-03
 1.24513e-02
 2.13846e-02
 3.83611e-02
 7.11308e-02
 1.31828e-01
 2.29361e-01
 3.27302e-01
 3.70598e-01
 3.36552e-01
 1.91031e-01
 5.01604e-02
 5.94661e-03
 2.34737e-04
 2.64381e-06
 5.48809e-09
 1.24288e-12
 3.84459e-04
 3.18513e-04
 3.19042e-04
 3.46234e-04
 4.11230e-04
 5.35625e-04
 7.62230e-04
 1.18090e-03
 1.97631e-03
 3.54539e-03
 6.74442e-03
 1.34844e-02
 2.80052e-02
 5.94178e-02
 1.25587e-01
 2.33110e-01
 3.33094e-01
 3.56153e-01
 2.65151e-01
 8.97760e-02
 1.22007e-02
 5.56157e-04
 6.85339e-06
 1.99216e-08
 3.45168e-12
 9.70627e-05
 9.75539e-05
 1.10742e-04
 1.28430e-04
 1.44887e-04
 1.61948e-04
 1.97765e-04
 2.81523e-04
 4.72825e-04
 9.10095e-04
 1.92046e-03
 4.31131e-03
 1.01273e-02
 2.44973e-02
 5.98011e-02
 1.39842e-01
 2.60186e-01
 3.41541e-01
 3.11762e-01
 1.39906e-01
 2.26720e-02
 1.19740e-03
 1.62810e-05
 5.33316e-08
 8.66254e-12
 8.60519e-05
 1.29347e-04
 1.83973e-04
 2.17351e-04
 2.20919e-04
 1.96944e-04
 1.56269e-04
 1.31160e-04
 1.43239e-04
 2.31229e-04
 5.01622e-04
 1.26003e-03
 3.37457e-03
 9.37850e-03
 2.64848e-02
 7.38123e-02
 1.77451e-01
 2.95515e-01
 3.28412e-01
 1.90671e-01
 3.93507e-02
 2.37086e-03
 3.60554e-05
 1.23689e-07
 1.99566e-11
 2.41660e-04
 4.20732e-04
 6.12073e-04
 7.20738e-04
 7.12471e-04
 5.81432e-04
 3.72490e-04
 2.11585e-04
 1.27475e-04
 9.54021e-05
 1.39227e-04
 3.41643e-04
 1.03942e-03
 3.34704e-03
 1.10178e-02
 3.59329e-02
 1.09542e-01
 2.35496e-01
 3.15629e-01
 2.32475e-01
 6.28485e-02
 4.31291e-03
 7.52319e-05
 2.60712e-07
 4.29684e-11
 7.00014e-04
 1.24591e-03
 1.84955e-03
 2.23544e-03
 2.24886e-03
 1.82995e-03
 1.15192e-03
 5.98997e-04
 2.69926e-04
 1.18073e-04
 6.84357e-05
 9.93335e-05
 2.98357e-04
 1.11838e-03
 4.33557e-03
 1.67120e-02
 6.08356e-02
 1.73799e-01
 2.80188e-01
 2.58642e-01
 8.82983e-02
 7.22176e-03
 1.49450e-04
 5.62487e-07
 8.84231e-11
 1.64776e-03
 3.09215e-03
 4.79531e-03
 6.04299e-03
 6.26826e-03
 5.12743e-03
 3.24037e-03
 1.66434e-03
 7.24889e-04
 2.62901e-04
 8.96879e-05
 4.64802e-05
 8.67881e-05
 3.51743e-04
 1.62470e-03
 7.48888e-03
 3.25104e-02
 1.19152e-01
 2.41729e-01
 2.69140e-01
 1.12666e-01
 1.13452e-02
 2.85085e-04
 1.16577e-06
 1.78013e-10
 3.22159e-03
 6.53341e-03
 1.08014e-02
 1.44256e-02
 1.55572e-02
 1.29816e-02
 8.26424e-03
 4.14515e-03
 1.77754e-03
 6.31898e-04
 1.85508e-04
 5.36689e-05
 3.26451e-05
 1.06941e-04
 5.85103e-04
 3.27864e-03
 1.71958e-02
 7.72389e-02
 2.01612e-01
 2.59767e-01
 1.35081e-01
 1.70656e-02
 5.22672e-04
 2.43859e-06
 3.55138e-10
 4.94946e-03
 1.13861e-02
 2.10285e-02
 3.03153e-02
 3.42788e-02
 2.97844e-02
 1.91682e-02
 9.34012e-03
 3.91026e-03
 1.36901e-03
 3.97218e-04
 9.54157e-05
 2.72719e-05
 3.53724e-05
 2.05584e-04
 1.42263e-03
 9.09106e-03
 4.88405e-02
 1.61040e-01
 2.37280e-01
 1.52754e-01
 2.41956e-02
 9.13890e-04
 5.32604e-06
 7.08538e-10
 5.71378e-03
 1.60316e-02
 3.52056e-02
 5.60666e-02
 6.67105e-02
 6.09354e-02
 3.99874e-02
 1.90603e-02
 7.77357e-03
 2.66798e-03
 7.67861e-04
 1.83210e-04
 3.72139e-05
 1.63096e-05
 7.38974e-05
 6.28923e-04
 4.91084e-03
 3.09203e-02
 1.24651e-01
 2.15890e-01
 1.64457e-01
 3.17906e-02
 1.52044e-03
 1.21675e-05
 1.55468e-09
part
         5
hexa8
 9.80247e-16
 1.69234e-12
 3.60619e-10
 1.09100e-07
 3.48824e-06
 5.81838e-05
 6.13244e-04
 4.49250e-03
 2.42580e-02
 9.94827e-02
 3.02629e-01
 5.03193e-01
 5.78460e-01
 5.54294e-01
 3.71187e-01
 1.75013e-01
 6.95225e-02
 2.44866e-02
 7.93787e-03
 2.52438e-03
 9.01287e-04
 4.62809e-04
 3.97032e-04
 5.58265e-04
 1.28031e-03
 9.70109e-17
 3.75170e-13
 1.26175e-10
 3.85194e-08
 1.91431e-06
 3.69660e-05
 4.34379e-04
 3.42042e-03
 1.94393e-02
 8.33966e-02
 2.69091e-01
 4.85591e-01
 5.80849e-01
 5.79003e-01
 4.26110e-01
 2.19550e-01
 9.41664e-02
 3.67440e-02
 1.36938e-02
 5.24741e-03
 2.32068e-03
 1.37085e-03
 1.15731e-03
 1.31840e-03
 2.03982e-03
 2.86975e-17
 1.08595e-13
 4.77854e-11
 5.17215e-09
 1.04261e-06
 2.29005e-05
 2.94425e-04
 2.47782e-03
 1.48105e-02
 6.61430e-02
 2.25344e-01
 4.51005e-01
 5.75214e-01
 5.96485e-01
 4.96019e-01
 2.91003e-01
 1.38858e-01
 6.15575e-02
 2.68091e-02
 1.22947e-02
 6.50287e-03
 4.38924e-03
 3.96685e-03
 4.73349e-03
 7.58848e-03
 1.14227e-17
 3.79745e-14
 1.88688e-11
 2.43116e-09
 5.48315e-07
 1.35318e-05
 1.89194e-04
 1.69583e-03
 1.06157e-02
 4.92367e-02
 1.73987e-01
 3.97308e-01
 5.57180e-01
 6.03025e-01
 5.56778e-01
 3.93633e-01
 2.13804e-01
 1.07956e-01
 5.44012e-02
 2.90762e-02
 1.76771e-02
 1.32025e-02
 1.24678e-02
 1.49219e-02
 2.26137e-02
 4.87574e-18
 1.49683e-14
 7.73227e-12
 1.12260e-09
 2.77217e-07
 7.59098e-06
 1.14746e-04
 1.09174e-03
 7.14557e-03
 3.43211e-02
 1.24818e-01
 3.24641e-01
 5.18049e-01
 5.98998e-01
 5.93396e-01
 5.01363e-01
 3.34055e-01
 1.90831e-01
 1.09186e-01
 6.62190e-02
 4.48259e-02
 3.59839e-02
 3.47369e-02
 4.02219e-02
 5.60858e-02
 2.12492e-18
 6.18620e-15
 3.22523e-12
 5.06170e-10
 1.31359e-07
 4.01953e-06
 6.53512e-05
 6.57702e-04
 4.49453e-03
 2.23373e-02
 8.38905e-02
 2.36967e-01
 4.47761e-01
 5.74677e-01
 6.04752e-01
 5.73919e-01
 4.73257e-01
 3.30695e-01
 2.11752e-01
 1.42539e-01
 1.04659e-01
 8.83344e-02
 8.63788e-02
 9.66120e-02
 1.24893e-01
 9.11136e-19
 2.55358e-15
 1.33459e-12
 2.20607e-10
 5.37311e-08
 1.99563e-06
 3.47439e-05
 3.68695e-04
 2.62683e-03
 1.35018e-02
 5.23838e-02
 1.55600e-01
 3.43607e-01
 5.17994e-01
 5.92231e-01
 5.99387e-01
 5.67708e-01
 4.86792e-01
 3.83008e-01
 2.87038e-01
 2.24461e-01
 1.96683e-01
 1.93512e-01
 2.10001e-01
 2.54608e-01
 3.73008e-19
 1.01895e-15
 5.34151e-13
 9.17160e-11
 1.74151e-08
 9.23243e-07
 1.71267e-05
 1.91143e-04
 1.41800e-03
 7.53400e-03
 3.01766e-02
 9.34716e-02
 2.26291e-01
 4.11453e-01
 5.44880e-01
 5.92988e-01
 5.97584e-01
 5.77826e-01
 5.33057e-01
 4.71416e-01
 4.17376e-01
 3.86868e-01
 3.81991e-01
 4.00276e-01
 4.51657e-01
 1.42362e-19
 3.83201e-16
 2.02145e-13
 3.58346e-11
 5.22525e-09
 3.95152e-07
 7.76847e-06
 9.10243e-05
 7.02470e-04
 3.85613e-03
 1.59246e-02
 5.11355e-02
 1.29561e-01
 2.70485e-01
 4.35837e-01
 5.42265e-01
 5.85389e-01
 5.96682e-01
 5.91151e-01
 5.79059e-01
 5.62909e-01
 5.53822e-01
 5.56319e-01
 5.72403e-01
 5.92018e-01
 4.96187e-20
 1.32912e-16
 7.08908e-14
 1.29559e-11
 9.95031e-10
 1.52823e-07
 3.21374e-06
 3.95179e-05
 3.17125e-04
 1.79807e-03
 7.64752e-03
 2.53736e-02
 6.71176e-02
 1.47144e-01
 2.77287e-01
 4.17300e-01
 5.14983e-01
 5.63421e-01
 5.85326e-01
 5.93633e-01
 5.97812e-01
 6.00293e-01
 6.04134e-01
 6.09125e-01
 6.12110e-01
 1.54933e-20
 4.16907e-17
 2.26153e-14
 4.26741e-12
 3.43872e-10
 4.90243e-08
 1.20075e-06
 1.55115e-05
 1.29450e-04
 7.58112e-04
 3.31812e-03
 1.13418e-02
 3.11347e-02
 7.10955e-02
 1.40153e-01
 2.44078e-01
 3.55903e-01
 4.49736e-01
 5.09319e-01
 5.42218e-01
 5.60362e-01
 5.69136e-01
 5.73573e-01
 5.71293e-01
 5.57640e-01
 4.25429e-21
 1.16081e-17
 6.44751e-15
 1.26053e-12
 1.06597e-10
 1.17194e-08
 4.01696e-07
 5.45417e-06
 4.73692e-05
 2.86655e-04
 1.29059e-03
 4.53477e-03
 1.28477e-02
 3.03170e-02
 6.15833e-02
 1.10766e-01
 1.79731e-01
 2.59176e-01
 3.32282e-01
 3.90081e-01
 4.26970e-01
 4.43178e-01
 4.47459e-01
 4.34289e-01
 4.03498e-01
 1.00837e-21
 2.81659e-18
 1.61391e-15
 3.28554e-13
 2.92257e-11
 1.26252e-09
 1.15146e-07
 1.69873e-06
 1.53840e-05
 9.62811e-05
 4.45914e-04
 1.60824e-03
 4.68352e-03
 1.13623e-02
 2.36478e-02
 4.33109e-02
 7.12423e-02
 1.07553e-01
 1.50242e-01
 1.89970e-01
 2.19276e-01
 2.32416e-01
 2.33204e-01
 2.17294e-01
 1.86881e-01
part
         6
hexa8
 5.29922e-03
 1.97773e-02
 5.17945e-02
 9.12231e-02
 1.11828e-01
 1.06581e-01
 7.32868e-02
 3.52014e-02
 1.39858e-02
 4.72033e-03
 1.34510e-03
 3.23093e-04
 6.34349e-05
 1.41534e-05
 3.02186e-05
 2.96240e-04
 2.79839e-03
 2.02758e-02
 9.57321e-02
 1.96117e-01
 1.67374e-01
 3.94852e-02
 2.38863e-03
 2.82849e-05
 5.21857e-09
 7.16957e-03
 2.67456e-02
 7.26192e-02
 1.33098e-01
 1.62824e-01
 1.58597e-01
 1.17226e-01
 5.79515e-02
 2.25913e-02
 7.57488e-03
 2.15807e-03
 5.22926e-04
 1.06084e-04
 1.82439e-05
 1.78688e-05
 1.68308e-04
 1.79941e-03
 1.42837e-02
 7.43233e-02
 1.74702e-01
 1.60209e-01
 4.72012e-02
 3.50482e-03
 6.56545e-05
 9.49459e-08
 1.77673e-02
 4.65196e-02
 1.08711e-01
 1.84224e-01
 2.20924e-01
 2.15505e-01
 1.63863e-01
 8.39922e-02
 3.26914e-02
 1.09970e-02
 3.16017e-03
 7.76152e-04
 1.61818e-04
 2.77875e-05
 1.57989e-05
 1.22223e-04
 1.33288e-03
 1.08573e-02
 5.92686e-02
 1.52796e-01
 1.49652e-01
 5.38283e-02
 4.73865e-03
 1.25061e-04
 4.07756e-07
 4.24210e-02
 8.76035e-02
 1.68642e-01
 2.53328e-01
 2.89639e-01
 2.76378e-01
 2.07391e-01
 1.06566e-01
 4.16322e-02
 1.40570e-02
 4.07647e-03
 1.01602e-03
 2.16552e-04
 3.90639e-05
 1.58824e-05
 1.00967e-04
 1.07008e-03
 8.68240e-03
 4.86281e-02
 1.33131e-01
 1.40077e-01
 5.82045e-02
 5.84940e-03
 1.90801e-04
 9.50975e-07
 9.09085e-02
 1.59359e-01
 2.61412e-01
 3.41095e-01
 3.62864e-01
 3.31799e-01
 2.35534e-01
 1.18823e-01
 4.64955e-02
 1.56845e-02
 4.56338e-03
 1.14751e-03
 2.48290e-04
 4.59686e-05
 1.63453e-05
 8.89263e-05
 9.04125e-04
 7.21716e-03
 4.08377e-02
 1.16332e-01
 1.30356e-01
 5.92395e-02
 6.69794e-03
 2.54548e-04
 1.69281e-06
 1.82032e-01
 2.79809e-01
 3.80883e-01
 4.28840e-01
 4.25961e-01
 3.67049e-01
 2.43841e-01
 1.19473e-01
 4.64344e-02
 1.55574e-02
 4.51685e-03
 1.13977e-03
 2.48771e-04
 4.68220e-05
 1.63057e-05
 8.16556e-05
 7.95283e-04
 6.19946e-03
 3.50042e-02
 1.02021e-01
 1.19438e-01
 5.75807e-02
 7.24075e-03
 3.06705e-04
 2.50145e-06
 3.37004e-01
 4.33963e-01
 4.91185e-01
 4.99119e-01
 4.63206e-01
 3.70799e-01
 2.29691e-01
 1.07822e-01
 4.11563e-02
 1.36451e-02
 3.94978e-03
 1.00014e-03
 2.20210e-04
 4.22482e-05
 1.54396e-05
 7.74231e-05
 7.23757e-04
 5.47852e-03
 3.05806e-02
 8.96698e-02
 1.07381e-01
 5.46911e-02
 7.35243e-03
 3.41637e-04
 3.23587e-06
 5.17288e-01
 5.54422e-01
 5.59290e-01
 5.31219e-01
 4.59605e-01
 3.36731e-01
 1.89679e-01
 8.30952e-02
 3.10368e-02
 1.01799e-02
 2.94214e-03
 7.49432e-04
 1.66843e-04
 3.29773e-05
 1.38829e-05
 7.55215e-05
 6.77864e-04
 4.95932e-03
 2.71491e-02
 7.88141e-02
 9.48619e-02
 5.07103e-02
 7.08481e-03
 3.53635e-04
 3.75176e-06
 6.05137e-01
 6.00707e-01
 5.71853e-01
 5.10038e-01
 4.05422e-01
 2.57065e-01
 1.28888e-01
 5.34802e-02
 1.97119e-02
 6.45145e-03
 1.87416e-03
 4.81681e-04
 1.08256e-04
 2.23862e-05
 1.21866e-05
 7.55695e-05
 6.50254e-04
 4.57787e-03
 2.43760e-02
 6.90014e-02
 8.25515e-02
 4.46866e-02
 6.53569e-03
 3.41037e-04
 3.95903e-06
 6.02436e-01
 5.72473e-01
 5.16728e-01
 4.22067e-01
 2.85088e-01
 1.56568e-01
 7.24758e-02
 3.00126e-02
 1.10829e-02
 3.64700e-03
 1.06719e-03
 2.76279e-04
 6.24265e-05
 1.38070e-05
 1.08632e-05
 7.69244e-05
 6.36014e-04
 4.28894e-03
 2.20136e-02
 5.97870e-02
 7.04716e-02
 3.75340e-02
 5.58603e-03
 3.06288e-04
 3.81373e-06
 5.24984e-01
 4.67268e-01
 3.77410e-01
 2.61260e-01
 1.52747e-01
 7.84260e-02
 3.60050e-02
 1.48247e-02
 5.46741e-03
 1.80297e-03
 5.29855e-04
 1.37830e-04
 3.13607e-05
 7.68042e-06
 1.04542e-05
 8.01593e-05
 6.31416e-04
 4.05839e-03
 1.98847e-02
 5.08445e-02
 5.81972e-02
 3.03914e-02
 4.48951e-03
 2.51264e-04
 3.29159e-06
 3.51050e-01
 2.76762e-01
 1.92102e-01
 1.18108e-01
 6.61195e-02
 3.33456e-02
 1.51858e-02
 6.23346e-03
 2.30032e-03
 7.60757e-04
 2.24482e-04
 5.85936e-05
 1.35128e-05
 4.12041e-06
 1.07182e-05
 8.53239e-05
 6.34696e-04
 3.85679e-03
 1.78356e-02
 4.23302e-02
 4.64421e-02
 2.34109e-02
 3.40419e-03
 1.93440e-04
 2.62785e-06
 1.46414e-01
 1.05941e-01
 7.03783e-02
 4.26876e-02
 2.35843e-02
 1.18258e-02
 5.37151e-03
 2.20433e-03
 8.14755e-04
 2.70214e-04
 7.99681e-05
 2.08809e-05
 5.04735e-06
 2.50641e-06
 1.17663e-05
 9.25067e-05
 6.43521e-04
 3.65247e-03
 1.57486e-02
 3.43971e-02
 3.60182e-02
 1.72029e-02
 2.42391e-03
 1.36814e-04
 1.87588e-06
part
         7
hexa8
 2.02011e-22
 5.83390e-19
 3.47742e-16
 7.41829e-14
 6.96998e-12
 3.20094e-10
 2.20541e-08
 4.61426e-07
 4.38136e-06
 2.84006e-05
 1.35379e-04
 5.00751e-04
 1.49465e-03
 3.71404e-03
 7.89744e-03
 1.47141e-02
 2.44936e-02
 3.71193e-02
 5.20551e-02
 6.63379e-02
 7.68763e-02
 8.12792e-02
 8.01175e-02
 7.25110e-02
 6.00616e-02
 3.35341e-23
 1.01182e-19
 6.33188e-17
 1.42621e-14
 1.42354e-12
 6.97868e-11
 1.80209e-09
 1.05104e-07
 1.08084e-06
 7.27835e-06
 3.57467e-05
 1.35576e-04
 4.13959e-04
 1.05053e-03
 2.27575e-03
 4.30413e-03
 7.24220e-03
 1.10471e-02
 1.54948e-02
 1.96490e-02
 2.25265e-02
 2.35527e-02
 2.27498e-02
 2.00289e-02
 1.59627e-02
 4.50016e-24
 1.43480e-20
 9.52367e-18
 2.28520e-15
 2.44084e-13
 1.28472e-11
 3.55895e-10
 1.34615e-08
 2.25795e-07
 1.59667e-06
 8.09652e-06
 3.14998e-05
 9.82828e-05
 2.54179e-04
 5.59529e-04
 1.07152e-03
 1.81848e-03
 2.79058e-03
 3.90882e-03
 4.91244e-03
 5.53890e-03
 5.70297e-03
 5.37182e-03
 4.56946e-03
 3.49710e-03
 4.74492e-25
 1.61871e-21
 1.15288e-18
 2.97770e-16
 3.43423e-14
 1.95537e-12
 5.84807e-11
 9.79833e-10
 3.74464e-08
 2.92882e-07
 1.54639e-06
 6.18318e-06
 1.97098e-05
 5.18759e-05
 1.15807e-04
 2.24049e-04
 3.82671e-04
 5.89843e-04
 8.22454e-04
 1.02166e-03
 1.12945e-03
 1.14149e-03
 1.04409e-03
 8.53591e-04
 6.23459e-04
 3.79825e-26
 1.40614e-22
 1.08897e-19
 3.06483e-17
 3.85866e-15
 2.39929e-13
 7.81024e-12
 1.41139e-10
 1.53352e-09
 4.22255e-08
 2.42435e-07
 1.00467e-06
 3.27736e-06
 8.77524e-06
 1.98383e-05
 3.87013e-05
 6.63911e-05
 1.02573e-04
 1.41373e-04
 1.73112e-04
 1.88861e-04
 1.85847e-04
 1.64139e-04
 1.27756e-04
 8.83032e-05
 2.21147e-27
 9.03163e-24
 7.72540e-21
 2.40414e-18
 3.34868e-16
 2.30098e-14
 8.23641e-13
 1.61909e-11
 1.88581e-10
 1.42437e-09
 2.82362e-08
 1.27715e-07
 4.39140e-07
 1.20189e-06
 2.75133e-06
 5.40433e-06
 9.28889e-06
 1.43464e-05
 1.95450e-05
 2.34759e-05
 2.51456e-05
 2.39606e-05
 2.03257e-05
 1.49016e-05
 9.64433e-06
 8.85887e-29
 4.07095e-25
 3.91985e-22
 1.37328e-19
 2.15167e-17
 1.65840e-15
 6.61257e-14
 1.42922e-12
 1.79935e-11
 1.44499e-10
 8.06723e-10
 3.35719e-09
 4.26421e-08
 1.26198e-07
 2.97886e-07
 5.91003e-07
 1.01691e-06
 1.56360e-06
 2.10845e-06
 2.47720e-06
 2.58570e-06
 2.37189e-06
 1.91355e-06
 1.30853e-06
 7.75215e-07
 2.26404e-30
 1.20020e-26
 1.33255e-23
 5.37720e-21
 9.68117e-19
 8.53235e-17
 3.85306e-15
 9.28094e-14
 1.27616e-12
 1.09785e-11
 6.46191e-11
 2.79965e-10
 9.43835e-10
 2.58000e-09
 2.02206e-08
 4.48031e-08
 8.01612e-08
 1.24621e-07
 1.67268e-07
 1.92111e-07
 1.93211e-07
 1.69717e-07
 1.28347e-07
 7.92768e-08
 3.74731e-08
 3.31138e-32
 2.09341e-28
 2.76750e-25
 1.32632e-22
 2.82359e-20
 2.91988e-18
 1.52648e-16
 4.16954e-15
 6.34407e-14
 5.90179e-13
 3.68642e-12
 1.66995e-11
 5.81693e-11
 1.62676e-10
 3.77006e-10
 7.41072e-10
 1.25895e-09
 1.89717e-09
 2.50488e-09
 2.84407e-09
 2.82173e-09
 2.45314e-09
 1.82127e-09
 1.10065e-09
 5.31166e-10
 2.34000e-34
 1.85070e-30
 3.05142e-27
 1.81535e-24
 4.76195e-22
 5.99459e-20
 3.74081e-18
 1.18590e-16
 2.03030e-15
 2.06685e-14
 1.38140e-13
 6.57887e-13
 2.37541e-12
 6.80519e-12
 1.59892e-11
 3.15665e-11
 5.35207e-11
 7.88099e-11
 1.00858e-10
 1.12200e-10
 1.04397e-10
 8.43745e-11
 5.60009e-11
 2.88559e-11
 1.09606e-11
 5.93367e-37
 6.34584e-33
 1.40684e-29
 1.11605e-26
 3.85440e-24
 6.26082e-22
 4.88518e-20
 1.85728e-18
 3.65783e-17
 4.13702e-16
 2.98968e-15
 1.50733e-14
 5.66461e-14
 1.66510e-13
 3.96361e-13
 7.83550e-13
 1.32022e-12
 1.89758e-12
 2.31544e-12
 2.44624e-12
 2.12259e-12
 1.54239e-12
 1.17571e-12
 1.65482e-12
 5.93031e-12
 2.83789e-40
 4.79297e-36
 1.65953e-32
 2.02299e-29
 1.04730e-26
 2.45195e-24
 2.59555e-22
 1.24505e-20
 2.90866e-19
 3.72803e-18
 2.95227e-17
 1.58977e-16
 6.25033e-16
 1.88859e-15
 4.54845e-15
 8.95634e-15
 1.46888e-14
 2.05778e-14
 2.70048e-14
 5.39661e-14
 2.40692e-13
 1.31418e-12
 6.47247e-12
 2.90363e-11
 1.11794e-10
 2.60521e-45
 1.16415e-40
 1.03375e-36
 3.08263e-33
 3.61846e-30
 1.69169e-27
 2.94735e-25
 1.95701e-23
 5.68005e-22
 8.47558e-21
 7.48516e-20
 4.35461e-19
 1.80285e-18
 5.61047e-18
 1.36366e-17
 2.67419e-17
 6.41656e-17
 1.47108e-15
 2.70934e-14
 2.80253e-13
 1.79411e-12
 8.06744e-12
 2.77048e-11
 8.11282e-11
 1.87192e-10
part
         8
hexa8
 4.59033e-02
 3.25751e-02
 2.12560e-02
 1.27326e-02
 6.97424e-03
 3.48007e-03
 1.57694e-03
 6.46807e-04
 2.39278e-04
 7.94837e-05
 2.35328e-05
 6.15707e-06
 1.72514e-06
 2.05819e-06
 1.36576e-05
 1.01374e-04
 6.52852e-04
 3.42655e-03
 1.35726e-02
 2.70788e-02
 2.68457e-02
 1.19214e-02
 1.61100e-03
 8.95104e-05
 1.22284e-06
 1.18703e-02
 8.23219e-03
 5.27951e-03
 3.12023e-03
 1.69207e-03
 8.38574e-04
 3.78367e-04
 1.54831e-04
 5.72165e-05
 1.89862e-05
 5.60015e-06
 1.51468e-06
 6.63117e-07
 2.24562e-06
 1.62976e-05
 1.11241e-04
 6.55746e-04
 3.15834e-03
 1.13738e-02
 2.04396e-02
 1.89521e-02
 7.65760e-03
 9.81795e-04
 5.30545e-05
 7.07997e-07
 2.51252e-03
 1.69645e-03
 1.06394e-03
 6.17653e-04
 3.30342e-04
 1.62027e-04
 7.25536e-05
 2.95236e-05
 1.08594e-05
 3.58043e-06
 1.05499e-06
 3.46446e-07
 4.74066e-07
 2.89490e-06
 1.98338e-05
 1.21689e-04
 6.44697e-04
 2.82365e-03
 9.01779e-03
 1.44654e-02
 1.24506e-02
 4.47271e-03
 5.39306e-04
 2.79316e-05
 3.54217e-07
 4.28350e-04
 2.79283e-04
 1.70207e-04
 9.65053e-05
 5.06382e-05
 2.44597e-05
 1.08177e-05
 4.35528e-06
 1.58310e-06
 5.15138e-07
 1.70737e-07
 1.30442e-07
 6.03832e-07
 3.99590e-06
 2.43589e-05
 1.31727e-04
 6.16156e-04
 2.40470e-03
 6.58169e-03
 9.39386e-03
 7.42985e-03
 2.30830e-03
 2.59845e-04
 1.27085e-05
 1.45891e-07
 5.72188e-05
 3.57410e-05
 2.10022e-05
 1.15437e-05
 5.89972e-06
 2.78646e-06
 1.20798e-06
 4.76349e-07
 1.69247e-07
 6.01625e-08
 4.08870e-08
 1.55820e-07
 9.67830e-07
 5.70248e-06
 2.99390e-05
 1.37576e-04
 5.49330e-04
 1.86700e-03
 4.33575e-03
 5.45573e-03
 3.87784e-03
 1.00895e-03
 1.05557e-04
 4.79673e-06
 4.69134e-08
 5.81799e-06
 3.43479e-06
 1.92030e-06
 1.01005e-06
 4.96470e-07
 2.26509e-07
 9.46645e-08
 3.60355e-08
 1.43953e-08
 1.22399e-08
 5.02526e-08
 2.94263e-07
 1.63914e-06
 8.20226e-06
 3.60335e-05
 1.36762e-04
 4.53651e-04
 1.28542e-03
 2.46328e-03
 2.70170e-03
 1.65987e-03
 3.50622e-04
 3.40098e-05
 1.40316e-06
 1.27805e-08
 4.26103e-07
 2.33466e-07
 1.21356e-07
 5.69226e-08
 2.19288e-08
 7.39593e-09
 4.35610e-09
 2.33420e-09
 4.27421e-09
 2.14392e-08
 1.17444e-07
 6.02822e-07
 2.80097e-06
 1.14810e-05
 4.07759e-05
 1.26135e-04
 3.29483e-04
 7.32565e-04
 1.10266e-03
 1.04245e-03
 5.13894e-04
 8.93950e-05
 7.76258e-06
 2.80070e-07
 2.29929e-09
 1.27607e-08
 3.77698e-09
 1.90892e-09
 9.14506e-10
 4.34925e-10
 3.06869e-10
 5.69275e-10
 2.50089e-09
 1.28000e-08
 6.35573e-08
 2.92532e-07
 1.22810e-06
 4.53462e-06
 1.45010e-05
 4.12263e-05
 9.86636e-05
 1.91746e-04
 2.99620e-04
 3.25525e-04
 2.49763e-04
 8.82844e-05
 1.27454e-05
 9.46223e-07
 2.84437e-08
 2.00096e-10
 2.36250e-10
 1.06668e-10
 5.17836e-11
 4.08268e-11
 1.04468e-10
 5.06671e-10
 2.44306e-09
 1.10046e-08
 4.69363e-08
 1.88632e-07
 6.85764e-07
 2.14326e-06
 6.04990e-06
 1.52290e-05
 3.19783e-05
 5.42011e-05
 6.58131e-05
 6.35185e-05
 3.97924e-05
 1.31196e-05
 2.71062e-06
 2.77006e-07
 1.38878e-08
 2.58493e-10
 7.50774e-13
 5.49436e-12
 8.07367e-12
 3.47262e-11
 1.74206e-10
 8.23702e-10
 3.64059e-09
 1.44615e-08
 4.97827e-08
 1.55482e-07
 4.40110e-07
 1.13211e-06
 2.75327e-06
 6.24852e-06
 1.05767e-05
 1.22673e-05
 1.17152e-05
 8.09967e-06
 3.22866e-06
 1.01807e-06
 2.08539e-07
 2.81555e-08
 2.02328e-09
 7.02949e-11
 7.89551e-13
 9.36586e-16
 2.88295e-11
 1.29002e-10
 5.13022e-10
 1.82930e-09
 5.88740e-09
 1.71459e-08
 4.65225e-08
 1.20541e-07
 2.94729e-07
 6.67415e-07
 1.03223e-06
 1.12085e-06
 1.12496e-06
 8.79293e-07
 4.09986e-07
 2.04203e-07
 1.01422e-07
 3.11899e-08
 7.04172e-09
 1.05440e-09
 1.04495e-10
 5.56463e-12
 1.33140e-13
 9.01997e-16
 4.19253e-19
 3.77752e-10
 1.13552e-09
 3.07027e-09
 7.49891e-09
 1.67293e-08
 2.83478e-08
 3.23293e-08
 3.17738e-08
 2.75641e-08
 2.05715e-08
 1.59416e-08
 7.86329e-09
 6.72286e-09
 4.77977e-09
 1.94415e-09
 7.37145e-10
 2.91252e-10
 7.47845e-11
 1.36507e-11
 1.64556e-12
 1.24677e-13
 4.95405e-15
 8.25309e-17
 3.37563e-19
 5.92188e-23
 2.37366e-10
 2.18635e-10
 1.42642e-10
 5.74947e-11
 3.79488e-11
 5.55066e-11
 6.03096e-11
 3.78135e-11
 3.45709e-11
 2.39867e-11
 1.50767e-11
 6.74129e-12
 5.12462e-12
 3.48672e-12
 1.36423e-12
 4.39241e-13
 1.44542e-13
 3.18311e-14
 4.83237e-15
 4.76179e-16
 2.83865e-17
 8.54319e-19
 9.99555e-21
 2.47038e-23
 1.59099e-27
