Density
part
         1
hexa8
 2.86677e-66
 3.24392e-62
 9.02477e-59
 1.09971e-55
 7.44376e-53
 3.19099e-50
 9.41908e-48
 2.02942e-45
 3.33255e-43
 4.31265e-41
 4.51743e-39
 3.91531e-37
 2.86010e-35
 1.78886e-33
 9.71137e-32
 4.63118e-30
 1.96070e-28
 7.43951e-27
 2.55139e-25
 7.96938e-24
 2.28286e-22
 6.03436e-21
 1.48007e-19
 3.38494e-18
 7.24809e-17
 9.87166e-51
 3.64967e-47
 3.31972e-44
 1.32348e-41
 2.93288e-39
 4.11864e-37
 3.98474e-35
 2.81533e-33
 1.51656e-31
 6.43957e-30
 2.21353e-28
 6.29542e-27
 1.50875e-25
 3.09479e-24
 5.50692e-23
 8.60120e-22
 1.19148e-20
 1.47736e-19
 1.65321e-18
 1.68188e-17
 1.56578e-16
 1.34170e-15
 1.06362e-14
 7.83460e-14
 5.38162e-13
 1.42570e-42
 3.09955e-39
 1.66021e-36
 3.90310e-34
 5.10761e-32
 4.24118e-30
 2.42930e-28
 1.01730e-26
 3.25121e-25
 8.19731e-24
 1.67422e-22
 2.83054e-21
 4.03361e-20
 4.91994e-19
 5.20494e-18
 4.83133e-17
 3.97471e-16
 2.92426e-15
 1.93928e-14
 1.16741e-13
 6.41897e-13
 3.24136e-12
 1.51027e-11
 6.51906e-11
 2.61536e-10
 6.09266e-37
 9.26976e-34
 3.48297e-31
 5.75767e-29
 5.31043e-27
 3.11503e-25
 1.26316e-23
 3.75232e-22
 8.52237e-21
 1.52950e-19
 2.22662e-18
 2.68625e-17
 2.73393e-16
 2.38298e-15
 1.80207e-14
 1.19569e-13
 7.02944e-13
 3.69342e-12
 1.74759e-11
 7.49645e-11
 2.93238e-10
 1.05135e-09
 7.23779e-09
 3.24245e-08
 1.03470e-07
 1.02138e-32
 1.18422e-29
 3.40239e-27
 4.31569e-25
 3.06465e-23
 1.38866e-21
 4.36352e-20
 1.00738e-18
 1.78293e-17
 2.49942e-16
 2.84811e-15
 2.69422e-14
 2.15304e-13
 1.47506e-12
 8.77355e-12
 4.58003e-11
 2.11836e-10
 8.75337e-10
 7.32709e-09
 3.23907e-08
 1.07141e-07
 3.14810e-07
 8.48173e-07
 2.11345e-06
 4.89300e-06
 1.95630e-29
 1.81974e-26
 4.21376e-24
 4.32740e-22
 2.49917e-20
 9.24963e-19
 2.38374e-17
 4.53069e-16
 6.62471e-15
 7.69652e-14
 7.28830e-13
 5.74287e-12
 3.83003e-11
 2.19306e-10
 1.25824e-09
 1.28799e-08
 5.52473e-08
 1.98413e-07
 6.40217e-07
 1.87173e-06
 4.98330e-06
 1.21581e-05
 2.73354e-05
 5.69183e-05
 1.10241e-04
 7.58425e-27
 5.86457e-24
 1.13542e-21
 9.80564e-20
 4.78898e-18
 1.50698e-16
 3.31875e-15
 5.41558e-14
 6.82736e-13
 6.86457e-12
 5.64385e-11
 3.87138e-10
 5.40693e-09
 3.28370e-08
 1.48445e-07
 5.89299e-07
 2.07033e-06
 6.49277e-06
 1.83280e-05
 4.68683e-05
 1.09194e-04
 2.33048e-04
 4.58092e-04
 8.33724e-04
 1.41198e-03
 8.54687e-25
 5.64998e-22
 9.41786e-20
 7.05110e-18
 3.00528e-16
 8.30442e-15
 1.61520e-13
 2.33986e-12
 2.63072e-11
 2.36818e-10
 4.06328e-09
 3.15849e-08
 1.73168e-07
 8.13765e-07
 3.31726e-06
 1.18918e-05
 3.78179e-05
 1.07458e-04
 2.74610e-04
 6.35043e-04
 1.33696e-03
 2.57805e-03
 4.58051e-03
 7.53936e-03
 1.15476e-02
 3.63554e-23
 2.10695e-20
 3.10388e-18
 2.06956e-16
 7.91160e-15
 1.97360e-13
 3.48537e-12
 4.60756e-11
 4.74743e-10
 1.09865e-08
 8.14024e-08
 4.86204e-07
 2.45025e-06
 1.06441e-05
 4.03046e-05
 1.34224e-04
 3.96193e-04
 1.04370e-03
 2.46957e-03
 5.28144e-03
 1.02730e-02
 1.82923e-02
 3.00161e-02
 4.55632e-02
 6.42365e-02
 7.16391e-22
 3.73026e-19
 4.97833e-17
 3.02989e-15
 1.06440e-13
 2.45439e-12
 4.02674e-11
 4.96587e-10
 1.38059e-08
 1.16804e-07
 7.81376e-07
 4.36601e-06
 2.07877e-05
 8.53808e-05
 3.05547e-04
 9.60705e-04
 2.67338e-03
 6.62722e-03
 1.47245e-02
 2.94913e-02
 5.35448e-02
 8.82934e-02
 1.34153e-01
 1.90293e-01
 2.47797e-01
 7.69819e-21
 3.68948e-18
 4.56545e-16
 2.59285e-14
 8.54639e-13
 1.85754e-11
 2.88330e-10
 9.53780e-09
 9.86929e-08
 7.65677e-07
 4.87380e-06
 2.60565e-05
 1.18712e-04
 4.66065e-04
 1.59116e-03
 4.75999e-03
 1.25618e-02
 2.94366e-02
 6.16714e-02
 1.15680e-01
 1.95741e-01
 3.01005e-01
 4.05330e-01
 4.96203e-01
 5.63380e-01
 5.03926e-20
 2.27619e-17
 2.66828e-15
 1.44191e-13
 4.53882e-12
 9.44857e-11
 3.29690e-09
 5.02446e-08
 4.70487e-07
 3.50645e-06
 2.15576e-05
 1.11315e-04
 4.89165e-04
 1.84834e-03
 6.05444e-03
 1.73037e-02
 4.33700e-02
 9.57112e-02
 1.84685e-01
 3.17126e-01
 4.66798e-01
 5.93750e-01
 6.78334e-01
 7.22526e-01
 7.40699e-01
part
         2
hexa8
 1.45496e-15
 1.36911e-14
 5.99901e-14
 1.65708e-13
 3.26383e-13
 4.97811e-13
 6.22612e-13
 6.52624e-13
 5.76443e-13
 4.27171e-13
 2.74244e-13
 1.47531e-13
 6.51600e-14
 2.29018e-14
 6.10852e-15
 1.14947e-15
 1.35987e-16
 8.41092e-18
 2.08585e-19
 1.47718e-21
 1.94263e-24
 2.58912e-28
 1.18374e-33
 1.39034e-41
 5.95285e-57
 3.46114e-12
 1.55824e-11
 4.39804e-11
 8.94020e-11
 1.39360e-10
 1.80329e-10
 2.01304e-10
 1.91136e-10
 1.56915e-10
 1.12264e-10
 7.05779e-11
 3.79316e-11
 1.70819e-11
 6.25385e-12
 1.77874e-12
 3.66629e-13
 4.90386e-14
 3.55441e-15
 1.06575e-16
 9.41411e-19
 1.59464e-21
 2.86385e-25
 1.90906e-30
 3.86877e-38
 5.12001e-53
 9.80591e-10
 5.50586e-09
 1.84918e-08
 3.36357e-08
 4.69314e-08
 5.56888e-08
 5.85980e-08
 5.06497e-08
 3.91783e-08
 2.63806e-08
 1.49480e-08
 6.51185e-09
 1.15811e-09
 4.42129e-10
 1.33702e-10
 2.99868e-11
 4.49182e-12
 3.77714e-13
 1.35716e-14
 1.48497e-16
 3.22435e-19
 7.77678e-23
 7.54165e-28
 2.63365e-35
 1.07669e-49
 2.91399e-07
 6.62239e-07
 1.14438e-06
 1.60314e-06
 1.95720e-06
 2.12897e-06
 2.10729e-06
 1.75358e-06
 1.33976e-06
 9.29192e-07
 5.71100e-07
 3.06333e-07
 1.40030e-07
 5.23319e-08
 1.44864e-08
 1.11712e-09
 1.85941e-10
 1.79724e-11
 7.67416e-13
 1.03281e-14
 2.86067e-17
 9.23465e-21
 1.29989e-25
 7.81232e-33
 9.86030e-47
 1.06184e-05
 1.93324e-05
 2.80517e-05
 3.56110e-05
 4.05857e-05
 4.24073e-05
 3.88135e-05
 3.23801e-05
 2.42728e-05
 1.68030e-05
 1.04147e-05
 5.70328e-06
 2.70662e-06
 1.08213e-06
 3.49221e-07
 8.45072e-08
 1.30008e-08
 4.84935e-10
 2.44254e-11
 4.01538e-13
 1.41186e-15
 6.07972e-19
 1.23944e-23
 1.28039e-30
 4.98628e-44
 2.00253e-04
 3.05155e-04
 4.01170e-04
 4.75228e-04
 5.15511e-04
 5.22744e-04
 4.53282e-04
 3.81407e-04
 2.83265e-04
 1.96766e-04
 1.23463e-04
 6.90624e-05
 3.38068e-05
 1.40984e-05
 4.81888e-06
 1.27276e-06
 2.35975e-07
 2.55014e-08
 4.98391e-10
 9.94172e-12
 4.41684e-14
 2.52895e-17
 7.45109e-22
 1.32151e-28
 1.58709e-41
 2.23511e-03
 3.03387e-03
 3.72489e-03
 4.19825e-03
 4.40440e-03
 4.32856e-03
 3.69609e-03
 3.08606e-03
 2.30516e-03
 1.61514e-03
 1.03041e-03
 5.90573e-04
 2.98761e-04
 1.29991e-04
 4.68962e-05
 1.32669e-05
 2.69575e-06
 3.39539e-07
 1.99795e-08
 1.70263e-10
 9.51543e-13
 7.22227e-16
 3.06930e-20
 9.33617e-27
 3.45615e-39
 1.62597e-02
 2.05751e-02
 2.40331e-02
 2.61674e-02
 2.69167e-02
 2.54697e-02
 2.20153e-02
 1.81783e-02
 1.37812e-02
 9.77873e-03
 6.36913e-03
 3.75161e-03
 1.96563e-03
 8.93533e-04
 3.40417e-04
 1.03012e-04
 2.27779e-05
 3.20630e-06
 2.28562e-07
 4.03425e-09
 1.49511e-11
 1.50011e-14
 9.17927e-19
 4.78428e-25
 5.45730e-37
 8.32582e-02
 9.96590e-02
 1.11693e-01
 1.18269e-01
 1.19905e-01
 1.11386e-01
 9.88927e-02
 8.12014e-02
 6.28223e-02
 4.52346e-02
 3.01878e-02
 1.83459e-02
 9.97495e-03
 4.74583e-03
 1.91182e-03
 6.18983e-04
 1.48777e-04
 2.32645e-05
 1.90723e-06
 5.89263e-08
 1.78709e-10
 2.36435e-13
 2.07994e-17
 1.85616e-23
 6.52234e-35
 3.00252e-01
 3.40595e-01
 3.66891e-01
 3.79074e-01
 3.80257e-01
 3.55717e-01
 3.26516e-01
 2.76284e-01
 2.21248e-01
 1.63358e-01
 1.12278e-01
 7.10012e-02
 4.00588e-02
 1.99951e-02
 8.53251e-03
 2.95867e-03
 7.73192e-04
 1.34159e-04
 1.25483e-05
 4.63628e-07
 2.36296e-09
 2.92142e-12
 3.68998e-16
 5.63509e-22
 6.09912e-33
 6.05978e-01
 6.28272e-01
 6.37805e-01
 6.39862e-01
 6.32717e-01
 6.15434e-01
 5.94242e-01
 5.56048e-01
 5.04925e-01
 4.27261e-01
 3.24658e-01
 2.19706e-01
 1.29563e-01
 6.81724e-02
 3.08864e-02
 1.14900e-02
 3.26794e-03
 6.29411e-04
 6.69724e-05
 2.92262e-06
 3.47851e-08
 2.90398e-11
 5.26099e-15
 1.37436e-20
 4.58203e-31
 7.45198e-01
 7.42388e-01
 7.33062e-01
 7.23630e-01
 7.15596e-01
 7.08017e-01
 6.99434e-01
 6.88315e-01
 6.70849e-01
 6.36056e-01
 5.78759e-01
 4.79229e-01
 3.34515e-01
 1.89391e-01
 9.21946e-02
 3.68688e-02
 1.14291e-02
 2.44722e-03
 2.95821e-04
 1.51855e-05
 2.29310e-07
 2.37161e-10
 6.15780e-14
 2.75135e-19
 2.82604e-29
part
         3
hexa8
 2.29147e-19
 9.95899e-17
 1.12644e-14
 5.88629e-13
 1.79466e-11
 3.62241e-10
 1.55849e-08
 1.91281e-07
 1.72203e-06
 1.24718e-05
 7.44835e-05
 3.72809e-04
 1.58314e-03
 5.75711e-03
 1.80541e-02
 4.90784e-02
 1.15871e-01
 2.34779e-01
 4.14550e-01
 5.85584e-01
 7.03560e-01
 7.62361e-01
 7.85539e-01
 7.90031e-01
 7.78578e-01
 7.49828e-19
 3.20202e-16
 3.55418e-14
 1.82114e-12
 5.44076e-11
 2.12169e-09
 4.93289e-08
 5.63444e-07
 4.95496e-06
 3.50984e-05
 2.04607e-04
 9.96787e-04
 4.10465e-03
 1.44052e-02
 4.33192e-02
 1.11928e-01
 2.44671e-01
 4.54793e-01
 6.44014e-01
 7.53097e-01
 7.96406e-01
 8.04106e-01
 7.85462e-01
 7.26049e-01
 6.41334e-01
 1.85656e-18
 7.94711e-16
 8.79727e-14
 4.47890e-12
 1.32573e-10
 6.96566e-09
 1.21737e-07
 1.35561e-06
 1.17404e-05
 8.17715e-05
 4.67440e-04
 2.22578e-03
 8.92459e-03
 3.03631e-02
 8.80091e-02
 2.12946e-01
 4.36924e-01
 6.50132e-01
 7.63133e-01
 7.98348e-01
 7.95544e-01
 7.41271e-01
 6.18309e-01
 4.77243e-01
 3.63537e-01
 3.59113e-18
 1.57157e-15
 1.76208e-13
 9.02603e-12
 2.67444e-10
 1.57813e-08
 2.48887e-07
 2.74394e-06
 2.35477e-05
 1.62079e-04
 9.12725e-04
 4.26630e-03
 1.67312e-02
 5.55331e-02
 1.54700e-01
 3.59557e-01
 6.07104e-01
 7.47759e-01
 7.92387e-01
 7.89307e-01
 7.18998e-01
 5.47609e-01
 3.75573e-01
 2.50431e-01
 1.71077e-01
 5.54982e-18
 2.52929e-15
 2.91693e-13
 1.52226e-11
 4.56169e-10
 2.83360e-08
 4.33459e-07
 4.77194e-06
 4.08108e-05
 2.79036e-04
 1.55576e-03
 7.17496e-03
 2.76579e-02
 8.98611e-02
 2.43034e-01
 5.07632e-01
 7.02936e-01
 7.80322e-01
 7.88241e-01
 7.29885e-01
 5.43993e-01
 3.40690e-01
 2.04353e-01
 1.20573e-01
 7.24284e-02
 7.15995e-18
 3.48023e-15
 4.17022e-13
 2.23277e-11
 6.81416e-10
 4.36586e-08
 6.60632e-07
 7.25885e-06
 6.20315e-05
 4.23556e-04
 2.35050e-03
 1.07556e-02
 4.10028e-02
 1.31050e-01
 3.43905e-01
 6.07832e-01
 7.47456e-01
 7.83813e-01
 7.60852e-01
 6.07194e-01
 3.69648e-01
 2.08400e-01
 1.09878e-01
 5.60212e-02
 2.89824e-02
 7.17016e-18
 3.84589e-15
 4.97982e-13
 2.78934e-11
 8.62919e-10
 5.64864e-08
 8.62420e-07
 9.67294e-06
 8.36844e-05
 5.75027e-04
 3.19682e-03
 1.45851e-02
 5.51546e-02
 1.72621e-01
 4.30729e-01
 6.65346e-01
 7.65584e-01
 7.79836e-01
 7.07742e-01
 4.69626e-01
 2.60223e-01
 1.32261e-01
 6.10312e-02
 2.70106e-02
 1.18867e-02
 5.61276e-18
 3.36388e-15
 4.72532e-13
 2.86786e-11
 9.74585e-10
 6.72603e-08
 1.07568e-06
 1.23240e-05
 1.06681e-04
 7.26495e-04
 4.00439e-03
 1.81759e-02
 6.88312e-02
 2.16344e-01
 4.96181e-01
 6.97187e-01
 7.67949e-01
 7.68195e-01
 6.36775e-01
 3.74718e-01
 1.96560e-01
 9.00971e-02
 3.75521e-02
 1.45773e-02
 5.43845e-03
 3.43958e-18
 2.43160e-15
 3.84467e-13
 2.53345e-11
 9.02353e-10
 6.36961e-08
 1.05185e-06
 1.24452e-05
 1.13050e-04
 8.04938e-04
 4.58871e-03
 2.12666e-02
 8.08861e-02
 2.49904e-01
 5.26895e-01
 7.06298e-01
 7.68054e-01
 7.53481e-01
 5.75463e-01
 3.23642e-01
 1.62553e-01
 6.92551e-02
 2.66846e-02
 9.27586e-03
 2.95994e-03
 1.53431e-18
 1.36208e-15
 2.56679e-13
 1.89175e-11
 7.28901e-10
 5.32505e-08
 9.27479e-07
 1.14093e-05
 1.06117e-04
 7.70203e-04
 4.45707e-03
 2.08838e-02
 7.99546e-02
 2.49208e-01
 5.26408e-01
 7.06061e-01
 7.65956e-01
 7.43280e-01
 5.47535e-01
 3.05659e-01
 1.49567e-01
 6.15351e-02
 2.23894e-02
 7.04434e-03
 1.92673e-03
 4.45175e-19
 5.30767e-16
 1.25939e-13
 1.13196e-11
 4.98362e-10
 3.80225e-08
 7.15449e-07
 9.27197e-06
 8.96717e-05
 6.71483e-04
 3.98452e-03
 1.90373e-02
 7.38732e-02
 2.33439e-01
 5.10334e-01
 6.96074e-01
 7.61056e-01
 7.43037e-01
 5.56950e-01
 3.16296e-01
 1.53200e-01
 6.17170e-02
 2.16203e-02
 6.21669e-03
 1.41635e-03
 7.55117e-20
 1.37643e-16
 4.40047e-14
 4.93133e-12
 2.60968e-10
 2.14622e-08
 4.67892e-07
 6.56857e-06
 6.70580e-05
 5.24048e-04
 3.21955e-03
 1.58218e-02
 6.27872e-02
 2.02280e-01
 4.71295e-01
 6.75193e-01
 7.52476e-01
 7.47267e-01
 5.90606e-01
 3.48068e-01
 1.73033e-01
 7.06444e-02
 2.40833e-02
 6.18649e-03
 1.09724e-03
part
         4
hexa8
 7.47150e-01
 7.20726e-01
 6.98655e-01
 6.83606e-01
 6.77155e-01
 6.78140e-01
 6.87673e-01
 6.96099e-01
 7.01917e-01
 6.99221e-01
 6.86590e-01
 6.51906e-01
 5.71788e-01
 4.18155e-01
 2.29051e-01
 9.95539e-02
 3.36992e-02
 8.03822e-03
 1.10325e-03
 6.64455e-05
 1.23351e-06
 1.85235e-09
 6.03470e-13
 4.60858e-18
 1.45773e-27
 5.60514e-01
 4.94795e-01
 4.48910e-01
 4.24199e-01
 4.16659e-01
 4.35381e-01
 4.82309e-01
 5.39158e-01
 6.06886e-01
 6.62318e-01
 6.90805e-01
 6.99667e-01
 6.81907e-01
 6.14228e-01
 4.48094e-01
 2.25199e-01
 8.40146e-02
 2.23645e-02
 3.49022e-03
 2.46407e-04
 5.61110e-06
 2.46327e-08
 5.00483e-12
 6.54032e-17
 6.38010e-26
 2.83250e-01
 2.33864e-01
 2.03917e-01
 1.88791e-01
 1.84321e-01
 1.95496e-01
 2.24156e-01
 2.66418e-01
 3.40655e-01
 4.45962e-01
 5.65428e-01
 6.58636e-01
 6.97259e-01
 6.89716e-01
 6.22669e-01
 4.22764e-01
 1.80469e-01
 5.37243e-02
 9.55247e-03
 7.88814e-04
 2.19689e-05
 1.34239e-07
 3.56687e-11
 7.97857e-16
 2.40200e-24
 1.22109e-01
 9.35079e-02
 7.71104e-02
 6.91247e-02
 6.67113e-02
 7.14323e-02
 8.60364e-02
 1.07649e-01
 1.49234e-01
 2.12882e-01
 3.16636e-01
 4.70673e-01
 6.22175e-01
 6.92264e-01
 6.89521e-01
 5.92176e-01
 3.35969e-01
 1.12375e-01
 2.28670e-02
 2.20185e-03
 7.48000e-05
 5.97945e-07
 2.20822e-10
 8.46041e-15
 7.86831e-23
 4.58753e-02
 3.20957e-02
 2.47946e-02
 2.13746e-02
 2.03077e-02
 2.17571e-02
 2.75335e-02
 3.63646e-02
 5.43754e-02
 8.61925e-02
 1.45215e-01
 2.47889e-01
 4.17163e-01
 6.06446e-01
 6.94030e-01
 6.76770e-01
 5.03590e-01
 2.06823e-01
 4.85123e-02
 5.41573e-03
 2.23713e-04
 2.32398e-06
 1.19900e-09
 7.87476e-14
 2.26516e-21
 1.59759e-02
 9.96561e-03
 7.04207e-03
 5.73407e-03
 5.31180e-03
 5.60674e-03
 7.46927e-03
 1.05073e-02
 1.70432e-02
 3.00526e-02
 5.70004e-02
 1.13188e-01
 2.24429e-01
 4.18148e-01
 6.21237e-01
 6.96097e-01
 6.23370e-01
 3.36445e-01
 9.24127e-02
 1.18566e-02
 5.93092e-04
 7.98716e-06
 1.33617e-08
 6.48857e-13
 5.78132e-20
 5.53196e-03
 2.95733e-03
 1.83594e-03
 1.36755e-03
 1.21277e-03
 1.24032e-03
 1.71989e-03
 2.61089e-03
 4.63085e-03
 9.18696e-03
 1.98781e-02
 4.55127e-02
 1.06697e-01
 2.42437e-01
 4.71641e-01
 6.58837e-01
 6.78889e-01
 4.63194e-01
 1.59820e-01
 2.33431e-02
 1.40577e-03
 2.44683e-05
 7.05267e-08
 4.76770e-12
 1.31820e-18
 2.08251e-03
 9.08434e-04
 4.66553e-04
 3.00927e-04
 2.46166e-04
 2.40943e-04
 3.36376e-04
 5.58274e-04
 1.09583e-03
 2.48210e-03
 6.23191e-03
 1.67180e-02
 4.60080e-02
 1.24410e-01
 3.08182e-01
 5.65427e-01
 6.92437e-01
 5.62822e-01
 2.50270e-01
 4.17919e-02
 3.00407e-03
 6.72842e-05
 2.84371e-07
 3.14361e-11
 2.70290e-17
 9.20035e-04
 3.14140e-04
 1.26046e-04
 6.57534e-05
 4.63683e-05
 4.23851e-05
 5.63415e-05
 1.02561e-04
 2.26389e-04
 5.96632e-04
 1.77539e-03
 5.69190e-03
 1.87442e-02
 6.03716e-02
 1.80318e-01
 4.35438e-01
 6.55722e-01
 6.21086e-01
 3.39103e-01
 6.89089e-02
 5.83783e-03
 1.67205e-04
 1.01056e-06
 1.86962e-10
 5.01179e-16
 4.78945e-04
 1.28121e-04
 4.23790e-05
 1.82012e-05
 1.01547e-05
 7.70975e-06
 8.54643e-06
 1.62629e-05
 4.10050e-05
 1.28813e-04
 4.66559e-04
 1.82955e-03
 7.33053e-03
 2.84012e-02
 1.01115e-01
 3.07494e-01
 5.70531e-01
 6.46584e-01
 4.16160e-01
 1.06107e-01
 1.04114e-02
 3.77981e-04
 3.24306e-06
 1.00705e-09
 8.44181e-15
 2.71521e-04
 7.02946e-05
 2.64675e-05
 1.17901e-05
 5.61425e-06
 2.90252e-06
 1.91237e-06
 2.46050e-06
 6.66320e-06
 2.55448e-05
 1.16297e-04
 5.72381e-04
 2.83875e-03
 1.33461e-02
 5.62468e-02
 2.01715e-01
 4.80559e-01
 6.46897e-01
 4.73723e-01
 1.54140e-01
 1.72047e-02
 7.82471e-04
 9.46839e-06
 1.06375e-08
 1.29606e-13
 1.70968e-04
 6.92903e-05
 3.87420e-05
 2.09680e-05
 9.68820e-06
 3.80243e-06
 1.45737e-06
 7.84695e-07
 1.14830e-06
 4.96629e-06
 2.92051e-05
 1.84094e-04
 1.13724e-03
 6.46490e-03
 3.20167e-02
 1.31508e-01
 3.89709e-01
 6.06379e-01
 5.10611e-01
 2.03658e-01
 2.65655e-02
 1.49342e-03
 2.52651e-05
 6.59693e-08
 1.81748e-12
part
         5
hexa8
 5.58256e-21
 2.08170e-17
 1.01311e-14
 1.52200e-12
 1.00414e-10
 7.75818e-09
 2.30620e-07
 3.66398e-06
 4.14924e-05
 3.50254e-04
 2.28175e-03
 1.17237e-02
 4.81255e-02
 1.59234e-01
 4.03915e-01
 6.30356e-01
 7.35333e-01
 7.49324e-01
 6.38706e-01
 4.00820e-01
 2.09408e-01
 8.93923e-02
 3.06157e-02
 7.34877e-03
 9.71212e-04
 1.90623e-22
 2.17706e-18
 1.79326e-15
 3.79640e-13
 3.21135e-11
 1.43114e-09
 9.68524e-08
 1.73095e-06
 2.15398e-05
 1.96373e-04
 1.36825e-03
 7.47429e-03
 3.24979e-02
 1.12687e-01
 3.13934e-01
 5.52899e-01
 6.88506e-01
 7.24760e-01
 6.58989e-01
 4.67848e-01
 2.65136e-01
 1.25457e-01
 4.68482e-02
 1.35781e-02
 3.37366e-03
 6.17784e-24
 2.16526e-19
 3.01267e-16
 8.95800e-14
 9.67985e-12
 5.01915e-10
 3.75140e-08
 7.63390e-07
 1.03675e-05
 1.01567e-04
 7.49647e-04
 4.28887e-03
 1.94268e-02
 7.04668e-02
 2.08813e-01
 4.38949e-01
 6.09100e-01
 6.70355e-01
 6.43233e-01
 5.11573e-01
 3.28698e-01
 1.81972e-01
 8.29992e-02
 3.17263e-02
 1.23956e-02
 1.91113e-25
 2.04937e-20
 4.80038e-17
 1.99731e-14
 2.74614e-12
 1.70320e-10
 1.27982e-08
 3.13294e-07
 4.62402e-06
 4.83945e-05
 3.76291e-04
 2.24584e-03
 1.05229e-02
 3.93850e-02
 1.20354e-01
 2.91686e-01
 4.84387e-01
 5.82203e-01
 5.85518e-01
 5.05137e-01
 3.72707e-01
 2.34045e-01
 1.35149e-01
 6.49205e-02
 2.98582e-02
 5.60865e-27
 1.83544e-21
 7.21743e-18
 4.18869e-15
 7.30246e-13
 5.39704e-11
 3.24463e-09
 1.18974e-07
 1.90657e-06
 2.11945e-05
 1.72698e-04
 1.06963e-03
 5.15970e-03
 1.97812e-02
 6.14609e-02
 1.57484e-01
 3.09239e-01
 4.48892e-01
 4.79447e-01
 4.49560e-01
 3.61930e-01
 2.52341e-01
 1.62395e-01
 9.30470e-02
 4.60742e-02
 1.55154e-28
 1.54616e-22
 1.01825e-18
 8.22074e-16
 1.81189e-13
 1.59073e-11
 6.97063e-10
 4.15882e-08
 7.24318e-07
 8.51275e-06
 7.23320e-05
 4.62462e-04
 2.28613e-03
 8.93200e-03
 2.81329e-02
 7.32760e-02
 1.53399e-01
 2.66126e-01
 3.26308e-01
 3.32466e-01
 2.94863e-01
 2.29365e-01
 1.55970e-01
 9.58502e-02
 4.98716e-02
 4.01825e-30
 1.21715e-23
 1.33984e-19
 1.50146e-16
 4.17340e-14
 4.34137e-12
 2.16157e-10
 1.30377e-08
 2.52219e-07
 3.12774e-06
 2.75930e-05
 1.81272e-04
 9.14338e-04
 3.62612e-03
 1.15460e-02
 3.02805e-02
 6.47890e-02
 1.15984e-01
 1.69431e-01
 1.89793e-01
 1.81464e-01
 1.56194e-01
 1.16629e-01
 7.42318e-02
 3.91516e-02
 9.67158e-32
 8.89119e-25
 1.63340e-20
 2.53630e-17
 8.87298e-15
 1.09145e-12
 6.15570e-11
 3.10457e-09
 7.99185e-08
 1.04805e-06
 9.56517e-06
 6.43212e-05
 3.29796e-04
 1.32320e-03
 4.24792e-03
 1.11771e-02
 2.41901e-02
 4.36091e-02
 6.84680e-02
 8.43741e-02
 8.36411e-02
 7.32082e-02
 5.70961e-02
 3.76520e-02
 2.03255e-02
 2.14645e-33
 5.98134e-26
 1.83159e-21
 3.93555e-18
 1.73024e-15
 2.51301e-13
 1.60159e-11
 5.33869e-10
 2.30034e-08
 3.18875e-07
 3.00415e-06
 2.06181e-05
 1.07136e-04
 4.33661e-04
 1.40031e-03
 3.69075e-03
 8.03114e-03
 1.45730e-02
 2.33408e-02
 3.06583e-02
 3.16161e-02
 2.82187e-02
 2.23146e-02
 1.51389e-02
 8.54989e-03
 4.35518e-35
 3.67508e-27
 1.87413e-22
 5.56740e-19
 3.07270e-16
 5.26419e-14
 3.78473e-12
 1.37922e-10
 5.67179e-09
 8.72873e-08
 8.51548e-07
 5.95335e-06
 3.12774e-05
 1.27443e-04
 4.13088e-04
 1.08952e-03
 2.37516e-03
 4.32585e-03
 6.84860e-03
 9.55213e-03
 1.02247e-02
 9.30496e-03
 7.49753e-03
 5.21293e-03
 3.01470e-03
 8.00436e-37
 2.04379e-28
 1.73465e-23
 7.12039e-20
 4.93033e-17
 9.95842e-15
 8.06886e-13
 3.20996e-11
 7.21467e-10
 2.13025e-08
 2.16743e-07
 1.54223e-06
 8.17972e-06
 3.34939e-05
 1.08804e-04
 2.86922e-04
 6.25286e-04
 1.14005e-03
 1.78300e-03
 2.55535e-03
 2.82336e-03
 2.61276e-03
 2.13769e-03
 1.51199e-03
 8.83246e-04
 1.31907e-38
 1.01856e-29
 1.43831e-24
 8.15656e-21
 7.08449e-18
 1.68700e-15
 1.53998e-13
 6.68206e-12
 1.59683e-10
 4.36601e-09
 4.88628e-08
 3.56391e-07
 1.90759e-06
 7.84082e-06
 2.54960e-05
 6.71673e-05
 1.46125e-04
 2.66157e-04
 4.13249e-04
 5.92953e-04
 6.71863e-04
 6.27773e-04
 5.18335e-04
 3.70017e-04
 2.16251e-04
 1.92730e-40
 4.49930e-31
 1.05712e-25
 8.28504e-22
 9.03117e-19
 2.53720e-16
 2.61094e-14
 1.23566e-12
 3.13968e-11
 4.82212e-10
 9.58440e-09
 7.29104e-08
 3.94949e-07
 1.62941e-06
 5.29935e-06
 1.39355e-05
 3.02304e-05
 5.49103e-05
 8.47641e-05
 1.20440e-04
 1.38485e-04
 1.29810e-04
 1.07419e-04
 7.67375e-05
 4.44597e-05
part
         6
hexa8
 2.17262e-04
 1.89822e-04
 1.29471e-04
 6.97532e-05
 3.05793e-05
 1.10171e-05
 3.22784e-06
 8.50789e-07
 4.51820e-07
 1.19391e-06
 8.53741e-06
 6.79908e-05
 5.10440e-04
 3.41148e-03
 1.93577e-02
 8.90082e-02
 3.06061e-01
 5.55336e-01
 5.30238e-01
 2.49032e-01
 3.83968e-02
 2.65310e-03
 6.20633e-05
 2.89351e-07
 2.33170e-11
 1.32938e-03
 8.14334e-04
 4.59089e-04
 2.15875e-04
 8.57894e-05
 2.91461e-05
 8.45211e-06
 2.01708e-06
 4.60039e-07
 5.17324e-07
 3.36685e-06
 3.15277e-05
 2.70855e-04
 2.02258e-03
 1.26350e-02
 6.32606e-02
 2.37535e-01
 5.05323e-01
 5.31478e-01
 2.85546e-01
 5.09040e-02
 4.36017e-03
 1.39571e-04
 1.11222e-06
 2.71823e-10
 5.73627e-03
 2.86208e-03
 1.32950e-03
 5.44572e-04
 1.93818e-04
 6.01517e-05
 1.64877e-05
 3.97737e-06
 8.09413e-07
 3.90394e-07
 1.75744e-06
 1.78191e-05
 1.66449e-04
 1.33377e-03
 8.88604e-03
 4.72906e-02
 1.89031e-01
 4.53703e-01
 5.04906e-01
 3.08989e-01
 6.36558e-02
 6.19625e-03
 2.61828e-04
 3.16537e-06
 1.58847e-09
 1.38117e-02
 6.15346e-03
 2.51370e-03
 9.24435e-04
 3.04888e-04
 9.02144e-05
 2.39745e-05
 5.69842e-06
 1.16419e-06
 3.60755e-07
 1.08074e-06
 1.12746e-05
 1.12051e-04
 9.46795e-04
 6.62539e-03
 3.69576e-02
 1.54797e-01
 4.04962e-01
 4.74997e-01
 3.22295e-01
 7.50467e-02
 7.93073e-03
 3.93902e-04
 6.39344e-06
 1.15746e-08
 2.10881e-02
 8.90901e-03
 3.43875e-03
 1.20693e-03
 3.84096e-04
 1.10664e-04
 2.88468e-05
 6.78242e-06
 1.38317e-06
 3.48379e-07
 7.61964e-07
 7.94212e-06
 8.23652e-05
 7.22338e-04
 5.23401e-03
 3.02027e-02
 1.30625e-01
 3.61338e-01
 4.45849e-01
 3.24964e-01
 8.33614e-02
 9.38302e-03
 5.21528e-04
 1.04307e-05
 3.27786e-08
 2.32405e-02
 9.80816e-03
 3.74506e-03
 1.29475e-03
 4.05704e-04
 1.15320e-04
 2.97460e-05
 6.94896e-06
 1.41682e-06
 3.17490e-07
 5.92107e-07
 6.19232e-06
 6.58749e-05
 5.90921e-04
 4.37385e-03
 2.57704e-02
 1.13528e-01
 3.24037e-01
 4.14776e-01
 3.11887e-01
 8.80482e-02
 1.04010e-02
 6.26590e-04
 1.43976e-05
 6.08739e-08
 1.76760e-02
 7.20794e-03
 2.66572e-03
 9.00280e-04
 2.78018e-04
 7.83855e-05
 2.01535e-05
 4.71006e-06
 9.60605e-07
 2.34389e-07
 4.92799e-07
 5.30834e-06
 5.70532e-05
 5.16426e-04
 3.85430e-03
 2.28819e-02
 1.01488e-01
 2.93076e-01
 3.80562e-01
 2.90638e-01
 8.79598e-02
 1.09542e-02
 6.96054e-04
 1.76563e-05
 9.03903e-08
 9.43790e-03
 3.99135e-03
 1.52656e-03
 5.29057e-04
 1.66504e-04
 4.76577e-05
 1.24190e-05
 2.93728e-06
 6.01830e-07
 1.66417e-07
 4.43398e-07
 4.94360e-06
 5.30176e-05
 4.78537e-04
 3.55916e-03
 2.10345e-02
 9.30392e-02
 2.67630e-01
 3.47083e-01
 2.67479e-01
 8.23521e-02
 1.07069e-02
 7.26674e-04
 1.96837e-05
 1.15139e-07
 4.11744e-03
 1.79102e-03
 7.01612e-04
 2.48471e-04
 7.97889e-05
 2.32788e-05
 6.18001e-06
 1.48408e-06
 3.05141e-07
 1.12329e-07
 4.29285e-07
 5.01537e-06
 5.30969e-05
 4.73239e-04
 3.47485e-03
 2.02276e-02
 8.73586e-02
 2.46613e-01
 3.15531e-01
 2.42572e-01
 7.54512e-02
 9.83505e-03
 6.89237e-04
 2.01883e-05
 1.29949e-07
 1.47317e-03
 6.51469e-04
 2.59875e-04
 9.38499e-05
 3.07592e-05
 9.16356e-06
 2.48452e-06
 6.04416e-07
 1.26284e-07
 7.93927e-08
 4.87088e-07
 5.70079e-06
 5.83708e-05
 5.01621e-04
 3.53536e-03
 1.98740e-02
 8.38281e-02
 2.29232e-01
 2.86043e-01
 2.17868e-01
 6.67539e-02
 8.79304e-03
 6.23624e-04
 1.87488e-05
 1.29675e-07
 4.33498e-04
 1.93659e-04
 7.83344e-05
 2.87623e-05
 9.60219e-06
 2.91792e-06
 8.06923e-07
 1.96216e-07
 4.74756e-08
 6.35330e-08
 6.03918e-07
 6.85604e-06
 6.64829e-05
 5.48306e-04
 3.75182e-03
 2.03462e-02
 8.23411e-02
 2.14432e-01
 2.58992e-01
 1.92351e-01
 5.62556e-02
 7.28680e-03
 5.17226e-04
 1.59670e-05
 1.15959e-07
 1.05737e-04
 4.73851e-05
 1.93258e-05
 7.18145e-06
 2.43269e-06
 7.51638e-07
 2.10227e-07
 5.00179e-08
 2.03631e-08
 7.33549e-08
 8.47125e-07
 9.03605e-06
 8.30955e-05
 6.46900e-04
 4.17172e-03
 2.13542e-02
 8.22258e-02
 2.01286e-01
 2.32714e-01
 1.65298e-01
 4.51666e-02
 5.78470e-03
 4.05801e-04
 1.24726e-05
 9.17674e-08
 2.14904e-05
 9.58581e-06
 3.91213e-06
 1.46059e-06
 4.98451e-07
 1.55232e-07
 4.25627e-08
 1.10523e-08
 1.31741e-08
 1.13917e-07
 1.28387e-06
 1.26305e-05
 1.07555e-04
 7.82429e-04
 4.73782e-03
 2.29403e-02
 8.34325e-02
 1.88883e-01
 2.05459e-01
 1.36414e-01
 3.36856e-02
 4.22808e-03
 2.92369e-04
 8.92729e-06
 6.50837e-08
part
         7
hexa8
 2.46390e-42
 1.73636e-32
 6.78006e-27
 7.33810e-23
 1.00339e-19
 3.32524e-17
 3.85748e-15
 1.99035e-13
 5.37545e-12
 8.60108e-11
 1.10638e-09
 1.25893e-08
 7.09180e-08
 2.94561e-07
 9.58578e-07
 2.51586e-06
 5.43991e-06
 9.84512e-06
 1.51171e-05
 2.12442e-05
 2.44873e-05
 2.29333e-05
 1.89163e-05
 1.34237e-05
 7.63913e-06
 2.72084e-44
 5.79515e-34
 3.76637e-28
 5.63948e-24
 9.69245e-21
 3.79736e-18
 4.97710e-16
 2.80455e-14
 8.06270e-13
 1.34550e-11
 1.43898e-10
 1.46179e-09
 1.07174e-08
 4.64551e-08
 1.52105e-07
 3.98691e-07
 8.58552e-07
 1.54540e-06
 2.35630e-06
 3.28012e-06
 3.73484e-06
 3.47781e-06
 2.84015e-06
 1.98383e-06
 1.09588e-06
 2.55178e-46
 1.64288e-35
 1.77818e-29
 3.68737e-25
 7.97725e-22
 3.70163e-19
 5.49304e-17
 3.38637e-15
 1.03792e-13
 1.80897e-12
 1.98950e-11
 1.49389e-10
 8.13173e-10
 5.82998e-09
 2.03604e-08
 5.39997e-08
 1.16274e-07
 2.08263e-07
 3.15030e-07
 4.36021e-07
 4.84261e-07
 4.46458e-07
 3.58715e-07
 2.44324e-07
 1.29269e-07
 1.99450e-48
 3.88251e-37
 7.00360e-31
 2.01400e-26
 5.49447e-23
 3.02647e-20
 5.09828e-18
 3.44707e-16
 1.12887e-14
 2.05890e-13
 2.33208e-12
 1.78261e-11
 9.79458e-11
 4.05906e-10
 1.82278e-09
 5.61067e-09
 1.27824e-08
 2.32129e-08
 3.50492e-08
 4.85554e-08
 5.20576e-08
 4.72223e-08
 3.68804e-08
 2.39965e-08
 1.10474e-08
 1.27042e-50
 7.48009e-39
 2.25090e-32
 8.99022e-28
 3.09953e-24
 2.03204e-21
 3.89804e-19
 2.89956e-17
 1.01745e-15
 1.94700e-14
 2.27606e-13
 1.77374e-12
 9.84698e-12
 4.09564e-11
 1.32619e-10
 3.44225e-10
 7.32287e-10
 1.43986e-09
 2.44021e-09
 3.58797e-09
 3.67804e-09
 3.05153e-09
 1.98681e-09
 1.27996e-09
 6.11004e-10
 6.41778e-53
 1.14352e-40
 5.74649e-34
 3.19352e-29
 1.39482e-25
 1.09168e-22
 2.39332e-20
 1.96596e-18
 7.41747e-17
 1.49405e-15
 1.80745e-14
 1.43894e-13
 8.08203e-13
 3.37610e-12
 1.09168e-11
 2.81655e-11
 5.93191e-11
 1.03717e-10
 1.52345e-10
 2.07657e-10
 2.08442e-10
 1.83774e-10
 1.37154e-10
 8.22509e-11
 3.63117e-11
 2.48585e-55
 1.34119e-42
 1.12690e-35
 8.73103e-31
 4.84411e-27
 4.54149e-24
 1.14249e-21
 1.04088e-19
 4.24009e-18
 9.02431e-17
 1.13352e-15
 9.24220e-15
 5.26084e-14
 2.20906e-13
 7.13362e-13
 1.82801e-12
 3.80518e-12
 6.54483e-12
 9.41027e-12
 1.25438e-11
 1.21252e-11
 1.02214e-11
 7.20852e-12
 3.77849e-12
 1.45791e-12
 7.06815e-58
 1.15551e-44
 1.62549e-37
 1.75959e-32
 1.24377e-28
 1.40194e-25
 4.06502e-23
 4.12770e-21
 1.82411e-19
 4.12065e-18
 5.39502e-17
 4.51885e-16
 2.61219e-15
 1.10375e-14
 3.55964e-14
 9.05053e-14
 1.85808e-13
 3.13456e-13
 4.40170e-13
 5.62134e-13
 5.23944e-13
 4.10962e-13
 3.15946e-13
 4.81346e-13
 2.23808e-12
 1.39127e-60
 6.89681e-47
 1.62667e-39
 2.46585e-34
 2.22763e-30
 3.03077e-27
 1.01776e-24
 1.15804e-22
 5.58194e-21
 1.34524e-19
 1.84420e-18
 1.59252e-17
 9.37153e-17
 3.98937e-16
 1.28480e-15
 3.23659e-15
 6.53504e-15
 1.07720e-14
 1.47401e-14
 1.99293e-14
 4.11704e-14
 1.94631e-13
 1.19322e-12
 7.25616e-12
 4.33025e-11
 1.74316e-63
 2.62230e-49
 1.03854e-41
 2.20989e-36
 2.55992e-32
 4.22146e-29
 1.65015e-26
 2.11620e-24
 1.11930e-22
 2.89450e-21
 4.17648e-20
 3.73357e-19
 2.24290e-18
 9.63145e-18
 3.09657e-17
 7.71349e-17
 1.52591e-16
 4.42858e-16
 4.38210e-15
 4.59131e-14
 3.83840e-13
 2.64020e-12
 1.61072e-11
 8.68180e-11
 4.22424e-10
 1.21904e-66
 5.56969e-52
 3.70964e-44
 1.11079e-38
 1.65555e-34
 3.32334e-31
 1.52024e-28
 2.21093e-26
 1.29161e-24
 3.60708e-23
 5.51014e-22
 5.12350e-21
 3.15204e-20
 1.36725e-19
 4.38536e-19
 1.07710e-18
 2.07674e-18
 1.59825e-15
 3.31633e-14
 3.70239e-13
 2.92707e-12
 1.88915e-11
 1.00837e-10
 4.62537e-10
 1.86639e-09
 3.75104e-70
 5.20942e-55
 5.84423e-47
 2.46863e-41
 4.75028e-37
 1.16591e-33
 6.27551e-31
 1.04167e-28
 6.76843e-27
 2.05569e-25
 3.34631e-24
 3.25380e-23
 2.05738e-22
 9.02674e-22
 2.88486e-21
 6.95778e-21
 1.29798e-20
 5.11595e-15
 1.09744e-13
 1.21281e-12
 9.19336e-12
 5.16110e-11
 2.28609e-10
 8.35935e-10
 2.60834e-09
 2.85003e-74
 1.20412e-58
 2.27885e-50
 1.36128e-44
 3.39356e-40
 1.02288e-36
 6.51413e-34
 1.24224e-31
 9.04388e-30
 3.00987e-28
 5.25873e-27
 5.37955e-26
 3.51010e-25
 1.55975e-24
 4.95663e-24
 1.16690e-23
 2.08437e-23
 3.75761e-15
 8.76024e-14
 9.66400e-13
 5.92230e-12
 2.43126e-11
 7.38439e-11
 1.94915e-10
 2.70035e-10
part
         8
hexa8
 3.62040e-06
 1.59431e-06
 6.45811e-07
 2.40102e-07
 8.15263e-08
 2.47557e-08
 6.29425e-09
 3.93510e-09
 1.82855e-08
 2.06485e-07
 2.10670e-06
 1.88587e-05
 1.47640e-04
 9.94780e-04
 5.59883e-03
 2.51674e-02
 8.47913e-02
 1.73447e-01
 1.77156e-01
 1.06413e-01
 2.34986e-02
 2.87667e-03
 1.93822e-04
 5.80331e-06
 4.03746e-08
 5.04543e-07
 2.16847e-07
 8.56803e-08
 3.10004e-08
 1.00088e-08
 2.34422e-09
 1.09784e-09
 3.57551e-09
 3.94000e-08
 4.04719e-07
 3.67139e-06
 2.95077e-05
 2.08998e-04
 1.28334e-03
 6.64547e-03
 2.72805e-02
 8.54828e-02
 1.52153e-01
 1.44128e-01
 7.47616e-02
 1.51550e-02
 1.78341e-03
 1.15983e-04
 3.36282e-06
 2.07997e-08
 5.66735e-08
 2.28300e-08
 8.01478e-09
 2.27354e-09
 7.03569e-10
 3.38986e-10
 9.22268e-10
 9.46258e-09
 9.52827e-08
 8.50989e-07
 6.77698e-06
 4.81932e-05
 3.04279e-04
 1.68012e-03
 7.76470e-03
 2.90025e-02
 8.47430e-02
 1.24030e-01
 1.06955e-01
 4.71473e-02
 8.75601e-03
 9.83585e-04
 6.11756e-05
 1.69592e-06
 7.79693e-09
 3.72221e-09
 1.38677e-09
 5.24837e-10
 1.66525e-10
 9.18234e-11
 2.92860e-10
 2.97024e-09
 2.85339e-08
 2.44258e-07
 1.87892e-06
 1.29561e-05
 8.03766e-05
 4.43855e-04
 2.12612e-03
 8.72012e-03
 2.99370e-02
 7.36072e-02
 8.65440e-02
 6.85823e-02
 2.55696e-02
 4.40602e-03
 4.68652e-04
 2.75744e-05
 7.19765e-07
 3.37301e-09
 2.47729e-10
 9.21716e-11
 2.97422e-11
 2.47813e-11
 1.25705e-10
 1.26987e-09
 1.13481e-08
 9.02271e-08
 6.49602e-07
 4.25656e-06
 2.50815e-05
 1.33556e-04
 6.16373e-04
 2.52174e-03
 9.22521e-03
 2.96181e-02
 5.17733e-02
 5.34258e-02
 3.78355e-02
 1.15884e-02
 1.86421e-03
 1.85574e-04
 1.01665e-05
 2.44489e-07
 1.14483e-09
 1.21877e-11
 5.02416e-12
 8.91288e-12
 8.04244e-11
 7.61190e-10
 6.17207e-09
 4.44407e-08
 2.89819e-07
 1.73127e-06
 9.49865e-06
 4.72662e-05
 2.02317e-04
 7.73690e-04
 2.73345e-03
 9.05580e-03
 2.11021e-02
 2.91347e-02
 2.76631e-02
 1.66567e-02
 4.13999e-03
 6.22627e-04
 5.69630e-05
 2.84640e-06
 6.08566e-08
 2.80870e-10
 1.44543e-12
 7.86401e-12
 7.88182e-11
 6.54516e-10
 4.65559e-09
 2.95332e-08
 1.70573e-07
 9.01418e-07
 4.39436e-06
 1.94245e-05
 7.58561e-05
 2.62513e-04
 8.55858e-04
 2.46745e-03
 5.62988e-03
 1.05474e-02
 1.23173e-02
 1.06580e-02
 5.12514e-03
 1.08035e-03
 1.45428e-04
 1.19085e-05
 5.28172e-07
 9.26386e-09
 4.29123e-11
 1.54357e-11
 1.19924e-10
 8.08861e-10
 4.83830e-09
 2.61095e-08
 1.28877e-07
 5.92551e-07
 2.51894e-06
 9.41059e-06
 3.11168e-05
 9.74772e-05
 2.88310e-04
 6.81695e-04
 1.30973e-03
 2.34151e-03
 3.20440e-03
 3.15503e-03
 2.32480e-03
 8.16777e-04
 1.48200e-04
 1.74753e-05
 1.24025e-06
 4.68826e-08
 7.49609e-10
 2.88011e-12
 2.40900e-10
 1.27474e-09
 6.25081e-09
 2.85440e-08
 1.19699e-07
 4.50464e-07
 1.52484e-06
 4.73919e-06
 1.40458e-05
 3.86895e-05
 8.93345e-05
 1.73833e-04
 3.24274e-04
 4.31971e-04
 4.22157e-04
 3.15101e-04
 1.21482e-04
 2.61616e-05
 4.01946e-06
 4.25842e-07
 2.95228e-08
 1.23433e-09
 2.82359e-11
 2.75606e-13
 6.46750e-16
 1.88011e-09
 7.72852e-09
 2.88678e-08
 9.82726e-08
 3.08352e-07
 9.05884e-07
 2.46505e-06
 6.02276e-06
 1.31974e-05
 2.61919e-05
 4.24477e-05
 4.64389e-05
 4.26511e-05
 2.87060e-05
 1.00985e-05
 2.39899e-06
 4.32346e-07
 5.80028e-08
 5.57315e-09
 3.81652e-10
 1.74801e-11
 4.93248e-13
 7.54987e-15
 4.95746e-17
 7.85634e-20
 6.65980e-09
 2.13811e-08
 6.20125e-08
 1.63137e-07
 3.91219e-07
 8.50791e-07
 1.64292e-06
 2.21785e-06
 2.25281e-06
 1.99309e-06
 1.29158e-06
 4.72915e-07
 1.30393e-07
 2.87948e-08
 5.01373e-09
 6.95835e-10
 7.56447e-11
 6.26179e-12
 3.83295e-13
 1.66726e-14
 4.87547e-16
 8.83628e-18
 8.72319e-20
 3.70453e-22
 3.80380e-25
 7.06180e-09
 1.67355e-08
 3.32029e-08
 4.21027e-08
 4.15997e-08
 3.49079e-08
 2.02763e-08
 7.05546e-09
 2.01403e-09
 4.88177e-10
 9.92763e-11
 1.68741e-11
 2.38152e-12
 2.76560e-13
 2.61127e-14
 1.97452e-15
 1.17306e-16
 5.34448e-18
 1.80990e-19
 4.37175e-21
 7.11743e-23
 7.19421e-25
 3.96522e-27
 9.40753e-30
 5.39827e-33
 2.33374e-10
 1.21172e-10
 3.17111e-11
 6.46249e-12
 1.07875e-12
 1.50626e-13
 1.77818e-14
 1.78470e-15
 1.52587e-16
 1.11022e-17
 6.85018e-19
 3.56342e-20
 1.55023e-21
 5.58181e-23
 1.64196e-24
 3.88311e-26
 7.23753e-28
 1.03699e-29
 1.10643e-31
 8.43178e-34
 4.33510e-36
 1.38469e-38
 2.41271e-41
 1.81002e-44
 3.28466e-48
