InternalEnergy
part
         1
hexa8
 2.50000e+00
 2.50000e+00
 2.50000e+00
 2.50000e+00
 2.50000e+00
 2.50000e+00
 2.50000e+00
 2.50000e+00
 2.50000e+00
 2.50000e+00
 2.50000e+00
 2.50000e+00
 2.50000e+00
 2.50000e+00
 2.50000e+00
 2.50000e+00
 2.50000e+00
 2.50000e+00
 2.50000e+00
 2.50000e+00
 2.50000e+00
 2.50000e+00
 2.50000e+00
 2.50000e+00
 2.50000e+00
 2.50000e+00
 2.50000e+00
 2.50000e+00
 2.50000e+00
 2.50000e+00
 2.50000e+00
 2.50000e+00
 2.50000e+00
 2.50000e+00
 2.50000e+00
 2.50000e+00
 2.50000e+00
 2.50000e+00
 2.50000e+00
 2.50000e+00
 2.50000e+00
 2.50000e+00
 2.50000e+00
 2.50000e+00
 2.50000e+00
 2.50000e+00
 2.50000e+00
 2.50000e+00
 2.50000e+00
 2.50000e+00
 2.50000e+00
 2.50000e+00
 2.50000e+00
 2.50000e+00
 2.50000e+00
 2.50000e+00
 2.50000e+00
 2.50000e+00
 2.50000e+00
 2.50000e+00
 2.50000e+00
 2.50000e+00
 2.50000e+00
 2.50000e+00
 2.50000e+00
 2.50000e+00
 2.50000e+00
 2.50000e+00
 2.50000e+00
 2.50000e+00
 2.50000e+00
 2.50000e+00
 2.50000e+00
 2.50000e+00
 2.50000e+00
 2.50000e+00
 2.50000e+00
 2.50000e+00
 2.50000e+00
 2.50000e+00
 2.50000e+00
 2.50000e+00
 2.50000e+00
 2.50000e+00
 2.50000e+00
 2.50000e+00
 2.50000e+00
 2.50000e+00
 2.50000e+00
 2.50000e+00
 2.50000e+00
 2.50000e+00
 2.50000e+00
 2.50000e+00
 2.50000e+00
 2.49998e+00
 2.49998e+00
 2.49998e+00
 2.49998e+00
 2.49998e+00
 2.49987e+00
 2.49987e+00
 2.49987e+00
 2.49987e+00
 2.49987e+00
 2.49940e+00
 2.49940e+00
 2.49940e+00
 2.49940e+00
 2.49940e+00
 2.49748e+00
 2.49747e+00
 2.49746e+00
 2.49746e+00
 2.49747e+00
 2.49061e+00
 2.49051e+00
 2.49047e+00
 2.49050e+00
 2.49058e+00
 2.47025e+00
 2.46959e+00
 2.46927e+00
 2.46949e+00
 2.47011e+00
 2.50000e+00
 2.50000e+00
 2.50000e+00
 2.50000e+00
 2.50000e+00
 2.50000e+00
 2.50000e+00
 2.50000e+00
 2.50000e+00
 2.50000e+00
 2.50000e+00
 2.50000e+00
 2.50000e+00
 2.50000e+00
 2.50000e+00
 2.50000e+00
 2.50000e+00
 2.50000e+00
 2.50000e+00
 2.50000e+00
 2.50000e+00
 2.50000e+00
 2.50000e+00
 2.50000e+00
 2.50000e+00
 2.50000e+00
 2.50000e+00
 2.50000e+00
 2.50000e+00
 2.50000e+00
 2.50000e+00
 2.50000e+00
 2.50000e+00
 2.50000e+00
 2.50000e+00
 2.50000e+00
 2.50000e+00
 2.50000e+00
 2.50000e+00
 2.50000e+00
 2.50000e+00
 2.50000e+00
 2.50000e+00
 2.50000e+00
 2.50000e+00
 2.50000e+00
 2.50000e+00
 2.50000e+00
 2.50000e+00
 2.50000e+00
 2.50000e+00
 2.50000e+00
 2.50000e+00
 2.50000e+00
 2.50000e+00
 2.50000e+00
 2.50000e+00
 2.50000e+00
 2.50000e+00
 2.50000e+00
 2.50000e+00
 2.50000e+00
 2.50000e+00
 2.50000e+00
 2.50000e+00
 2.50000e+00
 2.50000e+00
 2.50000e+00
 2.50000e+00
 2.50000e+00
 2.50000e+00
 2.50000e+00
 2.50000e+00
 2.50000e+00
 2.50000e+00
 2.50000e+00
 2.50000e+00
 2.50000e+00
 2.50000e+00
 2.50000e+00
 2.50000e+00
 2.50000e+00
 2.50000e+00
 2.50000e+00
 2.50000e+00
 2.50000e+00
 2.50000e+00
 2.50000e+00
 2.50000e+00
 2.50000e+00
 2.50000e+00
 2.50000e+00
 2.50000e+00
 2.50000e+00
 2.50000e+00
 2.49998e+00
 2.49998e+00
 2.49998e+00
 2.49998e+00
 2.49998e+00
 2.49987e+00
 2.49987e+00
 2.49987e+00
 2.49987e+00
 2.49987e+00
 2.49940e+00
 2.49940e+00
 2.49940e+00
 2.49940e+00
 2.49940e+00
 2.49747e+00
 2.49746e+00
 2.49745e+00
 2.49745e+00
 2.49746e+00
 2.49051e+00
 2.49040e+00
 2.49035e+00
 2.49038e+00
 2.49048e+00
 2.46957e+00
 2.46875e+00
 2.46839e+00
 2.46864e+00
 2.46942e+00
 2.50000e+00
 2.50000e+00
 2.50000e+00
 2.50000e+00
 2.50000e+00
 2.50000e+00
 2.50000e+00
 2.50000e+00
 2.50000e+00
 2.50000e+00
 2.50000e+00
 2.50000e+00
 2.50000e+00
 2.50000e+00
 2.50000e+00
 2.50000e+00
 2.50000e+00
 2.50000e+00
 2.50000e+00
 2.50000e+00
 2.50000e+00
 2.50000e+00
 2.50000e+00
 2.50000e+00
 2.50000e+00
 2.50000e+00
 2.50000e+00
 2.50000e+00
 2.50000e+00
 2.50000e+00
 2.50000e+00
 2.50000e+00
 2.50000e+00
 2.50000e+00
 2.50000e+00
 2.50000e+00
 2.50000e+00
 2.50000e+00
 2.50000e+00
 2.50000e+00
 2.50000e+00
 2.50000e+00
 2.50000e+00
 2.50000e+00
 2.50000e+00
 2.50000e+00
 2.50000e+00
 2.50000e+00
 2.50000e+00
 2.50000e+00
 2.50000e+00
 2.50000e+00
 2.50000e+00
 2.50000e+00
 2.50000e+00
 2.50000e+00
 2.50000e+00
 2.50000e+00
 2.50000e+00
 2.50000e+00
 2.50000e+00
 2.50000e+00
 2.50000e+00
 2.50000e+00
 2.50000e+00
 2.50000e+00
 2.50000e+00
 2.50000e+00
 2.50000e+00
 2.50000e+00
 2.50000e+00
 2.50000e+00
 2.50000e+00
 2.50000e+00
 2.50000e+00
 2.50000e+00
 2.50000e+00
 2.50000e+00
 2.50000e+00
 2.50000e+00
 2.50000e+00
 2.50000e+00
 2.50000e+00
 2.50000e+00
 2.50000e+00
 2.50000e+00
 2.50000e+00
 2.50000e+00
 2.50000e+00
 2.50000e+00
 2.50000e+00
 2.50000e+00
 2.50000e+00
 2.50000e+00
 2.50000e+00
 2.49998e+00
 2.49998e+00
 2.49998e+00
 2.49998e+00
 2.49998e+00
 2.49987e+00
 2.49987e+00
 2.49987e+00
 2.49987e+00
 2.49987e+00
 2.49940e+00
 2.49940e+00
 2.49940e+00
 2.49940e+00
 2.49940e+00
 2.49746e+00
 2.49745e+00
 2.49744e+00
 2.49745e+00
 2.49746e+00
 2.49046e+00
 2.49034e+00
 2.49028e+00
 2.49032e+00
 2.49043e+00
 2.46922e+00
 2.46835e+00
 2.46797e+00
 2.46825e+00
 2.46906e+00
 2.50000e+00
 2.50000e+00
 2.50000e+00
 2.50000e+00
 2.50000e+00
 2.50000e+00
 2.50000e+00
 2.50000e+00
 2.50000e+00
 2.50000e+00
 2.50000e+00
 2.50000e+00
 2.50000e+00
 2.50000e+00
 2.50000e+00
 2.50000e+00
 2.50000e+00
 2.50000e+00
 2.50000e+00
 2.50000e+00
 2.50000e+00
 2.50000e+00
 2.50000e+00
 2.50000e+00
 2.50000e+00
 2.50000e+00
 2.50000e+00
 2.50000e+00
 2.50000e+00
 2.50000e+00
 2.50000e+00
 2.50000e+00
 2.50000e+00
 2.50000e+00
 2.50000e+00
 2.50000e+00
 2.50000e+00
 2.50000e+00
 2.50000e+00
 2.50000e+00
 2.50000e+00
 2.50000e+00
 2.50000e+00
 2.50000e+00
 2.50000e+00
 2.50000e+00
 2.50000e+00
 2.50000e+00
 2.50000e+00
 2.50000e+00
 2.50000e+00
 2.50000e+00
 2.50000e+00
 2.50000e+00
 2.50000e+00
 2.50000e+00
 2.50000e+00
 2.50000e+00
 2.50000e+00
 2.50000e+00
 2.50000e+00
 2.50000e+00
 2.50000e+00
 2.50000e+00
 2.50000e+00
 2.50000e+00
 2.50000e+00
 2.50000e+00
 2.50000e+00
 2.50000e+00
 2.50000e+00
 2.50000e+00
 2.50000e+00
 2.50000e+00
 2.50000e+00
 2.50000e+00
 2.50000e+00
 2.50000e+00
 2.50000e+00
 2.50000e+00
 2.50000e+00
 2.50000e+00
 2.50000e+00
 2.50000e+00
 2.50000e+00
 2.50000e+00
 2.50000e+00
 2.50000e+00
 2.50000e+00
 2.50000e+00
 2.50000e+00
 2.50000e+00
 2.50000e+00
 2.50000e+00
 2.50000e+00
 2.49998e+00
 2.49998e+00
 2.49998e+00
 2.49998e+00
 2.49998e+00
 2.49987e+00
 2.49987e+00
 2.49987e+00
 2.49987e+00
 2.49987e+00
 2.49940e+00
 2.49940e+00
 2.49940e+00
 2.49940e+00
 2.49940e+00
 2.49746e+00
 2.49745e+00
 2.49745e+00
 2.49745e+00
 2.49746e+00
 2.49048e+00
 2.49037e+00
 2.49032e+00
 2.49035e+00
 2.49045e+00
 2.46942e+00
 2.46858e+00
 2.46821e+00
 2.46847e+00
 2.46926e+00
 2.50000e+00
 2.50000e+00
 2.50000e+00
 2.50000e+00
 2.50000e+00
 2.50000e+00
 2.50000e+00
 2.50000e+00
 2.50000e+00
 2.50000e+00
 2.50000e+00
 2.50000e+00
 2.50000e+00
 2.50000e+00
 2.50000e+00
 2.50000e+00
 2.50000e+00
 2.50000e+00
 2.50000e+00
 2.50000e+00
 2.50000e+00
 2.50000e+00
 2.50000e+00
 2.50000e+00
 2.50000e+00
 2.50000e+00
 2.50000e+00
 2.50000e+00
 2.50000e+00
 2.50000e+00
 2.50000e+00
 2.50000e+00
 2.50000e+00
 2.50000e+00
 2.50000e+00
 2.50000e+00
 2.50000e+00
 2.50000e+00
 2.50000e+00
 2.50000e+00
 2.50000e+00
 2.50000e+00
 2.50000e+00
 2.50000e+00
 2.50000e+00
 2.50000e+00
 2.50000e+00
 2.50000e+00
 2.50000e+00
 2.50000e+00
 2.50000e+00
 2.50000e+00
 2.50000e+00
 2.50000e+00
 2.50000e+00
 2.50000e+00
 2.50000e+00
 2.50000e+00
 2.50000e+00
 2.50000e+00
 2.50000e+00
 2.50000e+00
 2.50000e+00
 2.50000e+00
 2.50000e+00
 2.50000e+00
 2.50000e+00
 2.50000e+00
 2.50000e+00
 2.50000e+00
 2.50000e+00
 2.50000e+00
 2.50000e+00
 2.50000e+00
 2.50000e+00
 2.50000e+00
 2.50000e+00
 2.50000e+00
 2.50000e+00
 2.50000e+00
 2.50000e+00
 2.50000e+00
 2.50000e+00
 2.50000e+00
 2.50000e+00
 2.50000e+00
 2.50000e+00
 2.50000e+00
 2.50000e+00
 2.50000e+00
 2.50000e+00
 2.50000e+00
 2.50000e+00
 2.50000e+00
 2.50000e+00
 2.49998e+00
 2.49998e+00
 2.49998e+00
 2.49998e+00
 2.49998e+00
 2.49987e+00
 2.49987e+00
 2.49987e+00
 2.49987e+00
 2.49987e+00
 2.49940e+00
 2.49940e+00
 2.49940e+00
 2.49940e+00
 2.49940e+00
 2.49747e+00
 2.49746e+00
 2.49745e+00
 2.49746e+00
 2.49746e+00
 2.49056e+00
 2.49047e+00
 2.49042e+00
 2.49045e+00
 2.49053e+00
 2.47002e+00
 2.46934e+00
 2.46901e+00
 2.46924e+00
 2.46987e+00
part
         2
hexa8
 2.42478e+00
 2.42204e+00
 2.42085e+00
 2.42168e+00
 2.42427e+00
 2.35427e+00
 2.34839e+00
 2.34601e+00
 2.34761e+00
 2.35320e+00
 2.27325e+00
 2.26554e+00
 2.26268e+00
 2.26447e+00
 2.27171e+00
 2.19926e+00
 2.19316e+00
 2.19077e+00
 2.19218e+00
 2.19773e+00
 2.14220e+00
 2.13984e+00
 2.13853e+00
 2.13925e+00
 2.14107e+00
 2.10124e+00
 2.10248e+00
 2.10221e+00
 2.10233e+00
 2.10067e+00
 2.07294e+00
 2.07646e+00
 2.07709e+00
 2.07667e+00
 2.07292e+00
 2.05436e+00
 2.05860e+00
 2.05988e+00
 2.05903e+00
 2.05476e+00
 2.04251e+00
 2.04622e+00
 2.04781e+00
 2.04674e+00
 2.04311e+00
 2.03570e+00
 2.03820e+00
 2.03982e+00
 2.03868e+00
 2.03632e+00
 2.02977e+00
 2.03123e+00
 2.03239e+00
 2.03161e+00
 2.03026e+00
 2.02808e+00
 2.02859e+00
 2.02954e+00
 2.02888e+00
 2.02839e+00
 2.02443e+00
 2.02397e+00
 2.02433e+00
 2.02413e+00
 2.02455e+00
 2.02174e+00
 2.02188e+00
 2.02174e+00
 2.02200e+00
 2.02176e+00
 2.02087e+00
 2.02057e+00
 2.02081e+00
 2.02064e+00
 2.02091e+00
 2.01883e+00
 2.01848e+00
 2.01792e+00
 2.01850e+00
 2.01877e+00
 2.01691e+00
 2.01704e+00
 2.01648e+00
 2.01708e+00
 2.01687e+00
 2.01653e+00
 2.01648e+00
 2.01659e+00
 2.01655e+00
 2.01659e+00
 2.01595e+00
 2.01560e+00
 2.01520e+00
 2.01568e+00
 2.01600e+00
 2.01477e+00
 2.01456e+00
 2.01386e+00
 2.01465e+00
 2.01484e+00
 2.01416e+00
 2.01373e+00
 2.01358e+00
 2.01382e+00
 2.01423e+00
 2.01419e+00
 2.01350e+00
 2.01363e+00
 2.01361e+00
 2.01427e+00
 2.01389e+00
 2.01305e+00
 2.01270e+00
 2.01318e+00
 2.01402e+00
 2.01317e+00
 2.01239e+00
 2.01172e+00
 2.01250e+00
 2.01331e+00
 2.01263e+00
 2.01175e+00
 2.01124e+00
 2.01186e+00
 2.01277e+00
 2.42197e+00
 2.41844e+00
 2.41705e+00
 2.41802e+00
 2.42139e+00
 2.34827e+00
 2.34041e+00
 2.33773e+00
 2.33949e+00
 2.34703e+00
 2.26540e+00
 2.25560e+00
 2.25247e+00
 2.25437e+00
 2.26369e+00
 2.19306e+00
 2.18521e+00
 2.18280e+00
 2.18412e+00
 2.19137e+00
 2.13981e+00
 2.13634e+00
 2.13520e+00
 2.13572e+00
 2.13861e+00
 2.10249e+00
 2.10304e+00
 2.10300e+00
 2.10294e+00
 2.10194e+00
 2.07650e+00
 2.07961e+00
 2.08040e+00
 2.07991e+00
 2.07655e+00
 2.05866e+00
 2.06269e+00
 2.06395e+00
 2.06319e+00
 2.05910e+00
 2.04628e+00
 2.05012e+00
 2.05159e+00
 2.05071e+00
 2.04689e+00
 2.03825e+00
 2.04104e+00
 2.04240e+00
 2.04154e+00
 2.03878e+00
 2.03128e+00
 2.03382e+00
 2.03466e+00
 2.03421e+00
 2.03162e+00
 2.02863e+00
 2.02944e+00
 2.03017e+00
 2.02970e+00
 2.02884e+00
 2.02399e+00
 2.02453e+00
 2.02442e+00
 2.02464e+00
 2.02396e+00
 2.02191e+00
 2.02295e+00
 2.02264e+00
 2.02308e+00
 2.02191e+00
 2.02059e+00
 2.02003e+00
 2.02006e+00
 2.02007e+00
 2.02050e+00
 2.01849e+00
 2.01865e+00
 2.01778e+00
 2.01870e+00
 2.01838e+00
 2.01705e+00
 2.01740e+00
 2.01709e+00
 2.01746e+00
 2.01702e+00
 2.01650e+00
 2.01604e+00
 2.01603e+00
 2.01613e+00
 2.01654e+00
 2.01562e+00
 2.01510e+00
 2.01460e+00
 2.01517e+00
 2.01567e+00
 2.01458e+00
 2.01419e+00
 2.01341e+00
 2.01430e+00
 2.01465e+00
 2.01375e+00
 2.01310e+00
 2.01285e+00
 2.01320e+00
 2.01383e+00
 2.01353e+00
 2.01233e+00
 2.01201e+00
 2.01239e+00
 2.01363e+00
 2.01308e+00
 2.01214e+00
 2.01110e+00
 2.01218e+00
 2.01320e+00
 2.01242e+00
 2.01160e+00
 2.01035e+00
 2.01169e+00
 2.01253e+00
 2.01178e+00
 2.01072e+00
 2.00999e+00
 2.01082e+00
 2.01190e+00
 2.42067e+00
 2.41692e+00
 2.41540e+00
 2.41647e+00
 2.42006e+00
 2.34569e+00
 2.33748e+00
 2.33453e+00
 2.33650e+00
 2.34435e+00
 2.26233e+00
 2.25220e+00
 2.24871e+00
 2.25091e+00
 2.26052e+00
 2.19053e+00
 2.18260e+00
 2.17978e+00
 2.18149e+00
 2.18877e+00
 2.13843e+00
 2.13510e+00
 2.13352e+00
 2.13451e+00
 2.13720e+00
 2.10221e+00
 2.10296e+00
 2.10247e+00
 2.10290e+00
 2.10167e+00
 2.07715e+00
 2.08041e+00
 2.08079e+00
 2.08076e+00
 2.07723e+00
 2.05999e+00
 2.06399e+00
 2.06502e+00
 2.06456e+00
 2.06048e+00
 2.04792e+00
 2.05164e+00
 2.05290e+00
 2.05222e+00
 2.04850e+00
 2.03995e+00
 2.04246e+00
 2.04394e+00
 2.04297e+00
 2.04050e+00
 2.03250e+00
 2.03472e+00
 2.03553e+00
 2.03510e+00
 2.03281e+00
 2.02964e+00
 2.03024e+00
 2.03160e+00
 2.03052e+00
 2.02980e+00
 2.02442e+00
 2.02447e+00
 2.02456e+00
 2.02455e+00
 2.02434e+00
 2.02182e+00
 2.02268e+00
 2.02310e+00
 2.02276e+00
 2.02175e+00
 2.02087e+00
 2.02012e+00
 2.02027e+00
 2.02015e+00
 2.02076e+00
 2.01797e+00
 2.01782e+00
 2.01725e+00
 2.01784e+00
 2.01783e+00
 2.01651e+00
 2.01710e+00
 2.01722e+00
 2.01718e+00
 2.01645e+00
 2.01662e+00
 2.01606e+00
 2.01610e+00
 2.01614e+00
 2.01664e+00
 2.01523e+00
 2.01462e+00
 2.01387e+00
 2.01471e+00
 2.01527e+00
 2.01389e+00
 2.01342e+00
 2.01270e+00
 2.01350e+00
 2.01394e+00
 2.01360e+00
 2.01286e+00
 2.01258e+00
 2.01296e+00
 2.01361e+00
 2.01366e+00
 2.01202e+00
 2.01139e+00
 2.01212e+00
 2.01374e+00
 2.01273e+00
 2.01111e+00
 2.00966e+00
 2.01119e+00
 2.01286e+00
 2.01176e+00
 2.01036e+00
 2.00880e+00
 2.01040e+00
 2.01187e+00
 2.01128e+00
 2.01001e+00
 2.00923e+00
 2.01007e+00
 2.01135e+00
 2.42141e+00
 2.41777e+00
 2.41633e+00
 2.41733e+00
 2.42082e+00
 2.34712e+00
 2.33900e+00
 2.33622e+00
 2.33805e+00
 2.34582e+00
 2.26396e+00
 2.25383e+00
 2.25060e+00
 2.25256e+00
 2.26219e+00
 2.19182e+00
 2.18373e+00
 2.18127e+00
 2.18263e+00
 2.19010e+00
 2.13910e+00
 2.13554e+00
 2.13441e+00
 2.13495e+00
 2.13791e+00
 2.10231e+00
 2.10288e+00
 2.10288e+00
 2.10281e+00
 2.10180e+00
 2.07675e+00
 2.07993e+00
 2.08079e+00
 2.08027e+00
 2.07684e+00
 2.05917e+00
 2.06326e+00
 2.06462e+00
 2.06380e+00
 2.05964e+00
 2.04692e+00
 2.05084e+00
 2.05229e+00
 2.05145e+00
 2.04753e+00
 2.03885e+00
 2.04168e+00
 2.04305e+00
 2.04220e+00
 2.03939e+00
 2.03179e+00
 2.03437e+00
 2.03519e+00
 2.03477e+00
 2.03214e+00
 2.02906e+00
 2.02986e+00
 2.03062e+00
 2.03013e+00
 2.02926e+00
 2.02429e+00
 2.02478e+00
 2.02463e+00
 2.02489e+00
 2.02424e+00
 2.02214e+00
 2.02321e+00
 2.02283e+00
 2.02334e+00
 2.02213e+00
 2.02077e+00
 2.02022e+00
 2.02024e+00
 2.02027e+00
 2.02068e+00
 2.01859e+00
 2.01877e+00
 2.01791e+00
 2.01881e+00
 2.01848e+00
 2.01715e+00
 2.01754e+00
 2.01724e+00
 2.01759e+00
 2.01711e+00
 2.01662e+00
 2.01620e+00
 2.01619e+00
 2.01630e+00
 2.01664e+00
 2.01575e+00
 2.01521e+00
 2.01475e+00
 2.01528e+00
 2.01579e+00
 2.01472e+00
 2.01436e+00
 2.01355e+00
 2.01446e+00
 2.01478e+00
 2.01388e+00
 2.01326e+00
 2.01300e+00
 2.01336e+00
 2.01397e+00
 2.01368e+00
 2.01245e+00
 2.01216e+00
 2.01253e+00
 2.01378e+00
 2.01324e+00
 2.01222e+00
 2.01122e+00
 2.01226e+00
 2.01336e+00
 2.01257e+00
 2.01175e+00
 2.01044e+00
 2.01184e+00
 2.01269e+00
 2.01192e+00
 2.01090e+00
 2.01013e+00
 2.01100e+00
 2.01203e+00
 2.42399e+00
 2.42112e+00
 2.41987e+00
 2.42074e+00
 2.42346e+00
 2.35271e+00
 2.34650e+00
 2.34397e+00
 2.34566e+00
 2.35158e+00
 2.27115e+00
 2.26311e+00
 2.26009e+00
 2.26200e+00
 2.26956e+00
 2.19730e+00
 2.19095e+00
 2.18844e+00
 2.18994e+00
 2.19573e+00
 2.14084e+00
 2.13841e+00
 2.13705e+00
 2.13784e+00
 2.13971e+00
 2.10061e+00
 2.10191e+00
 2.10165e+00
 2.10180e+00
 2.10006e+00
 2.07300e+00
 2.07664e+00
 2.07732e+00
 2.07689e+00
 2.07301e+00
 2.05494e+00
 2.05927e+00
 2.06063e+00
 2.05974e+00
 2.05537e+00
 2.04334e+00
 2.04712e+00
 2.04869e+00
 2.04764e+00
 2.04396e+00
 2.03658e+00
 2.03902e+00
 2.04070e+00
 2.03951e+00
 2.03719e+00
 2.03053e+00
 2.03187e+00
 2.03301e+00
 2.03226e+00
 2.03101e+00
 2.02863e+00
 2.02908e+00
 2.02999e+00
 2.02936e+00
 2.02894e+00
 2.02478e+00
 2.02419e+00
 2.02453e+00
 2.02433e+00
 2.02492e+00
 2.02196e+00
 2.02209e+00
 2.02189e+00
 2.02221e+00
 2.02198e+00
 2.02109e+00
 2.02069e+00
 2.02091e+00
 2.02076e+00
 2.02113e+00
 2.01894e+00
 2.01853e+00
 2.01797e+00
 2.01854e+00
 2.01887e+00
 2.01699e+00
 2.01714e+00
 2.01656e+00
 2.01716e+00
 2.01694e+00
 2.01668e+00
 2.01664e+00
 2.01674e+00
 2.01669e+00
 2.01674e+00
 2.01611e+00
 2.01577e+00
 2.01537e+00
 2.01584e+00
 2.01615e+00
 2.01492e+00
 2.01475e+00
 2.01403e+00
 2.01483e+00
 2.01498e+00
 2.01431e+00
 2.01393e+00
 2.01371e+00
 2.01402e+00
 2.01438e+00
 2.01435e+00
 2.01372e+00
 2.01384e+00
 2.01383e+00
 2.01443e+00
 2.01411e+00
 2.01329e+00
 2.01297e+00
 2.01341e+00
 2.01423e+00
 2.01340e+00
 2.01263e+00
 2.01197e+00
 2.01274e+00
 2.01354e+00
 2.01286e+00
 2.01198e+00
 2.01145e+00
 2.01208e+00
 2.01299e+00
part
         3
hexa8
 2.01247e+00
 2.01131e+00
 2.01142e+00
 2.01139e+00
 2.01258e+00
 2.01246e+00
 2.01101e+00
 2.01111e+00
 2.01110e+00
 2.01260e+00
 2.01199e+00
 2.01046e+00
 2.01051e+00
 2.01055e+00
 2.01214e+00
 2.01131e+00
 2.00989e+00
 2.00989e+00
 2.00997e+00
 2.01146e+00
 2.01071e+00
 2.00936e+00
 2.00977e+00
 2.00943e+00
 2.01083e+00
 2.01058e+00
 2.00884e+00
 2.00968e+00
 2.00891e+00
 2.01064e+00
 2.00995e+00
 2.00816e+00
 2.00828e+00
 2.00823e+00
 2.01002e+00
 2.00846e+00
 2.00716e+00
 2.00688e+00
 2.00722e+00
 2.00853e+00
 2.00688e+00
 2.00605e+00
 2.00581e+00
 2.00608e+00
 2.00691e+00
 2.00589e+00
 2.00559e+00
 2.00538e+00
 2.00559e+00
 2.00589e+00
 2.00633e+00
 2.00705e+00
 2.00631e+00
 2.00703e+00
 2.00630e+00
 2.00883e+00
 2.01186e+00
 2.01004e+00
 2.01185e+00
 2.00882e+00
 2.01458e+00
 2.02339e+00
 2.02025e+00
 2.02337e+00
 2.01463e+00
 2.02845e+00
 2.05150e+00
 2.04647e+00
 2.05141e+00
 2.02850e+00
 2.06425e+00
 2.11798e+00
 2.10952e+00
 2.11775e+00
 2.06422e+00
 2.15096e+00
 2.26431e+00
 2.24983e+00
 2.26387e+00
 2.15073e+00
 2.34419e+00
 2.57024e+00
 2.54649e+00
 2.56948e+00
 2.34351e+00
 2.72236e+00
 2.94269e+00
 2.92886e+00
 2.94223e+00
 2.72107e+00
 3.03829e+00
 3.14541e+00
 3.14286e+00
 3.14532e+00
 3.03776e+00
 3.17896e+00
 3.22480e+00
 3.22852e+00
 3.22499e+00
 3.17900e+00
 3.21157e+00
 3.22826e+00
 3.23396e+00
 3.22859e+00
 3.21185e+00
 3.16630e+00
 3.16191e+00
 3.16666e+00
 3.16213e+00
 3.16642e+00
 3.03949e+00
 3.02436e+00
 3.02637e+00
 3.02429e+00
 3.03910e+00
 2.86015e+00
 2.85007e+00
 2.84921e+00
 2.84973e+00
 2.85930e+00
 2.68063e+00
 2.67889e+00
 2.67676e+00
 2.67866e+00
 2.67992e+00
 2.01133e+00
 2.00980e+00
 2.00919e+00
 2.00989e+00
 2.01144e+00
 2.01103e+00
 2.00919e+00
 2.00839e+00
 2.00924e+00
 2.01116e+00
 2.01048e+00
 2.00896e+00
 2.00780e+00
 2.00898e+00
 2.01064e+00
 2.00992e+00
 2.00846e+00
 2.00756e+00
 2.00851e+00
 2.01007e+00
 2.00939e+00
 2.00796e+00
 2.00742e+00
 2.00802e+00
 2.00953e+00
 2.00887e+00
 2.00760e+00
 2.00702e+00
 2.00768e+00
 2.00902e+00
 2.00820e+00
 2.00738e+00
 2.00653e+00
 2.00746e+00
 2.00834e+00
 2.00720e+00
 2.00697e+00
 2.00615e+00
 2.00703e+00
 2.00731e+00
 2.00608e+00
 2.00635e+00
 2.00603e+00
 2.00640e+00
 2.00614e+00
 2.00562e+00
 2.00597e+00
 2.00643e+00
 2.00601e+00
 2.00562e+00
 2.00709e+00
 2.00780e+00
 2.00892e+00
 2.00786e+00
 2.00707e+00
 2.01187e+00
 2.01671e+00
 2.01752e+00
 2.01683e+00
 2.01191e+00
 2.02332e+00
 2.04231e+00
 2.04116e+00
 2.04262e+00
 2.02350e+00
 2.05127e+00
 2.10215e+00
 2.09701e+00
 2.10289e+00
 2.05167e+00
 2.11744e+00
 2.22796e+00
 2.21643e+00
 2.22951e+00
 2.11818e+00
 2.26315e+00
 2.48148e+00
 2.45993e+00
 2.48447e+00
 2.26455e+00
 2.56796e+00
 2.86387e+00
 2.84373e+00
 2.86654e+00
 2.57041e+00
 2.94101e+00
 3.10716e+00
 3.09902e+00
 3.10858e+00
 2.94268e+00
 3.14448e+00
 3.22174e+00
 3.22108e+00
 3.22259e+00
 3.14545e+00
 3.22427e+00
 3.25673e+00
 3.26068e+00
 3.25739e+00
 3.22504e+00
 3.22799e+00
 3.23528e+00
 3.24171e+00
 3.23572e+00
 3.22854e+00
 3.16199e+00
 3.14830e+00
 3.15428e+00
 3.14830e+00
 3.16186e+00
 3.02469e+00
 3.00794e+00
 3.01057e+00
 3.00760e+00
 3.02383e+00
 2.85039e+00
 2.84292e+00
 2.84215e+00
 2.84251e+00
 2.84918e+00
 2.67900e+00
 2.67634e+00
 2.67441e+00
 2.67603e+00
 2.67826e+00
 2.01147e+00
 2.00923e+00
 2.00850e+00
 2.00933e+00
 2.01152e+00
 2.01116e+00
 2.00844e+00
 2.00704e+00
 2.00852e+00
 2.01127e+00
 2.01056e+00
 2.00784e+00
 2.00580e+00
 2.00791e+00
 2.01070e+00
 2.00994e+00
 2.00760e+00
 2.00552e+00
 2.00764e+00
 2.01011e+00
 2.00983e+00
 2.00747e+00
 2.00621e+00
 2.00753e+00
 2.01000e+00
 2.00976e+00
 2.00709e+00
 2.00629e+00
 2.00716e+00
 2.00994e+00
 2.00838e+00
 2.00661e+00
 2.00619e+00
 2.00668e+00
 2.00854e+00
 2.00700e+00
 2.00623e+00
 2.00588e+00
 2.00630e+00
 2.00711e+00
 2.00595e+00
 2.00611e+00
 2.00578e+00
 2.00617e+00
 2.00598e+00
 2.00554e+00
 2.00649e+00
 2.00603e+00
 2.00655e+00
 2.00549e+00
 2.00647e+00
 2.00894e+00
 2.00786e+00
 2.00901e+00
 2.00638e+00
 2.01016e+00
 2.01742e+00
 2.01517e+00
 2.01755e+00
 2.01010e+00
 2.02020e+00
 2.04076e+00
 2.03675e+00
 2.04104e+00
 2.02028e+00
 2.04604e+00
 2.09600e+00
 2.08963e+00
 2.09665e+00
 2.04640e+00
 2.10840e+00
 2.21433e+00
 2.20294e+00
 2.21569e+00
 2.10919e+00
 2.24750e+00
 2.45586e+00
 2.43323e+00
 2.45860e+00
 2.24893e+00
 2.54211e+00
 2.83955e+00
 2.81807e+00
 2.84242e+00
 2.54444e+00
 2.92552e+00
 3.09677e+00
 3.09088e+00
 3.09833e+00
 2.92715e+00
 3.14090e+00
 3.21985e+00
 3.22289e+00
 3.22077e+00
 3.14193e+00
 3.22731e+00
 3.25995e+00
 3.26645e+00
 3.26064e+00
 3.22817e+00
 3.23319e+00
 3.24135e+00
 3.24767e+00
 3.24180e+00
 3.23386e+00
 3.16653e+00
 3.15427e+00
 3.15854e+00
 3.15426e+00
 3.16645e+00
 3.02673e+00
 3.01067e+00
 3.01187e+00
 3.01032e+00
 3.02580e+00
 2.84970e+00
 2.84225e+00
 2.84067e+00
 2.84183e+00
 2.84834e+00
 2.67701e+00
 2.67461e+00
 2.67182e+00
 2.67430e+00
 2.67618e+00
 2.01145e+00
 2.00999e+00
 2.00939e+00
 2.01009e+00
 2.01157e+00
 2.01116e+00
 2.00935e+00
 2.00858e+00
 2.00941e+00
 2.01130e+00
 2.01063e+00
 2.00908e+00
 2.00797e+00
 2.00911e+00
 2.01080e+00
 2.01006e+00
 2.00862e+00
 2.00770e+00
 2.00867e+00
 2.01021e+00
 2.00954e+00
 2.00816e+00
 2.00760e+00
 2.00821e+00
 2.00968e+00
 2.00903e+00
 2.00782e+00
 2.00724e+00
 2.00789e+00
 2.00918e+00
 2.00838e+00
 2.00758e+00
 2.00678e+00
 2.00765e+00
 2.00852e+00
 2.00740e+00
 2.00720e+00
 2.00640e+00
 2.00726e+00
 2.00751e+00
 2.00629e+00
 2.00659e+00
 2.00627e+00
 2.00664e+00
 2.00635e+00
 2.00581e+00
 2.00619e+00
 2.00664e+00
 2.00623e+00
 2.00581e+00
 2.00721e+00
 2.00795e+00
 2.00904e+00
 2.00800e+00
 2.00719e+00
 2.01192e+00
 2.01666e+00
 2.01745e+00
 2.01678e+00
 2.01196e+00
 2.02322e+00
 2.04184e+00
 2.04067e+00
 2.04217e+00
 2.02340e+00
 2.05082e+00
 2.10090e+00
 2.09575e+00
 2.10169e+00
 2.05122e+00
 2.11628e+00
 2.22538e+00
 2.21383e+00
 2.22702e+00
 2.11705e+00
 2.26066e+00
 2.47668e+00
 2.45496e+00
 2.47980e+00
 2.26214e+00
 2.56329e+00
 2.85913e+00
 2.83859e+00
 2.86214e+00
 2.56590e+00
 2.93766e+00
 3.10462e+00
 3.09623e+00
 3.10615e+00
 2.93945e+00
 3.14272e+00
 3.22046e+00
 3.21968e+00
 3.22135e+00
 3.14376e+00
 3.22338e+00
 3.25615e+00
 3.26006e+00
 3.25686e+00
 3.22420e+00
 3.22755e+00
 3.23511e+00
 3.24153e+00
 3.23558e+00
 3.22814e+00
 3.16183e+00
 3.14826e+00
 3.15425e+00
 3.14827e+00
 3.16170e+00
 3.02454e+00
 3.00772e+00
 3.01034e+00
 3.00736e+00
 3.02365e+00
 2.85016e+00
 2.84258e+00
 2.84181e+00
 2.84216e+00
 2.84891e+00
 2.67891e+00
 2.67631e+00
 2.67438e+00
 2.67600e+00
 2.67815e+00
 2.01269e+00
 2.01153e+00
 2.01163e+00
 2.01162e+00
 2.01281e+00
 2.01272e+00
 2.01126e+00
 2.01137e+00
 2.01135e+00
 2.01286e+00
 2.01227e+00
 2.01075e+00
 2.01080e+00
 2.01086e+00
 2.01243e+00
 2.01159e+00
 2.01019e+00
 2.01020e+00
 2.01027e+00
 2.01176e+00
 2.01099e+00
 2.00967e+00
 2.01009e+00
 2.00974e+00
 2.01112e+00
 2.01084e+00
 2.00917e+00
 2.01006e+00
 2.00924e+00
 2.01090e+00
 2.01026e+00
 2.00851e+00
 2.00868e+00
 2.00858e+00
 2.01034e+00
 2.00879e+00
 2.00751e+00
 2.00727e+00
 2.00757e+00
 2.00887e+00
 2.00719e+00
 2.00637e+00
 2.00615e+00
 2.00640e+00
 2.00723e+00
 2.00616e+00
 2.00585e+00
 2.00566e+00
 2.00586e+00
 2.00617e+00
 2.00656e+00
 2.00725e+00
 2.00655e+00
 2.00724e+00
 2.00653e+00
 2.00902e+00
 2.01201e+00
 2.01024e+00
 2.01200e+00
 2.00901e+00
 2.01473e+00
 2.02343e+00
 2.02031e+00
 2.02341e+00
 2.01477e+00
 2.02849e+00
 2.05128e+00
 2.04621e+00
 2.05120e+00
 2.02854e+00
 2.06401e+00
 2.11718e+00
 2.10863e+00
 2.11698e+00
 2.06397e+00
 2.15011e+00
 2.26239e+00
 2.24780e+00
 2.26204e+00
 2.14989e+00
 2.34221e+00
 2.56646e+00
 2.54250e+00
 2.56587e+00
 2.34157e+00
 2.71922e+00
 2.93986e+00
 2.92576e+00
 2.93951e+00
 2.71801e+00
 3.03640e+00
 3.14376e+00
 3.14104e+00
 3.14374e+00
 3.03591e+00
 3.17781e+00
 3.22379e+00
 3.22743e+00
 3.22403e+00
 3.17788e+00
 3.21068e+00
 3.22749e+00
 3.23315e+00
 3.22785e+00
 3.21100e+00
 3.16547e+00
 3.16111e+00
 3.16583e+00
 3.16133e+00
 3.16561e+00
 3.03866e+00
 3.02342e+00
 3.02537e+00
 3.02332e+00
 3.03825e+00
 2.85942e+00
 2.84916e+00
 2.84823e+00
 2.84878e+00
 2.85852e+00
 2.68027e+00
 2.67847e+00
 2.67630e+00
 2.67822e+00
 2.67953e+00
part
         4
hexa8
 2.52491e+00
 2.51720e+00
 2.51476e+00
 2.51700e+00
 2.52438e+00
 2.37004e+00
 2.36285e+00
 2.36067e+00
 2.36273e+00
 2.36972e+00
 2.24608e+00
 2.24120e+00
 2.23961e+00
 2.24115e+00
 2.24593e+00
 2.15587e+00
 2.15318e+00
 2.15219e+00
 2.15315e+00
 2.15581e+00
 2.09421e+00
 2.09298e+00
 2.09247e+00
 2.09297e+00
 2.09418e+00
 2.05419e+00
 2.05372e+00
 2.05351e+00
 2.05372e+00
 2.05418e+00
 2.02957e+00
 2.02942e+00
 2.02935e+00
 2.02942e+00
 2.02956e+00
 2.01530e+00
 2.01526e+00
 2.01524e+00
 2.01526e+00
 2.01529e+00
 2.00752e+00
 2.00751e+00
 2.00751e+00
 2.00751e+00
 2.00752e+00
 2.00353e+00
 2.00353e+00
 2.00353e+00
 2.00353e+00
 2.00353e+00
 2.00159e+00
 2.00159e+00
 2.00159e+00
 2.00159e+00
 2.00159e+00
 2.00069e+00
 2.00069e+00
 2.00069e+00
 2.00069e+00
 2.00069e+00
 2.00029e+00
 2.00029e+00
 2.00029e+00
 2.00029e+00
 2.00029e+00
 2.00011e+00
 2.00011e+00
 2.00011e+00
 2.00011e+00
 2.00011e+00
 2.00004e+00
 2.00004e+00
 2.00004e+00
 2.00004e+00
 2.00004e+00
 2.00002e+00
 2.00002e+00
 2.00002e+00
 2.00002e+00
 2.00002e+00
 2.00001e+00
 2.00001e+00
 2.00001e+00
 2.00001e+00
 2.00001e+00
 2.00000e+00
 2.00000e+00
 2.00000e+00
 2.00000e+00
 2.00000e+00
 2.00000e+00
 2.00000e+00
 2.00000e+00
 2.00000e+00
 2.00000e+00
 2.00000e+00
 2.00000e+00
 2.00000e+00
 2.00000e+00
 2.00000e+00
 2.00000e+00
 2.00000e+00
 2.00000e+00
 2.00000e+00
 2.00000e+00
 2.00000e+00
 2.00000e+00
 2.00000e+00
 2.00000e+00
 2.00000e+00
 2.00000e+00
 2.00000e+00
 2.00000e+00
 2.00000e+00
 2.00000e+00
 2.00000e+00
 2.00000e+00
 2.00000e+00
 2.00000e+00
 2.00000e+00
 2.00000e+00
 2.00000e+00
 2.00000e+00
 2.00000e+00
 2.00000e+00
 2.51744e+00
 2.50716e+00
 2.50491e+00
 2.50683e+00
 2.51674e+00
 2.36304e+00
 2.35420e+00
 2.35212e+00
 2.35400e+00
 2.36262e+00
 2.24132e+00
 2.23547e+00
 2.23393e+00
 2.23538e+00
 2.24113e+00
 2.15324e+00
 2.15006e+00
 2.14908e+00
 2.15003e+00
 2.15317e+00
 2.09301e+00
 2.09158e+00
 2.09106e+00
 2.09157e+00
 2.09298e+00
 2.05374e+00
 2.05320e+00
 2.05299e+00
 2.05320e+00
 2.05373e+00
 2.02943e+00
 2.02927e+00
 2.02919e+00
 2.02926e+00
 2.02943e+00
 2.01526e+00
 2.01522e+00
 2.01520e+00
 2.01522e+00
 2.01526e+00
 2.00751e+00
 2.00750e+00
 2.00750e+00
 2.00750e+00
 2.00751e+00
 2.00353e+00
 2.00353e+00
 2.00353e+00
 2.00353e+00
 2.00353e+00
 2.00159e+00
 2.00159e+00
 2.00159e+00
 2.00159e+00
 2.00159e+00
 2.00069e+00
 2.00069e+00
 2.00069e+00
 2.00069e+00
 2.00069e+00
 2.00029e+00
 2.00029e+00
 2.00029e+00
 2.00029e+00
 2.00029e+00
 2.00011e+00
 2.00011e+00
 2.00011e+00
 2.00011e+00
 2.00011e+00
 2.00004e+00
 2.00004e+00
 2.00004e+00
 2.00004e+00
 2.00004e+00
 2.00002e+00
 2.00002e+00
 2.00002e+00
 2.00002e+00
 2.00002e+00
 2.00001e+00
 2.00001e+00
 2.00001e+00
 2.00001e+00
 2.00001e+00
 2.00000e+00
 2.00000e+00
 2.00000e+00
 2.00000e+00
 2.00000e+00
 2.00000e+00
 2.00000e+00
 2.00000e+00
 2.00000e+00
 2.00000e+00
 2.00000e+00
 2.00000e+00
 2.00000e+00
 2.00000e+00
 2.00000e+00
 2.00000e+00
 2.00000e+00
 2.00000e+00
 2.00000e+00
 2.00000e+00
 2.00000e+00
 2.00000e+00
 2.00000e+00
 2.00000e+00
 2.00000e+00
 2.00000e+00
 2.00000e+00
 2.00000e+00
 2.00000e+00
 2.00000e+00
 2.00000e+00
 2.00000e+00
 2.00000e+00
 2.00000e+00
 2.00000e+00
 2.00000e+00
 2.00000e+00
 2.00000e+00
 2.00000e+00
 2.00000e+00
 2.51527e+00
 2.50527e+00
 2.50232e+00
 2.50492e+00
 2.51451e+00
 2.36111e+00
 2.35243e+00
 2.34993e+00
 2.35222e+00
 2.36065e+00
 2.23991e+00
 2.23413e+00
 2.23238e+00
 2.23403e+00
 2.23969e+00
 2.15236e+00
 2.14920e+00
 2.14813e+00
 2.14916e+00
 2.15228e+00
 2.09256e+00
 2.09112e+00
 2.09057e+00
 2.09111e+00
 2.09253e+00
 2.05356e+00
 2.05301e+00
 2.05278e+00
 2.05301e+00
 2.05355e+00
 2.02937e+00
 2.02920e+00
 2.02913e+00
 2.02920e+00
 2.02937e+00
 2.01525e+00
 2.01520e+00
 2.01518e+00
 2.01520e+00
 2.01525e+00
 2.00751e+00
 2.00750e+00
 2.00750e+00
 2.00750e+00
 2.00751e+00
 2.00353e+00
 2.00353e+00
 2.00353e+00
 2.00353e+00
 2.00353e+00
 2.00159e+00
 2.00159e+00
 2.00159e+00
 2.00159e+00
 2.00159e+00
 2.00069e+00
 2.00069e+00
 2.00069e+00
 2.00069e+00
 2.00069e+00
 2.00029e+00
 2.00029e+00
 2.00029e+00
 2.00029e+00
 2.00029e+00
 2.00011e+00
 2.00011e+00
 2.00011e+00
 2.00011e+00
 2.00011e+00
 2.00004e+00
 2.00004e+00
 2.00004e+00
 2.00004e+00
 2.00004e+00
 2.00002e+00
 2.00002e+00
 2.00002e+00
 2.00002e+00
 2.00002e+00
 2.00001e+00
 2.00001e+00
 2.00001e+00
 2.00001e+00
 2.00001e+00
 2.00000e+00
 2.00000e+00
 2.00000e+00
 2.00000e+00
 2.00000e+00
 2.00000e+00
 2.00000e+00
 2.00000e+00
 2.00000e+00
 2.00000e+00
 2.00000e+00
 2.00000e+00
 2.00000e+00
 2.00000e+00
 2.00000e+00
 2.00000e+00
 2.00000e+00
 2.00000e+00
 2.00000e+00
 2.00000e+00
 2.00000e+00
 2.00000e+00
 2.00000e+00
 2.00000e+00
 2.00000e+00
 2.00000e+00
 2.00000e+00
 2.00000e+00
 2.00000e+00
 2.00000e+00
 2.00000e+00
 2.00000e+00
 2.00000e+00
 2.00000e+00
 2.00000e+00
 2.00000e+00
 2.00000e+00
 2.00000e+00
 2.00000e+00
 2.00000e+00
 2.51764e+00
 2.50745e+00
 2.50521e+00
 2.50711e+00
 2.51693e+00
 2.36332e+00
 2.35454e+00
 2.35248e+00
 2.35434e+00
 2.36289e+00
 2.24156e+00
 2.23575e+00
 2.23422e+00
 2.23566e+00
 2.24136e+00
 2.15341e+00
 2.15024e+00
 2.14927e+00
 2.15021e+00
 2.15333e+00
 2.09310e+00
 2.09168e+00
 2.09116e+00
 2.09166e+00
 2.09308e+00
 2.05379e+00
 2.05325e+00
 2.05303e+00
 2.05325e+00
 2.05378e+00
 2.02945e+00
 2.02929e+00
 2.02921e+00
 2.02929e+00
 2.02945e+00
 2.01527e+00
 2.01523e+00
 2.01521e+00
 2.01523e+00
 2.01527e+00
 2.00752e+00
 2.00751e+00
 2.00750e+00
 2.00751e+00
 2.00752e+00
 2.00353e+00
 2.00353e+00
 2.00353e+00
 2.00353e+00
 2.00353e+00
 2.00159e+00
 2.00159e+00
 2.00159e+00
 2.00159e+00
 2.00159e+00
 2.00069e+00
 2.00069e+00
 2.00069e+00
 2.00069e+00
 2.00069e+00
 2.00029e+00
 2.00029e+00
 2.00029e+00
 2.00029e+00
 2.00029e+00
 2.00011e+00
 2.00011e+00
 2.00011e+00
 2.00011e+00
 2.00011e+00
 2.00004e+00
 2.00004e+00
 2.00004e+00
 2.00004e+00
 2.00004e+00
 2.00002e+00
 2.00002e+00
 2.00002e+00
 2.00002e+00
 2.00002e+00
 2.00001e+00
 2.00001e+00
 2.00001e+00
 2.00001e+00
 2.00001e+00
 2.00000e+00
 2.00000e+00
 2.00000e+00
 2.00000e+00
 2.00000e+00
 2.00000e+00
 2.00000e+00
 2.00000e+00
 2.00000e+00
 2.00000e+00
 2.00000e+00
 2.00000e+00
 2.00000e+00
 2.00000e+00
 2.00000e+00
 2.00000e+00
 2.00000e+00
 2.00000e+00
 2.00000e+00
 2.00000e+00
 2.00000e+00
 2.00000e+00
 2.00000e+00
 2.00000e+00
 2.00000e+00
 2.00000e+00
 2.00000e+00
 2.00000e+00
 2.00000e+00
 2.00000e+00
 2.00000e+00
 2.00000e+00
 2.00000e+00
 2.00000e+00
 2.00000e+00
 2.00000e+00
 2.00000e+00
 2.00000e+00
 2.00000e+00
 2.00000e+00
 2.52495e+00
 2.51725e+00
 2.51480e+00
 2.51703e+00
 2.52439e+00
 2.37029e+00
 2.36313e+00
 2.36096e+00
 2.36300e+00
 2.36995e+00
 2.24637e+00
 2.24151e+00
 2.23993e+00
 2.24145e+00
 2.24621e+00
 2.15609e+00
 2.15341e+00
 2.15243e+00
 2.15339e+00
 2.15602e+00
 2.09434e+00
 2.09312e+00
 2.09262e+00
 2.09311e+00
 2.09432e+00
 2.05426e+00
 2.05380e+00
 2.05359e+00
 2.05379e+00
 2.05425e+00
 2.02960e+00
 2.02946e+00
 2.02939e+00
 2.02946e+00
 2.02960e+00
 2.01531e+00
 2.01527e+00
 2.01525e+00
 2.01527e+00
 2.01531e+00
 2.00753e+00
 2.00752e+00
 2.00751e+00
 2.00752e+00
 2.00753e+00
 2.00353e+00
 2.00353e+00
 2.00353e+00
 2.00353e+00
 2.00353e+00
 2.00159e+00
 2.00159e+00
 2.00159e+00
 2.00159e+00
 2.00159e+00
 2.00069e+00
 2.00069e+00
 2.00069e+00
 2.00069e+00
 2.00069e+00
 2.00029e+00
 2.00029e+00
 2.00029e+00
 2.00029e+00
 2.00029e+00
 2.00011e+00
 2.00011e+00
 2.00011e+00
 2.00011e+00
 2.00011e+00
 2.00004e+00
 2.00004e+00
 2.00004e+00
 2.00004e+00
 2.00004e+00
 2.00002e+00
 2.00002e+00
 2.00002e+00
 2.00002e+00
 2.00002e+00
 2.00001e+00
 2.00001e+00
 2.00001e+00
 2.00001e+00
 2.00001e+00
 2.00000e+00
 2.00000e+00
 2.00000e+00
 2.00000e+00
 2.00000e+00
 2.00000e+00
 2.00000e+00
 2.00000e+00
 2.00000e+00
 2.00000e+00
 2.00000e+00
 2.00000e+00
 2.00000e+00
 2.00000e+00
 2.00000e+00
 2.00000e+00
 2.00000e+00
 2.00000e+00
 2.00000e+00
 2.00000e+00
 2.00000e+00
 2.00000e+00
 2.00000e+00
 2.00000e+00
 2.00000e+00
 2.00000e+00
 2.00000e+00
 2.00000e+00
 2.00000e+00
 2.00000e+00
 2.00000e+00
 2.00000e+00
 2.00000e+00
 2.00000e+00
 2.00000e+00
 2.00000e+00
 2.00000e+00
 2.00000e+00
 2.00000e+00
 2.00000e+00
