1.0000000000000002E-02 7.0680102914490103E-02
2.0000000000000011E-02 7.0680579730341531E-02
3.0000000000000020E-02 7.0681337635002880E-02
4.0000000000000029E-02 7.0682302048743165E-02
5.0000000000000037E-02 7.0683143431804943E-02
6.0000000000000046E-02 7.0683201579721647E-02
7.0000000000000048E-02 7.0681449927844892E-02
8.0000000000000057E-02 7.0676508301782875E-02
9.0000000000000066E-02 7.0666734325364453E-02
1.0000000000000007E-01 7.0650365479472912E-02
1.1000000000000008E-01 7.0625688236885809E-02
1.2000000000000009E-01 7.0591004216746925E-02
1.3000000000000009E-01 7.0544113976056699E-02
1.4000000000000010E-01 7.0483890199102270E-02
1.5000000000000011E-01 7.0410632210494623E-02
1.6000000000000011E-01 7.0325697922168695E-02
1.7000000000000012E-01 7.0231314569200856E-02
1.8000000000000013E-01 7.0130139260397240E-02
1.9000000000000014E-01 7.0024875413742707E-02
2.0000000000000015E-01 6.9917985983563011E-02
2.1000000000000016E-01 6.9811568043068206E-02
2.2000000000000017E-01 6.9707327215860884E-02
2.3000000000000018E-01 6.9606690900568619E-02
2.4000000000000019E-01 6.9510493763711170E-02
2.5000000000000017E-01 6.9419180415311740E-02
2.6000000000000018E-01 6.9333227962906835E-02
2.7000000000000018E-01 6.9252918974405234E-02
2.8000000000000019E-01 6.9178332970792178E-02
2.9000000000000020E-01 6.9109408076759693E-02
3.0000000000000021E-01 6.9045985290467460E-02
3.1000000000000022E-01 6.8987842128274801E-02
3.2000000000000023E-01 6.8934716165433396E-02
3.3000000000000024E-01 6.8886322408156217E-02
3.4000000000000025E-01 6.8842367157901221E-02
3.5000000000000026E-01 6.8802557770173745E-02
3.6000000000000026E-01 6.8766610630331140E-02
3.7000000000000027E-01 6.8734256996068763E-02
3.8000000000000028E-01 6.8705246287288718E-02
3.9000000000000029E-01 6.8679348263290307E-02
4.0000000000000030E-01 6.8656354237095096E-02
4.1000000000000031E-01 6.8636077239984702E-02
4.2000000000000032E-01 6.8618351887148293E-02
4.3000000000000033E-01 6.8603033961390364E-02
4.4000000000000034E-01 6.8589999718279837E-02
4.5000000000000034E-01 6.8579145208686326E-02
4.6000000000000035E-01 6.8570385572765583E-02
4.7000000000000036E-01 6.8563654338278449E-02
4.8000000000000037E-01 6.8558902818144654E-02
4.9000000000000038E-01 6.8556099596433842E-02
5.0000000000000033E-01 6.8555230121930391E-02
5.1000000000000034E-01 6.8556295734417572E-02
5.2000000000000035E-01 6.8559306169871451E-02
5.3000000000000036E-01 6.8564272391438225E-02
5.4000000000000037E-01 6.8571205884224801E-02
5.5000000000000038E-01 6.8580118549950692E-02
5.6000000000000039E-01 6.8591022602131235E-02
5.7000000000000040E-01 6.8603930464568988E-02
5.8000000000000040E-01 6.8618854652776937E-02
5.9000000000000041E-01 6.8635807680547514E-02
6.0000000000000042E-01 6.8654802004282769E-02
6.1000000000000043E-01 6.8675849935198999E-02
6.2000000000000044E-01 6.8698963597659382E-02
6.3000000000000045E-01 6.8724154910484947E-02
6.4000000000000046E-01 6.8751435536973576E-02
6.5000000000000047E-01 6.8780816944945894E-02
6.6000000000000048E-01 6.8812310435136873E-02
6.7000000000000048E-01 6.8845927131238202E-02
6.8000000000000049E-01 6.8881678020729725E-02
6.9000000000000050E-01 6.8919574147088242E-02
7.0000000000000051E-01 6.8959626288745079E-02
7.1000000000000052E-01 6.9001845122025146E-02
7.2000000000000053E-01 6.9046241156374061E-02
7.3000000000000054E-01 6.9092824157758137E-02
7.4000000000000055E-01 6.9141603012770003E-02
7.5000000000000056E-01 6.9192585204257043E-02
7.6000000000000056E-01 6.9245775867222054E-02
7.7000000000000057E-01 6.9301177508502690E-02
7.8000000000000058E-01 6.9358788952593287E-02
7.9000000000000059E-01 6.9418603808408974E-02
8.0000000000000060E-01 6.9480610132527321E-02
8.1000000000000061E-01 6.9544790121363248E-02
8.2000000000000062E-01 6.9611119186972686E-02
8.3000000000000063E-01 6.9679566498253409E-02
8.4000000000000064E-01 6.9750094717733344E-02
8.5000000000000064E-01 6.9822658497442666E-02
8.6000000000000065E-01 6.9897205876203405E-02
8.7000000000000066E-01 6.9973680264486887E-02
8.8000000000000067E-01 7.0052019461945947E-02
8.9000000000000068E-01 7.0132156470323698E-02
9.0000000000000069E-01 7.0214017677470722E-02
9.1000000000000070E-01 7.0297521302951929E-02
9.2000000000000071E-01 7.0382578403446708E-02
9.3000000000000071E-01 7.0469089075042513E-02
9.4000000000000072E-01 7.0556936915096888E-02
9.5000000000000073E-01 7.0645987051616899E-02
9.6000000000000074E-01 7.0736082765304617E-02
9.7000000000000075E-01 7.0827041209795202E-02
9.8000000000000076E-01 7.0918649526341804E-02
9.9000000000000077E-01 7.1010663843992058E-02
