Density
part
         1
hexa8
 6.00837e-36
 1.50446e-35
 1.05898e-35
 1.54079e-36
 4.25065e-38
 1.17635e-40
 2.70052e-39
 2.31430e-37
 2.39129e-36
 4.23721e-36
 2.24508e-36
 4.09596e-36
 2.42478e-33
 6.26229e-32
 3.67628e-31
 5.65607e-31
 2.63536e-31
 2.15322e-32
 2.49480e-34
 6.22753e-36
 1.16117e-33
 3.71966e-32
 2.45310e-31
 4.44527e-31
 1.89623e-31
 1.89623e-31
 4.44527e-31
 2.45310e-31
 3.71966e-32
 1.16117e-33
 6.22753e-36
 2.49480e-34
 2.15322e-32
 2.63536e-31
 5.65607e-31
 3.67628e-31
 6.26229e-32
 2.42478e-33
 4.09596e-36
 2.24508e-36
 4.23721e-36
 2.39129e-36
 2.31430e-37
 2.70052e-39
 1.17635e-40
 4.25065e-38
 1.54079e-36
 1.05898e-35
 1.50446e-35
 6.00837e-36
 4.39166e-34
 1.18598e-33
 9.49262e-34
 1.72708e-34
 7.05936e-36
 3.13790e-38
 2.13068e-37
 6.41472e-36
 3.20019e-35
 3.96201e-35
 1.76720e-35
 6.81742e-35
 1.45505e-32
 3.79556e-31
 2.45725e-30
 4.69069e-30
 3.13214e-30
 5.16932e-31
 1.70538e-32
 1.28127e-33
 1.92916e-31
 4.17261e-30
 2.19910e-29
 3.49374e-29
 1.40966e-29
 1.40966e-29
 3.49374e-29
 2.19910e-29
 4.17261e-30
 1.92916e-31
 1.28127e-33
 1.70538e-32
 5.16932e-31
 3.13214e-30
 4.69069e-30
 2.45725e-30
 3.79556e-31
 1.45505e-32
 6.81742e-35
 1.76720e-35
 3.96201e-35
 3.20019e-35
 6.41472e-36
 2.13068e-37
 3.13790e-38
 7.05936e-36
 1.72708e-34
 9.49262e-34
 1.18598e-33
 4.39166e-34
 2.86451e-32
 8.25861e-32
 7.54067e-32
 1.72261e-32
 1.04686e-33
 8.75363e-36
 1.05959e-35
 1.87675e-34
 5.12348e-34
 4.47269e-34
 1.60962e-34
 7.15954e-34
 9.58876e-32
 2.60630e-30
 1.88769e-29
 4.62741e-29
 4.38600e-29
 1.38161e-29
 7.56216e-31
 3.00690e-31
 2.86243e-29
 4.16584e-28
 1.74818e-27
 2.42405e-27
 9.22867e-28
 9.22867e-28
 2.42405e-27
 1.74818e-27
 4.16584e-28
 2.86243e-29
 3.00690e-31
 7.56216e-31
 1.38161e-29
 4.38600e-29
 4.62741e-29
 1.88769e-29
 2.60630e-30
 9.58876e-32
 7.15954e-34
 1.60962e-34
 4.47269e-34
 5.12348e-34
 1.87675e-34
 1.05959e-35
 8.75363e-36
 1.04686e-33
 1.72261e-32
 7.54067e-32
 8.25861e-32
 2.86451e-32
 1.74223e-30
 5.38470e-30
 5.61254e-30
 1.61445e-30
 1.45974e-31
 2.56361e-33
 6.85850e-34
 6.20809e-33
 9.80232e-33
 5.60634e-33
 1.48835e-33
 6.15233e-33
 6.26736e-31
 1.83196e-29
 1.50067e-28
 5.11800e-28
 7.33128e-28
 4.09217e-28
 3.79481e-29
 8.43365e-29
 3.99491e-27
 3.90892e-26
 1.30300e-25
 1.57340e-25
 5.63882e-26
 5.63882e-26
 1.57340e-25
 1.30300e-25
 3.90892e-26
 3.99491e-27
 8.43365e-29
 3.79481e-29
 4.09217e-28
 7.33128e-28
 5.11800e-28
 1.50067e-28
 1.83196e-29
 6.26736e-31
 6.15233e-33
 1.48835e-33
 5.60634e-33
 9.80232e-33
 6.20809e-33
 6.85850e-34
 2.56361e-33
 1.45974e-31
 1.61445e-30
 5.61254e-30
 5.38470e-30
 1.74223e-30
 1.04718e-28
 3.48767e-28
 4.15135e-28
 1.50984e-28
 2.03410e-29
 7.81316e-31
 8.86947e-32
 2.76392e-31
 2.31586e-31
 8.30614e-32
 1.58131e-32
 5.03754e-32
 4.35463e-30
 1.41490e-28
 1.32416e-27
 6.66615e-27
 1.55672e-26
 1.57211e-26
 4.55469e-27
 2.52648e-26
 5.57465e-25
 3.66096e-24
 9.65387e-24
 1.01387e-23
 3.40783e-24
 3.40783e-24
 1.01387e-23
 9.65387e-24
 3.66096e-24
 5.57465e-25
 2.52648e-26
 4.55469e-27
 1.57211e-26
 1.55672e-26
 6.66615e-27
 1.32416e-27
 1.41490e-28
 4.35463e-30
 5.03754e-32
 1.58131e-32
 8.30614e-32
 2.31586e-31
 2.76392e-31
 8.86947e-32
 7.81316e-31
 2.03410e-29
 1.50984e-28
 4.15135e-28
 3.48767e-28
 1.04718e-28
 7.03810e-27
 2.53621e-26
 3.45352e-26
 1.59619e-26
 3.21393e-27
 2.74688e-28
 2.32182e-29
 2.10008e-29
 8.06918e-30
 1.54813e-30
 2.22002e-31
 4.61741e-31
 3.66181e-29
 1.40176e-27
 1.63041e-26
 1.07776e-25
 4.74730e-25
 1.06870e-24
 9.99500e-25
 8.81079e-24
 8.82610e-23
 3.87736e-22
 8.03509e-22
 7.34524e-22
 2.30062e-22
 2.30062e-22
 7.34524e-22
 8.03509e-22
 3.87736e-22
 8.82610e-23
 8.81079e-24
 9.99500e-25
 1.06870e-24
 4.74730e-25
 1.07776e-25
 1.63041e-26
 1.40176e-27
 3.66181e-29
 4.61741e-31
 2.22002e-31
 1.54813e-30
 8.06918e-30
 2.10008e-29
 2.32182e-29
 2.74688e-28
 3.21393e-27
 1.59619e-26
 3.45352e-26
 2.53621e-26
 7.03810e-27
 1.11542e-24
 4.36777e-24
 6.82220e-24
 4.04084e-24
 1.22421e-24
 2.36256e-25
 3.94258e-26
 6.93793e-27
 1.06613e-27
 1.31952e-28
 1.26212e-29
 1.25243e-29
 9.65285e-28
 4.80246e-26
 7.65101e-25
 7.36065e-24
 5.17445e-23
 2.95094e-22
 1.47445e-21
 7.56769e-21
 3.37180e-20
 9.84095e-20
 1.58650e-19
 1.26155e-19
 3.65972e-20
 3.65972e-20
 1.26155e-19
 1.58650e-19
 9.84095e-20
 3.37180e-20
 7.56769e-21
 1.47445e-21
 2.95094e-22
 5.17445e-23
 7.36065e-24
 7.65101e-25
 4.80246e-26
 9.65285e-28
 1.25243e-29
 1.26212e-29
 1.31952e-28
 1.06613e-27
 6.93793e-27
 3.94258e-26
 2.36256e-25
 1.22421e-24
 4.04084e-24
 6.82220e-24
 4.36777e-24
 1.11542e-24
 3.48318e-23
 1.62852e-22
 2.63435e-22
 1.54242e-22
 4.42197e-23
 8.33300e-24
 1.36642e-24
 2.21750e-25
 3.07375e-26
 3.39871e-27
 2.93326e-28
 2.67658e-28
 1.47374e-26
 7.88220e-25
 1.40558e-23
 1.51724e-22
 1.19108e-21
 7.51280e-21
 4.06029e-20
 2.11773e-19
 9.68635e-19
 3.04463e-18
 5.03191e-18
 3.92834e-18
 9.97277e-19
 9.97277e-19
 3.92834e-18
 5.03191e-18
 3.04463e-18
 9.68635e-19
 2.11773e-19
 4.06029e-20
 7.51280e-21
 1.19108e-21
 1.51724e-22
 1.40558e-23
 7.88220e-25
 1.47374e-26
 2.67658e-28
 2.93326e-28
 3.39871e-27
 3.07375e-26
 2.21750e-25
 1.36642e-24
 8.33300e-24
 4.42197e-23
 1.54242e-22
 2.63435e-22
 1.62852e-22
 3.48318e-23
 4.62592e-22
 2.58651e-21
 4.33639e-21
 2.48279e-21
 6.40119e-22
 1.10960e-22
 1.68044e-23
 2.38434e-24
 2.84076e-25
 2.71037e-26
 5.79218e-27
 3.27581e-26
 2.46933e-25
 4.35006e-24
 7.74781e-23
 9.62245e-22
 8.58956e-21
 6.22002e-20
 3.82224e-19
 2.15124e-18
 1.07166e-17
 3.89317e-17
 6.75942e-17
 5.17946e-17
 1.14706e-17
 1.14706e-17
 5.17946e-17
 6.75942e-17
 3.89317e-17
 1.07166e-17
 2.15124e-18
 3.82224e-19
 6.22002e-20
 8.58956e-21
 9.62245e-22
 7.74781e-23
 4.35006e-24
 2.46933e-25
 3.27581e-26
 5.79218e-27
 2.71037e-26
 2.84076e-25
 2.38434e-24
 1.68044e-23
 1.10960e-22
 6.40119e-22
 2.48279e-21
 4.33639e-21
 2.58651e-21
 4.62592e-22
 4.02329e-21
 2.67554e-20
 4.67245e-20
 2.61643e-20
 5.76725e-21
 8.45864e-22
 1.08959e-22
 1.30633e-23
 1.25018e-24
 1.59009e-25
 8.93621e-25
 6.76117e-24
 3.88834e-23
 1.36290e-22
 2.36843e-22
 2.60831e-21
 2.85563e-20
 2.50934e-19
 1.82811e-18
 1.19209e-17
 6.96947e-17
 3.17863e-16
 5.91950e-16
 4.43253e-16
 8.57357e-17
 8.57357e-17
 4.43253e-16
 5.91950e-16
 3.17863e-16
 6.96947e-17
 1.19209e-17
 1.82811e-18
 2.50934e-19
 2.85563e-20
 2.60831e-21
 2.36843e-22
 1.36290e-22
 3.88834e-23
 6.76117e-24
 8.93621e-25
 1.59009e-25
 1.25018e-24
 1.30633e-23
 1.08959e-22
 8.45864e-22
 5.76725e-21
 2.61643e-20
 4.67245e-20
 2.67554e-20
 4.02329e-21
 2.69694e-20
 2.10682e-19
 3.87700e-19
 2.17304e-19
 3.96218e-20
 4.27490e-21
 4.08362e-22
 3.42358e-23
 2.95082e-24
 1.14027e-23
 1.40070e-22
 9.78970e-22
 5.50319e-21
 1.88075e-20
 9.18025e-21
 5.21105e-21
 4.54083e-20
 5.05701e-19
 4.95252e-18
 4.31087e-17
 3.30339e-16
 1.98194e-15
 3.98092e-15
 2.88248e-15
 4.89218e-16
 4.89218e-16
 2.88248e-15
 3.98092e-15
 1.98194e-15
 3.30339e-16
 4.31087e-17
 4.95252e-18
 5.05701e-19
 4.54083e-20
 5.21105e-21
 9.18025e-21
 1.88075e-20
 5.50319e-21
 9.78970e-22
 1.40070e-22
 1.14027e-23
 2.95082e-24
 3.42358e-23
 4.08362e-22
 4.27490e-21
 3.96218e-20
 2.17304e-19
 3.87700e-19
 2.10682e-19
 2.69694e-20
 1.54112e-19
 1.37798e-18
 2.72303e-18
 1.61643e-18
 2.50859e-19
 1.41537e-20
 7.34778e-22
 3.54214e-23
 6.37535e-23
 1.56210e-21
 1.66145e-20
 1.06396e-19
 5.86340e-19
 2.06103e-18
 1.08030e-18
 2.48988e-19
 4.48837e-20
 3.51793e-19
 5.70034e-18
 9.04149e-17
 1.37646e-15
 1.08531e-14
 2.26944e-14
 1.55758e-14
 2.34613e-15
 2.34613e-15
 1.55758e-14
 2.26944e-14
 1.08531e-14
 1.37646e-15
 9.04149e-17
 5.70034e-18
 3.51793e-19
 4.48837e-20
 2.48988e-19
 1.08030e-18
 2.06103e-18
 5.86340e-19
 1.06396e-19
 1.66145e-20
 1.56210e-21
 6.37535e-23
 3.54214e-23
 7.34778e-22
 1.41537e-20
 2.50859e-19
 1.61643e-18
 2.72303e-18
 1.37798e-18
 1.54112e-19
 8.04509e-19
 7.95623e-18
 1.73007e-17
 1.18294e-17
 1.87750e-18
 2.40493e-20
 8.08201e-23
 1.14349e-22
 9.10407e-21
 1.75366e-19
 1.57585e-18
 9.21085e-18
 4.97675e-17
 1.79718e-16
 1.03450e-16
 2.82038e-17
 3.01167e-18
 1.10119e-19
 3.42917e-19
 7.63375e-17
 7.05450e-15
 5.96477e-14
 1.17149e-13
 7.43299e-14
 1.01995e-14
 1.01995e-14
 7.43299e-14
 1.17149e-13
 5.96477e-14
 7.05450e-15
 7.63375e-17
 3.42917e-19
 1.10119e-19
 3.01167e-18
 2.82038e-17
 1.03450e-16
 1.79718e-16
 4.97675e-17
 9.21085e-18
 1.57585e-18
 1.75366e-19
 9.10407e-21
 1.14349e-22
 8.08201e-23
 2.40493e-20
 1.87750e-18
 1.18294e-17
 1.73007e-17
 7.95623e-18
 8.04509e-19
 4.33091e-18
 4.32825e-17
 1.03658e-16
 8.74881e-17
 2.23376e-17
 1.04704e-18
 2.26109e-20
 2.40066e-20
 1.16775e-18
 1.66305e-17
 1.25016e-16
 6.64516e-16
 3.51977e-15
 1.30369e-14
 8.26756e-15
 2.69129e-15
 3.87270e-16
 1.41851e-17
 5.75699e-17
 2.82487e-15
 6.61923e-14
 3.56948e-13
 5.69167e-13
 3.29269e-13
 4.52042e-14
 4.52042e-14
 3.29269e-13
 5.69167e-13
 3.56948e-13
 6.61923e-14
 2.82487e-15
 5.75699e-17
 1.41851e-17
 3.87270e-16
 2.69129e-15
 8.26756e-15
 1.30369e-14
 3.51977e-15
 6.64516e-16
 1.25016e-16
 1.66305e-17
 1.16775e-18
 2.40066e-20
 2.26109e-20
 1.04704e-18
 2.23376e-17
 8.74881e-17
 1.03658e-16
 4.32825e-17
 4.33091e-18
 2.18472e-17
 2.25299e-16
 6.40128e-16
 6.96967e-16
 2.87429e-16
 2.74852e-17
 1.12675e-18
 4.49581e-18
 1.29988e-16
 1.36722e-15
 8.58636e-15
 4.14538e-14
 2.14979e-13
 8.17350e-13
 5.72325e-13
 2.22898e-13
 4.33045e-14
 2.55855e-15
 2.31324e-15
 5.98037e-14
 7.12936e-13
 2.34319e-12
 2.86180e-12
 1.41569e-12
 1.84368e-13
 1.84368e-13
 1.41569e-12
 2.86180e-12
 2.34319e-12
 7.12936e-13
 5.98037e-14
 2.31324e-15
 2.55855e-15
 4.33045e-14
 2.22898e-13
 5.72325e-13
 8.17350e-13
 2.14979e-13
 4.14538e-14
 8.58636e-15
 1.36722e-15
 1.29988e-16
 4.49581e-18
 1.12675e-18
 2.74852e-17
 2.87429e-16
 6.96967e-16
 6.40128e-16
 2.25299e-16
 2.18472e-17
 1.06218e-16
 1.14318e-15
 4.21463e-15
 6.30376e-15
 4.15360e-15
 8.49698e-16
 5.33874e-17
 7.64606e-16
 1.30075e-14
 1.00874e-13
 5.28318e-13
 2.31327e-12
 1.17267e-11
 4.58136e-11
 3.54927e-11
 1.65885e-11
 4.36087e-12
 4.25389e-13
 8.42041e-14
 1.40540e-12
 8.84300e-12
 1.73960e-11
 1.55578e-11
 6.08360e-12
 7.33380e-13
 7.33380e-13
 6.08360e-12
 1.55578e-11
 1.73960e-11
 8.84300e-12
 1.40540e-12
 8.42041e-14
 4.25389e-13
 4.36087e-12
 1.65885e-11
 3.54927e-11
 4.58136e-11
 1.17267e-11
 2.31327e-12
 5.28318e-13
 1.00874e-13
 1.30075e-14
 7.64606e-16
 5.33874e-17
 8.49698e-16
 4.15360e-15
 6.30376e-15
 4.21463e-15
 1.14318e-15
 1.06218e-16
 5.20212e-16
 5.97760e-15
 2.98664e-14
 6.61500e-14
 7.35676e-14
 3.60969e-14
 4.58649e-15
 1.22551e-13
 1.21356e-12
 6.92139e-12
 3.01658e-11
 1.19597e-10
 6.04117e-10
 2.49902e-09
 2.12789e-09
 1.18519e-09
 4.10161e-10
 6.77631e-11
 5.14791e-12
 5.03759e-11
 1.30348e-10
 1.54106e-10
 9.37062e-11
 2.61460e-11
 2.90693e-12
 2.90693e-12
 2.61460e-11
 9.37062e-11
 1.54106e-10
 1.30348e-10
 5.03759e-11
 5.14791e-12
 6.77631e-11
 4.10161e-10
 1.18519e-09
 2.12789e-09
 2.49902e-09
 6.04117e-10
 1.19597e-10
 3.01658e-11
 6.92139e-12
 1.21356e-12
 1.22551e-13
 4.58649e-15
 3.60969e-14
 7.35676e-14
 6.61500e-14
 2.98664e-14
 5.97760e-15
 5.20212e-16
 2.75825e-15
 3.65305e-14
 2.24127e-13
 8.56111e-13
 1.75793e-12
 2.05495e-12
 1.51155e-12
 1.94033e-11
 1.10850e-10
 4.63183e-10
 1.74611e-09
 6.33516e-09
 3.06673e-08
 1.26802e-07
 1.19844e-07
 8.14458e-08
 3.94311e-08
 1.11524e-08
 1.26088e-09
 2.47595e-09
 2.65880e-09
 1.66194e-09
 6.14542e-10
 1.25244e-10
 1.22767e-11
 1.22767e-11
 1.25244e-10
 6.14542e-10
 1.66194e-09
 2.65880e-09
 2.47595e-09
 1.26088e-09
 1.11524e-08
 3.94311e-08
 8.14458e-08
 1.19844e-07
 1.26802e-07
 3.06673e-08
 6.33516e-09
 1.74611e-09
 4.63183e-10
 1.10850e-10
 1.94033e-11
 1.51155e-12
 2.05495e-12
 1.75793e-12
 8.56111e-13
 2.24127e-13
 3.65305e-14
 2.75825e-15
 2.03163e-14
 3.36300e-13
 2.78994e-12
 1.58322e-11
 7.08555e-11
 2.73506e-10
 9.85401e-10
 3.60150e-09
 1.17972e-08
 3.60454e-08
 1.08212e-07
 3.51111e-07
 1.64712e-06
 7.04176e-06
 7.36989e-06
 6.10580e-06
 4.06238e-06
 2.02794e-06
 7.70098e-07
 2.81237e-07
 9.53285e-08
 2.75946e-08
 6.21990e-09
 9.34166e-10
 7.34199e-11
 7.34199e-11
 9.34166e-10
 6.21990e-09
 2.75946e-08
 9.53285e-08
 2.81237e-07
 7.70098e-07
 2.02794e-06
 4.06238e-06
 6.10580e-06
 7.36989e-06
 7.04176e-06
 1.64712e-06
 3.51111e-07
 1.08212e-07
 3.60454e-08
 1.17972e-08
 3.60150e-09
 9.85401e-10
 2.73506e-10
 7.08555e-11
 1.58322e-11
 2.78994e-12
 3.36300e-13
 2.03163e-14
 4.67997e-13
 8.40085e-12
 7.56601e-11
 4.63161e-10
 2.20924e-09
 9.25125e-09
 3.38098e-08
 1.16197e-07
 3.76483e-07
 1.17484e-06
 3.64998e-06
 1.27267e-05
 6.96035e-05
 3.01232e-04
 3.02945e-04
 2.51530e-04
 1.70060e-04
 8.63438e-05
 3.38243e-05
 1.22041e-05
 3.91857e-06
 1.04799e-06
 2.15785e-07
 2.99467e-08
 2.08023e-09
 2.08023e-09
 2.99467e-08
 2.15785e-07
 1.04799e-06
 3.91857e-06
 1.22041e-05
 3.38243e-05
 8.63438e-05
 1.70060e-04
 2.51530e-04
 3.02945e-04
 3.01232e-04
 6.96035e-05
 1.27267e-05
 3.64998e-06
 1.17484e-06
 3.76483e-07
 1.16197e-07
 3.38098e-08
 9.25125e-09
 2.20924e-09
 4.63161e-10
 7.56601e-11
 8.40085e-12
 4.67997e-13
 1.12773e-12
 2.05699e-11
 1.87663e-10
 1.16477e-09
 5.84905e-09
 2.42123e-08
 8.93675e-08
 3.11758e-07
 1.11012e-06
 4.20489e-06
 1.71942e-05
 7.69761e-05
 5.15274e-04
 2.22187e-03
 2.14504e-03
 1.76898e-03
 1.21859e-03
 6.08772e-04
 2.35506e-04
 8.00628e-05
 2.34639e-05
 5.63764e-06
 1.03302e-06
 1.27060e-07
 7.97360e-09
 7.97360e-09
 1.27060e-07
 1.03302e-06
 5.63764e-06
 2.34639e-05
 8.00628e-05
 2.35506e-04
 6.08772e-04
 1.21859e-03
 1.76898e-03
 2.14504e-03
 2.22187e-03
 5.15274e-04
 7.69761e-05
 1.71942e-05
 4.20489e-06
 1.11012e-06
 3.11758e-07
 8.93675e-08
 2.42123e-08
 5.84905e-09
 1.16477e-09
 1.87663e-10
 2.05699e-11
 1.12773e-12
 8.91661e-13
 1.61799e-11
 1.43895e-10
 8.66230e-10
 4.24831e-09
 1.77954e-08
 6.94488e-08
 2.68758e-07
 1.12097e-06
 5.26187e-06
 2.86467e-05
 1.96874e-04
 2.06892e-03
 8.67182e-03
 8.04751e-03
 6.15163e-03
 3.21970e-03
 1.31337e-03
 5.08154e-04
 1.74579e-04
 5.08833e-05
 1.20279e-05
 2.14662e-06
 2.54922e-07
 1.52956e-08
 1.52956e-08
 2.54922e-07
 2.14662e-06
 1.20279e-05
 5.08833e-05
 1.74579e-04
 5.08154e-04
 1.31337e-03
 3.21970e-03
 6.15163e-03
 8.04751e-03
 8.67182e-03
 2.06892e-03
 1.96874e-04
 2.86467e-05
 5.26187e-06
 1.12097e-06
 2.68758e-07
 6.94488e-08
 1.77954e-08
 4.24831e-09
 8.66230e-10
 1.43895e-10
 1.61799e-11
 8.91661e-13
 4.63581e-13
 8.04699e-12
 6.45342e-11
 3.30214e-10
 1.24924e-09
 4.19509e-09
 1.55288e-08
 7.90119e-08
 4.61962e-07
 3.14963e-06
 2.61635e-05
 2.84506e-04
 5.77133e-03
 2.29149e-02
 1.98302e-02
 1.03550e-02
 3.67823e-03
 1.27869e-03
 4.53324e-04
 1.48452e-04
 4.29566e-05
 1.02869e-05
 1.85548e-06
 2.20163e-07
 1.29399e-08
 1.29399e-08
 2.20163e-07
 1.85548e-06
 1.02869e-05
 4.29566e-05
 1.48452e-04
 4.53324e-04
 1.27869e-03
 3.67823e-03
 1.03550e-02
 1.98302e-02
 2.29149e-02
 5.77133e-03
 2.84506e-04
 2.61635e-05
 3.14963e-06
 4.61962e-07
 7.90119e-08
 1.55288e-08
 4.19509e-09
 1.24924e-09
 3.30214e-10
 6.45342e-11
 8.04699e-12
 4.63581e-13
 1.44380e-13
 2.40358e-12
 1.70823e-11
 7.06604e-11
 1.86996e-10
 3.40074e-10
 8.38530e-10
 7.56930e-09
 7.01464e-08
 7.94238e-07
 1.30716e-05
 2.82214e-04
 1.26544e-02
 4.65151e-02
 3.24473e-02
 1.05456e-02
 2.40663e-03
 5.64878e-04
 1.55276e-04
 5.81504e-05
 2.08939e-05
 5.74672e-06
 1.10444e-06
 1.33412e-07
 7.66438e-09
 7.66438e-09
 1.33412e-07
 1.10444e-06
 5.74672e-06
 2.08939e-05
 5.81504e-05
 1.55276e-04
 5.64878e-04
 2.40663e-03
 1.05456e-02
 3.24473e-02
 4.65151e-02
 1.26544e-02
 2.82214e-04
 1.30716e-05
 7.94238e-07
 7.01464e-08
 7.56930e-09
 8.38530e-10
 3.40074e-10
 1.86996e-10
 7.06604e-11
 1.70823e-11
 2.40358e-12
 1.44380e-13
 3.59373e-14
 5.92720e-13
 3.86603e-12
 1.36182e-11
 2.48176e-11
 2.08640e-11
 6.67335e-12
 2.11235e-10
 3.71171e-09
 7.20689e-08
 2.13183e-06
 1.36910e-04
 2.35727e-02
 7.82536e-02
 4.00836e-02
 7.73789e-03
 9.61599e-04
 1.06808e-04
 1.46365e-05
 8.44696e-06
 4.98684e-06
 1.81231e-06
 4.09570e-07
 5.24245e-08
 2.91936e-09
 2.91936e-09
 5.24245e-08
 4.09570e-07
 1.81231e-06
 4.98684e-06
 8.44696e-06
 1.46365e-05
 1.06808e-04
 9.61599e-04
 7.73789e-03
 4.00836e-02
 7.82536e-02
 2.35727e-02
 1.36910e-04
 2.13183e-06
 7.20689e-08
 3.71171e-09
 2.11235e-10
 6.67335e-12
 2.08640e-11
 2.48176e-11
 1.36182e-11
 3.86603e-12
 5.92720e-13
 3.59373e-14
 8.45252e-15
 1.32722e-13
 7.91471e-13
 2.32895e-12
 3.08238e-12
 1.41139e-12
 9.91707e-14
 3.94778e-12
 1.18252e-10
 4.00966e-09
 2.94909e-07
 7.18572e-05
 3.92042e-02
 1.11201e-01
 4.44181e-02
 6.41250e-03
 5.62755e-04
 2.14821e-05
 4.29502e-07
 9.90680e-07
 9.87322e-07
 4.67742e-07
 1.20046e-07
 1.65457e-08
 1.02248e-09
 1.02248e-09
 1.65457e-08
 1.20046e-07
 4.67742e-07
 9.87322e-07
 9.90680e-07
 4.29502e-07
 2.14821e-05
 5.62755e-04
 6.41250e-03
 4.44181e-02
 1.11201e-01
 3.92042e-02
 7.18572e-05
 2.94909e-07
 4.00966e-09
 1.18252e-10
 3.94778e-12
 9.91707e-14
 1.41139e-12
 3.08238e-12
 2.32895e-12
 7.91471e-13
 1.32722e-13
 8.45252e-15
 1.94359e-15
 2.69376e-14
 1.44148e-13
 3.47729e-13
 3.48480e-13
 1.27439e-13
 1.65211e-14
 4.24676e-13
 6.25764e-11
 1.06288e-08
 1.55557e-06
 2.43640e-04
 5.68595e-02
 1.40513e-01
 5.06204e-02
 7.83155e-03
 8.00466e-04
 4.39094e-05
 1.19999e-06
 1.40237e-07
 1.65921e-07
 9.93338e-08
 3.25652e-08
 7.30735e-09
 2.80290e-09
 2.80290e-09
 7.30735e-09
 3.25652e-08
 9.93338e-08
 1.65921e-07
 1.40237e-07
 1.19999e-06
 4.39094e-05
 8.00466e-04
 7.83155e-03
 5.06204e-02
 1.40513e-01
 5.68595e-02
 2.43640e-04
 1.55557e-06
 1.06288e-08
 6.25764e-11
 4.24676e-13
 1.65211e-14
 1.27439e-13
 3.48480e-13
 3.47729e-13
 1.44148e-13
 2.69376e-14
 1.94359e-15
 3.88292e-16
 4.58289e-15
 2.14602e-14
 4.45416e-14
 3.60638e-14
 1.34211e-14
 4.01034e-14
 4.53892e-12
 5.10876e-10
 5.76294e-08
 5.40281e-06
 5.28541e-04
 7.41647e-02
 1.71022e-01
 6.42846e-02
 1.14944e-02
 1.54356e-03
 1.29548e-04
 5.61905e-06
 1.72845e-07
 4.39405e-08
 6.29403e-08
 9.47215e-08
 1.30624e-07
 1.54907e-07
 1.54907e-07
 1.30624e-07
 9.47215e-08
 6.29403e-08
 4.39405e-08
 1.72845e-07
 5.61905e-06
 1.29548e-04
 1.54356e-03
 1.14944e-02
 6.42846e-02
 1.71022e-01
 7.41647e-02
 5.28541e-04
 5.40281e-06
 5.76294e-08
 5.10876e-10
 4.53892e-12
 4.01034e-14
 1.34211e-14
 3.60638e-14
 4.45416e-14
 2.14602e-14
 4.58289e-15
 3.88292e-16
 6.22054e-17
 6.10674e-16
 2.48631e-15
 4.56573e-15
 3.25672e-15
 3.33695e-15
 2.28722e-13
 2.09135e-11
 2.17931e-09
 1.68636e-07
 1.19878e-05
 8.84658e-04
 9.27769e-02
 2.09071e-01
 9.06639e-02
 2.14712e-02
 4.26216e-03
 5.92330e-04
 4.13710e-05
 2.31309e-06
 1.74516e-06
 3.34282e-06
 5.16458e-06
 6.61470e-06
 7.42808e-06
 7.42808e-06
 6.61470e-06
 5.16458e-06
 3.34282e-06
 1.74516e-06
 2.31309e-06
 4.13710e-05
 5.92330e-04
 4.26216e-03
 2.14712e-02
 9.06639e-02
 2.09071e-01
 9.27769e-02
 8.84658e-04
 1.19878e-05
 1.68636e-07
 2.17931e-09
 2.09135e-11
 2.28722e-13
 3.33695e-15
 3.25672e-15
 4.56573e-15
 2.48631e-15
 6.10674e-16
 6.22054e-17
 7.24397e-18
 5.77261e-17
 2.02837e-16
 3.33885e-16
 2.90185e-16
 7.28220e-15
 6.65877e-13
 5.21046e-11
 5.42970e-09
 3.50670e-07
 2.11237e-05
 1.31625e-03
 1.16455e-01
 2.67729e-01
 1.40233e-01
 5.12813e-02
 1.71932e-02
 4.59701e-03
 6.74102e-04
 1.42494e-04
 1.64745e-04
 2.25882e-04
 2.78993e-04
 3.15122e-04
 3.33935e-04
 3.33935e-04
 3.15122e-04
 2.78993e-04
 2.25882e-04
 1.64745e-04
 1.42494e-04
 6.74102e-04
 4.59701e-03
 1.71932e-02
 5.12813e-02
 1.40233e-01
 2.67729e-01
 1.16455e-01
 1.31625e-03
 2.11237e-05
 3.50670e-07
 5.42970e-09
 5.21046e-11
 6.65877e-13
 7.28220e-15
 2.90185e-16
 3.33885e-16
 2.02837e-16
 5.77261e-17
 7.24397e-18
 2.84608e-18
 1.20278e-17
 2.56953e-17
 3.03197e-17
 1.42600e-16
 1.34023e-14
 1.14420e-12
 8.26319e-11
 1.03810e-08
 6.11929e-07
 3.38685e-05
 1.93781e-03
 1.57218e-01
 3.95251e-01
 2.62997e-01
 1.39960e-01
 7.74469e-02
 4.24154e-02
 2.33059e-02
 1.66036e-02
 1.48277e-02
 1.46901e-02
 1.49862e-02
 1.51836e-02
 1.52978e-02
 1.52978e-02
 1.51836e-02
 1.49862e-02
 1.46901e-02
 1.48277e-02
 1.66036e-02
 2.33059e-02
 4.24154e-02
 7.74469e-02
 1.39960e-01
 2.62997e-01
 3.95251e-01
 1.57218e-01
 1.93781e-03
 3.38685e-05
 6.11929e-07
 1.03810e-08
 8.26319e-11
 1.14420e-12
 1.34023e-14
 1.42600e-16
 3.03197e-17
 2.56953e-17
 1.20278e-17
 2.84608e-18
 3.84609e-16
 1.54370e-15
 3.31273e-15
 3.86788e-15
 2.71701e-15
 1.82927e-14
 1.45548e-12
 1.03490e-10
 1.86623e-08
 1.07907e-06
 5.87873e-05
 3.30909e-03
 2.47264e-01
 7.86238e-01
 8.13466e-01
 7.96735e-01
 7.88973e-01
 7.84522e-01
 7.78584e-01
 7.66914e-01
 7.55116e-01
 7.47448e-01
 7.44227e-01
 7.50676e-01
 7.54636e-01
 7.54636e-01
 7.50676e-01
 7.44227e-01
 7.47448e-01
 7.55116e-01
 7.66914e-01
 7.78584e-01
 7.84522e-01
 7.88973e-01
 7.96735e-01
 8.13466e-01
 7.86238e-01
 2.47264e-01
 3.30909e-03
 5.87873e-05
 1.07907e-06
 1.86623e-08
 1.03490e-10
 1.45548e-12
 1.82927e-14
 2.71701e-15
 3.86788e-15
 3.31273e-15
 1.54370e-15
 3.84609e-16
 8.00396e-15
 3.98419e-14
 9.50156e-14
 1.19840e-13
 7.74685e-14
 4.52840e-14
 1.22889e-12
 9.10761e-11
 1.67121e-08
 1.01901e-06
 5.83466e-05
 3.45370e-03
 2.56263e-01
 8.63984e-01
 9.45139e-01
 9.61247e-01
 9.67579e-01
 9.67135e-01
 9.53597e-01
 9.14854e-01
 8.71933e-01
 8.45634e-01
 8.40350e-01
 8.90876e-01
 9.23201e-01
 9.23201e-01
 8.90876e-01
 8.40350e-01
 8.45634e-01
 8.71933e-01
 9.14854e-01
 9.53597e-01
 9.67135e-01
 9.67579e-01
 9.61247e-01
 9.45139e-01
 8.63984e-01
 2.56263e-01
 3.45370e-03
 5.83466e-05
 1.01901e-06
 1.67121e-08
 9.10761e-11
 1.22889e-12
 4.52840e-14
 7.74685e-14
 1.19840e-13
 9.50156e-14
 3.98419e-14
 8.00396e-15
 7.01088e-14
 4.35042e-13
 1.16017e-12
 1.55323e-12
 1.00249e-12
 3.77418e-13
 6.66283e-13
 4.80760e-11
 1.04258e-08
 7.27154e-07
 4.71092e-05
 3.15591e-03
 2.63326e-01
 9.02101e-01
 9.71688e-01
 9.74698e-01
 9.61809e-01
 9.10448e-01
 7.80949e-01
 6.29994e-01
 5.29328e-01
 4.80074e-01
 4.76460e-01
 5.97723e-01
 7.23794e-01
 7.23794e-01
 5.97723e-01
 4.76460e-01
 4.80074e-01
 5.29328e-01
 6.29994e-01
 7.80949e-01
 9.10448e-01
 9.61809e-01
 9.74698e-01
 9.71688e-01
 9.02101e-01
 2.63326e-01
 3.15591e-03
 4.71092e-05
 7.27154e-07
 1.04258e-08
 4.80760e-11
 6.66283e-13
 3.77418e-13
 1.00249e-12
 1.55323e-12
 1.16017e-12
 4.35042e-13
 7.01088e-14
 4.00174e-13
 3.06101e-12
 9.16996e-12
 1.29751e-11
 8.27777e-12
 2.70788e-12
 7.65189e-13
 1.53037e-11
 3.98799e-09
 3.60699e-07
 2.90218e-05
 2.42933e-03
 2.53886e-01
 9.01511e-01
 9.79085e-01
 9.76798e-01
 9.47033e-01
 8.25053e-01
 6.01358e-01
 4.15498e-01
 2.97458e-01
 2.30557e-01
 2.16224e-01
 3.18176e-01
 5.17587e-01
 5.17587e-01
 3.18176e-01
 2.16224e-01
 2.30557e-01
 2.97458e-01
 4.15498e-01
 6.01358e-01
 8.25053e-01
 9.47033e-01
 9.76798e-01
 9.79085e-01
 9.01511e-01
 2.53886e-01
 2.42933e-03
 2.90218e-05
 3.60699e-07
 3.98799e-09
 1.53037e-11
 7.65189e-13
 2.70788e-12
 8.27777e-12
 1.29751e-11
 9.16996e-12
 3.06101e-12
 4.00174e-13
 1.74693e-12
 1.60797e-11
 5.43605e-11
 8.18326e-11
 5.22208e-11
 1.47955e-11
 2.60085e-12
 2.67824e-12
 5.41609e-10
 1.09538e-07
 1.25607e-05
 1.52003e-03
 2.35547e-01
 8.89564e-01
 9.81661e-01
 9.82185e-01
 9.54539e-01
 8.36943e-01
 5.88665e-01
 3.78765e-01
 2.36402e-01
 1.34674e-01
 9.56950e-02
 1.53376e-01
 3.88710e-01
 3.88710e-01
 1.53376e-01
 9.56950e-02
 1.34674e-01
 2.36402e-01
 3.78765e-01
 5.88665e-01
 8.36943e-01
 9.54539e-01
 9.82185e-01
 9.81661e-01
 8.89564e-01
 2.35547e-01
 1.52003e-03
 1.25607e-05
 1.09538e-07
 5.41609e-10
 2.67824e-12
 2.60085e-12
 1.47955e-11
 5.22208e-11
 8.18326e-11
 5.43605e-11
 1.60797e-11
 1.74693e-12
 6.39825e-12
 6.83132e-11
 2.60917e-10
 4.26274e-10
 2.91163e-10
 7.01331e-11
 7.33712e-12
 4.38184e-12
 1.05467e-10
 1.86804e-08
 2.97765e-06
 6.33653e-04
 2.07107e-01
 8.64317e-01
 9.81445e-01
 9.89770e-01
 9.75687e-01
 9.14154e-01
 7.58386e-01
 4.96780e-01
 2.60395e-01
 1.14044e-01
 4.70311e-02
 6.33821e-02
 2.99167e-01
 2.99167e-01
 6.33821e-02
 4.70311e-02
 1.14044e-01
 2.60395e-01
 4.96780e-01
 7.58386e-01
 9.14154e-01
 9.75687e-01
 9.89770e-01
 9.81445e-01
 8.64317e-01
 2.07107e-01
 6.33653e-04
 2.97765e-06
 1.86804e-08
 1.05467e-10
 4.38184e-12
 7.33712e-12
 7.01331e-11
 2.91163e-10
 4.26274e-10
 2.60917e-10
 6.83132e-11
 6.39825e-12
 2.11022e-11
 2.48821e-10
 1.05939e-09
 1.94585e-09
 1.60304e-09
 3.96740e-10
 6.17816e-12
 2.48280e-10
 1.06318e-08
 1.70753e-07
 3.52398e-06
 1.26362e-04
 1.68761e-01
 8.12968e-01
 9.74783e-01
 9.92300e-01
 9.95932e-01
 9.89907e-01
 1.00526e+00
 7.30757e-01
 3.56971e-01
 1.30994e-01
 3.42912e-02
 2.67393e-02
 2.30291e-01
 2.30291e-01
 2.67393e-02
 3.42912e-02
 1.30994e-01
 3.56971e-01
 7.30757e-01
 1.00526e+00
 9.89907e-01
 9.95932e-01
 9.92300e-01
 9.74783e-01
 8.12968e-01
 1.68761e-01
 1.26362e-04
 3.52398e-06
 1.70753e-07
 1.06318e-08
 2.48280e-10
 6.17816e-12
 3.96740e-10
 1.60304e-09
 1.94585e-09
 1.05939e-09
 2.48821e-10
 2.11022e-11
 7.15050e-11
 8.31724e-10
 5.38614e-09
 1.32517e-08
 1.59039e-08
 8.48986e-09
 1.19036e-09
 3.37180e-08
 3.01751e-07
 3.23379e-06
 5.14187e-05
 1.57318e-03
 1.29312e-01
 7.15133e-01
 9.45495e-01
 9.83618e-01
 9.94872e-01
 9.94366e-01
 9.75626e-01
 8.08557e-01
 4.28478e-01
 1.56231e-01
 3.63063e-02
 1.82611e-02
 1.78244e-01
 1.78244e-01
 1.82611e-02
 3.63063e-02
 1.56231e-01
 4.28478e-01
 8.08557e-01
 9.75626e-01
 9.94366e-01
 9.94872e-01
 9.83618e-01
 9.45495e-01
 7.15133e-01
 1.29312e-01
 1.57318e-03
 5.14187e-05
 3.23379e-06
 3.01751e-07
 3.37180e-08
 1.19036e-09
 8.48986e-09
 1.59039e-08
 1.32517e-08
 5.38614e-09
 8.31724e-10
 7.15050e-11
 2.02067e-10
 2.38809e-09
 1.94299e-08
 5.66758e-08
 9.76720e-08
 1.19968e-07
 1.86579e-07
 8.19535e-07
 4.25569e-06
 2.78965e-05
 2.60593e-04
 3.44260e-03
 9.00330e-02
 5.64222e-01
 8.59222e-01
 9.41698e-01
 9.65419e-01
 9.58083e-01
 9.03798e-01
 7.15750e-01
 3.90381e-01
 1.44740e-01
 3.43944e-02
 1.44911e-02
 1.44830e-01
 1.44830e-01
 1.44911e-02
 3.43944e-02
 1.44740e-01
 3.90381e-01
 7.15750e-01
 9.03798e-01
 9.58083e-01
 9.65419e-01
 9.41698e-01
 8.59222e-01
 5.64222e-01
 9.00330e-02
 3.44260e-03
 2.60593e-04
 2.78965e-05
 4.25569e-06
 8.19535e-07
 1.86579e-07
 1.19968e-07
 9.76720e-08
 5.66758e-08
 1.94299e-08
 2.38809e-09
 2.02067e-10
 4.21479e-10
 8.19840e-09
 5.30213e-08
 1.97352e-07
 5.14619e-07
 1.07742e-06
 2.36044e-06
 7.26660e-06
 2.64166e-05
 1.14779e-04
 6.13636e-04
 4.29752e-03
 5.39417e-02
 3.58323e-01
 6.46849e-01
 7.93890e-01
 8.29749e-01
 8.05688e-01
 7.10118e-01
 5.05550e-01
 2.56313e-01
 9.38360e-02
 2.29661e-02
 1.13759e-02
 1.22938e-01
 1.22938e-01
 1.13759e-02
 2.29661e-02
 9.38360e-02
 2.56313e-01
 5.05550e-01
 7.10118e-01
 8.05688e-01
 8.29749e-01
 7.93890e-01
 6.46849e-01
 3.58323e-01
 5.39417e-02
 4.29752e-03
 6.13636e-04
 1.14779e-04
 2.64166e-05
 7.26660e-06
 2.36044e-06
 1.07742e-06
 5.14619e-07
 1.97352e-07
 5.30213e-08
 8.19840e-09
 4.21479e-10
 6.19770e-10
 1.30931e-08
 8.84594e-08
 3.88660e-07
 1.31913e-06
 3.81587e-06
 1.00802e-05
 2.59609e-05
 7.21603e-05
 2.24326e-04
 8.07508e-04
 3.58012e-03
 2.45549e-02
 1.54768e-01
 3.16809e-01
 4.51188e-01
 4.76097e-01
 4.41348e-01
 3.47770e-01
 2.22155e-01
 1.10228e-01
 4.09842e-02
 1.08682e-02
 8.64761e-03
 1.08466e-01
 1.08466e-01
 8.64761e-03
 1.08682e-02
 4.09842e-02
 1.10228e-01
 2.22155e-01
 3.47770e-01
 4.41348e-01
 4.76097e-01
 4.51188e-01
 3.16809e-01
 1.54768e-01
 2.45549e-02
 3.58012e-03
 8.07508e-04
 2.24326e-04
 7.21603e-05
 2.59609e-05
 1.00802e-05
 3.81587e-06
 1.31913e-06
 3.88660e-07
 8.84594e-08
 1.30931e-08
 6.19770e-10
 6.84890e-10
 1.43249e-08
 9.86541e-08
 4.47971e-07
 1.57749e-06
 4.68460e-06
 1.24075e-05
 3.08110e-05
 7.70108e-05
 2.01930e-04
 5.72012e-04
 1.77626e-03
 7.00184e-03
 3.92302e-02
 8.22821e-02
 1.22470e-01
 1.27443e-01
 1.13317e-01
 8.38985e-02
 5.17689e-02
 2.58834e-02
 1.01827e-02
 3.19405e-03
 6.73447e-03
 9.90693e-02
 9.90693e-02
 6.73447e-03
 3.19405e-03
 1.01827e-02
 2.58834e-02
 5.17689e-02
 8.38985e-02
 1.13317e-01
 1.27443e-01
 1.22470e-01
 8.22821e-02
 3.92302e-02
 7.00184e-03
 1.77626e-03
 5.72012e-04
 2.01930e-04
 7.70108e-05
 3.08110e-05
 1.24075e-05
 4.68460e-06
 1.57749e-06
 4.47971e-07
 9.86541e-08
 1.43249e-08
 6.84890e-10
 1.94698e-10
 2.53687e-09
 2.54466e-08
 1.15940e-07
 4.08323e-07
 1.22699e-06
 3.35904e-06
 8.71853e-06
 2.10666e-05
 4.87655e-05
 1.09593e-04
 2.44065e-04
 7.90706e-04
 3.86501e-03
 7.78021e-03
 1.15639e-02
 1.16555e-02
 9.72912e-03
 6.66854e-03
 3.97107e-03
 2.12081e-03
 9.37629e-04
 4.82553e-04
 5.71370e-03
 9.30466e-02
 9.30466e-02
 5.71370e-03
 4.82553e-04
 9.37629e-04
 2.12081e-03
 3.97107e-03
 6.66854e-03
 9.72912e-03
 1.16555e-02
 1.15639e-02
 7.78021e-03
 3.86501e-03
 7.90706e-04
 2.44065e-04
 1.09593e-04
 4.87655e-05
 2.10666e-05
 8.71853e-06
 3.35904e-06
 1.22699e-06
 4.08323e-07
 1.15940e-07
 2.54466e-08
 2.53687e-09
 1.94698e-10
 1.50169e-11
 1.53424e-10
 7.08671e-10
 1.75353e-09
 3.66571e-09
 3.58756e-09
 1.55212e-09
 1.59629e-08
 6.92652e-08
 2.21443e-07
 6.03717e-07
 1.49411e-06
 5.00374e-06
 2.37204e-05
 4.23424e-05
 5.24455e-05
 3.78596e-05
 1.73126e-05
 3.91326e-06
 1.59486e-05
 2.90128e-05
 3.11596e-05
 1.62171e-04
 5.19767e-03
 9.01948e-02
 9.01948e-02
 5.19767e-03
 1.62171e-04
 3.11596e-05
 2.90128e-05
 1.59486e-05
 3.91326e-06
 1.73126e-05
 3.78596e-05
 5.24455e-05
 4.23424e-05
 2.37204e-05
 5.00374e-06
 1.49411e-06
 6.03717e-07
 2.21443e-07
 6.92652e-08
 1.59629e-08
 1.55212e-09
 3.58756e-09
 3.66571e-09
 1.75353e-09
 7.08671e-10
 1.53424e-10
 1.50169e-11
 2.97764e-12
 2.66570e-11
 8.32692e-11
 1.24459e-10
 9.70425e-11
 3.42228e-11
 3.47660e-12
 3.70710e-11
 2.63947e-10
 2.16611e-09
 7.70881e-09
 2.15126e-08
 7.49014e-08
 3.43340e-07
 5.46201e-07
 5.65646e-07
 2.93241e-07
 7.87427e-08
 2.28044e-08
 2.76047e-07
 1.35095e-06
 5.48455e-06
 1.28219e-04
 4.83965e-03
 8.99825e-02
 8.99825e-02
 4.83965e-03
 1.28219e-04
 5.48455e-06
 1.35095e-06
 2.76047e-07
 2.28044e-08
 7.87427e-08
 2.93241e-07
 5.65646e-07
 5.46201e-07
 3.43340e-07
 7.49014e-08
 2.15126e-08
 7.70881e-09
 2.16611e-09
 2.63947e-10
 3.70710e-11
 3.47660e-12
 3.42228e-11
 9.70425e-11
 1.24459e-10
 8.32692e-11
 2.66570e-11
 2.97764e-12
 6.98100e-13
 5.60645e-12
 1.21484e-11
 1.21894e-11
 5.69099e-12
 8.60074e-13
 5.46629e-14
 1.96403e-13
 2.36162e-12
 1.35641e-11
 5.14976e-11
 1.46017e-10
 9.92222e-10
 5.30822e-09
 7.69123e-09
 6.56340e-09
 2.25664e-09
 1.60774e-10
 3.10471e-10
 1.13769e-08
 1.34872e-07
 2.54891e-06
 1.04753e-04
 4.52212e-03
 9.52947e-02
 9.52947e-02
 4.52212e-03
 1.04753e-04
 2.54891e-06
 1.34872e-07
 1.13769e-08
 3.10471e-10
 1.60774e-10
 2.25664e-09
 6.56340e-09
 7.69123e-09
 5.30822e-09
 9.92222e-10
 1.46017e-10
 5.14976e-11
 1.35641e-11
 2.36162e-12
 1.96403e-13
 5.46629e-14
 8.60074e-13
 5.69099e-12
 1.21894e-11
 1.21484e-11
 5.60645e-12
 6.98100e-13
 1.78678e-13
 1.24690e-12
 2.10670e-12
 1.51267e-12
 4.09374e-13
 3.52411e-14
 1.54525e-15
 1.08285e-15
 2.11326e-14
 1.64964e-13
 7.52360e-13
 2.35586e-12
 8.18625e-12
 2.93640e-11
 3.60990e-11
 2.49595e-11
 7.78465e-12
 1.18982e-12
 1.75843e-11
 1.04215e-09
 3.54067e-08
 1.57406e-06
 8.14908e-05
 4.13489e-03
 1.04139e-01
 1.04139e-01
 4.13489e-03
 8.14908e-05
 1.57406e-06
 3.54067e-08
 1.04215e-09
 1.75843e-11
 1.18982e-12
 7.78465e-12
 2.49595e-11
 3.60990e-11
 2.93640e-11
 8.18625e-12
 2.35586e-12
 7.52360e-13
 1.64964e-13
 2.11326e-14
 1.08285e-15
 1.54525e-15
 3.52411e-14
 4.09374e-13
 1.51267e-12
 2.10670e-12
 1.24690e-12
 1.78678e-13
 4.52749e-14
 2.86467e-13
 4.07980e-13
 2.16274e-13
 3.55371e-14
 1.76106e-15
 4.66912e-17
 6.14534e-18
 1.78053e-16
 1.88375e-15
 1.02977e-14
 3.55488e-14
 1.26977e-13
 4.39754e-13
 4.89404e-13
 2.81266e-13
 6.55642e-14
 3.29946e-14
 2.82174e-12
 2.37393e-10
 1.85795e-08
 1.16806e-06
 6.78903e-05
 3.90343e-03
 1.21120e-01
 1.21120e-01
 3.90343e-03
 6.78903e-05
 1.16806e-06
 1.85795e-08
 2.37393e-10
 2.82174e-12
 3.29946e-14
 6.55642e-14
 2.81266e-13
 4.89404e-13
 4.39754e-13
 1.26977e-13
 3.55488e-14
 1.02977e-14
 1.88375e-15
 1.78053e-16
 6.14534e-18
 4.66912e-17
 1.76106e-15
 3.55371e-14
 2.16274e-13
 4.07980e-13
 2.86467e-13
 4.52749e-14
 1.27483e-14
 7.02760e-14
 8.83798e-14
 3.57492e-14
 3.77758e-15
 7.52344e-17
 7.74212e-19
 3.43601e-20
 1.33868e-18
 1.91069e-17
 1.24696e-16
 4.73184e-16
 1.73316e-15
 5.80820e-15
 5.86616e-15
 2.82058e-15
 5.00470e-16
 3.34304e-15
 8.44953e-13
 1.58385e-10
 2.03371e-08
 1.60725e-06
 8.02641e-05
 4.13863e-03
 1.44926e-01
 1.44926e-01
 4.13863e-03
 8.02641e-05
 1.60725e-06
 2.03371e-08
 1.58385e-10
 8.44953e-13
 3.34304e-15
 5.00470e-16
 2.82058e-15
 5.86616e-15
 5.80820e-15
 1.73316e-15
 4.73184e-16
 1.24696e-16
 1.91069e-17
 1.33868e-18
 3.43601e-20
 7.74212e-19
 7.52344e-17
 3.77758e-15
 3.57492e-14
 8.83798e-14
 7.02760e-14
 1.27483e-14
