Density
part
         1
hexa8
 1.00000e+00
 1.00000e+00
 1.00000e+00
 1.00000e+00
 1.00000e+00
 1.00000e+00
 1.00000e+00
 1.00000e+00
 1.00000e+00
 1.00000e+00
 1.00000e+00
 1.00000e+00
 1.00000e+00
 1.00000e+00
 1.00000e+00
 1.00000e+00
 1.00000e+00
 1.00000e+00
 1.00000e+00
 1.00000e+00
 1.00000e+00
 1.00000e+00
 9.99998e-01
 9.99989e-01
 9.99944e-01
 9.99755e-01
 9.99064e-01
 9.96918e-01
 9.91391e-01
 9.79789e-01
 9.60027e-01
 9.32161e-01
 8.98182e-01
 8.60417e-01
 8.20466e-01
 7.79165e-01
 7.36916e-01
 6.93926e-01
 6.50334e-01
 6.06274e-01
 5.61954e-01
 5.17790e-01
 4.74788e-01
 4.35751e-01
 4.09412e-01
 4.08585e-01
 4.14848e-01
 4.20254e-01
 4.23272e-01
 4.24128e-01
 2.34962e-01
 2.42096e-01
 2.47135e-01
 2.50810e-01
 2.53546e-01
 2.55617e-01
 2.57208e-01
 2.58446e-01
 2.59419e-01
 2.60191e-01
 2.60802e-01
 2.61281e-01
 2.61641e-01
 2.61886e-01
 2.62002e-01
 2.61961e-01
 2.61708e-01
 2.61160e-01
 2.60195e-01
 2.58644e-01
 2.56297e-01
 2.52906e-01
 2.48223e-01
 2.42038e-01
 2.34235e-01
 2.24843e-01
 2.14060e-01
 2.02251e-01
 1.89913e-01
 1.77616e-01
 1.65935e-01
 1.55382e-01
 1.46355e-01
 1.39097e-01
 1.33669e-01
 1.29943e-01
 1.27619e-01
 1.26305e-01
 1.25621e-01
 1.25286e-01
 1.25129e-01
 1.25057e-01
 1.25025e-01
 1.25011e-01
 1.25005e-01
 1.25002e-01
 1.25001e-01
 1.25000e-01
 1.25000e-01
 1.25000e-01
 1.00000e+00
 1.00000e+00
 1.00000e+00
 1.00000e+00
 1.00000e+00
 1.00000e+00
 1.00000e+00
 1.00000e+00
 1.00000e+00
 1.00000e+00
 1.00000e+00
 1.00000e+00
 1.00000e+00
 1.00000e+00
 1.00000e+00
 1.00000e+00
 1.00000e+00
 1.00000e+00
 1.00000e+00
 1.00000e+00
 1.00000e+00
 1.00000e+00
 9.99998e-01
 9.99989e-01
 9.99944e-01
 9.99755e-01
 9.99064e-01
 9.96918e-01
 9.91391e-01
 9.79789e-01
 9.60027e-01
 9.32161e-01
 8.98182e-01
 8.60417e-01
 8.20466e-01
 7.79165e-01
 7.36916e-01
 6.93926e-01
 6.50334e-01
 6.06274e-01
 5.61954e-01
 5.17790e-01
 4.74788e-01
 4.35751e-01
 4.09412e-01
 4.08585e-01
 4.14848e-01
 4.20254e-01
 4.23272e-01
 4.24128e-01
 2.34962e-01
 2.42096e-01
 2.47135e-01
 2.50810e-01
 2.53546e-01
 2.55617e-01
 2.57208e-01
 2.58446e-01
 2.59419e-01
 2.60191e-01
 2.60802e-01
 2.61281e-01
 2.61641e-01
 2.61886e-01
 2.62002e-01
 2.61961e-01
 2.61708e-01
 2.61160e-01
 2.60195e-01
 2.58644e-01
 2.56297e-01
 2.52906e-01
 2.48223e-01
 2.42038e-01
 2.34235e-01
 2.24843e-01
 2.14060e-01
 2.02251e-01
 1.89913e-01
 1.77616e-01
 1.65935e-01
 1.55382e-01
 1.46355e-01
 1.39097e-01
 1.33669e-01
 1.29943e-01
 1.27619e-01
 1.26305e-01
 1.25621e-01
 1.25286e-01
 1.25129e-01
 1.25057e-01
 1.25025e-01
 1.25011e-01
 1.25005e-01
 1.25002e-01
 1.25001e-01
 1.25000e-01
 1.25000e-01
 1.25000e-01
 1.00000e+00
 1.00000e+00
 1.00000e+00
 1.00000e+00
 1.00000e+00
 1.00000e+00
 1.00000e+00
 1.00000e+00
 1.00000e+00
 1.00000e+00
 1.00000e+00
 1.00000e+00
 1.00000e+00
 1.00000e+00
 1.00000e+00
 1.00000e+00
 1.00000e+00
 1.00000e+00
 1.00000e+00
 1.00000e+00
 1.00000e+00
 1.00000e+00
 9.99998e-01
 9.99989e-01
 9.99944e-01
 9.99755e-01
 9.99064e-01
 9.96918e-01
 9.91391e-01
 9.79789e-01
 9.60027e-01
 9.32161e-01
 8.98182e-01
 8.60417e-01
 8.20466e-01
 7.79165e-01
 7.36916e-01
 6.93926e-01
 6.50334e-01
 6.06274e-01
 5.61954e-01
 5.17790e-01
 4.74788e-01
 4.35751e-01
 4.09412e-01
 4.08585e-01
 4.14848e-01
 4.20254e-01
 4.23272e-01
 4.24128e-01
 2.34962e-01
 2.42096e-01
 2.47135e-01
 2.50810e-01
 2.53546e-01
 2.55617e-01
 2.57208e-01
 2.58446e-01
 2.59419e-01
 2.60191e-01
 2.60802e-01
 2.61281e-01
 2.61641e-01
 2.61886e-01
 2.62002e-01
 2.61961e-01
 2.61708e-01
 2.61160e-01
 2.60195e-01
 2.58644e-01
 2.56297e-01
 2.52906e-01
 2.48223e-01
 2.42038e-01
 2.34235e-01
 2.24843e-01
 2.14060e-01
 2.02251e-01
 1.89913e-01
 1.77616e-01
 1.65935e-01
 1.55382e-01
 1.46355e-01
 1.39097e-01
 1.33669e-01
 1.29943e-01
 1.27619e-01
 1.26305e-01
 1.25621e-01
 1.25286e-01
 1.25129e-01
 1.25057e-01
 1.25025e-01
 1.25011e-01
 1.25005e-01
 1.25002e-01
 1.25001e-01
 1.25000e-01
 1.25000e-01
 1.25000e-01
 1.00000e+00
 1.00000e+00
 1.00000e+00
 1.00000e+00
 1.00000e+00
 1.00000e+00
 1.00000e+00
 1.00000e+00
 1.00000e+00
 1.00000e+00
 1.00000e+00
 1.00000e+00
 1.00000e+00
 1.00000e+00
 1.00000e+00
 1.00000e+00
 1.00000e+00
 1.00000e+00
 1.00000e+00
 1.00000e+00
 1.00000e+00
 1.00000e+00
 9.99998e-01
 9.99989e-01
 9.99944e-01
 9.99755e-01
 9.99064e-01
 9.96918e-01
 9.91391e-01
 9.79789e-01
 9.60027e-01
 9.32161e-01
 8.98182e-01
 8.60417e-01
 8.20466e-01
 7.79165e-01
 7.36916e-01
 6.93926e-01
 6.50334e-01
 6.06274e-01
 5.61954e-01
 5.17790e-01
 4.74788e-01
 4.35751e-01
 4.09412e-01
 4.08585e-01
 4.14848e-01
 4.20254e-01
 4.23272e-01
 4.24128e-01
 2.34962e-01
 2.42096e-01
 2.47135e-01
 2.50810e-01
 2.53546e-01
 2.55617e-01
 2.57208e-01
 2.58446e-01
 2.59419e-01
 2.60191e-01
 2.60802e-01
 2.61281e-01
 2.61641e-01
 2.61886e-01
 2.62002e-01
 2.61961e-01
 2.61708e-01
 2.61160e-01
 2.60195e-01
 2.58644e-01
 2.56297e-01
 2.52906e-01
 2.48223e-01
 2.42038e-01
 2.34235e-01
 2.24843e-01
 2.14060e-01
 2.02251e-01
 1.89913e-01
 1.77616e-01
 1.65935e-01
 1.55382e-01
 1.46355e-01
 1.39097e-01
 1.33669e-01
 1.29943e-01
 1.27619e-01
 1.26305e-01
 1.25621e-01
 1.25286e-01
 1.25129e-01
 1.25057e-01
 1.25025e-01
 1.25011e-01
 1.25005e-01
 1.25002e-01
 1.25001e-01
 1.25000e-01
 1.25000e-01
 1.25000e-01
 1.00000e+00
 1.00000e+00
 1.00000e+00
 1.00000e+00
 1.00000e+00
 1.00000e+00
 1.00000e+00
 1.00000e+00
 1.00000e+00
 1.00000e+00
 1.00000e+00
 1.00000e+00
 1.00000e+00
 1.00000e+00
 1.00000e+00
 1.00000e+00
 1.00000e+00
 1.00000e+00
 1.00000e+00
 1.00000e+00
 1.00000e+00
 1.00000e+00
 9.99998e-01
 9.99989e-01
 9.99944e-01
 9.99755e-01
 9.99064e-01
 9.96918e-01
 9.91391e-01
 9.79789e-01
 9.60027e-01
 9.32161e-01
 8.98182e-01
 8.60417e-01
 8.20466e-01
 7.79165e-01
 7.36916e-01
 6.93926e-01
 6.50334e-01
 6.06274e-01
 5.61954e-01
 5.17790e-01
 4.74788e-01
 4.35751e-01
 4.09412e-01
 4.08585e-01
 4.14848e-01
 4.20254e-01
 4.23272e-01
 4.24128e-01
 2.34962e-01
 2.42096e-01
 2.47135e-01
 2.50810e-01
 2.53546e-01
 2.55617e-01
 2.57208e-01
 2.58446e-01
 2.59419e-01
 2.60191e-01
 2.60802e-01
 2.61281e-01
 2.61641e-01
 2.61886e-01
 2.62002e-01
 2.61961e-01
 2.61708e-01
 2.61160e-01
 2.60195e-01
 2.58644e-01
 2.56297e-01
 2.52906e-01
 2.48223e-01
 2.42038e-01
 2.34235e-01
 2.24843e-01
 2.14060e-01
 2.02251e-01
 1.89913e-01
 1.77616e-01
 1.65935e-01
 1.55382e-01
 1.46355e-01
 1.39097e-01
 1.33669e-01
 1.29943e-01
 1.27619e-01
 1.26305e-01
 1.25621e-01
 1.25286e-01
 1.25129e-01
 1.25057e-01
 1.25025e-01
 1.25011e-01
 1.25005e-01
 1.25002e-01
 1.25001e-01
 1.25000e-01
 1.25000e-01
 1.25000e-01
