PseudoViscosity
part
         1
hexa8
 0.00000e+00
 0.00000e+00
 0.00000e+00
 0.00000e+00
 0.00000e+00
 0.00000e+00
 0.00000e+00
 0.00000e+00
 0.00000e+00
 0.00000e+00
 0.00000e+00
 0.00000e+00
 0.00000e+00
 0.00000e+00
 0.00000e+00
 0.00000e+00
 0.00000e+00
 0.00000e+00
 0.00000e+00
 0.00000e+00
 0.00000e+00
 0.00000e+00
 0.00000e+00
 0.00000e+00
 0.00000e+00
 0.00000e+00
 0.00000e+00
 0.00000e+00
 0.00000e+00
 0.00000e+00
 0.00000e+00
 0.00000e+00
 0.00000e+00
 0.00000e+00
 0.00000e+00
 0.00000e+00
 0.00000e+00
 0.00000e+00
 0.00000e+00
 0.00000e+00
 0.00000e+00
 0.00000e+00
 0.00000e+00
 0.00000e+00
 0.00000e+00
 0.00000e+00
 0.00000e+00
 0.00000e+00
 7.79028e-03
 0.00000e+00
 1.45363e-04
 2.76756e-04
 4.75939e-04
 7.26442e-04
 9.98255e-04
 1.25749e-03
 1.47475e-03
 1.60863e-03
 1.61414e-03
 1.66471e-03
 2.12563e-03
 3.78649e-03
 7.77967e-03
 1.51439e-02
 2.58571e-02
 3.77932e-02
 4.66665e-02
 4.78001e-02
 3.93613e-02
 2.49160e-02
 1.17394e-02
 4.30017e-03
 1.36181e-03
 4.02620e-04
 1.14578e-04
 3.16781e-05
 8.52908e-06
 2.23729e-06
 5.71754e-07
 1.42340e-07
 3.45198e-08
 8.15562e-09
 1.87737e-09
 4.21045e-10
 9.21018e-11
 1.96140e-11
 4.03331e-12
 8.76605e-13
 1.42215e-13
 0.00000e+00
 0.00000e+00
 0.00000e+00
 3.49709e-14
 0.00000e+00
 2.33140e-14
 0.00000e+00
 0.00000e+00
 0.00000e+00
 0.00000e+00
 3.49709e-14
 0.00000e+00
 0.00000e+00
 0.00000e+00
 0.00000e+00
 0.00000e+00
 0.00000e+00
 0.00000e+00
 0.00000e+00
 0.00000e+00
 0.00000e+00
 0.00000e+00
 0.00000e+00
 0.00000e+00
 0.00000e+00
 0.00000e+00
 0.00000e+00
 0.00000e+00
 0.00000e+00
 0.00000e+00
 0.00000e+00
 0.00000e+00
 0.00000e+00
 0.00000e+00
 0.00000e+00
 0.00000e+00
 0.00000e+00
 0.00000e+00
 0.00000e+00
 0.00000e+00
 0.00000e+00
 0.00000e+00
 0.00000e+00
 0.00000e+00
 0.00000e+00
 0.00000e+00
 0.00000e+00
 0.00000e+00
 0.00000e+00
 0.00000e+00
 0.00000e+00
 0.00000e+00
 0.00000e+00
 0.00000e+00
 0.00000e+00
 0.00000e+00
 0.00000e+00
 0.00000e+00
 0.00000e+00
 7.79028e-03
 0.00000e+00
 1.45363e-04
 2.76756e-04
 4.75939e-04
 7.26442e-04
 9.98255e-04
 1.25749e-03
 1.47475e-03
 1.60863e-03
 1.61414e-03
 1.66471e-03
 2.12563e-03
 3.78649e-03
 7.77967e-03
 1.51439e-02
 2.58571e-02
 3.77932e-02
 4.66665e-02
 4.78001e-02
 3.93613e-02
 2.49160e-02
 1.17394e-02
 4.30017e-03
 1.36181e-03
 4.02620e-04
 1.14578e-04
 3.16781e-05
 8.52908e-06
 2.23729e-06
 5.71755e-07
 1.42340e-07
 3.45199e-08
 8.15552e-09
 1.87736e-09
 4.21034e-10
 9.20668e-11
 1.95884e-11
 4.10326e-12
 8.32308e-13
 1.88843e-13
 0.00000e+00
 0.00000e+00
 0.00000e+00
 2.33140e-14
 0.00000e+00
 4.66279e-14
 1.16570e-14
 0.00000e+00
 0.00000e+00
 2.33140e-14
 0.00000e+00
 0.00000e+00
 0.00000e+00
 0.00000e+00
 0.00000e+00
 0.00000e+00
 0.00000e+00
 0.00000e+00
 0.00000e+00
 0.00000e+00
 0.00000e+00
 0.00000e+00
 0.00000e+00
 0.00000e+00
 0.00000e+00
 0.00000e+00
 0.00000e+00
 0.00000e+00
 0.00000e+00
 0.00000e+00
 0.00000e+00
 0.00000e+00
 0.00000e+00
 0.00000e+00
 0.00000e+00
 0.00000e+00
 0.00000e+00
 0.00000e+00
 0.00000e+00
 0.00000e+00
 0.00000e+00
 0.00000e+00
 0.00000e+00
 0.00000e+00
 0.00000e+00
 0.00000e+00
 0.00000e+00
 0.00000e+00
 0.00000e+00
 0.00000e+00
 0.00000e+00
 0.00000e+00
 0.00000e+00
 0.00000e+00
 0.00000e+00
 0.00000e+00
 0.00000e+00
 0.00000e+00
 0.00000e+00
 7.79028e-03
 0.00000e+00
 1.45363e-04
 2.76756e-04
 4.75939e-04
 7.26442e-04
 9.98255e-04
 1.25749e-03
 1.47475e-03
 1.60863e-03
 1.61414e-03
 1.66471e-03
 2.12563e-03
 3.78649e-03
 7.77967e-03
 1.51439e-02
 2.58571e-02
 3.77932e-02
 4.66665e-02
 4.78001e-02
 3.93613e-02
 2.49160e-02
 1.17394e-02
 4.30017e-03
 1.36181e-03
 4.02620e-04
 1.14578e-04
 3.16781e-05
 8.52908e-06
 2.23729e-06
 5.71754e-07
 1.42340e-07
 3.45199e-08
 8.15559e-09
 1.87741e-09
 4.21069e-10
 9.21367e-11
 1.95884e-11
 3.99601e-12
 7.69360e-13
 2.37802e-13
 0.00000e+00
 0.00000e+00
 0.00000e+00
 0.00000e+00
 4.66279e-14
 3.73023e-14
 1.16570e-14
 0.00000e+00
 0.00000e+00
 0.00000e+00
 0.00000e+00
 0.00000e+00
 0.00000e+00
 0.00000e+00
 0.00000e+00
 0.00000e+00
 0.00000e+00
 0.00000e+00
 0.00000e+00
 0.00000e+00
 0.00000e+00
 0.00000e+00
 0.00000e+00
 0.00000e+00
 0.00000e+00
 0.00000e+00
 0.00000e+00
 0.00000e+00
 0.00000e+00
 0.00000e+00
 0.00000e+00
 0.00000e+00
 0.00000e+00
 0.00000e+00
 0.00000e+00
 0.00000e+00
 0.00000e+00
 0.00000e+00
 0.00000e+00
 0.00000e+00
 0.00000e+00
 0.00000e+00
 0.00000e+00
 0.00000e+00
 0.00000e+00
 0.00000e+00
 0.00000e+00
 0.00000e+00
 0.00000e+00
 0.00000e+00
 0.00000e+00
 0.00000e+00
 0.00000e+00
 0.00000e+00
 0.00000e+00
 0.00000e+00
 0.00000e+00
 0.00000e+00
 0.00000e+00
 7.79028e-03
 0.00000e+00
 1.45363e-04
 2.76756e-04
 4.75939e-04
 7.26442e-04
 9.98255e-04
 1.25749e-03
 1.47475e-03
 1.60863e-03
 1.61414e-03
 1.66471e-03
 2.12563e-03
 3.78649e-03
 7.77967e-03
 1.51439e-02
 2.58571e-02
 3.77932e-02
 4.66665e-02
 4.78001e-02
 3.93613e-02
 2.49160e-02
 1.17394e-02
 4.30017e-03
 1.36181e-03
 4.02620e-04
 1.14578e-04
 3.16781e-05
 8.52908e-06
 2.23729e-06
 5.71755e-07
 1.42340e-07
 3.45198e-08
 8.15554e-09
 1.87735e-09
 4.21057e-10
 9.21134e-11
 1.96373e-11
 4.10092e-12
 7.60035e-13
 2.37802e-13
 0.00000e+00
 0.00000e+00
 0.00000e+00
 2.33140e-14
 2.33140e-14
 1.16570e-14
 0.00000e+00
 0.00000e+00
 0.00000e+00
 0.00000e+00
 2.33140e-14
 0.00000e+00
 0.00000e+00
 0.00000e+00
 0.00000e+00
 0.00000e+00
 0.00000e+00
 0.00000e+00
 0.00000e+00
 0.00000e+00
 0.00000e+00
 0.00000e+00
 0.00000e+00
 0.00000e+00
 0.00000e+00
 0.00000e+00
 0.00000e+00
 0.00000e+00
 0.00000e+00
 0.00000e+00
 0.00000e+00
 0.00000e+00
 0.00000e+00
 0.00000e+00
 0.00000e+00
 0.00000e+00
 0.00000e+00
 0.00000e+00
 0.00000e+00
 0.00000e+00
 0.00000e+00
 0.00000e+00
 0.00000e+00
 0.00000e+00
 0.00000e+00
 0.00000e+00
 0.00000e+00
 0.00000e+00
 0.00000e+00
 0.00000e+00
 0.00000e+00
 0.00000e+00
 0.00000e+00
 0.00000e+00
 0.00000e+00
 0.00000e+00
 0.00000e+00
 0.00000e+00
 0.00000e+00
 7.79028e-03
 0.00000e+00
 1.45363e-04
 2.76756e-04
 4.75939e-04
 7.26442e-04
 9.98255e-04
 1.25749e-03
 1.47475e-03
 1.60863e-03
 1.61414e-03
 1.66471e-03
 2.12563e-03
 3.78649e-03
 7.77967e-03
 1.51439e-02
 2.58571e-02
 3.77932e-02
 4.66665e-02
 4.78001e-02
 3.93613e-02
 2.49160e-02
 1.17394e-02
 4.30017e-03
 1.36181e-03
 4.02620e-04
 1.14578e-04
 3.16781e-05
 8.52908e-06
 2.23729e-06
 5.71755e-07
 1.42340e-07
 3.45198e-08
 8.15561e-09
 1.87741e-09
 4.20975e-10
 9.21158e-11
 1.96234e-11
 4.06828e-12
 8.08994e-13
 1.67860e-13
 0.00000e+00
 0.00000e+00
 0.00000e+00
 0.00000e+00
 0.00000e+00
 1.39884e-14
 0.00000e+00
 3.73023e-14
 0.00000e+00
 3.49709e-14
 0.00000e+00
 0.00000e+00
 0.00000e+00
 0.00000e+00
 0.00000e+00
 0.00000e+00
 0.00000e+00
 0.00000e+00
 0.00000e+00
 0.00000e+00
 0.00000e+00
 0.00000e+00
 0.00000e+00
 0.00000e+00
 0.00000e+00
 0.00000e+00
 0.00000e+00
 0.00000e+00
 0.00000e+00
 0.00000e+00
 0.00000e+00
 0.00000e+00
 0.00000e+00
 0.00000e+00
 0.00000e+00
 0.00000e+00
 0.00000e+00
 0.00000e+00
 0.00000e+00
 0.00000e+00
 0.00000e+00
 0.00000e+00
 0.00000e+00
 0.00000e+00
 0.00000e+00
 0.00000e+00
 0.00000e+00
 0.00000e+00
 0.00000e+00
 0.00000e+00
 0.00000e+00
 0.00000e+00
 0.00000e+00
 0.00000e+00
 0.00000e+00
 0.00000e+00
 0.00000e+00
 0.00000e+00
 0.00000e+00
 7.79028e-03
 0.00000e+00
 1.45363e-04
 2.76756e-04
 4.75939e-04
 7.26442e-04
 9.98255e-04
 1.25749e-03
 1.47475e-03
 1.60863e-03
 1.61414e-03
 1.66471e-03
 2.12563e-03
 3.78649e-03
 7.77967e-03
 1.51439e-02
 2.58571e-02
 3.77932e-02
 4.66665e-02
 4.78001e-02
 3.93613e-02
 2.49160e-02
 1.17394e-02
 4.30017e-03
 1.36181e-03
 4.02620e-04
 1.14578e-04
 3.16781e-05
 8.52908e-06
 2.23729e-06
 5.71754e-07
 1.42340e-07
 3.45199e-08
 8.15545e-09
 1.87731e-09
 4.21057e-10
 9.21367e-11
 1.95884e-11
 4.05663e-12
 8.88262e-13
 1.88843e-13
 0.00000e+00
 0.00000e+00
 0.00000e+00
 2.56453e-14
 0.00000e+00
 7.22733e-14
 7.22733e-14
 0.00000e+00
 0.00000e+00
 0.00000e+00
 9.32558e-15
 0.00000e+00
 0.00000e+00
 0.00000e+00
 0.00000e+00
 0.00000e+00
 0.00000e+00
 0.00000e+00
 0.00000e+00
 0.00000e+00
 0.00000e+00
 0.00000e+00
 0.00000e+00
 0.00000e+00
 0.00000e+00
 0.00000e+00
 0.00000e+00
 0.00000e+00
 0.00000e+00
 0.00000e+00
 0.00000e+00
 0.00000e+00
 0.00000e+00
 0.00000e+00
 0.00000e+00
 0.00000e+00
 0.00000e+00
 0.00000e+00
 0.00000e+00
 0.00000e+00
 0.00000e+00
 0.00000e+00
 0.00000e+00
 0.00000e+00
 0.00000e+00
 0.00000e+00
 0.00000e+00
 0.00000e+00
 0.00000e+00
 0.00000e+00
 0.00000e+00
 0.00000e+00
 0.00000e+00
 0.00000e+00
 0.00000e+00
 0.00000e+00
 0.00000e+00
 0.00000e+00
 0.00000e+00
 7.79028e-03
 0.00000e+00
 1.45363e-04
 2.76756e-04
 4.75939e-04
 7.26442e-04
 9.98255e-04
 1.25749e-03
 1.47475e-03
 1.60863e-03
 1.61414e-03
 1.66471e-03
 2.12563e-03
 3.78649e-03
 7.77967e-03
 1.51439e-02
 2.58571e-02
 3.77932e-02
 4.66665e-02
 4.78001e-02
 3.93613e-02
 2.49160e-02
 1.17394e-02
 4.30017e-03
 1.36181e-03
 4.02620e-04
 1.14578e-04
 3.16781e-05
 8.52908e-06
 2.23729e-06
 5.71755e-07
 1.42340e-07
 3.45198e-08
 8.15556e-09
 1.87735e-09
 4.21010e-10
 9.20901e-11
 1.95557e-11
 4.17320e-12
 8.06663e-13
 2.37802e-13
 0.00000e+00
 0.00000e+00
 0.00000e+00
 0.00000e+00
 0.00000e+00
 2.56453e-14
 2.33140e-14
 0.00000e+00
 0.00000e+00
 0.00000e+00
 3.49709e-14
 0.00000e+00
 0.00000e+00
 0.00000e+00
 0.00000e+00
 0.00000e+00
 0.00000e+00
 0.00000e+00
 0.00000e+00
 0.00000e+00
 0.00000e+00
 0.00000e+00
 0.00000e+00
 0.00000e+00
 0.00000e+00
 0.00000e+00
 0.00000e+00
 0.00000e+00
 0.00000e+00
 0.00000e+00
 0.00000e+00
 0.00000e+00
 0.00000e+00
 0.00000e+00
 0.00000e+00
 0.00000e+00
 0.00000e+00
 0.00000e+00
 0.00000e+00
 0.00000e+00
 0.00000e+00
 0.00000e+00
 0.00000e+00
 0.00000e+00
 0.00000e+00
 0.00000e+00
 0.00000e+00
 0.00000e+00
 0.00000e+00
 0.00000e+00
 0.00000e+00
 0.00000e+00
 0.00000e+00
 0.00000e+00
 0.00000e+00
 0.00000e+00
 0.00000e+00
 0.00000e+00
 0.00000e+00
 7.79028e-03
 0.00000e+00
 1.45363e-04
 2.76756e-04
 4.75939e-04
 7.26442e-04
 9.98255e-04
 1.25749e-03
 1.47475e-03
 1.60863e-03
 1.61414e-03
 1.66471e-03
 2.12563e-03
 3.78649e-03
 7.77967e-03
 1.51439e-02
 2.58571e-02
 3.77932e-02
 4.66665e-02
 4.78001e-02
 3.93613e-02
 2.49160e-02
 1.17394e-02
 4.30017e-03
 1.36181e-03
 4.02620e-04
 1.14578e-04
 3.16781e-05
 8.52908e-06
 2.23729e-06
 5.71754e-07
 1.42340e-07
 3.45198e-08
 8.15559e-09
 1.87737e-09
 4.21022e-10
 9.21111e-11
 1.96234e-11
 4.03098e-12
 7.81017e-13
 3.31058e-13
 0.00000e+00
 0.00000e+00
 0.00000e+00
 1.16570e-14
 0.00000e+00
 2.09826e-14
 0.00000e+00
 0.00000e+00
 0.00000e+00
 3.73023e-14
 0.00000e+00
 0.00000e+00
 0.00000e+00
 0.00000e+00
 0.00000e+00
 0.00000e+00
 0.00000e+00
 0.00000e+00
 0.00000e+00
 0.00000e+00
 0.00000e+00
 0.00000e+00
 0.00000e+00
 0.00000e+00
 0.00000e+00
 0.00000e+00
 0.00000e+00
 0.00000e+00
 0.00000e+00
 0.00000e+00
 0.00000e+00
 0.00000e+00
 0.00000e+00
 0.00000e+00
 0.00000e+00
 0.00000e+00
 0.00000e+00
 0.00000e+00
 0.00000e+00
 0.00000e+00
 0.00000e+00
 0.00000e+00
 0.00000e+00
 0.00000e+00
 0.00000e+00
 0.00000e+00
 0.00000e+00
 0.00000e+00
 0.00000e+00
 0.00000e+00
 0.00000e+00
 0.00000e+00
 0.00000e+00
 0.00000e+00
 0.00000e+00
 0.00000e+00
 0.00000e+00
 0.00000e+00
 0.00000e+00
 7.79028e-03
 0.00000e+00
 1.45363e-04
 2.76756e-04
 4.75939e-04
 7.26442e-04
 9.98255e-04
 1.25749e-03
 1.47475e-03
 1.60863e-03
 1.61414e-03
 1.66471e-03
 2.12563e-03
 3.78649e-03
 7.77967e-03
 1.51439e-02
 2.58571e-02
 3.77932e-02
 4.66665e-02
 4.78001e-02
 3.93613e-02
 2.49160e-02
 1.17394e-02
 4.30017e-03
 1.36181e-03
 4.02620e-04
 1.14578e-04
 3.16781e-05
 8.52908e-06
 2.23729e-06
 5.71755e-07
 1.42340e-07
 3.45198e-08
 8.15557e-09
 1.87733e-09
 4.21057e-10
 9.20924e-11
 1.95861e-11
 4.04031e-12
 8.08994e-13
 2.84430e-13
 0.00000e+00
 0.00000e+00
 0.00000e+00
 3.49709e-14
 0.00000e+00
 0.00000e+00
 0.00000e+00
 0.00000e+00
 0.00000e+00
 0.00000e+00
 0.00000e+00
 0.00000e+00
 0.00000e+00
 0.00000e+00
 0.00000e+00
 0.00000e+00
 0.00000e+00
 0.00000e+00
 0.00000e+00
 0.00000e+00
 0.00000e+00
 0.00000e+00
 0.00000e+00
 0.00000e+00
 0.00000e+00
 0.00000e+00
 0.00000e+00
 0.00000e+00
 0.00000e+00
 0.00000e+00
 0.00000e+00
 0.00000e+00
 0.00000e+00
 0.00000e+00
 0.00000e+00
 0.00000e+00
 0.00000e+00
 0.00000e+00
 0.00000e+00
 0.00000e+00
 0.00000e+00
 0.00000e+00
 0.00000e+00
 0.00000e+00
 0.00000e+00
 0.00000e+00
 0.00000e+00
 0.00000e+00
 0.00000e+00
 0.00000e+00
 0.00000e+00
 0.00000e+00
 0.00000e+00
 0.00000e+00
 0.00000e+00
 0.00000e+00
 0.00000e+00
 0.00000e+00
 0.00000e+00
 7.79028e-03
 0.00000e+00
 1.45363e-04
 2.76756e-04
 4.75939e-04
 7.26442e-04
 9.98255e-04
 1.25749e-03
 1.47475e-03
 1.60863e-03
 1.61414e-03
 1.66471e-03
 2.12563e-03
 3.78649e-03
 7.77967e-03
 1.51439e-02
 2.58571e-02
 3.77932e-02
 4.66665e-02
 4.78001e-02
 3.93613e-02
 2.49160e-02
 1.17394e-02
 4.30017e-03
 1.36181e-03
 4.02620e-04
 1.14578e-04
 3.16781e-05
 8.52908e-06
 2.23729e-06
 5.71755e-07
 1.42340e-07
 3.45199e-08
 8.15556e-09
 1.87736e-09
 4.21034e-10
 9.21367e-11
 1.95767e-11
 4.04497e-12
 8.53291e-13
 2.14488e-13
 0.00000e+00
 0.00000e+00
 0.00000e+00
 0.00000e+00
 1.16570e-14
 0.00000e+00
 0.00000e+00
 1.16570e-14
 0.00000e+00
 0.00000e+00
 0.00000e+00
 0.00000e+00
 0.00000e+00
 0.00000e+00
 0.00000e+00
 0.00000e+00
 0.00000e+00
 0.00000e+00
 0.00000e+00
 0.00000e+00
 0.00000e+00
 0.00000e+00
 0.00000e+00
 0.00000e+00
 0.00000e+00
 0.00000e+00
 0.00000e+00
 0.00000e+00
 0.00000e+00
 0.00000e+00
 0.00000e+00
 0.00000e+00
 0.00000e+00
 0.00000e+00
 0.00000e+00
 0.00000e+00
 0.00000e+00
 0.00000e+00
 0.00000e+00
 0.00000e+00
 0.00000e+00
 0.00000e+00
 0.00000e+00
 0.00000e+00
 0.00000e+00
 0.00000e+00
 0.00000e+00
 0.00000e+00
 0.00000e+00
 0.00000e+00
 0.00000e+00
 0.00000e+00
 0.00000e+00
 0.00000e+00
 0.00000e+00
 0.00000e+00
 0.00000e+00
 0.00000e+00
 0.00000e+00
 7.79028e-03
 0.00000e+00
 1.45363e-04
 2.76756e-04
 4.75939e-04
 7.26442e-04
 9.98255e-04
 1.25749e-03
 1.47475e-03
 1.60863e-03
 1.61414e-03
 1.66471e-03
 2.12563e-03
 3.78649e-03
 7.77967e-03
 1.51439e-02
 2.58571e-02
 3.77932e-02
 4.66665e-02
 4.78001e-02
 3.93613e-02
 2.49160e-02
 1.17394e-02
 4.30017e-03
 1.36181e-03
 4.02620e-04
 1.14578e-04
 3.16781e-05
 8.52908e-06
 2.23729e-06
 5.71754e-07
 1.42340e-07
 3.45199e-08
 8.15545e-09
 1.87735e-09
 4.21034e-10
 9.20528e-11
 1.96024e-11
 4.01933e-12
 8.27645e-13
 2.37802e-13
 0.00000e+00
 0.00000e+00
 0.00000e+00
 0.00000e+00
 3.49709e-14
 1.16570e-14
 1.16570e-14
 0.00000e+00
 0.00000e+00
 0.00000e+00
 0.00000e+00
 0.00000e+00
 0.00000e+00
 0.00000e+00
 0.00000e+00
 0.00000e+00
 0.00000e+00
 0.00000e+00
 0.00000e+00
 0.00000e+00
 0.00000e+00
 0.00000e+00
 0.00000e+00
 0.00000e+00
 0.00000e+00
 0.00000e+00
 0.00000e+00
 0.00000e+00
 0.00000e+00
 0.00000e+00
 0.00000e+00
 0.00000e+00
 0.00000e+00
 0.00000e+00
 0.00000e+00
 0.00000e+00
 0.00000e+00
 0.00000e+00
 0.00000e+00
 0.00000e+00
 0.00000e+00
 0.00000e+00
 0.00000e+00
 0.00000e+00
 0.00000e+00
 0.00000e+00
 0.00000e+00
 0.00000e+00
 0.00000e+00
 0.00000e+00
 0.00000e+00
 0.00000e+00
 0.00000e+00
 0.00000e+00
 0.00000e+00
 0.00000e+00
 0.00000e+00
 0.00000e+00
 0.00000e+00
 7.79028e-03
 0.00000e+00
 1.45363e-04
 2.76756e-04
 4.75939e-04
 7.26442e-04
 9.98255e-04
 1.25749e-03
 1.47475e-03
 1.60863e-03
 1.61414e-03
 1.66471e-03
 2.12563e-03
 3.78649e-03
 7.77967e-03
 1.51439e-02
 2.58571e-02
 3.77932e-02
 4.66665e-02
 4.78001e-02
 3.93613e-02
 2.49160e-02
 1.17394e-02
 4.30017e-03
 1.36181e-03
 4.02620e-04
 1.14578e-04
 3.16781e-05
 8.52908e-06
 2.23729e-06
 5.71754e-07
 1.42340e-07
 3.45199e-08
 8.15553e-09
 1.87736e-09
 4.21034e-10
 9.20878e-11
 1.95884e-11
 4.04497e-12
 7.83349e-13
 3.31058e-13
 0.00000e+00
 0.00000e+00
 0.00000e+00
 0.00000e+00
 0.00000e+00
 4.89593e-14
 0.00000e+00
 0.00000e+00
 0.00000e+00
 0.00000e+00
 0.00000e+00
 0.00000e+00
 0.00000e+00
 0.00000e+00
 0.00000e+00
 0.00000e+00
 0.00000e+00
 0.00000e+00
 0.00000e+00
 0.00000e+00
 0.00000e+00
 0.00000e+00
 0.00000e+00
 0.00000e+00
 0.00000e+00
 0.00000e+00
 0.00000e+00
 0.00000e+00
 0.00000e+00
 0.00000e+00
 0.00000e+00
 0.00000e+00
 0.00000e+00
 0.00000e+00
 0.00000e+00
 0.00000e+00
 0.00000e+00
 0.00000e+00
 0.00000e+00
 0.00000e+00
 0.00000e+00
 0.00000e+00
 0.00000e+00
 0.00000e+00
 0.00000e+00
 0.00000e+00
 0.00000e+00
 0.00000e+00
 0.00000e+00
 0.00000e+00
 0.00000e+00
 0.00000e+00
 0.00000e+00
 0.00000e+00
 0.00000e+00
 0.00000e+00
 0.00000e+00
 0.00000e+00
 0.00000e+00
 7.79028e-03
 0.00000e+00
 1.45363e-04
 2.76756e-04
 4.75939e-04
 7.26442e-04
 9.98255e-04
 1.25749e-03
 1.47475e-03
 1.60863e-03
 1.61414e-03
 1.66471e-03
 2.12563e-03
 3.78649e-03
 7.77967e-03
 1.51439e-02
 2.58571e-02
 3.77932e-02
 4.66665e-02
 4.78001e-02
 3.93613e-02
 2.49160e-02
 1.17394e-02
 4.30017e-03
 1.36181e-03
 4.02620e-04
 1.14578e-04
 3.16781e-05
 8.52908e-06
 2.23729e-06
 5.71754e-07
 1.42340e-07
 3.45198e-08
 8.15561e-09
 1.87734e-09
 4.21059e-10
 9.21018e-11
 1.95884e-11
 4.04497e-12
 8.43965e-13
 1.65529e-13
 0.00000e+00
 0.00000e+00
 0.00000e+00
 8.15988e-14
 4.66279e-14
 0.00000e+00
 3.73023e-14
 0.00000e+00
 0.00000e+00
 1.16570e-14
 0.00000e+00
 0.00000e+00
 0.00000e+00
 0.00000e+00
 0.00000e+00
 0.00000e+00
 0.00000e+00
 0.00000e+00
 0.00000e+00
 0.00000e+00
 0.00000e+00
 0.00000e+00
 0.00000e+00
 0.00000e+00
 0.00000e+00
 0.00000e+00
 0.00000e+00
 0.00000e+00
 0.00000e+00
 0.00000e+00
 0.00000e+00
 0.00000e+00
 0.00000e+00
 0.00000e+00
 0.00000e+00
 0.00000e+00
 0.00000e+00
 0.00000e+00
 0.00000e+00
 0.00000e+00
 0.00000e+00
 0.00000e+00
 0.00000e+00
 0.00000e+00
 0.00000e+00
 0.00000e+00
 0.00000e+00
 0.00000e+00
 0.00000e+00
 0.00000e+00
 0.00000e+00
 0.00000e+00
 0.00000e+00
 0.00000e+00
 0.00000e+00
 0.00000e+00
 0.00000e+00
 0.00000e+00
 0.00000e+00
 7.79028e-03
 0.00000e+00
 1.45363e-04
 2.76756e-04
 4.75939e-04
 7.26442e-04
 9.98255e-04
 1.25749e-03
 1.47475e-03
 1.60863e-03
 1.61414e-03
 1.66471e-03
 2.12563e-03
 3.78649e-03
 7.77967e-03
 1.51439e-02
 2.58571e-02
 3.77932e-02
 4.66665e-02
 4.78001e-02
 3.93613e-02
 2.49160e-02
 1.17394e-02
 4.30017e-03
 1.36181e-03
 4.02620e-04
 1.14578e-04
 3.16781e-05
 8.52908e-06
 2.23729e-06
 5.71754e-07
 1.42340e-07
 3.45199e-08
 8.15550e-09
 1.87734e-09
 4.21059e-10
 9.20668e-11
 1.95651e-11
 4.07761e-12
 8.53291e-13
 2.14488e-13
 0.00000e+00
 0.00000e+00
 0.00000e+00
 1.16570e-14
 2.09826e-14
 0.00000e+00
 0.00000e+00
 0.00000e+00
 0.00000e+00
 0.00000e+00
 0.00000e+00
 0.00000e+00
 0.00000e+00
 0.00000e+00
 0.00000e+00
 0.00000e+00
 0.00000e+00
 0.00000e+00
 0.00000e+00
 0.00000e+00
 0.00000e+00
 0.00000e+00
 0.00000e+00
 0.00000e+00
 0.00000e+00
 0.00000e+00
 0.00000e+00
 0.00000e+00
 0.00000e+00
 0.00000e+00
 0.00000e+00
 0.00000e+00
 0.00000e+00
 0.00000e+00
 0.00000e+00
 0.00000e+00
 0.00000e+00
 0.00000e+00
 0.00000e+00
 0.00000e+00
 0.00000e+00
 0.00000e+00
 0.00000e+00
 0.00000e+00
 0.00000e+00
 0.00000e+00
 0.00000e+00
 0.00000e+00
 0.00000e+00
 0.00000e+00
 0.00000e+00
 0.00000e+00
 0.00000e+00
 0.00000e+00
 0.00000e+00
 0.00000e+00
 0.00000e+00
 0.00000e+00
 0.00000e+00
 7.79028e-03
 0.00000e+00
 1.45363e-04
 2.76756e-04
 4.75939e-04
 7.26442e-04
 9.98255e-04
 1.25749e-03
 1.47475e-03
 1.60863e-03
 1.61414e-03
 1.66471e-03
 2.12563e-03
 3.78649e-03
 7.77967e-03
 1.51439e-02
 2.58571e-02
 3.77932e-02
 4.66665e-02
 4.78001e-02
 3.93613e-02
 2.49160e-02
 1.17394e-02
 4.30017e-03
 1.36181e-03
 4.02620e-04
 1.14578e-04
 3.16781e-05
 8.52908e-06
 2.23729e-06
 5.71754e-07
 1.42340e-07
 3.45200e-08
 8.15546e-09
 1.87734e-09
 4.21008e-10
 9.20924e-11
 1.95907e-11
 4.03098e-12
 8.06663e-13
 2.49459e-13
 0.00000e+00
 0.00000e+00
 0.00000e+00
 0.00000e+00
 1.16570e-14
 0.00000e+00
 0.00000e+00
 3.49709e-14
 0.00000e+00
 0.00000e+00
 0.00000e+00
 0.00000e+00
 0.00000e+00
 0.00000e+00
 0.00000e+00
 0.00000e+00
 0.00000e+00
 0.00000e+00
 0.00000e+00
 0.00000e+00
 0.00000e+00
 0.00000e+00
 0.00000e+00
 0.00000e+00
 0.00000e+00
 0.00000e+00
 0.00000e+00
 0.00000e+00
 0.00000e+00
 0.00000e+00
 0.00000e+00
 0.00000e+00
 0.00000e+00
 0.00000e+00
 0.00000e+00
 0.00000e+00
 0.00000e+00
 0.00000e+00
 0.00000e+00
 0.00000e+00
 0.00000e+00
 0.00000e+00
 0.00000e+00
 0.00000e+00
 0.00000e+00
 0.00000e+00
 0.00000e+00
 0.00000e+00
 0.00000e+00
 0.00000e+00
 0.00000e+00
 0.00000e+00
 0.00000e+00
 0.00000e+00
 0.00000e+00
 0.00000e+00
 0.00000e+00
 0.00000e+00
 0.00000e+00
 7.79028e-03
 0.00000e+00
 1.45363e-04
 2.76756e-04
 4.75939e-04
 7.26442e-04
 9.98255e-04
 1.25749e-03
 1.47475e-03
 1.60863e-03
 1.61414e-03
 1.66471e-03
 2.12563e-03
 3.78649e-03
 7.77967e-03
 1.51439e-02
 2.58571e-02
 3.77932e-02
 4.66665e-02
 4.78001e-02
 3.93613e-02
 2.49160e-02
 1.17394e-02
 4.30017e-03
 1.36181e-03
 4.02620e-04
 1.14578e-04
 3.16781e-05
 8.52908e-06
 2.23729e-06
 5.71755e-07
 1.42340e-07
 3.45198e-08
 8.15555e-09
 1.87737e-09
 4.21031e-10
 9.21228e-11
 1.95651e-11
 4.09160e-12
 8.06663e-13
 2.37802e-13
 0.00000e+00
 0.00000e+00
 0.00000e+00
 0.00000e+00
 4.89593e-14
 0.00000e+00
 0.00000e+00
 0.00000e+00
 0.00000e+00
 3.49709e-14
 0.00000e+00
 0.00000e+00
 0.00000e+00
 0.00000e+00
 0.00000e+00
 0.00000e+00
 0.00000e+00
 0.00000e+00
 0.00000e+00
 0.00000e+00
 0.00000e+00
 0.00000e+00
 0.00000e+00
 0.00000e+00
 0.00000e+00
 0.00000e+00
 0.00000e+00
 0.00000e+00
 0.00000e+00
 0.00000e+00
 0.00000e+00
 0.00000e+00
 0.00000e+00
 0.00000e+00
 0.00000e+00
 0.00000e+00
 0.00000e+00
 0.00000e+00
 0.00000e+00
 0.00000e+00
 0.00000e+00
 0.00000e+00
 0.00000e+00
 0.00000e+00
 0.00000e+00
 0.00000e+00
 0.00000e+00
 0.00000e+00
 0.00000e+00
 0.00000e+00
 0.00000e+00
 0.00000e+00
 0.00000e+00
 0.00000e+00
 0.00000e+00
 0.00000e+00
 0.00000e+00
 0.00000e+00
 0.00000e+00
 7.79028e-03
 0.00000e+00
 1.45363e-04
 2.76756e-04
 4.75939e-04
 7.26442e-04
 9.98255e-04
 1.25749e-03
 1.47475e-03
 1.60863e-03
 1.61414e-03
 1.66471e-03
 2.12563e-03
 3.78649e-03
 7.77967e-03
 1.51439e-02
 2.58571e-02
 3.77932e-02
 4.66665e-02
 4.78001e-02
 3.93613e-02
 2.49160e-02
 1.17394e-02
 4.30017e-03
 1.36181e-03
 4.02620e-04
 1.14578e-04
 3.16781e-05
 8.52908e-06
 2.23729e-06
 5.71754e-07
 1.42340e-07
 3.45198e-08
 8.15559e-09
 1.87737e-09
 4.21022e-10
 9.21018e-11
 1.95394e-11
 4.10326e-12
 8.64948e-13
 2.84430e-13
 0.00000e+00
 0.00000e+00
 0.00000e+00
 2.09826e-14
 0.00000e+00
 4.66279e-14
 0.00000e+00
 0.00000e+00
 0.00000e+00
 0.00000e+00
 0.00000e+00
 0.00000e+00
 0.00000e+00
 0.00000e+00
 0.00000e+00
 0.00000e+00
 0.00000e+00
 0.00000e+00
 0.00000e+00
 0.00000e+00
 0.00000e+00
 0.00000e+00
 0.00000e+00
 0.00000e+00
 0.00000e+00
 0.00000e+00
 0.00000e+00
 0.00000e+00
 0.00000e+00
 0.00000e+00
 0.00000e+00
 0.00000e+00
 0.00000e+00
 0.00000e+00
 0.00000e+00
 0.00000e+00
 0.00000e+00
 0.00000e+00
 0.00000e+00
 0.00000e+00
 0.00000e+00
 0.00000e+00
 0.00000e+00
 0.00000e+00
 0.00000e+00
 0.00000e+00
 0.00000e+00
 0.00000e+00
 0.00000e+00
 0.00000e+00
 0.00000e+00
 0.00000e+00
 0.00000e+00
 0.00000e+00
 0.00000e+00
 0.00000e+00
 0.00000e+00
 0.00000e+00
 0.00000e+00
 7.79028e-03
 0.00000e+00
 1.45363e-04
 2.76756e-04
 4.75939e-04
 7.26442e-04
 9.98255e-04
 1.25749e-03
 1.47475e-03
 1.60863e-03
 1.61414e-03
 1.66471e-03
 2.12563e-03
 3.78649e-03
 7.77967e-03
 1.51439e-02
 2.58571e-02
 3.77932e-02
 4.66665e-02
 4.78001e-02
 3.93613e-02
 2.49160e-02
 1.17394e-02
 4.30017e-03
 1.36181e-03
 4.02620e-04
 1.14578e-04
 3.16781e-05
 8.52908e-06
 2.23729e-06
 5.71755e-07
 1.42340e-07
 3.45198e-08
 8.15558e-09
 1.87734e-09
 4.21092e-10
 9.20435e-11
 1.95651e-11
 4.05430e-12
 8.41634e-13
 2.14488e-13
 0.00000e+00
 0.00000e+00
 0.00000e+00
 2.33140e-14
 2.33140e-14
 0.00000e+00
 0.00000e+00
 0.00000e+00
 0.00000e+00
 0.00000e+00
 4.66279e-14
 0.00000e+00
 0.00000e+00
 0.00000e+00
 0.00000e+00
 0.00000e+00
 0.00000e+00
 0.00000e+00
 0.00000e+00
 0.00000e+00
 0.00000e+00
 0.00000e+00
 0.00000e+00
 0.00000e+00
 0.00000e+00
 0.00000e+00
 0.00000e+00
 0.00000e+00
 0.00000e+00
 0.00000e+00
 0.00000e+00
 0.00000e+00
 0.00000e+00
 0.00000e+00
 0.00000e+00
 0.00000e+00
 0.00000e+00
 0.00000e+00
 0.00000e+00
 0.00000e+00
 0.00000e+00
 0.00000e+00
 0.00000e+00
 0.00000e+00
 0.00000e+00
 0.00000e+00
 0.00000e+00
 0.00000e+00
 0.00000e+00
 0.00000e+00
 0.00000e+00
 0.00000e+00
 0.00000e+00
 0.00000e+00
 0.00000e+00
 0.00000e+00
 0.00000e+00
 0.00000e+00
 0.00000e+00
 7.79028e-03
 0.00000e+00
 1.45363e-04
 2.76756e-04
 4.75939e-04
 7.26442e-04
 9.98255e-04
 1.25749e-03
 1.47475e-03
 1.60863e-03
 1.61414e-03
 1.66471e-03
 2.12563e-03
 3.78649e-03
 7.77967e-03
 1.51439e-02
 2.58571e-02
 3.77932e-02
 4.66665e-02
 4.78001e-02
 3.93613e-02
 2.49160e-02
 1.17394e-02
 4.30017e-03
 1.36181e-03
 4.02620e-04
 1.14578e-04
 3.16781e-05
 8.52908e-06
 2.23729e-06
 5.71755e-07
 1.42340e-07
 3.45200e-08
 8.15546e-09
 1.87734e-09
 4.21022e-10
 9.20668e-11
 1.95767e-11
 4.04264e-12
 8.78936e-13
 2.37802e-13
 0.00000e+00
 0.00000e+00
 0.00000e+00
 0.00000e+00
 0.00000e+00
 1.16570e-14
 0.00000e+00
 0.00000e+00
 0.00000e+00
 3.73023e-14
 0.00000e+00
 0.00000e+00
 0.00000e+00
 0.00000e+00
 0.00000e+00
 0.00000e+00
 0.00000e+00
 0.00000e+00
 0.00000e+00
 0.00000e+00
 0.00000e+00
 0.00000e+00
 0.00000e+00
 0.00000e+00
 0.00000e+00
 0.00000e+00
 0.00000e+00
 0.00000e+00
 0.00000e+00
 0.00000e+00
 0.00000e+00
 0.00000e+00
 0.00000e+00
 0.00000e+00
 0.00000e+00
 0.00000e+00
 0.00000e+00
 0.00000e+00
 0.00000e+00
 0.00000e+00
 0.00000e+00
 0.00000e+00
 0.00000e+00
 0.00000e+00
 0.00000e+00
 0.00000e+00
 0.00000e+00
 0.00000e+00
 0.00000e+00
 0.00000e+00
 0.00000e+00
 0.00000e+00
 0.00000e+00
 0.00000e+00
 0.00000e+00
 0.00000e+00
 0.00000e+00
 0.00000e+00
 0.00000e+00
 7.79028e-03
 0.00000e+00
 1.45363e-04
 2.76756e-04
 4.75939e-04
 7.26442e-04
 9.98255e-04
 1.25749e-03
 1.47475e-03
 1.60863e-03
 1.61414e-03
 1.66471e-03
 2.12563e-03
 3.78649e-03
 7.77967e-03
 1.51439e-02
 2.58571e-02
 3.77932e-02
 4.66665e-02
 4.78001e-02
 3.93613e-02
 2.49160e-02
 1.17394e-02
 4.30017e-03
 1.36181e-03
 4.02620e-04
 1.14578e-04
 3.16781e-05
 8.52908e-06
 2.23729e-06
 5.71754e-07
 1.42340e-07
 3.45200e-08
 8.15552e-09
 1.87735e-09
 4.21069e-10
 9.20924e-11
 1.95907e-11
 3.99601e-12
 9.13907e-13
 2.14488e-13
 0.00000e+00
 0.00000e+00
 0.00000e+00
 0.00000e+00
 0.00000e+00
 0.00000e+00
 0.00000e+00
 0.00000e+00
 0.00000e+00
 0.00000e+00
 0.00000e+00
 0.00000e+00
 0.00000e+00
 0.00000e+00
 0.00000e+00
 0.00000e+00
 0.00000e+00
 0.00000e+00
 0.00000e+00
 0.00000e+00
 0.00000e+00
 0.00000e+00
 0.00000e+00
 0.00000e+00
 0.00000e+00
 0.00000e+00
 0.00000e+00
 0.00000e+00
 0.00000e+00
 0.00000e+00
 0.00000e+00
 0.00000e+00
 0.00000e+00
 0.00000e+00
 0.00000e+00
 0.00000e+00
 0.00000e+00
 0.00000e+00
 0.00000e+00
 0.00000e+00
 0.00000e+00
 0.00000e+00
 0.00000e+00
 0.00000e+00
 0.00000e+00
 0.00000e+00
 0.00000e+00
 0.00000e+00
 0.00000e+00
 0.00000e+00
 0.00000e+00
 0.00000e+00
 0.00000e+00
 0.00000e+00
 0.00000e+00
 0.00000e+00
 0.00000e+00
 0.00000e+00
 0.00000e+00
 7.79028e-03
 0.00000e+00
 1.45363e-04
 2.76756e-04
 4.75939e-04
 7.26442e-04
 9.98255e-04
 1.25749e-03
 1.47475e-03
 1.60863e-03
 1.61414e-03
 1.66471e-03
 2.12563e-03
 3.78649e-03
 7.77967e-03
 1.51439e-02
 2.58571e-02
 3.77932e-02
 4.66665e-02
 4.78001e-02
 3.93613e-02
 2.49160e-02
 1.17394e-02
 4.30017e-03
 1.36181e-03
 4.02620e-04
 1.14578e-04
 3.16781e-05
 8.52908e-06
 2.23729e-06
 5.71755e-07
 1.42340e-07
 3.45200e-08
 8.15556e-09
 1.87736e-09
 4.21043e-10
 9.21018e-11
 1.96140e-11
 4.09160e-12
 7.92674e-13
 1.67860e-13
 0.00000e+00
 0.00000e+00
 0.00000e+00
 1.16570e-14
 0.00000e+00
 0.00000e+00
 0.00000e+00
 0.00000e+00
 0.00000e+00
 0.00000e+00
 0.00000e+00
 0.00000e+00
 0.00000e+00
 0.00000e+00
 0.00000e+00
 0.00000e+00
 0.00000e+00
 0.00000e+00
 0.00000e+00
 0.00000e+00
 0.00000e+00
 0.00000e+00
 0.00000e+00
 0.00000e+00
 0.00000e+00
 0.00000e+00
 0.00000e+00
 0.00000e+00
 0.00000e+00
 0.00000e+00
 0.00000e+00
 0.00000e+00
 0.00000e+00
 0.00000e+00
 0.00000e+00
 0.00000e+00
 0.00000e+00
 0.00000e+00
 0.00000e+00
 0.00000e+00
 0.00000e+00
 0.00000e+00
 0.00000e+00
 0.00000e+00
 0.00000e+00
 0.00000e+00
 0.00000e+00
 0.00000e+00
 0.00000e+00
 0.00000e+00
 0.00000e+00
 0.00000e+00
 0.00000e+00
 0.00000e+00
 0.00000e+00
 0.00000e+00
 0.00000e+00
 0.00000e+00
 0.00000e+00
 7.79028e-03
 0.00000e+00
 1.45363e-04
 2.76756e-04
 4.75939e-04
 7.26442e-04
 9.98255e-04
 1.25749e-03
 1.47475e-03
 1.60863e-03
 1.61414e-03
 1.66471e-03
 2.12563e-03
 3.78649e-03
 7.77967e-03
 1.51439e-02
 2.58571e-02
 3.77932e-02
 4.66665e-02
 4.78001e-02
 3.93613e-02
 2.49160e-02
 1.17394e-02
 4.30017e-03
 1.36181e-03
 4.02620e-04
 1.14578e-04
 3.16781e-05
 8.52908e-06
 2.23729e-06
 5.71754e-07
 1.42340e-07
 3.45200e-08
 8.15561e-09
 1.87735e-09
 4.21045e-10
 9.20901e-11
 1.95767e-11
 4.07994e-12
 8.06663e-13
 3.19401e-13
 0.00000e+00
 0.00000e+00
 0.00000e+00
 0.00000e+00
 0.00000e+00
 0.00000e+00
 0.00000e+00
 0.00000e+00
 0.00000e+00
 0.00000e+00
 0.00000e+00
 0.00000e+00
 0.00000e+00
 0.00000e+00
 0.00000e+00
 0.00000e+00
 0.00000e+00
 0.00000e+00
 0.00000e+00
 0.00000e+00
 0.00000e+00
 0.00000e+00
 0.00000e+00
 0.00000e+00
 0.00000e+00
 0.00000e+00
 0.00000e+00
 0.00000e+00
 0.00000e+00
 0.00000e+00
 0.00000e+00
 0.00000e+00
 0.00000e+00
 0.00000e+00
 0.00000e+00
 0.00000e+00
 0.00000e+00
 0.00000e+00
 0.00000e+00
 0.00000e+00
 0.00000e+00
 0.00000e+00
 0.00000e+00
 0.00000e+00
 0.00000e+00
 0.00000e+00
 0.00000e+00
 0.00000e+00
 0.00000e+00
 0.00000e+00
 0.00000e+00
 0.00000e+00
 0.00000e+00
 0.00000e+00
 0.00000e+00
 0.00000e+00
 0.00000e+00
 0.00000e+00
 0.00000e+00
 7.79028e-03
 0.00000e+00
 1.45363e-04
 2.76756e-04
 4.75939e-04
 7.26442e-04
 9.98255e-04
 1.25749e-03
 1.47475e-03
 1.60863e-03
 1.61414e-03
 1.66471e-03
 2.12563e-03
 3.78649e-03
 7.77967e-03
 1.51439e-02
 2.58571e-02
 3.77932e-02
 4.66665e-02
 4.78001e-02
 3.93613e-02
 2.49160e-02
 1.17394e-02
 4.30017e-03
 1.36181e-03
 4.02620e-04
 1.14578e-04
 3.16781e-05
 8.52908e-06
 2.23729e-06
 5.71755e-07
 1.42340e-07
 3.45199e-08
 8.15554e-09
 1.87737e-09
 4.21094e-10
 9.21251e-11
 1.95767e-11
 3.98435e-12
 8.55622e-13
 2.84430e-13
 0.00000e+00
 0.00000e+00
 0.00000e+00
 0.00000e+00
 2.33140e-14
 4.89593e-14
 0.00000e+00
 0.00000e+00
 0.00000e+00
 1.16570e-14
 0.00000e+00
 0.00000e+00
 0.00000e+00
 0.00000e+00
 0.00000e+00
 0.00000e+00
 0.00000e+00
 0.00000e+00
 0.00000e+00
 0.00000e+00
 0.00000e+00
 0.00000e+00
 0.00000e+00
 0.00000e+00
 0.00000e+00
 0.00000e+00
 0.00000e+00
 0.00000e+00
 0.00000e+00
 0.00000e+00
 0.00000e+00
 0.00000e+00
 0.00000e+00
 0.00000e+00
 0.00000e+00
 0.00000e+00
 0.00000e+00
 0.00000e+00
 0.00000e+00
 0.00000e+00
 0.00000e+00
 0.00000e+00
 0.00000e+00
 0.00000e+00
 0.00000e+00
 0.00000e+00
 0.00000e+00
 0.00000e+00
 0.00000e+00
 0.00000e+00
 0.00000e+00
 0.00000e+00
 0.00000e+00
 0.00000e+00
 0.00000e+00
 0.00000e+00
 0.00000e+00
 0.00000e+00
 0.00000e+00
 7.79028e-03
 0.00000e+00
 1.45363e-04
 2.76756e-04
 4.75939e-04
 7.26442e-04
 9.98255e-04
 1.25749e-03
 1.47475e-03
 1.60863e-03
 1.61414e-03
 1.66471e-03
 2.12563e-03
 3.78649e-03
 7.77967e-03
 1.51439e-02
 2.58571e-02
 3.77932e-02
 4.66665e-02
 4.78001e-02
 3.93613e-02
 2.49160e-02
 1.17394e-02
 4.30017e-03
 1.36181e-03
 4.02620e-04
 1.14578e-04
 3.16781e-05
 8.52908e-06
 2.23729e-06
 5.71755e-07
 1.42341e-07
 3.45199e-08
 8.15561e-09
 1.87736e-09
 4.21022e-10
 9.20761e-11
 1.95651e-11
 4.05663e-12
 8.55622e-13
 2.14488e-13
 0.00000e+00
 0.00000e+00
 0.00000e+00
 0.00000e+00
 0.00000e+00
 8.15988e-14
 0.00000e+00
 0.00000e+00
 0.00000e+00
 0.00000e+00
 2.56453e-14
 0.00000e+00
 0.00000e+00
 0.00000e+00
 0.00000e+00
 0.00000e+00
 0.00000e+00
 0.00000e+00
 0.00000e+00
 0.00000e+00
 0.00000e+00
 0.00000e+00
 0.00000e+00
 0.00000e+00
 0.00000e+00
 0.00000e+00
 0.00000e+00
 0.00000e+00
 0.00000e+00
 0.00000e+00
 0.00000e+00
 0.00000e+00
 0.00000e+00
 0.00000e+00
 0.00000e+00
 0.00000e+00
 0.00000e+00
 0.00000e+00
 0.00000e+00
 0.00000e+00
 0.00000e+00
 0.00000e+00
 0.00000e+00
 0.00000e+00
 0.00000e+00
 0.00000e+00
 0.00000e+00
 0.00000e+00
 0.00000e+00
 0.00000e+00
 0.00000e+00
 0.00000e+00
 0.00000e+00
 0.00000e+00
 0.00000e+00
 0.00000e+00
 0.00000e+00
 0.00000e+00
 0.00000e+00
 7.79028e-03
 0.00000e+00
 1.45363e-04
 2.76756e-04
 4.75939e-04
 7.26442e-04
 9.98255e-04
 1.25749e-03
 1.47475e-03
 1.60863e-03
 1.61414e-03
 1.66471e-03
 2.12563e-03
 3.78649e-03
 7.77967e-03
 1.51439e-02
 2.58571e-02
 3.77932e-02
 4.66665e-02
 4.78001e-02
 3.93613e-02
 2.49160e-02
 1.17394e-02
 4.30017e-03
 1.36181e-03
 4.02620e-04
 1.14578e-04
 3.16781e-05
 8.52908e-06
 2.23729e-06
 5.71755e-07
 1.42340e-07
 3.45200e-08
 8.15548e-09
 1.87737e-09
 4.21092e-10
 9.20178e-11
 1.95651e-11
 4.03098e-12
 8.06663e-13
 1.77186e-13
 0.00000e+00
 0.00000e+00
 0.00000e+00
 0.00000e+00
 0.00000e+00
 0.00000e+00
 0.00000e+00
 0.00000e+00
 0.00000e+00
 0.00000e+00
 5.59535e-14
