Pressure
part
         1
hexa8
 1.00000e+00
 1.00000e+00
 1.00000e+00
 1.00000e+00
 1.00000e+00
 1.00000e+00
 1.00000e+00
 1.00000e+00
 1.00000e+00
 1.00000e+00
 1.00000e+00
 1.00000e+00
 1.00000e+00
 1.00000e+00
 1.00000e+00
 1.00000e+00
 1.00000e+00
 1.00000e+00
 1.00000e+00
 1.00000e+00
 1.00000e+00
 1.00000e+00
 1.00000e+00
 1.00000e+00
 1.00000e+00
 1.00000e+00
 1.00000e+00
 1.00000e+00
 1.00000e+00
 1.00000e+00
 1.00000e+00
 1.00000e+00
 1.00000e+00
 1.00000e+00
 1.00000e+00
 1.00000e+00
 1.00000e+00
 1.00000e+00
 1.00000e+00
 1.00000e+00
 1.00000e+00
 1.00000e+00
 9.99996e-01
 9.99913e-01
 9.98639e-01
 9.85765e-01
 9.11119e-01
 7.10592e-01
 4.76290e-01
 3.96691e-01
 3.85468e-01
 4.05881e-01
 3.86582e-01
 2.41482e-01
 1.66669e-01
 1.26435e-01
 1.09542e-01
 1.02833e-01
 1.00546e-01
 1.00089e-01
 1.00013e-01
 1.00002e-01
 1.00000e-01
 1.00000e-01
 1.00000e-01
 1.00000e-01
 1.00000e-01
 1.00000e-01
 1.00000e-01
 1.00000e-01
 1.00000e-01
 1.00000e-01
 1.00000e-01
 1.00000e-01
 1.00000e-01
 1.00000e-01
 1.00000e-01
 1.00000e-01
 1.00000e-01
 1.00000e-01
 1.00000e-01
 1.00000e-01
 1.00000e-01
 1.00000e-01
 1.00000e-01
 1.00000e-01
 1.00000e-01
 1.00000e-01
 1.00000e-01
 1.00000e-01
 1.00000e-01
 1.00000e-01
 1.00000e-01
 1.00000e-01
 1.00000e-01
 1.00000e-01
 1.00000e-01
 1.00000e-01
 1.00000e-01
 1.00000e-01
 1.00000e+00
 1.00000e+00
 1.00000e+00
 1.00000e+00
 1.00000e+00
 1.00000e+00
 1.00000e+00
 1.00000e+00
 1.00000e+00
 1.00000e+00
 1.00000e+00
 1.00000e+00
 1.00000e+00
 1.00000e+00
 1.00000e+00
 1.00000e+00
 1.00000e+00
 1.00000e+00
 1.00000e+00
 1.00000e+00
 1.00000e+00
 1.00000e+00
 1.00000e+00
 1.00000e+00
 1.00000e+00
 1.00000e+00
 1.00000e+00
 1.00000e+00
 1.00000e+00
 1.00000e+00
 1.00000e+00
 1.00000e+00
 1.00000e+00
 1.00000e+00
 1.00000e+00
 1.00000e+00
 1.00000e+00
 1.00000e+00
 1.00000e+00
 1.00000e+00
 1.00000e+00
 1.00000e+00
 9.99996e-01
 9.99913e-01
 9.98639e-01
 9.85765e-01
 9.11119e-01
 7.10592e-01
 4.76289e-01
 3.96680e-01
 3.85456e-01
 4.05894e-01
 3.86373e-01
 2.40896e-01
 1.66375e-01
 1.26512e-01
 1.09764e-01
 1.02883e-01
 1.00546e-01
 1.00089e-01
 1.00013e-01
 1.00002e-01
 1.00000e-01
 1.00000e-01
 1.00000e-01
 1.00000e-01
 1.00000e-01
 1.00000e-01
 1.00000e-01
 1.00000e-01
 1.00000e-01
 1.00000e-01
 1.00000e-01
 1.00000e-01
 1.00000e-01
 1.00000e-01
 1.00000e-01
 1.00000e-01
 1.00000e-01
 1.00000e-01
 1.00000e-01
 1.00000e-01
 1.00000e-01
 1.00000e-01
 1.00000e-01
 1.00000e-01
 1.00000e-01
 1.00000e-01
 1.00000e-01
 1.00000e-01
 1.00000e-01
 1.00000e-01
 1.00000e-01
 1.00000e-01
 1.00000e-01
 1.00000e-01
 1.00000e-01
 1.00000e-01
 1.00000e-01
 1.00000e-01
 1.00000e+00
 1.00000e+00
 1.00000e+00
 1.00000e+00
 1.00000e+00
 1.00000e+00
 1.00000e+00
 1.00000e+00
 1.00000e+00
 1.00000e+00
 1.00000e+00
 1.00000e+00
 1.00000e+00
 1.00000e+00
 1.00000e+00
 1.00000e+00
 1.00000e+00
 1.00000e+00
 1.00000e+00
 1.00000e+00
 1.00000e+00
 1.00000e+00
 1.00000e+00
 1.00000e+00
 1.00000e+00
 1.00000e+00
 1.00000e+00
 1.00000e+00
 1.00000e+00
 1.00000e+00
 1.00000e+00
 1.00000e+00
 1.00000e+00
 1.00000e+00
 1.00000e+00
 1.00000e+00
 1.00000e+00
 1.00000e+00
 1.00000e+00
 1.00000e+00
 1.00000e+00
 1.00000e+00
 9.99996e-01
 9.99913e-01
 9.98639e-01
 9.85765e-01
 9.11119e-01
 7.10592e-01
 4.76289e-01
 3.96670e-01
 3.85458e-01
 4.05905e-01
 3.86131e-01
 2.40652e-01
 1.66560e-01
 1.26926e-01
 1.09877e-01
 1.02922e-01
 1.00546e-01
 1.00089e-01
 1.00013e-01
 1.00002e-01
 1.00000e-01
 1.00000e-01
 1.00000e-01
 1.00000e-01
 1.00000e-01
 1.00000e-01
 1.00000e-01
 1.00000e-01
 1.00000e-01
 1.00000e-01
 1.00000e-01
 1.00000e-01
 1.00000e-01
 1.00000e-01
 1.00000e-01
 1.00000e-01
 1.00000e-01
 1.00000e-01
 1.00000e-01
 1.00000e-01
 1.00000e-01
 1.00000e-01
 1.00000e-01
 1.00000e-01
 1.00000e-01
 1.00000e-01
 1.00000e-01
 1.00000e-01
 1.00000e-01
 1.00000e-01
 1.00000e-01
 1.00000e-01
 1.00000e-01
 1.00000e-01
 1.00000e-01
 1.00000e-01
 1.00000e-01
 1.00000e-01
 1.00000e+00
 1.00000e+00
 1.00000e+00
 1.00000e+00
 1.00000e+00
 1.00000e+00
 1.00000e+00
 1.00000e+00
 1.00000e+00
 1.00000e+00
 1.00000e+00
 1.00000e+00
 1.00000e+00
 1.00000e+00
 1.00000e+00
 1.00000e+00
 1.00000e+00
 1.00000e+00
 1.00000e+00
 1.00000e+00
 1.00000e+00
 1.00000e+00
 1.00000e+00
 1.00000e+00
 1.00000e+00
 1.00000e+00
 1.00000e+00
 1.00000e+00
 1.00000e+00
 1.00000e+00
 1.00000e+00
 1.00000e+00
 1.00000e+00
 1.00000e+00
 1.00000e+00
 1.00000e+00
 1.00000e+00
 1.00000e+00
 1.00000e+00
 1.00000e+00
 1.00000e+00
 1.00000e+00
 9.99996e-01
 9.99913e-01
 9.98639e-01
 9.85765e-01
 9.11119e-01
 7.10592e-01
 4.76289e-01
 3.96675e-01
 3.85465e-01
 4.05893e-01
 3.86056e-01
 2.40904e-01
 1.67188e-01
 1.27110e-01
 1.09940e-01
 1.02883e-01
 1.00546e-01
 1.00089e-01
 1.00013e-01
 1.00002e-01
 1.00000e-01
 1.00000e-01
 1.00000e-01
 1.00000e-01
 1.00000e-01
 1.00000e-01
 1.00000e-01
 1.00000e-01
 1.00000e-01
 1.00000e-01
 1.00000e-01
 1.00000e-01
 1.00000e-01
 1.00000e-01
 1.00000e-01
 1.00000e-01
 1.00000e-01
 1.00000e-01
 1.00000e-01
 1.00000e-01
 1.00000e-01
 1.00000e-01
 1.00000e-01
 1.00000e-01
 1.00000e-01
 1.00000e-01
 1.00000e-01
 1.00000e-01
 1.00000e-01
 1.00000e-01
 1.00000e-01
 1.00000e-01
 1.00000e-01
 1.00000e-01
 1.00000e-01
 1.00000e-01
 1.00000e-01
 1.00000e-01
 1.00000e+00
 1.00000e+00
 1.00000e+00
 1.00000e+00
 1.00000e+00
 1.00000e+00
 1.00000e+00
 1.00000e+00
 1.00000e+00
 1.00000e+00
 1.00000e+00
 1.00000e+00
 1.00000e+00
 1.00000e+00
 1.00000e+00
 1.00000e+00
 1.00000e+00
 1.00000e+00
 1.00000e+00
 1.00000e+00
 1.00000e+00
 1.00000e+00
 1.00000e+00
 1.00000e+00
 1.00000e+00
 1.00000e+00
 1.00000e+00
 1.00000e+00
 1.00000e+00
 1.00000e+00
 1.00000e+00
 1.00000e+00
 1.00000e+00
 1.00000e+00
 1.00000e+00
 1.00000e+00
 1.00000e+00
 1.00000e+00
 1.00000e+00
 1.00000e+00
 1.00000e+00
 1.00000e+00
 9.99996e-01
 9.99913e-01
 9.98639e-01
 9.85765e-01
 9.11119e-01
 7.10592e-01
 4.76290e-01
 3.96684e-01
 3.85484e-01
 4.05928e-01
 3.86302e-01
 2.41495e-01
 1.67390e-01
 1.27178e-01
 1.09827e-01
 1.02815e-01
 1.00546e-01
 1.00089e-01
 1.00013e-01
 1.00002e-01
 1.00000e-01
 1.00000e-01
 1.00000e-01
 1.00000e-01
 1.00000e-01
 1.00000e-01
 1.00000e-01
 1.00000e-01
 1.00000e-01
 1.00000e-01
 1.00000e-01
 1.00000e-01
 1.00000e-01
 1.00000e-01
 1.00000e-01
 1.00000e-01
 1.00000e-01
 1.00000e-01
 1.00000e-01
 1.00000e-01
 1.00000e-01
 1.00000e-01
 1.00000e-01
 1.00000e-01
 1.00000e-01
 1.00000e-01
 1.00000e-01
 1.00000e-01
 1.00000e-01
 1.00000e-01
 1.00000e-01
 1.00000e-01
 1.00000e-01
 1.00000e-01
 1.00000e-01
 1.00000e-01
 1.00000e-01
 1.00000e-01
 1.00000e+00
 1.00000e+00
 1.00000e+00
 1.00000e+00
 1.00000e+00
 1.00000e+00
 1.00000e+00
 1.00000e+00
 1.00000e+00
 1.00000e+00
 1.00000e+00
 1.00000e+00
 1.00000e+00
 1.00000e+00
 1.00000e+00
 1.00000e+00
 1.00000e+00
 1.00000e+00
 1.00000e+00
 1.00000e+00
 1.00000e+00
 1.00000e+00
 1.00000e+00
 1.00000e+00
 1.00000e+00
 1.00000e+00
 1.00000e+00
 1.00000e+00
 1.00000e+00
 1.00000e+00
 1.00000e+00
 1.00000e+00
 1.00000e+00
 1.00000e+00
 1.00000e+00
 1.00000e+00
 1.00000e+00
 1.00000e+00
 1.00000e+00
 1.00000e+00
 1.00000e+00
 1.00000e+00
 9.99996e-01
 9.99913e-01
 9.98639e-01
 9.85765e-01
 9.11118e-01
 7.10592e-01
 4.76290e-01
 3.96680e-01
 3.85484e-01
 4.05964e-01
 3.86462e-01
 2.41624e-01
 1.67369e-01
 1.26932e-01
 1.09638e-01
 1.02770e-01
 1.00546e-01
 1.00089e-01
 1.00013e-01
 1.00002e-01
 1.00000e-01
 1.00000e-01
 1.00000e-01
 1.00000e-01
 1.00000e-01
 1.00000e-01
 1.00000e-01
 1.00000e-01
 1.00000e-01
 1.00000e-01
 1.00000e-01
 1.00000e-01
 1.00000e-01
 1.00000e-01
 1.00000e-01
 1.00000e-01
 1.00000e-01
 1.00000e-01
 1.00000e-01
 1.00000e-01
 1.00000e-01
 1.00000e-01
 1.00000e-01
 1.00000e-01
 1.00000e-01
 1.00000e-01
 1.00000e-01
 1.00000e-01
 1.00000e-01
 1.00000e-01
 1.00000e-01
 1.00000e-01
 1.00000e-01
 1.00000e-01
 1.00000e-01
 1.00000e-01
 1.00000e-01
 1.00000e-01
 1.00000e+00
 1.00000e+00
 1.00000e+00
 1.00000e+00
 1.00000e+00
 1.00000e+00
 1.00000e+00
 1.00000e+00
 1.00000e+00
 1.00000e+00
 1.00000e+00
 1.00000e+00
 1.00000e+00
 1.00000e+00
 1.00000e+00
 1.00000e+00
 1.00000e+00
 1.00000e+00
 1.00000e+00
 1.00000e+00
 1.00000e+00
 1.00000e+00
 1.00000e+00
 1.00000e+00
 1.00000e+00
 1.00000e+00
 1.00000e+00
 1.00000e+00
 1.00000e+00
 1.00000e+00
 1.00000e+00
 1.00000e+00
 1.00000e+00
 1.00000e+00
 1.00000e+00
 1.00000e+00
 1.00000e+00
 1.00000e+00
 1.00000e+00
 1.00000e+00
 1.00000e+00
 1.00000e+00
 9.99996e-01
 9.99913e-01
 9.98639e-01
 9.85765e-01
 9.11118e-01
 7.10591e-01
 4.76290e-01
 3.96674e-01
 3.85479e-01
 4.05922e-01
 3.86470e-01
 2.41589e-01
 1.67041e-01
 1.26617e-01
 1.09593e-01
 1.02756e-01
 1.00546e-01
 1.00089e-01
 1.00013e-01
 1.00002e-01
 1.00000e-01
 1.00000e-01
 1.00000e-01
 1.00000e-01
 1.00000e-01
 1.00000e-01
 1.00000e-01
 1.00000e-01
 1.00000e-01
 1.00000e-01
 1.00000e-01
 1.00000e-01
 1.00000e-01
 1.00000e-01
 1.00000e-01
 1.00000e-01
 1.00000e-01
 1.00000e-01
 1.00000e-01
 1.00000e-01
 1.00000e-01
 1.00000e-01
 1.00000e-01
 1.00000e-01
 1.00000e-01
 1.00000e-01
 1.00000e-01
 1.00000e-01
 1.00000e-01
 1.00000e-01
 1.00000e-01
 1.00000e-01
 1.00000e-01
 1.00000e-01
 1.00000e-01
 1.00000e-01
 1.00000e-01
 1.00000e-01
 1.00000e+00
 1.00000e+00
 1.00000e+00
 1.00000e+00
 1.00000e+00
 1.00000e+00
 1.00000e+00
 1.00000e+00
 1.00000e+00
 1.00000e+00
 1.00000e+00
 1.00000e+00
 1.00000e+00
 1.00000e+00
 1.00000e+00
 1.00000e+00
 1.00000e+00
 1.00000e+00
 1.00000e+00
 1.00000e+00
 1.00000e+00
 1.00000e+00
 1.00000e+00
 1.00000e+00
 1.00000e+00
 1.00000e+00
 1.00000e+00
 1.00000e+00
 1.00000e+00
 1.00000e+00
 1.00000e+00
 1.00000e+00
 1.00000e+00
 1.00000e+00
 1.00000e+00
 1.00000e+00
 1.00000e+00
 1.00000e+00
 1.00000e+00
 1.00000e+00
 1.00000e+00
 1.00000e+00
 9.99996e-01
 9.99913e-01
 9.98639e-01
 9.85765e-01
 9.11118e-01
 7.10591e-01
 4.76288e-01
 3.96674e-01
 3.85450e-01
 4.05895e-01
 3.86399e-01
 2.41291e-01
 1.66637e-01
 1.26589e-01
 1.09582e-01
 1.02837e-01
 1.00546e-01
 1.00089e-01
 1.00013e-01
 1.00002e-01
 1.00000e-01
 1.00000e-01
 1.00000e-01
 1.00000e-01
 1.00000e-01
 1.00000e-01
 1.00000e-01
 1.00000e-01
 1.00000e-01
 1.00000e-01
 1.00000e-01
 1.00000e-01
 1.00000e-01
 1.00000e-01
 1.00000e-01
 1.00000e-01
 1.00000e-01
 1.00000e-01
 1.00000e-01
 1.00000e-01
 1.00000e-01
 1.00000e-01
 1.00000e-01
 1.00000e-01
 1.00000e-01
 1.00000e-01
 1.00000e-01
 1.00000e-01
 1.00000e-01
 1.00000e-01
 1.00000e-01
 1.00000e-01
 1.00000e-01
 1.00000e-01
 1.00000e-01
 1.00000e-01
 1.00000e-01
 1.00000e-01
 1.00000e+00
 1.00000e+00
 1.00000e+00
 1.00000e+00
 1.00000e+00
 1.00000e+00
 1.00000e+00
 1.00000e+00
 1.00000e+00
 1.00000e+00
 1.00000e+00
 1.00000e+00
 1.00000e+00
 1.00000e+00
 1.00000e+00
 1.00000e+00
 1.00000e+00
 1.00000e+00
 1.00000e+00
 1.00000e+00
 1.00000e+00
 1.00000e+00
 1.00000e+00
 1.00000e+00
 1.00000e+00
 1.00000e+00
 1.00000e+00
 1.00000e+00
 1.00000e+00
 1.00000e+00
 1.00000e+00
 1.00000e+00
 1.00000e+00
 1.00000e+00
 1.00000e+00
 1.00000e+00
 1.00000e+00
 1.00000e+00
 1.00000e+00
 1.00000e+00
 1.00000e+00
 1.00000e+00
 9.99996e-01
 9.99913e-01
 9.98639e-01
 9.85765e-01
 9.11118e-01
 7.10591e-01
 4.76287e-01
 3.96677e-01
 3.85456e-01
 4.05858e-01
 3.86310e-01
 2.40953e-01
 1.66652e-01
 1.26598e-01
 1.09765e-01
 1.02884e-01
 1.00546e-01
 1.00089e-01
 1.00013e-01
 1.00002e-01
 1.00000e-01
 1.00000e-01
 1.00000e-01
 1.00000e-01
 1.00000e-01
 1.00000e-01
 1.00000e-01
 1.00000e-01
 1.00000e-01
 1.00000e-01
 1.00000e-01
 1.00000e-01
 1.00000e-01
 1.00000e-01
 1.00000e-01
 1.00000e-01
 1.00000e-01
 1.00000e-01
 1.00000e-01
 1.00000e-01
 1.00000e-01
 1.00000e-01
 1.00000e-01
 1.00000e-01
 1.00000e-01
 1.00000e-01
 1.00000e-01
 1.00000e-01
 1.00000e-01
 1.00000e-01
 1.00000e-01
 1.00000e-01
 1.00000e-01
 1.00000e-01
 1.00000e-01
 1.00000e-01
 1.00000e-01
 1.00000e-01
 1.00000e+00
 1.00000e+00
 1.00000e+00
 1.00000e+00
 1.00000e+00
 1.00000e+00
 1.00000e+00
 1.00000e+00
 1.00000e+00
 1.00000e+00
 1.00000e+00
 1.00000e+00
 1.00000e+00
 1.00000e+00
 1.00000e+00
 1.00000e+00
 1.00000e+00
 1.00000e+00
 1.00000e+00
 1.00000e+00
 1.00000e+00
 1.00000e+00
 1.00000e+00
 1.00000e+00
 1.00000e+00
 1.00000e+00
 1.00000e+00
 1.00000e+00
 1.00000e+00
 1.00000e+00
 1.00000e+00
 1.00000e+00
 1.00000e+00
 1.00000e+00
 1.00000e+00
 1.00000e+00
 1.00000e+00
 1.00000e+00
 1.00000e+00
 1.00000e+00
 1.00000e+00
 1.00000e+00
 9.99996e-01
 9.99913e-01
 9.98639e-01
 9.85765e-01
 9.11118e-01
 7.10591e-01
 4.76286e-01
 3.96684e-01
 3.85457e-01
 4.05888e-01
 3.86194e-01
 2.40963e-01
 1.66742e-01
 1.26906e-01
 1.09849e-01
 1.02918e-01
 1.00546e-01
 1.00089e-01
 1.00013e-01
 1.00002e-01
 1.00000e-01
 1.00000e-01
 1.00000e-01
 1.00000e-01
 1.00000e-01
 1.00000e-01
 1.00000e-01
 1.00000e-01
 1.00000e-01
 1.00000e-01
 1.00000e-01
 1.00000e-01
 1.00000e-01
 1.00000e-01
 1.00000e-01
 1.00000e-01
 1.00000e-01
 1.00000e-01
 1.00000e-01
 1.00000e-01
 1.00000e-01
 1.00000e-01
 1.00000e-01
 1.00000e-01
 1.00000e-01
 1.00000e-01
 1.00000e-01
 1.00000e-01
 1.00000e-01
 1.00000e-01
 1.00000e-01
 1.00000e-01
 1.00000e-01
 1.00000e-01
 1.00000e-01
 1.00000e-01
 1.00000e-01
 1.00000e-01
 1.00000e+00
 1.00000e+00
 1.00000e+00
 1.00000e+00
 1.00000e+00
 1.00000e+00
 1.00000e+00
 1.00000e+00
 1.00000e+00
 1.00000e+00
 1.00000e+00
 1.00000e+00
 1.00000e+00
 1.00000e+00
 1.00000e+00
 1.00000e+00
 1.00000e+00
 1.00000e+00
 1.00000e+00
 1.00000e+00
 1.00000e+00
 1.00000e+00
 1.00000e+00
 1.00000e+00
 1.00000e+00
 1.00000e+00
 1.00000e+00
 1.00000e+00
 1.00000e+00
 1.00000e+00
 1.00000e+00
 1.00000e+00
 1.00000e+00
 1.00000e+00
 1.00000e+00
 1.00000e+00
 1.00000e+00
 1.00000e+00
 1.00000e+00
 1.00000e+00
 1.00000e+00
 1.00000e+00
 9.99996e-01
 9.99913e-01
 9.98639e-01
 9.85765e-01
 9.11118e-01
 7.10589e-01
 4.76282e-01
 3.96671e-01
 3.85479e-01
 4.05901e-01
 3.86224e-01
 2.41006e-01
 1.67091e-01
 1.27009e-01
 1.09898e-01
 1.02875e-01
 1.00545e-01
 1.00089e-01
 1.00013e-01
 1.00002e-01
 1.00000e-01
 1.00000e-01
 1.00000e-01
 1.00000e-01
 1.00000e-01
 1.00000e-01
 1.00000e-01
 1.00000e-01
 1.00000e-01
 1.00000e-01
 1.00000e-01
 1.00000e-01
 1.00000e-01
 1.00000e-01
 1.00000e-01
 1.00000e-01
 1.00000e-01
 1.00000e-01
 1.00000e-01
 1.00000e-01
 1.00000e-01
 1.00000e-01
 1.00000e-01
 1.00000e-01
 1.00000e-01
 1.00000e-01
 1.00000e-01
 1.00000e-01
 1.00000e-01
 1.00000e-01
 1.00000e-01
 1.00000e-01
 1.00000e-01
 1.00000e-01
 1.00000e-01
 1.00000e-01
 1.00000e-01
 1.00000e-01
 1.00000e+00
 1.00000e+00
 1.00000e+00
 1.00000e+00
 1.00000e+00
 1.00000e+00
 1.00000e+00
 1.00000e+00
 1.00000e+00
 1.00000e+00
 1.00000e+00
 1.00000e+00
 1.00000e+00
 1.00000e+00
 1.00000e+00
 1.00000e+00
 1.00000e+00
 1.00000e+00
 1.00000e+00
 1.00000e+00
 1.00000e+00
 1.00000e+00
 1.00000e+00
 1.00000e+00
 1.00000e+00
 1.00000e+00
 1.00000e+00
 1.00000e+00
 1.00000e+00
 1.00000e+00
 1.00000e+00
 1.00000e+00
 1.00000e+00
 1.00000e+00
 1.00000e+00
 1.00000e+00
 1.00000e+00
 1.00000e+00
 1.00000e+00
 1.00000e+00
 1.00000e+00
 1.00000e+00
 9.99996e-01
 9.99913e-01
 9.98639e-01
 9.85765e-01
 9.11118e-01
 7.10589e-01
 4.76281e-01
 3.96675e-01
 3.85463e-01
 4.05896e-01
 3.86254e-01
 2.41352e-01
 1.67192e-01
 1.27091e-01
 1.09791e-01
 1.02811e-01
 1.00545e-01
 1.00089e-01
 1.00013e-01
 1.00002e-01
 1.00000e-01
 1.00000e-01
 1.00000e-01
 1.00000e-01
 1.00000e-01
 1.00000e-01
 1.00000e-01
 1.00000e-01
 1.00000e-01
 1.00000e-01
 1.00000e-01
 1.00000e-01
 1.00000e-01
 1.00000e-01
 1.00000e-01
 1.00000e-01
 1.00000e-01
 1.00000e-01
 1.00000e-01
 1.00000e-01
 1.00000e-01
 1.00000e-01
 1.00000e-01
 1.00000e-01
 1.00000e-01
 1.00000e-01
 1.00000e-01
 1.00000e-01
 1.00000e-01
 1.00000e-01
 1.00000e-01
 1.00000e-01
 1.00000e-01
 1.00000e-01
 1.00000e-01
 1.00000e-01
 1.00000e-01
 1.00000e-01
 1.00000e+00
 1.00000e+00
 1.00000e+00
 1.00000e+00
 1.00000e+00
 1.00000e+00
 1.00000e+00
 1.00000e+00
 1.00000e+00
 1.00000e+00
 1.00000e+00
 1.00000e+00
 1.00000e+00
 1.00000e+00
 1.00000e+00
 1.00000e+00
 1.00000e+00
 1.00000e+00
 1.00000e+00
 1.00000e+00
 1.00000e+00
 1.00000e+00
 1.00000e+00
 1.00000e+00
 1.00000e+00
 1.00000e+00
 1.00000e+00
 1.00000e+00
 1.00000e+00
 1.00000e+00
 1.00000e+00
 1.00000e+00
 1.00000e+00
 1.00000e+00
 1.00000e+00
 1.00000e+00
 1.00000e+00
 1.00000e+00
 1.00000e+00
 1.00000e+00
 1.00000e+00
 1.00000e+00
 9.99996e-01
 9.99913e-01
 9.98639e-01
 9.85765e-01
 9.11118e-01
 7.10588e-01
 4.76280e-01
 3.96677e-01
 3.85425e-01
 4.05939e-01
 3.86339e-01
 2.41421e-01
 1.67255e-01
 1.26877e-01
 1.09683e-01
 1.02772e-01
 1.00545e-01
 1.00089e-01
 1.00013e-01
 1.00002e-01
 1.00000e-01
 1.00000e-01
 1.00000e-01
 1.00000e-01
 1.00000e-01
 1.00000e-01
 1.00000e-01
 1.00000e-01
 1.00000e-01
 1.00000e-01
 1.00000e-01
 1.00000e-01
 1.00000e-01
 1.00000e-01
 1.00000e-01
 1.00000e-01
 1.00000e-01
 1.00000e-01
 1.00000e-01
 1.00000e-01
 1.00000e-01
 1.00000e-01
 1.00000e-01
 1.00000e-01
 1.00000e-01
 1.00000e-01
 1.00000e-01
 1.00000e-01
 1.00000e-01
 1.00000e-01
 1.00000e-01
 1.00000e-01
 1.00000e-01
 1.00000e-01
 1.00000e-01
 1.00000e-01
 1.00000e-01
 1.00000e-01
 1.00000e+00
 1.00000e+00
 1.00000e+00
 1.00000e+00
 1.00000e+00
 1.00000e+00
 1.00000e+00
 1.00000e+00
 1.00000e+00
 1.00000e+00
 1.00000e+00
 1.00000e+00
 1.00000e+00
 1.00000e+00
 1.00000e+00
 1.00000e+00
 1.00000e+00
 1.00000e+00
 1.00000e+00
 1.00000e+00
 1.00000e+00
 1.00000e+00
 1.00000e+00
 1.00000e+00
 1.00000e+00
 1.00000e+00
 1.00000e+00
 1.00000e+00
 1.00000e+00
 1.00000e+00
 1.00000e+00
 1.00000e+00
 1.00000e+00
 1.00000e+00
 1.00000e+00
 1.00000e+00
 1.00000e+00
 1.00000e+00
 1.00000e+00
 1.00000e+00
 1.00000e+00
 1.00000e+00
 9.99996e-01
 9.99913e-01
 9.98639e-01
 9.85765e-01
 9.11117e-01
 7.10587e-01
 4.76277e-01
 3.96673e-01
 3.85431e-01
 4.05889e-01
 3.86319e-01
 2.41521e-01
 1.66964e-01
 1.26743e-01
 1.09614e-01
 1.02755e-01
 1.00545e-01
 1.00089e-01
 1.00013e-01
 1.00002e-01
 1.00000e-01
 1.00000e-01
 1.00000e-01
 1.00000e-01
 1.00000e-01
 1.00000e-01
 1.00000e-01
 1.00000e-01
 1.00000e-01
 1.00000e-01
 1.00000e-01
 1.00000e-01
 1.00000e-01
 1.00000e-01
 1.00000e-01
 1.00000e-01
 1.00000e-01
 1.00000e-01
 1.00000e-01
 1.00000e-01
 1.00000e-01
 1.00000e-01
 1.00000e-01
 1.00000e-01
 1.00000e-01
 1.00000e-01
 1.00000e-01
 1.00000e-01
 1.00000e-01
 1.00000e-01
 1.00000e-01
 1.00000e-01
 1.00000e-01
 1.00000e-01
 1.00000e-01
 1.00000e-01
 1.00000e-01
 1.00000e-01
 1.00000e+00
 1.00000e+00
 1.00000e+00
 1.00000e+00
 1.00000e+00
 1.00000e+00
 1.00000e+00
 1.00000e+00
 1.00000e+00
 1.00000e+00
 1.00000e+00
 1.00000e+00
 1.00000e+00
 1.00000e+00
 1.00000e+00
 1.00000e+00
 1.00000e+00
 1.00000e+00
 1.00000e+00
 1.00000e+00
 1.00000e+00
 1.00000e+00
 1.00000e+00
 1.00000e+00
 1.00000e+00
 1.00000e+00
 1.00000e+00
 1.00000e+00
 1.00000e+00
 1.00000e+00
 1.00000e+00
 1.00000e+00
 1.00000e+00
 1.00000e+00
 1.00000e+00
 1.00000e+00
 1.00000e+00
 1.00000e+00
 1.00000e+00
 1.00000e+00
 1.00000e+00
 1.00000e+00
 9.99996e-01
 9.99913e-01
 9.98639e-01
 9.85765e-01
 9.11117e-01
 7.10587e-01
 4.76276e-01
 3.96658e-01
 3.85472e-01
 4.05855e-01
 3.86360e-01
 2.41263e-01
 1.66811e-01
 1.26642e-01
 1.09564e-01
 1.02833e-01
 1.00545e-01
 1.00089e-01
 1.00013e-01
 1.00002e-01
 1.00000e-01
 1.00000e-01
 1.00000e-01
 1.00000e-01
 1.00000e-01
 1.00000e-01
 1.00000e-01
 1.00000e-01
 1.00000e-01
 1.00000e-01
 1.00000e-01
 1.00000e-01
 1.00000e-01
 1.00000e-01
 1.00000e-01
 1.00000e-01
 1.00000e-01
 1.00000e-01
 1.00000e-01
 1.00000e-01
 1.00000e-01
 1.00000e-01
 1.00000e-01
 1.00000e-01
 1.00000e-01
 1.00000e-01
 1.00000e-01
 1.00000e-01
 1.00000e-01
 1.00000e-01
 1.00000e-01
 1.00000e-01
 1.00000e-01
 1.00000e-01
 1.00000e-01
 1.00000e-01
 1.00000e-01
 1.00000e-01
 1.00000e+00
 1.00000e+00
 1.00000e+00
 1.00000e+00
 1.00000e+00
 1.00000e+00
 1.00000e+00
 1.00000e+00
 1.00000e+00
 1.00000e+00
 1.00000e+00
 1.00000e+00
 1.00000e+00
 1.00000e+00
 1.00000e+00
 1.00000e+00
 1.00000e+00
 1.00000e+00
 1.00000e+00
 1.00000e+00
 1.00000e+00
 1.00000e+00
 1.00000e+00
 1.00000e+00
 1.00000e+00
 1.00000e+00
 1.00000e+00
 1.00000e+00
 1.00000e+00
 1.00000e+00
 1.00000e+00
 1.00000e+00
 1.00000e+00
 1.00000e+00
 1.00000e+00
 1.00000e+00
 1.00000e+00
 1.00000e+00
 1.00000e+00
 1.00000e+00
 1.00000e+00
 1.00000e+00
 9.99996e-01
 9.99913e-01
 9.98639e-01
 9.85765e-01
 9.11117e-01
 7.10585e-01
 4.76267e-01
 3.96650e-01
 3.85386e-01
 4.05755e-01
 3.86225e-01
 2.41080e-01
 1.66762e-01
 1.26587e-01
 1.09738e-01
 1.02878e-01
 1.00544e-01
 1.00089e-01
 1.00013e-01
 1.00002e-01
 1.00000e-01
 1.00000e-01
 1.00000e-01
 1.00000e-01
 1.00000e-01
 1.00000e-01
 1.00000e-01
 1.00000e-01
 1.00000e-01
 1.00000e-01
 1.00000e-01
 1.00000e-01
 1.00000e-01
 1.00000e-01
 1.00000e-01
 1.00000e-01
 1.00000e-01
 1.00000e-01
 1.00000e-01
 1.00000e-01
 1.00000e-01
 1.00000e-01
 1.00000e-01
 1.00000e-01
 1.00000e-01
 1.00000e-01
 1.00000e-01
 1.00000e-01
 1.00000e-01
 1.00000e-01
 1.00000e-01
 1.00000e-01
 1.00000e-01
 1.00000e-01
 1.00000e-01
 1.00000e-01
 1.00000e-01
 1.00000e-01
 1.00000e+00
 1.00000e+00
 1.00000e+00
 1.00000e+00
 1.00000e+00
 1.00000e+00
 1.00000e+00
 1.00000e+00
 1.00000e+00
 1.00000e+00
 1.00000e+00
 1.00000e+00
 1.00000e+00
 1.00000e+00
 1.00000e+00
 1.00000e+00
 1.00000e+00
 1.00000e+00
 1.00000e+00
 1.00000e+00
 1.00000e+00
 1.00000e+00
 1.00000e+00
 1.00000e+00
 1.00000e+00
 1.00000e+00
 1.00000e+00
 1.00000e+00
 1.00000e+00
 1.00000e+00
 1.00000e+00
 1.00000e+00
 1.00000e+00
 1.00000e+00
 1.00000e+00
 1.00000e+00
 1.00000e+00
 1.00000e+00
 1.00000e+00
 1.00000e+00
 1.00000e+00
 1.00000e+00
 9.99996e-01
 9.99913e-01
 9.98639e-01
 9.85765e-01
 9.11117e-01
 7.10585e-01
 4.76268e-01
 3.96647e-01
 3.85357e-01
 4.05775e-01
 3.86289e-01
 2.40852e-01
 1.66562e-01
 1.26766e-01
 1.09826e-01
 1.02909e-01
 1.00544e-01
 1.00089e-01
 1.00013e-01
 1.00002e-01
 1.00000e-01
 1.00000e-01
 1.00000e-01
 1.00000e-01
 1.00000e-01
 1.00000e-01
 1.00000e-01
 1.00000e-01
 1.00000e-01
 1.00000e-01
 1.00000e-01
 1.00000e-01
 1.00000e-01
 1.00000e-01
 1.00000e-01
 1.00000e-01
 1.00000e-01
 1.00000e-01
 1.00000e-01
 1.00000e-01
 1.00000e-01
 1.00000e-01
 1.00000e-01
 1.00000e-01
 1.00000e-01
 1.00000e-01
 1.00000e-01
 1.00000e-01
 1.00000e-01
 1.00000e-01
 1.00000e-01
 1.00000e-01
 1.00000e-01
 1.00000e-01
 1.00000e-01
 1.00000e-01
 1.00000e-01
 1.00000e-01
 1.00000e+00
 1.00000e+00
 1.00000e+00
 1.00000e+00
 1.00000e+00
 1.00000e+00
 1.00000e+00
 1.00000e+00
 1.00000e+00
 1.00000e+00
 1.00000e+00
 1.00000e+00
 1.00000e+00
 1.00000e+00
 1.00000e+00
 1.00000e+00
 1.00000e+00
 1.00000e+00
 1.00000e+00
 1.00000e+00
 1.00000e+00
 1.00000e+00
 1.00000e+00
 1.00000e+00
 1.00000e+00
 1.00000e+00
 1.00000e+00
 1.00000e+00
 1.00000e+00
 1.00000e+00
 1.00000e+00
 1.00000e+00
 1.00000e+00
 1.00000e+00
 1.00000e+00
 1.00000e+00
 1.00000e+00
 1.00000e+00
 1.00000e+00
 1.00000e+00
 1.00000e+00
 1.00000e+00
 9.99996e-01
 9.99913e-01
 9.98639e-01
 9.85765e-01
 9.11117e-01
 7.10584e-01
 4.76265e-01
 3.96648e-01
 3.85334e-01
 4.05803e-01
 3.86188e-01
 2.40911e-01
 1.66961e-01
 1.26913e-01
 1.09871e-01
 1.02866e-01
 1.00543e-01
 1.00089e-01
 1.00013e-01
 1.00002e-01
 1.00000e-01
 1.00000e-01
 1.00000e-01
 1.00000e-01
 1.00000e-01
 1.00000e-01
 1.00000e-01
 1.00000e-01
 1.00000e-01
 1.00000e-01
 1.00000e-01
 1.00000e-01
 1.00000e-01
 1.00000e-01
 1.00000e-01
 1.00000e-01
 1.00000e-01
 1.00000e-01
 1.00000e-01
 1.00000e-01
 1.00000e-01
 1.00000e-01
 1.00000e-01
 1.00000e-01
 1.00000e-01
 1.00000e-01
 1.00000e-01
 1.00000e-01
 1.00000e-01
 1.00000e-01
 1.00000e-01
 1.00000e-01
 1.00000e-01
 1.00000e-01
 1.00000e-01
 1.00000e-01
 1.00000e-01
 1.00000e-01
 1.00000e+00
 1.00000e+00
 1.00000e+00
 1.00000e+00
 1.00000e+00
 1.00000e+00
 1.00000e+00
 1.00000e+00
 1.00000e+00
 1.00000e+00
 1.00000e+00
 1.00000e+00
 1.00000e+00
 1.00000e+00
 1.00000e+00
 1.00000e+00
 1.00000e+00
 1.00000e+00
 1.00000e+00
 1.00000e+00
 1.00000e+00
 1.00000e+00
 1.00000e+00
 1.00000e+00
 1.00000e+00
 1.00000e+00
 1.00000e+00
 1.00000e+00
 1.00000e+00
 1.00000e+00
 1.00000e+00
 1.00000e+00
 1.00000e+00
 1.00000e+00
 1.00000e+00
 1.00000e+00
 1.00000e+00
 1.00000e+00
 1.00000e+00
 1.00000e+00
 1.00000e+00
 1.00000e+00
 9.99996e-01
 9.99913e-01
 9.98639e-01
 9.85765e-01
 9.11116e-01
 7.10583e-01
 4.76262e-01
 3.96636e-01
 3.85352e-01
 4.05774e-01
 3.86078e-01
 2.41171e-01
 1.66955e-01
 1.26942e-01
 1.09807e-01
 1.02804e-01
 1.00543e-01
 1.00089e-01
 1.00013e-01
 1.00002e-01
 1.00000e-01
 1.00000e-01
 1.00000e-01
 1.00000e-01
 1.00000e-01
 1.00000e-01
 1.00000e-01
 1.00000e-01
 1.00000e-01
 1.00000e-01
 1.00000e-01
 1.00000e-01
 1.00000e-01
 1.00000e-01
 1.00000e-01
 1.00000e-01
 1.00000e-01
 1.00000e-01
 1.00000e-01
 1.00000e-01
 1.00000e-01
 1.00000e-01
 1.00000e-01
 1.00000e-01
 1.00000e-01
 1.00000e-01
 1.00000e-01
 1.00000e-01
 1.00000e-01
 1.00000e-01
 1.00000e-01
 1.00000e-01
 1.00000e-01
 1.00000e-01
 1.00000e-01
 1.00000e-01
 1.00000e-01
 1.00000e-01
 1.00000e+00
 1.00000e+00
 1.00000e+00
 1.00000e+00
 1.00000e+00
 1.00000e+00
 1.00000e+00
 1.00000e+00
 1.00000e+00
 1.00000e+00
 1.00000e+00
 1.00000e+00
 1.00000e+00
 1.00000e+00
 1.00000e+00
 1.00000e+00
 1.00000e+00
 1.00000e+00
 1.00000e+00
 1.00000e+00
 1.00000e+00
 1.00000e+00
 1.00000e+00
 1.00000e+00
 1.00000e+00
 1.00000e+00
 1.00000e+00
 1.00000e+00
 1.00000e+00
 1.00000e+00
 1.00000e+00
 1.00000e+00
 1.00000e+00
 1.00000e+00
 1.00000e+00
 1.00000e+00
 1.00000e+00
 1.00000e+00
 1.00000e+00
 1.00000e+00
 1.00000e+00
 1.00000e+00
 9.99996e-01
 9.99913e-01
 9.98639e-01
 9.85765e-01
 9.11116e-01
 7.10582e-01
 4.76260e-01
 3.96613e-01
 3.85437e-01
 4.05824e-01
 3.86160e-01
 2.41185e-01
 1.66973e-01
 1.26915e-01
 1.09671e-01
 1.02757e-01
 1.00542e-01
 1.00089e-01
 1.00013e-01
 1.00002e-01
 1.00000e-01
 1.00000e-01
 1.00000e-01
 1.00000e-01
 1.00000e-01
 1.00000e-01
 1.00000e-01
 1.00000e-01
 1.00000e-01
 1.00000e-01
 1.00000e-01
 1.00000e-01
 1.00000e-01
 1.00000e-01
 1.00000e-01
 1.00000e-01
 1.00000e-01
 1.00000e-01
 1.00000e-01
 1.00000e-01
 1.00000e-01
 1.00000e-01
 1.00000e-01
 1.00000e-01
 1.00000e-01
 1.00000e-01
 1.00000e-01
 1.00000e-01
 1.00000e-01
 1.00000e-01
 1.00000e-01
 1.00000e-01
 1.00000e-01
 1.00000e-01
 1.00000e-01
 1.00000e-01
 1.00000e-01
 1.00000e-01
 1.00000e+00
 1.00000e+00
 1.00000e+00
 1.00000e+00
 1.00000e+00
 1.00000e+00
 1.00000e+00
 1.00000e+00
 1.00000e+00
 1.00000e+00
 1.00000e+00
 1.00000e+00
 1.00000e+00
 1.00000e+00
 1.00000e+00
 1.00000e+00
 1.00000e+00
 1.00000e+00
 1.00000e+00
 1.00000e+00
 1.00000e+00
 1.00000e+00
 1.00000e+00
 1.00000e+00
 1.00000e+00
 1.00000e+00
 1.00000e+00
 1.00000e+00
 1.00000e+00
 1.00000e+00
 1.00000e+00
 1.00000e+00
 1.00000e+00
 1.00000e+00
 1.00000e+00
 1.00000e+00
 1.00000e+00
 1.00000e+00
 1.00000e+00
 1.00000e+00
 1.00000e+00
 1.00000e+00
 9.99996e-01
 9.99913e-01
 9.98639e-01
 9.85765e-01
 9.11116e-01
 7.10581e-01
 4.76256e-01
 3.96589e-01
 3.85470e-01
 4.06006e-01
 3.86341e-01
 2.41072e-01
 1.66911e-01
 1.26765e-01
 1.09642e-01
 1.02757e-01
 1.00544e-01
 1.00089e-01
 1.00013e-01
 1.00002e-01
 1.00000e-01
 1.00000e-01
 1.00000e-01
 1.00000e-01
 1.00000e-01
 1.00000e-01
 1.00000e-01
 1.00000e-01
 1.00000e-01
 1.00000e-01
 1.00000e-01
 1.00000e-01
 1.00000e-01
 1.00000e-01
 1.00000e-01
 1.00000e-01
 1.00000e-01
 1.00000e-01
 1.00000e-01
 1.00000e-01
 1.00000e-01
 1.00000e-01
 1.00000e-01
 1.00000e-01
 1.00000e-01
 1.00000e-01
 1.00000e-01
 1.00000e-01
 1.00000e-01
 1.00000e-01
 1.00000e-01
 1.00000e-01
 1.00000e-01
 1.00000e-01
 1.00000e-01
 1.00000e-01
 1.00000e-01
 1.00000e-01
 1.00000e+00
 1.00000e+00
 1.00000e+00
 1.00000e+00
 1.00000e+00
 1.00000e+00
 1.00000e+00
 1.00000e+00
 1.00000e+00
 1.00000e+00
 1.00000e+00
 1.00000e+00
 1.00000e+00
 1.00000e+00
 1.00000e+00
 1.00000e+00
 1.00000e+00
 1.00000e+00
 1.00000e+00
 1.00000e+00
 1.00000e+00
 1.00000e+00
 1.00000e+00
 1.00000e+00
 1.00000e+00
 1.00000e+00
 1.00000e+00
 1.00000e+00
 1.00000e+00
 1.00000e+00
 1.00000e+00
 1.00000e+00
 1.00000e+00
 1.00000e+00
 1.00000e+00
 1.00000e+00
 1.00000e+00
 1.00000e+00
 1.00000e+00
 1.00000e+00
 1.00000e+00
 1.00000e+00
 9.99996e-01
 9.99913e-01
 9.98639e-01
 9.85765e-01
 9.11116e-01
 7.10581e-01
 4.76256e-01
 3.96588e-01
 3.85407e-01
 4.05971e-01
 3.85977e-01
 2.42945e-01
 1.69898e-01
 1.28211e-01
 1.09499e-01
 1.02610e-01
 1.00543e-01
 1.00089e-01
 1.00013e-01
 1.00002e-01
 1.00000e-01
 1.00000e-01
 1.00000e-01
 1.00000e-01
 1.00000e-01
 1.00000e-01
 1.00000e-01
 1.00000e-01
 1.00000e-01
 1.00000e-01
 1.00000e-01
 1.00000e-01
 1.00000e-01
 1.00000e-01
 1.00000e-01
 1.00000e-01
 1.00000e-01
 1.00000e-01
 1.00000e-01
 1.00000e-01
 1.00000e-01
 1.00000e-01
 1.00000e-01
 1.00000e-01
 1.00000e-01
 1.00000e-01
 1.00000e-01
 1.00000e-01
 1.00000e-01
 1.00000e-01
 1.00000e-01
 1.00000e-01
 1.00000e-01
 1.00000e-01
 1.00000e-01
 1.00000e-01
 1.00000e-01
 1.00000e-01
 1.00000e+00
 1.00000e+00
 1.00000e+00
 1.00000e+00
 1.00000e+00
 1.00000e+00
 1.00000e+00
 1.00000e+00
 1.00000e+00
 1.00000e+00
 1.00000e+00
 1.00000e+00
 1.00000e+00
 1.00000e+00
 1.00000e+00
 1.00000e+00
 1.00000e+00
 1.00000e+00
 1.00000e+00
 1.00000e+00
 1.00000e+00
 1.00000e+00
 1.00000e+00
 1.00000e+00
 1.00000e+00
 1.00000e+00
 1.00000e+00
 1.00000e+00
 1.00000e+00
 1.00000e+00
 1.00000e+00
 1.00000e+00
 1.00000e+00
 1.00000e+00
 1.00000e+00
 1.00000e+00
 1.00000e+00
 1.00000e+00
 1.00000e+00
 1.00000e+00
 1.00000e+00
 1.00000e+00
 9.99996e-01
 9.99913e-01
 9.98639e-01
 9.85765e-01
 9.11116e-01
 7.10580e-01
 4.76254e-01
 3.96585e-01
 3.85382e-01
 4.06006e-01
 3.85279e-01
 2.38520e-01
 1.64552e-01
 1.25393e-01
 1.09088e-01
 1.02597e-01
 1.00541e-01
 1.00089e-01
 1.00013e-01
 1.00002e-01
 1.00000e-01
 1.00000e-01
 1.00000e-01
 1.00000e-01
 1.00000e-01
 1.00000e-01
 1.00000e-01
 1.00000e-01
 1.00000e-01
 1.00000e-01
 1.00000e-01
 1.00000e-01
 1.00000e-01
 1.00000e-01
 1.00000e-01
 1.00000e-01
 1.00000e-01
 1.00000e-01
 1.00000e-01
 1.00000e-01
 1.00000e-01
 1.00000e-01
 1.00000e-01
 1.00000e-01
 1.00000e-01
 1.00000e-01
 1.00000e-01
 1.00000e-01
 1.00000e-01
 1.00000e-01
 1.00000e-01
 1.00000e-01
 1.00000e-01
 1.00000e-01
 1.00000e-01
 1.00000e-01
 1.00000e-01
 1.00000e-01
 1.00000e+00
 1.00000e+00
 1.00000e+00
 1.00000e+00
 1.00000e+00
 1.00000e+00
 1.00000e+00
 1.00000e+00
 1.00000e+00
 1.00000e+00
 1.00000e+00
 1.00000e+00
 1.00000e+00
 1.00000e+00
 1.00000e+00
 1.00000e+00
 1.00000e+00
 1.00000e+00
 1.00000e+00
 1.00000e+00
 1.00000e+00
 1.00000e+00
 1.00000e+00
 1.00000e+00
 1.00000e+00
 1.00000e+00
 1.00000e+00
 1.00000e+00
 1.00000e+00
 1.00000e+00
 1.00000e+00
 1.00000e+00
 1.00000e+00
 1.00000e+00
 1.00000e+00
 1.00000e+00
 1.00000e+00
 1.00000e+00
 1.00000e+00
 1.00000e+00
 1.00000e+00
 1.00000e+00
 9.99996e-01
 9.99913e-01
 9.98639e-01
 9.85765e-01
 9.11116e-01
 7.10579e-01
 4.76250e-01
 3.96582e-01
 3.85371e-01
 4.05956e-01
 3.85057e-01
 2.38534e-01
 1.64545e-01
 1.25348e-01
 1.09012e-01
 1.02590e-01
 1.00541e-01
 1.00089e-01
 1.00013e-01
 1.00002e-01
 1.00000e-01
 1.00000e-01
 1.00000e-01
 1.00000e-01
 1.00000e-01
 1.00000e-01
 1.00000e-01
 1.00000e-01
 1.00000e-01
 1.00000e-01
 1.00000e-01
 1.00000e-01
 1.00000e-01
 1.00000e-01
 1.00000e-01
 1.00000e-01
 1.00000e-01
 1.00000e-01
 1.00000e-01
 1.00000e-01
 1.00000e-01
 1.00000e-01
 1.00000e-01
 1.00000e-01
 1.00000e-01
 1.00000e-01
 1.00000e-01
 1.00000e-01
 1.00000e-01
 1.00000e-01
 1.00000e-01
 1.00000e-01
 1.00000e-01
 1.00000e-01
 1.00000e-01
 1.00000e-01
 1.00000e-01
 1.00000e-01
 1.00000e+00
 1.00000e+00
 1.00000e+00
 1.00000e+00
 1.00000e+00
 1.00000e+00
 1.00000e+00
 1.00000e+00
 1.00000e+00
 1.00000e+00
 1.00000e+00
 1.00000e+00
 1.00000e+00
 1.00000e+00
 1.00000e+00
 1.00000e+00
 1.00000e+00
 1.00000e+00
 1.00000e+00
 1.00000e+00
 1.00000e+00
 1.00000e+00
 1.00000e+00
 1.00000e+00
 1.00000e+00
 1.00000e+00
 1.00000e+00
 1.00000e+00
 1.00000e+00
 1.00000e+00
 1.00000e+00
 1.00000e+00
 1.00000e+00
 1.00000e+00
 1.00000e+00
 1.00000e+00
 1.00000e+00
 1.00000e+00
 1.00000e+00
 1.00000e+00
 1.00000e+00
 1.00000e+00
 9.99996e-01
 9.99913e-01
 9.98639e-01
 9.85765e-01
 9.11116e-01
 7.10578e-01
 4.76246e-01
 3.96579e-01
 3.85383e-01
 4.05929e-01
 3.85090e-01
 2.38512e-01
 1.64545e-01
 1.25334e-01
 1.09013e-01
 1.02586e-01
 1.00540e-01
 1.00089e-01
 1.00013e-01
 1.00002e-01
 1.00000e-01
 1.00000e-01
 1.00000e-01
 1.00000e-01
 1.00000e-01
 1.00000e-01
 1.00000e-01
 1.00000e-01
 1.00000e-01
 1.00000e-01
 1.00000e-01
 1.00000e-01
 1.00000e-01
 1.00000e-01
 1.00000e-01
 1.00000e-01
 1.00000e-01
 1.00000e-01
 1.00000e-01
 1.00000e-01
 1.00000e-01
 1.00000e-01
 1.00000e-01
 1.00000e-01
 1.00000e-01
 1.00000e-01
 1.00000e-01
 1.00000e-01
 1.00000e-01
 1.00000e-01
 1.00000e-01
 1.00000e-01
 1.00000e-01
 1.00000e-01
 1.00000e-01
 1.00000e-01
 1.00000e-01
 1.00000e-01
