Pressure
part
         1
hexa8
 1.00000e+00
 1.00000e+00
 1.00000e+00
 1.00000e+00
 1.00000e+00
 1.00000e+00
 1.00000e+00
 1.00000e+00
 1.00000e+00
 1.00000e+00
 1.00000e+00
 1.00000e+00
 1.00000e+00
 1.00000e+00
 1.00000e+00
 1.00000e+00
 1.00000e+00
 1.00000e+00
 1.00000e+00
 1.00000e+00
 1.00000e+00
 1.00000e+00
 1.00000e+00
 1.00000e+00
 1.00000e+00
 1.00000e+00
 1.00000e+00
 1.00000e+00
 1.00000e+00
 9.99998e-01
 9.99988e-01
 9.99919e-01
 9.99542e-01
 9.97803e-01
 9.91269e-01
 9.72068e-01
 9.29745e-01
 8.61035e-01
 7.75232e-01
 6.84075e-01
 5.94029e-01
 5.10893e-01
 4.41336e-01
 4.05119e-01
 4.03820e-01
 3.97711e-01
 3.89713e-01
 3.86502e-01
 3.83017e-01
 3.81900e-01
 3.81016e-01
 3.80087e-01
 3.79762e-01
 3.79630e-01
 3.79489e-01
 3.79356e-01
 3.79391e-01
 3.79611e-01
 3.79910e-01
 3.80115e-01
 3.79463e-01
 3.79863e-01
 3.85698e-01
 3.77075e-01
 3.60844e-01
 3.33538e-01
 2.84632e-01
 2.23721e-01
 1.75618e-01
 1.43608e-01
 1.23639e-01
 1.10829e-01
 1.04433e-01
 1.01654e-01
 1.00577e-01
 1.00192e-01
 1.00062e-01
 1.00019e-01
 1.00006e-01
 1.00002e-01
 1.00000e-01
 1.00000e-01
 1.00000e-01
 1.00000e-01
 1.00000e-01
 1.00000e-01
 1.00000e-01
 1.00000e-01
 1.00000e-01
 1.00000e-01
 1.00000e-01
 1.00000e-01
 1.00000e-01
 1.00000e-01
 1.00000e-01
 1.00000e-01
 1.00000e-01
 1.00000e-01
 1.00000e-01
 1.00000e-01
 1.00000e+00
 1.00000e+00
 1.00000e+00
 1.00000e+00
 1.00000e+00
 1.00000e+00
 1.00000e+00
 1.00000e+00
 1.00000e+00
 1.00000e+00
 1.00000e+00
 1.00000e+00
 1.00000e+00
 1.00000e+00
 1.00000e+00
 1.00000e+00
 1.00000e+00
 1.00000e+00
 1.00000e+00
 1.00000e+00
 1.00000e+00
 1.00000e+00
 1.00000e+00
 1.00000e+00
 1.00000e+00
 1.00000e+00
 1.00000e+00
 1.00000e+00
 1.00000e+00
 9.99998e-01
 9.99988e-01
 9.99919e-01
 9.99542e-01
 9.97803e-01
 9.91269e-01
 9.72068e-01
 9.29745e-01
 8.61035e-01
 7.75232e-01
 6.84075e-01
 5.94029e-01
 5.10893e-01
 4.41336e-01
 4.05119e-01
 4.03820e-01
 3.97711e-01
 3.89714e-01
 3.86503e-01
 3.83021e-01
 3.81902e-01
 3.81017e-01
 3.80085e-01
 3.79761e-01
 3.79630e-01
 3.79490e-01
 3.79357e-01
 3.79389e-01
 3.79604e-01
 3.79900e-01
 3.80104e-01
 3.79454e-01
 3.79864e-01
 3.85714e-01
 3.77088e-01
 3.60845e-01
 3.33518e-01
 2.84591e-01
 2.23692e-01
 1.75615e-01
 1.43611e-01
 1.23641e-01
 1.10830e-01
 1.04433e-01
 1.01654e-01
 1.00577e-01
 1.00192e-01
 1.00062e-01
 1.00019e-01
 1.00006e-01
 1.00002e-01
 1.00000e-01
 1.00000e-01
 1.00000e-01
 1.00000e-01
 1.00000e-01
 1.00000e-01
 1.00000e-01
 1.00000e-01
 1.00000e-01
 1.00000e-01
 1.00000e-01
 1.00000e-01
 1.00000e-01
 1.00000e-01
 1.00000e-01
 1.00000e-01
 1.00000e-01
 1.00000e-01
 1.00000e-01
 1.00000e-01
 1.00000e+00
 1.00000e+00
 1.00000e+00
 1.00000e+00
 1.00000e+00
 1.00000e+00
 1.00000e+00
 1.00000e+00
 1.00000e+00
 1.00000e+00
 1.00000e+00
 1.00000e+00
 1.00000e+00
 1.00000e+00
 1.00000e+00
 1.00000e+00
 1.00000e+00
 1.00000e+00
 1.00000e+00
 1.00000e+00
 1.00000e+00
 1.00000e+00
 1.00000e+00
 1.00000e+00
 1.00000e+00
 1.00000e+00
 1.00000e+00
 1.00000e+00
 1.00000e+00
 9.99998e-01
 9.99988e-01
 9.99919e-01
 9.99542e-01
 9.97803e-01
 9.91269e-01
 9.72068e-01
 9.29745e-01
 8.61035e-01
 7.75232e-01
 6.84075e-01
 5.94028e-01
 5.10893e-01
 4.41336e-01
 4.05119e-01
 4.03821e-01
 3.97712e-01
 3.89716e-01
 3.86505e-01
 3.83025e-01
 3.81906e-01
 3.81019e-01
 3.80088e-01
 3.79762e-01
 3.79624e-01
 3.79475e-01
 3.79334e-01
 3.79361e-01
 3.79574e-01
 3.79865e-01
 3.80063e-01
 3.79410e-01
 3.79837e-01
 3.85712e-01
 3.77083e-01
 3.60834e-01
 3.33497e-01
 2.84567e-01
 2.23686e-01
 1.75620e-01
 1.43617e-01
 1.23643e-01
 1.10830e-01
 1.04433e-01
 1.01655e-01
 1.00577e-01
 1.00192e-01
 1.00062e-01
 1.00019e-01
 1.00006e-01
 1.00002e-01
 1.00000e-01
 1.00000e-01
 1.00000e-01
 1.00000e-01
 1.00000e-01
 1.00000e-01
 1.00000e-01
 1.00000e-01
 1.00000e-01
 1.00000e-01
 1.00000e-01
 1.00000e-01
 1.00000e-01
 1.00000e-01
 1.00000e-01
 1.00000e-01
 1.00000e-01
 1.00000e-01
 1.00000e-01
 1.00000e-01
 1.00000e+00
 1.00000e+00
 1.00000e+00
 1.00000e+00
 1.00000e+00
 1.00000e+00
 1.00000e+00
 1.00000e+00
 1.00000e+00
 1.00000e+00
 1.00000e+00
 1.00000e+00
 1.00000e+00
 1.00000e+00
 1.00000e+00
 1.00000e+00
 1.00000e+00
 1.00000e+00
 1.00000e+00
 1.00000e+00
 1.00000e+00
 1.00000e+00
 1.00000e+00
 1.00000e+00
 1.00000e+00
 1.00000e+00
 1.00000e+00
 1.00000e+00
 1.00000e+00
 9.99998e-01
 9.99988e-01
 9.99919e-01
 9.99542e-01
 9.97803e-01
 9.91269e-01
 9.72068e-01
 9.29745e-01
 8.61035e-01
 7.75231e-01
 6.84075e-01
 5.94028e-01
 5.10893e-01
 4.41336e-01
 4.05119e-01
 4.03821e-01
 3.97713e-01
 3.89717e-01
 3.86507e-01
 3.83026e-01
 3.81909e-01
 3.81024e-01
 3.80096e-01
 3.79772e-01
 3.79636e-01
 3.79489e-01
 3.79349e-01
 3.79373e-01
 3.79582e-01
 3.79874e-01
 3.80078e-01
 3.79434e-01
 3.79865e-01
 3.85719e-01
 3.77071e-01
 3.60815e-01
 3.33478e-01
 2.84563e-01
 2.23696e-01
 1.75631e-01
 1.43623e-01
 1.23645e-01
 1.10831e-01
 1.04433e-01
 1.01655e-01
 1.00577e-01
 1.00192e-01
 1.00062e-01
 1.00019e-01
 1.00006e-01
 1.00002e-01
 1.00000e-01
 1.00000e-01
 1.00000e-01
 1.00000e-01
 1.00000e-01
 1.00000e-01
 1.00000e-01
 1.00000e-01
 1.00000e-01
 1.00000e-01
 1.00000e-01
 1.00000e-01
 1.00000e-01
 1.00000e-01
 1.00000e-01
 1.00000e-01
 1.00000e-01
 1.00000e-01
 1.00000e-01
 1.00000e-01
 1.00000e+00
 1.00000e+00
 1.00000e+00
 1.00000e+00
 1.00000e+00
 1.00000e+00
 1.00000e+00
 1.00000e+00
 1.00000e+00
 1.00000e+00
 1.00000e+00
 1.00000e+00
 1.00000e+00
 1.00000e+00
 1.00000e+00
 1.00000e+00
 1.00000e+00
 1.00000e+00
 1.00000e+00
 1.00000e+00
 1.00000e+00
 1.00000e+00
 1.00000e+00
 1.00000e+00
 1.00000e+00
 1.00000e+00
 1.00000e+00
 1.00000e+00
 1.00000e+00
 9.99998e-01
 9.99988e-01
 9.99919e-01
 9.99542e-01
 9.97803e-01
 9.91269e-01
 9.72068e-01
 9.29745e-01
 8.61035e-01
 7.75231e-01
 6.84075e-01
 5.94028e-01
 5.10893e-01
 4.41336e-01
 4.05119e-01
 4.03821e-01
 3.97713e-01
 3.89717e-01
 3.86507e-01
 3.83026e-01
 3.81910e-01
 3.81028e-01
 3.80102e-01
 3.79778e-01
 3.79643e-01
 3.79496e-01
 3.79353e-01
 3.79376e-01
 3.79586e-01
 3.79878e-01
 3.80079e-01
 3.79431e-01
 3.79864e-01
 3.85709e-01
 3.77056e-01
 3.60800e-01
 3.33470e-01
 2.84569e-01
 2.23709e-01
 1.75641e-01
 1.43629e-01
 1.23647e-01
 1.10832e-01
 1.04434e-01
 1.01655e-01
 1.00577e-01
 1.00192e-01
 1.00062e-01
 1.00019e-01
 1.00006e-01
 1.00002e-01
 1.00000e-01
 1.00000e-01
 1.00000e-01
 1.00000e-01
 1.00000e-01
 1.00000e-01
 1.00000e-01
 1.00000e-01
 1.00000e-01
 1.00000e-01
 1.00000e-01
 1.00000e-01
 1.00000e-01
 1.00000e-01
 1.00000e-01
 1.00000e-01
 1.00000e-01
 1.00000e-01
 1.00000e-01
 1.00000e-01
 1.00000e+00
 1.00000e+00
 1.00000e+00
 1.00000e+00
 1.00000e+00
 1.00000e+00
 1.00000e+00
 1.00000e+00
 1.00000e+00
 1.00000e+00
 1.00000e+00
 1.00000e+00
 1.00000e+00
 1.00000e+00
 1.00000e+00
 1.00000e+00
 1.00000e+00
 1.00000e+00
 1.00000e+00
 1.00000e+00
 1.00000e+00
 1.00000e+00
 1.00000e+00
 1.00000e+00
 1.00000e+00
 1.00000e+00
 1.00000e+00
 1.00000e+00
 1.00000e+00
 9.99998e-01
 9.99988e-01
 9.99919e-01
 9.99542e-01
 9.97803e-01
 9.91269e-01
 9.72068e-01
 9.29745e-01
 8.61035e-01
 7.75231e-01
 6.84075e-01
 5.94028e-01
 5.10893e-01
 4.41335e-01
 4.05118e-01
 4.03821e-01
 3.97712e-01
 3.89717e-01
 3.86506e-01
 3.83027e-01
 3.81912e-01
 3.81028e-01
 3.80101e-01
 3.79779e-01
 3.79642e-01
 3.79490e-01
 3.79341e-01
 3.79355e-01
 3.79555e-01
 3.79841e-01
 3.80043e-01
 3.79409e-01
 3.79856e-01
 3.85700e-01
 3.77054e-01
 3.60806e-01
 3.33486e-01
 2.84598e-01
 2.23739e-01
 1.75658e-01
 1.43637e-01
 1.23648e-01
 1.10832e-01
 1.04434e-01
 1.01655e-01
 1.00577e-01
 1.00192e-01
 1.00062e-01
 1.00019e-01
 1.00006e-01
 1.00002e-01
 1.00000e-01
 1.00000e-01
 1.00000e-01
 1.00000e-01
 1.00000e-01
 1.00000e-01
 1.00000e-01
 1.00000e-01
 1.00000e-01
 1.00000e-01
 1.00000e-01
 1.00000e-01
 1.00000e-01
 1.00000e-01
 1.00000e-01
 1.00000e-01
 1.00000e-01
 1.00000e-01
 1.00000e-01
 1.00000e-01
 1.00000e+00
 1.00000e+00
 1.00000e+00
 1.00000e+00
 1.00000e+00
 1.00000e+00
 1.00000e+00
 1.00000e+00
 1.00000e+00
 1.00000e+00
 1.00000e+00
 1.00000e+00
 1.00000e+00
 1.00000e+00
 1.00000e+00
 1.00000e+00
 1.00000e+00
 1.00000e+00
 1.00000e+00
 1.00000e+00
 1.00000e+00
 1.00000e+00
 1.00000e+00
 1.00000e+00
 1.00000e+00
 1.00000e+00
 1.00000e+00
 1.00000e+00
 1.00000e+00
 9.99998e-01
 9.99988e-01
 9.99919e-01
 9.99542e-01
 9.97803e-01
 9.91269e-01
 9.72068e-01
 9.29745e-01
 8.61035e-01
 7.75231e-01
 6.84075e-01
 5.94028e-01
 5.10893e-01
 4.41335e-01
 4.05118e-01
 4.03821e-01
 3.97713e-01
 3.89719e-01
 3.86508e-01
 3.83028e-01
 3.81914e-01
 3.81027e-01
 3.80095e-01
 3.79765e-01
 3.79623e-01
 3.79465e-01
 3.79316e-01
 3.79332e-01
 3.79532e-01
 3.79813e-01
 3.80006e-01
 3.79358e-01
 3.79802e-01
 3.85668e-01
 3.77034e-01
 3.60793e-01
 3.33486e-01
 2.84609e-01
 2.23750e-01
 1.75666e-01
 1.43642e-01
 1.23649e-01
 1.10832e-01
 1.04434e-01
 1.01655e-01
 1.00577e-01
 1.00192e-01
 1.00062e-01
 1.00019e-01
 1.00006e-01
 1.00002e-01
 1.00000e-01
 1.00000e-01
 1.00000e-01
 1.00000e-01
 1.00000e-01
 1.00000e-01
 1.00000e-01
 1.00000e-01
 1.00000e-01
 1.00000e-01
 1.00000e-01
 1.00000e-01
 1.00000e-01
 1.00000e-01
 1.00000e-01
 1.00000e-01
 1.00000e-01
 1.00000e-01
 1.00000e-01
 1.00000e-01
 1.00000e+00
 1.00000e+00
 1.00000e+00
 1.00000e+00
 1.00000e+00
 1.00000e+00
 1.00000e+00
 1.00000e+00
 1.00000e+00
 1.00000e+00
 1.00000e+00
 1.00000e+00
 1.00000e+00
 1.00000e+00
 1.00000e+00
 1.00000e+00
 1.00000e+00
 1.00000e+00
 1.00000e+00
 1.00000e+00
 1.00000e+00
 1.00000e+00
 1.00000e+00
 1.00000e+00
 1.00000e+00
 1.00000e+00
 1.00000e+00
 1.00000e+00
 1.00000e+00
 9.99998e-01
 9.99988e-01
 9.99919e-01
 9.99542e-01
 9.97803e-01
 9.91269e-01
 9.72068e-01
 9.29745e-01
 8.61035e-01
 7.75231e-01
 6.84075e-01
 5.94028e-01
 5.10893e-01
 4.41336e-01
 4.05119e-01
 4.03822e-01
 3.97715e-01
 3.89721e-01
 3.86509e-01
 3.83029e-01
 3.81915e-01
 3.81028e-01
 3.80087e-01
 3.79755e-01
 3.79616e-01
 3.79462e-01
 3.79310e-01
 3.79324e-01
 3.79524e-01
 3.79823e-01
 3.80045e-01
 3.79422e-01
 3.79859e-01
 3.85683e-01
 3.77029e-01
 3.60782e-01
 3.33476e-01
 2.84611e-01
 2.23762e-01
 1.75675e-01
 1.43648e-01
 1.23650e-01
 1.10832e-01
 1.04434e-01
 1.01655e-01
 1.00577e-01
 1.00192e-01
 1.00062e-01
 1.00019e-01
 1.00006e-01
 1.00002e-01
 1.00000e-01
 1.00000e-01
 1.00000e-01
 1.00000e-01
 1.00000e-01
 1.00000e-01
 1.00000e-01
 1.00000e-01
 1.00000e-01
 1.00000e-01
 1.00000e-01
 1.00000e-01
 1.00000e-01
 1.00000e-01
 1.00000e-01
 1.00000e-01
 1.00000e-01
 1.00000e-01
 1.00000e-01
 1.00000e-01
 1.00000e+00
 1.00000e+00
 1.00000e+00
 1.00000e+00
 1.00000e+00
 1.00000e+00
 1.00000e+00
 1.00000e+00
 1.00000e+00
 1.00000e+00
 1.00000e+00
 1.00000e+00
 1.00000e+00
 1.00000e+00
 1.00000e+00
 1.00000e+00
 1.00000e+00
 1.00000e+00
 1.00000e+00
 1.00000e+00
 1.00000e+00
 1.00000e+00
 1.00000e+00
 1.00000e+00
 1.00000e+00
 1.00000e+00
 1.00000e+00
 1.00000e+00
 1.00000e+00
 9.99998e-01
 9.99988e-01
 9.99919e-01
 9.99542e-01
 9.97803e-01
 9.91269e-01
 9.72068e-01
 9.29745e-01
 8.61035e-01
 7.75231e-01
 6.84074e-01
 5.94028e-01
 5.10893e-01
 4.41336e-01
 4.05119e-01
 4.03823e-01
 3.97716e-01
 3.89722e-01
 3.86510e-01
 3.83031e-01
 3.81915e-01
 3.81026e-01
 3.80080e-01
 3.79739e-01
 3.79592e-01
 3.79426e-01
 3.79271e-01
 3.79293e-01
 3.79502e-01
 3.79792e-01
 3.79989e-01
 3.79338e-01
 3.79773e-01
 3.85637e-01
 3.77005e-01
 3.60767e-01
 3.33471e-01
 2.84615e-01
 2.23774e-01
 1.75684e-01
 1.43654e-01
 1.23651e-01
 1.10832e-01
 1.04434e-01
 1.01655e-01
 1.00577e-01
 1.00192e-01
 1.00062e-01
 1.00019e-01
 1.00006e-01
 1.00002e-01
 1.00000e-01
 1.00000e-01
 1.00000e-01
 1.00000e-01
 1.00000e-01
 1.00000e-01
 1.00000e-01
 1.00000e-01
 1.00000e-01
 1.00000e-01
 1.00000e-01
 1.00000e-01
 1.00000e-01
 1.00000e-01
 1.00000e-01
 1.00000e-01
 1.00000e-01
 1.00000e-01
 1.00000e-01
 1.00000e-01
 1.00000e+00
 1.00000e+00
 1.00000e+00
 1.00000e+00
 1.00000e+00
 1.00000e+00
 1.00000e+00
 1.00000e+00
 1.00000e+00
 1.00000e+00
 1.00000e+00
 1.00000e+00
 1.00000e+00
 1.00000e+00
 1.00000e+00
 1.00000e+00
 1.00000e+00
 1.00000e+00
 1.00000e+00
 1.00000e+00
 1.00000e+00
 1.00000e+00
 1.00000e+00
 1.00000e+00
 1.00000e+00
 1.00000e+00
 1.00000e+00
 1.00000e+00
 1.00000e+00
 9.99998e-01
 9.99988e-01
 9.99919e-01
 9.99542e-01
 9.97803e-01
 9.91269e-01
 9.72068e-01
 9.29745e-01
 8.61035e-01
 7.75231e-01
 6.84074e-01
 5.94028e-01
 5.10893e-01
 4.41336e-01
 4.05120e-01
 4.03823e-01
 3.97716e-01
 3.89723e-01
 3.86510e-01
 3.83033e-01
 3.81914e-01
 3.81019e-01
 3.80080e-01
 3.79745e-01
 3.79590e-01
 3.79425e-01
 3.79273e-01
 3.79288e-01
 3.79493e-01
 3.79789e-01
 3.80004e-01
 3.79371e-01
 3.79805e-01
 3.85642e-01
 3.76997e-01
 3.60757e-01
 3.33463e-01
 2.84619e-01
 2.23791e-01
 1.75698e-01
 1.43661e-01
 1.23652e-01
 1.10832e-01
 1.04434e-01
 1.01655e-01
 1.00577e-01
 1.00192e-01
 1.00062e-01
 1.00019e-01
 1.00006e-01
 1.00002e-01
 1.00000e-01
 1.00000e-01
 1.00000e-01
 1.00000e-01
 1.00000e-01
 1.00000e-01
 1.00000e-01
 1.00000e-01
 1.00000e-01
 1.00000e-01
 1.00000e-01
 1.00000e-01
 1.00000e-01
 1.00000e-01
 1.00000e-01
 1.00000e-01
 1.00000e-01
 1.00000e-01
 1.00000e-01
 1.00000e-01
 1.00000e+00
 1.00000e+00
 1.00000e+00
 1.00000e+00
 1.00000e+00
 1.00000e+00
 1.00000e+00
 1.00000e+00
 1.00000e+00
 1.00000e+00
 1.00000e+00
 1.00000e+00
 1.00000e+00
 1.00000e+00
 1.00000e+00
 1.00000e+00
 1.00000e+00
 1.00000e+00
 1.00000e+00
 1.00000e+00
 1.00000e+00
 1.00000e+00
 1.00000e+00
 1.00000e+00
 1.00000e+00
 1.00000e+00
 1.00000e+00
 1.00000e+00
 1.00000e+00
 9.99998e-01
 9.99988e-01
 9.99919e-01
 9.99542e-01
 9.97803e-01
 9.91269e-01
 9.72068e-01
 9.29745e-01
 8.61034e-01
 7.75231e-01
 6.84074e-01
 5.94028e-01
 5.10893e-01
 4.41335e-01
 4.05116e-01
 4.03821e-01
 3.97716e-01
 3.89725e-01
 3.86516e-01
 3.83041e-01
 3.81930e-01
 3.81043e-01
 3.80107e-01
 3.79768e-01
 3.79619e-01
 3.79457e-01
 3.79300e-01
 3.79311e-01
 3.79513e-01
 3.79803e-01
 3.80002e-01
 3.79344e-01
 3.79765e-01
 3.85624e-01
 3.76990e-01
 3.60756e-01
 3.33475e-01
 2.84646e-01
 2.23821e-01
 1.75726e-01
 1.43679e-01
 1.23657e-01
 1.10834e-01
 1.04434e-01
 1.01655e-01
 1.00578e-01
 1.00192e-01
 1.00062e-01
 1.00019e-01
 1.00006e-01
 1.00002e-01
 1.00000e-01
 1.00000e-01
 1.00000e-01
 1.00000e-01
 1.00000e-01
 1.00000e-01
 1.00000e-01
 1.00000e-01
 1.00000e-01
 1.00000e-01
 1.00000e-01
 1.00000e-01
 1.00000e-01
 1.00000e-01
 1.00000e-01
 1.00000e-01
 1.00000e-01
 1.00000e-01
 1.00000e-01
 1.00000e-01
 1.00000e+00
 1.00000e+00
 1.00000e+00
 1.00000e+00
 1.00000e+00
 1.00000e+00
 1.00000e+00
 1.00000e+00
 1.00000e+00
 1.00000e+00
 1.00000e+00
 1.00000e+00
 1.00000e+00
 1.00000e+00
 1.00000e+00
 1.00000e+00
 1.00000e+00
 1.00000e+00
 1.00000e+00
 1.00000e+00
 1.00000e+00
 1.00000e+00
 1.00000e+00
 1.00000e+00
 1.00000e+00
 1.00000e+00
 1.00000e+00
 1.00000e+00
 1.00000e+00
 9.99998e-01
 9.99988e-01
 9.99919e-01
 9.99542e-01
 9.97803e-01
 9.91269e-01
 9.72068e-01
 9.29745e-01
 8.61034e-01
 7.75231e-01
 6.84074e-01
 5.94028e-01
 5.10893e-01
 4.41335e-01
 4.05117e-01
 4.03822e-01
 3.97717e-01
 3.89728e-01
 3.86518e-01
 3.83038e-01
 3.81923e-01
 3.81038e-01
 3.80093e-01
 3.79746e-01
 3.79591e-01
 3.79420e-01
 3.79251e-01
 3.79261e-01
 3.79471e-01
 3.79778e-01
 3.80001e-01
 3.79373e-01
 3.79800e-01
 3.85630e-01
 3.76985e-01
 3.60747e-01
 3.33466e-01
 2.84648e-01
 2.23835e-01
 1.75742e-01
 1.43691e-01
 1.23658e-01
 1.10834e-01
 1.04434e-01
 1.01655e-01
 1.00578e-01
 1.00192e-01
 1.00062e-01
 1.00019e-01
 1.00006e-01
 1.00002e-01
 1.00000e-01
 1.00000e-01
 1.00000e-01
 1.00000e-01
 1.00000e-01
 1.00000e-01
 1.00000e-01
 1.00000e-01
 1.00000e-01
 1.00000e-01
 1.00000e-01
 1.00000e-01
 1.00000e-01
 1.00000e-01
 1.00000e-01
 1.00000e-01
 1.00000e-01
 1.00000e-01
 1.00000e-01
 1.00000e-01
 1.00000e+00
 1.00000e+00
 1.00000e+00
 1.00000e+00
 1.00000e+00
 1.00000e+00
 1.00000e+00
 1.00000e+00
 1.00000e+00
 1.00000e+00
 1.00000e+00
 1.00000e+00
 1.00000e+00
 1.00000e+00
 1.00000e+00
 1.00000e+00
 1.00000e+00
 1.00000e+00
 1.00000e+00
 1.00000e+00
 1.00000e+00
 1.00000e+00
 1.00000e+00
 1.00000e+00
 1.00000e+00
 1.00000e+00
 1.00000e+00
 1.00000e+00
 1.00000e+00
 9.99998e-01
 9.99988e-01
 9.99919e-01
 9.99542e-01
 9.97803e-01
 9.91269e-01
 9.72068e-01
 9.29745e-01
 8.61034e-01
 7.75231e-01
 6.84074e-01
 5.94028e-01
 5.10893e-01
 4.41335e-01
 4.05119e-01
 4.03824e-01
 3.97720e-01
 3.89732e-01
 3.86518e-01
 3.83035e-01
 3.81913e-01
 3.81022e-01
 3.80075e-01
 3.79719e-01
 3.79556e-01
 3.79395e-01
 3.79244e-01
 3.79256e-01
 3.79455e-01
 3.79733e-01
 3.79921e-01
 3.79246e-01
 3.79665e-01
 3.85547e-01
 3.76939e-01
 3.60720e-01
 3.33461e-01
 2.84656e-01
 2.23843e-01
 1.75750e-01
 1.43693e-01
 1.23657e-01
 1.10834e-01
 1.04434e-01
 1.01655e-01
 1.00578e-01
 1.00192e-01
 1.00062e-01
 1.00019e-01
 1.00006e-01
 1.00002e-01
 1.00000e-01
 1.00000e-01
 1.00000e-01
 1.00000e-01
 1.00000e-01
 1.00000e-01
 1.00000e-01
 1.00000e-01
 1.00000e-01
 1.00000e-01
 1.00000e-01
 1.00000e-01
 1.00000e-01
 1.00000e-01
 1.00000e-01
 1.00000e-01
 1.00000e-01
 1.00000e-01
 1.00000e-01
 1.00000e-01
 1.00000e+00
 1.00000e+00
 1.00000e+00
 1.00000e+00
 1.00000e+00
 1.00000e+00
 1.00000e+00
 1.00000e+00
 1.00000e+00
 1.00000e+00
 1.00000e+00
 1.00000e+00
 1.00000e+00
 1.00000e+00
 1.00000e+00
 1.00000e+00
 1.00000e+00
 1.00000e+00
 1.00000e+00
 1.00000e+00
 1.00000e+00
 1.00000e+00
 1.00000e+00
 1.00000e+00
 1.00000e+00
 1.00000e+00
 1.00000e+00
 1.00000e+00
 1.00000e+00
 9.99998e-01
 9.99988e-01
 9.99919e-01
 9.99542e-01
 9.97803e-01
 9.91269e-01
 9.72068e-01
 9.29745e-01
 8.61034e-01
 7.75231e-01
 6.84074e-01
 5.94028e-01
 5.10893e-01
 4.41335e-01
 4.05120e-01
 4.03825e-01
 3.97721e-01
 3.89733e-01
 3.86516e-01
 3.83031e-01
 3.81906e-01
 3.81011e-01
 3.80060e-01
 3.79698e-01
 3.79537e-01
 3.79368e-01
 3.79187e-01
 3.79174e-01
 3.79380e-01
 3.79693e-01
 3.79921e-01
 3.79295e-01
 3.79733e-01
 3.85586e-01
 3.76960e-01
 3.60731e-01
 3.33463e-01
 2.84660e-01
 2.23850e-01
 1.75749e-01
 1.43687e-01
 1.23656e-01
 1.10834e-01
 1.04434e-01
 1.01655e-01
 1.00578e-01
 1.00192e-01
 1.00062e-01
 1.00019e-01
 1.00006e-01
 1.00002e-01
 1.00000e-01
 1.00000e-01
 1.00000e-01
 1.00000e-01
 1.00000e-01
 1.00000e-01
 1.00000e-01
 1.00000e-01
 1.00000e-01
 1.00000e-01
 1.00000e-01
 1.00000e-01
 1.00000e-01
 1.00000e-01
 1.00000e-01
 1.00000e-01
 1.00000e-01
 1.00000e-01
 1.00000e-01
 1.00000e-01
 1.00000e+00
 1.00000e+00
 1.00000e+00
 1.00000e+00
 1.00000e+00
 1.00000e+00
 1.00000e+00
 1.00000e+00
 1.00000e+00
 1.00000e+00
 1.00000e+00
 1.00000e+00
 1.00000e+00
 1.00000e+00
 1.00000e+00
 1.00000e+00
 1.00000e+00
 1.00000e+00
 1.00000e+00
 1.00000e+00
 1.00000e+00
 1.00000e+00
 1.00000e+00
 1.00000e+00
 1.00000e+00
 1.00000e+00
 1.00000e+00
 1.00000e+00
 1.00000e+00
 9.99998e-01
 9.99988e-01
 9.99919e-01
 9.99542e-01
 9.97803e-01
 9.91269e-01
 9.72068e-01
 9.29745e-01
 8.61034e-01
 7.75231e-01
 6.84074e-01
 5.94028e-01
 5.10893e-01
 4.41335e-01
 4.05121e-01
 4.03827e-01
 3.97722e-01
 3.89733e-01
 3.86513e-01
 3.83029e-01
 3.81905e-01
 3.81009e-01
 3.80036e-01
 3.79682e-01
 3.79535e-01
 3.79369e-01
 3.79212e-01
 3.79231e-01
 3.79435e-01
 3.79722e-01
 3.79922e-01
 3.79264e-01
 3.79679e-01
 3.85555e-01
 3.76952e-01
 3.60734e-01
 3.33476e-01
 2.84671e-01
 2.23842e-01
 1.75733e-01
 1.43676e-01
 1.23655e-01
 1.10833e-01
 1.04434e-01
 1.01655e-01
 1.00577e-01
 1.00192e-01
 1.00062e-01
 1.00019e-01
 1.00006e-01
 1.00002e-01
 1.00000e-01
 1.00000e-01
 1.00000e-01
 1.00000e-01
 1.00000e-01
 1.00000e-01
 1.00000e-01
 1.00000e-01
 1.00000e-01
 1.00000e-01
 1.00000e-01
 1.00000e-01
 1.00000e-01
 1.00000e-01
 1.00000e-01
 1.00000e-01
 1.00000e-01
 1.00000e-01
 1.00000e-01
 1.00000e-01
 1.00000e+00
 1.00000e+00
 1.00000e+00
 1.00000e+00
 1.00000e+00
 1.00000e+00
 1.00000e+00
 1.00000e+00
 1.00000e+00
 1.00000e+00
 1.00000e+00
 1.00000e+00
 1.00000e+00
 1.00000e+00
 1.00000e+00
 1.00000e+00
 1.00000e+00
 1.00000e+00
 1.00000e+00
 1.00000e+00
 1.00000e+00
 1.00000e+00
 1.00000e+00
 1.00000e+00
 1.00000e+00
 1.00000e+00
 1.00000e+00
 1.00000e+00
 1.00000e+00
 9.99998e-01
 9.99988e-01
 9.99919e-01
 9.99542e-01
 9.97803e-01
 9.91269e-01
 9.72068e-01
 9.29745e-01
 8.61034e-01
 7.75231e-01
 6.84074e-01
 5.94028e-01
 5.10893e-01
 4.41334e-01
 4.05115e-01
 4.03822e-01
 3.97720e-01
 3.89738e-01
 3.86531e-01
 3.83054e-01
 3.81935e-01
 3.81044e-01
 3.80094e-01
 3.79744e-01
 3.79574e-01
 3.79398e-01
 3.79233e-01
 3.79235e-01
 3.79418e-01
 3.79697e-01
 3.79900e-01
 3.79250e-01
 3.79670e-01
 3.85562e-01
 3.76962e-01
 3.60748e-01
 3.33495e-01
 2.84687e-01
 2.23847e-01
 1.75725e-01
 1.43672e-01
 1.23657e-01
 1.10835e-01
 1.04435e-01
 1.01655e-01
 1.00578e-01
 1.00192e-01
 1.00062e-01
 1.00019e-01
 1.00006e-01
 1.00002e-01
 1.00000e-01
 1.00000e-01
 1.00000e-01
 1.00000e-01
 1.00000e-01
 1.00000e-01
 1.00000e-01
 1.00000e-01
 1.00000e-01
 1.00000e-01
 1.00000e-01
 1.00000e-01
 1.00000e-01
 1.00000e-01
 1.00000e-01
 1.00000e-01
 1.00000e-01
 1.00000e-01
 1.00000e-01
 1.00000e-01
 1.00000e+00
 1.00000e+00
 1.00000e+00
 1.00000e+00
 1.00000e+00
 1.00000e+00
 1.00000e+00
 1.00000e+00
 1.00000e+00
 1.00000e+00
 1.00000e+00
 1.00000e+00
 1.00000e+00
 1.00000e+00
 1.00000e+00
 1.00000e+00
 1.00000e+00
 1.00000e+00
 1.00000e+00
 1.00000e+00
 1.00000e+00
 1.00000e+00
 1.00000e+00
 1.00000e+00
 1.00000e+00
 1.00000e+00
 1.00000e+00
 1.00000e+00
 1.00000e+00
 9.99998e-01
 9.99988e-01
 9.99919e-01
 9.99542e-01
 9.97803e-01
 9.91269e-01
 9.72068e-01
 9.29745e-01
 8.61034e-01
 7.75231e-01
 6.84074e-01
 5.94028e-01
 5.10893e-01
 4.41334e-01
 4.05116e-01
 4.03823e-01
 3.97722e-01
 3.89742e-01
 3.86534e-01
 3.83049e-01
 3.81915e-01
 3.81018e-01
 3.80073e-01
 3.79708e-01
 3.79541e-01
 3.79368e-01
 3.79208e-01
 3.79222e-01
 3.79441e-01
 3.79746e-01
 3.79951e-01
 3.79277e-01
 3.79663e-01
 3.85526e-01
 3.76938e-01
 3.60735e-01
 3.33490e-01
 2.84672e-01
 2.23817e-01
 1.75695e-01
 1.43652e-01
 1.23654e-01
 1.10835e-01
 1.04435e-01
 1.01655e-01
 1.00578e-01
 1.00192e-01
 1.00062e-01
 1.00019e-01
 1.00006e-01
 1.00002e-01
 1.00000e-01
 1.00000e-01
 1.00000e-01
 1.00000e-01
 1.00000e-01
 1.00000e-01
 1.00000e-01
 1.00000e-01
 1.00000e-01
 1.00000e-01
 1.00000e-01
 1.00000e-01
 1.00000e-01
 1.00000e-01
 1.00000e-01
 1.00000e-01
 1.00000e-01
 1.00000e-01
 1.00000e-01
 1.00000e-01
 1.00000e+00
 1.00000e+00
 1.00000e+00
 1.00000e+00
 1.00000e+00
 1.00000e+00
 1.00000e+00
 1.00000e+00
 1.00000e+00
 1.00000e+00
 1.00000e+00
 1.00000e+00
 1.00000e+00
 1.00000e+00
 1.00000e+00
 1.00000e+00
 1.00000e+00
 1.00000e+00
 1.00000e+00
 1.00000e+00
 1.00000e+00
 1.00000e+00
 1.00000e+00
 1.00000e+00
 1.00000e+00
 1.00000e+00
 1.00000e+00
 1.00000e+00
 1.00000e+00
 9.99998e-01
 9.99988e-01
 9.99919e-01
 9.99542e-01
 9.97803e-01
 9.91269e-01
 9.72068e-01
 9.29745e-01
 8.61034e-01
 7.75231e-01
 6.84074e-01
 5.94028e-01
 5.10892e-01
 4.41334e-01
 4.05118e-01
 4.03826e-01
 3.97725e-01
 3.89746e-01
 3.86531e-01
 3.83038e-01
 3.81889e-01
 3.80990e-01
 3.80044e-01
 3.79690e-01
 3.79507e-01
 3.79324e-01
 3.79184e-01
 3.79234e-01
 3.79471e-01
 3.79765e-01
 3.79941e-01
 3.79289e-01
 3.79726e-01
 3.85582e-01
 3.76987e-01
 3.60770e-01
 3.33493e-01
 2.84645e-01
 2.23787e-01
 1.75674e-01
 1.43639e-01
 1.23653e-01
 1.10834e-01
 1.04435e-01
 1.01655e-01
 1.00578e-01
 1.00192e-01
 1.00062e-01
 1.00019e-01
 1.00006e-01
 1.00002e-01
 1.00000e-01
 1.00000e-01
 1.00000e-01
 1.00000e-01
 1.00000e-01
 1.00000e-01
 1.00000e-01
 1.00000e-01
 1.00000e-01
 1.00000e-01
 1.00000e-01
 1.00000e-01
 1.00000e-01
 1.00000e-01
 1.00000e-01
 1.00000e-01
 1.00000e-01
 1.00000e-01
 1.00000e-01
 1.00000e-01
 1.00000e+00
 1.00000e+00
 1.00000e+00
 1.00000e+00
 1.00000e+00
 1.00000e+00
 1.00000e+00
 1.00000e+00
 1.00000e+00
 1.00000e+00
 1.00000e+00
 1.00000e+00
 1.00000e+00
 1.00000e+00
 1.00000e+00
 1.00000e+00
 1.00000e+00
 1.00000e+00
 1.00000e+00
 1.00000e+00
 1.00000e+00
 1.00000e+00
 1.00000e+00
 1.00000e+00
 1.00000e+00
 1.00000e+00
 1.00000e+00
 1.00000e+00
 1.00000e+00
 9.99998e-01
 9.99988e-01
 9.99919e-01
 9.99542e-01
 9.97803e-01
 9.91269e-01
 9.72068e-01
 9.29745e-01
 8.61034e-01
 7.75231e-01
 6.84074e-01
 5.94028e-01
 5.10892e-01
 4.41334e-01
 4.05120e-01
 4.03829e-01
 3.97728e-01
 3.89747e-01
 3.86522e-01
 3.83020e-01
 3.81876e-01
 3.80977e-01
 3.80028e-01
 3.79686e-01
 3.79535e-01
 3.79401e-01
 3.79288e-01
 3.79302e-01
 3.79477e-01
 3.79748e-01
 3.79952e-01
 3.79319e-01
 3.79739e-01
 3.85567e-01
 3.76967e-01
 3.60755e-01
 3.33487e-01
 2.84629e-01
 2.23754e-01
 1.75648e-01
 1.43632e-01
 1.23653e-01
 1.10834e-01
 1.04434e-01
 1.01655e-01
 1.00578e-01
 1.00192e-01
 1.00062e-01
 1.00019e-01
 1.00006e-01
 1.00002e-01
 1.00000e-01
 1.00000e-01
 1.00000e-01
 1.00000e-01
 1.00000e-01
 1.00000e-01
 1.00000e-01
 1.00000e-01
 1.00000e-01
 1.00000e-01
 1.00000e-01
 1.00000e-01
 1.00000e-01
 1.00000e-01
 1.00000e-01
 1.00000e-01
 1.00000e-01
 1.00000e-01
 1.00000e-01
 1.00000e-01
 1.00000e+00
 1.00000e+00
 1.00000e+00
 1.00000e+00
 1.00000e+00
 1.00000e+00
 1.00000e+00
 1.00000e+00
 1.00000e+00
 1.00000e+00
 1.00000e+00
 1.00000e+00
 1.00000e+00
 1.00000e+00
 1.00000e+00
 1.00000e+00
 1.00000e+00
 1.00000e+00
 1.00000e+00
 1.00000e+00
 1.00000e+00
 1.00000e+00
 1.00000e+00
 1.00000e+00
 1.00000e+00
 1.00000e+00
 1.00000e+00
 1.00000e+00
 1.00000e+00
 9.99998e-01
 9.99988e-01
 9.99919e-01
 9.99542e-01
 9.97803e-01
 9.91269e-01
 9.72068e-01
 9.29745e-01
 8.61034e-01
 7.75231e-01
 6.84074e-01
 5.94028e-01
 5.10892e-01
 4.41334e-01
 4.05121e-01
 4.03831e-01
 3.97730e-01
 3.89745e-01
 3.86513e-01
 3.83005e-01
 3.81876e-01
 3.80989e-01
 3.80035e-01
 3.79679e-01
 3.79536e-01
 3.79395e-01
 3.79252e-01
 3.79287e-01
 3.79521e-01
 3.79823e-01
 3.80010e-01
 3.79346e-01
 3.79762e-01
 3.85618e-01
 3.77014e-01
 3.60791e-01
 3.33496e-01
 2.84612e-01
 2.23738e-01
 1.75645e-01
 1.43635e-01
 1.23654e-01
 1.10834e-01
 1.04434e-01
 1.01655e-01
 1.00578e-01
 1.00192e-01
 1.00062e-01
 1.00019e-01
 1.00006e-01
 1.00002e-01
 1.00000e-01
 1.00000e-01
 1.00000e-01
 1.00000e-01
 1.00000e-01
 1.00000e-01
 1.00000e-01
 1.00000e-01
 1.00000e-01
 1.00000e-01
 1.00000e-01
 1.00000e-01
 1.00000e-01
 1.00000e-01
 1.00000e-01
 1.00000e-01
 1.00000e-01
 1.00000e-01
 1.00000e-01
 1.00000e-01
 1.00000e+00
 1.00000e+00
 1.00000e+00
 1.00000e+00
 1.00000e+00
 1.00000e+00
 1.00000e+00
 1.00000e+00
 1.00000e+00
 1.00000e+00
 1.00000e+00
 1.00000e+00
 1.00000e+00
 1.00000e+00
 1.00000e+00
 1.00000e+00
 1.00000e+00
 1.00000e+00
 1.00000e+00
 1.00000e+00
 1.00000e+00
 1.00000e+00
 1.00000e+00
 1.00000e+00
 1.00000e+00
 1.00000e+00
 1.00000e+00
 1.00000e+00
 1.00000e+00
 9.99998e-01
 9.99988e-01
 9.99919e-01
 9.99542e-01
 9.97803e-01
 9.91269e-01
 9.72068e-01
 9.29745e-01
 8.61034e-01
 7.75231e-01
 6.84074e-01
 5.94028e-01
 5.10892e-01
 4.41334e-01
 4.05114e-01
 4.03822e-01
 3.97723e-01
 3.89748e-01
 3.86544e-01
 3.83064e-01
 3.81927e-01
 3.81026e-01
 3.80075e-01
 3.79727e-01
 3.79573e-01
 3.79396e-01
 3.79215e-01
 3.79204e-01
 3.79388e-01
 3.79666e-01
 3.79863e-01
 3.79211e-01
 3.79645e-01
 3.85558e-01
 3.76964e-01
 3.60744e-01
 3.33458e-01
 2.84589e-01
 2.23725e-01
 1.75642e-01
 1.43630e-01
 1.23651e-01
 1.10835e-01
 1.04435e-01
 1.01655e-01
 1.00578e-01
 1.00192e-01
 1.00062e-01
 1.00019e-01
 1.00006e-01
 1.00002e-01
 1.00000e-01
 1.00000e-01
 1.00000e-01
 1.00000e-01
 1.00000e-01
 1.00000e-01
 1.00000e-01
 1.00000e-01
 1.00000e-01
 1.00000e-01
 1.00000e-01
 1.00000e-01
 1.00000e-01
 1.00000e-01
 1.00000e-01
 1.00000e-01
 1.00000e-01
 1.00000e-01
 1.00000e-01
 1.00000e-01
 1.00000e+00
 1.00000e+00
 1.00000e+00
 1.00000e+00
 1.00000e+00
 1.00000e+00
 1.00000e+00
 1.00000e+00
 1.00000e+00
 1.00000e+00
 1.00000e+00
 1.00000e+00
 1.00000e+00
 1.00000e+00
 1.00000e+00
 1.00000e+00
 1.00000e+00
 1.00000e+00
 1.00000e+00
 1.00000e+00
 1.00000e+00
 1.00000e+00
 1.00000e+00
 1.00000e+00
 1.00000e+00
 1.00000e+00
 1.00000e+00
 1.00000e+00
 1.00000e+00
 9.99998e-01
 9.99988e-01
 9.99919e-01
 9.99542e-01
 9.97803e-01
 9.91269e-01
 9.72068e-01
 9.29745e-01
 8.61034e-01
 7.75231e-01
 6.84074e-01
 5.94028e-01
 5.10892e-01
 4.41334e-01
 4.05116e-01
 4.03824e-01
 3.97726e-01
 3.89753e-01
 3.86546e-01
 3.83058e-01
 3.81897e-01
 3.80989e-01
 3.80036e-01
 3.79696e-01
 3.79532e-01
 3.79364e-01
 3.79213e-01
 3.79216e-01
 3.79416e-01
 3.79710e-01
 3.79916e-01
 3.79286e-01
 3.79718e-01
 3.85554e-01
 3.76942e-01
 3.60717e-01
 3.33433e-01
 2.84577e-01
 2.23728e-01
 1.75651e-01
 1.43629e-01
 1.23649e-01
 1.10834e-01
 1.04435e-01
 1.01655e-01
 1.00578e-01
 1.00192e-01
 1.00062e-01
 1.00019e-01
 1.00006e-01
 1.00002e-01
 1.00000e-01
 1.00000e-01
 1.00000e-01
 1.00000e-01
 1.00000e-01
 1.00000e-01
 1.00000e-01
 1.00000e-01
 1.00000e-01
 1.00000e-01
 1.00000e-01
 1.00000e-01
 1.00000e-01
 1.00000e-01
 1.00000e-01
 1.00000e-01
 1.00000e-01
 1.00000e-01
 1.00000e-01
 1.00000e-01
 1.00000e+00
 1.00000e+00
 1.00000e+00
 1.00000e+00
 1.00000e+00
 1.00000e+00
 1.00000e+00
 1.00000e+00
 1.00000e+00
 1.00000e+00
 1.00000e+00
 1.00000e+00
 1.00000e+00
 1.00000e+00
 1.00000e+00
 1.00000e+00
 1.00000e+00
 1.00000e+00
 1.00000e+00
 1.00000e+00
 1.00000e+00
 1.00000e+00
 1.00000e+00
 1.00000e+00
 1.00000e+00
 1.00000e+00
 1.00000e+00
 1.00000e+00
 1.00000e+00
 9.99998e-01
 9.99988e-01
 9.99919e-01
 9.99542e-01
 9.97803e-01
 9.91269e-01
 9.72068e-01
 9.29745e-01
 8.61034e-01
 7.75231e-01
 6.84074e-01
 5.94028e-01
 5.10892e-01
 4.41334e-01
 4.05118e-01
 4.03827e-01
 3.97729e-01
 3.89756e-01
 3.86542e-01
 3.83039e-01
 3.81861e-01
 3.80948e-01
 3.80007e-01
 3.79667e-01
 3.79520e-01
 3.79365e-01
 3.79219e-01
 3.79294e-01
 3.79563e-01
 3.79901e-01
 3.80143e-01
 3.79542e-01
 3.79893e-01
 3.85570e-01
 3.76937e-01
 3.60731e-01
 3.33468e-01
 2.84619e-01
 2.23760e-01
 1.75662e-01
 1.43642e-01
 1.23650e-01
 1.10834e-01
 1.04435e-01
 1.01655e-01
 1.00578e-01
 1.00192e-01
 1.00062e-01
 1.00019e-01
 1.00006e-01
 1.00002e-01
 1.00000e-01
 1.00000e-01
 1.00000e-01
 1.00000e-01
 1.00000e-01
 1.00000e-01
 1.00000e-01
 1.00000e-01
 1.00000e-01
 1.00000e-01
 1.00000e-01
 1.00000e-01
 1.00000e-01
 1.00000e-01
 1.00000e-01
 1.00000e-01
 1.00000e-01
 1.00000e-01
 1.00000e-01
 1.00000e-01
 1.00000e+00
 1.00000e+00
 1.00000e+00
 1.00000e+00
 1.00000e+00
 1.00000e+00
 1.00000e+00
 1.00000e+00
 1.00000e+00
 1.00000e+00
 1.00000e+00
 1.00000e+00
 1.00000e+00
 1.00000e+00
 1.00000e+00
 1.00000e+00
 1.00000e+00
 1.00000e+00
 1.00000e+00
 1.00000e+00
 1.00000e+00
 1.00000e+00
 1.00000e+00
 1.00000e+00
 1.00000e+00
 1.00000e+00
 1.00000e+00
 1.00000e+00
 1.00000e+00
 9.99998e-01
 9.99988e-01
 9.99919e-01
 9.99542e-01
 9.97803e-01
 9.91269e-01
 9.72068e-01
 9.29745e-01
 8.61034e-01
 7.75231e-01
 6.84074e-01
 5.94028e-01
 5.10892e-01
 4.41334e-01
 4.05120e-01
 4.03831e-01
 3.97733e-01
 3.89756e-01
 3.86527e-01
 3.83008e-01
 3.81844e-01
 3.80945e-01
 3.80022e-01
 3.79699e-01
 3.79547e-01
 3.79384e-01
 3.79303e-01
 3.79402e-01
 3.79650e-01
 3.79953e-01
 3.80157e-01
 3.79498e-01
 3.79869e-01
 3.85630e-01
 3.77015e-01
 3.60801e-01
 3.33513e-01
 2.84682e-01
 2.23860e-01
 1.75795e-01
 1.43641e-01
 1.23653e-01
 1.10835e-01
 1.04435e-01
 1.01655e-01
 1.00578e-01
 1.00192e-01
 1.00062e-01
 1.00019e-01
 1.00006e-01
 1.00002e-01
 1.00000e-01
 1.00000e-01
 1.00000e-01
 1.00000e-01
 1.00000e-01
 1.00000e-01
 1.00000e-01
 1.00000e-01
 1.00000e-01
 1.00000e-01
 1.00000e-01
 1.00000e-01
 1.00000e-01
 1.00000e-01
 1.00000e-01
 1.00000e-01
 1.00000e-01
 1.00000e-01
 1.00000e-01
 1.00000e-01
 1.00000e+00
 1.00000e+00
 1.00000e+00
 1.00000e+00
 1.00000e+00
 1.00000e+00
 1.00000e+00
 1.00000e+00
 1.00000e+00
 1.00000e+00
 1.00000e+00
 1.00000e+00
 1.00000e+00
 1.00000e+00
 1.00000e+00
 1.00000e+00
 1.00000e+00
 1.00000e+00
 1.00000e+00
 1.00000e+00
 1.00000e+00
 1.00000e+00
 1.00000e+00
 1.00000e+00
 1.00000e+00
 1.00000e+00
 1.00000e+00
 1.00000e+00
 1.00000e+00
 9.99998e-01
 9.99988e-01
 9.99919e-01
 9.99542e-01
 9.97803e-01
 9.91269e-01
 9.72068e-01
 9.29745e-01
 8.61034e-01
 7.75231e-01
 6.84074e-01
 5.94027e-01
 5.10892e-01
 4.41334e-01
 4.05121e-01
 4.03834e-01
 3.97736e-01
 3.89754e-01
 3.86512e-01
 3.82979e-01
 3.81846e-01
 3.80971e-01
 3.80077e-01
 3.79735e-01
 3.79563e-01
 3.79383e-01
 3.79190e-01
 3.79163e-01
 3.79355e-01
 3.79659e-01
 3.79889e-01
 3.79289e-01
 3.79777e-01
 3.85652e-01
 3.77066e-01
 3.60848e-01
 3.33548e-01
 2.84709e-01
 2.23893e-01
 1.75828e-01
 1.43659e-01
 1.23658e-01
 1.10835e-01
 1.04435e-01
 1.01655e-01
 1.00578e-01
 1.00192e-01
 1.00062e-01
 1.00019e-01
 1.00006e-01
 1.00002e-01
 1.00000e-01
 1.00000e-01
 1.00000e-01
 1.00000e-01
 1.00000e-01
 1.00000e-01
 1.00000e-01
 1.00000e-01
 1.00000e-01
 1.00000e-01
 1.00000e-01
 1.00000e-01
 1.00000e-01
 1.00000e-01
 1.00000e-01
 1.00000e-01
 1.00000e-01
 1.00000e-01
 1.00000e-01
 1.00000e-01
