NodeMass
part
         1
coordinates
 5.00000e-07
 1.00000e-06
 1.00000e-06
 1.00000e-06
 1.00000e-06
 1.00000e-06
 1.00000e-06
 1.00000e-06
 1.00000e-06
 1.00000e-06
 1.00000e-06
 1.00000e-06
 1.00000e-06
 1.00000e-06
 1.00000e-06
 1.00000e-06
 1.00000e-06
 1.00000e-06
 1.00000e-06
 1.00000e-06
 1.00000e-06
 1.00000e-06
 1.00000e-06
 1.00000e-06
 1.00000e-06
 1.00000e-06
 1.00000e-06
 1.00000e-06
 1.00000e-06
 1.00000e-06
 1.00000e-06
 1.00000e-06
 1.00000e-06
 1.00000e-06
 1.00000e-06
 1.00000e-06
 1.00000e-06
 1.00000e-06
 1.00000e-06
 1.00000e-06
 1.00000e-06
 1.00000e-06
 9.99999e-07
 9.99969e-07
 9.99512e-07
 9.94814e-07
 9.65982e-07
 8.69365e-07
 6.91735e-07
 5.78651e-07
 5.29440e-07
 4.96474e-07
 4.16468e-07
 2.69799e-07
 1.93777e-07
 1.60951e-07
 1.39373e-07
 1.29741e-07
 1.26172e-07
 1.25224e-07
 1.25036e-07
 1.25005e-07
 1.25001e-07
 1.25000e-07
 1.25000e-07
 1.25000e-07
 1.25000e-07
 1.25000e-07
 1.25000e-07
 1.25000e-07
 1.25000e-07
 1.25000e-07
 1.25000e-07
 1.25000e-07
 1.25000e-07
 1.25000e-07
 1.25000e-07
 1.25000e-07
 1.25000e-07
 1.25000e-07
 1.25000e-07
 1.25000e-07
 1.25000e-07
 1.25000e-07
 1.25000e-07
 1.25000e-07
 1.25000e-07
 1.25000e-07
 1.25000e-07
 1.25000e-07
 1.25000e-07
 1.25000e-07
 1.25000e-07
 1.25000e-07
 1.25000e-07
 1.25000e-07
 1.25000e-07
 1.25000e-07
 1.25000e-07
 1.25000e-07
 6.25000e-08
 1.00000e-06
 2.00000e-06
 2.00000e-06
 2.00000e-06
 2.00000e-06
 2.00000e-06
 2.00000e-06
 2.00000e-06
 2.00000e-06
 2.00000e-06
 2.00000e-06
 2.00000e-06
 2.00000e-06
 2.00000e-06
 2.00000e-06
 2.00000e-06
 2.00000e-06
 2.00000e-06
 2.00000e-06
 2.00000e-06
 2.00000e-06
 2.00000e-06
 2.00000e-06
 2.00000e-06
 2.00000e-06
 2.00000e-06
 2.00000e-06
 2.00000e-06
 2.00000e-06
 2.00000e-06
 2.00000e-06
 2.00000e-06
 2.00000e-06
 2.00000e-06
 2.00000e-06
 2.00000e-06
 2.00000e-06
 2.00000e-06
 2.00000e-06
 2.00000e-06
 2.00000e-06
 2.00000e-06
 2.00000e-06
 1.99994e-06
 1.99902e-06
 1.98963e-06
 1.93196e-06
 1.73872e-06
 1.38362e-06
 1.15663e-06
 1.05857e-06
 9.93623e-07
 8.33105e-07
 5.39597e-07
 3.87542e-07
 3.21903e-07
 2.78745e-07
 2.59481e-07
 2.52343e-07
 2.50449e-07
 2.50073e-07
 2.50011e-07
 2.50001e-07
 2.50000e-07
 2.50000e-07
 2.50000e-07
 2.50000e-07
 2.50000e-07
 2.50000e-07
 2.50000e-07
 2.50000e-07
 2.50000e-07
 2.50000e-07
 2.50000e-07
 2.50000e-07
 2.50000e-07
 2.50000e-07
 2.50000e-07
 2.50000e-07
 2.50000e-07
 2.50000e-07
 2.50000e-07
 2.50000e-07
 2.50000e-07
 2.50000e-07
 2.50000e-07
 2.50000e-07
 2.50000e-07
 2.50000e-07
 2.50000e-07
 2.50000e-07
 2.50000e-07
 2.50000e-07
 2.50000e-07
 2.50000e-07
 2.50000e-07
 2.50000e-07
 2.50000e-07
 2.50000e-07
 2.50000e-07
 1.25000e-07
 1.00000e-06
 2.00000e-06
 2.00000e-06
 2.00000e-06
 2.00000e-06
 2.00000e-06
 2.00000e-06
 2.00000e-06
 2.00000e-06
 2.00000e-06
 2.00000e-06
 2.00000e-06
 2.00000e-06
 2.00000e-06
 2.00000e-06
 2.00000e-06
 2.00000e-06
 2.00000e-06
 2.00000e-06
 2.00000e-06
 2.00000e-06
 2.00000e-06
 2.00000e-06
 2.00000e-06
 2.00000e-06
 2.00000e-06
 2.00000e-06
 2.00000e-06
 2.00000e-06
 2.00000e-06
 2.00000e-06
 2.00000e-06
 2.00000e-06
 2.00000e-06
 2.00000e-06
 2.00000e-06
 2.00000e-06
 2.00000e-06
 2.00000e-06
 2.00000e-06
 2.00000e-06
 2.00000e-06
 2.00000e-06
 1.99994e-06
 1.99902e-06
 1.98963e-06
 1.93196e-06
 1.73872e-06
 1.38362e-06
 1.15663e-06
 1.05857e-06
 9.93615e-07
 8.33119e-07
 5.39605e-07
 3.87531e-07
 3.21903e-07
 2.78745e-07
 2.59481e-07
 2.52343e-07
 2.50449e-07
 2.50073e-07
 2.50011e-07
 2.50001e-07
 2.50000e-07
 2.50000e-07
 2.50000e-07
 2.50000e-07
 2.50000e-07
 2.50000e-07
 2.50000e-07
 2.50000e-07
 2.50000e-07
 2.50000e-07
 2.50000e-07
 2.50000e-07
 2.50000e-07
 2.50000e-07
 2.50000e-07
 2.50000e-07
 2.50000e-07
 2.50000e-07
 2.50000e-07
 2.50000e-07
 2.50000e-07
 2.50000e-07
 2.50000e-07
 2.50000e-07
 2.50000e-07
 2.50000e-07
 2.50000e-07
 2.50000e-07
 2.50000e-07
 2.50000e-07
 2.50000e-07
 2.50000e-07
 2.50000e-07
 2.50000e-07
 2.50000e-07
 2.50000e-07
 2.50000e-07
 1.25000e-07
 1.00000e-06
 2.00000e-06
 2.00000e-06
 2.00000e-06
 2.00000e-06
 2.00000e-06
 2.00000e-06
 2.00000e-06
 2.00000e-06
 2.00000e-06
 2.00000e-06
 2.00000e-06
 2.00000e-06
 2.00000e-06
 2.00000e-06
 2.00000e-06
 2.00000e-06
 2.00000e-06
 2.00000e-06
 2.00000e-06
 2.00000e-06
 2.00000e-06
 2.00000e-06
 2.00000e-06
 2.00000e-06
 2.00000e-06
 2.00000e-06
 2.00000e-06
 2.00000e-06
 2.00000e-06
 2.00000e-06
 2.00000e-06
 2.00000e-06
 2.00000e-06
 2.00000e-06
 2.00000e-06
 2.00000e-06
 2.00000e-06
 2.00000e-06
 2.00000e-06
 2.00000e-06
 2.00000e-06
 2.00000e-06
 1.99994e-06
 1.99902e-06
 1.98963e-06
 1.93196e-06
 1.73872e-06
 1.38362e-06
 1.15663e-06
 1.05857e-06
 9.93611e-07
 8.33124e-07
 5.39610e-07
 3.87527e-07
 3.21904e-07
 2.78744e-07
 2.59480e-07
 2.52343e-07
 2.50449e-07
 2.50073e-07
 2.50011e-07
 2.50001e-07
 2.50000e-07
 2.50000e-07
 2.50000e-07
 2.50000e-07
 2.50000e-07
 2.50000e-07
 2.50000e-07
 2.50000e-07
 2.50000e-07
 2.50000e-07
 2.50000e-07
 2.50000e-07
 2.50000e-07
 2.50000e-07
 2.50000e-07
 2.50000e-07
 2.50000e-07
 2.50000e-07
 2.50000e-07
 2.50000e-07
 2.50000e-07
 2.50000e-07
 2.50000e-07
 2.50000e-07
 2.50000e-07
 2.50000e-07
 2.50000e-07
 2.50000e-07
 2.50000e-07
 2.50000e-07
 2.50000e-07
 2.50000e-07
 2.50000e-07
 2.50000e-07
 2.50000e-07
 2.50000e-07
 2.50000e-07
 1.25000e-07
 1.00000e-06
 2.00000e-06
 2.00000e-06
 2.00000e-06
 2.00000e-06
 2.00000e-06
 2.00000e-06
 2.00000e-06
 2.00000e-06
 2.00000e-06
 2.00000e-06
 2.00000e-06
 2.00000e-06
 2.00000e-06
 2.00000e-06
 2.00000e-06
 2.00000e-06
 2.00000e-06
 2.00000e-06
 2.00000e-06
 2.00000e-06
 2.00000e-06
 2.00000e-06
 2.00000e-06
 2.00000e-06
 2.00000e-06
 2.00000e-06
 2.00000e-06
 2.00000e-06
 2.00000e-06
 2.00000e-06
 2.00000e-06
 2.00000e-06
 2.00000e-06
 2.00000e-06
 2.00000e-06
 2.00000e-06
 2.00000e-06
 2.00000e-06
 2.00000e-06
 2.00000e-06
 2.00000e-06
 2.00000e-06
 1.99994e-06
 1.99902e-06
 1.98963e-06
 1.93196e-06
 1.73872e-06
 1.38362e-06
 1.15663e-06
 1.05856e-06
 9.93616e-07
 8.33105e-07
 5.39594e-07
 3.87529e-07
 3.21904e-07
 2.78743e-07
 2.59480e-07
 2.52343e-07
 2.50449e-07
 2.50073e-07
 2.50011e-07
 2.50001e-07
 2.50000e-07
 2.50000e-07
 2.50000e-07
 2.50000e-07
 2.50000e-07
 2.50000e-07
 2.50000e-07
 2.50000e-07
 2.50000e-07
 2.50000e-07
 2.50000e-07
 2.50000e-07
 2.50000e-07
 2.50000e-07
 2.50000e-07
 2.50000e-07
 2.50000e-07
 2.50000e-07
 2.50000e-07
 2.50000e-07
 2.50000e-07
 2.50000e-07
 2.50000e-07
 2.50000e-07
 2.50000e-07
 2.50000e-07
 2.50000e-07
 2.50000e-07
 2.50000e-07
 2.50000e-07
 2.50000e-07
 2.50000e-07
 2.50000e-07
 2.50000e-07
 2.50000e-07
 2.50000e-07
 2.50000e-07
 1.25000e-07
 5.00000e-07
 1.00000e-06
 1.00000e-06
 1.00000e-06
 1.00000e-06
 1.00000e-06
 1.00000e-06
 1.00000e-06
 1.00000e-06
 1.00000e-06
 1.00000e-06
 1.00000e-06
 1.00000e-06
 1.00000e-06
 1.00000e-06
 1.00000e-06
 1.00000e-06
 1.00000e-06
 1.00000e-06
 1.00000e-06
 1.00000e-06
 1.00000e-06
 1.00000e-06
 1.00000e-06
 1.00000e-06
 1.00000e-06
 1.00000e-06
 1.00000e-06
 1.00000e-06
 1.00000e-06
 1.00000e-06
 1.00000e-06
 1.00000e-06
 1.00000e-06
 1.00000e-06
 1.00000e-06
 1.00000e-06
 1.00000e-06
 1.00000e-06
 1.00000e-06
 1.00000e-06
 1.00000e-06
 9.99999e-07
 9.99969e-07
 9.99512e-07
 9.94814e-07
 9.65982e-07
 8.69365e-07
 6.91738e-07
 5.78646e-07
 5.29437e-07
 4.96471e-07
 4.16464e-07
 2.69792e-07
 1.93768e-07
 1.60952e-07
 1.39371e-07
 1.29740e-07
 1.26171e-07
 1.25224e-07
 1.25036e-07
 1.25005e-07
 1.25001e-07
 1.25000e-07
 1.25000e-07
 1.25000e-07
 1.25000e-07
 1.25000e-07
 1.25000e-07
 1.25000e-07
 1.25000e-07
 1.25000e-07
 1.25000e-07
 1.25000e-07
 1.25000e-07
 1.25000e-07
 1.25000e-07
 1.25000e-07
 1.25000e-07
 1.25000e-07
 1.25000e-07
 1.25000e-07
 1.25000e-07
 1.25000e-07
 1.25000e-07
 1.25000e-07
 1.25000e-07
 1.25000e-07
 1.25000e-07
 1.25000e-07
 1.25000e-07
 1.25000e-07
 1.25000e-07
 1.25000e-07
 1.25000e-07
 1.25000e-07
 1.25000e-07
 1.25000e-07
 1.25000e-07
 1.25000e-07
 6.25000e-08
 1.00000e-06
 2.00000e-06
 2.00000e-06
 2.00000e-06
 2.00000e-06
 2.00000e-06
 2.00000e-06
 2.00000e-06
 2.00000e-06
 2.00000e-06
 2.00000e-06
 2.00000e-06
 2.00000e-06
 2.00000e-06
 2.00000e-06
 2.00000e-06
 2.00000e-06
 2.00000e-06
 2.00000e-06
 2.00000e-06
 2.00000e-06
 2.00000e-06
 2.00000e-06
 2.00000e-06
 2.00000e-06
 2.00000e-06
 2.00000e-06
 2.00000e-06
 2.00000e-06
 2.00000e-06
 2.00000e-06
 2.00000e-06
 2.00000e-06
 2.00000e-06
 2.00000e-06
 2.00000e-06
 2.00000e-06
 2.00000e-06
 2.00000e-06
 2.00000e-06
 2.00000e-06
 2.00000e-06
 2.00000e-06
 1.99994e-06
 1.99902e-06
 1.98963e-06
 1.93196e-06
 1.73872e-06
 1.38361e-06
 1.15664e-06
 1.05857e-06
 9.93614e-07
 8.33102e-07
 5.39593e-07
 3.87541e-07
 3.21901e-07
 2.78743e-07
 2.59480e-07
 2.52343e-07
 2.50449e-07
 2.50073e-07
 2.50011e-07
 2.50001e-07
 2.50000e-07
 2.50000e-07
 2.50000e-07
 2.50000e-07
 2.50000e-07
 2.50000e-07
 2.50000e-07
 2.50000e-07
 2.50000e-07
 2.50000e-07
 2.50000e-07
 2.50000e-07
 2.50000e-07
 2.50000e-07
 2.50000e-07
 2.50000e-07
 2.50000e-07
 2.50000e-07
 2.50000e-07
 2.50000e-07
 2.50000e-07
 2.50000e-07
 2.50000e-07
 2.50000e-07
 2.50000e-07
 2.50000e-07
 2.50000e-07
 2.50000e-07
 2.50000e-07
 2.50000e-07
 2.50000e-07
 2.50000e-07
 2.50000e-07
 2.50000e-07
 2.50000e-07
 2.50000e-07
 2.50000e-07
 1.25000e-07
 2.00000e-06
 4.00000e-06
 4.00000e-06
 4.00000e-06
 4.00000e-06
 4.00000e-06
 4.00000e-06
 4.00000e-06
 4.00000e-06
 4.00000e-06
 4.00000e-06
 4.00000e-06
 4.00000e-06
 4.00000e-06
 4.00000e-06
 4.00000e-06
 4.00000e-06
 4.00000e-06
 4.00000e-06
 4.00000e-06
 4.00000e-06
 4.00000e-06
 4.00000e-06
 4.00000e-06
 4.00000e-06
 4.00000e-06
 4.00000e-06
 4.00000e-06
 4.00000e-06
 4.00000e-06
 4.00000e-06
 4.00000e-06
 4.00000e-06
 4.00000e-06
 4.00000e-06
 4.00000e-06
 4.00000e-06
 4.00000e-06
 4.00000e-06
 4.00000e-06
 4.00000e-06
 4.00000e-06
 3.99999e-06
 3.99988e-06
 3.99805e-06
 3.97926e-06
 3.86393e-06
 3.47743e-06
 2.76738e-06
 2.31260e-06
 2.11682e-06
 1.98790e-06
 1.66636e-06
 1.07918e-06
 7.75068e-07
 6.43804e-07
 5.57485e-07
 5.18960e-07
 5.04686e-07
 5.00897e-07
 5.00146e-07
 5.00021e-07
 5.00003e-07
 5.00000e-07
 5.00000e-07
 5.00000e-07
 5.00000e-07
 5.00000e-07
 5.00000e-07
 5.00000e-07
 5.00000e-07
 5.00000e-07
 5.00000e-07
 5.00000e-07
 5.00000e-07
 5.00000e-07
 5.00000e-07
 5.00000e-07
 5.00000e-07
 5.00000e-07
 5.00000e-07
 5.00000e-07
 5.00000e-07
 5.00000e-07
 5.00000e-07
 5.00000e-07
 5.00000e-07
 5.00000e-07
 5.00000e-07
 5.00000e-07
 5.00000e-07
 5.00000e-07
 5.00000e-07
 5.00000e-07
 5.00000e-07
 5.00000e-07
 5.00000e-07
 5.00000e-07
 5.00000e-07
 5.00000e-07
 2.50000e-07
 2.00000e-06
 4.00000e-06
 4.00000e-06
 4.00000e-06
 4.00000e-06
 4.00000e-06
 4.00000e-06
 4.00000e-06
 4.00000e-06
 4.00000e-06
 4.00000e-06
 4.00000e-06
 4.00000e-06
 4.00000e-06
 4.00000e-06
 4.00000e-06
 4.00000e-06
 4.00000e-06
 4.00000e-06
 4.00000e-06
 4.00000e-06
 4.00000e-06
 4.00000e-06
 4.00000e-06
 4.00000e-06
 4.00000e-06
 4.00000e-06
 4.00000e-06
 4.00000e-06
 4.00000e-06
 4.00000e-06
 4.00000e-06
 4.00000e-06
 4.00000e-06
 4.00000e-06
 4.00000e-06
 4.00000e-06
 4.00000e-06
 4.00000e-06
 4.00000e-06
 4.00000e-06
 4.00000e-06
 3.99999e-06
 3.99988e-06
 3.99805e-06
 3.97926e-06
 3.86393e-06
 3.47744e-06
 2.76724e-06
 2.31326e-06
 2.11712e-06
 1.98721e-06
 1.66621e-06
 1.07918e-06
 7.75052e-07
 6.43802e-07
 5.57482e-07
 5.18958e-07
 5.04686e-07
 5.00897e-07
 5.00146e-07
 5.00021e-07
 5.00003e-07
 5.00000e-07
 5.00000e-07
 5.00000e-07
 5.00000e-07
 5.00000e-07
 5.00000e-07
 5.00000e-07
 5.00000e-07
 5.00000e-07
 5.00000e-07
 5.00000e-07
 5.00000e-07
 5.00000e-07
 5.00000e-07
 5.00000e-07
 5.00000e-07
 5.00000e-07
 5.00000e-07
 5.00000e-07
 5.00000e-07
 5.00000e-07
 5.00000e-07
 5.00000e-07
 5.00000e-07
 5.00000e-07
 5.00000e-07
 5.00000e-07
 5.00000e-07
 5.00000e-07
 5.00000e-07
 5.00000e-07
 5.00000e-07
 5.00000e-07
 5.00000e-07
 5.00000e-07
 5.00000e-07
 5.00000e-07
 2.50000e-07
 2.00000e-06
 4.00000e-06
 4.00000e-06
 4.00000e-06
 4.00000e-06
 4.00000e-06
 4.00000e-06
 4.00000e-06
 4.00000e-06
 4.00000e-06
 4.00000e-06
 4.00000e-06
 4.00000e-06
 4.00000e-06
 4.00000e-06
 4.00000e-06
 4.00000e-06
 4.00000e-06
 4.00000e-06
 4.00000e-06
 4.00000e-06
 4.00000e-06
 4.00000e-06
 4.00000e-06
 4.00000e-06
 4.00000e-06
 4.00000e-06
 4.00000e-06
 4.00000e-06
 4.00000e-06
 4.00000e-06
 4.00000e-06
 4.00000e-06
 4.00000e-06
 4.00000e-06
 4.00000e-06
 4.00000e-06
 4.00000e-06
 4.00000e-06
 4.00000e-06
 4.00000e-06
 4.00000e-06
 3.99999e-06
 3.99988e-06
 3.99805e-06
 3.97926e-06
 3.86393e-06
 3.47744e-06
 2.76724e-06
 2.31325e-06
 2.11711e-06
 1.98720e-06
 1.66621e-06
 1.07919e-06
 7.75042e-07
 6.43794e-07
 5.57478e-07
 5.18957e-07
 5.04685e-07
 5.00897e-07
 5.00146e-07
 5.00021e-07
 5.00003e-07
 5.00000e-07
 5.00000e-07
 5.00000e-07
 5.00000e-07
 5.00000e-07
 5.00000e-07
 5.00000e-07
 5.00000e-07
 5.00000e-07
 5.00000e-07
 5.00000e-07
 5.00000e-07
 5.00000e-07
 5.00000e-07
 5.00000e-07
 5.00000e-07
 5.00000e-07
 5.00000e-07
 5.00000e-07
 5.00000e-07
 5.00000e-07
 5.00000e-07
 5.00000e-07
 5.00000e-07
 5.00000e-07
 5.00000e-07
 5.00000e-07
 5.00000e-07
 5.00000e-07
 5.00000e-07
 5.00000e-07
 5.00000e-07
 5.00000e-07
 5.00000e-07
 5.00000e-07
 5.00000e-07
 5.00000e-07
 2.50000e-07
 2.00000e-06
 4.00000e-06
 4.00000e-06
 4.00000e-06
 4.00000e-06
 4.00000e-06
 4.00000e-06
 4.00000e-06
 4.00000e-06
 4.00000e-06
 4.00000e-06
 4.00000e-06
 4.00000e-06
 4.00000e-06
 4.00000e-06
 4.00000e-06
 4.00000e-06
 4.00000e-06
 4.00000e-06
 4.00000e-06
 4.00000e-06
 4.00000e-06
 4.00000e-06
 4.00000e-06
 4.00000e-06
 4.00000e-06
 4.00000e-06
 4.00000e-06
 4.00000e-06
 4.00000e-06
 4.00000e-06
 4.00000e-06
 4.00000e-06
 4.00000e-06
 4.00000e-06
 4.00000e-06
 4.00000e-06
 4.00000e-06
 4.00000e-06
 4.00000e-06
 4.00000e-06
 4.00000e-06
 3.99999e-06
 3.99988e-06
 3.99805e-06
 3.97926e-06
 3.86393e-06
 3.47744e-06
 2.76725e-06
 2.31324e-06
 2.11710e-06
 1.98721e-06
 1.66617e-06
 1.07916e-06
 7.75040e-07
 6.43790e-07
 5.57475e-07
 5.18956e-07
 5.04685e-07
 5.00897e-07
 5.00146e-07
 5.00021e-07
 5.00003e-07
 5.00000e-07
 5.00000e-07
 5.00000e-07
 5.00000e-07
 5.00000e-07
 5.00000e-07
 5.00000e-07
 5.00000e-07
 5.00000e-07
 5.00000e-07
 5.00000e-07
 5.00000e-07
 5.00000e-07
 5.00000e-07
 5.00000e-07
 5.00000e-07
 5.00000e-07
 5.00000e-07
 5.00000e-07
 5.00000e-07
 5.00000e-07
 5.00000e-07
 5.00000e-07
 5.00000e-07
 5.00000e-07
 5.00000e-07
 5.00000e-07
 5.00000e-07
 5.00000e-07
 5.00000e-07
 5.00000e-07
 5.00000e-07
 5.00000e-07
 5.00000e-07
 5.00000e-07
 5.00000e-07
 5.00000e-07
 2.50000e-07
 1.00000e-06
 2.00000e-06
 2.00000e-06
 2.00000e-06
 2.00000e-06
 2.00000e-06
 2.00000e-06
 2.00000e-06
 2.00000e-06
 2.00000e-06
 2.00000e-06
 2.00000e-06
 2.00000e-06
 2.00000e-06
 2.00000e-06
 2.00000e-06
 2.00000e-06
 2.00000e-06
 2.00000e-06
 2.00000e-06
 2.00000e-06
 2.00000e-06
 2.00000e-06
 2.00000e-06
 2.00000e-06
 2.00000e-06
 2.00000e-06
 2.00000e-06
 2.00000e-06
 2.00000e-06
 2.00000e-06
 2.00000e-06
 2.00000e-06
 2.00000e-06
 2.00000e-06
 2.00000e-06
 2.00000e-06
 2.00000e-06
 2.00000e-06
 2.00000e-06
 2.00000e-06
 2.00000e-06
 2.00000e-06
 1.99994e-06
 1.99902e-06
 1.98963e-06
 1.93196e-06
 1.73873e-06
 1.38348e-06
 1.15728e-06
 1.05886e-06
 9.92934e-07
 8.32914e-07
 5.39565e-07
 3.87522e-07
 3.21895e-07
 2.78737e-07
 2.59478e-07
 2.52343e-07
 2.50449e-07
 2.50073e-07
 2.50011e-07
 2.50001e-07
 2.50000e-07
 2.50000e-07
 2.50000e-07
 2.50000e-07
 2.50000e-07
 2.50000e-07
 2.50000e-07
 2.50000e-07
 2.50000e-07
 2.50000e-07
 2.50000e-07
 2.50000e-07
 2.50000e-07
 2.50000e-07
 2.50000e-07
 2.50000e-07
 2.50000e-07
 2.50000e-07
 2.50000e-07
 2.50000e-07
 2.50000e-07
 2.50000e-07
 2.50000e-07
 2.50000e-07
 2.50000e-07
 2.50000e-07
 2.50000e-07
 2.50000e-07
 2.50000e-07
 2.50000e-07
 2.50000e-07
 2.50000e-07
 2.50000e-07
 2.50000e-07
 2.50000e-07
 2.50000e-07
 2.50000e-07
 1.25000e-07
 1.00000e-06
 2.00000e-06
 2.00000e-06
 2.00000e-06
 2.00000e-06
 2.00000e-06
 2.00000e-06
 2.00000e-06
 2.00000e-06
 2.00000e-06
 2.00000e-06
 2.00000e-06
 2.00000e-06
 2.00000e-06
 2.00000e-06
 2.00000e-06
 2.00000e-06
 2.00000e-06
 2.00000e-06
 2.00000e-06
 2.00000e-06
 2.00000e-06
 2.00000e-06
 2.00000e-06
 2.00000e-06
 2.00000e-06
 2.00000e-06
 2.00000e-06
 2.00000e-06
 2.00000e-06
 2.00000e-06
 2.00000e-06
 2.00000e-06
 2.00000e-06
 2.00000e-06
 2.00000e-06
 2.00000e-06
 2.00000e-06
 2.00000e-06
 2.00000e-06
 2.00000e-06
 2.00000e-06
 2.00000e-06
 1.99994e-06
 1.99902e-06
 1.98963e-06
 1.93196e-06
 1.73871e-06
 1.38376e-06
 1.15596e-06
 1.05824e-06
 9.94250e-07
 8.33244e-07
 5.39579e-07
 3.87516e-07
 3.21888e-07
 2.78734e-07
 2.59476e-07
 2.52342e-07
 2.50448e-07
 2.50073e-07
 2.50011e-07
 2.50001e-07
 2.50000e-07
 2.50000e-07
 2.50000e-07
 2.50000e-07
 2.50000e-07
 2.50000e-07
 2.50000e-07
 2.50000e-07
 2.50000e-07
 2.50000e-07
 2.50000e-07
 2.50000e-07
 2.50000e-07
 2.50000e-07
 2.50000e-07
 2.50000e-07
 2.50000e-07
 2.50000e-07
 2.50000e-07
 2.50000e-07
 2.50000e-07
 2.50000e-07
 2.50000e-07
 2.50000e-07
 2.50000e-07
 2.50000e-07
 2.50000e-07
 2.50000e-07
 2.50000e-07
 2.50000e-07
 2.50000e-07
 2.50000e-07
 2.50000e-07
 2.50000e-07
 2.50000e-07
 2.50000e-07
 2.50000e-07
 1.25000e-07
 2.00000e-06
 4.00000e-06
 4.00000e-06
 4.00000e-06
 4.00000e-06
 4.00000e-06
 4.00000e-06
 4.00000e-06
 4.00000e-06
 4.00000e-06
 4.00000e-06
 4.00000e-06
 4.00000e-06
 4.00000e-06
 4.00000e-06
 4.00000e-06
 4.00000e-06
 4.00000e-06
 4.00000e-06
 4.00000e-06
 4.00000e-06
 4.00000e-06
 4.00000e-06
 4.00000e-06
 4.00000e-06
 4.00000e-06
 4.00000e-06
 4.00000e-06
 4.00000e-06
 4.00000e-06
 4.00000e-06
 4.00000e-06
 4.00000e-06
 4.00000e-06
 4.00000e-06
 4.00000e-06
 4.00000e-06
 4.00000e-06
 4.00000e-06
 4.00000e-06
 4.00000e-06
 4.00000e-06
 3.99999e-06
 3.99988e-06
 3.99805e-06
 3.97926e-06
 3.86393e-06
 3.47743e-06
 2.76737e-06
 2.31258e-06
 2.11678e-06
 1.98781e-06
 1.66630e-06
 1.07914e-06
 7.75021e-07
 6.43766e-07
 5.57464e-07
 5.18951e-07
 5.04684e-07
 5.00897e-07
 5.00146e-07
 5.00021e-07
 5.00003e-07
 5.00000e-07
 5.00000e-07
 5.00000e-07
 5.00000e-07
 5.00000e-07
 5.00000e-07
 5.00000e-07
 5.00000e-07
 5.00000e-07
 5.00000e-07
 5.00000e-07
 5.00000e-07
 5.00000e-07
 5.00000e-07
 5.00000e-07
 5.00000e-07
 5.00000e-07
 5.00000e-07
 5.00000e-07
 5.00000e-07
 5.00000e-07
 5.00000e-07
 5.00000e-07
 5.00000e-07
 5.00000e-07
 5.00000e-07
 5.00000e-07
 5.00000e-07
 5.00000e-07
 5.00000e-07
 5.00000e-07
 5.00000e-07
 5.00000e-07
 5.00000e-07
 5.00000e-07
 5.00000e-07
 5.00000e-07
 2.50000e-07
 2.00000e-06
 4.00000e-06
 4.00000e-06
 4.00000e-06
 4.00000e-06
 4.00000e-06
 4.00000e-06
 4.00000e-06
 4.00000e-06
 4.00000e-06
 4.00000e-06
 4.00000e-06
 4.00000e-06
 4.00000e-06
 4.00000e-06
 4.00000e-06
 4.00000e-06
 4.00000e-06
 4.00000e-06
 4.00000e-06
 4.00000e-06
 4.00000e-06
 4.00000e-06
 4.00000e-06
 4.00000e-06
 4.00000e-06
 4.00000e-06
 4.00000e-06
 4.00000e-06
 4.00000e-06
 4.00000e-06
 4.00000e-06
 4.00000e-06
 4.00000e-06
 4.00000e-06
 4.00000e-06
 4.00000e-06
 4.00000e-06
 4.00000e-06
 4.00000e-06
 4.00000e-06
 4.00000e-06
 3.99999e-06
 3.99988e-06
 3.99805e-06
 3.97926e-06
 3.86393e-06
 3.47745e-06
 2.76708e-06
 2.31391e-06
 2.11737e-06
 1.98646e-06
 1.66599e-06
 1.07916e-06
 7.75006e-07
 6.43734e-07
 5.57455e-07
 5.18949e-07
 5.04684e-07
 5.00897e-07
 5.00146e-07
 5.00021e-07
 5.00003e-07
 5.00000e-07
 5.00000e-07
 5.00000e-07
 5.00000e-07
 5.00000e-07
 5.00000e-07
 5.00000e-07
 5.00000e-07
 5.00000e-07
 5.00000e-07
 5.00000e-07
 5.00000e-07
 5.00000e-07
 5.00000e-07
 5.00000e-07
 5.00000e-07
 5.00000e-07
 5.00000e-07
 5.00000e-07
 5.00000e-07
 5.00000e-07
 5.00000e-07
 5.00000e-07
 5.00000e-07
 5.00000e-07
 5.00000e-07
 5.00000e-07
 5.00000e-07
 5.00000e-07
 5.00000e-07
 5.00000e-07
 5.00000e-07
 5.00000e-07
 5.00000e-07
 5.00000e-07
 5.00000e-07
 5.00000e-07
 2.50000e-07
 2.00000e-06
 4.00000e-06
 4.00000e-06
 4.00000e-06
 4.00000e-06
 4.00000e-06
 4.00000e-06
 4.00000e-06
 4.00000e-06
 4.00000e-06
 4.00000e-06
 4.00000e-06
 4.00000e-06
 4.00000e-06
 4.00000e-06
 4.00000e-06
 4.00000e-06
 4.00000e-06
 4.00000e-06
 4.00000e-06
 4.00000e-06
 4.00000e-06
 4.00000e-06
 4.00000e-06
 4.00000e-06
 4.00000e-06
 4.00000e-06
 4.00000e-06
 4.00000e-06
 4.00000e-06
 4.00000e-06
 4.00000e-06
 4.00000e-06
 4.00000e-06
 4.00000e-06
 4.00000e-06
 4.00000e-06
 4.00000e-06
 4.00000e-06
 4.00000e-06
 4.00000e-06
 4.00000e-06
 3.99999e-06
 3.99988e-06
 3.99805e-06
 3.97926e-06
 3.86393e-06
 3.47745e-06
 2.76708e-06
 2.31389e-06
 2.11737e-06
 1.98652e-06
 1.66609e-06
 1.07923e-06
 7.74997e-07
 6.43696e-07
 5.57445e-07
 5.18947e-07
 5.04683e-07
 5.00897e-07
 5.00146e-07
 5.00021e-07
 5.00003e-07
 5.00000e-07
 5.00000e-07
 5.00000e-07
 5.00000e-07
 5.00000e-07
 5.00000e-07
 5.00000e-07
 5.00000e-07
 5.00000e-07
 5.00000e-07
 5.00000e-07
 5.00000e-07
 5.00000e-07
 5.00000e-07
 5.00000e-07
 5.00000e-07
 5.00000e-07
 5.00000e-07
 5.00000e-07
 5.00000e-07
 5.00000e-07
 5.00000e-07
 5.00000e-07
 5.00000e-07
 5.00000e-07
 5.00000e-07
 5.00000e-07
 5.00000e-07
 5.00000e-07
 5.00000e-07
 5.00000e-07
 5.00000e-07
 5.00000e-07
 5.00000e-07
 5.00000e-07
 5.00000e-07
 5.00000e-07
 2.50000e-07
 2.00000e-06
 4.00000e-06
 4.00000e-06
 4.00000e-06
 4.00000e-06
 4.00000e-06
 4.00000e-06
 4.00000e-06
 4.00000e-06
 4.00000e-06
 4.00000e-06
 4.00000e-06
 4.00000e-06
 4.00000e-06
 4.00000e-06
 4.00000e-06
 4.00000e-06
 4.00000e-06
 4.00000e-06
 4.00000e-06
 4.00000e-06
 4.00000e-06
 4.00000e-06
 4.00000e-06
 4.00000e-06
 4.00000e-06
 4.00000e-06
 4.00000e-06
 4.00000e-06
 4.00000e-06
 4.00000e-06
 4.00000e-06
 4.00000e-06
 4.00000e-06
 4.00000e-06
 4.00000e-06
 4.00000e-06
 4.00000e-06
 4.00000e-06
 4.00000e-06
 4.00000e-06
 4.00000e-06
 3.99999e-06
 3.99988e-06
 3.99805e-06
 3.97926e-06
 3.86393e-06
 3.47745e-06
 2.76709e-06
 2.31388e-06
 2.11738e-06
 1.98658e-06
 1.66613e-06
 1.07924e-06
 7.74993e-07
 6.43676e-07
 5.57440e-07
 5.18945e-07
 5.04683e-07
 5.00897e-07
 5.00146e-07
 5.00021e-07
 5.00003e-07
 5.00000e-07
 5.00000e-07
 5.00000e-07
 5.00000e-07
 5.00000e-07
 5.00000e-07
 5.00000e-07
 5.00000e-07
 5.00000e-07
 5.00000e-07
 5.00000e-07
 5.00000e-07
 5.00000e-07
 5.00000e-07
 5.00000e-07
 5.00000e-07
 5.00000e-07
 5.00000e-07
 5.00000e-07
 5.00000e-07
 5.00000e-07
 5.00000e-07
 5.00000e-07
 5.00000e-07
 5.00000e-07
 5.00000e-07
 5.00000e-07
 5.00000e-07
 5.00000e-07
 5.00000e-07
 5.00000e-07
 5.00000e-07
 5.00000e-07
 5.00000e-07
 5.00000e-07
 5.00000e-07
 5.00000e-07
 2.50000e-07
 1.00000e-06
 2.00000e-06
 2.00000e-06
 2.00000e-06
 2.00000e-06
 2.00000e-06
 2.00000e-06
 2.00000e-06
 2.00000e-06
 2.00000e-06
 2.00000e-06
 2.00000e-06
 2.00000e-06
 2.00000e-06
 2.00000e-06
 2.00000e-06
 2.00000e-06
 2.00000e-06
 2.00000e-06
 2.00000e-06
 2.00000e-06
 2.00000e-06
 2.00000e-06
 2.00000e-06
 2.00000e-06
 2.00000e-06
 2.00000e-06
 2.00000e-06
 2.00000e-06
 2.00000e-06
 2.00000e-06
 2.00000e-06
 2.00000e-06
 2.00000e-06
 2.00000e-06
 2.00000e-06
 2.00000e-06
 2.00000e-06
 2.00000e-06
 2.00000e-06
 2.00000e-06
 2.00000e-06
 2.00000e-06
 1.99994e-06
 1.99902e-06
 1.98963e-06
 1.93196e-06
 1.73873e-06
 1.38347e-06
 1.15727e-06
 1.05884e-06
 9.92956e-07
 8.32975e-07
 5.39613e-07
 3.87497e-07
 3.21836e-07
 2.78719e-07
 2.59472e-07
 2.52341e-07
 2.50448e-07
 2.50073e-07
 2.50011e-07
 2.50001e-07
 2.50000e-07
 2.50000e-07
 2.50000e-07
 2.50000e-07
 2.50000e-07
 2.50000e-07
 2.50000e-07
 2.50000e-07
 2.50000e-07
 2.50000e-07
 2.50000e-07
 2.50000e-07
 2.50000e-07
 2.50000e-07
 2.50000e-07
 2.50000e-07
 2.50000e-07
 2.50000e-07
 2.50000e-07
 2.50000e-07
 2.50000e-07
 2.50000e-07
 2.50000e-07
 2.50000e-07
 2.50000e-07
 2.50000e-07
 2.50000e-07
 2.50000e-07
 2.50000e-07
 2.50000e-07
 2.50000e-07
 2.50000e-07
 2.50000e-07
 2.50000e-07
 2.50000e-07
 2.50000e-07
 2.50000e-07
 1.25000e-07
 1.00000e-06
 2.00000e-06
 2.00000e-06
 2.00000e-06
 2.00000e-06
 2.00000e-06
 2.00000e-06
 2.00000e-06
 2.00000e-06
 2.00000e-06
 2.00000e-06
 2.00000e-06
 2.00000e-06
 2.00000e-06
 2.00000e-06
 2.00000e-06
 2.00000e-06
 2.00000e-06
 2.00000e-06
 2.00000e-06
 2.00000e-06
 2.00000e-06
 2.00000e-06
 2.00000e-06
 2.00000e-06
 2.00000e-06
 2.00000e-06
 2.00000e-06
 2.00000e-06
 2.00000e-06
 2.00000e-06
 2.00000e-06
 2.00000e-06
 2.00000e-06
 2.00000e-06
 2.00000e-06
 2.00000e-06
 2.00000e-06
 2.00000e-06
 2.00000e-06
 2.00000e-06
 2.00000e-06
 2.00000e-06
 1.99994e-06
 1.99902e-06
 1.98963e-06
 1.93196e-06
 1.73872e-06
 1.38361e-06
 1.15661e-06
 1.05853e-06
 9.93597e-07
 8.33135e-07
 5.39622e-07
 3.87487e-07
 3.21827e-07
 2.78713e-07
 2.59470e-07
 2.52341e-07
 2.50448e-07
 2.50073e-07
 2.50011e-07
 2.50001e-07
 2.50000e-07
 2.50000e-07
 2.50000e-07
 2.50000e-07
 2.50000e-07
 2.50000e-07
 2.50000e-07
 2.50000e-07
 2.50000e-07
 2.50000e-07
 2.50000e-07
 2.50000e-07
 2.50000e-07
 2.50000e-07
 2.50000e-07
 2.50000e-07
 2.50000e-07
 2.50000e-07
 2.50000e-07
 2.50000e-07
 2.50000e-07
 2.50000e-07
 2.50000e-07
 2.50000e-07
 2.50000e-07
 2.50000e-07
 2.50000e-07
 2.50000e-07
 2.50000e-07
 2.50000e-07
 2.50000e-07
 2.50000e-07
 2.50000e-07
 2.50000e-07
 2.50000e-07
 2.50000e-07
 2.50000e-07
 1.25000e-07
 2.00000e-06
 4.00000e-06
 4.00000e-06
 4.00000e-06
 4.00000e-06
 4.00000e-06
 4.00000e-06
 4.00000e-06
 4.00000e-06
 4.00000e-06
 4.00000e-06
 4.00000e-06
 4.00000e-06
 4.00000e-06
 4.00000e-06
 4.00000e-06
 4.00000e-06
 4.00000e-06
 4.00000e-06
 4.00000e-06
 4.00000e-06
 4.00000e-06
 4.00000e-06
 4.00000e-06
 4.00000e-06
 4.00000e-06
 4.00000e-06
 4.00000e-06
 4.00000e-06
 4.00000e-06
 4.00000e-06
 4.00000e-06
 4.00000e-06
 4.00000e-06
 4.00000e-06
 4.00000e-06
 4.00000e-06
 4.00000e-06
 4.00000e-06
 4.00000e-06
 4.00000e-06
 4.00000e-06
 3.99999e-06
 3.99988e-06
 3.99805e-06
 3.97926e-06
 3.86393e-06
 3.47745e-06
 2.76707e-06
 2.31389e-06
 2.11735e-06
 1.98650e-06
 1.66616e-06
 1.07936e-06
 7.75000e-07
 6.43611e-07
 5.57418e-07
 5.18939e-07
 5.04682e-07
 5.00897e-07
 5.00146e-07
 5.00021e-07
 5.00003e-07
 5.00000e-07
 5.00000e-07
 5.00000e-07
 5.00000e-07
 5.00000e-07
 5.00000e-07
 5.00000e-07
 5.00000e-07
 5.00000e-07
 5.00000e-07
 5.00000e-07
 5.00000e-07
 5.00000e-07
 5.00000e-07
 5.00000e-07
 5.00000e-07
 5.00000e-07
 5.00000e-07
 5.00000e-07
 5.00000e-07
 5.00000e-07
 5.00000e-07
 5.00000e-07
 5.00000e-07
 5.00000e-07
 5.00000e-07
 5.00000e-07
 5.00000e-07
 5.00000e-07
 5.00000e-07
 5.00000e-07
 5.00000e-07
 5.00000e-07
 5.00000e-07
 5.00000e-07
 5.00000e-07
 5.00000e-07
 2.50000e-07
 2.00000e-06
 4.00000e-06
 4.00000e-06
 4.00000e-06
 4.00000e-06
 4.00000e-06
 4.00000e-06
 4.00000e-06
 4.00000e-06
 4.00000e-06
 4.00000e-06
 4.00000e-06
 4.00000e-06
 4.00000e-06
 4.00000e-06
 4.00000e-06
 4.00000e-06
 4.00000e-06
 4.00000e-06
 4.00000e-06
 4.00000e-06
 4.00000e-06
 4.00000e-06
 4.00000e-06
 4.00000e-06
 4.00000e-06
 4.00000e-06
 4.00000e-06
 4.00000e-06
 4.00000e-06
 4.00000e-06
 4.00000e-06
 4.00000e-06
 4.00000e-06
 4.00000e-06
 4.00000e-06
 4.00000e-06
 4.00000e-06
 4.00000e-06
 4.00000e-06
 4.00000e-06
 4.00000e-06
 3.99999e-06
 3.99988e-06
 3.99805e-06
 3.97926e-06
 3.86393e-06
 3.47745e-06
 2.76706e-06
 2.31388e-06
 2.11730e-06
 1.98653e-06
 1.66638e-06
 1.07961e-06
 7.75030e-07
 6.43525e-07
 5.57401e-07
 5.18937e-07
 5.04681e-07
 5.00897e-07
 5.00146e-07
 5.00021e-07
 5.00003e-07
 5.00000e-07
 5.00000e-07
 5.00000e-07
 5.00000e-07
 5.00000e-07
 5.00000e-07
 5.00000e-07
 5.00000e-07
 5.00000e-07
 5.00000e-07
 5.00000e-07
 5.00000e-07
 5.00000e-07
 5.00000e-07
 5.00000e-07
 5.00000e-07
 5.00000e-07
 5.00000e-07
 5.00000e-07
 5.00000e-07
 5.00000e-07
 5.00000e-07
 5.00000e-07
 5.00000e-07
 5.00000e-07
 5.00000e-07
 5.00000e-07
 5.00000e-07
 5.00000e-07
 5.00000e-07
 5.00000e-07
 5.00000e-07
 5.00000e-07
 5.00000e-07
 5.00000e-07
 5.00000e-07
 5.00000e-07
 2.50000e-07
 2.00000e-06
 4.00000e-06
 4.00000e-06
 4.00000e-06
 4.00000e-06
 4.00000e-06
 4.00000e-06
 4.00000e-06
 4.00000e-06
 4.00000e-06
 4.00000e-06
 4.00000e-06
 4.00000e-06
 4.00000e-06
 4.00000e-06
 4.00000e-06
 4.00000e-06
 4.00000e-06
 4.00000e-06
 4.00000e-06
 4.00000e-06
 4.00000e-06
 4.00000e-06
 4.00000e-06
 4.00000e-06
 4.00000e-06
 4.00000e-06
 4.00000e-06
 4.00000e-06
 4.00000e-06
 4.00000e-06
 4.00000e-06
 4.00000e-06
 4.00000e-06
 4.00000e-06
 4.00000e-06
 4.00000e-06
 4.00000e-06
 4.00000e-06
 4.00000e-06
 4.00000e-06
 4.00000e-06
 3.99999e-06
 3.99988e-06
 3.99805e-06
 3.97926e-06
 3.86393e-06
 3.47744e-06
 2.76721e-06
 2.31321e-06
 2.11697e-06
 1.98731e-06
 1.66677e-06
 1.07975e-06
 7.75024e-07
 6.43463e-07
 5.57388e-07
 5.18934e-07
 5.04680e-07
 5.00896e-07
 5.00146e-07
 5.00021e-07
 5.00003e-07
 5.00000e-07
 5.00000e-07
 5.00000e-07
 5.00000e-07
 5.00000e-07
 5.00000e-07
 5.00000e-07
 5.00000e-07
 5.00000e-07
 5.00000e-07
 5.00000e-07
 5.00000e-07
 5.00000e-07
 5.00000e-07
 5.00000e-07
 5.00000e-07
 5.00000e-07
 5.00000e-07
 5.00000e-07
 5.00000e-07
 5.00000e-07
 5.00000e-07
 5.00000e-07
 5.00000e-07
 5.00000e-07
 5.00000e-07
 5.00000e-07
 5.00000e-07
 5.00000e-07
 5.00000e-07
 5.00000e-07
 5.00000e-07
 5.00000e-07
 5.00000e-07
 5.00000e-07
 5.00000e-07
 5.00000e-07
 2.50000e-07
 2.00000e-06
 4.00000e-06
 4.00000e-06
 4.00000e-06
 4.00000e-06
 4.00000e-06
 4.00000e-06
 4.00000e-06
 4.00000e-06
 4.00000e-06
 4.00000e-06
 4.00000e-06
 4.00000e-06
 4.00000e-06
 4.00000e-06
 4.00000e-06
 4.00000e-06
 4.00000e-06
 4.00000e-06
 4.00000e-06
 4.00000e-06
 4.00000e-06
 4.00000e-06
 4.00000e-06
 4.00000e-06
 4.00000e-06
 4.00000e-06
 4.00000e-06
 4.00000e-06
 4.00000e-06
 4.00000e-06
 4.00000e-06
 4.00000e-06
 4.00000e-06
 4.00000e-06
 4.00000e-06
 4.00000e-06
 4.00000e-06
 4.00000e-06
 4.00000e-06
 4.00000e-06
 4.00000e-06
 3.99999e-06
 3.99988e-06
 3.99805e-06
 3.97926e-06
 3.86393e-06
 3.47744e-06
 2.76720e-06
 2.31321e-06
 2.11697e-06
 1.98735e-06
 1.66681e-06
 1.07976e-06
 7.75015e-07
 6.43439e-07
 5.57381e-07
 5.18932e-07
 5.04680e-07
 5.00896e-07
 5.00146e-07
 5.00021e-07
 5.00003e-07
 5.00000e-07
 5.00000e-07
 5.00000e-07
 5.00000e-07
 5.00000e-07
 5.00000e-07
 5.00000e-07
 5.00000e-07
 5.00000e-07
 5.00000e-07
 5.00000e-07
 5.00000e-07
 5.00000e-07
 5.00000e-07
 5.00000e-07
 5.00000e-07
 5.00000e-07
 5.00000e-07
 5.00000e-07
 5.00000e-07
 5.00000e-07
 5.00000e-07
 5.00000e-07
 5.00000e-07
 5.00000e-07
 5.00000e-07
 5.00000e-07
 5.00000e-07
 5.00000e-07
 5.00000e-07
 5.00000e-07
 5.00000e-07
 5.00000e-07
 5.00000e-07
 5.00000e-07
 5.00000e-07
 5.00000e-07
 2.50000e-07
 1.00000e-06
 2.00000e-06
 2.00000e-06
 2.00000e-06
 2.00000e-06
 2.00000e-06
 2.00000e-06
 2.00000e-06
 2.00000e-06
 2.00000e-06
 2.00000e-06
 2.00000e-06
 2.00000e-06
 2.00000e-06
 2.00000e-06
 2.00000e-06
 2.00000e-06
 2.00000e-06
 2.00000e-06
 2.00000e-06
 2.00000e-06
 2.00000e-06
 2.00000e-06
 2.00000e-06
 2.00000e-06
 2.00000e-06
 2.00000e-06
 2.00000e-06
 2.00000e-06
 2.00000e-06
 2.00000e-06
 2.00000e-06
 2.00000e-06
 2.00000e-06
 2.00000e-06
 2.00000e-06
 2.00000e-06
 2.00000e-06
 2.00000e-06
 2.00000e-06
 2.00000e-06
 2.00000e-06
 2.00000e-06
 1.99994e-06
 1.99902e-06
 1.98963e-06
 1.93196e-06
 1.73872e-06
 1.38360e-06
 1.15660e-06
 1.05848e-06
 9.93671e-07
 8.33395e-07
 5.39881e-07
 3.87509e-07
 3.21717e-07
 2.78690e-07
 2.59466e-07
 2.52340e-07
 2.50448e-07
 2.50073e-07
 2.50011e-07
 2.50001e-07
 2.50000e-07
 2.50000e-07
 2.50000e-07
 2.50000e-07
 2.50000e-07
 2.50000e-07
 2.50000e-07
 2.50000e-07
 2.50000e-07
 2.50000e-07
 2.50000e-07
 2.50000e-07
 2.50000e-07
 2.50000e-07
 2.50000e-07
 2.50000e-07
 2.50000e-07
 2.50000e-07
 2.50000e-07
 2.50000e-07
 2.50000e-07
 2.50000e-07
 2.50000e-07
 2.50000e-07
 2.50000e-07
 2.50000e-07
 2.50000e-07
 2.50000e-07
 2.50000e-07
 2.50000e-07
 2.50000e-07
 2.50000e-07
 2.50000e-07
 2.50000e-07
 2.50000e-07
 2.50000e-07
 2.50000e-07
 1.25000e-07
 1.00000e-06
 2.00000e-06
 2.00000e-06
 2.00000e-06
 2.00000e-06
 2.00000e-06
 2.00000e-06
 2.00000e-06
 2.00000e-06
 2.00000e-06
 2.00000e-06
 2.00000e-06
 2.00000e-06
 2.00000e-06
 2.00000e-06
 2.00000e-06
 2.00000e-06
 2.00000e-06
 2.00000e-06
 2.00000e-06
 2.00000e-06
 2.00000e-06
 2.00000e-06
 2.00000e-06
 2.00000e-06
 2.00000e-06
 2.00000e-06
 2.00000e-06
 2.00000e-06
 2.00000e-06
 2.00000e-06
 2.00000e-06
 2.00000e-06
 2.00000e-06
 2.00000e-06
 2.00000e-06
 2.00000e-06
 2.00000e-06
 2.00000e-06
 2.00000e-06
 2.00000e-06
 2.00000e-06
 2.00000e-06
 1.99994e-06
 1.99902e-06
 1.98963e-06
 1.93196e-06
 1.73872e-06
 1.38360e-06
 1.15660e-06
 1.05848e-06
 9.93659e-07
 8.33395e-07
 5.39877e-07
 3.87497e-07
 3.21707e-07
 2.78686e-07
 2.59464e-07
 2.52340e-07
 2.50448e-07
 2.50073e-07
 2.50011e-07
 2.50001e-07
 2.50000e-07
 2.50000e-07
 2.50000e-07
 2.50000e-07
 2.50000e-07
 2.50000e-07
 2.50000e-07
 2.50000e-07
 2.50000e-07
 2.50000e-07
 2.50000e-07
 2.50000e-07
 2.50000e-07
 2.50000e-07
 2.50000e-07
 2.50000e-07
 2.50000e-07
 2.50000e-07
 2.50000e-07
 2.50000e-07
 2.50000e-07
 2.50000e-07
 2.50000e-07
 2.50000e-07
 2.50000e-07
 2.50000e-07
 2.50000e-07
 2.50000e-07
 2.50000e-07
 2.50000e-07
 2.50000e-07
 2.50000e-07
 2.50000e-07
 2.50000e-07
 2.50000e-07
 2.50000e-07
 2.50000e-07
 1.25000e-07
 2.00000e-06
 4.00000e-06
 4.00000e-06
 4.00000e-06
 4.00000e-06
 4.00000e-06
 4.00000e-06
 4.00000e-06
 4.00000e-06
 4.00000e-06
 4.00000e-06
 4.00000e-06
 4.00000e-06
 4.00000e-06
 4.00000e-06
 4.00000e-06
 4.00000e-06
 4.00000e-06
 4.00000e-06
 4.00000e-06
 4.00000e-06
 4.00000e-06
 4.00000e-06
 4.00000e-06
 4.00000e-06
 4.00000e-06
 4.00000e-06
 4.00000e-06
 4.00000e-06
 4.00000e-06
 4.00000e-06
 4.00000e-06
 4.00000e-06
 4.00000e-06
 4.00000e-06
 4.00000e-06
 4.00000e-06
 4.00000e-06
 4.00000e-06
 4.00000e-06
 4.00000e-06
 4.00000e-06
 3.99999e-06
 3.99988e-06
 3.99805e-06
 3.97926e-06
 3.86393e-06
 3.47744e-06
 2.76719e-06
 2.31321e-06
 2.11694e-06
 1.98729e-06
 1.66685e-06
 1.07989e-06
 7.75022e-07
 6.43376e-07
 5.57363e-07
 5.18928e-07
 5.04679e-07
 5.00896e-07
 5.00146e-07
 5.00021e-07
 5.00003e-07
 5.00000e-07
 5.00000e-07
 5.00000e-07
 5.00000e-07
 5.00000e-07
 5.00000e-07
 5.00000e-07
 5.00000e-07
 5.00000e-07
 5.00000e-07
 5.00000e-07
 5.00000e-07
 5.00000e-07
 5.00000e-07
 5.00000e-07
 5.00000e-07
 5.00000e-07
 5.00000e-07
 5.00000e-07
 5.00000e-07
 5.00000e-07
 5.00000e-07
 5.00000e-07
 5.00000e-07
 5.00000e-07
 5.00000e-07
 5.00000e-07
 5.00000e-07
 5.00000e-07
 5.00000e-07
 5.00000e-07
 5.00000e-07
 5.00000e-07
 5.00000e-07
 5.00000e-07
 5.00000e-07
 5.00000e-07
 2.50000e-07
 2.00000e-06
 4.00000e-06
 4.00000e-06
 4.00000e-06
 4.00000e-06
 4.00000e-06
 4.00000e-06
 4.00000e-06
 4.00000e-06
 4.00000e-06
 4.00000e-06
 4.00000e-06
 4.00000e-06
 4.00000e-06
 4.00000e-06
 4.00000e-06
 4.00000e-06
 4.00000e-06
 4.00000e-06
 4.00000e-06
 4.00000e-06
 4.00000e-06
 4.00000e-06
 4.00000e-06
 4.00000e-06
 4.00000e-06
 4.00000e-06
 4.00000e-06
 4.00000e-06
 4.00000e-06
 4.00000e-06
 4.00000e-06
 4.00000e-06
 4.00000e-06
 4.00000e-06
 4.00000e-06
 4.00000e-06
 4.00000e-06
 4.00000e-06
 4.00000e-06
 4.00000e-06
 4.00000e-06
 3.99999e-06
 3.99988e-06
 3.99805e-06
 3.97926e-06
 3.86393e-06
 3.47743e-06
 2.76733e-06
 2.31254e-06
 2.11659e-06
 1.98796e-06
 1.66719e-06
 1.08010e-06
 7.75050e-07
 6.43303e-07
 5.57347e-07
 5.18925e-07
 5.04679e-07
 5.00896e-07
 5.00146e-07
 5.00021e-07
 5.00003e-07
 5.00000e-07
 5.00000e-07
 5.00000e-07
 5.00000e-07
 5.00000e-07
 5.00000e-07
 5.00000e-07
 5.00000e-07
 5.00000e-07
 5.00000e-07
 5.00000e-07
 5.00000e-07
 5.00000e-07
 5.00000e-07
 5.00000e-07
 5.00000e-07
 5.00000e-07
 5.00000e-07
 5.00000e-07
 5.00000e-07
 5.00000e-07
 5.00000e-07
 5.00000e-07
 5.00000e-07
 5.00000e-07
 5.00000e-07
 5.00000e-07
 5.00000e-07
 5.00000e-07
 5.00000e-07
 5.00000e-07
 5.00000e-07
 5.00000e-07
 5.00000e-07
 5.00000e-07
 5.00000e-07
 5.00000e-07
 2.50000e-07
 2.00000e-06
 4.00000e-06
 4.00000e-06
 4.00000e-06
 4.00000e-06
 4.00000e-06
 4.00000e-06
 4.00000e-06
 4.00000e-06
 4.00000e-06
 4.00000e-06
 4.00000e-06
 4.00000e-06
 4.00000e-06
 4.00000e-06
 4.00000e-06
 4.00000e-06
 4.00000e-06
 4.00000e-06
 4.00000e-06
 4.00000e-06
 4.00000e-06
 4.00000e-06
 4.00000e-06
 4.00000e-06
 4.00000e-06
 4.00000e-06
 4.00000e-06
 4.00000e-06
 4.00000e-06
 4.00000e-06
 4.00000e-06
 4.00000e-06
 4.00000e-06
 4.00000e-06
 4.00000e-06
 4.00000e-06
 4.00000e-06
 4.00000e-06
 4.00000e-06
 4.00000e-06
 4.00000e-06
 3.99999e-06
 3.99988e-06
 3.99805e-06
 3.97926e-06
 3.86393e-06
 3.47742e-06
 2.76747e-06
 2.31188e-06
 2.11623e-06
 1.98864e-06
 1.66745e-06
 1.08016e-06
 7.75038e-07
 6.43260e-07
 5.57335e-07
 5.18922e-07
 5.04678e-07
 5.00896e-07
 5.00146e-07
 5.00021e-07
 5.00003e-07
 5.00000e-07
 5.00000e-07
 5.00000e-07
 5.00000e-07
 5.00000e-07
 5.00000e-07
 5.00000e-07
 5.00000e-07
 5.00000e-07
 5.00000e-07
 5.00000e-07
 5.00000e-07
 5.00000e-07
 5.00000e-07
 5.00000e-07
 5.00000e-07
 5.00000e-07
 5.00000e-07
 5.00000e-07
 5.00000e-07
 5.00000e-07
 5.00000e-07
 5.00000e-07
 5.00000e-07
 5.00000e-07
 5.00000e-07
 5.00000e-07
 5.00000e-07
 5.00000e-07
 5.00000e-07
 5.00000e-07
 5.00000e-07
 5.00000e-07
 5.00000e-07
 5.00000e-07
 5.00000e-07
 5.00000e-07
 2.50000e-07
 2.00000e-06
 4.00000e-06
 4.00000e-06
 4.00000e-06
 4.00000e-06
 4.00000e-06
 4.00000e-06
 4.00000e-06
 4.00000e-06
 4.00000e-06
 4.00000e-06
 4.00000e-06
 4.00000e-06
 4.00000e-06
 4.00000e-06
 4.00000e-06
 4.00000e-06
 4.00000e-06
 4.00000e-06
 4.00000e-06
 4.00000e-06
 4.00000e-06
 4.00000e-06
 4.00000e-06
 4.00000e-06
 4.00000e-06
 4.00000e-06
 4.00000e-06
 4.00000e-06
 4.00000e-06
 4.00000e-06
 4.00000e-06
 4.00000e-06
 4.00000e-06
 4.00000e-06
 4.00000e-06
 4.00000e-06
 4.00000e-06
 4.00000e-06
 4.00000e-06
 4.00000e-06
 4.00000e-06
 3.99999e-06
 3.99988e-06
 3.99805e-06
 3.97926e-06
 3.86393e-06
 3.47742e-06
 2.76747e-06
 2.31188e-06
 2.11621e-06
 1.98862e-06
 1.66743e-06
 1.08013e-06
 7.75027e-07
 6.43248e-07
 5.57329e-07
 5.18920e-07
 5.04678e-07
 5.00896e-07
 5.00146e-07
 5.00021e-07
 5.00003e-07
 5.00000e-07
 5.00000e-07
 5.00000e-07
 5.00000e-07
 5.00000e-07
 5.00000e-07
 5.00000e-07
 5.00000e-07
 5.00000e-07
 5.00000e-07
 5.00000e-07
 5.00000e-07
 5.00000e-07
 5.00000e-07
 5.00000e-07
 5.00000e-07
 5.00000e-07
 5.00000e-07
 5.00000e-07
 5.00000e-07
 5.00000e-07
 5.00000e-07
 5.00000e-07
 5.00000e-07
 5.00000e-07
 5.00000e-07
 5.00000e-07
 5.00000e-07
 5.00000e-07
 5.00000e-07
 5.00000e-07
 5.00000e-07
 5.00000e-07
 5.00000e-07
 5.00000e-07
 5.00000e-07
 5.00000e-07
 2.50000e-07
 1.00000e-06
 2.00000e-06
 2.00000e-06
 2.00000e-06
 2.00000e-06
 2.00000e-06
 2.00000e-06
 2.00000e-06
 2.00000e-06
 2.00000e-06
 2.00000e-06
 2.00000e-06
 2.00000e-06
 2.00000e-06
 2.00000e-06
 2.00000e-06
 2.00000e-06
 2.00000e-06
 2.00000e-06
 2.00000e-06
 2.00000e-06
 2.00000e-06
 2.00000e-06
 2.00000e-06
 2.00000e-06
 2.00000e-06
 2.00000e-06
 2.00000e-06
 2.00000e-06
 2.00000e-06
 2.00000e-06
 2.00000e-06
 2.00000e-06
 2.00000e-06
 2.00000e-06
 2.00000e-06
 2.00000e-06
 2.00000e-06
 2.00000e-06
 2.00000e-06
 2.00000e-06
 2.00000e-06
 2.00000e-06
 1.99994e-06
 1.99902e-06
 1.98963e-06
 1.93196e-06
 1.73871e-06
 1.38373e-06
 1.15594e-06
 1.05811e-06
 9.94306e-07
 8.33710e-07
 5.40064e-07
 3.87514e-07
 3.21622e-07
 2.78664e-07
 2.59460e-07
 2.52339e-07
 2.50448e-07
 2.50073e-07
 2.50011e-07
 2.50001e-07
 2.50000e-07
 2.50000e-07
 2.50000e-07
 2.50000e-07
 2.50000e-07
 2.50000e-07
 2.50000e-07
 2.50000e-07
 2.50000e-07
 2.50000e-07
 2.50000e-07
 2.50000e-07
 2.50000e-07
 2.50000e-07
 2.50000e-07
 2.50000e-07
 2.50000e-07
 2.50000e-07
 2.50000e-07
 2.50000e-07
 2.50000e-07
 2.50000e-07
 2.50000e-07
 2.50000e-07
 2.50000e-07
 2.50000e-07
 2.50000e-07
 2.50000e-07
 2.50000e-07
 2.50000e-07
 2.50000e-07
 2.50000e-07
 2.50000e-07
 2.50000e-07
 2.50000e-07
 2.50000e-07
 2.50000e-07
 1.25000e-07
 5.00000e-07
 1.00000e-06
 1.00000e-06
 1.00000e-06
 1.00000e-06
 1.00000e-06
 1.00000e-06
 1.00000e-06
 1.00000e-06
 1.00000e-06
 1.00000e-06
 1.00000e-06
 1.00000e-06
 1.00000e-06
 1.00000e-06
 1.00000e-06
 1.00000e-06
 1.00000e-06
 1.00000e-06
 1.00000e-06
 1.00000e-06
 1.00000e-06
 1.00000e-06
 1.00000e-06
 1.00000e-06
 1.00000e-06
 1.00000e-06
 1.00000e-06
 1.00000e-06
 1.00000e-06
 1.00000e-06
 1.00000e-06
 1.00000e-06
 1.00000e-06
 1.00000e-06
 1.00000e-06
 1.00000e-06
 1.00000e-06
 1.00000e-06
 1.00000e-06
 1.00000e-06
 1.00000e-06
 9.99999e-07
 9.99969e-07
 9.99512e-07
 9.94814e-07
 9.65982e-07
 8.69354e-07
 6.91870e-07
 5.77969e-07
 5.29061e-07
 4.97171e-07
 4.16870e-07
 2.70041e-07
 1.93761e-07
 1.60820e-07
 1.39336e-07
 1.29731e-07
 1.26170e-07
 1.25224e-07
 1.25036e-07
 1.25005e-07
 1.25001e-07
 1.25000e-07
 1.25000e-07
 1.25000e-07
 1.25000e-07
 1.25000e-07
 1.25000e-07
 1.25000e-07
 1.25000e-07
 1.25000e-07
 1.25000e-07
 1.25000e-07
 1.25000e-07
 1.25000e-07
 1.25000e-07
 1.25000e-07
 1.25000e-07
 1.25000e-07
 1.25000e-07
 1.25000e-07
 1.25000e-07
 1.25000e-07
 1.25000e-07
 1.25000e-07
 1.25000e-07
 1.25000e-07
 1.25000e-07
 1.25000e-07
 1.25000e-07
 1.25000e-07
 1.25000e-07
 1.25000e-07
 1.25000e-07
 1.25000e-07
 1.25000e-07
 1.25000e-07
 1.25000e-07
 1.25000e-07
 6.25000e-08
 1.00000e-06
 2.00000e-06
 2.00000e-06
 2.00000e-06
 2.00000e-06
 2.00000e-06
 2.00000e-06
 2.00000e-06
 2.00000e-06
 2.00000e-06
 2.00000e-06
 2.00000e-06
 2.00000e-06
 2.00000e-06
 2.00000e-06
 2.00000e-06
 2.00000e-06
 2.00000e-06
 2.00000e-06
 2.00000e-06
 2.00000e-06
 2.00000e-06
 2.00000e-06
 2.00000e-06
 2.00000e-06
 2.00000e-06
 2.00000e-06
 2.00000e-06
 2.00000e-06
 2.00000e-06
 2.00000e-06
 2.00000e-06
 2.00000e-06
 2.00000e-06
 2.00000e-06
 2.00000e-06
 2.00000e-06
 2.00000e-06
 2.00000e-06
 2.00000e-06
 2.00000e-06
 2.00000e-06
 2.00000e-06
 1.99994e-06
 1.99902e-06
 1.98963e-06
 1.93196e-06
 1.73871e-06
 1.38374e-06
 1.15594e-06
 1.05812e-06
 9.94321e-07
 8.33729e-07
 5.40085e-07
 3.87518e-07
 3.21630e-07
 2.78669e-07
 2.59461e-07
 2.52339e-07
 2.50448e-07
 2.50073e-07
 2.50011e-07
 2.50001e-07
 2.50000e-07
 2.50000e-07
 2.50000e-07
 2.50000e-07
 2.50000e-07
 2.50000e-07
 2.50000e-07
 2.50000e-07
 2.50000e-07
 2.50000e-07
 2.50000e-07
 2.50000e-07
 2.50000e-07
 2.50000e-07
 2.50000e-07
 2.50000e-07
 2.50000e-07
 2.50000e-07
 2.50000e-07
 2.50000e-07
 2.50000e-07
 2.50000e-07
 2.50000e-07
 2.50000e-07
 2.50000e-07
 2.50000e-07
 2.50000e-07
 2.50000e-07
 2.50000e-07
 2.50000e-07
 2.50000e-07
 2.50000e-07
 2.50000e-07
 2.50000e-07
 2.50000e-07
 2.50000e-07
 2.50000e-07
 1.25000e-07
 1.00000e-06
 2.00000e-06
 2.00000e-06
 2.00000e-06
 2.00000e-06
 2.00000e-06
 2.00000e-06
 2.00000e-06
 2.00000e-06
 2.00000e-06
 2.00000e-06
 2.00000e-06
 2.00000e-06
 2.00000e-06
 2.00000e-06
 2.00000e-06
 2.00000e-06
 2.00000e-06
 2.00000e-06
 2.00000e-06
 2.00000e-06
 2.00000e-06
 2.00000e-06
 2.00000e-06
 2.00000e-06
 2.00000e-06
 2.00000e-06
 2.00000e-06
 2.00000e-06
 2.00000e-06
 2.00000e-06
 2.00000e-06
 2.00000e-06
 2.00000e-06
 2.00000e-06
 2.00000e-06
 2.00000e-06
 2.00000e-06
 2.00000e-06
 2.00000e-06
 2.00000e-06
 2.00000e-06
 2.00000e-06
 1.99994e-06
 1.99902e-06
 1.98963e-06
 1.93196e-06
 1.73871e-06
 1.38373e-06
 1.15594e-06
 1.05810e-06
 9.94291e-07
 8.33719e-07
 5.40084e-07
 3.87506e-07
 3.21613e-07
 2.78663e-07
 2.59460e-07
 2.52339e-07
 2.50448e-07
 2.50073e-07
 2.50011e-07
 2.50001e-07
 2.50000e-07
 2.50000e-07
 2.50000e-07
 2.50000e-07
 2.50000e-07
 2.50000e-07
 2.50000e-07
 2.50000e-07
 2.50000e-07
 2.50000e-07
 2.50000e-07
 2.50000e-07
 2.50000e-07
 2.50000e-07
 2.50000e-07
 2.50000e-07
 2.50000e-07
 2.50000e-07
 2.50000e-07
 2.50000e-07
 2.50000e-07
 2.50000e-07
 2.50000e-07
 2.50000e-07
 2.50000e-07
 2.50000e-07
 2.50000e-07
 2.50000e-07
 2.50000e-07
 2.50000e-07
 2.50000e-07
 2.50000e-07
 2.50000e-07
 2.50000e-07
 2.50000e-07
 2.50000e-07
 2.50000e-07
 1.25000e-07
 1.00000e-06
 2.00000e-06
 2.00000e-06
 2.00000e-06
 2.00000e-06
 2.00000e-06
 2.00000e-06
 2.00000e-06
 2.00000e-06
 2.00000e-06
 2.00000e-06
 2.00000e-06
 2.00000e-06
 2.00000e-06
 2.00000e-06
 2.00000e-06
 2.00000e-06
 2.00000e-06
 2.00000e-06
 2.00000e-06
 2.00000e-06
 2.00000e-06
 2.00000e-06
 2.00000e-06
 2.00000e-06
 2.00000e-06
 2.00000e-06
 2.00000e-06
 2.00000e-06
 2.00000e-06
 2.00000e-06
 2.00000e-06
 2.00000e-06
 2.00000e-06
 2.00000e-06
 2.00000e-06
 2.00000e-06
 2.00000e-06
 2.00000e-06
 2.00000e-06
 2.00000e-06
 2.00000e-06
 2.00000e-06
 1.99994e-06
 1.99902e-06
 1.98963e-06
 1.93196e-06
 1.73871e-06
 1.38373e-06
 1.15594e-06
 1.05809e-06
 9.94266e-07
 8.33700e-07
 5.40063e-07
 3.87497e-07
 3.21602e-07
 2.78658e-07
 2.59458e-07
 2.52339e-07
 2.50448e-07
 2.50073e-07
 2.50011e-07
 2.50001e-07
 2.50000e-07
 2.50000e-07
 2.50000e-07
 2.50000e-07
 2.50000e-07
 2.50000e-07
 2.50000e-07
 2.50000e-07
 2.50000e-07
 2.50000e-07
 2.50000e-07
 2.50000e-07
 2.50000e-07
 2.50000e-07
 2.50000e-07
 2.50000e-07
 2.50000e-07
 2.50000e-07
 2.50000e-07
 2.50000e-07
 2.50000e-07
 2.50000e-07
 2.50000e-07
 2.50000e-07
 2.50000e-07
 2.50000e-07
 2.50000e-07
 2.50000e-07
 2.50000e-07
 2.50000e-07
 2.50000e-07
 2.50000e-07
 2.50000e-07
 2.50000e-07
 2.50000e-07
 2.50000e-07
 2.50000e-07
 1.25000e-07
 1.00000e-06
 2.00000e-06
 2.00000e-06
 2.00000e-06
 2.00000e-06
 2.00000e-06
 2.00000e-06
 2.00000e-06
 2.00000e-06
 2.00000e-06
 2.00000e-06
 2.00000e-06
 2.00000e-06
 2.00000e-06
 2.00000e-06
 2.00000e-06
 2.00000e-06
 2.00000e-06
 2.00000e-06
 2.00000e-06
 2.00000e-06
 2.00000e-06
 2.00000e-06
 2.00000e-06
 2.00000e-06
 2.00000e-06
 2.00000e-06
 2.00000e-06
 2.00000e-06
 2.00000e-06
 2.00000e-06
 2.00000e-06
 2.00000e-06
 2.00000e-06
 2.00000e-06
 2.00000e-06
 2.00000e-06
 2.00000e-06
 2.00000e-06
 2.00000e-06
 2.00000e-06
 2.00000e-06
 2.00000e-06
 1.99994e-06
 1.99902e-06
 1.98963e-06
 1.93196e-06
 1.73871e-06
 1.38372e-06
 1.15594e-06
 1.05808e-06
 9.94253e-07
 8.33679e-07
 5.40046e-07
 3.87495e-07
 3.21599e-07
 2.78656e-07
 2.59457e-07
 2.52338e-07
 2.50448e-07
 2.50073e-07
 2.50011e-07
 2.50001e-07
 2.50000e-07
 2.50000e-07
 2.50000e-07
 2.50000e-07
 2.50000e-07
 2.50000e-07
 2.50000e-07
 2.50000e-07
 2.50000e-07
 2.50000e-07
 2.50000e-07
 2.50000e-07
 2.50000e-07
 2.50000e-07
 2.50000e-07
 2.50000e-07
 2.50000e-07
 2.50000e-07
 2.50000e-07
 2.50000e-07
 2.50000e-07
 2.50000e-07
 2.50000e-07
 2.50000e-07
 2.50000e-07
 2.50000e-07
 2.50000e-07
 2.50000e-07
 2.50000e-07
 2.50000e-07
 2.50000e-07
 2.50000e-07
 2.50000e-07
 2.50000e-07
 2.50000e-07
 2.50000e-07
 2.50000e-07
 1.25000e-07
 5.00000e-07
 1.00000e-06
 1.00000e-06
 1.00000e-06
 1.00000e-06
 1.00000e-06
 1.00000e-06
 1.00000e-06
 1.00000e-06
 1.00000e-06
 1.00000e-06
 1.00000e-06
 1.00000e-06
 1.00000e-06
 1.00000e-06
 1.00000e-06
 1.00000e-06
 1.00000e-06
 1.00000e-06
 1.00000e-06
 1.00000e-06
 1.00000e-06
 1.00000e-06
 1.00000e-06
 1.00000e-06
 1.00000e-06
 1.00000e-06
 1.00000e-06
 1.00000e-06
 1.00000e-06
 1.00000e-06
 1.00000e-06
 1.00000e-06
 1.00000e-06
 1.00000e-06
 1.00000e-06
 1.00000e-06
 1.00000e-06
 1.00000e-06
 1.00000e-06
 1.00000e-06
 1.00000e-06
 9.99999e-07
 9.99969e-07
 9.99512e-07
 9.94814e-07
 9.65982e-07
 8.69354e-07
 6.91862e-07
 5.77972e-07
 5.29042e-07
 4.97128e-07
 4.16839e-07
 2.70023e-07
 1.93748e-07
 1.60799e-07
 1.39327e-07
 1.29729e-07
 1.26169e-07
 1.25224e-07
 1.25036e-07
 1.25005e-07
 1.25001e-07
 1.25000e-07
 1.25000e-07
 1.25000e-07
 1.25000e-07
 1.25000e-07
 1.25000e-07
 1.25000e-07
 1.25000e-07
 1.25000e-07
 1.25000e-07
 1.25000e-07
 1.25000e-07
 1.25000e-07
 1.25000e-07
 1.25000e-07
 1.25000e-07
 1.25000e-07
 1.25000e-07
 1.25000e-07
 1.25000e-07
 1.25000e-07
 1.25000e-07
 1.25000e-07
 1.25000e-07
 1.25000e-07
 1.25000e-07
 1.25000e-07
 1.25000e-07
 1.25000e-07
 1.25000e-07
 1.25000e-07
 1.25000e-07
 1.25000e-07
 1.25000e-07
 1.25000e-07
 1.25000e-07
 1.25000e-07
 6.25000e-08
