Velocity
part
         1
coordinates
 0.00000e+00
 0.00000e+00
 0.00000e+00
 0.00000e+00
 0.00000e+00
 0.00000e+00
 0.00000e+00
 0.00000e+00
 0.00000e+00
 0.00000e+00
 0.00000e+00
 0.00000e+00
 0.00000e+00
 0.00000e+00
 0.00000e+00
 0.00000e+00
 0.00000e+00
 0.00000e+00
 0.00000e+00
 0.00000e+00
 0.00000e+00
 0.00000e+00
 0.00000e+00
 0.00000e+00
 0.00000e+00
 0.00000e+00
 0.00000e+00
 0.00000e+00
 0.00000e+00
 0.00000e+00
 0.00000e+00
 0.00000e+00
 0.00000e+00
 0.00000e+00
 0.00000e+00
 0.00000e+00
 0.00000e+00
 0.00000e+00
 0.00000e+00
 0.00000e+00
 0.00000e+00
 0.00000e+00
 0.00000e+00
 0.00000e+00
 0.00000e+00
 0.00000e+00
 0.00000e+00
 0.00000e+00
 0.00000e+00
-1.30432e-16
-1.30432e-16
-1.30432e-16
-1.30432e-16
 0.00000e+00
 0.00000e+00
-1.30432e-16
-1.30432e-16
-1.30432e-16
-1.30432e-16
 0.00000e+00
 0.00000e+00
 2.60865e-16
 2.60865e-16
 2.60865e-16
 2.60865e-16
 0.00000e+00
 0.00000e+00
 2.60865e-16
 2.60865e-16
 2.60865e-16
 2.60865e-16
 0.00000e+00
 0.00000e+00
-1.95648e-16
-1.95648e-16
-1.95648e-16
-1.95648e-16
 0.00000e+00
 0.00000e+00
-1.95648e-16
-1.95648e-16
-1.95648e-16
-1.95648e-16
 0.00000e+00
 0.00000e+00
 0.00000e+00
 0.00000e+00
 0.00000e+00
 0.00000e+00
 0.00000e+00
 0.00000e+00
 0.00000e+00
 0.00000e+00
 0.00000e+00
 0.00000e+00
 0.00000e+00
 0.00000e+00
-3.26081e-16
-3.26081e-16
-3.26081e-16
-3.26081e-16
 0.00000e+00
 0.00000e+00
-3.26081e-16
-3.26081e-16
-3.26081e-16
-3.26081e-16
 0.00000e+00
 0.00000e+00
 3.26081e-16
 3.26081e-16
 3.26081e-16
 3.26081e-16
 0.00000e+00
 0.00000e+00
 3.26081e-16
 3.26081e-16
 3.26081e-16
 3.26081e-16
 0.00000e+00
 0.00000e+00
-3.26081e-16
-3.26081e-16
-3.26081e-16
-3.26081e-16
 0.00000e+00
 0.00000e+00
-3.26081e-16
-3.26081e-16
-3.26081e-16
-3.26081e-16
 0.00000e+00
 0.00000e+00
 3.26081e-16
 3.26081e-16
 3.26081e-16
 3.26081e-16
 0.00000e+00
 0.00000e+00
 3.26081e-16
 3.26081e-16
 3.26081e-16
 3.26081e-16
 0.00000e+00
 0.00000e+00
 0.00000e+00
 0.00000e+00
 0.00000e+00
 0.00000e+00
 0.00000e+00
 0.00000e+00
 0.00000e+00
 0.00000e+00
 0.00000e+00
 0.00000e+00
 0.00000e+00
 0.00000e+00
 0.00000e+00
 0.00000e+00
 0.00000e+00
 0.00000e+00
 0.00000e+00
 0.00000e+00
 0.00000e+00
 0.00000e+00
 0.00000e+00
 0.00000e+00
 0.00000e+00
 0.00000e+00
 0.00000e+00
 0.00000e+00
 0.00000e+00
 0.00000e+00
 0.00000e+00
 0.00000e+00
 0.00000e+00
 0.00000e+00
 0.00000e+00
 0.00000e+00
 0.00000e+00
 0.00000e+00
 0.00000e+00
 0.00000e+00
 0.00000e+00
 0.00000e+00
 0.00000e+00
 0.00000e+00
 0.00000e+00
 0.00000e+00
 0.00000e+00
 0.00000e+00
 0.00000e+00
 0.00000e+00
 0.00000e+00
 0.00000e+00
 0.00000e+00
 0.00000e+00
 0.00000e+00
 0.00000e+00
 0.00000e+00
 0.00000e+00
 0.00000e+00
 0.00000e+00
 0.00000e+00
 0.00000e+00
-5.21729e-16
-5.21729e-16
-5.21729e-16
-5.21729e-16
 0.00000e+00
 0.00000e+00
-5.21729e-16
-5.21729e-16
-5.21729e-16
-5.21729e-16
 0.00000e+00
 0.00000e+00
 5.21729e-16
 5.21729e-16
 5.21729e-16
 5.21729e-16
 0.00000e+00
 0.00000e+00
 5.21729e-16
 5.21729e-16
 5.21729e-16
 5.21729e-16
 0.00000e+00
 0.00000e+00
 0.00000e+00
 0.00000e+00
 0.00000e+00
 0.00000e+00
 0.00000e+00
 0.00000e+00
 0.00000e+00
 0.00000e+00
 0.00000e+00
 0.00000e+00
 0.00000e+00
 0.00000e+00
-5.21729e-16
-5.21729e-16
-5.21729e-16
-5.21729e-16
 0.00000e+00
 0.00000e+00
-5.21729e-16
-5.21729e-16
-5.21729e-16
-5.21729e-16
 0.00000e+00
 0.00000e+00
 5.21729e-16
 5.21729e-16
 5.21729e-16
 5.21729e-16
 0.00000e+00
 0.00000e+00
 5.21729e-16
 5.21729e-16
 5.21729e-16
 5.21729e-16
 0.00000e+00
 0.00000e+00
 0.00000e+00
 0.00000e+00
 0.00000e+00
 0.00000e+00
 0.00000e+00
 0.00000e+00
 0.00000e+00
 0.00000e+00
 0.00000e+00
 0.00000e+00
 0.00000e+00
 0.00000e+00
 0.00000e+00
 0.00000e+00
 0.00000e+00
 0.00000e+00
 0.00000e+00
 0.00000e+00
 0.00000e+00
 0.00000e+00
 0.00000e+00
 0.00000e+00
 0.00000e+00
 0.00000e+00
 0.00000e+00
 0.00000e+00
 0.00000e+00
 0.00000e+00
 0.00000e+00
 0.00000e+00
 0.00000e+00
 0.00000e+00
 0.00000e+00
 0.00000e+00
 0.00000e+00
 0.00000e+00
 0.00000e+00
 0.00000e+00
 0.00000e+00
 0.00000e+00
 0.00000e+00
 0.00000e+00
 0.00000e+00
 0.00000e+00
 0.00000e+00
 0.00000e+00
 0.00000e+00
 0.00000e+00
 0.00000e+00
 0.00000e+00
 0.00000e+00
 0.00000e+00
 0.00000e+00
 0.00000e+00
 0.00000e+00
 0.00000e+00
 0.00000e+00
 0.00000e+00
 0.00000e+00
 0.00000e+00
 0.00000e+00
 0.00000e+00
 0.00000e+00
 0.00000e+00
 0.00000e+00
 0.00000e+00
 0.00000e+00
 0.00000e+00
 0.00000e+00
 0.00000e+00
 0.00000e+00
 0.00000e+00
 0.00000e+00
 0.00000e+00
 0.00000e+00
 0.00000e+00
 0.00000e+00
 0.00000e+00
 0.00000e+00
 0.00000e+00
 0.00000e+00
 0.00000e+00
 0.00000e+00
 0.00000e+00
 0.00000e+00
 0.00000e+00
 0.00000e+00
 0.00000e+00
 0.00000e+00
 0.00000e+00
 0.00000e+00
 0.00000e+00
 0.00000e+00
 0.00000e+00
 0.00000e+00
 0.00000e+00
 0.00000e+00
 0.00000e+00
 0.00000e+00
 0.00000e+00
 0.00000e+00
 0.00000e+00
 0.00000e+00
 0.00000e+00
 0.00000e+00
 0.00000e+00
 0.00000e+00
 0.00000e+00
 0.00000e+00
 0.00000e+00
 0.00000e+00
 0.00000e+00
 0.00000e+00
 0.00000e+00
 0.00000e+00
 0.00000e+00
 0.00000e+00
 0.00000e+00
 0.00000e+00
 0.00000e+00
 0.00000e+00
 0.00000e+00
 0.00000e+00
 0.00000e+00
 0.00000e+00
 0.00000e+00
 0.00000e+00
 0.00000e+00
 0.00000e+00
 0.00000e+00
 0.00000e+00
 0.00000e+00
 0.00000e+00
 0.00000e+00
 0.00000e+00
 0.00000e+00
 0.00000e+00
 0.00000e+00
 0.00000e+00
 0.00000e+00
 0.00000e+00
 0.00000e+00
 0.00000e+00
 0.00000e+00
-1.04346e-15
-1.04346e-15
-1.04346e-15
-1.04346e-15
 0.00000e+00
 0.00000e+00
-1.04346e-15
-1.04346e-15
-1.04346e-15
-1.04346e-15
 0.00000e+00
 0.00000e+00
 1.04346e-15
 1.04346e-15
 1.04346e-15
 1.04346e-15
 0.00000e+00
 0.00000e+00
 1.04346e-15
 1.04346e-15
 1.04346e-15
 1.04346e-15
 0.00000e+00
 0.00000e+00
 0.00000e+00
 0.00000e+00
 0.00000e+00
 0.00000e+00
 0.00000e+00
 0.00000e+00
 0.00000e+00
 0.00000e+00
 0.00000e+00
 0.00000e+00
 0.00000e+00
 0.00000e+00
 0.00000e+00
 0.00000e+00
 0.00000e+00
 0.00000e+00
 0.00000e+00
 0.00000e+00
 0.00000e+00
 0.00000e+00
 0.00000e+00
 0.00000e+00
 0.00000e+00
 0.00000e+00
 0.00000e+00
 0.00000e+00
 0.00000e+00
 0.00000e+00
 0.00000e+00
 0.00000e+00
 0.00000e+00
 0.00000e+00
 0.00000e+00
 0.00000e+00
 0.00000e+00
 0.00000e+00
 0.00000e+00
 0.00000e+00
 0.00000e+00
 0.00000e+00
 0.00000e+00
 0.00000e+00
 0.00000e+00
 0.00000e+00
 0.00000e+00
 0.00000e+00
 0.00000e+00
 0.00000e+00
-1.04346e-15
-1.04346e-15
-1.04346e-15
-1.04346e-15
 0.00000e+00
 0.00000e+00
-1.04346e-15
-1.04346e-15
-1.04346e-15
-1.04346e-15
 0.00000e+00
 0.00000e+00
 1.05755e-15
 1.15134e-15
 1.03587e-15
 1.09658e-15
 0.00000e+00
 0.00000e+00
 1.05755e-15
 1.15134e-15
 1.03587e-15
 1.09658e-15
 0.00000e+00
 0.00000e+00
 2.75387e-16
 3.36103e-16
-1.32273e-16
-2.81893e-16
 0.00000e+00
 0.00000e+00
 2.75387e-16
 3.36103e-16
-1.32273e-16
-2.81893e-16
 0.00000e+00
 0.00000e+00
 1.04517e-15
 7.58942e-16
-8.88504e-16
 1.74557e-16
 0.00000e+00
 0.00000e+00
 1.04517e-15
 7.58942e-16
-8.88504e-16
 1.74557e-16
 0.00000e+00
 0.00000e+00
 1.33140e-15
-1.72388e-16
-1.45825e-15
-2.94903e-16
 0.00000e+00
 0.00000e+00
 1.33140e-15
-1.72388e-16
-1.45825e-15
-2.94903e-16
 0.00000e+00
 0.00000e+00
 3.06593e-15
-2.34821e-15
-3.03359e-16
-3.12017e-16
 0.00000e+00
 0.00000e+00
 3.06593e-15
-2.34821e-15
-3.03359e-16
-3.12017e-16
 0.00000e+00
 0.00000e+00
 1.95032e-15
-1.74966e-15
-1.15213e-15
 7.07011e-16
 0.00000e+00
 0.00000e+00
 1.95032e-15
-1.74966e-15
-1.15213e-15
 7.07011e-16
 0.00000e+00
 0.00000e+00
 1.11989e-15
 4.75394e-17
-4.44392e-16
 1.69464e-15
 0.00000e+00
 0.00000e+00
 1.11989e-15
 4.75394e-17
-4.44392e-16
 1.69464e-15
 0.00000e+00
 0.00000e+00
 1.20730e-15
-1.34831e-15
 1.06060e-15
-3.27971e-16
 0.00000e+00
 0.00000e+00
 1.20730e-15
-1.34831e-15
 1.06060e-15
-3.27971e-16
 0.00000e+00
 0.00000e+00
 2.90573e-16
-2.98283e-16
 3.43827e-16
-6.76244e-16
 0.00000e+00
 0.00000e+00
 2.90573e-16
-2.98283e-16
 3.43827e-16
-6.76244e-16
 0.00000e+00
 0.00000e+00
 1.31003e-15
 1.92966e-15
-2.74562e-16
-9.74663e-16
 0.00000e+00
 0.00000e+00
 1.31003e-15
 1.92966e-15
-2.74562e-16
-9.74663e-16
 0.00000e+00
 0.00000e+00
 3.19869e-15
 5.73815e-15
 1.61136e-14
-2.31926e-14
 0.00000e+00
 0.00000e+00
 3.19869e-15
 5.73815e-15
 1.61136e-14
-2.31926e-14
 0.00000e+00
 0.00000e+00
 1.71914e-14
-5.22533e-15
 8.30889e-15
-7.01074e-15
 0.00000e+00
 0.00000e+00
 1.71914e-14
-5.22533e-15
 8.30889e-15
-7.01074e-15
 0.00000e+00
 0.00000e+00
 2.65866e-14
-1.58012e-14
-8.95113e-15
 2.09994e-14
 0.00000e+00
 0.00000e+00
 2.65866e-14
-1.58012e-14
-8.95113e-15
 2.09994e-14
 0.00000e+00
 0.00000e+00
 6.97757e-15
-5.04321e-15
-1.67016e-15
 8.46235e-15
 0.00000e+00
 0.00000e+00
 6.97757e-15
-5.04321e-15
-1.67016e-15
 8.46235e-15
 0.00000e+00
 0.00000e+00
 1.84023e-15
 9.99966e-15
 2.28392e-15
-1.76005e-15
 0.00000e+00
 0.00000e+00
 1.84023e-15
 9.99966e-15
 2.28392e-15
-1.76005e-15
 0.00000e+00
 0.00000e+00
-1.85383e-15
 7.32598e-15
-1.03348e-15
 1.96367e-15
 0.00000e+00
 0.00000e+00
-1.85383e-15
 7.32598e-15
-1.03348e-15
 1.96367e-15
 0.00000e+00
 0.00000e+00
 2.13195e-15
-3.73716e-16
-1.61975e-15
 1.51197e-15
 0.00000e+00
 0.00000e+00
 2.13195e-15
-3.73716e-16
-1.61975e-15
 1.51197e-15
 0.00000e+00
 0.00000e+00
 3.13073e-15
-4.38112e-15
-1.44851e-15
 5.99520e-15
 0.00000e+00
 0.00000e+00
 3.13073e-15
-4.38112e-15
-1.44851e-15
 5.99520e-15
 0.00000e+00
 0.00000e+00
-1.51143e-15
-2.26621e-15
 1.46213e-15
 6.03159e-15
 0.00000e+00
 0.00000e+00
-1.51143e-15
-2.26621e-15
 1.46213e-15
 6.03159e-15
 0.00000e+00
 0.00000e+00
-2.65630e-17
-4.40566e-15
 4.33301e-15
 2.67229e-15
 0.00000e+00
 0.00000e+00
-2.65630e-17
-4.40566e-15
 4.33301e-15
 2.67229e-15
 0.00000e+00
 0.00000e+00
 3.74917e-15
-3.11654e-15
 2.86690e-15
-9.65211e-16
 0.00000e+00
 0.00000e+00
 3.74917e-15
-3.11654e-15
 2.86690e-15
-9.65211e-16
 0.00000e+00
 0.00000e+00
 3.68737e-15
 3.40711e-16
 4.35334e-15
-7.22295e-15
 0.00000e+00
 0.00000e+00
 3.68737e-15
 3.40711e-16
 4.35334e-15
-7.22295e-15
 0.00000e+00
 0.00000e+00
 1.75587e-15
 2.47523e-15
 5.26543e-15
-5.69396e-15
 0.00000e+00
 0.00000e+00
 1.75587e-15
 2.47523e-15
 5.26543e-15
-5.69396e-15
 0.00000e+00
 0.00000e+00
-3.13172e-15
-1.80249e-15
 6.77410e-15
-4.97513e-15
 0.00000e+00
 0.00000e+00
-3.13172e-15
-1.80249e-15
 6.77410e-15
-4.97513e-15
 0.00000e+00
 0.00000e+00
-1.41868e-15
-2.15756e-15
 8.16296e-15
-7.16956e-15
 0.00000e+00
 0.00000e+00
-1.41868e-15
-2.15756e-15
 8.16296e-15
-7.16956e-15
 0.00000e+00
 0.00000e+00
-1.41705e-15
 1.89735e-18
 3.48137e-15
-2.48364e-15
 0.00000e+00
 0.00000e+00
-1.41705e-15
 1.89735e-18
 3.48137e-15
-2.48364e-15
 0.00000e+00
 0.00000e+00
-3.07480e-15
-9.47051e-16
 4.51570e-16
 1.10019e-15
 0.00000e+00
 0.00000e+00
-3.07480e-15
-9.47051e-16
 4.51570e-16
 1.10019e-15
 0.00000e+00
 0.00000e+00
-1.76084e-15
-1.76084e-15
-1.76084e-15
-1.76084e-15
 0.00000e+00
 0.00000e+00
-1.76084e-15
-1.76084e-15
-1.76084e-15
-1.76084e-15
 0.00000e+00
 0.00000e+00
 3.52167e-15
 3.52167e-15
 3.52167e-15
 3.52167e-15
 0.00000e+00
 0.00000e+00
 3.52167e-15
 3.52167e-15
 3.52167e-15
 3.52167e-15
 0.00000e+00
 0.00000e+00
-3.55428e-15
-3.55428e-15
-3.55428e-15
-3.55428e-15
 0.00000e+00
 0.00000e+00
-3.55428e-15
-3.55428e-15
-3.55428e-15
-3.55428e-15
 0.00000e+00
 0.00000e+00
 0.00000e+00
 0.00000e+00
 0.00000e+00
 0.00000e+00
 0.00000e+00
 0.00000e+00
 0.00000e+00
 0.00000e+00
 0.00000e+00
 0.00000e+00
 0.00000e+00
 0.00000e+00
 3.55428e-15
 3.55428e-15
 3.55428e-15
 3.55428e-15
 0.00000e+00
 0.00000e+00
 3.55428e-15
 3.55428e-15
 3.55428e-15
 3.55428e-15
 0.00000e+00
 0.00000e+00
 0.00000e+00
 0.00000e+00
 0.00000e+00
 0.00000e+00
 0.00000e+00
 0.00000e+00
 0.00000e+00
 0.00000e+00
 0.00000e+00
 0.00000e+00
 0.00000e+00
 0.00000e+00
-3.55428e-15
-3.55428e-15
-3.55428e-15
-3.55428e-15
 0.00000e+00
 0.00000e+00
-3.55428e-15
-3.55428e-15
-3.55428e-15
-3.55428e-15
 0.00000e+00
 0.00000e+00
 0.00000e+00
 0.00000e+00
 0.00000e+00
 0.00000e+00
 0.00000e+00
 0.00000e+00
 0.00000e+00
 0.00000e+00
 0.00000e+00
 0.00000e+00
 0.00000e+00
 0.00000e+00
 3.55428e-15
 3.55428e-15
 3.55428e-15
 3.55428e-15
 0.00000e+00
 0.00000e+00
 3.55428e-15
 3.55428e-15
 3.55428e-15
 3.55428e-15
 0.00000e+00
 0.00000e+00
 0.00000e+00
 0.00000e+00
 0.00000e+00
 0.00000e+00
 0.00000e+00
 0.00000e+00
 0.00000e+00
 0.00000e+00
 0.00000e+00
 0.00000e+00
 0.00000e+00
 0.00000e+00
-3.55428e-15
-3.55428e-15
-3.55428e-15
-3.55428e-15
 0.00000e+00
 0.00000e+00
-3.55428e-15
-3.55428e-15
-3.55428e-15
-3.55428e-15
 0.00000e+00
 0.00000e+00
 0.00000e+00
 0.00000e+00
 0.00000e+00
 0.00000e+00
 0.00000e+00
 0.00000e+00
 0.00000e+00
 0.00000e+00
 0.00000e+00
 0.00000e+00
 0.00000e+00
 0.00000e+00
 3.55428e-15
 3.55428e-15
 3.55428e-15
 3.55428e-15
 0.00000e+00
 0.00000e+00
 3.55428e-15
 3.55428e-15
 3.55428e-15
 3.55428e-15
 0.00000e+00
 0.00000e+00
-1.76084e-15
-1.76084e-15
-1.76084e-15
-1.76084e-15
 0.00000e+00
 0.00000e+00
-1.76084e-15
-1.76084e-15
-1.76084e-15
-1.76084e-15
 0.00000e+00
 0.00000e+00
 0.00000e+00
 0.00000e+00
 0.00000e+00
 0.00000e+00
 0.00000e+00
 0.00000e+00
 0.00000e+00
 0.00000e+00
 0.00000e+00
 0.00000e+00
 0.00000e+00
 0.00000e+00
 0.00000e+00
 0.00000e+00
 0.00000e+00
 0.00000e+00
 0.00000e+00
 0.00000e+00
 0.00000e+00
 0.00000e+00
 0.00000e+00
 0.00000e+00
 0.00000e+00
 0.00000e+00
 0.00000e+00
 0.00000e+00
 0.00000e+00
 0.00000e+00
 0.00000e+00
 0.00000e+00
 0.00000e+00
 0.00000e+00
 0.00000e+00
 0.00000e+00
 0.00000e+00
 0.00000e+00
 0.00000e+00
 0.00000e+00
 0.00000e+00
 0.00000e+00
 0.00000e+00
 0.00000e+00
 0.00000e+00
 0.00000e+00
 0.00000e+00
 0.00000e+00
 0.00000e+00
 0.00000e+00
 0.00000e+00
 0.00000e+00
 0.00000e+00
 0.00000e+00
 0.00000e+00
 0.00000e+00
 0.00000e+00
 0.00000e+00
 0.00000e+00
 0.00000e+00
 0.00000e+00
 0.00000e+00
 0.00000e+00
 0.00000e+00
 0.00000e+00
 0.00000e+00
 0.00000e+00
 0.00000e+00
 0.00000e+00
 0.00000e+00
 0.00000e+00
 0.00000e+00
 0.00000e+00
 0.00000e+00
 0.00000e+00
 0.00000e+00
 0.00000e+00
 0.00000e+00
 0.00000e+00
 0.00000e+00
 0.00000e+00
 0.00000e+00
 0.00000e+00
 0.00000e+00
 0.00000e+00
 0.00000e+00
 0.00000e+00
 0.00000e+00
 0.00000e+00
 0.00000e+00
 0.00000e+00
 0.00000e+00
 0.00000e+00
 0.00000e+00
 0.00000e+00
 0.00000e+00
 0.00000e+00
 0.00000e+00
 0.00000e+00
 0.00000e+00
 0.00000e+00
 0.00000e+00
 0.00000e+00
 0.00000e+00
 0.00000e+00
 0.00000e+00
 0.00000e+00
 0.00000e+00
 0.00000e+00
 0.00000e+00
 0.00000e+00
 0.00000e+00
 0.00000e+00
 0.00000e+00
 0.00000e+00
 0.00000e+00
 0.00000e+00
 0.00000e+00
 0.00000e+00
 0.00000e+00
 0.00000e+00
 0.00000e+00
 0.00000e+00
 0.00000e+00
 0.00000e+00
 0.00000e+00
 0.00000e+00
 0.00000e+00
 0.00000e+00
 0.00000e+00
 0.00000e+00
 0.00000e+00
 0.00000e+00
 0.00000e+00
-1.76084e-15
-1.76084e-15
-1.76084e-15
-1.76084e-15
 0.00000e+00
 0.00000e+00
-1.76084e-15
-1.76084e-15
-1.76084e-15
-1.76084e-15
 0.00000e+00
 0.00000e+00
 3.52167e-15
 3.52167e-15
 3.52167e-15
 3.52167e-15
 0.00000e+00
 0.00000e+00
 3.52167e-15
 3.52167e-15
 3.52167e-15
 3.52167e-15
 0.00000e+00
 0.00000e+00
-3.55428e-15
-3.55428e-15
-3.55428e-15
-3.55428e-15
 0.00000e+00
 0.00000e+00
-3.55428e-15
-3.55428e-15
-3.55428e-15
-3.55428e-15
 0.00000e+00
 0.00000e+00
 0.00000e+00
 0.00000e+00
 0.00000e+00
 0.00000e+00
 0.00000e+00
 0.00000e+00
 0.00000e+00
 0.00000e+00
 0.00000e+00
 0.00000e+00
 0.00000e+00
 0.00000e+00
 3.55428e-15
 3.55428e-15
 3.55428e-15
 3.55428e-15
 0.00000e+00
 0.00000e+00
 3.55428e-15
 3.55428e-15
 3.55428e-15
 3.55428e-15
 0.00000e+00
 0.00000e+00
 0.00000e+00
 0.00000e+00
 0.00000e+00
 0.00000e+00
 0.00000e+00
 0.00000e+00
 0.00000e+00
 0.00000e+00
 0.00000e+00
 0.00000e+00
 0.00000e+00
 0.00000e+00
-3.55428e-15
-3.55428e-15
-3.55428e-15
-3.55428e-15
 0.00000e+00
 0.00000e+00
-3.55428e-15
-3.55428e-15
-3.55428e-15
-3.55428e-15
 0.00000e+00
 0.00000e+00
 3.58689e-15
 3.58689e-15
 3.58689e-15
 3.58689e-15
 0.00000e+00
 0.00000e+00
 3.58689e-15
 3.58689e-15
 3.58689e-15
 3.58689e-15
 0.00000e+00
 0.00000e+00
 0.00000e+00
 0.00000e+00
 0.00000e+00
 0.00000e+00
 0.00000e+00
 0.00000e+00
 0.00000e+00
 0.00000e+00
 0.00000e+00
 0.00000e+00
 0.00000e+00
 0.00000e+00
 0.00000e+00
 0.00000e+00
 0.00000e+00
 0.00000e+00
 0.00000e+00
 0.00000e+00
 0.00000e+00
 0.00000e+00
 0.00000e+00
 0.00000e+00
 0.00000e+00
 0.00000e+00
 0.00000e+00
 0.00000e+00
 0.00000e+00
 0.00000e+00
 0.00000e+00
 0.00000e+00
 0.00000e+00
 0.00000e+00
 0.00000e+00
 0.00000e+00
 0.00000e+00
 0.00000e+00
 0.00000e+00
 0.00000e+00
 0.00000e+00
 0.00000e+00
 0.00000e+00
 0.00000e+00
 0.00000e+00
 0.00000e+00
 0.00000e+00
 0.00000e+00
 0.00000e+00
 0.00000e+00
 0.00000e+00
 0.00000e+00
 0.00000e+00
 0.00000e+00
 0.00000e+00
 0.00000e+00
 0.00000e+00
 0.00000e+00
 0.00000e+00
 0.00000e+00
 0.00000e+00
 0.00000e+00
 0.00000e+00
 0.00000e+00
 0.00000e+00
 0.00000e+00
 0.00000e+00
 0.00000e+00
 0.00000e+00
 0.00000e+00
 0.00000e+00
 0.00000e+00
 0.00000e+00
 0.00000e+00
 0.00000e+00
 0.00000e+00
 0.00000e+00
 0.00000e+00
 0.00000e+00
 0.00000e+00
 0.00000e+00
 0.00000e+00
 0.00000e+00
 0.00000e+00
 0.00000e+00
 0.00000e+00
 0.00000e+00
 0.00000e+00
 0.00000e+00
 0.00000e+00
 0.00000e+00
 0.00000e+00
 0.00000e+00
 0.00000e+00
 0.00000e+00
 0.00000e+00
 0.00000e+00
 0.00000e+00
 0.00000e+00
 0.00000e+00
 0.00000e+00
 0.00000e+00
 0.00000e+00
 0.00000e+00
 0.00000e+00
 0.00000e+00
 0.00000e+00
 0.00000e+00
 0.00000e+00
 0.00000e+00
 0.00000e+00
 0.00000e+00
 0.00000e+00
 0.00000e+00
 0.00000e+00
 0.00000e+00
 0.00000e+00
 0.00000e+00
 0.00000e+00
 0.00000e+00
 0.00000e+00
 0.00000e+00
 0.00000e+00
 0.00000e+00
 0.00000e+00
 0.00000e+00
 0.00000e+00
 0.00000e+00
 0.00000e+00
 0.00000e+00
 0.00000e+00
 0.00000e+00
 0.00000e+00
 0.00000e+00
 0.00000e+00
 0.00000e+00
 0.00000e+00
 0.00000e+00
 0.00000e+00
 0.00000e+00
 0.00000e+00
 0.00000e+00
 0.00000e+00
 0.00000e+00
 0.00000e+00
 0.00000e+00
 0.00000e+00
 0.00000e+00
 0.00000e+00
 0.00000e+00
 0.00000e+00
 0.00000e+00
 0.00000e+00
 0.00000e+00
 0.00000e+00
 0.00000e+00
 0.00000e+00
 0.00000e+00
 0.00000e+00
 0.00000e+00
 0.00000e+00
 0.00000e+00
 0.00000e+00
 0.00000e+00
 0.00000e+00
 0.00000e+00
 0.00000e+00
 0.00000e+00
 0.00000e+00
 0.00000e+00
 0.00000e+00
 0.00000e+00
 0.00000e+00
 0.00000e+00
 0.00000e+00
 0.00000e+00
 0.00000e+00
 0.00000e+00
 0.00000e+00
 0.00000e+00
 0.00000e+00
 0.00000e+00
 0.00000e+00
 0.00000e+00
 0.00000e+00
 0.00000e+00
 0.00000e+00
 0.00000e+00
 0.00000e+00
 0.00000e+00
 0.00000e+00
 0.00000e+00
 0.00000e+00
 0.00000e+00
 0.00000e+00
 0.00000e+00
 0.00000e+00
 0.00000e+00
 0.00000e+00
 0.00000e+00
 0.00000e+00
 0.00000e+00
 0.00000e+00
 0.00000e+00
 0.00000e+00
 0.00000e+00
 0.00000e+00
 0.00000e+00
 0.00000e+00
 0.00000e+00
 0.00000e+00
 0.00000e+00
 0.00000e+00
 0.00000e+00
 0.00000e+00
 0.00000e+00
 0.00000e+00
 0.00000e+00
 0.00000e+00
 0.00000e+00
 0.00000e+00
 0.00000e+00
 0.00000e+00
 0.00000e+00
 0.00000e+00
 0.00000e+00
 0.00000e+00
 0.00000e+00
 0.00000e+00
 0.00000e+00
 0.00000e+00
 0.00000e+00
 0.00000e+00
 0.00000e+00
 0.00000e+00
 0.00000e+00
 0.00000e+00
 0.00000e+00
 0.00000e+00
 0.00000e+00
 0.00000e+00
 0.00000e+00
 0.00000e+00
 0.00000e+00
 0.00000e+00
 0.00000e+00
 0.00000e+00
 0.00000e+00
 0.00000e+00
 0.00000e+00
 0.00000e+00
 0.00000e+00
 0.00000e+00
 0.00000e+00
 0.00000e+00
 0.00000e+00
 0.00000e+00
 0.00000e+00
 0.00000e+00
 0.00000e+00
 0.00000e+00
 0.00000e+00
 0.00000e+00
 0.00000e+00
 0.00000e+00
 0.00000e+00
 0.00000e+00
 0.00000e+00
 0.00000e+00
 0.00000e+00
 0.00000e+00
 0.00000e+00
 0.00000e+00
 0.00000e+00
 0.00000e+00
 0.00000e+00
 0.00000e+00
 0.00000e+00
 0.00000e+00
 0.00000e+00
 0.00000e+00
 0.00000e+00
 0.00000e+00
 0.00000e+00
 0.00000e+00
 0.00000e+00
 0.00000e+00
 0.00000e+00
 0.00000e+00
 0.00000e+00
 0.00000e+00
 0.00000e+00
 0.00000e+00
 0.00000e+00
 0.00000e+00
 0.00000e+00
 0.00000e+00
 0.00000e+00
 0.00000e+00
 0.00000e+00
 0.00000e+00
 0.00000e+00
 0.00000e+00
 0.00000e+00
 0.00000e+00
 0.00000e+00
 0.00000e+00
 0.00000e+00
 0.00000e+00
 0.00000e+00
 0.00000e+00
 0.00000e+00
 0.00000e+00
 0.00000e+00
 0.00000e+00
 0.00000e+00
 0.00000e+00
 0.00000e+00
 0.00000e+00
 0.00000e+00
 0.00000e+00
 0.00000e+00
 0.00000e+00
 0.00000e+00
 0.00000e+00
 0.00000e+00
 0.00000e+00
 0.00000e+00
 0.00000e+00
 0.00000e+00
 0.00000e+00
 0.00000e+00
 0.00000e+00
 0.00000e+00
 0.00000e+00
 0.00000e+00
 0.00000e+00
 0.00000e+00
 0.00000e+00
 0.00000e+00
 0.00000e+00
 0.00000e+00
 0.00000e+00
 0.00000e+00
 0.00000e+00
 0.00000e+00
 0.00000e+00
 0.00000e+00
 0.00000e+00
 0.00000e+00
 0.00000e+00
 0.00000e+00
 0.00000e+00
 0.00000e+00
 0.00000e+00
 0.00000e+00
 0.00000e+00
 0.00000e+00
 0.00000e+00
 0.00000e+00
 0.00000e+00
 0.00000e+00
 0.00000e+00
 0.00000e+00
 0.00000e+00
 0.00000e+00
 0.00000e+00
 0.00000e+00
 0.00000e+00
 0.00000e+00
 0.00000e+00
 0.00000e+00
 0.00000e+00
 0.00000e+00
 0.00000e+00
 0.00000e+00
 0.00000e+00
 0.00000e+00
 0.00000e+00
 0.00000e+00
 0.00000e+00
 0.00000e+00
 0.00000e+00
 0.00000e+00
 0.00000e+00
 0.00000e+00
 0.00000e+00
 0.00000e+00
 0.00000e+00
 0.00000e+00
 0.00000e+00
 0.00000e+00
 0.00000e+00
 0.00000e+00
 0.00000e+00
 0.00000e+00
 0.00000e+00
 0.00000e+00
 0.00000e+00
 0.00000e+00
 0.00000e+00
 0.00000e+00
 0.00000e+00
 0.00000e+00
 0.00000e+00
 0.00000e+00
 0.00000e+00
 0.00000e+00
 0.00000e+00
 0.00000e+00
 0.00000e+00
 0.00000e+00
 0.00000e+00
 0.00000e+00
 0.00000e+00
 0.00000e+00
 0.00000e+00
 0.00000e+00
 0.00000e+00
 0.00000e+00
 0.00000e+00
 0.00000e+00
 0.00000e+00
 0.00000e+00
 0.00000e+00
 0.00000e+00
 0.00000e+00
 0.00000e+00
 0.00000e+00
 0.00000e+00
 0.00000e+00
 0.00000e+00
 0.00000e+00
 0.00000e+00
 0.00000e+00
 0.00000e+00
 0.00000e+00
 0.00000e+00
 0.00000e+00
 0.00000e+00
 0.00000e+00
 0.00000e+00
 0.00000e+00
 0.00000e+00
 0.00000e+00
 0.00000e+00
 0.00000e+00
 0.00000e+00
 0.00000e+00
 0.00000e+00
 0.00000e+00
 0.00000e+00
 0.00000e+00
 0.00000e+00
 0.00000e+00
 0.00000e+00
 0.00000e+00
 0.00000e+00
 0.00000e+00
 0.00000e+00
 0.00000e+00
 0.00000e+00
 0.00000e+00
 0.00000e+00
 0.00000e+00
 0.00000e+00
 0.00000e+00
 0.00000e+00
 0.00000e+00
 0.00000e+00
 0.00000e+00
 0.00000e+00
 0.00000e+00
 0.00000e+00
 0.00000e+00
 0.00000e+00
 0.00000e+00
 0.00000e+00
 0.00000e+00
 0.00000e+00
 0.00000e+00
 0.00000e+00
 0.00000e+00
 0.00000e+00
 0.00000e+00
 0.00000e+00
 0.00000e+00
 0.00000e+00
 0.00000e+00
 0.00000e+00
 0.00000e+00
 0.00000e+00
 0.00000e+00
 0.00000e+00
 0.00000e+00
 0.00000e+00
 0.00000e+00
 0.00000e+00
 0.00000e+00
 0.00000e+00
 0.00000e+00
 0.00000e+00
 0.00000e+00
 0.00000e+00
 0.00000e+00
 0.00000e+00
 0.00000e+00
 0.00000e+00
 0.00000e+00
 0.00000e+00
 0.00000e+00
 0.00000e+00
 0.00000e+00
 0.00000e+00
 0.00000e+00
 0.00000e+00
 0.00000e+00
 0.00000e+00
 0.00000e+00
 0.00000e+00
 0.00000e+00
 0.00000e+00
 0.00000e+00
 0.00000e+00
 0.00000e+00
 0.00000e+00
 0.00000e+00
 0.00000e+00
 0.00000e+00
 0.00000e+00
 0.00000e+00
 0.00000e+00
 0.00000e+00
 0.00000e+00
 0.00000e+00
 0.00000e+00
 0.00000e+00
 0.00000e+00
 0.00000e+00
 0.00000e+00
 0.00000e+00
 0.00000e+00
 0.00000e+00
 0.00000e+00
 0.00000e+00
 0.00000e+00
 0.00000e+00
 0.00000e+00
 0.00000e+00
 0.00000e+00
 0.00000e+00
 0.00000e+00
 0.00000e+00
 0.00000e+00
 0.00000e+00
 0.00000e+00
 0.00000e+00
 0.00000e+00
 0.00000e+00
 0.00000e+00
 0.00000e+00
 0.00000e+00
 0.00000e+00
 0.00000e+00
 0.00000e+00
 0.00000e+00
 0.00000e+00
 0.00000e+00
 0.00000e+00
 0.00000e+00
 0.00000e+00
 0.00000e+00
 0.00000e+00
 0.00000e+00
 0.00000e+00
 0.00000e+00
 0.00000e+00
 0.00000e+00
 0.00000e+00
 0.00000e+00
 0.00000e+00
 0.00000e+00
 0.00000e+00
 0.00000e+00
 0.00000e+00
 0.00000e+00
 0.00000e+00
 0.00000e+00
 0.00000e+00
 0.00000e+00
 0.00000e+00
 0.00000e+00
 0.00000e+00
 0.00000e+00
 0.00000e+00
 0.00000e+00
 0.00000e+00
 0.00000e+00
 0.00000e+00
 0.00000e+00
 0.00000e+00
 0.00000e+00
 0.00000e+00
 0.00000e+00
 0.00000e+00
 0.00000e+00
 0.00000e+00
 0.00000e+00
 0.00000e+00
 0.00000e+00
 0.00000e+00
 0.00000e+00
 0.00000e+00
 0.00000e+00
 0.00000e+00
 0.00000e+00
 0.00000e+00
 0.00000e+00
 0.00000e+00
 0.00000e+00
 0.00000e+00
 0.00000e+00
 0.00000e+00
 0.00000e+00
 0.00000e+00
 0.00000e+00
 0.00000e+00
 0.00000e+00
 0.00000e+00
 0.00000e+00
 0.00000e+00
 0.00000e+00
 0.00000e+00
 0.00000e+00
 0.00000e+00
 0.00000e+00
 0.00000e+00
 0.00000e+00
 0.00000e+00
 0.00000e+00
 0.00000e+00
 0.00000e+00
 0.00000e+00
 0.00000e+00
 0.00000e+00
 0.00000e+00
 0.00000e+00
 0.00000e+00
 0.00000e+00
 0.00000e+00
 0.00000e+00
 0.00000e+00
 0.00000e+00
 0.00000e+00
 0.00000e+00
 0.00000e+00
 0.00000e+00
 0.00000e+00
 0.00000e+00
 0.00000e+00
 0.00000e+00
 0.00000e+00
 0.00000e+00
 0.00000e+00
 0.00000e+00
 0.00000e+00
 0.00000e+00
 0.00000e+00
 0.00000e+00
 0.00000e+00
 0.00000e+00
 0.00000e+00
 0.00000e+00
 0.00000e+00
 0.00000e+00
 0.00000e+00
 0.00000e+00
 0.00000e+00
 0.00000e+00
 0.00000e+00
 0.00000e+00
 0.00000e+00
 0.00000e+00
 0.00000e+00
 0.00000e+00
 0.00000e+00
 0.00000e+00
 0.00000e+00
 0.00000e+00
 0.00000e+00
 0.00000e+00
 0.00000e+00
 0.00000e+00
 0.00000e+00
 0.00000e+00
 0.00000e+00
 0.00000e+00
 0.00000e+00
 0.00000e+00
 0.00000e+00
 0.00000e+00
 0.00000e+00
 0.00000e+00
 0.00000e+00
 0.00000e+00
 0.00000e+00
 0.00000e+00
 0.00000e+00
 0.00000e+00
 0.00000e+00
 0.00000e+00
 0.00000e+00
 0.00000e+00
 0.00000e+00
 0.00000e+00
 0.00000e+00
 0.00000e+00
 0.00000e+00
 0.00000e+00
 0.00000e+00
 0.00000e+00
 0.00000e+00
 0.00000e+00
 0.00000e+00
 0.00000e+00
 0.00000e+00
 0.00000e+00
 0.00000e+00
 0.00000e+00
 0.00000e+00
 0.00000e+00
 0.00000e+00
 0.00000e+00
 0.00000e+00
 0.00000e+00
 0.00000e+00
 0.00000e+00
 0.00000e+00
 0.00000e+00
 0.00000e+00
 0.00000e+00
 0.00000e+00
 0.00000e+00
 0.00000e+00
 0.00000e+00
 0.00000e+00
 0.00000e+00
 0.00000e+00
 0.00000e+00
 0.00000e+00
 0.00000e+00
 0.00000e+00
 0.00000e+00
 0.00000e+00
 0.00000e+00
 0.00000e+00
 0.00000e+00
 0.00000e+00
 0.00000e+00
 0.00000e+00
 0.00000e+00
 0.00000e+00
 0.00000e+00
 0.00000e+00
 0.00000e+00
 0.00000e+00
 0.00000e+00
 0.00000e+00
 0.00000e+00
 0.00000e+00
 0.00000e+00
 0.00000e+00
 0.00000e+00
 0.00000e+00
 0.00000e+00
 0.00000e+00
 0.00000e+00
 0.00000e+00
 0.00000e+00
 0.00000e+00
 0.00000e+00
 0.00000e+00
 0.00000e+00
 0.00000e+00
 0.00000e+00
 0.00000e+00
 0.00000e+00
 0.00000e+00
 0.00000e+00
 0.00000e+00
 0.00000e+00
 0.00000e+00
 0.00000e+00
 0.00000e+00
 0.00000e+00
 0.00000e+00
 0.00000e+00
 0.00000e+00
 0.00000e+00
 0.00000e+00
 0.00000e+00
 0.00000e+00
 0.00000e+00
 0.00000e+00
 0.00000e+00
 0.00000e+00
 0.00000e+00
 0.00000e+00
 0.00000e+00
 0.00000e+00
 0.00000e+00
 0.00000e+00
 0.00000e+00
 0.00000e+00
 0.00000e+00
 0.00000e+00
 0.00000e+00
 0.00000e+00
 0.00000e+00
 0.00000e+00
 0.00000e+00
 0.00000e+00
 0.00000e+00
 0.00000e+00
 0.00000e+00
 0.00000e+00
 0.00000e+00
 0.00000e+00
 0.00000e+00
 0.00000e+00
 0.00000e+00
 0.00000e+00
 0.00000e+00
 0.00000e+00
 0.00000e+00
 0.00000e+00
 0.00000e+00
 0.00000e+00
 0.00000e+00
 0.00000e+00
 0.00000e+00
 0.00000e+00
 0.00000e+00
 0.00000e+00
 0.00000e+00
 0.00000e+00
 0.00000e+00
 0.00000e+00
 0.00000e+00
 0.00000e+00
 0.00000e+00
 0.00000e+00
 0.00000e+00
 0.00000e+00
 0.00000e+00
 0.00000e+00
 0.00000e+00
 0.00000e+00
 0.00000e+00
 0.00000e+00
 0.00000e+00
 0.00000e+00
 0.00000e+00
 0.00000e+00
 0.00000e+00
 0.00000e+00
 0.00000e+00
 0.00000e+00
 0.00000e+00
 0.00000e+00
 0.00000e+00
 0.00000e+00
 0.00000e+00
 0.00000e+00
 0.00000e+00
 0.00000e+00
 0.00000e+00
 0.00000e+00
 0.00000e+00
 0.00000e+00
 0.00000e+00
 0.00000e+00
 0.00000e+00
 0.00000e+00
 0.00000e+00
 0.00000e+00
 0.00000e+00
 0.00000e+00
 0.00000e+00
 0.00000e+00
 0.00000e+00
 0.00000e+00
 0.00000e+00
 0.00000e+00
 0.00000e+00
 0.00000e+00
 0.00000e+00
 0.00000e+00
 0.00000e+00
 0.00000e+00
 0.00000e+00
 0.00000e+00
 0.00000e+00
 0.00000e+00
 0.00000e+00
 0.00000e+00
 0.00000e+00
 0.00000e+00
 0.00000e+00
 0.00000e+00
 0.00000e+00
 0.00000e+00
 0.00000e+00
 0.00000e+00
 0.00000e+00
 0.00000e+00
 0.00000e+00
 0.00000e+00
 0.00000e+00
 0.00000e+00
 0.00000e+00
 0.00000e+00
 0.00000e+00
 0.00000e+00
 0.00000e+00
 0.00000e+00
 0.00000e+00
 0.00000e+00
 0.00000e+00
 0.00000e+00
 0.00000e+00
 0.00000e+00
 0.00000e+00
 0.00000e+00
 0.00000e+00
 0.00000e+00
 0.00000e+00
 0.00000e+00
 0.00000e+00
 0.00000e+00
 0.00000e+00
 0.00000e+00
 0.00000e+00
 0.00000e+00
 0.00000e+00
 0.00000e+00
 0.00000e+00
 0.00000e+00
 0.00000e+00
 0.00000e+00
 0.00000e+00
 0.00000e+00
 0.00000e+00
 0.00000e+00
 0.00000e+00
 0.00000e+00
 0.00000e+00
 0.00000e+00
 0.00000e+00
 0.00000e+00
 0.00000e+00
 0.00000e+00
 0.00000e+00
 0.00000e+00
 0.00000e+00
 0.00000e+00
 0.00000e+00
 0.00000e+00
 0.00000e+00
 0.00000e+00
 0.00000e+00
 0.00000e+00
 0.00000e+00
 0.00000e+00
 0.00000e+00
 0.00000e+00
 0.00000e+00
 0.00000e+00
 0.00000e+00
 0.00000e+00
 0.00000e+00
 0.00000e+00
 0.00000e+00
 0.00000e+00
 0.00000e+00
 0.00000e+00
 0.00000e+00
 0.00000e+00
 0.00000e+00
 0.00000e+00
 0.00000e+00
 0.00000e+00
 0.00000e+00
 0.00000e+00
 0.00000e+00
 0.00000e+00
 0.00000e+00
 0.00000e+00
 0.00000e+00
 0.00000e+00
 0.00000e+00
 0.00000e+00
 0.00000e+00
 0.00000e+00
 0.00000e+00
 0.00000e+00
 0.00000e+00
 0.00000e+00
 0.00000e+00
 0.00000e+00
 0.00000e+00
 0.00000e+00
 0.00000e+00
 0.00000e+00
 0.00000e+00
 0.00000e+00
 0.00000e+00
 0.00000e+00
 0.00000e+00
 0.00000e+00
 0.00000e+00
 0.00000e+00
 0.00000e+00
 0.00000e+00
 0.00000e+00
 0.00000e+00
 0.00000e+00
 0.00000e+00
 0.00000e+00
 0.00000e+00
 0.00000e+00
 0.00000e+00
 0.00000e+00
 0.00000e+00
 0.00000e+00
 0.00000e+00
 0.00000e+00
 0.00000e+00
 0.00000e+00
 0.00000e+00
 0.00000e+00
 0.00000e+00
 0.00000e+00
 0.00000e+00
 0.00000e+00
 0.00000e+00
 0.00000e+00
 0.00000e+00
 0.00000e+00
 0.00000e+00
 0.00000e+00
 0.00000e+00
 0.00000e+00
 0.00000e+00
 0.00000e+00
 0.00000e+00
 0.00000e+00
 0.00000e+00
 0.00000e+00
 0.00000e+00
 0.00000e+00
 0.00000e+00
 0.00000e+00
 0.00000e+00
 0.00000e+00
 0.00000e+00
 0.00000e+00
 0.00000e+00
 0.00000e+00
 0.00000e+00
 0.00000e+00
 0.00000e+00
 0.00000e+00
 0.00000e+00
 0.00000e+00
 0.00000e+00
 0.00000e+00
 0.00000e+00
 0.00000e+00
 0.00000e+00
 0.00000e+00
 0.00000e+00
 0.00000e+00
 0.00000e+00
 0.00000e+00
 0.00000e+00
 0.00000e+00
 0.00000e+00
 0.00000e+00
 0.00000e+00
 0.00000e+00
 0.00000e+00
 0.00000e+00
 0.00000e+00
 0.00000e+00
 0.00000e+00
 0.00000e+00
 0.00000e+00
 0.00000e+00
 0.00000e+00
 0.00000e+00
 0.00000e+00
 0.00000e+00
 0.00000e+00
 0.00000e+00
 0.00000e+00
 0.00000e+00
 0.00000e+00
 0.00000e+00
 0.00000e+00
 0.00000e+00
 0.00000e+00
 0.00000e+00
 0.00000e+00
 0.00000e+00
 0.00000e+00
 0.00000e+00
 0.00000e+00
 0.00000e+00
 0.00000e+00
 0.00000e+00
 0.00000e+00
 0.00000e+00
 0.00000e+00
 0.00000e+00
 0.00000e+00
 0.00000e+00
 0.00000e+00
 0.00000e+00
 0.00000e+00
 0.00000e+00
 0.00000e+00
 0.00000e+00
 0.00000e+00
 0.00000e+00
 0.00000e+00
 0.00000e+00
 0.00000e+00
 0.00000e+00
 0.00000e+00
 0.00000e+00
 0.00000e+00
 0.00000e+00
 0.00000e+00
 0.00000e+00
 0.00000e+00
 0.00000e+00
 0.00000e+00
 0.00000e+00
 0.00000e+00
 0.00000e+00
 0.00000e+00
 0.00000e+00
 0.00000e+00
 0.00000e+00
 0.00000e+00
 0.00000e+00
 0.00000e+00
 0.00000e+00
 0.00000e+00
 0.00000e+00
 0.00000e+00
 0.00000e+00
 0.00000e+00
 0.00000e+00
 0.00000e+00
 0.00000e+00
 0.00000e+00
 0.00000e+00
 0.00000e+00
 0.00000e+00
 0.00000e+00
 0.00000e+00
 0.00000e+00
 0.00000e+00
 0.00000e+00
 0.00000e+00
 0.00000e+00
 0.00000e+00
 0.00000e+00
 0.00000e+00
 0.00000e+00
 0.00000e+00
 0.00000e+00
 0.00000e+00
 0.00000e+00
 0.00000e+00
 0.00000e+00
 0.00000e+00
 0.00000e+00
 0.00000e+00
 0.00000e+00
 0.00000e+00
 0.00000e+00
 0.00000e+00
 0.00000e+00
 0.00000e+00
 0.00000e+00
 0.00000e+00
 0.00000e+00
 0.00000e+00
 0.00000e+00
 0.00000e+00
 0.00000e+00
 0.00000e+00
 0.00000e+00
 0.00000e+00
 0.00000e+00
 0.00000e+00
 0.00000e+00
 0.00000e+00
 0.00000e+00
 0.00000e+00
 0.00000e+00
 0.00000e+00
 0.00000e+00
 0.00000e+00
 0.00000e+00
 0.00000e+00
 0.00000e+00
 0.00000e+00
 0.00000e+00
 0.00000e+00
 0.00000e+00
 0.00000e+00
 0.00000e+00
 0.00000e+00
 0.00000e+00
 1.30432e-16
 3.91297e-16
-5.21729e-16
 0.00000e+00
 0.00000e+00
 0.00000e+00
 1.30432e-16
 3.91297e-16
-5.21729e-16
 0.00000e+00
 0.00000e+00
 0.00000e+00
 1.30432e-16
 3.91297e-16
-5.21729e-16
 0.00000e+00
 0.00000e+00
 0.00000e+00
 1.30432e-16
 3.91297e-16
-5.21729e-16
 0.00000e+00
 0.00000e+00
 0.00000e+00
 1.30432e-16
 3.91297e-16
-5.21729e-16
 0.00000e+00
 0.00000e+00
 0.00000e+00
 1.30432e-16
 3.91297e-16
-5.21729e-16
 0.00000e+00
 0.00000e+00
 0.00000e+00
 1.30432e-16
 3.91297e-16
-5.21729e-16
 0.00000e+00
 0.00000e+00
 0.00000e+00
 1.30432e-16
 3.91297e-16
-5.21729e-16
 0.00000e+00
 0.00000e+00
 0.00000e+00
 1.30432e-16
 3.91297e-16
-5.21729e-16
 0.00000e+00
 0.00000e+00
 0.00000e+00
 1.30432e-16
 3.91297e-16
-5.21729e-16
 0.00000e+00
 0.00000e+00
 0.00000e+00
 1.30432e-16
 3.91297e-16
-5.21729e-16
 0.00000e+00
 0.00000e+00
 0.00000e+00
 1.30432e-16
 3.91297e-16
-5.21729e-16
 0.00000e+00
 0.00000e+00
 0.00000e+00
 1.30432e-16
 3.91297e-16
-5.21729e-16
 0.00000e+00
 0.00000e+00
 0.00000e+00
 1.30432e-16
 3.91297e-16
-5.21729e-16
 0.00000e+00
 0.00000e+00
 0.00000e+00
 1.30432e-16
 3.91297e-16
-5.21729e-16
 0.00000e+00
 0.00000e+00
 0.00000e+00
 1.30432e-16
 3.91297e-16
-5.21729e-16
 0.00000e+00
 0.00000e+00
 0.00000e+00
 1.30432e-16
 3.91297e-16
-5.21729e-16
 0.00000e+00
 0.00000e+00
 0.00000e+00
 1.30432e-16
 3.91297e-16
-5.21729e-16
 0.00000e+00
 0.00000e+00
 0.00000e+00
 1.30432e-16
 3.91297e-16
-5.21729e-16
 0.00000e+00
 0.00000e+00
 0.00000e+00
 1.30432e-16
 3.91297e-16
-5.21729e-16
 0.00000e+00
 0.00000e+00
 0.00000e+00
 1.30432e-16
 3.91297e-16
-5.21729e-16
 0.00000e+00
 0.00000e+00
 0.00000e+00
 1.30432e-16
 3.91297e-16
-5.21729e-16
 0.00000e+00
 0.00000e+00
 0.00000e+00
 1.30432e-16
 3.91297e-16
-5.21729e-16
 0.00000e+00
 0.00000e+00
 0.00000e+00
 1.30432e-16
 3.91297e-16
-5.21729e-16
 0.00000e+00
 0.00000e+00
 0.00000e+00
 1.30432e-16
 3.91297e-16
-5.21729e-16
 0.00000e+00
 0.00000e+00
 0.00000e+00
 1.30432e-16
 3.91297e-16
-5.21729e-16
 0.00000e+00
 0.00000e+00
 0.00000e+00
 1.30432e-16
 3.91297e-16
-5.21729e-16
 0.00000e+00
 0.00000e+00
 0.00000e+00
 1.30432e-16
 3.91297e-16
-5.21729e-16
 0.00000e+00
 0.00000e+00
 0.00000e+00
 1.30432e-16
 3.91297e-16
-5.21729e-16
 0.00000e+00
 0.00000e+00
 0.00000e+00
 1.30432e-16
 3.91297e-16
-5.21729e-16
 0.00000e+00
 0.00000e+00
 0.00000e+00
 1.30432e-16
 3.91297e-16
-5.21729e-16
 0.00000e+00
 0.00000e+00
 0.00000e+00
 1.30432e-16
 3.91297e-16
-5.21729e-16
 0.00000e+00
 0.00000e+00
 0.00000e+00
 1.30432e-16
 3.91297e-16
-5.21729e-16
 0.00000e+00
 0.00000e+00
 0.00000e+00
 1.30432e-16
 3.91297e-16
-5.21729e-16
 0.00000e+00
 0.00000e+00
 0.00000e+00
 1.30432e-16
 3.91297e-16
-5.21729e-16
 0.00000e+00
 0.00000e+00
 0.00000e+00
 1.30432e-16
 3.91297e-16
-5.21729e-16
 0.00000e+00
 0.00000e+00
 0.00000e+00
 1.30432e-16
 3.91297e-16
-5.21729e-16
 0.00000e+00
 0.00000e+00
 0.00000e+00
 1.30432e-16
 3.91297e-16
-5.21729e-16
 0.00000e+00
 0.00000e+00
 0.00000e+00
 1.30432e-16
 3.91297e-16
-5.21729e-16
 0.00000e+00
 0.00000e+00
 0.00000e+00
 1.30432e-16
 3.91297e-16
-5.21729e-16
 0.00000e+00
 0.00000e+00
 0.00000e+00
 1.30432e-16
 3.91297e-16
-5.21729e-16
 0.00000e+00
 0.00000e+00
 0.00000e+00
 1.30432e-16
 3.91297e-16
-5.21729e-16
 0.00000e+00
 0.00000e+00
 0.00000e+00
 1.30432e-16
 3.91297e-16
-5.21729e-16
 0.00000e+00
 0.00000e+00
 0.00000e+00
 1.30432e-16
 3.91297e-16
-5.21729e-16
 0.00000e+00
 0.00000e+00
 0.00000e+00
 1.30432e-16
 3.91297e-16
-5.21729e-16
 0.00000e+00
 0.00000e+00
 0.00000e+00
 1.30432e-16
 3.91297e-16
-5.21729e-16
 0.00000e+00
 0.00000e+00
 0.00000e+00
 1.30432e-16
 3.91297e-16
-5.21729e-16
 0.00000e+00
 0.00000e+00
 0.00000e+00
 1.30432e-16
 3.91297e-16
-5.21729e-16
 0.00000e+00
 0.00000e+00
 0.00000e+00
 1.30432e-16
 3.91297e-16
-5.21729e-16
 0.00000e+00
 0.00000e+00
 0.00000e+00
 1.30432e-16
 3.91297e-16
-5.21729e-16
 0.00000e+00
 0.00000e+00
 0.00000e+00
 1.30432e-16
 3.91297e-16
-5.21729e-16
 0.00000e+00
 0.00000e+00
 0.00000e+00
 1.30432e-16
 3.91297e-16
-5.21729e-16
 0.00000e+00
 0.00000e+00
 0.00000e+00
 1.30432e-16
 3.91297e-16
-5.21729e-16
 0.00000e+00
 0.00000e+00
 0.00000e+00
 1.30432e-16
 3.91297e-16
-5.21729e-16
 0.00000e+00
 0.00000e+00
 0.00000e+00
 1.30432e-16
 3.91297e-16
-5.21729e-16
 0.00000e+00
 0.00000e+00
 0.00000e+00
 1.30432e-16
 3.91297e-16
-5.21729e-16
 0.00000e+00
 0.00000e+00
 0.00000e+00
 1.30432e-16
 3.91297e-16
-5.21729e-16
 0.00000e+00
 0.00000e+00
 0.00000e+00
 1.30432e-16
 3.91297e-16
-5.21729e-16
 0.00000e+00
 0.00000e+00
 0.00000e+00
 1.30432e-16
 3.91297e-16
-5.21729e-16
 0.00000e+00
 0.00000e+00
 0.00000e+00
 1.30432e-16
 3.91297e-16
-5.21729e-16
 0.00000e+00
 0.00000e+00
 0.00000e+00
 1.30432e-16
 3.91297e-16
-5.21729e-16
 0.00000e+00
 0.00000e+00
 0.00000e+00
 1.30432e-16
 3.91297e-16
-5.21729e-16
 0.00000e+00
 0.00000e+00
 0.00000e+00
 1.30432e-16
 3.91297e-16
-5.21729e-16
 0.00000e+00
 0.00000e+00
 0.00000e+00
 1.30432e-16
 3.91297e-16
-5.21729e-16
 0.00000e+00
 0.00000e+00
 0.00000e+00
 1.30432e-16
 3.91297e-16
-5.21729e-16
 0.00000e+00
 0.00000e+00
 0.00000e+00
 1.30432e-16
 3.91297e-16
-5.21729e-16
 0.00000e+00
 0.00000e+00
 0.00000e+00
 1.30432e-16
 3.91297e-16
-5.21729e-16
 0.00000e+00
 0.00000e+00
 0.00000e+00
 1.30432e-16
 3.91297e-16
-5.21729e-16
 0.00000e+00
 0.00000e+00
 0.00000e+00
 1.30432e-16
 3.91297e-16
-5.21729e-16
 0.00000e+00
 0.00000e+00
 0.00000e+00
 1.30432e-16
 3.91297e-16
-5.21729e-16
 0.00000e+00
 0.00000e+00
 0.00000e+00
 1.30432e-16
 3.91297e-16
-5.21729e-16
 0.00000e+00
 0.00000e+00
 0.00000e+00
 1.30432e-16
 3.91297e-16
-5.21729e-16
 0.00000e+00
 0.00000e+00
 0.00000e+00
 1.30432e-16
 3.91297e-16
-5.21729e-16
 0.00000e+00
 0.00000e+00
 0.00000e+00
 1.30432e-16
 3.91297e-16
-5.21729e-16
 0.00000e+00
 0.00000e+00
 0.00000e+00
 1.30432e-16
 3.91297e-16
-5.21729e-16
 0.00000e+00
 0.00000e+00
 0.00000e+00
 1.30432e-16
 3.91297e-16
-5.21729e-16
 0.00000e+00
 0.00000e+00
 0.00000e+00
 1.30432e-16
 3.91297e-16
-5.21729e-16
 0.00000e+00
 0.00000e+00
 0.00000e+00
 1.30432e-16
 3.91297e-16
-5.21729e-16
 0.00000e+00
 0.00000e+00
 0.00000e+00
 1.30432e-16
 3.91297e-16
-5.21729e-16
 0.00000e+00
 0.00000e+00
 0.00000e+00
 1.30432e-16
 3.91297e-16
-5.21729e-16
 4.38885e-15
 4.36283e-15
 4.49835e-15
 4.72094e-15
 4.96446e-15
 4.10348e-15
 4.38885e-15
 4.36283e-15
 4.49835e-15
 4.72094e-15
 4.96446e-15
 4.10348e-15
 1.26518e-12
 1.26571e-12
 1.26657e-12
 1.26689e-12
 1.26626e-12
 1.26462e-12
 1.26518e-12
 1.26571e-12
 1.26657e-12
 1.26689e-12
 1.26626e-12
 1.26462e-12
 1.65762e-10
 1.65763e-10
 1.65764e-10
 1.65763e-10
 1.65763e-10
 1.65763e-10
 1.65762e-10
 1.65763e-10
 1.65764e-10
 1.65763e-10
 1.65763e-10
 1.65763e-10
 1.66064e-08
 1.66064e-08
 1.66064e-08
 1.66064e-08
 1.66064e-08
 1.66064e-08
 1.66064e-08
 1.66064e-08
 1.66064e-08
 1.66064e-08
 1.66064e-08
 1.66064e-08
 1.21770e-06
 1.21770e-06
 1.21770e-06
 1.21770e-06
 1.21770e-06
 1.21770e-06
 1.21770e-06
 1.21770e-06
 1.21770e-06
 1.21770e-06
 1.21770e-06
 1.21770e-06
 6.14746e-05
 6.14746e-05
 6.14746e-05
 6.14746e-05
 6.14746e-05
 6.14746e-05
 6.14746e-05
 6.14746e-05
 6.14746e-05
 6.14746e-05
 6.14746e-05
 6.14746e-05
 1.94604e-03
 1.94604e-03
 1.94604e-03
 1.94604e-03
 1.94604e-03
 1.94604e-03
 1.94604e-03
 1.94604e-03
 1.94604e-03
 1.94604e-03
 1.94604e-03
 1.94604e-03
 3.32899e-02
 3.32899e-02
 3.32899e-02
 3.32899e-02
 3.32899e-02
 3.32899e-02
 3.32899e-02
 3.32899e-02
 3.32899e-02
 3.32899e-02
 3.32899e-02
 3.32899e-02
 2.61479e-01
 2.61479e-01
 2.61479e-01
 2.61479e-01
 2.61479e-01
 2.61479e-01
 2.61479e-01
 2.61479e-01
 2.61479e-01
 2.61479e-01
 2.61479e-01
 2.61479e-01
 9.74654e-01
 9.74654e-01
 9.74654e-01
 9.74654e-01
 9.74654e-01
 9.74654e-01
 9.74654e-01
 9.74654e-01
 9.74654e-01
 9.74654e-01
 9.74654e-01
 9.74654e-01
 7.73738e-01
 7.73738e-01
 7.73738e-01
 7.73738e-01
 7.73738e-01
 7.73738e-01
 7.73738e-01
 7.73738e-01
 7.73738e-01
 7.73738e-01
 7.73738e-01
 7.73738e-01
 5.52978e-01
 5.52978e-01
 5.52978e-01
 5.52978e-01
 5.52978e-01
 5.52978e-01
 5.52978e-01
 5.52978e-01
 5.52978e-01
 5.52978e-01
 5.52978e-01
 5.52978e-01
 3.38879e-01
 3.38879e-01
 3.38879e-01
 3.38879e-01
 3.38879e-01
 3.38879e-01
 3.38879e-01
 3.38879e-01
 3.38879e-01
 3.38879e-01
 3.38879e-01
 3.38879e-01
 1.64381e-01
 1.64381e-01
 1.64381e-01
 1.64381e-01
 1.64381e-01
 1.64381e-01
 1.64381e-01
 1.64381e-01
 1.64381e-01
 1.64381e-01
 1.64381e-01
 1.64381e-01
 5.61589e-02
 5.61589e-02
 5.61589e-02
 5.61589e-02
 5.61589e-02
 5.61589e-02
 5.61589e-02
 5.61589e-02
 5.61589e-02
 5.61589e-02
 5.61589e-02
 5.61589e-02
 1.28507e-02
 1.28507e-02
 1.28507e-02
 1.28507e-02
 1.28507e-02
 1.28507e-02
 1.28507e-02
 1.28507e-02
 1.28507e-02
 1.28507e-02
 1.28507e-02
 1.28507e-02
 2.23667e-03
 2.23667e-03
 2.23667e-03
 2.23667e-03
 2.23667e-03
 2.23667e-03
 2.23667e-03
 2.23667e-03
 2.23667e-03
 2.23667e-03
 2.23667e-03
 2.23667e-03
 3.37400e-04
 3.37400e-04
 3.37400e-04
 3.37400e-04
 3.37400e-04
 3.37400e-04
 3.37400e-04
 3.37400e-04
 3.37400e-04
 3.37400e-04
 3.37400e-04
 3.37400e-04
 4.62416e-05
 4.62416e-05
 4.62416e-05
 4.62416e-05
 4.62416e-05
 4.62416e-05
 4.62416e-05
 4.62416e-05
 4.62416e-05
 4.62416e-05
 4.62416e-05
 4.62416e-05
 5.83592e-06
 5.83592e-06
 5.83592e-06
 5.83592e-06
 5.83592e-06
 5.83592e-06
 5.83592e-06
 5.83592e-06
 5.83592e-06
 5.83592e-06
 5.83592e-06
 5.83592e-06
 6.82249e-07
 6.82249e-07
 6.82249e-07
 6.82249e-07
 6.82249e-07
 6.82249e-07
 6.82249e-07
 6.82249e-07
 6.82249e-07
 6.82249e-07
 6.82249e-07
 6.82249e-07
 7.41921e-08
 7.41921e-08
 7.41921e-08
 7.41921e-08
 7.41921e-08
 7.41921e-08
 7.41921e-08
 7.41921e-08
 7.41921e-08
 7.41921e-08
 7.41921e-08
 7.41921e-08
 7.53163e-09
 7.53163e-09
 7.53163e-09
 7.53163e-09
 7.53164e-09
 7.53164e-09
 7.53163e-09
 7.53163e-09
 7.53163e-09
 7.53163e-09
 7.53164e-09
 7.53164e-09
 7.15936e-10
 7.15929e-10
 7.15912e-10
 7.15907e-10
 7.15907e-10
 7.15901e-10
 7.15936e-10
 7.15929e-10
 7.15912e-10
 7.15907e-10
 7.15907e-10
 7.15901e-10
 6.39468e-11
 6.39568e-11
 6.39758e-11
 6.39815e-11
 6.39793e-11
 6.39795e-11
 6.39468e-11
 6.39568e-11
 6.39758e-11
 6.39815e-11
 6.39793e-11
 6.39795e-11
 5.34872e-12
 5.33898e-12
 5.32495e-12
 5.31516e-12
 5.31867e-12
 5.32698e-12
 5.34872e-12
 5.33898e-12
 5.32495e-12
 5.31516e-12
 5.31867e-12
 5.32698e-12
 4.70926e-13
 4.77137e-13
 4.85302e-13
 4.86591e-13
 4.83924e-13
 4.81257e-13
 4.70926e-13
 4.77137e-13
 4.85302e-13
 4.86591e-13
 4.83924e-13
 4.81257e-13
 0.00000e+00
 0.00000e+00
-6.52161e-17
 0.00000e+00
 1.95648e-16
-3.91297e-16
 0.00000e+00
 0.00000e+00
-6.52161e-17
 0.00000e+00
 1.95648e-16
-3.91297e-16
 0.00000e+00
 0.00000e+00
-6.52161e-17
 0.00000e+00
 1.95648e-16
-3.91297e-16
 0.00000e+00
 0.00000e+00
-6.52161e-17
 0.00000e+00
 1.95648e-16
-3.91297e-16
 0.00000e+00
 0.00000e+00
-6.52161e-17
 0.00000e+00
 1.95648e-16
-3.91297e-16
 0.00000e+00
 0.00000e+00
-6.52161e-17
 0.00000e+00
 1.95648e-16
-3.91297e-16
 0.00000e+00
 0.00000e+00
-6.52161e-17
 0.00000e+00
 1.95648e-16
-3.91297e-16
 0.00000e+00
 0.00000e+00
-6.52161e-17
 0.00000e+00
 1.95648e-16
-3.91297e-16
 0.00000e+00
 0.00000e+00
-6.52161e-17
 0.00000e+00
 1.95648e-16
-3.91297e-16
 0.00000e+00
 0.00000e+00
-6.52161e-17
 0.00000e+00
 1.95648e-16
-3.91297e-16
 0.00000e+00
 0.00000e+00
-6.52161e-17
 0.00000e+00
 1.95648e-16
-3.91297e-16
 0.00000e+00
 0.00000e+00
-6.52161e-17
 0.00000e+00
 1.95648e-16
-3.91297e-16
 0.00000e+00
 0.00000e+00
-6.52161e-17
 0.00000e+00
 1.95648e-16
-3.91297e-16
 0.00000e+00
 0.00000e+00
-6.52161e-17
 0.00000e+00
 1.95648e-16
-3.91297e-16
 0.00000e+00
 0.00000e+00
-6.52161e-17
 0.00000e+00
 1.95648e-16
-3.91297e-16
 0.00000e+00
 0.00000e+00
-6.52161e-17
 0.00000e+00
 1.95648e-16
-3.91297e-16
 0.00000e+00
 0.00000e+00
-6.52161e-17
 0.00000e+00
 1.95648e-16
-3.91297e-16
 0.00000e+00
 0.00000e+00
-6.52161e-17
 0.00000e+00
 1.95648e-16
-3.91297e-16
 0.00000e+00
 0.00000e+00
-6.52161e-17
 0.00000e+00
 1.95648e-16
-3.91297e-16
 0.00000e+00
 0.00000e+00
-6.52161e-17
 0.00000e+00
 1.95648e-16
-3.91297e-16
 0.00000e+00
 0.00000e+00
-6.52161e-17
 0.00000e+00
 1.95648e-16
-3.91297e-16
 0.00000e+00
 0.00000e+00
-6.52161e-17
 0.00000e+00
 1.95648e-16
-3.91297e-16
 0.00000e+00
 0.00000e+00
-6.52161e-17
 0.00000e+00
 1.95648e-16
-3.91297e-16
 0.00000e+00
 0.00000e+00
-6.52161e-17
 0.00000e+00
 1.95648e-16
-3.91297e-16
 0.00000e+00
 0.00000e+00
-6.52161e-17
 0.00000e+00
 1.95648e-16
-3.91297e-16
 0.00000e+00
 0.00000e+00
-6.52161e-17
 0.00000e+00
 1.95648e-16
-3.91297e-16
 0.00000e+00
 0.00000e+00
-6.52161e-17
 0.00000e+00
 1.95648e-16
-3.91297e-16
 0.00000e+00
 0.00000e+00
-6.52161e-17
 0.00000e+00
 1.95648e-16
-3.91297e-16
 0.00000e+00
 0.00000e+00
-6.52161e-17
 0.00000e+00
 1.95648e-16
-3.91297e-16
 0.00000e+00
 0.00000e+00
-6.52161e-17
 0.00000e+00
 1.95648e-16
-3.91297e-16
 0.00000e+00
 0.00000e+00
-6.52161e-17
 0.00000e+00
 1.95648e-16
-3.91297e-16
 0.00000e+00
 0.00000e+00
-6.52161e-17
 0.00000e+00
 1.95648e-16
-3.91297e-16
 0.00000e+00
 0.00000e+00
-6.52161e-17
 0.00000e+00
 1.95648e-16
-3.91297e-16
 0.00000e+00
 0.00000e+00
-6.52161e-17
 0.00000e+00
 1.95648e-16
-3.91297e-16
 0.00000e+00
 0.00000e+00
-6.52161e-17
 0.00000e+00
 1.95648e-16
-3.91297e-16
 0.00000e+00
 0.00000e+00
-6.52161e-17
 0.00000e+00
 1.95648e-16
-3.91297e-16
 0.00000e+00
 0.00000e+00
-6.52161e-17
 0.00000e+00
 1.95648e-16
-3.91297e-16
 0.00000e+00
 0.00000e+00
-6.52161e-17
 0.00000e+00
 1.95648e-16
-3.91297e-16
 0.00000e+00
 0.00000e+00
-6.52161e-17
 0.00000e+00
 1.95648e-16
-3.91297e-16
 0.00000e+00
 0.00000e+00
-6.52161e-17
 0.00000e+00
 1.95648e-16
-3.91297e-16
 0.00000e+00
 0.00000e+00
-6.52161e-17
 0.00000e+00
 1.95648e-16
-3.91297e-16
 0.00000e+00
 0.00000e+00
-6.52161e-17
 0.00000e+00
 1.95648e-16
-3.91297e-16
 0.00000e+00
 0.00000e+00
-6.52161e-17
 0.00000e+00
 1.95648e-16
-3.91297e-16
 0.00000e+00
 0.00000e+00
-6.52161e-17
 0.00000e+00
 1.95648e-16
-3.91297e-16
 0.00000e+00
 0.00000e+00
-6.52161e-17
 0.00000e+00
 1.95648e-16
-3.91297e-16
 0.00000e+00
 0.00000e+00
-6.52161e-17
 0.00000e+00
 1.95648e-16
-3.91297e-16
 0.00000e+00
 0.00000e+00
-6.52161e-17
 0.00000e+00
 1.95648e-16
-3.91297e-16
 0.00000e+00
 0.00000e+00
-6.52161e-17
 0.00000e+00
 1.95648e-16
-3.91297e-16
 0.00000e+00
 0.00000e+00
-6.52161e-17
 0.00000e+00
 1.95648e-16
-3.91297e-16
 0.00000e+00
 0.00000e+00
-6.52161e-17
 0.00000e+00
 1.95648e-16
-3.91297e-16
 0.00000e+00
 0.00000e+00
-6.52161e-17
 0.00000e+00
 1.95648e-16
-3.91297e-16
 0.00000e+00
 0.00000e+00
-6.52161e-17
 0.00000e+00
 1.95648e-16
-3.91297e-16
 0.00000e+00
 0.00000e+00
-6.52161e-17
 0.00000e+00
 1.95648e-16
-3.91297e-16
 0.00000e+00
 0.00000e+00
-6.52161e-17
 0.00000e+00
 1.95648e-16
-3.91297e-16
 0.00000e+00
 0.00000e+00
-6.52161e-17
 0.00000e+00
 1.95648e-16
-3.91297e-16
 0.00000e+00
 0.00000e+00
-6.52161e-17
 0.00000e+00
 1.95648e-16
-3.91297e-16
 0.00000e+00
 0.00000e+00
-6.52161e-17
 0.00000e+00
 1.95648e-16
-3.91297e-16
 0.00000e+00
 0.00000e+00
-6.52161e-17
 0.00000e+00
 1.95648e-16
-3.91297e-16
 0.00000e+00
 0.00000e+00
-6.52161e-17
 0.00000e+00
 1.95648e-16
-3.91297e-16
 0.00000e+00
 0.00000e+00
-6.52161e-17
 0.00000e+00
 1.95648e-16
-3.91297e-16
 0.00000e+00
 0.00000e+00
-6.52161e-17
 0.00000e+00
 1.95648e-16
-3.91297e-16
 0.00000e+00
 0.00000e+00
-6.52161e-17
 0.00000e+00
 1.95648e-16
-3.91297e-16
 0.00000e+00
 0.00000e+00
-6.52161e-17
 0.00000e+00
 1.95648e-16
-3.91297e-16
 0.00000e+00
 0.00000e+00
-6.52161e-17
 0.00000e+00
 1.95648e-16
-3.91297e-16
 0.00000e+00
 0.00000e+00
 0.00000e+00
 0.00000e+00
 0.00000e+00
 0.00000e+00
 0.00000e+00
 0.00000e+00
 0.00000e+00
 0.00000e+00
 0.00000e+00
 0.00000e+00
