NodeMass
part
         1
coordinates
 5.00000e-07
 1.00000e-06
 1.00000e-06
 1.00000e-06
 1.00000e-06
 5.00000e-07
 1.00000e-06
 2.00000e-06
 2.00000e-06
 2.00000e-06
 2.00000e-06
 1.00000e-06
 1.00000e-06
 2.00000e-06
 2.00000e-06
 2.00000e-06
 2.00000e-06
 1.00000e-06
 1.00000e-06
 2.00000e-06
 2.00000e-06
 2.00000e-06
 2.00000e-06
 1.00000e-06
 1.00000e-06
 2.00000e-06
 2.00000e-06
 2.00000e-06
 2.00000e-06
 1.00000e-06
 1.00000e-06
 2.00000e-06
 2.00000e-06
 2.00000e-06
 2.00000e-06
 1.00000e-06
 1.00000e-06
 2.00000e-06
 2.00000e-06
 2.00000e-06
 2.00000e-06
 1.00000e-06
 1.00000e-06
 2.00000e-06
 2.00000e-06
 2.00000e-06
 2.00000e-06
 1.00000e-06
 1.00000e-06
 2.00000e-06
 2.00000e-06
 2.00000e-06
 2.00000e-06
 1.00000e-06
 1.00000e-06
 2.00000e-06
 2.00000e-06
 2.00000e-06
 2.00000e-06
 1.00000e-06
 1.00000e-06
 2.00000e-06
 2.00000e-06
 2.00000e-06
 2.00000e-06
 1.00000e-06
 1.00000e-06
 2.00000e-06
 2.00000e-06
 2.00000e-06
 2.00000e-06
 1.00000e-06
 1.00000e-06
 2.00000e-06
 2.00000e-06
 2.00000e-06
 2.00000e-06
 1.00000e-06
 1.00000e-06
 2.00000e-06
 2.00000e-06
 2.00000e-06
 2.00000e-06
 1.00000e-06
 1.00000e-06
 2.00000e-06
 2.00000e-06
 2.00000e-06
 2.00000e-06
 1.00000e-06
 1.00000e-06
 2.00000e-06
 2.00000e-06
 2.00000e-06
 2.00000e-06
 1.00000e-06
 1.00000e-06
 2.00000e-06
 2.00000e-06
 2.00000e-06
 2.00000e-06
 1.00000e-06
 1.00000e-06
 2.00000e-06
 2.00000e-06
 2.00000e-06
 2.00000e-06
 1.00000e-06
 1.00000e-06
 2.00000e-06
 2.00000e-06
 2.00000e-06
 2.00000e-06
 1.00000e-06
 1.00000e-06
 2.00000e-06
 2.00000e-06
 2.00000e-06
 2.00000e-06
 1.00000e-06
 9.99998e-07
 2.00000e-06
 2.00000e-06
 2.00000e-06
 2.00000e-06
 9.99998e-07
 9.99992e-07
 1.99998e-06
 1.99998e-06
 1.99998e-06
 1.99998e-06
 9.99992e-07
 9.99959e-07
 1.99992e-06
 1.99992e-06
 1.99992e-06
 1.99992e-06
 9.99959e-07
 9.99820e-07
 1.99964e-06
 1.99964e-06
 1.99964e-06
 1.99964e-06
 9.99820e-07
 9.99299e-07
 1.99860e-06
 1.99860e-06
 1.99860e-06
 1.99860e-06
 9.99299e-07
 9.97612e-07
 1.99522e-06
 1.99522e-06
 1.99522e-06
 1.99522e-06
 9.97612e-07
 9.92973e-07
 1.98595e-06
 1.98595e-06
 1.98595e-06
 1.98595e-06
 9.92973e-07
 9.82368e-07
 1.96474e-06
 1.96474e-06
 1.96474e-06
 1.96474e-06
 9.82368e-07
 9.62507e-07
 1.92501e-06
 1.92501e-06
 1.92501e-06
 1.92501e-06
 9.62507e-07
 9.31983e-07
 1.86397e-06
 1.86397e-06
 1.86397e-06
 1.86397e-06
 9.31983e-07
 8.92474e-07
 1.78495e-06
 1.78495e-06
 1.78495e-06
 1.78495e-06
 8.92474e-07
 8.47382e-07
 1.69476e-06
 1.69476e-06
 1.69476e-06
 1.69476e-06
 8.47382e-07
 7.99688e-07
 1.59938e-06
 1.59938e-06
 1.59938e-06
 1.59938e-06
 7.99688e-07
 7.51295e-07
 1.50259e-06
 1.50259e-06
 1.50259e-06
 1.50259e-06
 7.51295e-07
 7.03507e-07
 1.40701e-06
 1.40701e-06
 1.40701e-06
 1.40701e-06
 7.03507e-07
 6.57258e-07
 1.31452e-06
 1.31452e-06
 1.31452e-06
 1.31452e-06
 6.57258e-07
 6.13143e-07
 1.22629e-06
 1.22629e-06
 1.22629e-06
 1.22629e-06
 6.13143e-07
 5.72494e-07
 1.14499e-06
 1.14499e-06
 1.14499e-06
 1.14499e-06
 5.72494e-07
 5.39612e-07
 1.07922e-06
 1.07922e-06
 1.07922e-06
 1.07922e-06
 5.39612e-07
 5.22227e-07
 1.04445e-06
 1.04445e-06
 1.04445e-06
 1.04445e-06
 5.22227e-07
 5.15632e-07
 1.03126e-06
 1.03126e-06
 1.03126e-06
 1.03126e-06
 5.15632e-07
 5.10053e-07
 1.02011e-06
 1.02011e-06
 1.02011e-06
 1.02011e-06
 5.10053e-07
 5.04991e-07
 1.00998e-06
 1.00998e-06
 1.00998e-06
 1.00998e-06
 5.04991e-07
 5.02403e-07
 1.00481e-06
 1.00481e-06
 1.00481e-06
 1.00481e-06
 5.02403e-07
 5.01918e-07
 1.00384e-06
 1.00384e-06
 1.00384e-06
 1.00384e-06
 5.01918e-07
 5.01194e-07
 1.00239e-06
 1.00239e-06
 1.00239e-06
 1.00239e-06
 5.01194e-07
 5.00570e-07
 1.00114e-06
 1.00114e-06
 1.00114e-06
 1.00114e-06
 5.00570e-07
 5.00317e-07
 1.00063e-06
 1.00063e-06
 1.00063e-06
 1.00063e-06
 5.00317e-07
 5.00254e-07
 1.00051e-06
 1.00051e-06
 1.00051e-06
 1.00051e-06
 5.00254e-07
 5.00275e-07
 1.00055e-06
 1.00055e-06
 1.00055e-06
 1.00055e-06
 5.00275e-07
 5.00230e-07
 1.00046e-06
 1.00046e-06
 1.00046e-06
 1.00046e-06
 5.00230e-07
 5.00135e-07
 1.00027e-06
 1.00027e-06
 1.00027e-06
 1.00027e-06
 5.00135e-07
 5.00123e-07
 1.00025e-06
 1.00025e-06
 1.00025e-06
 1.00025e-06
 5.00123e-07
 5.00185e-07
 1.00037e-06
 1.00037e-06
 1.00037e-06
 1.00037e-06
 5.00185e-07
 5.00244e-07
 1.00049e-06
 1.00049e-06
 1.00049e-06
 1.00049e-06
 5.00244e-07
 5.00266e-07
 1.00053e-06
 1.00053e-06
 1.00053e-06
 1.00053e-06
 5.00266e-07
 5.00285e-07
 1.00057e-06
 1.00057e-06
 1.00057e-06
 1.00057e-06
 5.00285e-07
 5.00335e-07
 1.00067e-06
 1.00067e-06
 1.00067e-06
 1.00067e-06
 5.00335e-07
 5.00427e-07
 1.00085e-06
 1.00085e-06
 1.00085e-06
 1.00085e-06
 5.00427e-07
 5.00471e-07
 1.00094e-06
 1.00094e-06
 1.00094e-06
 1.00094e-06
 5.00471e-07
 5.00315e-07
 1.00063e-06
 1.00063e-06
 1.00063e-06
 1.00063e-06
 5.00315e-07
 4.99615e-07
 9.99230e-07
 9.99230e-07
 9.99230e-07
 9.99230e-07
 4.99615e-07
 4.97540e-07
 9.95080e-07
 9.95080e-07
 9.95080e-07
 9.95080e-07
 4.97540e-07
 4.92588e-07
 9.85176e-07
 9.85176e-07
 9.85176e-07
 9.85176e-07
 4.92588e-07
 4.82481e-07
 9.64962e-07
 9.64962e-07
 9.64962e-07
 9.64962e-07
 4.82481e-07
 4.64401e-07
 9.28801e-07
 9.28801e-07
 9.28801e-07
 9.28801e-07
 4.64401e-07
 4.35756e-07
 8.71511e-07
 8.71511e-07
 8.71511e-07
 8.71511e-07
 4.35756e-07
 3.95879e-07
 7.91758e-07
 7.91758e-07
 7.91758e-07
 7.91758e-07
 3.95879e-07
 3.54995e-07
 7.09990e-07
 7.09990e-07
 7.09990e-07
 7.09990e-07
 3.54995e-07
 3.26831e-07
 6.53661e-07
 6.53661e-07
 6.53661e-07
 6.53661e-07
 3.26831e-07
 3.12318e-07
 6.24635e-07
 6.24635e-07
 6.24635e-07
 6.24635e-07
 3.12318e-07
 3.06087e-07
 6.12175e-07
 6.12175e-07
 6.12175e-07
 6.12175e-07
 3.06087e-07
 3.04149e-07
 6.08298e-07
 6.08298e-07
 6.08298e-07
 6.08298e-07
 3.04149e-07
 3.03826e-07
 6.07652e-07
 6.07652e-07
 6.07652e-07
 6.07652e-07
 3.03826e-07
 3.03303e-07
 6.06605e-07
 6.06605e-07
 6.06605e-07
 6.06605e-07
 3.03303e-07
 3.00122e-07
 6.00245e-07
 6.00245e-07
 6.00245e-07
 6.00245e-07
 3.00122e-07
 2.90139e-07
 5.80279e-07
 5.80279e-07
 5.80279e-07
 5.80279e-07
 2.90139e-07
 2.69229e-07
 5.38458e-07
 5.38458e-07
 5.38458e-07
 5.38458e-07
 2.69229e-07
 2.37351e-07
 4.74701e-07
 4.74701e-07
 4.74701e-07
 4.74701e-07
 2.37351e-07
 2.02338e-07
 4.04675e-07
 4.04675e-07
 4.04675e-07
 4.04675e-07
 2.02338e-07
 1.73261e-07
 3.46522e-07
 3.46522e-07
 3.46522e-07
 3.46522e-07
 1.73261e-07
 1.52678e-07
 3.05355e-07
 3.05355e-07
 3.05355e-07
 3.05355e-07
 1.52678e-07
 1.39488e-07
 2.78976e-07
 2.78976e-07
 2.78976e-07
 2.78976e-07
 1.39488e-07
 1.31904e-07
 2.63808e-07
 2.63808e-07
 2.63808e-07
 2.63808e-07
 1.31904e-07
 1.28015e-07
 2.56030e-07
 2.56030e-07
 2.56030e-07
 2.56030e-07
 1.28015e-07
 1.26230e-07
 2.52459e-07
 2.52459e-07
 2.52459e-07
 2.52459e-07
 1.26230e-07
 1.25479e-07
 2.50958e-07
 2.50958e-07
 2.50958e-07
 2.50958e-07
 1.25479e-07
 1.25181e-07
 2.50362e-07
 2.50362e-07
 2.50362e-07
 2.50362e-07
 1.25181e-07
 1.25067e-07
 2.50134e-07
 2.50134e-07
 2.50134e-07
 2.50134e-07
 1.25067e-07
 1.25024e-07
 2.50049e-07
 2.50049e-07
 2.50049e-07
 2.50049e-07
 1.25024e-07
 1.25009e-07
 2.50017e-07
 2.50017e-07
 2.50017e-07
 2.50017e-07
 1.25009e-07
 1.25003e-07
 2.50006e-07
 2.50006e-07
 2.50006e-07
 2.50006e-07
 1.25003e-07
 1.25001e-07
 2.50002e-07
 2.50002e-07
 2.50002e-07
 2.50002e-07
 1.25001e-07
 1.25000e-07
 2.50001e-07
 2.50001e-07
 2.50001e-07
 2.50001e-07
 1.25000e-07
 1.25000e-07
 2.50000e-07
 2.50000e-07
 2.50000e-07
 2.50000e-07
 1.25000e-07
 1.25000e-07
 2.50000e-07
 2.50000e-07
 2.50000e-07
 2.50000e-07
 1.25000e-07
 1.25000e-07
 2.50000e-07
 2.50000e-07
 2.50000e-07
 2.50000e-07
 1.25000e-07
 1.25000e-07
 2.50000e-07
 2.50000e-07
 2.50000e-07
 2.50000e-07
 1.25000e-07
 1.25000e-07
 2.50000e-07
 2.50000e-07
 2.50000e-07
 2.50000e-07
 1.25000e-07
 1.25000e-07
 2.50000e-07
 2.50000e-07
 2.50000e-07
 2.50000e-07
 1.25000e-07
 6.25000e-08
 1.25000e-07
 1.25000e-07
 1.25000e-07
 1.25000e-07
 6.25000e-08
 1.00000e-06
 2.00000e-06
 2.00000e-06
 2.00000e-06
 2.00000e-06
 1.00000e-06
 2.00000e-06
 4.00000e-06
 4.00000e-06
 4.00000e-06
 4.00000e-06
 2.00000e-06
 2.00000e-06
 4.00000e-06
 4.00000e-06
 4.00000e-06
 4.00000e-06
 2.00000e-06
 2.00000e-06
 4.00000e-06
 4.00000e-06
 4.00000e-06
 4.00000e-06
 2.00000e-06
 2.00000e-06
 4.00000e-06
 4.00000e-06
 4.00000e-06
 4.00000e-06
 2.00000e-06
 2.00000e-06
 4.00000e-06
 4.00000e-06
 4.00000e-06
 4.00000e-06
 2.00000e-06
 2.00000e-06
 4.00000e-06
 4.00000e-06
 4.00000e-06
 4.00000e-06
 2.00000e-06
 2.00000e-06
 4.00000e-06
 4.00000e-06
 4.00000e-06
 4.00000e-06
 2.00000e-06
 2.00000e-06
 4.00000e-06
 4.00000e-06
 4.00000e-06
 4.00000e-06
 2.00000e-06
 2.00000e-06
 4.00000e-06
 4.00000e-06
 4.00000e-06
 4.00000e-06
 2.00000e-06
 2.00000e-06
 4.00000e-06
 4.00000e-06
 4.00000e-06
 4.00000e-06
 2.00000e-06
 2.00000e-06
 4.00000e-06
 4.00000e-06
 4.00000e-06
 4.00000e-06
 2.00000e-06
 2.00000e-06
 4.00000e-06
 4.00000e-06
 4.00000e-06
 4.00000e-06
 2.00000e-06
 2.00000e-06
 4.00000e-06
 4.00000e-06
 4.00000e-06
 4.00000e-06
 2.00000e-06
 2.00000e-06
 4.00000e-06
 4.00000e-06
 4.00000e-06
 4.00000e-06
 2.00000e-06
 2.00000e-06
 4.00000e-06
 4.00000e-06
 4.00000e-06
 4.00000e-06
 2.00000e-06
 2.00000e-06
 4.00000e-06
 4.00000e-06
 4.00000e-06
 4.00000e-06
 2.00000e-06
 2.00000e-06
 4.00000e-06
 4.00000e-06
 4.00000e-06
 4.00000e-06
 2.00000e-06
 2.00000e-06
 4.00000e-06
 4.00000e-06
 4.00000e-06
 4.00000e-06
 2.00000e-06
 2.00000e-06
 4.00000e-06
 4.00000e-06
 4.00000e-06
 4.00000e-06
 2.00000e-06
 2.00000e-06
 3.99999e-06
 3.99999e-06
 3.99999e-06
 3.99999e-06
 2.00000e-06
 1.99998e-06
 3.99997e-06
 3.99997e-06
 3.99997e-06
 3.99997e-06
 1.99998e-06
 1.99992e-06
 3.99984e-06
 3.99984e-06
 3.99984e-06
 3.99984e-06
 1.99992e-06
 1.99964e-06
 3.99928e-06
 3.99928e-06
 3.99928e-06
 3.99928e-06
 1.99964e-06
 1.99860e-06
 3.99720e-06
 3.99720e-06
 3.99720e-06
 3.99720e-06
 1.99860e-06
 1.99522e-06
 3.99045e-06
 3.99045e-06
 3.99045e-06
 3.99045e-06
 1.99522e-06
 1.98595e-06
 3.97189e-06
 3.97189e-06
 3.97189e-06
 3.97189e-06
 1.98595e-06
 1.96474e-06
 3.92947e-06
 3.92947e-06
 3.92947e-06
 3.92947e-06
 1.96474e-06
 1.92501e-06
 3.85003e-06
 3.85003e-06
 3.85003e-06
 3.85003e-06
 1.92501e-06
 1.86397e-06
 3.72793e-06
 3.72793e-06
 3.72793e-06
 3.72793e-06
 1.86397e-06
 1.78495e-06
 3.56990e-06
 3.56990e-06
 3.56990e-06
 3.56990e-06
 1.78495e-06
 1.69476e-06
 3.38953e-06
 3.38953e-06
 3.38953e-06
 3.38953e-06
 1.69476e-06
 1.59938e-06
 3.19875e-06
 3.19875e-06
 3.19875e-06
 3.19875e-06
 1.59938e-06
 1.50259e-06
 3.00518e-06
 3.00518e-06
 3.00518e-06
 3.00518e-06
 1.50259e-06
 1.40701e-06
 2.81403e-06
 2.81403e-06
 2.81403e-06
 2.81403e-06
 1.40701e-06
 1.31452e-06
 2.62903e-06
 2.62903e-06
 2.62903e-06
 2.62903e-06
 1.31452e-06
 1.22629e-06
 2.45257e-06
 2.45257e-06
 2.45257e-06
 2.45257e-06
 1.22629e-06
 1.14499e-06
 2.28998e-06
 2.28998e-06
 2.28998e-06
 2.28998e-06
 1.14499e-06
 1.07922e-06
 2.15845e-06
 2.15845e-06
 2.15845e-06
 2.15845e-06
 1.07922e-06
 1.04445e-06
 2.08891e-06
 2.08891e-06
 2.08891e-06
 2.08891e-06
 1.04445e-06
 1.03126e-06
 2.06253e-06
 2.06253e-06
 2.06253e-06
 2.06253e-06
 1.03126e-06
 1.02011e-06
 2.04021e-06
 2.04021e-06
 2.04021e-06
 2.04021e-06
 1.02011e-06
 1.00998e-06
 2.01996e-06
 2.01996e-06
 2.01996e-06
 2.01996e-06
 1.00998e-06
 1.00481e-06
 2.00961e-06
 2.00961e-06
 2.00961e-06
 2.00961e-06
 1.00481e-06
 1.00384e-06
 2.00767e-06
 2.00767e-06
 2.00767e-06
 2.00767e-06
 1.00384e-06
 1.00239e-06
 2.00477e-06
 2.00477e-06
 2.00477e-06
 2.00477e-06
 1.00239e-06
 1.00114e-06
 2.00228e-06
 2.00228e-06
 2.00228e-06
 2.00228e-06
 1.00114e-06
 1.00063e-06
 2.00127e-06
 2.00127e-06
 2.00127e-06
 2.00127e-06
 1.00063e-06
 1.00051e-06
 2.00102e-06
 2.00102e-06
 2.00102e-06
 2.00102e-06
 1.00051e-06
 1.00055e-06
 2.00110e-06
 2.00110e-06
 2.00110e-06
 2.00110e-06
 1.00055e-06
 1.00046e-06
 2.00092e-06
 2.00092e-06
 2.00092e-06
 2.00092e-06
 1.00046e-06
 1.00027e-06
 2.00054e-06
 2.00054e-06
 2.00054e-06
 2.00054e-06
 1.00027e-06
 1.00025e-06
 2.00049e-06
 2.00049e-06
 2.00049e-06
 2.00049e-06
 1.00025e-06
 1.00037e-06
 2.00074e-06
 2.00074e-06
 2.00074e-06
 2.00074e-06
 1.00037e-06
 1.00049e-06
 2.00097e-06
 2.00097e-06
 2.00097e-06
 2.00097e-06
 1.00049e-06
 1.00053e-06
 2.00106e-06
 2.00106e-06
 2.00106e-06
 2.00106e-06
 1.00053e-06
 1.00057e-06
 2.00114e-06
 2.00114e-06
 2.00114e-06
 2.00114e-06
 1.00057e-06
 1.00067e-06
 2.00134e-06
 2.00134e-06
 2.00134e-06
 2.00134e-06
 1.00067e-06
 1.00085e-06
 2.00171e-06
 2.00171e-06
 2.00171e-06
 2.00171e-06
 1.00085e-06
 1.00094e-06
 2.00188e-06
 2.00188e-06
 2.00188e-06
 2.00188e-06
 1.00094e-06
 1.00063e-06
 2.00126e-06
 2.00126e-06
 2.00126e-06
 2.00126e-06
 1.00063e-06
 9.99230e-07
 1.99846e-06
 1.99846e-06
 1.99846e-06
 1.99846e-06
 9.99230e-07
 9.95080e-07
 1.99016e-06
 1.99016e-06
 1.99016e-06
 1.99016e-06
 9.95080e-07
 9.85176e-07
 1.97035e-06
 1.97035e-06
 1.97035e-06
 1.97035e-06
 9.85176e-07
 9.64962e-07
 1.92992e-06
 1.92992e-06
 1.92992e-06
 1.92992e-06
 9.64962e-07
 9.28801e-07
 1.85760e-06
 1.85760e-06
 1.85760e-06
 1.85760e-06
 9.28801e-07
 8.71511e-07
 1.74302e-06
 1.74302e-06
 1.74302e-06
 1.74302e-06
 8.71511e-07
 7.91758e-07
 1.58352e-06
 1.58352e-06
 1.58352e-06
 1.58352e-06
 7.91758e-07
 7.09990e-07
 1.41998e-06
 1.41998e-06
 1.41998e-06
 1.41998e-06
 7.09990e-07
 6.53661e-07
 1.30732e-06
 1.30732e-06
 1.30732e-06
 1.30732e-06
 6.53661e-07
 6.24635e-07
 1.24927e-06
 1.24927e-06
 1.24927e-06
 1.24927e-06
 6.24635e-07
 6.12175e-07
 1.22435e-06
 1.22435e-06
 1.22435e-06
 1.22435e-06
 6.12175e-07
 6.08298e-07
 1.21660e-06
 1.21660e-06
 1.21660e-06
 1.21660e-06
 6.08298e-07
 6.07652e-07
 1.21530e-06
 1.21530e-06
 1.21530e-06
 1.21530e-06
 6.07652e-07
 6.06605e-07
 1.21321e-06
 1.21321e-06
 1.21321e-06
 1.21321e-06
 6.06605e-07
 6.00245e-07
 1.20049e-06
 1.20049e-06
 1.20049e-06
 1.20049e-06
 6.00245e-07
 5.80279e-07
 1.16056e-06
 1.16056e-06
 1.16056e-06
 1.16056e-06
 5.80279e-07
 5.38458e-07
 1.07692e-06
 1.07692e-06
 1.07692e-06
 1.07692e-06
 5.38458e-07
 4.74701e-07
 9.49402e-07
 9.49402e-07
 9.49402e-07
 9.49402e-07
 4.74701e-07
 4.04675e-07
 8.09350e-07
 8.09350e-07
 8.09350e-07
 8.09350e-07
 4.04675e-07
 3.46522e-07
 6.93044e-07
 6.93044e-07
 6.93044e-07
 6.93044e-07
 3.46522e-07
 3.05355e-07
 6.10711e-07
 6.10711e-07
 6.10711e-07
 6.10711e-07
 3.05355e-07
 2.78976e-07
 5.57952e-07
 5.57952e-07
 5.57952e-07
 5.57952e-07
 2.78976e-07
 2.63808e-07
 5.27616e-07
 5.27616e-07
 5.27616e-07
 5.27616e-07
 2.63808e-07
 2.56030e-07
 5.12060e-07
 5.12060e-07
 5.12060e-07
 5.12060e-07
 2.56030e-07
 2.52459e-07
 5.04918e-07
 5.04918e-07
 5.04918e-07
 5.04918e-07
 2.52459e-07
 2.50958e-07
 5.01915e-07
 5.01915e-07
 5.01915e-07
 5.01915e-07
 2.50958e-07
 2.50362e-07
 5.00724e-07
 5.00724e-07
 5.00724e-07
 5.00724e-07
 2.50362e-07
 2.50134e-07
 5.00268e-07
 5.00268e-07
 5.00268e-07
 5.00268e-07
 2.50134e-07
 2.50049e-07
 5.00097e-07
 5.00097e-07
 5.00097e-07
 5.00097e-07
 2.50049e-07
 2.50017e-07
 5.00035e-07
 5.00035e-07
 5.00035e-07
 5.00035e-07
 2.50017e-07
 2.50006e-07
 5.00012e-07
 5.00012e-07
 5.00012e-07
 5.00012e-07
 2.50006e-07
 2.50002e-07
 5.00004e-07
 5.00004e-07
 5.00004e-07
 5.00004e-07
 2.50002e-07
 2.50001e-07
 5.00001e-07
 5.00001e-07
 5.00001e-07
 5.00001e-07
 2.50001e-07
 2.50000e-07
 5.00000e-07
 5.00000e-07
 5.00000e-07
 5.00000e-07
 2.50000e-07
 2.50000e-07
 5.00000e-07
 5.00000e-07
 5.00000e-07
 5.00000e-07
 2.50000e-07
 2.50000e-07
 5.00000e-07
 5.00000e-07
 5.00000e-07
 5.00000e-07
 2.50000e-07
 2.50000e-07
 5.00000e-07
 5.00000e-07
 5.00000e-07
 5.00000e-07
 2.50000e-07
 2.50000e-07
 5.00000e-07
 5.00000e-07
 5.00000e-07
 5.00000e-07
 2.50000e-07
 2.50000e-07
 5.00000e-07
 5.00000e-07
 5.00000e-07
 5.00000e-07
 2.50000e-07
 1.25000e-07
 2.50000e-07
 2.50000e-07
 2.50000e-07
 2.50000e-07
 1.25000e-07
 1.00000e-06
 2.00000e-06
 2.00000e-06
 2.00000e-06
 2.00000e-06
 1.00000e-06
 2.00000e-06
 4.00000e-06
 4.00000e-06
 4.00000e-06
 4.00000e-06
 2.00000e-06
 2.00000e-06
 4.00000e-06
 4.00000e-06
 4.00000e-06
 4.00000e-06
 2.00000e-06
 2.00000e-06
 4.00000e-06
 4.00000e-06
 4.00000e-06
 4.00000e-06
 2.00000e-06
 2.00000e-06
 4.00000e-06
 4.00000e-06
 4.00000e-06
 4.00000e-06
 2.00000e-06
 2.00000e-06
 4.00000e-06
 4.00000e-06
 4.00000e-06
 4.00000e-06
 2.00000e-06
 2.00000e-06
 4.00000e-06
 4.00000e-06
 4.00000e-06
 4.00000e-06
 2.00000e-06
 2.00000e-06
 4.00000e-06
 4.00000e-06
 4.00000e-06
 4.00000e-06
 2.00000e-06
 2.00000e-06
 4.00000e-06
 4.00000e-06
 4.00000e-06
 4.00000e-06
 2.00000e-06
 2.00000e-06
 4.00000e-06
 4.00000e-06
 4.00000e-06
 4.00000e-06
 2.00000e-06
 2.00000e-06
 4.00000e-06
 4.00000e-06
 4.00000e-06
 4.00000e-06
 2.00000e-06
 2.00000e-06
 4.00000e-06
 4.00000e-06
 4.00000e-06
 4.00000e-06
 2.00000e-06
 2.00000e-06
 4.00000e-06
 4.00000e-06
 4.00000e-06
 4.00000e-06
 2.00000e-06
 2.00000e-06
 4.00000e-06
 4.00000e-06
 4.00000e-06
 4.00000e-06
 2.00000e-06
 2.00000e-06
 4.00000e-06
 4.00000e-06
 4.00000e-06
 4.00000e-06
 2.00000e-06
 2.00000e-06
 4.00000e-06
 4.00000e-06
 4.00000e-06
 4.00000e-06
 2.00000e-06
 2.00000e-06
 4.00000e-06
 4.00000e-06
 4.00000e-06
 4.00000e-06
 2.00000e-06
 2.00000e-06
 4.00000e-06
 4.00000e-06
 4.00000e-06
 4.00000e-06
 2.00000e-06
 2.00000e-06
 4.00000e-06
 4.00000e-06
 4.00000e-06
 4.00000e-06
 2.00000e-06
 2.00000e-06
 4.00000e-06
 4.00000e-06
 4.00000e-06
 4.00000e-06
 2.00000e-06
 2.00000e-06
 3.99999e-06
 3.99999e-06
 3.99999e-06
 3.99999e-06
 2.00000e-06
 1.99998e-06
 3.99997e-06
 3.99997e-06
 3.99997e-06
 3.99997e-06
 1.99998e-06
 1.99992e-06
 3.99984e-06
 3.99984e-06
 3.99984e-06
 3.99984e-06
 1.99992e-06
 1.99964e-06
 3.99928e-06
 3.99928e-06
 3.99928e-06
 3.99928e-06
 1.99964e-06
 1.99860e-06
 3.99720e-06
 3.99720e-06
 3.99720e-06
 3.99720e-06
 1.99860e-06
 1.99522e-06
 3.99045e-06
 3.99045e-06
 3.99045e-06
 3.99045e-06
 1.99522e-06
 1.98595e-06
 3.97189e-06
 3.97189e-06
 3.97189e-06
 3.97189e-06
 1.98595e-06
 1.96474e-06
 3.92947e-06
 3.92947e-06
 3.92947e-06
 3.92947e-06
 1.96474e-06
 1.92501e-06
 3.85003e-06
 3.85003e-06
 3.85003e-06
 3.85003e-06
 1.92501e-06
 1.86397e-06
 3.72793e-06
 3.72793e-06
 3.72793e-06
 3.72793e-06
 1.86397e-06
 1.78495e-06
 3.56990e-06
 3.56990e-06
 3.56990e-06
 3.56990e-06
 1.78495e-06
 1.69476e-06
 3.38953e-06
 3.38953e-06
 3.38953e-06
 3.38953e-06
 1.69476e-06
 1.59938e-06
 3.19875e-06
 3.19875e-06
 3.19875e-06
 3.19875e-06
 1.59938e-06
 1.50259e-06
 3.00518e-06
 3.00518e-06
 3.00518e-06
 3.00518e-06
 1.50259e-06
 1.40701e-06
 2.81403e-06
 2.81403e-06
 2.81403e-06
 2.81403e-06
 1.40701e-06
 1.31452e-06
 2.62903e-06
 2.62903e-06
 2.62903e-06
 2.62903e-06
 1.31452e-06
 1.22629e-06
 2.45257e-06
 2.45257e-06
 2.45257e-06
 2.45257e-06
 1.22629e-06
 1.14499e-06
 2.28998e-06
 2.28998e-06
 2.28998e-06
 2.28998e-06
 1.14499e-06
 1.07922e-06
 2.15845e-06
 2.15845e-06
 2.15845e-06
 2.15845e-06
 1.07922e-06
 1.04445e-06
 2.08891e-06
 2.08891e-06
 2.08891e-06
 2.08891e-06
 1.04445e-06
 1.03126e-06
 2.06253e-06
 2.06253e-06
 2.06253e-06
 2.06253e-06
 1.03126e-06
 1.02011e-06
 2.04021e-06
 2.04021e-06
 2.04021e-06
 2.04021e-06
 1.02011e-06
 1.00998e-06
 2.01996e-06
 2.01996e-06
 2.01996e-06
 2.01996e-06
 1.00998e-06
 1.00481e-06
 2.00961e-06
 2.00961e-06
 2.00961e-06
 2.00961e-06
 1.00481e-06
 1.00384e-06
 2.00767e-06
 2.00767e-06
 2.00767e-06
 2.00767e-06
 1.00384e-06
 1.00239e-06
 2.00477e-06
 2.00477e-06
 2.00477e-06
 2.00477e-06
 1.00239e-06
 1.00114e-06
 2.00228e-06
 2.00228e-06
 2.00228e-06
 2.00228e-06
 1.00114e-06
 1.00063e-06
 2.00127e-06
 2.00127e-06
 2.00127e-06
 2.00127e-06
 1.00063e-06
 1.00051e-06
 2.00102e-06
 2.00102e-06
 2.00102e-06
 2.00102e-06
 1.00051e-06
 1.00055e-06
 2.00110e-06
 2.00110e-06
 2.00110e-06
 2.00110e-06
 1.00055e-06
 1.00046e-06
 2.00092e-06
 2.00092e-06
 2.00092e-06
 2.00092e-06
 1.00046e-06
 1.00027e-06
 2.00054e-06
 2.00054e-06
 2.00054e-06
 2.00054e-06
 1.00027e-06
 1.00025e-06
 2.00049e-06
 2.00049e-06
 2.00049e-06
 2.00049e-06
 1.00025e-06
 1.00037e-06
 2.00074e-06
 2.00074e-06
 2.00074e-06
 2.00074e-06
 1.00037e-06
 1.00049e-06
 2.00097e-06
 2.00097e-06
 2.00097e-06
 2.00097e-06
 1.00049e-06
 1.00053e-06
 2.00106e-06
 2.00106e-06
 2.00106e-06
 2.00106e-06
 1.00053e-06
 1.00057e-06
 2.00114e-06
 2.00114e-06
 2.00114e-06
 2.00114e-06
 1.00057e-06
 1.00067e-06
 2.00134e-06
 2.00134e-06
 2.00134e-06
 2.00134e-06
 1.00067e-06
 1.00085e-06
 2.00171e-06
 2.00171e-06
 2.00171e-06
 2.00171e-06
 1.00085e-06
 1.00094e-06
 2.00188e-06
 2.00188e-06
 2.00188e-06
 2.00188e-06
 1.00094e-06
 1.00063e-06
 2.00126e-06
 2.00126e-06
 2.00126e-06
 2.00126e-06
 1.00063e-06
 9.99230e-07
 1.99846e-06
 1.99846e-06
 1.99846e-06
 1.99846e-06
 9.99230e-07
 9.95080e-07
 1.99016e-06
 1.99016e-06
 1.99016e-06
 1.99016e-06
 9.95080e-07
 9.85176e-07
 1.97035e-06
 1.97035e-06
 1.97035e-06
 1.97035e-06
 9.85176e-07
 9.64962e-07
 1.92992e-06
 1.92992e-06
 1.92992e-06
 1.92992e-06
 9.64962e-07
 9.28801e-07
 1.85760e-06
 1.85760e-06
 1.85760e-06
 1.85760e-06
 9.28801e-07
 8.71511e-07
 1.74302e-06
 1.74302e-06
 1.74302e-06
 1.74302e-06
 8.71511e-07
 7.91758e-07
 1.58352e-06
 1.58352e-06
 1.58352e-06
 1.58352e-06
 7.91758e-07
 7.09990e-07
 1.41998e-06
 1.41998e-06
 1.41998e-06
 1.41998e-06
 7.09990e-07
 6.53661e-07
 1.30732e-06
 1.30732e-06
 1.30732e-06
 1.30732e-06
 6.53661e-07
 6.24635e-07
 1.24927e-06
 1.24927e-06
 1.24927e-06
 1.24927e-06
 6.24635e-07
 6.12175e-07
 1.22435e-06
 1.22435e-06
 1.22435e-06
 1.22435e-06
 6.12175e-07
 6.08298e-07
 1.21660e-06
 1.21660e-06
 1.21660e-06
 1.21660e-06
 6.08298e-07
 6.07652e-07
 1.21530e-06
 1.21530e-06
 1.21530e-06
 1.21530e-06
 6.07652e-07
 6.06605e-07
 1.21321e-06
 1.21321e-06
 1.21321e-06
 1.21321e-06
 6.06605e-07
 6.00245e-07
 1.20049e-06
 1.20049e-06
 1.20049e-06
 1.20049e-06
 6.00245e-07
 5.80279e-07
 1.16056e-06
 1.16056e-06
 1.16056e-06
 1.16056e-06
 5.80279e-07
 5.38458e-07
 1.07692e-06
 1.07692e-06
 1.07692e-06
 1.07692e-06
 5.38458e-07
 4.74701e-07
 9.49402e-07
 9.49402e-07
 9.49402e-07
 9.49402e-07
 4.74701e-07
 4.04675e-07
 8.09350e-07
 8.09350e-07
 8.09350e-07
 8.09350e-07
 4.04675e-07
 3.46522e-07
 6.93044e-07
 6.93044e-07
 6.93044e-07
 6.93044e-07
 3.46522e-07
 3.05355e-07
 6.10711e-07
 6.10711e-07
 6.10711e-07
 6.10711e-07
 3.05355e-07
 2.78976e-07
 5.57952e-07
 5.57952e-07
 5.57952e-07
 5.57952e-07
 2.78976e-07
 2.63808e-07
 5.27616e-07
 5.27616e-07
 5.27616e-07
 5.27616e-07
 2.63808e-07
 2.56030e-07
 5.12060e-07
 5.12060e-07
 5.12060e-07
 5.12060e-07
 2.56030e-07
 2.52459e-07
 5.04918e-07
 5.04918e-07
 5.04918e-07
 5.04918e-07
 2.52459e-07
 2.50958e-07
 5.01915e-07
 5.01915e-07
 5.01915e-07
 5.01915e-07
 2.50958e-07
 2.50362e-07
 5.00724e-07
 5.00724e-07
 5.00724e-07
 5.00724e-07
 2.50362e-07
 2.50134e-07
 5.00268e-07
 5.00268e-07
 5.00268e-07
 5.00268e-07
 2.50134e-07
 2.50049e-07
 5.00097e-07
 5.00097e-07
 5.00097e-07
 5.00097e-07
 2.50049e-07
 2.50017e-07
 5.00035e-07
 5.00035e-07
 5.00035e-07
 5.00035e-07
 2.50017e-07
 2.50006e-07
 5.00012e-07
 5.00012e-07
 5.00012e-07
 5.00012e-07
 2.50006e-07
 2.50002e-07
 5.00004e-07
 5.00004e-07
 5.00004e-07
 5.00004e-07
 2.50002e-07
 2.50001e-07
 5.00001e-07
 5.00001e-07
 5.00001e-07
 5.00001e-07
 2.50001e-07
 2.50000e-07
 5.00000e-07
 5.00000e-07
 5.00000e-07
 5.00000e-07
 2.50000e-07
 2.50000e-07
 5.00000e-07
 5.00000e-07
 5.00000e-07
 5.00000e-07
 2.50000e-07
 2.50000e-07
 5.00000e-07
 5.00000e-07
 5.00000e-07
 5.00000e-07
 2.50000e-07
 2.50000e-07
 5.00000e-07
 5.00000e-07
 5.00000e-07
 5.00000e-07
 2.50000e-07
 2.50000e-07
 5.00000e-07
 5.00000e-07
 5.00000e-07
 5.00000e-07
 2.50000e-07
 2.50000e-07
 5.00000e-07
 5.00000e-07
 5.00000e-07
 5.00000e-07
 2.50000e-07
 1.25000e-07
 2.50000e-07
 2.50000e-07
 2.50000e-07
 2.50000e-07
 1.25000e-07
 1.00000e-06
 2.00000e-06
 2.00000e-06
 2.00000e-06
 2.00000e-06
 1.00000e-06
 2.00000e-06
 4.00000e-06
 4.00000e-06
 4.00000e-06
 4.00000e-06
 2.00000e-06
 2.00000e-06
 4.00000e-06
 4.00000e-06
 4.00000e-06
 4.00000e-06
 2.00000e-06
 2.00000e-06
 4.00000e-06
 4.00000e-06
 4.00000e-06
 4.00000e-06
 2.00000e-06
 2.00000e-06
 4.00000e-06
 4.00000e-06
 4.00000e-06
 4.00000e-06
 2.00000e-06
 2.00000e-06
 4.00000e-06
 4.00000e-06
 4.00000e-06
 4.00000e-06
 2.00000e-06
 2.00000e-06
 4.00000e-06
 4.00000e-06
 4.00000e-06
 4.00000e-06
 2.00000e-06
 2.00000e-06
 4.00000e-06
 4.00000e-06
 4.00000e-06
 4.00000e-06
 2.00000e-06
 2.00000e-06
 4.00000e-06
 4.00000e-06
 4.00000e-06
 4.00000e-06
 2.00000e-06
 2.00000e-06
 4.00000e-06
 4.00000e-06
 4.00000e-06
 4.00000e-06
 2.00000e-06
 2.00000e-06
 4.00000e-06
 4.00000e-06
 4.00000e-06
 4.00000e-06
 2.00000e-06
 2.00000e-06
 4.00000e-06
 4.00000e-06
 4.00000e-06
 4.00000e-06
 2.00000e-06
 2.00000e-06
 4.00000e-06
 4.00000e-06
 4.00000e-06
 4.00000e-06
 2.00000e-06
 2.00000e-06
 4.00000e-06
 4.00000e-06
 4.00000e-06
 4.00000e-06
 2.00000e-06
 2.00000e-06
 4.00000e-06
 4.00000e-06
 4.00000e-06
 4.00000e-06
 2.00000e-06
 2.00000e-06
 4.00000e-06
 4.00000e-06
 4.00000e-06
 4.00000e-06
 2.00000e-06
 2.00000e-06
 4.00000e-06
 4.00000e-06
 4.00000e-06
 4.00000e-06
 2.00000e-06
 2.00000e-06
 4.00000e-06
 4.00000e-06
 4.00000e-06
 4.00000e-06
 2.00000e-06
 2.00000e-06
 4.00000e-06
 4.00000e-06
 4.00000e-06
 4.00000e-06
 2.00000e-06
 2.00000e-06
 4.00000e-06
 4.00000e-06
 4.00000e-06
 4.00000e-06
 2.00000e-06
 2.00000e-06
 3.99999e-06
 3.99999e-06
 3.99999e-06
 3.99999e-06
 2.00000e-06
 1.99998e-06
 3.99997e-06
 3.99997e-06
 3.99997e-06
 3.99997e-06
 1.99998e-06
 1.99992e-06
 3.99984e-06
 3.99984e-06
 3.99984e-06
 3.99984e-06
 1.99992e-06
 1.99964e-06
 3.99928e-06
 3.99928e-06
 3.99928e-06
 3.99928e-06
 1.99964e-06
 1.99860e-06
 3.99720e-06
 3.99720e-06
 3.99720e-06
 3.99720e-06
 1.99860e-06
 1.99522e-06
 3.99045e-06
 3.99045e-06
 3.99045e-06
 3.99045e-06
 1.99522e-06
 1.98595e-06
 3.97189e-06
 3.97189e-06
 3.97189e-06
 3.97189e-06
 1.98595e-06
 1.96474e-06
 3.92947e-06
 3.92947e-06
 3.92947e-06
 3.92947e-06
 1.96474e-06
 1.92501e-06
 3.85003e-06
 3.85003e-06
 3.85003e-06
 3.85003e-06
 1.92501e-06
 1.86397e-06
 3.72793e-06
 3.72793e-06
 3.72793e-06
 3.72793e-06
 1.86397e-06
 1.78495e-06
 3.56990e-06
 3.56990e-06
 3.56990e-06
 3.56990e-06
 1.78495e-06
 1.69476e-06
 3.38953e-06
 3.38953e-06
 3.38953e-06
 3.38953e-06
 1.69476e-06
 1.59938e-06
 3.19875e-06
 3.19875e-06
 3.19875e-06
 3.19875e-06
 1.59938e-06
 1.50259e-06
 3.00518e-06
 3.00518e-06
 3.00518e-06
 3.00518e-06
 1.50259e-06
 1.40701e-06
 2.81403e-06
 2.81403e-06
 2.81403e-06
 2.81403e-06
 1.40701e-06
 1.31452e-06
 2.62903e-06
 2.62903e-06
 2.62903e-06
 2.62903e-06
 1.31452e-06
 1.22629e-06
 2.45257e-06
 2.45257e-06
 2.45257e-06
 2.45257e-06
 1.22629e-06
 1.14499e-06
 2.28998e-06
 2.28998e-06
 2.28998e-06
 2.28998e-06
 1.14499e-06
 1.07922e-06
 2.15845e-06
 2.15845e-06
 2.15845e-06
 2.15845e-06
 1.07922e-06
 1.04445e-06
 2.08891e-06
 2.08891e-06
 2.08891e-06
 2.08891e-06
 1.04445e-06
 1.03126e-06
 2.06253e-06
 2.06253e-06
 2.06253e-06
 2.06253e-06
 1.03126e-06
 1.02011e-06
 2.04021e-06
 2.04021e-06
 2.04021e-06
 2.04021e-06
 1.02011e-06
 1.00998e-06
 2.01996e-06
 2.01996e-06
 2.01996e-06
 2.01996e-06
 1.00998e-06
 1.00481e-06
 2.00961e-06
 2.00961e-06
 2.00961e-06
 2.00961e-06
 1.00481e-06
 1.00384e-06
 2.00767e-06
 2.00767e-06
 2.00767e-06
 2.00767e-06
 1.00384e-06
 1.00239e-06
 2.00477e-06
 2.00477e-06
 2.00477e-06
 2.00477e-06
 1.00239e-06
 1.00114e-06
 2.00228e-06
 2.00228e-06
 2.00228e-06
 2.00228e-06
 1.00114e-06
 1.00063e-06
 2.00127e-06
 2.00127e-06
 2.00127e-06
 2.00127e-06
 1.00063e-06
 1.00051e-06
 2.00102e-06
 2.00102e-06
 2.00102e-06
 2.00102e-06
 1.00051e-06
 1.00055e-06
 2.00110e-06
 2.00110e-06
 2.00110e-06
 2.00110e-06
 1.00055e-06
 1.00046e-06
 2.00092e-06
 2.00092e-06
 2.00092e-06
 2.00092e-06
 1.00046e-06
 1.00027e-06
 2.00054e-06
 2.00054e-06
 2.00054e-06
 2.00054e-06
 1.00027e-06
 1.00025e-06
 2.00049e-06
 2.00049e-06
 2.00049e-06
 2.00049e-06
 1.00025e-06
 1.00037e-06
 2.00074e-06
 2.00074e-06
 2.00074e-06
 2.00074e-06
 1.00037e-06
 1.00049e-06
 2.00097e-06
 2.00097e-06
 2.00097e-06
 2.00097e-06
 1.00049e-06
 1.00053e-06
 2.00106e-06
 2.00106e-06
 2.00106e-06
 2.00106e-06
 1.00053e-06
 1.00057e-06
 2.00114e-06
 2.00114e-06
 2.00114e-06
 2.00114e-06
 1.00057e-06
 1.00067e-06
 2.00134e-06
 2.00134e-06
 2.00134e-06
 2.00134e-06
 1.00067e-06
 1.00085e-06
 2.00171e-06
 2.00171e-06
 2.00171e-06
 2.00171e-06
 1.00085e-06
 1.00094e-06
 2.00188e-06
 2.00188e-06
 2.00188e-06
 2.00188e-06
 1.00094e-06
 1.00063e-06
 2.00126e-06
 2.00126e-06
 2.00126e-06
 2.00126e-06
 1.00063e-06
 9.99230e-07
 1.99846e-06
 1.99846e-06
 1.99846e-06
 1.99846e-06
 9.99230e-07
 9.95080e-07
 1.99016e-06
 1.99016e-06
 1.99016e-06
 1.99016e-06
 9.95080e-07
 9.85176e-07
 1.97035e-06
 1.97035e-06
 1.97035e-06
 1.97035e-06
 9.85176e-07
 9.64962e-07
 1.92992e-06
 1.92992e-06
 1.92992e-06
 1.92992e-06
 9.64962e-07
 9.28801e-07
 1.85760e-06
 1.85760e-06
 1.85760e-06
 1.85760e-06
 9.28801e-07
 8.71511e-07
 1.74302e-06
 1.74302e-06
 1.74302e-06
 1.74302e-06
 8.71511e-07
 7.91758e-07
 1.58352e-06
 1.58352e-06
 1.58352e-06
 1.58352e-06
 7.91758e-07
 7.09990e-07
 1.41998e-06
 1.41998e-06
 1.41998e-06
 1.41998e-06
 7.09990e-07
 6.53661e-07
 1.30732e-06
 1.30732e-06
 1.30732e-06
 1.30732e-06
 6.53661e-07
 6.24635e-07
 1.24927e-06
 1.24927e-06
 1.24927e-06
 1.24927e-06
 6.24635e-07
 6.12175e-07
 1.22435e-06
 1.22435e-06
 1.22435e-06
 1.22435e-06
 6.12175e-07
 6.08298e-07
 1.21660e-06
 1.21660e-06
 1.21660e-06
 1.21660e-06
 6.08298e-07
 6.07652e-07
 1.21530e-06
 1.21530e-06
 1.21530e-06
 1.21530e-06
 6.07652e-07
 6.06605e-07
 1.21321e-06
 1.21321e-06
 1.21321e-06
 1.21321e-06
 6.06605e-07
 6.00245e-07
 1.20049e-06
 1.20049e-06
 1.20049e-06
 1.20049e-06
 6.00245e-07
 5.80279e-07
 1.16056e-06
 1.16056e-06
 1.16056e-06
 1.16056e-06
 5.80279e-07
 5.38458e-07
 1.07692e-06
 1.07692e-06
 1.07692e-06
 1.07692e-06
 5.38458e-07
 4.74701e-07
 9.49402e-07
 9.49402e-07
 9.49402e-07
 9.49402e-07
 4.74701e-07
 4.04675e-07
 8.09350e-07
 8.09350e-07
 8.09350e-07
 8.09350e-07
 4.04675e-07
 3.46522e-07
 6.93044e-07
 6.93044e-07
 6.93044e-07
 6.93044e-07
 3.46522e-07
 3.05355e-07
 6.10711e-07
 6.10711e-07
 6.10711e-07
 6.10711e-07
 3.05355e-07
 2.78976e-07
 5.57952e-07
 5.57952e-07
 5.57952e-07
 5.57952e-07
 2.78976e-07
 2.63808e-07
 5.27616e-07
 5.27616e-07
 5.27616e-07
 5.27616e-07
 2.63808e-07
 2.56030e-07
 5.12060e-07
 5.12060e-07
 5.12060e-07
 5.12060e-07
 2.56030e-07
 2.52459e-07
 5.04918e-07
 5.04918e-07
 5.04918e-07
 5.04918e-07
 2.52459e-07
 2.50958e-07
 5.01915e-07
 5.01915e-07
 5.01915e-07
 5.01915e-07
 2.50958e-07
 2.50362e-07
 5.00724e-07
 5.00724e-07
 5.00724e-07
 5.00724e-07
 2.50362e-07
 2.50134e-07
 5.00268e-07
 5.00268e-07
 5.00268e-07
 5.00268e-07
 2.50134e-07
 2.50049e-07
 5.00097e-07
 5.00097e-07
 5.00097e-07
 5.00097e-07
 2.50049e-07
 2.50017e-07
 5.00035e-07
 5.00035e-07
 5.00035e-07
 5.00035e-07
 2.50017e-07
 2.50006e-07
 5.00012e-07
 5.00012e-07
 5.00012e-07
 5.00012e-07
 2.50006e-07
 2.50002e-07
 5.00004e-07
 5.00004e-07
 5.00004e-07
 5.00004e-07
 2.50002e-07
 2.50001e-07
 5.00001e-07
 5.00001e-07
 5.00001e-07
 5.00001e-07
 2.50001e-07
 2.50000e-07
 5.00000e-07
 5.00000e-07
 5.00000e-07
 5.00000e-07
 2.50000e-07
 2.50000e-07
 5.00000e-07
 5.00000e-07
 5.00000e-07
 5.00000e-07
 2.50000e-07
 2.50000e-07
 5.00000e-07
 5.00000e-07
 5.00000e-07
 5.00000e-07
 2.50000e-07
 2.50000e-07
 5.00000e-07
 5.00000e-07
 5.00000e-07
 5.00000e-07
 2.50000e-07
 2.50000e-07
 5.00000e-07
 5.00000e-07
 5.00000e-07
 5.00000e-07
 2.50000e-07
 2.50000e-07
 5.00000e-07
 5.00000e-07
 5.00000e-07
 5.00000e-07
 2.50000e-07
 1.25000e-07
 2.50000e-07
 2.50000e-07
 2.50000e-07
 2.50000e-07
 1.25000e-07
 1.00000e-06
 2.00000e-06
 2.00000e-06
 2.00000e-06
 2.00000e-06
 1.00000e-06
 2.00000e-06
 4.00000e-06
 4.00000e-06
 4.00000e-06
 4.00000e-06
 2.00000e-06
 2.00000e-06
 4.00000e-06
 4.00000e-06
 4.00000e-06
 4.00000e-06
 2.00000e-06
 2.00000e-06
 4.00000e-06
 4.00000e-06
 4.00000e-06
 4.00000e-06
 2.00000e-06
 2.00000e-06
 4.00000e-06
 4.00000e-06
 4.00000e-06
 4.00000e-06
 2.00000e-06
 2.00000e-06
 4.00000e-06
 4.00000e-06
 4.00000e-06
 4.00000e-06
 2.00000e-06
 2.00000e-06
 4.00000e-06
 4.00000e-06
 4.00000e-06
 4.00000e-06
 2.00000e-06
 2.00000e-06
 4.00000e-06
 4.00000e-06
 4.00000e-06
 4.00000e-06
 2.00000e-06
 2.00000e-06
 4.00000e-06
 4.00000e-06
 4.00000e-06
 4.00000e-06
 2.00000e-06
 2.00000e-06
 4.00000e-06
 4.00000e-06
 4.00000e-06
 4.00000e-06
 2.00000e-06
 2.00000e-06
 4.00000e-06
 4.00000e-06
 4.00000e-06
 4.00000e-06
 2.00000e-06
 2.00000e-06
 4.00000e-06
 4.00000e-06
 4.00000e-06
 4.00000e-06
 2.00000e-06
 2.00000e-06
 4.00000e-06
 4.00000e-06
 4.00000e-06
 4.00000e-06
 2.00000e-06
 2.00000e-06
 4.00000e-06
 4.00000e-06
 4.00000e-06
 4.00000e-06
 2.00000e-06
 2.00000e-06
 4.00000e-06
 4.00000e-06
 4.00000e-06
 4.00000e-06
 2.00000e-06
 2.00000e-06
 4.00000e-06
 4.00000e-06
 4.00000e-06
 4.00000e-06
 2.00000e-06
 2.00000e-06
 4.00000e-06
 4.00000e-06
 4.00000e-06
 4.00000e-06
 2.00000e-06
 2.00000e-06
 4.00000e-06
 4.00000e-06
 4.00000e-06
 4.00000e-06
 2.00000e-06
 2.00000e-06
 4.00000e-06
 4.00000e-06
 4.00000e-06
 4.00000e-06
 2.00000e-06
 2.00000e-06
 4.00000e-06
 4.00000e-06
 4.00000e-06
 4.00000e-06
 2.00000e-06
 2.00000e-06
 3.99999e-06
 3.99999e-06
 3.99999e-06
 3.99999e-06
 2.00000e-06
 1.99998e-06
 3.99997e-06
 3.99997e-06
 3.99997e-06
 3.99997e-06
 1.99998e-06
 1.99992e-06
 3.99984e-06
 3.99984e-06
 3.99984e-06
 3.99984e-06
 1.99992e-06
 1.99964e-06
 3.99928e-06
 3.99928e-06
 3.99928e-06
 3.99928e-06
 1.99964e-06
 1.99860e-06
 3.99720e-06
 3.99720e-06
 3.99720e-06
 3.99720e-06
 1.99860e-06
 1.99522e-06
 3.99045e-06
 3.99045e-06
 3.99045e-06
 3.99045e-06
 1.99522e-06
 1.98595e-06
 3.97189e-06
 3.97189e-06
 3.97189e-06
 3.97189e-06
 1.98595e-06
 1.96474e-06
 3.92947e-06
 3.92947e-06
 3.92947e-06
 3.92947e-06
 1.96474e-06
 1.92501e-06
 3.85003e-06
 3.85003e-06
 3.85003e-06
 3.85003e-06
 1.92501e-06
 1.86397e-06
 3.72793e-06
 3.72793e-06
 3.72793e-06
 3.72793e-06
 1.86397e-06
 1.78495e-06
 3.56990e-06
 3.56990e-06
 3.56990e-06
 3.56990e-06
 1.78495e-06
 1.69476e-06
 3.38953e-06
 3.38953e-06
 3.38953e-06
 3.38953e-06
 1.69476e-06
 1.59938e-06
 3.19875e-06
 3.19875e-06
 3.19875e-06
 3.19875e-06
 1.59938e-06
 1.50259e-06
 3.00518e-06
 3.00518e-06
 3.00518e-06
 3.00518e-06
 1.50259e-06
 1.40701e-06
 2.81403e-06
 2.81403e-06
 2.81403e-06
 2.81403e-06
 1.40701e-06
 1.31452e-06
 2.62903e-06
 2.62903e-06
 2.62903e-06
 2.62903e-06
 1.31452e-06
 1.22629e-06
 2.45257e-06
 2.45257e-06
 2.45257e-06
 2.45257e-06
 1.22629e-06
 1.14499e-06
 2.28998e-06
 2.28998e-06
 2.28998e-06
 2.28998e-06
 1.14499e-06
 1.07922e-06
 2.15845e-06
 2.15845e-06
 2.15845e-06
 2.15845e-06
 1.07922e-06
 1.04445e-06
 2.08891e-06
 2.08891e-06
 2.08891e-06
 2.08891e-06
 1.04445e-06
 1.03126e-06
 2.06253e-06
 2.06253e-06
 2.06253e-06
 2.06253e-06
 1.03126e-06
 1.02011e-06
 2.04021e-06
 2.04021e-06
 2.04021e-06
 2.04021e-06
 1.02011e-06
 1.00998e-06
 2.01996e-06
 2.01996e-06
 2.01996e-06
 2.01996e-06
 1.00998e-06
 1.00481e-06
 2.00961e-06
 2.00961e-06
 2.00961e-06
 2.00961e-06
 1.00481e-06
 1.00384e-06
 2.00767e-06
 2.00767e-06
 2.00767e-06
 2.00767e-06
 1.00384e-06
 1.00239e-06
 2.00477e-06
 2.00477e-06
 2.00477e-06
 2.00477e-06
 1.00239e-06
 1.00114e-06
 2.00228e-06
 2.00228e-06
 2.00228e-06
 2.00228e-06
 1.00114e-06
 1.00063e-06
 2.00127e-06
 2.00127e-06
 2.00127e-06
 2.00127e-06
 1.00063e-06
 1.00051e-06
 2.00102e-06
 2.00102e-06
 2.00102e-06
 2.00102e-06
 1.00051e-06
 1.00055e-06
 2.00110e-06
 2.00110e-06
 2.00110e-06
 2.00110e-06
 1.00055e-06
 1.00046e-06
 2.00092e-06
 2.00092e-06
 2.00092e-06
 2.00092e-06
 1.00046e-06
 1.00027e-06
 2.00054e-06
 2.00054e-06
 2.00054e-06
 2.00054e-06
 1.00027e-06
 1.00025e-06
 2.00049e-06
 2.00049e-06
 2.00049e-06
 2.00049e-06
 1.00025e-06
 1.00037e-06
 2.00074e-06
 2.00074e-06
 2.00074e-06
 2.00074e-06
 1.00037e-06
 1.00049e-06
 2.00097e-06
 2.00097e-06
 2.00097e-06
 2.00097e-06
 1.00049e-06
 1.00053e-06
 2.00106e-06
 2.00106e-06
 2.00106e-06
 2.00106e-06
 1.00053e-06
 1.00057e-06
 2.00114e-06
 2.00114e-06
 2.00114e-06
 2.00114e-06
 1.00057e-06
 1.00067e-06
 2.00134e-06
 2.00134e-06
 2.00134e-06
 2.00134e-06
 1.00067e-06
 1.00085e-06
 2.00171e-06
 2.00171e-06
 2.00171e-06
 2.00171e-06
 1.00085e-06
 1.00094e-06
 2.00188e-06
 2.00188e-06
 2.00188e-06
 2.00188e-06
 1.00094e-06
 1.00063e-06
 2.00126e-06
 2.00126e-06
 2.00126e-06
 2.00126e-06
 1.00063e-06
 9.99230e-07
 1.99846e-06
 1.99846e-06
 1.99846e-06
 1.99846e-06
 9.99230e-07
 9.95080e-07
 1.99016e-06
 1.99016e-06
 1.99016e-06
 1.99016e-06
 9.95080e-07
 9.85176e-07
 1.97035e-06
 1.97035e-06
 1.97035e-06
 1.97035e-06
 9.85176e-07
 9.64962e-07
 1.92992e-06
 1.92992e-06
 1.92992e-06
 1.92992e-06
 9.64962e-07
 9.28801e-07
 1.85760e-06
 1.85760e-06
 1.85760e-06
 1.85760e-06
 9.28801e-07
 8.71511e-07
 1.74302e-06
 1.74302e-06
 1.74302e-06
 1.74302e-06
 8.71511e-07
 7.91758e-07
 1.58352e-06
 1.58352e-06
 1.58352e-06
 1.58352e-06
 7.91758e-07
 7.09990e-07
 1.41998e-06
 1.41998e-06
 1.41998e-06
 1.41998e-06
 7.09990e-07
 6.53661e-07
 1.30732e-06
 1.30732e-06
 1.30732e-06
 1.30732e-06
 6.53661e-07
 6.24635e-07
 1.24927e-06
 1.24927e-06
 1.24927e-06
 1.24927e-06
 6.24635e-07
 6.12175e-07
 1.22435e-06
 1.22435e-06
 1.22435e-06
 1.22435e-06
 6.12175e-07
 6.08298e-07
 1.21660e-06
 1.21660e-06
 1.21660e-06
 1.21660e-06
 6.08298e-07
 6.07652e-07
 1.21530e-06
 1.21530e-06
 1.21530e-06
 1.21530e-06
 6.07652e-07
 6.06605e-07
 1.21321e-06
 1.21321e-06
 1.21321e-06
 1.21321e-06
 6.06605e-07
 6.00245e-07
 1.20049e-06
 1.20049e-06
 1.20049e-06
 1.20049e-06
 6.00245e-07
 5.80279e-07
 1.16056e-06
 1.16056e-06
 1.16056e-06
 1.16056e-06
 5.80279e-07
 5.38458e-07
 1.07692e-06
 1.07692e-06
 1.07692e-06
 1.07692e-06
 5.38458e-07
 4.74701e-07
 9.49402e-07
 9.49402e-07
 9.49402e-07
 9.49402e-07
 4.74701e-07
 4.04675e-07
 8.09350e-07
 8.09350e-07
 8.09350e-07
 8.09350e-07
 4.04675e-07
 3.46522e-07
 6.93044e-07
 6.93044e-07
 6.93044e-07
 6.93044e-07
 3.46522e-07
 3.05355e-07
 6.10711e-07
 6.10711e-07
 6.10711e-07
 6.10711e-07
 3.05355e-07
 2.78976e-07
 5.57952e-07
 5.57952e-07
 5.57952e-07
 5.57952e-07
 2.78976e-07
 2.63808e-07
 5.27616e-07
 5.27616e-07
 5.27616e-07
 5.27616e-07
 2.63808e-07
 2.56030e-07
 5.12060e-07
 5.12060e-07
 5.12060e-07
 5.12060e-07
 2.56030e-07
 2.52459e-07
 5.04918e-07
 5.04918e-07
 5.04918e-07
 5.04918e-07
 2.52459e-07
 2.50958e-07
 5.01915e-07
 5.01915e-07
 5.01915e-07
 5.01915e-07
 2.50958e-07
 2.50362e-07
 5.00724e-07
 5.00724e-07
 5.00724e-07
 5.00724e-07
 2.50362e-07
 2.50134e-07
 5.00268e-07
 5.00268e-07
 5.00268e-07
 5.00268e-07
 2.50134e-07
 2.50049e-07
 5.00097e-07
 5.00097e-07
 5.00097e-07
 5.00097e-07
 2.50049e-07
 2.50017e-07
 5.00035e-07
 5.00035e-07
 5.00035e-07
 5.00035e-07
 2.50017e-07
 2.50006e-07
 5.00012e-07
 5.00012e-07
 5.00012e-07
 5.00012e-07
 2.50006e-07
 2.50002e-07
 5.00004e-07
 5.00004e-07
 5.00004e-07
 5.00004e-07
 2.50002e-07
 2.50001e-07
 5.00001e-07
 5.00001e-07
 5.00001e-07
 5.00001e-07
 2.50001e-07
 2.50000e-07
 5.00000e-07
 5.00000e-07
 5.00000e-07
 5.00000e-07
 2.50000e-07
 2.50000e-07
 5.00000e-07
 5.00000e-07
 5.00000e-07
 5.00000e-07
 2.50000e-07
 2.50000e-07
 5.00000e-07
 5.00000e-07
 5.00000e-07
 5.00000e-07
 2.50000e-07
 2.50000e-07
 5.00000e-07
 5.00000e-07
 5.00000e-07
 5.00000e-07
 2.50000e-07
 2.50000e-07
 5.00000e-07
 5.00000e-07
 5.00000e-07
 5.00000e-07
 2.50000e-07
 2.50000e-07
 5.00000e-07
 5.00000e-07
 5.00000e-07
 5.00000e-07
 2.50000e-07
 1.25000e-07
 2.50000e-07
 2.50000e-07
 2.50000e-07
 2.50000e-07
 1.25000e-07
 5.00000e-07
 1.00000e-06
 1.00000e-06
 1.00000e-06
 1.00000e-06
 5.00000e-07
 1.00000e-06
 2.00000e-06
 2.00000e-06
 2.00000e-06
 2.00000e-06
 1.00000e-06
 1.00000e-06
 2.00000e-06
 2.00000e-06
 2.00000e-06
 2.00000e-06
 1.00000e-06
 1.00000e-06
 2.00000e-06
 2.00000e-06
 2.00000e-06
 2.00000e-06
 1.00000e-06
 1.00000e-06
 2.00000e-06
 2.00000e-06
 2.00000e-06
 2.00000e-06
 1.00000e-06
 1.00000e-06
 2.00000e-06
 2.00000e-06
 2.00000e-06
 2.00000e-06
 1.00000e-06
 1.00000e-06
 2.00000e-06
 2.00000e-06
 2.00000e-06
 2.00000e-06
 1.00000e-06
 1.00000e-06
 2.00000e-06
 2.00000e-06
 2.00000e-06
 2.00000e-06
 1.00000e-06
 1.00000e-06
 2.00000e-06
 2.00000e-06
 2.00000e-06
 2.00000e-06
 1.00000e-06
 1.00000e-06
 2.00000e-06
 2.00000e-06
 2.00000e-06
 2.00000e-06
 1.00000e-06
 1.00000e-06
 2.00000e-06
 2.00000e-06
 2.00000e-06
 2.00000e-06
 1.00000e-06
 1.00000e-06
 2.00000e-06
 2.00000e-06
 2.00000e-06
 2.00000e-06
 1.00000e-06
 1.00000e-06
 2.00000e-06
 2.00000e-06
 2.00000e-06
 2.00000e-06
 1.00000e-06
 1.00000e-06
 2.00000e-06
 2.00000e-06
 2.00000e-06
 2.00000e-06
 1.00000e-06
 1.00000e-06
 2.00000e-06
 2.00000e-06
 2.00000e-06
 2.00000e-06
 1.00000e-06
 1.00000e-06
 2.00000e-06
 2.00000e-06
 2.00000e-06
 2.00000e-06
 1.00000e-06
 1.00000e-06
 2.00000e-06
 2.00000e-06
 2.00000e-06
 2.00000e-06
 1.00000e-06
 1.00000e-06
 2.00000e-06
 2.00000e-06
 2.00000e-06
 2.00000e-06
 1.00000e-06
 1.00000e-06
 2.00000e-06
 2.00000e-06
 2.00000e-06
 2.00000e-06
 1.00000e-06
 1.00000e-06
 2.00000e-06
 2.00000e-06
 2.00000e-06
 2.00000e-06
 1.00000e-06
 9.99998e-07
 2.00000e-06
 2.00000e-06
 2.00000e-06
 2.00000e-06
 9.99998e-07
 9.99992e-07
 1.99998e-06
 1.99998e-06
 1.99998e-06
 1.99998e-06
 9.99992e-07
 9.99959e-07
 1.99992e-06
 1.99992e-06
 1.99992e-06
 1.99992e-06
 9.99959e-07
 9.99820e-07
 1.99964e-06
 1.99964e-06
 1.99964e-06
 1.99964e-06
 9.99820e-07
 9.99299e-07
 1.99860e-06
 1.99860e-06
 1.99860e-06
 1.99860e-06
 9.99299e-07
 9.97612e-07
 1.99522e-06
 1.99522e-06
 1.99522e-06
 1.99522e-06
 9.97612e-07
 9.92973e-07
 1.98595e-06
 1.98595e-06
 1.98595e-06
 1.98595e-06
 9.92973e-07
 9.82368e-07
 1.96474e-06
 1.96474e-06
 1.96474e-06
 1.96474e-06
 9.82368e-07
 9.62507e-07
 1.92501e-06
 1.92501e-06
 1.92501e-06
 1.92501e-06
 9.62507e-07
 9.31983e-07
 1.86397e-06
 1.86397e-06
 1.86397e-06
 1.86397e-06
 9.31983e-07
 8.92474e-07
 1.78495e-06
 1.78495e-06
 1.78495e-06
 1.78495e-06
 8.92474e-07
 8.47382e-07
 1.69476e-06
 1.69476e-06
 1.69476e-06
 1.69476e-06
 8.47382e-07
 7.99688e-07
 1.59938e-06
 1.59938e-06
 1.59938e-06
 1.59938e-06
 7.99688e-07
 7.51295e-07
 1.50259e-06
 1.50259e-06
 1.50259e-06
 1.50259e-06
 7.51295e-07
 7.03507e-07
 1.40701e-06
 1.40701e-06
 1.40701e-06
 1.40701e-06
 7.03507e-07
 6.57258e-07
 1.31452e-06
 1.31452e-06
 1.31452e-06
 1.31452e-06
 6.57258e-07
 6.13143e-07
 1.22629e-06
 1.22629e-06
 1.22629e-06
 1.22629e-06
 6.13143e-07
 5.72494e-07
 1.14499e-06
 1.14499e-06
 1.14499e-06
 1.14499e-06
 5.72494e-07
 5.39612e-07
 1.07922e-06
 1.07922e-06
 1.07922e-06
 1.07922e-06
 5.39612e-07
 5.22227e-07
 1.04445e-06
 1.04445e-06
 1.04445e-06
 1.04445e-06
 5.22227e-07
 5.15632e-07
 1.03126e-06
 1.03126e-06
 1.03126e-06
 1.03126e-06
 5.15632e-07
 5.10053e-07
 1.02011e-06
 1.02011e-06
 1.02011e-06
 1.02011e-06
 5.10053e-07
 5.04991e-07
 1.00998e-06
 1.00998e-06
 1.00998e-06
 1.00998e-06
 5.04991e-07
 5.02403e-07
 1.00481e-06
 1.00481e-06
 1.00481e-06
 1.00481e-06
 5.02403e-07
 5.01918e-07
 1.00384e-06
 1.00384e-06
 1.00384e-06
 1.00384e-06
 5.01918e-07
 5.01194e-07
 1.00239e-06
 1.00239e-06
 1.00239e-06
 1.00239e-06
 5.01194e-07
 5.00570e-07
 1.00114e-06
 1.00114e-06
 1.00114e-06
 1.00114e-06
 5.00570e-07
 5.00317e-07
 1.00063e-06
 1.00063e-06
 1.00063e-06
 1.00063e-06
 5.00317e-07
 5.00254e-07
 1.00051e-06
 1.00051e-06
 1.00051e-06
 1.00051e-06
 5.00254e-07
 5.00275e-07
 1.00055e-06
 1.00055e-06
 1.00055e-06
 1.00055e-06
 5.00275e-07
 5.00230e-07
 1.00046e-06
 1.00046e-06
 1.00046e-06
 1.00046e-06
 5.00230e-07
 5.00135e-07
 1.00027e-06
 1.00027e-06
 1.00027e-06
 1.00027e-06
 5.00135e-07
 5.00123e-07
 1.00025e-06
 1.00025e-06
 1.00025e-06
 1.00025e-06
 5.00123e-07
 5.00185e-07
 1.00037e-06
 1.00037e-06
 1.00037e-06
 1.00037e-06
 5.00185e-07
 5.00244e-07
 1.00049e-06
 1.00049e-06
 1.00049e-06
 1.00049e-06
 5.00244e-07
 5.00266e-07
 1.00053e-06
 1.00053e-06
 1.00053e-06
 1.00053e-06
 5.00266e-07
 5.00285e-07
 1.00057e-06
 1.00057e-06
 1.00057e-06
 1.00057e-06
 5.00285e-07
 5.00335e-07
 1.00067e-06
 1.00067e-06
 1.00067e-06
 1.00067e-06
 5.00335e-07
 5.00427e-07
 1.00085e-06
 1.00085e-06
 1.00085e-06
 1.00085e-06
 5.00427e-07
 5.00471e-07
 1.00094e-06
 1.00094e-06
 1.00094e-06
 1.00094e-06
 5.00471e-07
 5.00315e-07
 1.00063e-06
 1.00063e-06
 1.00063e-06
 1.00063e-06
 5.00315e-07
 4.99615e-07
 9.99230e-07
 9.99230e-07
 9.99230e-07
 9.99230e-07
 4.99615e-07
 4.97540e-07
 9.95080e-07
 9.95080e-07
 9.95080e-07
 9.95080e-07
 4.97540e-07
 4.92588e-07
 9.85176e-07
 9.85176e-07
 9.85176e-07
 9.85176e-07
 4.92588e-07
 4.82481e-07
 9.64962e-07
 9.64962e-07
 9.64962e-07
 9.64962e-07
 4.82481e-07
 4.64401e-07
 9.28801e-07
 9.28801e-07
 9.28801e-07
 9.28801e-07
 4.64401e-07
 4.35756e-07
 8.71511e-07
 8.71511e-07
 8.71511e-07
 8.71511e-07
 4.35756e-07
 3.95879e-07
 7.91758e-07
 7.91758e-07
 7.91758e-07
 7.91758e-07
 3.95879e-07
 3.54995e-07
 7.09990e-07
 7.09990e-07
 7.09990e-07
 7.09990e-07
 3.54995e-07
 3.26831e-07
 6.53661e-07
 6.53661e-07
 6.53661e-07
 6.53661e-07
 3.26831e-07
 3.12318e-07
 6.24635e-07
 6.24635e-07
 6.24635e-07
 6.24635e-07
 3.12318e-07
 3.06087e-07
 6.12175e-07
 6.12175e-07
 6.12175e-07
 6.12175e-07
 3.06087e-07
 3.04149e-07
 6.08298e-07
 6.08298e-07
 6.08298e-07
 6.08298e-07
 3.04149e-07
 3.03826e-07
 6.07652e-07
 6.07652e-07
 6.07652e-07
 6.07652e-07
 3.03826e-07
 3.03303e-07
 6.06605e-07
 6.06605e-07
 6.06605e-07
 6.06605e-07
 3.03303e-07
 3.00122e-07
 6.00245e-07
 6.00245e-07
 6.00245e-07
 6.00245e-07
 3.00122e-07
 2.90139e-07
 5.80279e-07
 5.80279e-07
 5.80279e-07
 5.80279e-07
 2.90139e-07
 2.69229e-07
 5.38458e-07
 5.38458e-07
 5.38458e-07
 5.38458e-07
 2.69229e-07
 2.37351e-07
 4.74701e-07
 4.74701e-07
 4.74701e-07
 4.74701e-07
 2.37351e-07
 2.02338e-07
 4.04675e-07
 4.04675e-07
 4.04675e-07
 4.04675e-07
 2.02338e-07
 1.73261e-07
 3.46522e-07
 3.46522e-07
 3.46522e-07
 3.46522e-07
 1.73261e-07
 1.52678e-07
 3.05355e-07
 3.05355e-07
 3.05355e-07
 3.05355e-07
 1.52678e-07
 1.39488e-07
 2.78976e-07
 2.78976e-07
 2.78976e-07
 2.78976e-07
 1.39488e-07
 1.31904e-07
 2.63808e-07
 2.63808e-07
 2.63808e-07
 2.63808e-07
 1.31904e-07
 1.28015e-07
 2.56030e-07
 2.56030e-07
 2.56030e-07
 2.56030e-07
 1.28015e-07
 1.26230e-07
 2.52459e-07
 2.52459e-07
 2.52459e-07
 2.52459e-07
 1.26230e-07
 1.25479e-07
 2.50958e-07
 2.50958e-07
 2.50958e-07
 2.50958e-07
 1.25479e-07
 1.25181e-07
 2.50362e-07
 2.50362e-07
 2.50362e-07
 2.50362e-07
 1.25181e-07
 1.25067e-07
 2.50134e-07
 2.50134e-07
 2.50134e-07
 2.50134e-07
 1.25067e-07
 1.25024e-07
 2.50049e-07
 2.50049e-07
 2.50049e-07
 2.50049e-07
 1.25024e-07
 1.25009e-07
 2.50017e-07
 2.50017e-07
 2.50017e-07
 2.50017e-07
 1.25009e-07
 1.25003e-07
 2.50006e-07
 2.50006e-07
 2.50006e-07
 2.50006e-07
 1.25003e-07
 1.25001e-07
 2.50002e-07
 2.50002e-07
 2.50002e-07
 2.50002e-07
 1.25001e-07
 1.25000e-07
 2.50001e-07
 2.50001e-07
 2.50001e-07
 2.50001e-07
 1.25000e-07
 1.25000e-07
 2.50000e-07
 2.50000e-07
 2.50000e-07
 2.50000e-07
 1.25000e-07
 1.25000e-07
 2.50000e-07
 2.50000e-07
 2.50000e-07
 2.50000e-07
 1.25000e-07
 1.25000e-07
 2.50000e-07
 2.50000e-07
 2.50000e-07
 2.50000e-07
 1.25000e-07
 1.25000e-07
 2.50000e-07
 2.50000e-07
 2.50000e-07
 2.50000e-07
 1.25000e-07
 1.25000e-07
 2.50000e-07
 2.50000e-07
 2.50000e-07
 2.50000e-07
 1.25000e-07
 1.25000e-07
 2.50000e-07
 2.50000e-07
 2.50000e-07
 2.50000e-07
 1.25000e-07
 6.25000e-08
 1.25000e-07
 1.25000e-07
 1.25000e-07
 1.25000e-07
 6.25000e-08
