PseudoViscosity
part
         1
hexa8
 1.93902e-15
 9.69512e-16
 1.45415e-32
 1.93902e-15
 3.76325e-31
 9.69512e-16
 2.21913e-31
 9.69512e-16
 1.13536e-31
 0.00000e+00
 2.77047e-32
 9.69512e-16
 9.69512e-16
 0.00000e+00
 0.00000e+00
 1.93902e-15
 1.93902e-15
 9.69512e-16
 1.95741e-31
 0.00000e+00
 1.04435e-31
 5.59646e-31
 1.33922e-32
 0.00000e+00
 0.00000e+00
 9.69512e-16
 1.93902e-15
 0.00000e+00
 1.04652e-30
 0.00000e+00
 7.24502e-32
 9.69512e-16
 1.88369e-32
 2.90853e-15
 6.12800e-31
 2.68558e-31
 9.69512e-16
 2.03391e-31
 0.00000e+00
 9.69512e-16
 0.00000e+00
 1.54074e-31
 0.00000e+00
 0.00000e+00
 8.50328e-31
 0.00000e+00
 0.00000e+00
 0.00000e+00
 0.00000e+00
 0.00000e+00
 0.00000e+00
 0.00000e+00
 0.00000e+00
 0.00000e+00
 0.00000e+00
 0.00000e+00
 0.00000e+00
 0.00000e+00
 0.00000e+00
 0.00000e+00
 0.00000e+00
 0.00000e+00
 0.00000e+00
 0.00000e+00
 0.00000e+00
 0.00000e+00
 0.00000e+00
 0.00000e+00
 0.00000e+00
 0.00000e+00
 0.00000e+00
 0.00000e+00
 0.00000e+00
 0.00000e+00
 0.00000e+00
 0.00000e+00
 0.00000e+00
 0.00000e+00
 0.00000e+00
 0.00000e+00
 0.00000e+00
 0.00000e+00
 0.00000e+00
 0.00000e+00
 0.00000e+00
 0.00000e+00
 0.00000e+00
 0.00000e+00
 0.00000e+00
 0.00000e+00
 0.00000e+00
 0.00000e+00
 0.00000e+00
 0.00000e+00
 0.00000e+00
 0.00000e+00
 0.00000e+00
 0.00000e+00
 0.00000e+00
 0.00000e+00
 0.00000e+00
 0.00000e+00
 0.00000e+00
 0.00000e+00
 0.00000e+00
 0.00000e+00
 0.00000e+00
 0.00000e+00
 0.00000e+00
 0.00000e+00
 0.00000e+00
 0.00000e+00
 0.00000e+00
 0.00000e+00
 0.00000e+00
 0.00000e+00
 0.00000e+00
 0.00000e+00
 0.00000e+00
 0.00000e+00
 0.00000e+00
 0.00000e+00
 0.00000e+00
 0.00000e+00
 0.00000e+00
 9.69512e-16
 9.69512e-16
 8.55804e-32
 9.69512e-16
 2.20274e-31
 9.69512e-16
 9.69512e-16
 9.69512e-16
 5.09855e-32
 1.68183e-31
 0.00000e+00
 6.04727e-32
 7.34628e-32
 6.23488e-31
 0.00000e+00
 0.00000e+00
 0.00000e+00
 0.00000e+00
 1.93902e-15
 2.03281e-31
 0.00000e+00
 0.00000e+00
 0.00000e+00
 0.00000e+00
 1.76395e-32
 9.69512e-16
 1.45066e-31
 0.00000e+00
 0.00000e+00
 0.00000e+00
 1.87909e-31
 4.32698e-31
 0.00000e+00
 2.44888e-31
 0.00000e+00
 9.69512e-16
 9.69512e-16
 1.54074e-31
 0.00000e+00
 2.18419e-31
 2.86695e-31
 3.20487e-31
 0.00000e+00
 0.00000e+00
 0.00000e+00
 0.00000e+00
 0.00000e+00
 0.00000e+00
 0.00000e+00
 0.00000e+00
 0.00000e+00
 0.00000e+00
 0.00000e+00
 0.00000e+00
 0.00000e+00
 0.00000e+00
 0.00000e+00
 0.00000e+00
 0.00000e+00
 0.00000e+00
 0.00000e+00
 0.00000e+00
 0.00000e+00
 0.00000e+00
 0.00000e+00
 0.00000e+00
 0.00000e+00
 0.00000e+00
 0.00000e+00
 0.00000e+00
 0.00000e+00
 0.00000e+00
 0.00000e+00
 0.00000e+00
 0.00000e+00
 0.00000e+00
 0.00000e+00
 0.00000e+00
 0.00000e+00
 0.00000e+00
 0.00000e+00
 0.00000e+00
 0.00000e+00
 0.00000e+00
 0.00000e+00
 0.00000e+00
 0.00000e+00
 0.00000e+00
 0.00000e+00
 0.00000e+00
 0.00000e+00
 0.00000e+00
 0.00000e+00
 0.00000e+00
 0.00000e+00
 0.00000e+00
 0.00000e+00
 0.00000e+00
 0.00000e+00
 0.00000e+00
 0.00000e+00
 0.00000e+00
 0.00000e+00
 0.00000e+00
 0.00000e+00
 0.00000e+00
 0.00000e+00
 0.00000e+00
 0.00000e+00
 0.00000e+00
 0.00000e+00
 0.00000e+00
 0.00000e+00
 0.00000e+00
 0.00000e+00
 0.00000e+00
 0.00000e+00
 0.00000e+00
 0.00000e+00
 0.00000e+00
 0.00000e+00
 0.00000e+00
 0.00000e+00
 0.00000e+00
 0.00000e+00
 9.69512e-16
 9.69512e-16
 7.04848e-32
 5.18524e-31
 4.60633e-32
 5.39435e-32
 5.51265e-32
 0.00000e+00
 1.93902e-15
 1.93902e-15
 0.00000e+00
 0.00000e+00
 0.00000e+00
 3.90013e-31
 6.93042e-31
 1.68183e-31
 0.00000e+00
 1.90773e-31
 9.69512e-16
 2.13767e-31
 9.69512e-16
 6.87112e-32
 9.69512e-16
 4.47058e-31
 1.93902e-15
 1.93902e-15
 0.00000e+00
 1.06822e-31
 9.69512e-16
 7.71256e-31
 0.00000e+00
 0.00000e+00
 0.00000e+00
 0.00000e+00
 0.00000e+00
 0.00000e+00
 0.00000e+00
 1.97799e-31
 1.44803e-31
 9.69512e-16
 0.00000e+00
 0.00000e+00
 0.00000e+00
 0.00000e+00
 7.84570e-31
 0.00000e+00
 0.00000e+00
 0.00000e+00
 0.00000e+00
 0.00000e+00
 0.00000e+00
 0.00000e+00
 0.00000e+00
 0.00000e+00
 0.00000e+00
 0.00000e+00
 0.00000e+00
 0.00000e+00
 0.00000e+00
 0.00000e+00
 0.00000e+00
 0.00000e+00
 0.00000e+00
 0.00000e+00
 0.00000e+00
 0.00000e+00
 0.00000e+00
 0.00000e+00
 0.00000e+00
 0.00000e+00
 0.00000e+00
 0.00000e+00
 0.00000e+00
 0.00000e+00
 0.00000e+00
 0.00000e+00
 0.00000e+00
 0.00000e+00
 0.00000e+00
 0.00000e+00
 0.00000e+00
 0.00000e+00
 0.00000e+00
 0.00000e+00
 0.00000e+00
 0.00000e+00
 0.00000e+00
 0.00000e+00
 0.00000e+00
 0.00000e+00
 0.00000e+00
 0.00000e+00
 0.00000e+00
 0.00000e+00
 0.00000e+00
 0.00000e+00
 0.00000e+00
 0.00000e+00
 0.00000e+00
 0.00000e+00
 0.00000e+00
 0.00000e+00
 0.00000e+00
 0.00000e+00
 0.00000e+00
 0.00000e+00
 0.00000e+00
 0.00000e+00
 0.00000e+00
 0.00000e+00
 0.00000e+00
 0.00000e+00
 0.00000e+00
 0.00000e+00
 0.00000e+00
 0.00000e+00
 0.00000e+00
 0.00000e+00
 0.00000e+00
 0.00000e+00
 0.00000e+00
 0.00000e+00
 0.00000e+00
 0.00000e+00
 0.00000e+00
 9.69512e-16
 1.93902e-15
 0.00000e+00
 0.00000e+00
 1.93902e-15
 4.83966e-31
 3.87805e-15
 0.00000e+00
 2.77119e-32
 2.90853e-15
 9.69512e-16
 1.93902e-15
 0.00000e+00
 5.96960e-31
 1.33401e-30
 2.90853e-15
 4.35089e-32
 9.69512e-16
 1.93902e-15
 2.85416e-31
 1.03877e-31
 3.03806e-31
 1.93902e-15
 0.00000e+00
 0.00000e+00
 9.69512e-16
 0.00000e+00
 6.25436e-32
 1.46756e-31
 0.00000e+00
 1.10602e-31
 0.00000e+00
 0.00000e+00
 5.57336e-31
 0.00000e+00
 0.00000e+00
 4.00644e-31
 9.69512e-16
 1.93902e-15
 3.60693e-31
 0.00000e+00
 0.00000e+00
 2.72051e-32
 0.00000e+00
 0.00000e+00
 0.00000e+00
 0.00000e+00
 0.00000e+00
 0.00000e+00
 0.00000e+00
 0.00000e+00
 0.00000e+00
 0.00000e+00
 0.00000e+00
 0.00000e+00
 0.00000e+00
 0.00000e+00
 0.00000e+00
 0.00000e+00
 0.00000e+00
 0.00000e+00
 0.00000e+00
 0.00000e+00
 0.00000e+00
 0.00000e+00
 0.00000e+00
 0.00000e+00
 0.00000e+00
 0.00000e+00
 0.00000e+00
 0.00000e+00
 0.00000e+00
 0.00000e+00
 0.00000e+00
 0.00000e+00
 0.00000e+00
 0.00000e+00
 0.00000e+00
 0.00000e+00
 0.00000e+00
 0.00000e+00
 0.00000e+00
 0.00000e+00
 0.00000e+00
 0.00000e+00
 0.00000e+00
 0.00000e+00
 0.00000e+00
 0.00000e+00
 0.00000e+00
 0.00000e+00
 0.00000e+00
 0.00000e+00
 0.00000e+00
 0.00000e+00
 0.00000e+00
 0.00000e+00
 0.00000e+00
 0.00000e+00
 0.00000e+00
 0.00000e+00
 0.00000e+00
 0.00000e+00
 0.00000e+00
 0.00000e+00
 0.00000e+00
 0.00000e+00
 0.00000e+00
 0.00000e+00
 0.00000e+00
 0.00000e+00
 0.00000e+00
 0.00000e+00
 0.00000e+00
 0.00000e+00
 0.00000e+00
 0.00000e+00
 0.00000e+00
 0.00000e+00
 0.00000e+00
 0.00000e+00
 0.00000e+00
 0.00000e+00
 0.00000e+00
 0.00000e+00
 7.70372e-32
 2.19238e-31
 0.00000e+00
 0.00000e+00
 0.00000e+00
 0.00000e+00
 4.32179e-31
 9.69512e-16
 2.17046e-31
 1.93902e-15
 2.12136e-31
 6.09298e-31
 9.69512e-16
 2.48514e-31
 2.57449e-31
 2.90853e-15
 9.69512e-16
 1.54074e-31
 6.39434e-32
 0.00000e+00
 0.00000e+00
 0.00000e+00
 6.62814e-32
 9.55159e-31
 0.00000e+00
 0.00000e+00
 0.00000e+00
 9.69512e-16
 1.93902e-15
 2.29007e-31
 0.00000e+00
 6.74318e-31
 3.75001e-31
 3.10015e-31
 0.00000e+00
 0.00000e+00
 2.90853e-15
 1.12854e-30
 0.00000e+00
 0.00000e+00
 0.00000e+00
 0.00000e+00
 0.00000e+00
 0.00000e+00
 0.00000e+00
 0.00000e+00
 0.00000e+00
 0.00000e+00
 0.00000e+00
 0.00000e+00
 0.00000e+00
 0.00000e+00
 0.00000e+00
 0.00000e+00
 0.00000e+00
 0.00000e+00
 0.00000e+00
 0.00000e+00
 0.00000e+00
 0.00000e+00
 0.00000e+00
 0.00000e+00
 0.00000e+00
 0.00000e+00
 0.00000e+00
 0.00000e+00
 0.00000e+00
 0.00000e+00
 0.00000e+00
 0.00000e+00
 0.00000e+00
 0.00000e+00
 0.00000e+00
 0.00000e+00
 0.00000e+00
 0.00000e+00
 0.00000e+00
 0.00000e+00
 0.00000e+00
 0.00000e+00
 0.00000e+00
 0.00000e+00
 0.00000e+00
 0.00000e+00
 0.00000e+00
 0.00000e+00
 0.00000e+00
 0.00000e+00
 0.00000e+00
 0.00000e+00
 0.00000e+00
 0.00000e+00
 0.00000e+00
 0.00000e+00
 0.00000e+00
 0.00000e+00
 0.00000e+00
 0.00000e+00
 0.00000e+00
 0.00000e+00
 0.00000e+00
 0.00000e+00
 0.00000e+00
 0.00000e+00
 0.00000e+00
 0.00000e+00
 0.00000e+00
 0.00000e+00
 0.00000e+00
 0.00000e+00
 0.00000e+00
 0.00000e+00
 0.00000e+00
 0.00000e+00
 0.00000e+00
 0.00000e+00
 0.00000e+00
 0.00000e+00
 0.00000e+00
 0.00000e+00
 0.00000e+00
 0.00000e+00
 0.00000e+00
 0.00000e+00
 0.00000e+00
part
         2
hexa8
 0.00000e+00
 0.00000e+00
 0.00000e+00
 0.00000e+00
 0.00000e+00
 0.00000e+00
 0.00000e+00
 0.00000e+00
 0.00000e+00
 0.00000e+00
 0.00000e+00
 0.00000e+00
 0.00000e+00
 0.00000e+00
 0.00000e+00
 0.00000e+00
 0.00000e+00
 0.00000e+00
 0.00000e+00
 0.00000e+00
 0.00000e+00
 0.00000e+00
 0.00000e+00
 0.00000e+00
 0.00000e+00
 0.00000e+00
 0.00000e+00
 0.00000e+00
 0.00000e+00
 0.00000e+00
 0.00000e+00
 0.00000e+00
 0.00000e+00
 0.00000e+00
 0.00000e+00
 0.00000e+00
 0.00000e+00
 0.00000e+00
 0.00000e+00
 0.00000e+00
 0.00000e+00
 0.00000e+00
 0.00000e+00
 0.00000e+00
 0.00000e+00
 0.00000e+00
 0.00000e+00
 0.00000e+00
 0.00000e+00
 0.00000e+00
 0.00000e+00
 0.00000e+00
 0.00000e+00
 0.00000e+00
 0.00000e+00
 0.00000e+00
 0.00000e+00
 0.00000e+00
 0.00000e+00
 0.00000e+00
 0.00000e+00
 0.00000e+00
 0.00000e+00
 0.00000e+00
 0.00000e+00
 0.00000e+00
 0.00000e+00
 0.00000e+00
 0.00000e+00
 0.00000e+00
 0.00000e+00
 0.00000e+00
 0.00000e+00
 0.00000e+00
 0.00000e+00
 0.00000e+00
 0.00000e+00
 0.00000e+00
 0.00000e+00
 0.00000e+00
 0.00000e+00
 0.00000e+00
 0.00000e+00
 0.00000e+00
 0.00000e+00
 0.00000e+00
 0.00000e+00
 0.00000e+00
 0.00000e+00
 0.00000e+00
 0.00000e+00
 0.00000e+00
 0.00000e+00
 0.00000e+00
 0.00000e+00
 0.00000e+00
 0.00000e+00
 0.00000e+00
 0.00000e+00
 0.00000e+00
 0.00000e+00
 0.00000e+00
 0.00000e+00
 0.00000e+00
 0.00000e+00
 0.00000e+00
 0.00000e+00
 0.00000e+00
 0.00000e+00
 0.00000e+00
 0.00000e+00
 0.00000e+00
 0.00000e+00
 0.00000e+00
 0.00000e+00
 0.00000e+00
 0.00000e+00
 0.00000e+00
 0.00000e+00
 0.00000e+00
 0.00000e+00
 0.00000e+00
 0.00000e+00
 0.00000e+00
 0.00000e+00
 0.00000e+00
 0.00000e+00
 0.00000e+00
 0.00000e+00
 0.00000e+00
 0.00000e+00
 0.00000e+00
 0.00000e+00
 0.00000e+00
 0.00000e+00
 0.00000e+00
 0.00000e+00
 0.00000e+00
 0.00000e+00
 0.00000e+00
 0.00000e+00
 0.00000e+00
 0.00000e+00
 0.00000e+00
 0.00000e+00
 0.00000e+00
 0.00000e+00
 0.00000e+00
 0.00000e+00
 0.00000e+00
 0.00000e+00
 0.00000e+00
 0.00000e+00
 0.00000e+00
 0.00000e+00
 0.00000e+00
 0.00000e+00
 0.00000e+00
 0.00000e+00
 0.00000e+00
 0.00000e+00
 0.00000e+00
 0.00000e+00
 0.00000e+00
 0.00000e+00
 0.00000e+00
 0.00000e+00
 0.00000e+00
 0.00000e+00
 0.00000e+00
 0.00000e+00
 0.00000e+00
 0.00000e+00
 0.00000e+00
 0.00000e+00
 0.00000e+00
 0.00000e+00
 0.00000e+00
 0.00000e+00
 0.00000e+00
 0.00000e+00
 0.00000e+00
 0.00000e+00
 0.00000e+00
 0.00000e+00
 0.00000e+00
 0.00000e+00
 0.00000e+00
 0.00000e+00
 0.00000e+00
 0.00000e+00
 0.00000e+00
 0.00000e+00
 0.00000e+00
 0.00000e+00
 0.00000e+00
 0.00000e+00
 0.00000e+00
 0.00000e+00
 0.00000e+00
 0.00000e+00
 0.00000e+00
 0.00000e+00
 0.00000e+00
 0.00000e+00
 0.00000e+00
 0.00000e+00
 0.00000e+00
 0.00000e+00
 0.00000e+00
 0.00000e+00
 0.00000e+00
 0.00000e+00
 0.00000e+00
 0.00000e+00
 0.00000e+00
 0.00000e+00
 0.00000e+00
 0.00000e+00
 0.00000e+00
 0.00000e+00
 0.00000e+00
 0.00000e+00
 0.00000e+00
 0.00000e+00
 0.00000e+00
 0.00000e+00
 0.00000e+00
 0.00000e+00
 0.00000e+00
 0.00000e+00
 0.00000e+00
 0.00000e+00
 0.00000e+00
 0.00000e+00
 0.00000e+00
 0.00000e+00
 0.00000e+00
 0.00000e+00
 0.00000e+00
 0.00000e+00
 0.00000e+00
 0.00000e+00
 0.00000e+00
 0.00000e+00
 0.00000e+00
 0.00000e+00
 0.00000e+00
 0.00000e+00
 0.00000e+00
 0.00000e+00
 0.00000e+00
 0.00000e+00
 0.00000e+00
 0.00000e+00
 0.00000e+00
 0.00000e+00
 0.00000e+00
 0.00000e+00
 0.00000e+00
 0.00000e+00
 0.00000e+00
 0.00000e+00
 0.00000e+00
 0.00000e+00
 0.00000e+00
 0.00000e+00
 0.00000e+00
 0.00000e+00
 0.00000e+00
 0.00000e+00
 0.00000e+00
 0.00000e+00
 0.00000e+00
 0.00000e+00
 0.00000e+00
 0.00000e+00
 0.00000e+00
 0.00000e+00
 0.00000e+00
 0.00000e+00
 0.00000e+00
 0.00000e+00
 0.00000e+00
 0.00000e+00
 0.00000e+00
 0.00000e+00
 0.00000e+00
 0.00000e+00
 0.00000e+00
 0.00000e+00
 0.00000e+00
 0.00000e+00
 0.00000e+00
 0.00000e+00
 0.00000e+00
 0.00000e+00
 0.00000e+00
 0.00000e+00
 0.00000e+00
 0.00000e+00
 0.00000e+00
 0.00000e+00
 0.00000e+00
 0.00000e+00
 0.00000e+00
 0.00000e+00
 0.00000e+00
 0.00000e+00
 0.00000e+00
 0.00000e+00
 0.00000e+00
 0.00000e+00
 0.00000e+00
 0.00000e+00
 0.00000e+00
 0.00000e+00
 0.00000e+00
 0.00000e+00
 0.00000e+00
 0.00000e+00
 0.00000e+00
 0.00000e+00
 0.00000e+00
 0.00000e+00
 0.00000e+00
 0.00000e+00
 0.00000e+00
 0.00000e+00
 0.00000e+00
 0.00000e+00
 0.00000e+00
 0.00000e+00
 0.00000e+00
 0.00000e+00
 0.00000e+00
 0.00000e+00
 0.00000e+00
 0.00000e+00
 0.00000e+00
 0.00000e+00
 0.00000e+00
 0.00000e+00
 0.00000e+00
 0.00000e+00
 0.00000e+00
 0.00000e+00
 0.00000e+00
 0.00000e+00
 0.00000e+00
 0.00000e+00
 0.00000e+00
 0.00000e+00
 0.00000e+00
 0.00000e+00
 0.00000e+00
 0.00000e+00
 0.00000e+00
 0.00000e+00
 0.00000e+00
 0.00000e+00
 0.00000e+00
 0.00000e+00
 0.00000e+00
 0.00000e+00
 0.00000e+00
 0.00000e+00
 0.00000e+00
 0.00000e+00
 0.00000e+00
 0.00000e+00
 0.00000e+00
 0.00000e+00
 0.00000e+00
 0.00000e+00
 0.00000e+00
 0.00000e+00
 0.00000e+00
 0.00000e+00
 0.00000e+00
 0.00000e+00
 0.00000e+00
 0.00000e+00
 0.00000e+00
 0.00000e+00
 0.00000e+00
 0.00000e+00
 0.00000e+00
 0.00000e+00
 0.00000e+00
 0.00000e+00
 0.00000e+00
 0.00000e+00
 0.00000e+00
 0.00000e+00
 0.00000e+00
 0.00000e+00
 0.00000e+00
 0.00000e+00
 0.00000e+00
 0.00000e+00
 0.00000e+00
 0.00000e+00
 0.00000e+00
 0.00000e+00
 0.00000e+00
 0.00000e+00
 0.00000e+00
 0.00000e+00
 0.00000e+00
 0.00000e+00
 0.00000e+00
 0.00000e+00
 0.00000e+00
 0.00000e+00
 0.00000e+00
 0.00000e+00
 0.00000e+00
 0.00000e+00
 0.00000e+00
 0.00000e+00
 0.00000e+00
 0.00000e+00
 0.00000e+00
 0.00000e+00
 0.00000e+00
 0.00000e+00
 0.00000e+00
 0.00000e+00
 0.00000e+00
 0.00000e+00
 0.00000e+00
 0.00000e+00
 0.00000e+00
 0.00000e+00
 0.00000e+00
 0.00000e+00
 0.00000e+00
 0.00000e+00
 0.00000e+00
 0.00000e+00
 0.00000e+00
 0.00000e+00
 0.00000e+00
 0.00000e+00
 0.00000e+00
 0.00000e+00
 0.00000e+00
 0.00000e+00
 0.00000e+00
 0.00000e+00
 0.00000e+00
 0.00000e+00
 0.00000e+00
 0.00000e+00
 0.00000e+00
 0.00000e+00
 0.00000e+00
 0.00000e+00
 0.00000e+00
 0.00000e+00
 0.00000e+00
 0.00000e+00
 0.00000e+00
 0.00000e+00
 0.00000e+00
 0.00000e+00
 0.00000e+00
 0.00000e+00
 0.00000e+00
 0.00000e+00
 0.00000e+00
 0.00000e+00
 0.00000e+00
 0.00000e+00
 0.00000e+00
 0.00000e+00
 0.00000e+00
 0.00000e+00
 0.00000e+00
 0.00000e+00
 0.00000e+00
 0.00000e+00
 0.00000e+00
 0.00000e+00
 0.00000e+00
 0.00000e+00
 0.00000e+00
 0.00000e+00
 0.00000e+00
 0.00000e+00
 0.00000e+00
 0.00000e+00
 0.00000e+00
 0.00000e+00
 0.00000e+00
 0.00000e+00
 0.00000e+00
 0.00000e+00
 0.00000e+00
 0.00000e+00
 0.00000e+00
 0.00000e+00
 0.00000e+00
 0.00000e+00
 0.00000e+00
 0.00000e+00
 0.00000e+00
 0.00000e+00
 0.00000e+00
 0.00000e+00
 0.00000e+00
 0.00000e+00
 0.00000e+00
 0.00000e+00
 0.00000e+00
 0.00000e+00
 0.00000e+00
 0.00000e+00
 0.00000e+00
 0.00000e+00
 0.00000e+00
 0.00000e+00
 0.00000e+00
 0.00000e+00
 0.00000e+00
 0.00000e+00
 0.00000e+00
 0.00000e+00
 0.00000e+00
 0.00000e+00
 0.00000e+00
 0.00000e+00
 0.00000e+00
 0.00000e+00
 0.00000e+00
 0.00000e+00
 0.00000e+00
 0.00000e+00
 0.00000e+00
 0.00000e+00
 0.00000e+00
 0.00000e+00
 0.00000e+00
 0.00000e+00
 0.00000e+00
 0.00000e+00
 0.00000e+00
 0.00000e+00
 0.00000e+00
 0.00000e+00
 0.00000e+00
 0.00000e+00
 0.00000e+00
 0.00000e+00
 0.00000e+00
 0.00000e+00
 0.00000e+00
 0.00000e+00
 0.00000e+00
 0.00000e+00
 0.00000e+00
 0.00000e+00
 0.00000e+00
 0.00000e+00
 0.00000e+00
 0.00000e+00
 0.00000e+00
 0.00000e+00
 0.00000e+00
 0.00000e+00
 0.00000e+00
 0.00000e+00
 0.00000e+00
 0.00000e+00
 0.00000e+00
 0.00000e+00
 0.00000e+00
 0.00000e+00
 0.00000e+00
 0.00000e+00
 0.00000e+00
 0.00000e+00
 0.00000e+00
 0.00000e+00
 0.00000e+00
 0.00000e+00
 0.00000e+00
 0.00000e+00
 0.00000e+00
 0.00000e+00
 0.00000e+00
 0.00000e+00
 0.00000e+00
 0.00000e+00
 0.00000e+00
 0.00000e+00
 0.00000e+00
 0.00000e+00
 0.00000e+00
 0.00000e+00
 0.00000e+00
 0.00000e+00
 0.00000e+00
 0.00000e+00
 0.00000e+00
 0.00000e+00
 0.00000e+00
 0.00000e+00
 0.00000e+00
 0.00000e+00
 0.00000e+00
 0.00000e+00
 0.00000e+00
 0.00000e+00
 0.00000e+00
 0.00000e+00
 0.00000e+00
 0.00000e+00
 0.00000e+00
 0.00000e+00
 0.00000e+00
 0.00000e+00
 0.00000e+00
 0.00000e+00
part
         3
hexa8
 0.00000e+00
 0.00000e+00
 0.00000e+00
 0.00000e+00
 0.00000e+00
 0.00000e+00
 0.00000e+00
 0.00000e+00
 0.00000e+00
 0.00000e+00
 0.00000e+00
 0.00000e+00
 0.00000e+00
 0.00000e+00
 0.00000e+00
 0.00000e+00
 0.00000e+00
 0.00000e+00
 0.00000e+00
 0.00000e+00
-7.44633e-10
-7.44633e-10
-7.44633e-10
-7.44633e-10
-7.44633e-10
 2.58237e-04
 2.58237e-04
 2.58237e-04
 2.58237e-04
 2.58237e-04
 6.65033e-04
 6.65033e-04
 6.65033e-04
 6.65033e-04
 6.65033e-04
 8.49713e-04
 8.49713e-04
 8.49713e-04
 8.49713e-04
 8.49713e-04
 8.93751e-04
 8.93751e-04
 8.93751e-04
 8.93751e-04
 8.93751e-04
 8.61621e-04
 8.61621e-04
 8.61621e-04
 8.61621e-04
 8.61621e-04
 7.60192e-04
 7.60192e-04
 7.60192e-04
 7.60192e-04
 7.60192e-04
 6.22568e-04
 6.22568e-04
 6.22568e-04
 6.22568e-04
 6.22568e-04
 4.74954e-04
 4.74954e-04
 4.74954e-04
 4.74954e-04
 4.74954e-04
 3.39322e-04
 3.39322e-04
 3.39322e-04
 3.39322e-04
 3.39322e-04
 2.30175e-04
 2.30175e-04
 2.30175e-04
 2.30175e-04
 2.30175e-04
 1.53030e-04
 1.53030e-04
 1.53030e-04
 1.53030e-04
 1.53030e-04
 1.15931e-04
 1.15931e-04
 1.15931e-04
 1.15931e-04
 1.15931e-04
 1.34136e-04
 1.34136e-04
 1.34136e-04
 1.34136e-04
 1.34136e-04
 7.44379e-05
 7.44379e-05
 7.44379e-05
 7.44379e-05
 7.44379e-05
 2.76102e-06
 2.76102e-06
 2.76102e-06
 2.76102e-06
 2.76102e-06
 9.23106e-06
 9.23106e-06
 9.23106e-06
 9.23106e-06
 9.23106e-06
 1.33999e-05
 1.33999e-05
 1.33999e-05
 1.33999e-05
 1.33999e-05
 9.69726e-06
 9.69726e-06
 9.69726e-06
 9.69726e-06
 9.69726e-06
 9.54862e-07
 9.54862e-07
 9.54862e-07
 9.54862e-07
 9.54862e-07
 0.00000e+00
 0.00000e+00
 0.00000e+00
 0.00000e+00
 0.00000e+00
 0.00000e+00
 0.00000e+00
 0.00000e+00
 0.00000e+00
 0.00000e+00
 0.00000e+00
 0.00000e+00
 0.00000e+00
 0.00000e+00
 0.00000e+00
 0.00000e+00
 0.00000e+00
 0.00000e+00
 0.00000e+00
 0.00000e+00
 0.00000e+00
 0.00000e+00
 0.00000e+00
 0.00000e+00
 0.00000e+00
-7.44633e-10
-7.44633e-10
-7.44633e-10
-7.44633e-10
-7.44633e-10
 2.58237e-04
 2.58237e-04
 2.58237e-04
 2.58237e-04
 2.58237e-04
 6.65033e-04
 6.65033e-04
 6.65033e-04
 6.65033e-04
 6.65033e-04
 8.49713e-04
 8.49713e-04
 8.49713e-04
 8.49713e-04
 8.49713e-04
 8.93751e-04
 8.93751e-04
 8.93751e-04
 8.93751e-04
 8.93751e-04
 8.61621e-04
 8.61621e-04
 8.61621e-04
 8.61621e-04
 8.61621e-04
 7.60192e-04
 7.60192e-04
 7.60192e-04
 7.60192e-04
 7.60192e-04
 6.22568e-04
 6.22568e-04
 6.22568e-04
 6.22568e-04
 6.22568e-04
 4.74954e-04
 4.74954e-04
 4.74954e-04
 4.74954e-04
 4.74954e-04
 3.39322e-04
 3.39322e-04
 3.39322e-04
 3.39322e-04
 3.39322e-04
 2.30175e-04
 2.30175e-04
 2.30175e-04
 2.30175e-04
 2.30175e-04
 1.53030e-04
 1.53030e-04
 1.53030e-04
 1.53030e-04
 1.53030e-04
 1.15931e-04
 1.15931e-04
 1.15931e-04
 1.15931e-04
 1.15931e-04
 1.34136e-04
 1.34136e-04
 1.34136e-04
 1.34136e-04
 1.34136e-04
 7.44379e-05
 7.44379e-05
 7.44379e-05
 7.44379e-05
 7.44379e-05
 2.76102e-06
 2.76102e-06
 2.76102e-06
 2.76102e-06
 2.76102e-06
 9.23106e-06
 9.23106e-06
 9.23106e-06
 9.23106e-06
 9.23106e-06
 1.33999e-05
 1.33999e-05
 1.33999e-05
 1.33999e-05
 1.33999e-05
 9.69726e-06
 9.69726e-06
 9.69726e-06
 9.69726e-06
 9.69726e-06
 9.54862e-07
 9.54862e-07
 9.54862e-07
 9.54862e-07
 9.54862e-07
 0.00000e+00
 0.00000e+00
 0.00000e+00
 0.00000e+00
 0.00000e+00
 0.00000e+00
 0.00000e+00
 0.00000e+00
 0.00000e+00
 0.00000e+00
 0.00000e+00
 0.00000e+00
 0.00000e+00
 0.00000e+00
 0.00000e+00
 0.00000e+00
 0.00000e+00
 0.00000e+00
 0.00000e+00
 0.00000e+00
 0.00000e+00
 0.00000e+00
 0.00000e+00
 0.00000e+00
 0.00000e+00
-7.44633e-10
-7.44633e-10
-7.44633e-10
-7.44633e-10
-7.44633e-10
 2.58237e-04
 2.58237e-04
 2.58237e-04
 2.58237e-04
 2.58237e-04
 6.65033e-04
 6.65033e-04
 6.65033e-04
 6.65033e-04
 6.65033e-04
 8.49713e-04
 8.49713e-04
 8.49713e-04
 8.49713e-04
 8.49713e-04
 8.93751e-04
 8.93751e-04
 8.93751e-04
 8.93751e-04
 8.93751e-04
 8.61621e-04
 8.61621e-04
 8.61621e-04
 8.61621e-04
 8.61621e-04
 7.60192e-04
 7.60192e-04
 7.60192e-04
 7.60192e-04
 7.60192e-04
 6.22568e-04
 6.22568e-04
 6.22568e-04
 6.22568e-04
 6.22568e-04
 4.74954e-04
 4.74954e-04
 4.74954e-04
 4.74954e-04
 4.74954e-04
 3.39322e-04
 3.39322e-04
 3.39322e-04
 3.39322e-04
 3.39322e-04
 2.30175e-04
 2.30175e-04
 2.30175e-04
 2.30175e-04
 2.30175e-04
 1.53030e-04
 1.53030e-04
 1.53030e-04
 1.53030e-04
 1.53030e-04
 1.15931e-04
 1.15931e-04
 1.15931e-04
 1.15931e-04
 1.15931e-04
 1.34136e-04
 1.34136e-04
 1.34136e-04
 1.34136e-04
 1.34136e-04
 7.44379e-05
 7.44379e-05
 7.44379e-05
 7.44379e-05
 7.44379e-05
 2.76102e-06
 2.76102e-06
 2.76102e-06
 2.76102e-06
 2.76102e-06
 9.23106e-06
 9.23106e-06
 9.23106e-06
 9.23106e-06
 9.23106e-06
 1.33999e-05
 1.33999e-05
 1.33999e-05
 1.33999e-05
 1.33999e-05
 9.69726e-06
 9.69726e-06
 9.69726e-06
 9.69726e-06
 9.69726e-06
 9.54862e-07
 9.54862e-07
 9.54862e-07
 9.54862e-07
 9.54862e-07
 0.00000e+00
 0.00000e+00
 0.00000e+00
 0.00000e+00
 0.00000e+00
 0.00000e+00
 0.00000e+00
 0.00000e+00
 0.00000e+00
 0.00000e+00
 0.00000e+00
 0.00000e+00
 0.00000e+00
 0.00000e+00
 0.00000e+00
 0.00000e+00
 0.00000e+00
 0.00000e+00
 0.00000e+00
 0.00000e+00
 0.00000e+00
 0.00000e+00
 0.00000e+00
 0.00000e+00
 0.00000e+00
-7.44633e-10
-7.44633e-10
-7.44633e-10
-7.44633e-10
-7.44633e-10
 2.58237e-04
 2.58237e-04
 2.58237e-04
 2.58237e-04
 2.58237e-04
 6.65033e-04
 6.65033e-04
 6.65033e-04
 6.65033e-04
 6.65033e-04
 8.49713e-04
 8.49713e-04
 8.49713e-04
 8.49713e-04
 8.49713e-04
 8.93751e-04
 8.93751e-04
 8.93751e-04
 8.93751e-04
 8.93751e-04
 8.61621e-04
 8.61621e-04
 8.61621e-04
 8.61621e-04
 8.61621e-04
 7.60192e-04
 7.60192e-04
 7.60192e-04
 7.60192e-04
 7.60192e-04
 6.22568e-04
 6.22568e-04
 6.22568e-04
 6.22568e-04
 6.22568e-04
 4.74954e-04
 4.74954e-04
 4.74954e-04
 4.74954e-04
 4.74954e-04
 3.39322e-04
 3.39322e-04
 3.39322e-04
 3.39322e-04
 3.39322e-04
 2.30175e-04
 2.30175e-04
 2.30175e-04
 2.30175e-04
 2.30175e-04
 1.53030e-04
 1.53030e-04
 1.53030e-04
 1.53030e-04
 1.53030e-04
 1.15931e-04
 1.15931e-04
 1.15931e-04
 1.15931e-04
 1.15931e-04
 1.34136e-04
 1.34136e-04
 1.34136e-04
 1.34136e-04
 1.34136e-04
 7.44379e-05
 7.44379e-05
 7.44379e-05
 7.44379e-05
 7.44379e-05
 2.76102e-06
 2.76102e-06
 2.76102e-06
 2.76102e-06
 2.76102e-06
 9.23106e-06
 9.23106e-06
 9.23106e-06
 9.23106e-06
 9.23106e-06
 1.33999e-05
 1.33999e-05
 1.33999e-05
 1.33999e-05
 1.33999e-05
 9.69726e-06
 9.69726e-06
 9.69726e-06
 9.69726e-06
 9.69726e-06
 9.54862e-07
 9.54862e-07
 9.54862e-07
 9.54862e-07
 9.54862e-07
 0.00000e+00
 0.00000e+00
 0.00000e+00
 0.00000e+00
 0.00000e+00
 0.00000e+00
 0.00000e+00
 0.00000e+00
 0.00000e+00
 0.00000e+00
 0.00000e+00
 0.00000e+00
 0.00000e+00
 0.00000e+00
 0.00000e+00
 0.00000e+00
 0.00000e+00
 0.00000e+00
 0.00000e+00
 0.00000e+00
 0.00000e+00
 0.00000e+00
 0.00000e+00
 0.00000e+00
 0.00000e+00
-7.44633e-10
-7.44633e-10
-7.44633e-10
-7.44633e-10
-7.44633e-10
 2.58237e-04
 2.58237e-04
 2.58237e-04
 2.58237e-04
 2.58237e-04
 6.65033e-04
 6.65033e-04
 6.65033e-04
 6.65033e-04
 6.65033e-04
 8.49713e-04
 8.49713e-04
 8.49713e-04
 8.49713e-04
 8.49713e-04
 8.93751e-04
 8.93751e-04
 8.93751e-04
 8.93751e-04
 8.93751e-04
 8.61621e-04
 8.61621e-04
 8.61621e-04
 8.61621e-04
 8.61621e-04
 7.60192e-04
 7.60192e-04
 7.60192e-04
 7.60192e-04
 7.60192e-04
 6.22568e-04
 6.22568e-04
 6.22568e-04
 6.22568e-04
 6.22568e-04
 4.74954e-04
 4.74954e-04
 4.74954e-04
 4.74954e-04
 4.74954e-04
 3.39322e-04
 3.39322e-04
 3.39322e-04
 3.39322e-04
 3.39322e-04
 2.30175e-04
 2.30175e-04
 2.30175e-04
 2.30175e-04
 2.30175e-04
 1.53030e-04
 1.53030e-04
 1.53030e-04
 1.53030e-04
 1.53030e-04
 1.15931e-04
 1.15931e-04
 1.15931e-04
 1.15931e-04
 1.15931e-04
 1.34136e-04
 1.34136e-04
 1.34136e-04
 1.34136e-04
 1.34136e-04
 7.44379e-05
 7.44379e-05
 7.44379e-05
 7.44379e-05
 7.44379e-05
 2.76102e-06
 2.76102e-06
 2.76102e-06
 2.76102e-06
 2.76102e-06
 9.23106e-06
 9.23106e-06
 9.23106e-06
 9.23106e-06
 9.23106e-06
 1.33999e-05
 1.33999e-05
 1.33999e-05
 1.33999e-05
 1.33999e-05
 9.69726e-06
 9.69726e-06
 9.69726e-06
 9.69726e-06
 9.69726e-06
 9.54862e-07
 9.54862e-07
 9.54862e-07
 9.54862e-07
 9.54862e-07
 0.00000e+00
 0.00000e+00
 0.00000e+00
 0.00000e+00
 0.00000e+00
part
         4
hexa8
 0.00000e+00
 0.00000e+00
 0.00000e+00
 0.00000e+00
 0.00000e+00
 2.23366e-05
 2.23366e-05
 2.23366e-05
 2.23366e-05
 2.23366e-05
 1.33437e-04
 1.33437e-04
 1.33437e-04
 1.33437e-04
 1.33437e-04
 4.13716e-04
 4.13716e-04
 4.13716e-04
 4.13716e-04
 4.13716e-04
 1.08527e-03
 1.08527e-03
 1.08527e-03
 1.08527e-03
 1.08527e-03
 2.58092e-03
 2.58092e-03
 2.58092e-03
 2.58092e-03
 2.58092e-03
 5.73119e-03
 5.73119e-03
 5.73119e-03
 5.73119e-03
 5.73119e-03
 1.14474e-02
 1.14474e-02
 1.14474e-02
 1.14474e-02
 1.14474e-02
 1.98704e-02
 1.98704e-02
 1.98704e-02
 1.98704e-02
 1.98704e-02
 3.04197e-02
 3.04197e-02
 3.04197e-02
 3.04197e-02
 3.04197e-02
 3.85536e-02
 3.85536e-02
 3.85536e-02
 3.85536e-02
 3.85536e-02
 3.88799e-02
 3.88799e-02
 3.88799e-02
 3.88799e-02
 3.88799e-02
 3.11928e-02
 3.11928e-02
 3.11928e-02
 3.11928e-02
 3.11928e-02
 1.78221e-02
 1.78221e-02
 1.78221e-02
 1.78221e-02
 1.78221e-02
 6.84735e-03
 6.84735e-03
 6.84735e-03
 6.84735e-03
 6.84735e-03
 1.94177e-03
 1.94177e-03
 1.94177e-03
 1.94177e-03
 1.94177e-03
 4.91638e-04
 4.91638e-04
 4.91638e-04
 4.91638e-04
 4.91638e-04
 1.19611e-04
 1.19611e-04
 1.19611e-04
 1.19611e-04
 1.19611e-04
 2.85593e-05
 2.85593e-05
 2.85593e-05
 2.85593e-05
 2.85593e-05
 6.72330e-06
 6.72330e-06
 6.72330e-06
 6.72330e-06
 6.72330e-06
 1.56072e-06
 1.56072e-06
 1.56072e-06
 1.56072e-06
 1.56072e-06
 3.56882e-07
 3.56882e-07
 3.56882e-07
 3.56882e-07
 3.56882e-07
 8.03121e-08
 8.03121e-08
 8.03121e-08
 8.03121e-08
 8.03121e-08
 1.79122e-08
 1.79122e-08
 1.79122e-08
 1.79122e-08
 1.79122e-08
 4.66567e-09
 4.66568e-09
 4.66567e-09
 4.66568e-09
 4.66568e-09
 0.00000e+00
 0.00000e+00
 0.00000e+00
 0.00000e+00
 0.00000e+00
 2.23366e-05
 2.23366e-05
 2.23366e-05
 2.23366e-05
 2.23366e-05
 1.33437e-04
 1.33437e-04
 1.33437e-04
 1.33437e-04
 1.33437e-04
 4.13716e-04
 4.13716e-04
 4.13716e-04
 4.13716e-04
 4.13716e-04
 1.08527e-03
 1.08527e-03
 1.08527e-03
 1.08527e-03
 1.08527e-03
 2.58092e-03
 2.58092e-03
 2.58092e-03
 2.58092e-03
 2.58092e-03
 5.73119e-03
 5.73119e-03
 5.73119e-03
 5.73119e-03
 5.73119e-03
 1.14474e-02
 1.14474e-02
 1.14474e-02
 1.14474e-02
 1.14474e-02
 1.98704e-02
 1.98704e-02
 1.98704e-02
 1.98704e-02
 1.98704e-02
 3.04197e-02
 3.04197e-02
 3.04197e-02
 3.04197e-02
 3.04197e-02
 3.85536e-02
 3.85536e-02
 3.85536e-02
 3.85536e-02
 3.85536e-02
 3.88799e-02
 3.88799e-02
 3.88799e-02
 3.88799e-02
 3.88799e-02
 3.11928e-02
 3.11928e-02
 3.11928e-02
 3.11928e-02
 3.11928e-02
 1.78221e-02
 1.78221e-02
 1.78221e-02
 1.78221e-02
 1.78221e-02
 6.84735e-03
 6.84735e-03
 6.84735e-03
 6.84735e-03
 6.84735e-03
 1.94177e-03
 1.94177e-03
 1.94177e-03
 1.94177e-03
 1.94177e-03
 4.91638e-04
 4.91638e-04
 4.91638e-04
 4.91638e-04
 4.91638e-04
 1.19611e-04
 1.19611e-04
 1.19611e-04
 1.19611e-04
 1.19611e-04
 2.85593e-05
 2.85593e-05
 2.85593e-05
 2.85593e-05
 2.85593e-05
 6.72330e-06
 6.72330e-06
 6.72330e-06
 6.72330e-06
 6.72330e-06
 1.56072e-06
 1.56072e-06
 1.56072e-06
 1.56072e-06
 1.56072e-06
 3.56882e-07
 3.56882e-07
 3.56882e-07
 3.56882e-07
 3.56882e-07
 8.03121e-08
 8.03122e-08
 8.03121e-08
 8.03121e-08
 8.03122e-08
 1.79122e-08
 1.79122e-08
 1.79122e-08
 1.79122e-08
 1.79122e-08
 4.66568e-09
 4.66568e-09
 4.66568e-09
 4.66568e-09
 4.66567e-09
 0.00000e+00
 0.00000e+00
 0.00000e+00
 0.00000e+00
 0.00000e+00
 2.23366e-05
 2.23366e-05
 2.23366e-05
 2.23366e-05
 2.23366e-05
 1.33437e-04
 1.33437e-04
 1.33437e-04
 1.33437e-04
 1.33437e-04
 4.13716e-04
 4.13716e-04
 4.13716e-04
 4.13716e-04
 4.13716e-04
 1.08527e-03
 1.08527e-03
 1.08527e-03
 1.08527e-03
 1.08527e-03
 2.58092e-03
 2.58092e-03
 2.58092e-03
 2.58092e-03
 2.58092e-03
 5.73119e-03
 5.73119e-03
 5.73119e-03
 5.73119e-03
 5.73119e-03
 1.14474e-02
 1.14474e-02
 1.14474e-02
 1.14474e-02
 1.14474e-02
 1.98704e-02
 1.98704e-02
 1.98704e-02
 1.98704e-02
 1.98704e-02
 3.04197e-02
 3.04197e-02
 3.04197e-02
 3.04197e-02
 3.04197e-02
 3.85536e-02
 3.85536e-02
 3.85536e-02
 3.85536e-02
 3.85536e-02
 3.88799e-02
 3.88799e-02
 3.88799e-02
 3.88799e-02
 3.88799e-02
 3.11928e-02
 3.11928e-02
 3.11928e-02
 3.11928e-02
 3.11928e-02
 1.78221e-02
 1.78221e-02
 1.78221e-02
 1.78221e-02
 1.78221e-02
 6.84735e-03
 6.84735e-03
 6.84735e-03
 6.84735e-03
 6.84735e-03
 1.94177e-03
 1.94177e-03
 1.94177e-03
 1.94177e-03
 1.94177e-03
 4.91638e-04
 4.91638e-04
 4.91638e-04
 4.91638e-04
 4.91638e-04
 1.19611e-04
 1.19611e-04
 1.19611e-04
 1.19611e-04
 1.19611e-04
 2.85593e-05
 2.85593e-05
 2.85593e-05
 2.85593e-05
 2.85593e-05
 6.72330e-06
 6.72330e-06
 6.72330e-06
 6.72330e-06
 6.72330e-06
 1.56072e-06
 1.56072e-06
 1.56072e-06
 1.56072e-06
 1.56072e-06
 3.56882e-07
 3.56882e-07
 3.56882e-07
 3.56882e-07
 3.56882e-07
 8.03121e-08
 8.03121e-08
 8.03121e-08
 8.03121e-08
 8.03121e-08
 1.79122e-08
 1.79122e-08
 1.79122e-08
 1.79122e-08
 1.79122e-08
 4.66568e-09
 4.66568e-09
 4.66568e-09
 4.66568e-09
 4.66568e-09
 0.00000e+00
 0.00000e+00
 0.00000e+00
 0.00000e+00
 0.00000e+00
 2.23366e-05
 2.23366e-05
 2.23366e-05
 2.23366e-05
 2.23366e-05
 1.33437e-04
 1.33437e-04
 1.33437e-04
 1.33437e-04
 1.33437e-04
 4.13716e-04
 4.13716e-04
 4.13716e-04
 4.13716e-04
 4.13716e-04
 1.08527e-03
 1.08527e-03
 1.08527e-03
 1.08527e-03
 1.08527e-03
 2.58092e-03
 2.58092e-03
 2.58092e-03
 2.58092e-03
 2.58092e-03
 5.73119e-03
 5.73119e-03
 5.73119e-03
 5.73119e-03
 5.73119e-03
 1.14474e-02
 1.14474e-02
 1.14474e-02
 1.14474e-02
 1.14474e-02
 1.98704e-02
 1.98704e-02
 1.98704e-02
 1.98704e-02
 1.98704e-02
 3.04197e-02
 3.04197e-02
 3.04197e-02
 3.04197e-02
 3.04197e-02
 3.85536e-02
 3.85536e-02
 3.85536e-02
 3.85536e-02
 3.85536e-02
 3.88799e-02
 3.88799e-02
 3.88799e-02
 3.88799e-02
 3.88799e-02
 3.11928e-02
 3.11928e-02
 3.11928e-02
 3.11928e-02
 3.11928e-02
 1.78221e-02
 1.78221e-02
 1.78221e-02
 1.78221e-02
 1.78221e-02
 6.84735e-03
 6.84735e-03
 6.84735e-03
 6.84735e-03
 6.84735e-03
 1.94177e-03
 1.94177e-03
 1.94177e-03
 1.94177e-03
 1.94177e-03
 4.91638e-04
 4.91638e-04
 4.91638e-04
 4.91638e-04
 4.91638e-04
 1.19611e-04
 1.19611e-04
 1.19611e-04
 1.19611e-04
 1.19611e-04
 2.85593e-05
 2.85593e-05
 2.85593e-05
 2.85593e-05
 2.85593e-05
 6.72330e-06
 6.72330e-06
 6.72330e-06
 6.72330e-06
 6.72330e-06
 1.56072e-06
 1.56072e-06
 1.56072e-06
 1.56072e-06
 1.56072e-06
 3.56882e-07
 3.56882e-07
 3.56882e-07
 3.56882e-07
 3.56882e-07
 8.03121e-08
 8.03121e-08
 8.03121e-08
 8.03121e-08
 8.03121e-08
 1.79122e-08
 1.79122e-08
 1.79122e-08
 1.79122e-08
 1.79122e-08
 4.66568e-09
 4.66568e-09
 4.66568e-09
 4.66568e-09
 4.66568e-09
 0.00000e+00
 0.00000e+00
 0.00000e+00
 0.00000e+00
 0.00000e+00
 2.23366e-05
 2.23366e-05
 2.23366e-05
 2.23366e-05
 2.23366e-05
 1.33437e-04
 1.33437e-04
 1.33437e-04
 1.33437e-04
 1.33437e-04
 4.13716e-04
 4.13716e-04
 4.13716e-04
 4.13716e-04
 4.13716e-04
 1.08527e-03
 1.08527e-03
 1.08527e-03
 1.08527e-03
 1.08527e-03
 2.58092e-03
 2.58092e-03
 2.58092e-03
 2.58092e-03
 2.58092e-03
 5.73119e-03
 5.73119e-03
 5.73119e-03
 5.73119e-03
 5.73119e-03
 1.14474e-02
 1.14474e-02
 1.14474e-02
 1.14474e-02
 1.14474e-02
 1.98704e-02
 1.98704e-02
 1.98704e-02
 1.98704e-02
 1.98704e-02
 3.04197e-02
 3.04197e-02
 3.04197e-02
 3.04197e-02
 3.04197e-02
 3.85536e-02
 3.85536e-02
 3.85536e-02
 3.85536e-02
 3.85536e-02
 3.88799e-02
 3.88799e-02
 3.88799e-02
 3.88799e-02
 3.88799e-02
 3.11928e-02
 3.11928e-02
 3.11928e-02
 3.11928e-02
 3.11928e-02
 1.78221e-02
 1.78221e-02
 1.78221e-02
 1.78221e-02
 1.78221e-02
 6.84735e-03
 6.84735e-03
 6.84735e-03
 6.84735e-03
 6.84735e-03
 1.94177e-03
 1.94177e-03
 1.94177e-03
 1.94177e-03
 1.94177e-03
 4.91638e-04
 4.91638e-04
 4.91638e-04
 4.91638e-04
 4.91638e-04
 1.19611e-04
 1.19611e-04
 1.19611e-04
 1.19611e-04
 1.19611e-04
 2.85593e-05
 2.85593e-05
 2.85593e-05
 2.85593e-05
 2.85593e-05
 6.72330e-06
 6.72330e-06
 6.72330e-06
 6.72330e-06
 6.72330e-06
 1.56072e-06
 1.56072e-06
 1.56072e-06
 1.56072e-06
 1.56072e-06
 3.56882e-07
 3.56882e-07
 3.56882e-07
 3.56882e-07
 3.56882e-07
 8.03121e-08
 8.03121e-08
 8.03121e-08
 8.03121e-08
 8.03121e-08
 1.79122e-08
 1.79122e-08
 1.79122e-08
 1.79122e-08
 1.79122e-08
 4.66568e-09
 4.66568e-09
 4.66568e-09
 4.66567e-09
 4.66568e-09
