NodeMass
part
         1
coordinates
 5.00000e-07
 1.00000e-06
 1.00000e-06
 1.00000e-06
 1.00000e-06
 5.00000e-07
 1.00000e-06
 2.00000e-06
 2.00000e-06
 2.00000e-06
 2.00000e-06
 1.00000e-06
 1.00000e-06
 2.00000e-06
 2.00000e-06
 2.00000e-06
 2.00000e-06
 1.00000e-06
 1.00000e-06
 2.00000e-06
 2.00000e-06
 2.00000e-06
 2.00000e-06
 1.00000e-06
 1.00000e-06
 2.00000e-06
 2.00000e-06
 2.00000e-06
 2.00000e-06
 1.00000e-06
 1.00000e-06
 2.00000e-06
 2.00000e-06
 2.00000e-06
 2.00000e-06
 1.00000e-06
 1.00000e-06
 2.00000e-06
 2.00000e-06
 2.00000e-06
 2.00000e-06
 1.00000e-06
 1.00000e-06
 2.00000e-06
 2.00000e-06
 2.00000e-06
 2.00000e-06
 1.00000e-06
 1.00000e-06
 2.00000e-06
 2.00000e-06
 2.00000e-06
 2.00000e-06
 1.00000e-06
 1.00000e-06
 2.00000e-06
 2.00000e-06
 2.00000e-06
 2.00000e-06
 1.00000e-06
 1.00000e-06
 2.00000e-06
 2.00000e-06
 2.00000e-06
 2.00000e-06
 1.00000e-06
 1.00000e-06
 2.00000e-06
 2.00000e-06
 2.00000e-06
 2.00000e-06
 1.00000e-06
 1.00000e-06
 2.00000e-06
 2.00000e-06
 2.00000e-06
 2.00000e-06
 1.00000e-06
 1.00000e-06
 2.00000e-06
 2.00000e-06
 2.00000e-06
 2.00000e-06
 1.00000e-06
 1.00000e-06
 2.00000e-06
 2.00000e-06
 2.00000e-06
 2.00000e-06
 1.00000e-06
 1.00000e-06
 2.00000e-06
 2.00000e-06
 2.00000e-06
 2.00000e-06
 1.00000e-06
 1.00000e-06
 2.00000e-06
 2.00000e-06
 2.00000e-06
 2.00000e-06
 1.00000e-06
 1.00000e-06
 2.00000e-06
 2.00000e-06
 2.00000e-06
 2.00000e-06
 1.00000e-06
 9.99998e-07
 2.00000e-06
 2.00000e-06
 2.00000e-06
 2.00000e-06
 9.99998e-07
 9.99992e-07
 1.99998e-06
 1.99998e-06
 1.99998e-06
 1.99998e-06
 9.99992e-07
 9.99963e-07
 1.99993e-06
 1.99993e-06
 1.99993e-06
 1.99993e-06
 9.99963e-07
 9.99843e-07
 1.99969e-06
 1.99969e-06
 1.99969e-06
 1.99969e-06
 9.99843e-07
 9.99404e-07
 1.99881e-06
 1.99881e-06
 1.99881e-06
 1.99881e-06
 9.99404e-07
 9.98005e-07
 1.99601e-06
 1.99601e-06
 1.99601e-06
 1.99601e-06
 9.98005e-07
 9.94176e-07
 1.98835e-06
 1.98835e-06
 1.98835e-06
 1.98835e-06
 9.94176e-07
 9.85370e-07
 1.97074e-06
 1.97074e-06
 1.97074e-06
 1.97074e-06
 9.85370e-07
 9.68590e-07
 1.93718e-06
 1.93718e-06
 1.93718e-06
 1.93718e-06
 9.68590e-07
 9.42141e-07
 1.88428e-06
 1.88428e-06
 1.88428e-06
 1.88428e-06
 9.42141e-07
 9.06970e-07
 1.81394e-06
 1.81394e-06
 1.81394e-06
 1.81394e-06
 9.06970e-07
 8.65921e-07
 1.73184e-06
 1.73184e-06
 1.73184e-06
 1.73184e-06
 8.65921e-07
 8.21848e-07
 1.64370e-06
 1.64370e-06
 1.64370e-06
 1.64370e-06
 8.21848e-07
 7.76674e-07
 1.55335e-06
 1.55335e-06
 1.55335e-06
 1.55335e-06
 7.76674e-07
 7.31635e-07
 1.46327e-06
 1.46327e-06
 1.46327e-06
 1.46327e-06
 7.31635e-07
 6.87623e-07
 1.37525e-06
 1.37525e-06
 1.37525e-06
 1.37525e-06
 6.87623e-07
 6.45178e-07
 1.29036e-06
 1.29036e-06
 1.29036e-06
 1.29036e-06
 6.45178e-07
 6.04802e-07
 1.20960e-06
 1.20960e-06
 1.20960e-06
 1.20960e-06
 6.04802e-07
 5.67625e-07
 1.13525e-06
 1.13525e-06
 1.13525e-06
 1.13525e-06
 5.67625e-07
 5.38696e-07
 1.07739e-06
 1.07739e-06
 1.07739e-06
 1.07739e-06
 5.38696e-07
 5.24815e-07
 1.04963e-06
 1.04963e-06
 1.04963e-06
 1.04963e-06
 5.24814e-07
 5.20038e-07
 1.04008e-06
 1.04008e-06
 1.04008e-06
 1.04008e-06
 5.20038e-07
 5.15533e-07
 1.03107e-06
 1.03107e-06
 1.03107e-06
 1.03107e-06
 5.15533e-07
 5.10944e-07
 1.02189e-06
 1.02189e-06
 1.02189e-06
 1.02189e-06
 5.10945e-07
 5.06464e-07
 1.01293e-06
 1.01293e-06
 1.01293e-06
 1.01293e-06
 5.06464e-07
 5.03688e-07
 1.00738e-06
 1.00738e-06
 1.00738e-06
 1.00738e-06
 5.03689e-07
 5.02577e-07
 1.00515e-06
 1.00515e-06
 1.00516e-06
 1.00516e-06
 5.02579e-07
 5.01737e-07
 1.00348e-06
 1.00348e-06
 1.00348e-06
 1.00348e-06
 5.01740e-07
 5.00987e-07
 1.00197e-06
 1.00198e-06
 1.00198e-06
 1.00198e-06
 5.00989e-07
 5.00411e-07
 1.00082e-06
 1.00082e-06
 1.00083e-06
 1.00083e-06
 5.00414e-07
 5.00208e-07
 1.00042e-06
 1.00042e-06
 1.00042e-06
 1.00042e-06
 5.00211e-07
 5.00162e-07
 1.00032e-06
 1.00032e-06
 1.00033e-06
 1.00033e-06
 5.00164e-07
 5.00155e-07
 1.00031e-06
 1.00031e-06
 1.00031e-06
 1.00031e-06
 5.00156e-07
 5.00171e-07
 1.00034e-06
 1.00034e-06
 1.00034e-06
 1.00034e-06
 5.00170e-07
 5.00201e-07
 1.00040e-06
 1.00040e-06
 1.00040e-06
 1.00039e-06
 5.00197e-07
 5.00261e-07
 1.00052e-06
 1.00052e-06
 1.00051e-06
 1.00051e-06
 5.00254e-07
 5.00372e-07
 1.00074e-06
 1.00074e-06
 1.00073e-06
 1.00073e-06
 5.00362e-07
 5.00524e-07
 1.00104e-06
 1.00104e-06
 1.00103e-06
 1.00103e-06
 5.00512e-07
 5.00643e-07
 1.00128e-06
 1.00128e-06
 1.00127e-06
 1.00126e-06
 5.00629e-07
 5.00669e-07
 1.00134e-06
 1.00133e-06
 1.00132e-06
 1.00131e-06
 5.00654e-07
 5.00653e-07
 1.00130e-06
 1.00130e-06
 1.00129e-06
 1.00128e-06
 5.00638e-07
 5.00640e-07
 1.00128e-06
 1.00127e-06
 1.00126e-06
 1.00125e-06
 5.00624e-07
 5.00568e-07
 1.00114e-06
 1.00113e-06
 1.00112e-06
 1.00111e-06
 5.00552e-07
 5.00283e-07
 1.00056e-06
 1.00056e-06
 1.00054e-06
 1.00054e-06
 5.00266e-07
 4.99465e-07
 9.98929e-07
 9.98920e-07
 9.98909e-07
 9.98901e-07
 4.99448e-07
 4.97441e-07
 9.94879e-07
 9.94871e-07
 9.94861e-07
 9.94853e-07
 4.97424e-07
 4.92934e-07
 9.85867e-07
 9.85859e-07
 9.85849e-07
 9.85842e-07
 4.92919e-07
 4.83905e-07
 9.67808e-07
 9.67801e-07
 9.67792e-07
 9.67785e-07
 4.83891e-07
 4.67669e-07
 9.35337e-07
 9.35330e-07
 9.35322e-07
 9.35316e-07
 4.67657e-07
 4.41530e-07
 8.83058e-07
 8.83053e-07
 8.83046e-07
 8.83040e-07
 4.41519e-07
 4.03927e-07
 8.07852e-07
 8.07848e-07
 8.07842e-07
 8.07838e-07
 4.03918e-07
 3.62428e-07
 7.24855e-07
 7.24852e-07
 7.24848e-07
 7.24844e-07
 3.62421e-07
 3.32615e-07
 6.65230e-07
 6.65227e-07
 6.65224e-07
 6.65221e-07
 3.32610e-07
 3.17390e-07
 6.34779e-07
 6.34777e-07
 6.34774e-07
 6.34771e-07
 3.17385e-07
 3.10292e-07
 6.20584e-07
 6.20581e-07
 6.20578e-07
 6.20575e-07
 3.10287e-07
 3.08300e-07
 6.16598e-07
 6.16596e-07
 6.16594e-07
 6.16591e-07
 3.08295e-07
 3.08164e-07
 6.16328e-07
 6.16327e-07
 6.16325e-07
 6.16324e-07
 3.08162e-07
 3.07669e-07
 6.15338e-07
 6.15337e-07
 6.15335e-07
 6.15335e-07
 3.07667e-07
 3.06424e-07
 6.12847e-07
 6.12846e-07
 6.12845e-07
 6.12845e-07
 3.06422e-07
 3.02862e-07
 6.05724e-07
 6.05724e-07
 6.05723e-07
 6.05723e-07
 3.02861e-07
 2.93526e-07
 5.87051e-07
 5.87051e-07
 5.87051e-07
 5.87051e-07
 2.93525e-07
 2.75041e-07
 5.50082e-07
 5.50082e-07
 5.50082e-07
 5.50082e-07
 2.75041e-07
 2.46859e-07
 4.93718e-07
 4.93719e-07
 4.93719e-07
 4.93719e-07
 2.46859e-07
 2.14528e-07
 4.29056e-07
 4.29056e-07
 4.29056e-07
 4.29056e-07
 2.14528e-07
 1.85520e-07
 3.71039e-07
 3.71039e-07
 3.71039e-07
 3.71040e-07
 1.85520e-07
 1.62446e-07
 3.24893e-07
 3.24893e-07
 3.24893e-07
 3.24893e-07
 1.62446e-07
 1.45821e-07
 2.91641e-07
 2.91641e-07
 2.91641e-07
 2.91641e-07
 1.45821e-07
 1.35543e-07
 2.71086e-07
 2.71087e-07
 2.71087e-07
 2.71087e-07
 1.35543e-07
 1.29880e-07
 2.59759e-07
 2.59759e-07
 2.59759e-07
 2.59759e-07
 1.29880e-07
 1.27090e-07
 2.54179e-07
 2.54179e-07
 2.54179e-07
 2.54179e-07
 1.27090e-07
 1.25846e-07
 2.51691e-07
 2.51691e-07
 2.51691e-07
 2.51691e-07
 1.25846e-07
 1.25330e-07
 2.50660e-07
 2.50660e-07
 2.50660e-07
 2.50660e-07
 1.25330e-07
 1.25126e-07
 2.50251e-07
 2.50251e-07
 2.50251e-07
 2.50251e-07
 1.25126e-07
 1.25047e-07
 2.50094e-07
 2.50094e-07
 2.50094e-07
 2.50094e-07
 1.25047e-07
 1.25017e-07
 2.50034e-07
 2.50034e-07
 2.50034e-07
 2.50034e-07
 1.25017e-07
 1.25006e-07
 2.50012e-07
 2.50012e-07
 2.50012e-07
 2.50012e-07
 1.25006e-07
 1.25002e-07
 2.50004e-07
 2.50004e-07
 2.50004e-07
 2.50004e-07
 1.25002e-07
 1.25001e-07
 2.50002e-07
 2.50002e-07
 2.50002e-07
 2.50002e-07
 1.25001e-07
 1.25000e-07
 2.50001e-07
 2.50001e-07
 2.50001e-07
 2.50001e-07
 1.25000e-07
 1.25000e-07
 2.50000e-07
 2.50000e-07
 2.50000e-07
 2.50000e-07
 1.25000e-07
 1.25000e-07
 2.50000e-07
 2.50000e-07
 2.50000e-07
 2.50000e-07
 1.25000e-07
 1.25000e-07
 2.50000e-07
 2.50000e-07
 2.50000e-07
 2.50000e-07
 1.25000e-07
 6.25000e-08
 1.25000e-07
 1.25000e-07
 1.25000e-07
 1.25000e-07
 6.25000e-08
 1.00000e-06
 2.00000e-06
 2.00000e-06
 2.00000e-06
 2.00000e-06
 1.00000e-06
 2.00000e-06
 4.00000e-06
 4.00000e-06
 4.00000e-06
 4.00000e-06
 2.00000e-06
 2.00000e-06
 4.00000e-06
 4.00000e-06
 4.00000e-06
 4.00000e-06
 2.00000e-06
 2.00000e-06
 4.00000e-06
 4.00000e-06
 4.00000e-06
 4.00000e-06
 2.00000e-06
 2.00000e-06
 4.00000e-06
 4.00000e-06
 4.00000e-06
 4.00000e-06
 2.00000e-06
 2.00000e-06
 4.00000e-06
 4.00000e-06
 4.00000e-06
 4.00000e-06
 2.00000e-06
 2.00000e-06
 4.00000e-06
 4.00000e-06
 4.00000e-06
 4.00000e-06
 2.00000e-06
 2.00000e-06
 4.00000e-06
 4.00000e-06
 4.00000e-06
 4.00000e-06
 2.00000e-06
 2.00000e-06
 4.00000e-06
 4.00000e-06
 4.00000e-06
 4.00000e-06
 2.00000e-06
 2.00000e-06
 4.00000e-06
 4.00000e-06
 4.00000e-06
 4.00000e-06
 2.00000e-06
 2.00000e-06
 4.00000e-06
 4.00000e-06
 4.00000e-06
 4.00000e-06
 2.00000e-06
 2.00000e-06
 4.00000e-06
 4.00000e-06
 4.00000e-06
 4.00000e-06
 2.00000e-06
 2.00000e-06
 4.00000e-06
 4.00000e-06
 4.00000e-06
 4.00000e-06
 2.00000e-06
 2.00000e-06
 4.00000e-06
 4.00000e-06
 4.00000e-06
 4.00000e-06
 2.00000e-06
 2.00000e-06
 4.00000e-06
 4.00000e-06
 4.00000e-06
 4.00000e-06
 2.00000e-06
 2.00000e-06
 4.00000e-06
 4.00000e-06
 4.00000e-06
 4.00000e-06
 2.00000e-06
 2.00000e-06
 4.00000e-06
 4.00000e-06
 4.00000e-06
 4.00000e-06
 2.00000e-06
 2.00000e-06
 4.00000e-06
 4.00000e-06
 4.00000e-06
 4.00000e-06
 2.00000e-06
 2.00000e-06
 3.99999e-06
 3.99999e-06
 3.99999e-06
 3.99999e-06
 2.00000e-06
 1.99998e-06
 3.99997e-06
 3.99997e-06
 3.99997e-06
 3.99997e-06
 1.99998e-06
 1.99993e-06
 3.99985e-06
 3.99985e-06
 3.99985e-06
 3.99985e-06
 1.99993e-06
 1.99969e-06
 3.99937e-06
 3.99937e-06
 3.99937e-06
 3.99937e-06
 1.99969e-06
 1.99881e-06
 3.99762e-06
 3.99762e-06
 3.99762e-06
 3.99762e-06
 1.99881e-06
 1.99601e-06
 3.99202e-06
 3.99202e-06
 3.99202e-06
 3.99202e-06
 1.99601e-06
 1.98835e-06
 3.97670e-06
 3.97670e-06
 3.97670e-06
 3.97670e-06
 1.98835e-06
 1.97074e-06
 3.94148e-06
 3.94148e-06
 3.94148e-06
 3.94148e-06
 1.97074e-06
 1.93718e-06
 3.87436e-06
 3.87436e-06
 3.87436e-06
 3.87436e-06
 1.93718e-06
 1.88428e-06
 3.76856e-06
 3.76856e-06
 3.76856e-06
 3.76856e-06
 1.88428e-06
 1.81394e-06
 3.62788e-06
 3.62788e-06
 3.62788e-06
 3.62788e-06
 1.81394e-06
 1.73184e-06
 3.46368e-06
 3.46368e-06
 3.46368e-06
 3.46368e-06
 1.73184e-06
 1.64370e-06
 3.28739e-06
 3.28739e-06
 3.28739e-06
 3.28739e-06
 1.64370e-06
 1.55335e-06
 3.10670e-06
 3.10670e-06
 3.10670e-06
 3.10670e-06
 1.55335e-06
 1.46327e-06
 2.92654e-06
 2.92654e-06
 2.92654e-06
 2.92654e-06
 1.46327e-06
 1.37525e-06
 2.75049e-06
 2.75049e-06
 2.75049e-06
 2.75049e-06
 1.37525e-06
 1.29036e-06
 2.58071e-06
 2.58071e-06
 2.58071e-06
 2.58071e-06
 1.29036e-06
 1.20960e-06
 2.41921e-06
 2.41921e-06
 2.41921e-06
 2.41921e-06
 1.20960e-06
 1.13525e-06
 2.27050e-06
 2.27050e-06
 2.27050e-06
 2.27050e-06
 1.13525e-06
 1.07739e-06
 2.15478e-06
 2.15478e-06
 2.15478e-06
 2.15478e-06
 1.07739e-06
 1.04962e-06
 2.09925e-06
 2.09925e-06
 2.09925e-06
 2.09925e-06
 1.04962e-06
 1.04007e-06
 2.08013e-06
 2.08013e-06
 2.08013e-06
 2.08013e-06
 1.04007e-06
 1.03106e-06
 2.06211e-06
 2.06211e-06
 2.06211e-06
 2.06211e-06
 1.03106e-06
 1.02188e-06
 2.04376e-06
 2.04376e-06
 2.04376e-06
 2.04376e-06
 1.02188e-06
 1.01293e-06
 2.02586e-06
 2.02586e-06
 2.02586e-06
 2.02586e-06
 1.01293e-06
 1.00737e-06
 2.01474e-06
 2.01474e-06
 2.01474e-06
 2.01474e-06
 1.00737e-06
 1.00514e-06
 2.01029e-06
 2.01029e-06
 2.01029e-06
 2.01029e-06
 1.00515e-06
 1.00349e-06
 2.00699e-06
 2.00699e-06
 2.00700e-06
 2.00700e-06
 1.00350e-06
 1.00203e-06
 2.00405e-06
 2.00406e-06
 2.00406e-06
 2.00406e-06
 1.00203e-06
 1.00089e-06
 2.00178e-06
 2.00179e-06
 2.00179e-06
 2.00179e-06
 1.00090e-06
 1.00046e-06
 2.00093e-06
 2.00093e-06
 2.00093e-06
 2.00094e-06
 1.00047e-06
 1.00036e-06
 2.00071e-06
 2.00071e-06
 2.00071e-06
 2.00071e-06
 1.00036e-06
 1.00034e-06
 2.00069e-06
 2.00069e-06
 2.00069e-06
 2.00069e-06
 1.00034e-06
 1.00035e-06
 2.00069e-06
 2.00069e-06
 2.00069e-06
 2.00069e-06
 1.00034e-06
 1.00035e-06
 2.00070e-06
 2.00070e-06
 2.00069e-06
 2.00069e-06
 1.00034e-06
 1.00043e-06
 2.00086e-06
 2.00086e-06
 2.00085e-06
 2.00084e-06
 1.00042e-06
 1.00063e-06
 2.00125e-06
 2.00125e-06
 2.00124e-06
 2.00123e-06
 1.00061e-06
 1.00092e-06
 2.00183e-06
 2.00182e-06
 2.00181e-06
 2.00180e-06
 1.00090e-06
 1.00116e-06
 2.00232e-06
 2.00231e-06
 2.00230e-06
 2.00228e-06
 1.00114e-06
 1.00123e-06
 2.00246e-06
 2.00245e-06
 2.00244e-06
 2.00242e-06
 1.00121e-06
 1.00122e-06
 2.00244e-06
 2.00243e-06
 2.00242e-06
 2.00241e-06
 1.00120e-06
 1.00122e-06
 2.00243e-06
 2.00242e-06
 2.00241e-06
 2.00240e-06
 1.00120e-06
 1.00108e-06
 2.00216e-06
 2.00215e-06
 2.00214e-06
 2.00213e-06
 1.00106e-06
 1.00050e-06
 2.00100e-06
 2.00100e-06
 2.00098e-06
 2.00097e-06
 1.00048e-06
 9.98856e-07
 1.99771e-06
 1.99770e-06
 1.99769e-06
 1.99768e-06
 9.98836e-07
 9.94797e-07
 1.98959e-06
 1.98958e-06
 1.98957e-06
 1.98956e-06
 9.94778e-07
 9.85781e-07
 1.97156e-06
 1.97155e-06
 1.97154e-06
 1.97153e-06
 9.85763e-07
 9.67728e-07
 1.93545e-06
 1.93545e-06
 1.93543e-06
 1.93542e-06
 9.67710e-07
 9.35273e-07
 1.87054e-06
 1.87054e-06
 1.87052e-06
 1.87052e-06
 9.35256e-07
 8.83017e-07
 1.76603e-06
 1.76602e-06
 1.76601e-06
 1.76601e-06
 8.83002e-07
 8.07840e-07
 1.61568e-06
 1.61567e-06
 1.61566e-06
 1.61566e-06
 8.07827e-07
 7.24872e-07
 1.44974e-06
 1.44974e-06
 1.44973e-06
 1.44973e-06
 7.24862e-07
 6.65267e-07
 1.33053e-06
 1.33053e-06
 1.33052e-06
 1.33052e-06
 6.65258e-07
 6.34824e-07
 1.26965e-06
 1.26964e-06
 1.26964e-06
 1.26963e-06
 6.34815e-07
 6.20632e-07
 1.24126e-06
 1.24126e-06
 1.24125e-06
 1.24125e-06
 6.20623e-07
 6.16652e-07
 1.23330e-06
 1.23330e-06
 1.23329e-06
 1.23329e-06
 6.16644e-07
 6.16388e-07
 1.23278e-06
 1.23277e-06
 1.23277e-06
 1.23277e-06
 6.16383e-07
 6.15401e-07
 1.23080e-06
 1.23080e-06
 1.23080e-06
 1.23079e-06
 6.15396e-07
 6.12910e-07
 1.22582e-06
 1.22582e-06
 1.22581e-06
 1.22581e-06
 6.12906e-07
 6.05782e-07
 1.21156e-06
 1.21156e-06
 1.21156e-06
 1.21156e-06
 6.05779e-07
 5.87095e-07
 1.17419e-06
 1.17419e-06
 1.17419e-06
 1.17419e-06
 5.87093e-07
 5.50102e-07
 1.10020e-06
 1.10020e-06
 1.10020e-06
 1.10020e-06
 5.50101e-07
 4.93716e-07
 9.87433e-07
 9.87433e-07
 9.87433e-07
 9.87433e-07
 4.93717e-07
 4.29048e-07
 8.58095e-07
 8.58095e-07
 8.58096e-07
 8.58096e-07
 4.29048e-07
 3.71035e-07
 7.42071e-07
 7.42071e-07
 7.42071e-07
 7.42071e-07
 3.71036e-07
 3.24891e-07
 6.49783e-07
 6.49783e-07
 6.49783e-07
 6.49783e-07
 3.24892e-07
 2.91640e-07
 5.83281e-07
 5.83281e-07
 5.83281e-07
 5.83281e-07
 2.91641e-07
 2.71086e-07
 5.42172e-07
 5.42172e-07
 5.42172e-07
 5.42172e-07
 2.71086e-07
 2.59759e-07
 5.19518e-07
 5.19518e-07
 5.19518e-07
 5.19518e-07
 2.59759e-07
 2.54179e-07
 5.08359e-07
 5.08359e-07
 5.08359e-07
 5.08359e-07
 2.54179e-07
 2.51691e-07
 5.03383e-07
 5.03383e-07
 5.03383e-07
 5.03383e-07
 2.51691e-07
 2.50660e-07
 5.01319e-07
 5.01319e-07
 5.01319e-07
 5.01319e-07
 2.50660e-07
 2.50251e-07
 5.00502e-07
 5.00502e-07
 5.00502e-07
 5.00502e-07
 2.50251e-07
 2.50094e-07
 5.00187e-07
 5.00187e-07
 5.00187e-07
 5.00187e-07
 2.50094e-07
 2.50034e-07
 5.00069e-07
 5.00069e-07
 5.00069e-07
 5.00069e-07
 2.50034e-07
 2.50012e-07
 5.00025e-07
 5.00025e-07
 5.00025e-07
 5.00025e-07
 2.50012e-07
 2.50004e-07
 5.00009e-07
 5.00009e-07
 5.00009e-07
 5.00009e-07
 2.50004e-07
 2.50002e-07
 5.00003e-07
 5.00003e-07
 5.00003e-07
 5.00003e-07
 2.50002e-07
 2.50001e-07
 5.00001e-07
 5.00001e-07
 5.00001e-07
 5.00001e-07
 2.50001e-07
 2.50000e-07
 5.00000e-07
 5.00000e-07
 5.00000e-07
 5.00000e-07
 2.50000e-07
 2.50000e-07
 5.00000e-07
 5.00000e-07
 5.00000e-07
 5.00000e-07
 2.50000e-07
 2.50000e-07
 5.00000e-07
 5.00000e-07
 5.00000e-07
 5.00000e-07
 2.50000e-07
 1.25000e-07
 2.50000e-07
 2.50000e-07
 2.50000e-07
 2.50000e-07
 1.25000e-07
 1.00000e-06
 2.00000e-06
 2.00000e-06
 2.00000e-06
 2.00000e-06
 1.00000e-06
 2.00000e-06
 4.00000e-06
 4.00000e-06
 4.00000e-06
 4.00000e-06
 2.00000e-06
 2.00000e-06
 4.00000e-06
 4.00000e-06
 4.00000e-06
 4.00000e-06
 2.00000e-06
 2.00000e-06
 4.00000e-06
 4.00000e-06
 4.00000e-06
 4.00000e-06
 2.00000e-06
 2.00000e-06
 4.00000e-06
 4.00000e-06
 4.00000e-06
 4.00000e-06
 2.00000e-06
 2.00000e-06
 4.00000e-06
 4.00000e-06
 4.00000e-06
 4.00000e-06
 2.00000e-06
 2.00000e-06
 4.00000e-06
 4.00000e-06
 4.00000e-06
 4.00000e-06
 2.00000e-06
 2.00000e-06
 4.00000e-06
 4.00000e-06
 4.00000e-06
 4.00000e-06
 2.00000e-06
 2.00000e-06
 4.00000e-06
 4.00000e-06
 4.00000e-06
 4.00000e-06
 2.00000e-06
 2.00000e-06
 4.00000e-06
 4.00000e-06
 4.00000e-06
 4.00000e-06
 2.00000e-06
 2.00000e-06
 4.00000e-06
 4.00000e-06
 4.00000e-06
 4.00000e-06
 2.00000e-06
 2.00000e-06
 4.00000e-06
 4.00000e-06
 4.00000e-06
 4.00000e-06
 2.00000e-06
 2.00000e-06
 4.00000e-06
 4.00000e-06
 4.00000e-06
 4.00000e-06
 2.00000e-06
 2.00000e-06
 4.00000e-06
 4.00000e-06
 4.00000e-06
 4.00000e-06
 2.00000e-06
 2.00000e-06
 4.00000e-06
 4.00000e-06
 4.00000e-06
 4.00000e-06
 2.00000e-06
 2.00000e-06
 4.00000e-06
 4.00000e-06
 4.00000e-06
 4.00000e-06
 2.00000e-06
 2.00000e-06
 4.00000e-06
 4.00000e-06
 4.00000e-06
 4.00000e-06
 2.00000e-06
 2.00000e-06
 4.00000e-06
 4.00000e-06
 4.00000e-06
 4.00000e-06
 2.00000e-06
 2.00000e-06
 3.99999e-06
 3.99999e-06
 3.99999e-06
 3.99999e-06
 2.00000e-06
 1.99998e-06
 3.99997e-06
 3.99997e-06
 3.99997e-06
 3.99997e-06
 1.99998e-06
 1.99993e-06
 3.99985e-06
 3.99985e-06
 3.99985e-06
 3.99985e-06
 1.99993e-06
 1.99969e-06
 3.99937e-06
 3.99937e-06
 3.99937e-06
 3.99937e-06
 1.99969e-06
 1.99881e-06
 3.99762e-06
 3.99762e-06
 3.99762e-06
 3.99762e-06
 1.99881e-06
 1.99601e-06
 3.99202e-06
 3.99202e-06
 3.99202e-06
 3.99202e-06
 1.99601e-06
 1.98835e-06
 3.97670e-06
 3.97670e-06
 3.97670e-06
 3.97670e-06
 1.98835e-06
 1.97074e-06
 3.94148e-06
 3.94148e-06
 3.94148e-06
 3.94148e-06
 1.97074e-06
 1.93718e-06
 3.87436e-06
 3.87436e-06
 3.87436e-06
 3.87436e-06
 1.93718e-06
 1.88428e-06
 3.76856e-06
 3.76856e-06
 3.76856e-06
 3.76856e-06
 1.88428e-06
 1.81394e-06
 3.62788e-06
 3.62788e-06
 3.62788e-06
 3.62788e-06
 1.81394e-06
 1.73184e-06
 3.46368e-06
 3.46368e-06
 3.46368e-06
 3.46368e-06
 1.73184e-06
 1.64370e-06
 3.28739e-06
 3.28739e-06
 3.28739e-06
 3.28739e-06
 1.64370e-06
 1.55335e-06
 3.10670e-06
 3.10670e-06
 3.10670e-06
 3.10670e-06
 1.55335e-06
 1.46327e-06
 2.92654e-06
 2.92654e-06
 2.92654e-06
 2.92654e-06
 1.46327e-06
 1.37525e-06
 2.75049e-06
 2.75049e-06
 2.75049e-06
 2.75049e-06
 1.37525e-06
 1.29036e-06
 2.58071e-06
 2.58071e-06
 2.58071e-06
 2.58071e-06
 1.29036e-06
 1.20961e-06
 2.41921e-06
 2.41921e-06
 2.41921e-06
 2.41921e-06
 1.20961e-06
 1.13525e-06
 2.27050e-06
 2.27050e-06
 2.27050e-06
 2.27050e-06
 1.13525e-06
 1.07739e-06
 2.15478e-06
 2.15478e-06
 2.15478e-06
 2.15478e-06
 1.07739e-06
 1.04961e-06
 2.09922e-06
 2.09922e-06
 2.09922e-06
 2.09922e-06
 1.04961e-06
 1.04004e-06
 2.08008e-06
 2.08008e-06
 2.08008e-06
 2.08008e-06
 1.04004e-06
 1.03103e-06
 2.06205e-06
 2.06205e-06
 2.06205e-06
 2.06205e-06
 1.03103e-06
 1.02185e-06
 2.04369e-06
 2.04369e-06
 2.04370e-06
 2.04370e-06
 1.02185e-06
 1.01293e-06
 2.02586e-06
 2.02587e-06
 2.02587e-06
 2.02587e-06
 1.01293e-06
 1.00737e-06
 2.01474e-06
 2.01474e-06
 2.01474e-06
 2.01474e-06
 1.00737e-06
 1.00514e-06
 2.01029e-06
 2.01029e-06
 2.01029e-06
 2.01029e-06
 1.00515e-06
 1.00355e-06
 2.00709e-06
 2.00710e-06
 2.00710e-06
 2.00710e-06
 1.00355e-06
 1.00213e-06
 2.00426e-06
 2.00426e-06
 2.00426e-06
 2.00426e-06
 1.00213e-06
 1.00102e-06
 2.00205e-06
 2.00205e-06
 2.00205e-06
 2.00205e-06
 1.00102e-06
 1.00057e-06
 2.00115e-06
 2.00115e-06
 2.00115e-06
 2.00114e-06
 1.00057e-06
 1.00042e-06
 2.00083e-06
 2.00083e-06
 2.00082e-06
 2.00082e-06
 1.00041e-06
 1.00038e-06
 2.00076e-06
 2.00076e-06
 2.00075e-06
 2.00075e-06
 1.00037e-06
 1.00035e-06
 2.00069e-06
 2.00069e-06
 2.00069e-06
 2.00068e-06
 1.00034e-06
 1.00029e-06
 2.00059e-06
 2.00058e-06
 2.00058e-06
 2.00057e-06
 1.00028e-06
 1.00034e-06
 2.00068e-06
 2.00068e-06
 2.00067e-06
 2.00067e-06
 1.00033e-06
 1.00051e-06
 2.00103e-06
 2.00103e-06
 2.00102e-06
 2.00102e-06
 1.00051e-06
 1.00078e-06
 2.00157e-06
 2.00157e-06
 2.00156e-06
 2.00156e-06
 1.00078e-06
 1.00104e-06
 2.00208e-06
 2.00208e-06
 2.00208e-06
 2.00208e-06
 1.00104e-06
 1.00114e-06
 2.00228e-06
 2.00228e-06
 2.00228e-06
 2.00228e-06
 1.00114e-06
 1.00114e-06
 2.00227e-06
 2.00227e-06
 2.00228e-06
 2.00227e-06
 1.00114e-06
 1.00113e-06
 2.00226e-06
 2.00225e-06
 2.00226e-06
 2.00225e-06
 1.00113e-06
 1.00097e-06
 2.00194e-06
 2.00194e-06
 2.00194e-06
 2.00194e-06
 1.00097e-06
 1.00037e-06
 2.00074e-06
 2.00074e-06
 2.00074e-06
 2.00074e-06
 1.00037e-06
 9.98705e-07
 1.99741e-06
 1.99741e-06
 1.99741e-06
 1.99741e-06
 9.98702e-07
 9.94641e-07
 1.98928e-06
 1.98928e-06
 1.98928e-06
 1.98928e-06
 9.94639e-07
 9.85636e-07
 1.97127e-06
 1.97127e-06
 1.97127e-06
 1.97127e-06
 9.85634e-07
 9.67607e-07
 1.93521e-06
 1.93521e-06
 1.93521e-06
 1.93521e-06
 9.67604e-07
 9.35185e-07
 1.87037e-06
 1.87037e-06
 1.87037e-06
 1.87037e-06
 9.35182e-07
 8.82968e-07
 1.76593e-06
 1.76593e-06
 1.76593e-06
 1.76593e-06
 8.82965e-07
 8.07834e-07
 1.61567e-06
 1.61567e-06
 1.61567e-06
 1.61567e-06
 8.07833e-07
 7.24904e-07
 1.44981e-06
 1.44981e-06
 1.44981e-06
 1.44981e-06
 7.24903e-07
 6.65321e-07
 1.33064e-06
 1.33064e-06
 1.33064e-06
 1.33064e-06
 6.65319e-07
 6.34888e-07
 1.26978e-06
 1.26977e-06
 1.26977e-06
 1.26977e-06
 6.34884e-07
 6.20702e-07
 1.24140e-06
 1.24140e-06
 1.24140e-06
 1.24139e-06
 6.20697e-07
 6.16734e-07
 1.23347e-06
 1.23346e-06
 1.23346e-06
 1.23346e-06
 6.16729e-07
 6.16485e-07
 1.23297e-06
 1.23297e-06
 1.23296e-06
 1.23296e-06
 6.16479e-07
 6.15506e-07
 1.23101e-06
 1.23101e-06
 1.23101e-06
 1.23100e-06
 6.15501e-07
 6.13015e-07
 1.22603e-06
 1.22603e-06
 1.22602e-06
 1.22602e-06
 6.13011e-07
 6.05878e-07
 1.21175e-06
 1.21175e-06
 1.21175e-06
 1.21175e-06
 6.05874e-07
 5.87164e-07
 1.17433e-06
 1.17433e-06
 1.17432e-06
 1.17432e-06
 5.87161e-07
 5.50127e-07
 1.10025e-06
 1.10025e-06
 1.10025e-06
 1.10025e-06
 5.50126e-07
 4.93705e-07
 9.87410e-07
 9.87409e-07
 9.87409e-07
 9.87409e-07
 4.93705e-07
 4.29030e-07
 8.58060e-07
 8.58060e-07
 8.58060e-07
 8.58061e-07
 4.29030e-07
 3.71027e-07
 7.42055e-07
 7.42055e-07
 7.42055e-07
 7.42055e-07
 3.71028e-07
 3.24888e-07
 6.49775e-07
 6.49775e-07
 6.49776e-07
 6.49776e-07
 3.24888e-07
 2.91638e-07
 5.83277e-07
 5.83277e-07
 5.83277e-07
 5.83277e-07
 2.91639e-07
 2.71085e-07
 5.42170e-07
 5.42170e-07
 5.42170e-07
 5.42171e-07
 2.71085e-07
 2.59759e-07
 5.19517e-07
 5.19517e-07
 5.19517e-07
 5.19517e-07
 2.59759e-07
 2.54179e-07
 5.08358e-07
 5.08358e-07
 5.08358e-07
 5.08358e-07
 2.54179e-07
 2.51691e-07
 5.03383e-07
 5.03383e-07
 5.03383e-07
 5.03383e-07
 2.51691e-07
 2.50660e-07
 5.01319e-07
 5.01319e-07
 5.01319e-07
 5.01319e-07
 2.50660e-07
 2.50251e-07
 5.00502e-07
 5.00502e-07
 5.00502e-07
 5.00502e-07
 2.50251e-07
 2.50094e-07
 5.00187e-07
 5.00187e-07
 5.00187e-07
 5.00187e-07
 2.50094e-07
 2.50034e-07
 5.00069e-07
 5.00069e-07
 5.00069e-07
 5.00069e-07
 2.50034e-07
 2.50012e-07
 5.00025e-07
 5.00025e-07
 5.00025e-07
 5.00025e-07
 2.50012e-07
 2.50004e-07
 5.00009e-07
 5.00009e-07
 5.00009e-07
 5.00009e-07
 2.50004e-07
 2.50002e-07
 5.00003e-07
 5.00003e-07
 5.00003e-07
 5.00003e-07
 2.50002e-07
 2.50001e-07
 5.00001e-07
 5.00001e-07
 5.00001e-07
 5.00001e-07
 2.50001e-07
 2.50000e-07
 5.00000e-07
 5.00000e-07
 5.00000e-07
 5.00000e-07
 2.50000e-07
 2.50000e-07
 5.00000e-07
 5.00000e-07
 5.00000e-07
 5.00000e-07
 2.50000e-07
 2.50000e-07
 5.00000e-07
 5.00000e-07
 5.00000e-07
 5.00000e-07
 2.50000e-07
 1.25000e-07
 2.50000e-07
 2.50000e-07
 2.50000e-07
 2.50000e-07
 1.25000e-07
 1.00000e-06
 2.00000e-06
 2.00000e-06
 2.00000e-06
 2.00000e-06
 1.00000e-06
 2.00000e-06
 4.00000e-06
 4.00000e-06
 4.00000e-06
 4.00000e-06
 2.00000e-06
 2.00000e-06
 4.00000e-06
 4.00000e-06
 4.00000e-06
 4.00000e-06
 2.00000e-06
 2.00000e-06
 4.00000e-06
 4.00000e-06
 4.00000e-06
 4.00000e-06
 2.00000e-06
 2.00000e-06
 4.00000e-06
 4.00000e-06
 4.00000e-06
 4.00000e-06
 2.00000e-06
 2.00000e-06
 4.00000e-06
 4.00000e-06
 4.00000e-06
 4.00000e-06
 2.00000e-06
 2.00000e-06
 4.00000e-06
 4.00000e-06
 4.00000e-06
 4.00000e-06
 2.00000e-06
 2.00000e-06
 4.00000e-06
 4.00000e-06
 4.00000e-06
 4.00000e-06
 2.00000e-06
 2.00000e-06
 4.00000e-06
 4.00000e-06
 4.00000e-06
 4.00000e-06
 2.00000e-06
 2.00000e-06
 4.00000e-06
 4.00000e-06
 4.00000e-06
 4.00000e-06
 2.00000e-06
 2.00000e-06
 4.00000e-06
 4.00000e-06
 4.00000e-06
 4.00000e-06
 2.00000e-06
 2.00000e-06
 4.00000e-06
 4.00000e-06
 4.00000e-06
 4.00000e-06
 2.00000e-06
 2.00000e-06
 4.00000e-06
 4.00000e-06
 4.00000e-06
 4.00000e-06
 2.00000e-06
 2.00000e-06
 4.00000e-06
 4.00000e-06
 4.00000e-06
 4.00000e-06
 2.00000e-06
 2.00000e-06
 4.00000e-06
 4.00000e-06
 4.00000e-06
 4.00000e-06
 2.00000e-06
 2.00000e-06
 4.00000e-06
 4.00000e-06
 4.00000e-06
 4.00000e-06
 2.00000e-06
 2.00000e-06
 4.00000e-06
 4.00000e-06
 4.00000e-06
 4.00000e-06
 2.00000e-06
 2.00000e-06
 4.00000e-06
 4.00000e-06
 4.00000e-06
 4.00000e-06
 2.00000e-06
 2.00000e-06
 3.99999e-06
 3.99999e-06
 3.99999e-06
 3.99999e-06
 2.00000e-06
 1.99998e-06
 3.99997e-06
 3.99997e-06
 3.99997e-06
 3.99997e-06
 1.99998e-06
 1.99993e-06
 3.99985e-06
 3.99985e-06
 3.99985e-06
 3.99985e-06
 1.99993e-06
 1.99969e-06
 3.99937e-06
 3.99937e-06
 3.99937e-06
 3.99937e-06
 1.99969e-06
 1.99881e-06
 3.99762e-06
 3.99762e-06
 3.99762e-06
 3.99762e-06
 1.99881e-06
 1.99601e-06
 3.99202e-06
 3.99202e-06
 3.99202e-06
 3.99202e-06
 1.99601e-06
 1.98835e-06
 3.97671e-06
 3.97671e-06
 3.97671e-06
 3.97671e-06
 1.98835e-06
 1.97074e-06
 3.94148e-06
 3.94148e-06
 3.94148e-06
 3.94148e-06
 1.97074e-06
 1.93718e-06
 3.87436e-06
 3.87436e-06
 3.87436e-06
 3.87436e-06
 1.93718e-06
 1.88428e-06
 3.76856e-06
 3.76856e-06
 3.76856e-06
 3.76856e-06
 1.88428e-06
 1.81394e-06
 3.62788e-06
 3.62788e-06
 3.62788e-06
 3.62788e-06
 1.81394e-06
 1.73184e-06
 3.46369e-06
 3.46369e-06
 3.46369e-06
 3.46369e-06
 1.73184e-06
 1.64370e-06
 3.28739e-06
 3.28739e-06
 3.28739e-06
 3.28739e-06
 1.64370e-06
 1.55335e-06
 3.10670e-06
 3.10670e-06
 3.10670e-06
 3.10670e-06
 1.55335e-06
 1.46327e-06
 2.92654e-06
 2.92654e-06
 2.92654e-06
 2.92654e-06
 1.46327e-06
 1.37525e-06
 2.75049e-06
 2.75049e-06
 2.75049e-06
 2.75049e-06
 1.37525e-06
 1.29036e-06
 2.58072e-06
 2.58072e-06
 2.58072e-06
 2.58072e-06
 1.29036e-06
 1.20961e-06
 2.41921e-06
 2.41921e-06
 2.41921e-06
 2.41921e-06
 1.20961e-06
 1.13525e-06
 2.27050e-06
 2.27050e-06
 2.27050e-06
 2.27050e-06
 1.13525e-06
 1.07739e-06
 2.15478e-06
 2.15478e-06
 2.15478e-06
 2.15478e-06
 1.07739e-06
 1.04960e-06
 2.09919e-06
 2.09919e-06
 2.09919e-06
 2.09919e-06
 1.04959e-06
 1.04000e-06
 2.08001e-06
 2.08001e-06
 2.08001e-06
 2.08001e-06
 1.04000e-06
 1.03098e-06
 2.06197e-06
 2.06197e-06
 2.06197e-06
 2.06197e-06
 1.03098e-06
 1.02181e-06
 2.04361e-06
 2.04362e-06
 2.04362e-06
 2.04362e-06
 1.02181e-06
 1.01293e-06
 2.02585e-06
 2.02586e-06
 2.02586e-06
 2.02586e-06
 1.01293e-06
 1.00740e-06
 2.01481e-06
 2.01481e-06
 2.01481e-06
 2.01481e-06
 1.00741e-06
 1.00520e-06
 2.01039e-06
 2.01039e-06
 2.01039e-06
 2.01040e-06
 1.00520e-06
 1.00361e-06
 2.00722e-06
 2.00722e-06
 2.00722e-06
 2.00722e-06
 1.00361e-06
 1.00219e-06
 2.00438e-06
 2.00437e-06
 2.00438e-06
 2.00438e-06
 1.00219e-06
 1.00108e-06
 2.00216e-06
 2.00216e-06
 2.00216e-06
 2.00215e-06
 1.00108e-06
 1.00064e-06
 2.00128e-06
 2.00128e-06
 2.00127e-06
 2.00127e-06
 1.00063e-06
 1.00046e-06
 2.00092e-06
 2.00092e-06
 2.00091e-06
 2.00090e-06
 1.00045e-06
 1.00040e-06
 2.00079e-06
 2.00079e-06
 2.00078e-06
 2.00077e-06
 1.00038e-06
 1.00037e-06
 2.00073e-06
 2.00073e-06
 2.00072e-06
 2.00072e-06
 1.00036e-06
 1.00033e-06
 2.00066e-06
 2.00066e-06
 2.00066e-06
 2.00065e-06
 1.00032e-06
 1.00041e-06
 2.00082e-06
 2.00082e-06
 2.00082e-06
 2.00081e-06
 1.00041e-06
 1.00061e-06
 2.00122e-06
 2.00121e-06
 2.00121e-06
 2.00121e-06
 1.00061e-06
 1.00089e-06
 2.00177e-06
 2.00178e-06
 2.00177e-06
 2.00177e-06
 1.00089e-06
 1.00111e-06
 2.00223e-06
 2.00223e-06
 2.00222e-06
 2.00223e-06
 1.00112e-06
 1.00116e-06
 2.00233e-06
 2.00232e-06
 2.00232e-06
 2.00233e-06
 1.00117e-06
 1.00112e-06
 2.00223e-06
 2.00222e-06
 2.00223e-06
 2.00224e-06
 1.00112e-06
 1.00105e-06
 2.00210e-06
 2.00209e-06
 2.00209e-06
 2.00210e-06
 1.00105e-06
 1.00085e-06
 2.00170e-06
 2.00169e-06
 2.00169e-06
 2.00170e-06
 1.00085e-06
 1.00024e-06
 2.00047e-06
 2.00046e-06
 2.00047e-06
 2.00048e-06
 1.00024e-06
 9.98588e-07
 1.99717e-06
 1.99716e-06
 1.99717e-06
 1.99717e-06
 9.98588e-07
 9.94550e-07
 1.98909e-06
 1.98909e-06
 1.98909e-06
 1.98910e-06
 9.94551e-07
 9.85574e-07
 1.97114e-06
 1.97114e-06
 1.97114e-06
 1.97115e-06
 9.85576e-07
 9.67573e-07
 1.93514e-06
 1.93514e-06
 1.93514e-06
 1.93515e-06
 9.67578e-07
 9.35175e-07
 1.87035e-06
 1.87035e-06
 1.87035e-06
 1.87036e-06
 9.35183e-07
 8.82979e-07
 1.76596e-06
 1.76596e-06
 1.76597e-06
 1.76597e-06
 8.82989e-07
 8.07865e-07
 1.61573e-06
 1.61574e-06
 1.61574e-06
 1.61575e-06
 8.07877e-07
 7.24939e-07
 1.44988e-06
 1.44988e-06
 1.44989e-06
 1.44989e-06
 7.24949e-07
 6.65347e-07
 1.33069e-06
 1.33069e-06
 1.33070e-06
 1.33070e-06
 6.65351e-07
 6.34906e-07
 1.26981e-06
 1.26981e-06
 1.26982e-06
 1.26982e-06
 6.34909e-07
 6.20720e-07
 1.24144e-06
 1.24144e-06
 1.24144e-06
 1.24144e-06
 6.20721e-07
 6.16765e-07
 1.23353e-06
 1.23353e-06
 1.23353e-06
 1.23353e-06
 6.16763e-07
 6.16531e-07
 1.23306e-06
 1.23306e-06
 1.23306e-06
 1.23306e-06
 6.16528e-07
 6.15561e-07
 1.23112e-06
 1.23112e-06
 1.23112e-06
 1.23112e-06
 6.15558e-07
 6.13076e-07
 1.22615e-06
 1.22615e-06
 1.22615e-06
 1.22615e-06
 6.13072e-07
 6.05938e-07
 1.21188e-06
 1.21187e-06
 1.21187e-06
 1.21187e-06
 6.05934e-07
 5.87208e-07
 1.17441e-06
 1.17441e-06
 1.17441e-06
 1.17441e-06
 5.87204e-07
 5.50140e-07
 1.10028e-06
 1.10028e-06
 1.10028e-06
 1.10028e-06
 5.50137e-07
 4.93694e-07
 9.87388e-07
 9.87387e-07
 9.87387e-07
 9.87386e-07
 4.93693e-07
 4.29016e-07
 8.58032e-07
 8.58033e-07
 8.58032e-07
 8.58032e-07
 4.29016e-07
 3.71023e-07
 7.42045e-07
 7.42046e-07
 7.42046e-07
 7.42046e-07
 3.71023e-07
 3.24888e-07
 6.49776e-07
 6.49776e-07
 6.49777e-07
 6.49777e-07
 3.24888e-07
 2.91637e-07
 5.83275e-07
 5.83275e-07
 5.83275e-07
 5.83275e-07
 2.91638e-07
 2.71084e-07
 5.42168e-07
 5.42168e-07
 5.42168e-07
 5.42168e-07
 2.71084e-07
 2.59758e-07
 5.19516e-07
 5.19516e-07
 5.19516e-07
 5.19516e-07
 2.59758e-07
 2.54179e-07
 5.08358e-07
 5.08358e-07
 5.08358e-07
 5.08358e-07
 2.54179e-07
 2.51691e-07
 5.03383e-07
 5.03383e-07
 5.03383e-07
 5.03383e-07
 2.51691e-07
 2.50660e-07
 5.01319e-07
 5.01319e-07
 5.01319e-07
 5.01319e-07
 2.50660e-07
 2.50251e-07
 5.00502e-07
 5.00502e-07
 5.00502e-07
 5.00502e-07
 2.50251e-07
 2.50094e-07
 5.00187e-07
 5.00187e-07
 5.00187e-07
 5.00187e-07
 2.50094e-07
 2.50034e-07
 5.00069e-07
 5.00069e-07
 5.00069e-07
 5.00069e-07
 2.50034e-07
 2.50012e-07
 5.00025e-07
 5.00025e-07
 5.00025e-07
 5.00025e-07
 2.50012e-07
 2.50004e-07
 5.00009e-07
 5.00009e-07
 5.00009e-07
 5.00009e-07
 2.50004e-07
 2.50002e-07
 5.00003e-07
 5.00003e-07
 5.00003e-07
 5.00003e-07
 2.50002e-07
 2.50001e-07
 5.00001e-07
 5.00001e-07
 5.00001e-07
 5.00001e-07
 2.50001e-07
 2.50000e-07
 5.00000e-07
 5.00000e-07
 5.00000e-07
 5.00000e-07
 2.50000e-07
 2.50000e-07
 5.00000e-07
 5.00000e-07
 5.00000e-07
 5.00000e-07
 2.50000e-07
 2.50000e-07
 5.00000e-07
 5.00000e-07
 5.00000e-07
 5.00000e-07
 2.50000e-07
 1.25000e-07
 2.50000e-07
 2.50000e-07
 2.50000e-07
 2.50000e-07
 1.25000e-07
 1.00000e-06
 2.00000e-06
 2.00000e-06
 2.00000e-06
 2.00000e-06
 1.00000e-06
 2.00000e-06
 4.00000e-06
 4.00000e-06
 4.00000e-06
 4.00000e-06
 2.00000e-06
 2.00000e-06
 4.00000e-06
 4.00000e-06
 4.00000e-06
 4.00000e-06
 2.00000e-06
 2.00000e-06
 4.00000e-06
 4.00000e-06
 4.00000e-06
 4.00000e-06
 2.00000e-06
 2.00000e-06
 4.00000e-06
 4.00000e-06
 4.00000e-06
 4.00000e-06
 2.00000e-06
 2.00000e-06
 4.00000e-06
 4.00000e-06
 4.00000e-06
 4.00000e-06
 2.00000e-06
 2.00000e-06
 4.00000e-06
 4.00000e-06
 4.00000e-06
 4.00000e-06
 2.00000e-06
 2.00000e-06
 4.00000e-06
 4.00000e-06
 4.00000e-06
 4.00000e-06
 2.00000e-06
 2.00000e-06
 4.00000e-06
 4.00000e-06
 4.00000e-06
 4.00000e-06
 2.00000e-06
 2.00000e-06
 4.00000e-06
 4.00000e-06
 4.00000e-06
 4.00000e-06
 2.00000e-06
 2.00000e-06
 4.00000e-06
 4.00000e-06
 4.00000e-06
 4.00000e-06
 2.00000e-06
 2.00000e-06
 4.00000e-06
 4.00000e-06
 4.00000e-06
 4.00000e-06
 2.00000e-06
 2.00000e-06
 4.00000e-06
 4.00000e-06
 4.00000e-06
 4.00000e-06
 2.00000e-06
 2.00000e-06
 4.00000e-06
 4.00000e-06
 4.00000e-06
 4.00000e-06
 2.00000e-06
 2.00000e-06
 4.00000e-06
 4.00000e-06
 4.00000e-06
 4.00000e-06
 2.00000e-06
 2.00000e-06
 4.00000e-06
 4.00000e-06
 4.00000e-06
 4.00000e-06
 2.00000e-06
 2.00000e-06
 4.00000e-06
 4.00000e-06
 4.00000e-06
 4.00000e-06
 2.00000e-06
 2.00000e-06
 4.00000e-06
 4.00000e-06
 4.00000e-06
 4.00000e-06
 2.00000e-06
 2.00000e-06
 3.99999e-06
 3.99999e-06
 3.99999e-06
 3.99999e-06
 2.00000e-06
 1.99998e-06
 3.99997e-06
 3.99997e-06
 3.99997e-06
 3.99997e-06
 1.99998e-06
 1.99993e-06
 3.99985e-06
 3.99985e-06
 3.99985e-06
 3.99985e-06
 1.99993e-06
 1.99969e-06
 3.99937e-06
 3.99937e-06
 3.99937e-06
 3.99937e-06
 1.99969e-06
 1.99881e-06
 3.99762e-06
 3.99762e-06
 3.99762e-06
 3.99762e-06
 1.99881e-06
 1.99601e-06
 3.99202e-06
 3.99202e-06
 3.99202e-06
 3.99202e-06
 1.99601e-06
 1.98835e-06
 3.97671e-06
 3.97671e-06
 3.97671e-06
 3.97671e-06
 1.98835e-06
 1.97074e-06
 3.94148e-06
 3.94148e-06
 3.94148e-06
 3.94148e-06
 1.97074e-06
 1.93718e-06
 3.87436e-06
 3.87436e-06
 3.87436e-06
 3.87436e-06
 1.93718e-06
 1.88428e-06
 3.76856e-06
 3.76856e-06
 3.76856e-06
 3.76856e-06
 1.88428e-06
 1.81394e-06
 3.62788e-06
 3.62788e-06
 3.62788e-06
 3.62788e-06
 1.81394e-06
 1.73184e-06
 3.46369e-06
 3.46369e-06
 3.46369e-06
 3.46369e-06
 1.73184e-06
 1.64370e-06
 3.28740e-06
 3.28740e-06
 3.28740e-06
 3.28740e-06
 1.64370e-06
 1.55335e-06
 3.10670e-06
 3.10670e-06
 3.10670e-06
 3.10670e-06
 1.55335e-06
 1.46327e-06
 2.92654e-06
 2.92654e-06
 2.92654e-06
 2.92654e-06
 1.46327e-06
 1.37525e-06
 2.75050e-06
 2.75050e-06
 2.75050e-06
 2.75050e-06
 1.37525e-06
 1.29036e-06
 2.58072e-06
 2.58072e-06
 2.58072e-06
 2.58072e-06
 1.29036e-06
 1.20961e-06
 2.41921e-06
 2.41921e-06
 2.41921e-06
 2.41921e-06
 1.20961e-06
 1.13525e-06
 2.27050e-06
 2.27050e-06
 2.27050e-06
 2.27050e-06
 1.13525e-06
 1.07739e-06
 2.15478e-06
 2.15478e-06
 2.15478e-06
 2.15478e-06
 1.07739e-06
 1.04958e-06
 2.09917e-06
 2.09917e-06
 2.09917e-06
 2.09917e-06
 1.04958e-06
 1.03997e-06
 2.07995e-06
 2.07995e-06
 2.07995e-06
 2.07995e-06
 1.03997e-06
 1.03095e-06
 2.06189e-06
 2.06189e-06
 2.06189e-06
 2.06189e-06
 1.03095e-06
 1.02177e-06
 2.04355e-06
 2.04355e-06
 2.04355e-06
 2.04355e-06
 1.02178e-06
 1.01292e-06
 2.02583e-06
 2.02584e-06
 2.02584e-06
 2.02584e-06
 1.01292e-06
 1.00746e-06
 2.01492e-06
 2.01492e-06
 2.01492e-06
 2.01493e-06
 1.00746e-06
 1.00528e-06
 2.01056e-06
 2.01056e-06
 2.01056e-06
 2.01057e-06
 1.00528e-06
 1.00366e-06
 2.00731e-06
 2.00731e-06
 2.00731e-06
 2.00731e-06
 1.00366e-06
 1.00218e-06
 2.00436e-06
 2.00436e-06
 2.00436e-06
 2.00436e-06
 1.00218e-06
 1.00104e-06
 2.00208e-06
 2.00208e-06
 2.00207e-06
 2.00207e-06
 1.00103e-06
 1.00062e-06
 2.00123e-06
 2.00123e-06
 2.00122e-06
 2.00121e-06
 1.00060e-06
 1.00049e-06
 2.00098e-06
 2.00098e-06
 2.00097e-06
 2.00096e-06
 1.00048e-06
 1.00046e-06
 2.00092e-06
 2.00092e-06
 2.00091e-06
 2.00090e-06
 1.00044e-06
 1.00044e-06
 2.00088e-06
 2.00088e-06
 2.00088e-06
 2.00087e-06
 1.00043e-06
 1.00043e-06
 2.00085e-06
 2.00085e-06
 2.00085e-06
 2.00085e-06
 1.00042e-06
 1.00051e-06
 2.00101e-06
 2.00101e-06
 2.00101e-06
 2.00101e-06
 1.00050e-06
 1.00071e-06
 2.00141e-06
 2.00140e-06
 2.00140e-06
 2.00141e-06
 1.00071e-06
 1.00099e-06
 2.00197e-06
 2.00196e-06
 2.00196e-06
 2.00197e-06
 1.00099e-06
 1.00120e-06
 2.00240e-06
 2.00239e-06
 2.00239e-06
 2.00240e-06
 1.00121e-06
 1.00123e-06
 2.00246e-06
 2.00245e-06
 2.00244e-06
 2.00245e-06
 1.00123e-06
 1.00116e-06
 2.00232e-06
 2.00231e-06
 2.00231e-06
 2.00232e-06
 1.00117e-06
 1.00107e-06
 2.00214e-06
 2.00213e-06
 2.00213e-06
 2.00214e-06
 1.00108e-06
 1.00086e-06
 2.00171e-06
 2.00170e-06
 2.00170e-06
 2.00171e-06
 1.00086e-06
 1.00024e-06
 2.00048e-06
 2.00047e-06
 2.00047e-06
 2.00048e-06
 1.00025e-06
 9.98592e-07
 1.99718e-06
 1.99717e-06
 1.99717e-06
 1.99719e-06
 9.98598e-07
 9.94549e-07
 1.98909e-06
 1.98909e-06
 1.98909e-06
 1.98910e-06
 9.94555e-07
 9.85555e-07
 1.97111e-06
 1.97111e-06
 1.97111e-06
 1.97112e-06
 9.85563e-07
 9.67524e-07
 1.93505e-06
 1.93506e-06
 1.93506e-06
 1.93507e-06
 9.67541e-07
 9.35092e-07
 1.87019e-06
 1.87021e-06
 1.87022e-06
 1.87024e-06
 9.35123e-07
 8.82870e-07
 1.76576e-06
 1.76579e-06
 1.76580e-06
 1.76582e-06
 8.82917e-07
 8.07758e-07
 1.61555e-06
 1.61559e-06
 1.61561e-06
 1.61564e-06
 8.07824e-07
 7.24922e-07
 1.44988e-06
 1.44993e-06
 1.44995e-06
 1.44997e-06
 7.24992e-07
 6.65455e-07
 1.33094e-06
 1.33097e-06
 1.33098e-06
 1.33099e-06
 6.65500e-07
 6.35039e-07
 1.27009e-06
 1.27011e-06
 1.27011e-06
 1.27011e-06
 6.35052e-07
 6.20781e-07
 1.24157e-06
 1.24158e-06
 1.24158e-06
 1.24157e-06
 6.20777e-07
 6.16744e-07
 1.23349e-06
 1.23351e-06
 1.23351e-06
 1.23349e-06
 6.16736e-07
 6.16467e-07
 1.23294e-06
 1.23295e-06
 1.23297e-06
 1.23294e-06
 6.16460e-07
 6.15492e-07
 1.23098e-06
 1.23100e-06
 1.23101e-06
 1.23099e-06
 6.15485e-07
 6.13027e-07
 1.22605e-06
 1.22606e-06
 1.22607e-06
 1.22605e-06
 6.13018e-07
 6.05924e-07
 1.21185e-06
 1.21185e-06
 1.21184e-06
 1.21183e-06
 6.05911e-07
 5.87229e-07
 1.17446e-06
 1.17444e-06
 1.17443e-06
 1.17443e-06
 5.87211e-07
 5.50179e-07
 1.10035e-06
 1.10034e-06
 1.10032e-06
 1.10032e-06
 5.50163e-07
 4.93722e-07
 9.87441e-07
 9.87432e-07
 9.87426e-07
 9.87427e-07
 4.93714e-07
 4.28997e-07
 8.57993e-07
 8.57991e-07
 8.57990e-07
 8.57990e-07
 4.28995e-07
 3.71001e-07
 7.42002e-07
 7.42002e-07
 7.42002e-07
 7.42002e-07
 3.71001e-07
 3.24895e-07
 6.49789e-07
 6.49790e-07
 6.49790e-07
 6.49790e-07
 3.24895e-07
 2.91638e-07
 5.83276e-07
 5.83276e-07
 5.83276e-07
 5.83277e-07
 2.91638e-07
 2.71083e-07
 5.42166e-07
 5.42166e-07
 5.42166e-07
 5.42167e-07
 2.71083e-07
 2.59758e-07
 5.19515e-07
 5.19515e-07
 5.19515e-07
 5.19515e-07
 2.59758e-07
 2.54179e-07
 5.08358e-07
 5.08358e-07
 5.08358e-07
 5.08358e-07
 2.54179e-07
 2.51691e-07
 5.03382e-07
 5.03382e-07
 5.03382e-07
 5.03383e-07
 2.51691e-07
 2.50660e-07
 5.01319e-07
 5.01319e-07
 5.01319e-07
 5.01319e-07
 2.50660e-07
 2.50251e-07
 5.00502e-07
 5.00502e-07
 5.00502e-07
 5.00502e-07
 2.50251e-07
 2.50094e-07
 5.00187e-07
 5.00187e-07
 5.00187e-07
 5.00187e-07
 2.50094e-07
 2.50034e-07
 5.00069e-07
 5.00069e-07
 5.00069e-07
 5.00069e-07
 2.50034e-07
 2.50012e-07
 5.00025e-07
 5.00025e-07
 5.00025e-07
 5.00025e-07
 2.50012e-07
 2.50004e-07
 5.00009e-07
 5.00009e-07
 5.00009e-07
 5.00009e-07
 2.50004e-07
 2.50002e-07
 5.00003e-07
 5.00003e-07
 5.00003e-07
 5.00003e-07
 2.50002e-07
 2.50001e-07
 5.00001e-07
 5.00001e-07
 5.00001e-07
 5.00001e-07
 2.50001e-07
 2.50000e-07
 5.00000e-07
 5.00000e-07
 5.00000e-07
 5.00000e-07
 2.50000e-07
 2.50000e-07
 5.00000e-07
 5.00000e-07
 5.00000e-07
 5.00000e-07
 2.50000e-07
 2.50000e-07
 5.00000e-07
 5.00000e-07
 5.00000e-07
 5.00000e-07
 2.50000e-07
 1.25000e-07
 2.50000e-07
 2.50000e-07
 2.50000e-07
 2.50000e-07
 1.25000e-07
 5.00000e-07
 1.00000e-06
 1.00000e-06
 1.00000e-06
 1.00000e-06
 5.00000e-07
 1.00000e-06
 2.00000e-06
 2.00000e-06
 2.00000e-06
 2.00000e-06
 1.00000e-06
 1.00000e-06
 2.00000e-06
 2.00000e-06
 2.00000e-06
 2.00000e-06
 1.00000e-06
 1.00000e-06
 2.00000e-06
 2.00000e-06
 2.00000e-06
 2.00000e-06
 1.00000e-06
 1.00000e-06
 2.00000e-06
 2.00000e-06
 2.00000e-06
 2.00000e-06
 1.00000e-06
 1.00000e-06
 2.00000e-06
 2.00000e-06
 2.00000e-06
 2.00000e-06
 1.00000e-06
 1.00000e-06
 2.00000e-06
 2.00000e-06
 2.00000e-06
 2.00000e-06
 1.00000e-06
 1.00000e-06
 2.00000e-06
 2.00000e-06
 2.00000e-06
 2.00000e-06
 1.00000e-06
 1.00000e-06
 2.00000e-06
 2.00000e-06
 2.00000e-06
 2.00000e-06
 1.00000e-06
 1.00000e-06
 2.00000e-06
 2.00000e-06
 2.00000e-06
 2.00000e-06
 1.00000e-06
 1.00000e-06
 2.00000e-06
 2.00000e-06
 2.00000e-06
 2.00000e-06
 1.00000e-06
 1.00000e-06
 2.00000e-06
 2.00000e-06
 2.00000e-06
 2.00000e-06
 1.00000e-06
 1.00000e-06
 2.00000e-06
 2.00000e-06
 2.00000e-06
 2.00000e-06
 1.00000e-06
 1.00000e-06
 2.00000e-06
 2.00000e-06
 2.00000e-06
 2.00000e-06
 1.00000e-06
 1.00000e-06
 2.00000e-06
 2.00000e-06
 2.00000e-06
 2.00000e-06
 1.00000e-06
 1.00000e-06
 2.00000e-06
 2.00000e-06
 2.00000e-06
 2.00000e-06
 1.00000e-06
 1.00000e-06
 2.00000e-06
 2.00000e-06
 2.00000e-06
 2.00000e-06
 1.00000e-06
 1.00000e-06
 2.00000e-06
 2.00000e-06
 2.00000e-06
 2.00000e-06
 1.00000e-06
 9.99998e-07
 2.00000e-06
 2.00000e-06
 2.00000e-06
 2.00000e-06
 9.99998e-07
 9.99992e-07
 1.99998e-06
 1.99998e-06
 1.99998e-06
 1.99998e-06
 9.99992e-07
 9.99963e-07
 1.99993e-06
 1.99993e-06
 1.99993e-06
 1.99993e-06
 9.99963e-07
 9.99843e-07
 1.99969e-06
 1.99969e-06
 1.99969e-06
 1.99969e-06
 9.99843e-07
 9.99404e-07
 1.99881e-06
 1.99881e-06
 1.99881e-06
 1.99881e-06
 9.99404e-07
 9.98005e-07
 1.99601e-06
 1.99601e-06
 1.99601e-06
 1.99601e-06
 9.98005e-07
 9.94176e-07
 1.98835e-06
 1.98835e-06
 1.98835e-06
 1.98835e-06
 9.94176e-07
 9.85370e-07
 1.97074e-06
 1.97074e-06
 1.97074e-06
 1.97074e-06
 9.85370e-07
 9.68590e-07
 1.93718e-06
 1.93718e-06
 1.93718e-06
 1.93718e-06
 9.68590e-07
 9.42141e-07
 1.88428e-06
 1.88428e-06
 1.88428e-06
 1.88428e-06
 9.42141e-07
 9.06971e-07
 1.81394e-06
 1.81394e-06
 1.81394e-06
 1.81394e-06
 9.06971e-07
 8.65922e-07
 1.73184e-06
 1.73184e-06
 1.73184e-06
 1.73184e-06
 8.65922e-07
 8.21849e-07
 1.64370e-06
 1.64370e-06
 1.64370e-06
 1.64370e-06
 8.21849e-07
 7.76675e-07
 1.55335e-06
 1.55335e-06
 1.55335e-06
 1.55335e-06
 7.76675e-07
 7.31636e-07
 1.46327e-06
 1.46327e-06
 1.46327e-06
 1.46327e-06
 7.31636e-07
 6.87624e-07
 1.37525e-06
 1.37525e-06
 1.37525e-06
 1.37525e-06
 6.87624e-07
 6.45179e-07
 1.29036e-06
 1.29036e-06
 1.29036e-06
 1.29036e-06
 6.45179e-07
 6.04804e-07
 1.20961e-06
 1.20961e-06
 1.20961e-06
 1.20961e-06
 6.04804e-07
 5.67626e-07
 1.13525e-06
 1.13525e-06
 1.13525e-06
 1.13525e-06
 5.67626e-07
 5.38696e-07
 1.07739e-06
 1.07739e-06
 1.07739e-06
 1.07739e-06
 5.38696e-07
 5.24790e-07
 1.04958e-06
 1.04958e-06
 1.04958e-06
 1.04958e-06
 5.24790e-07
 5.19982e-07
 1.03996e-06
 1.03996e-06
 1.03996e-06
 1.03996e-06
 5.19981e-07
 5.15465e-07
 1.03093e-06
 1.03093e-06
 1.03093e-06
 1.03093e-06
 5.15466e-07
 5.10880e-07
 1.02176e-06
 1.02176e-06
 1.02176e-06
 1.02176e-06
 5.10882e-07
 5.06456e-07
 1.01291e-06
 1.01291e-06
 1.01292e-06
 1.01292e-06
 5.06459e-07
 5.03743e-07
 1.00749e-06
 1.00749e-06
 1.00749e-06
 1.00749e-06
 5.03745e-07
 5.02662e-07
 1.00532e-06
 1.00532e-06
 1.00532e-06
 1.00533e-06
 5.02663e-07
 5.01838e-07
 1.00367e-06
 1.00367e-06
 1.00367e-06
 1.00367e-06
 5.01836e-07
 5.01085e-07
 1.00217e-06
 1.00217e-06
 1.00216e-06
 1.00216e-06
 5.01082e-07
 5.00504e-07
 1.00101e-06
 1.00100e-06
 1.00100e-06
 1.00100e-06
 5.00499e-07
 5.00292e-07
 1.00058e-06
 1.00058e-06
 1.00058e-06
 1.00057e-06
 5.00285e-07
 5.00250e-07
 1.00050e-06
 1.00050e-06
 1.00050e-06
 1.00049e-06
 5.00243e-07
 5.00251e-07
 1.00050e-06
 1.00051e-06
 1.00050e-06
 1.00049e-06
 5.00246e-07
 5.00245e-07
 1.00049e-06
 1.00049e-06
 1.00049e-06
 1.00048e-06
 5.00241e-07
 5.00237e-07
 1.00047e-06
 1.00047e-06
 1.00047e-06
 1.00047e-06
 5.00235e-07
 5.00268e-07
 1.00053e-06
 1.00053e-06
 1.00053e-06
 1.00053e-06
 5.00266e-07
 5.00356e-07
 1.00071e-06
 1.00070e-06
 1.00070e-06
 1.00071e-06
 5.00356e-07
 5.00493e-07
 1.00098e-06
 1.00097e-06
 1.00097e-06
 1.00098e-06
 5.00492e-07
 5.00615e-07
 1.00123e-06
 1.00122e-06
 1.00122e-06
 1.00122e-06
 5.00615e-07
 5.00645e-07
 1.00129e-06
 1.00128e-06
 1.00128e-06
 1.00129e-06
 5.00647e-07
 5.00615e-07
 1.00123e-06
 1.00123e-06
 1.00122e-06
 1.00123e-06
 5.00618e-07
 5.00575e-07
 1.00115e-06
 1.00115e-06
 1.00115e-06
 1.00115e-06
 5.00579e-07
 5.00466e-07
 1.00093e-06
 1.00093e-06
 1.00093e-06
 1.00094e-06
 5.00471e-07
 5.00153e-07
 1.00031e-06
 1.00031e-06
 1.00031e-06
 1.00031e-06
 5.00158e-07
 4.99319e-07
 9.98638e-07
 9.98638e-07
 9.98638e-07
 9.98643e-07
 4.99324e-07
 4.97284e-07
 9.94569e-07
 9.94570e-07
 9.94570e-07
 9.94574e-07
 4.97289e-07
 4.92770e-07
 9.85543e-07
 9.85545e-07
 9.85546e-07
 9.85550e-07
 4.92777e-07
 4.83735e-07
 9.67474e-07
 9.67481e-07
 9.67485e-07
 9.67491e-07
 4.83748e-07
 4.67499e-07
 9.35007e-07
 9.35022e-07
 9.35030e-07
 9.35040e-07
 4.67523e-07
 4.41372e-07
 8.82762e-07
 8.82789e-07
 8.82802e-07
 8.82814e-07
 4.41411e-07
 4.03815e-07
 8.07658e-07
 8.07700e-07
 8.07718e-07
 8.07733e-07
 4.03871e-07
 3.62443e-07
 7.24919e-07
 7.24969e-07
 7.24988e-07
 7.25002e-07
 3.62506e-07
 3.32778e-07
 6.65584e-07
 6.65619e-07
 6.65628e-07
 6.65635e-07
 3.32820e-07
 3.17587e-07
 6.35191e-07
 6.35205e-07
 6.35203e-07
 6.35199e-07
 3.17597e-07
 3.10422e-07
 6.20855e-07
 6.20862e-07
 6.20861e-07
 6.20848e-07
 3.10417e-07
 3.08360e-07
 6.16726e-07
 6.16738e-07
 6.16746e-07
 6.16726e-07
 3.08352e-07
 3.08196e-07
 6.16395e-07
 6.16412e-07
 6.16427e-07
 6.16403e-07
 3.08190e-07
 3.07705e-07
 6.15410e-07
 6.15425e-07
 6.15440e-07
 6.15418e-07
 3.07699e-07
 3.06480e-07
 6.12960e-07
 6.12969e-07
 6.12978e-07
 6.12961e-07
 3.06472e-07
 3.02944e-07
 6.05887e-07
 6.05885e-07
 6.05885e-07
 6.05874e-07
 3.02932e-07
 2.93616e-07
 5.87230e-07
 5.87216e-07
 5.87206e-07
 5.87203e-07
 2.93600e-07
 2.75106e-07
 5.50207e-07
 5.50191e-07
 5.50179e-07
 5.50180e-07
 2.75091e-07
 2.46876e-07
 4.93749e-07
 4.93740e-07
 4.93734e-07
 4.93736e-07
 2.46869e-07
 2.14491e-07
 4.28981e-07
 4.28979e-07
 4.28978e-07
 4.28979e-07
 2.14490e-07
 1.85490e-07
 3.70980e-07
 3.70980e-07
 3.70980e-07
 3.70980e-07
 1.85490e-07
 1.62449e-07
 3.24898e-07
 3.24899e-07
 3.24899e-07
 3.24899e-07
 1.62449e-07
 1.45819e-07
 2.91638e-07
 2.91639e-07
 2.91639e-07
 2.91639e-07
 1.45819e-07
 1.35541e-07
 2.71083e-07
 2.71083e-07
 2.71083e-07
 2.71083e-07
 1.35542e-07
 1.29879e-07
 2.59757e-07
 2.59757e-07
 2.59757e-07
 2.59758e-07
 1.29879e-07
 1.27089e-07
 2.54179e-07
 2.54179e-07
 2.54179e-07
 2.54179e-07
 1.27089e-07
 1.25846e-07
 2.51691e-07
 2.51691e-07
 2.51691e-07
 2.51691e-07
 1.25846e-07
 1.25330e-07
 2.50660e-07
 2.50660e-07
 2.50660e-07
 2.50660e-07
 1.25330e-07
 1.25126e-07
 2.50251e-07
 2.50251e-07
 2.50251e-07
 2.50251e-07
 1.25126e-07
 1.25047e-07
 2.50094e-07
 2.50094e-07
 2.50094e-07
 2.50094e-07
 1.25047e-07
 1.25017e-07
 2.50034e-07
 2.50034e-07
 2.50034e-07
 2.50034e-07
 1.25017e-07
 1.25006e-07
 2.50012e-07
 2.50012e-07
 2.50012e-07
 2.50012e-07
 1.25006e-07
 1.25002e-07
 2.50004e-07
 2.50004e-07
 2.50004e-07
 2.50004e-07
 1.25002e-07
 1.25001e-07
 2.50002e-07
 2.50002e-07
 2.50002e-07
 2.50002e-07
 1.25001e-07
 1.25000e-07
 2.50001e-07
 2.50001e-07
 2.50001e-07
 2.50001e-07
 1.25000e-07
 1.25000e-07
 2.50000e-07
 2.50000e-07
 2.50000e-07
 2.50000e-07
 1.25000e-07
 1.25000e-07
 2.50000e-07
 2.50000e-07
 2.50000e-07
 2.50000e-07
 1.25000e-07
 1.25000e-07
 2.50000e-07
 2.50000e-07
 2.50000e-07
 2.50000e-07
 1.25000e-07
 6.25000e-08
 1.25000e-07
 1.25000e-07
 1.25000e-07
 1.25000e-07
 6.25000e-08
