NodeMass
part
         1
coordinates
 0.00000e+00
 0.00000e+00
 0.00000e+00
 0.00000e+00
 0.00000e+00
 0.00000e+00
 0.00000e+00
 0.00000e+00
 0.00000e+00
 0.00000e+00
 0.00000e+00
 0.00000e+00
 0.00000e+00
 0.00000e+00
 0.00000e+00
 0.00000e+00
 0.00000e+00
 0.00000e+00
 0.00000e+00
 0.00000e+00
 0.00000e+00
 0.00000e+00
 0.00000e+00
 0.00000e+00
 0.00000e+00
 0.00000e+00
 0.00000e+00
 0.00000e+00
 0.00000e+00
 0.00000e+00
 0.00000e+00
 0.00000e+00
 0.00000e+00
 0.00000e+00
 0.00000e+00
 0.00000e+00
 0.00000e+00
 8.22408e-17
 2.54781e-16
 3.95041e-16
 4.45003e-16
 3.95041e-16
 2.54781e-16
 8.22408e-17
 0.00000e+00
 0.00000e+00
 0.00000e+00
 0.00000e+00
 0.00000e+00
 0.00000e+00
 9.81611e-17
 3.74581e-16
 2.73679e-15
 7.19210e-15
 1.06967e-14
 1.19300e-14
 1.06967e-14
 7.19210e-15
 2.73679e-15
 3.74581e-16
 0.00000e+00
 0.00000e+00
 0.00000e+00
 0.00000e+00
 1.43373e-16
 2.93488e-15
 1.00874e-14
 4.33535e-14
 1.00570e-13
 1.44190e-13
 1.59355e-13
 1.44190e-13
 1.00570e-13
 4.33535e-14
 1.00874e-14
 0.00000e+00
 0.00000e+00
 0.00000e+00
 9.81611e-17
 4.00568e-15
 4.32710e-14
 1.35407e-13
 4.42705e-13
 9.30073e-13
 1.29069e-12
 1.41456e-12
 1.29069e-12
 9.30073e-13
 4.42705e-13
 1.35407e-13
 0.00000e+00
 0.00000e+00
 0.00000e+00
 2.69945e-15
 5.57860e-14
 4.20450e-13
 1.20833e-12
 3.30831e-12
 6.40656e-12
 8.63463e-12
 9.39085e-12
 8.63463e-12
 6.40656e-12
 3.30831e-12
 1.20833e-12
 0.00000e+00
 0.00000e+00
 8.22408e-17
 3.71308e-14
 5.16507e-13
 3.03445e-12
 8.06654e-12
 1.94113e-11
 3.50934e-11
 4.60679e-11
 4.97486e-11
 4.60679e-11
 3.50934e-11
 1.94113e-11
 8.06654e-12
 0.00000e+00
 0.00000e+00
 2.20259e-15
 3.40576e-13
 3.57769e-12
 1.73759e-11
 4.29831e-11
 9.35231e-11
 1.59368e-10
 2.04261e-10
 2.19140e-10
 2.04261e-10
 1.59368e-10
 9.35231e-11
 4.29831e-11
 0.00000e+00
 0.00000e+00
 2.94442e-14
 2.34332e-12
 1.97812e-11
 8.23293e-11
 1.90489e-10
 3.81674e-10
 6.17590e-10
 7.74471e-10
 8.25857e-10
 7.74471e-10
 6.17590e-10
 3.81674e-10
 1.90489e-10
 0.00000e+00
 0.00000e+00
 2.61990e-13
 1.29000e-11
 9.09644e-11
 3.32330e-10
 7.22389e-10
 1.34985e-09
 2.08627e-09
 2.56440e-09
 2.71918e-09
 2.56440e-09
 2.08627e-09
 1.34985e-09
 7.22389e-10
 0.00000e+00
 0.00000e+00
 1.74579e-12
 5.91840e-11
 3.57943e-10
 1.16769e-09
 2.39382e-09
 4.21010e-09
 6.24491e-09
 7.53600e-09
 7.94911e-09
 7.53600e-09
 6.24491e-09
 4.21010e-09
 2.39382e-09
 0.00000e+00
 0.00000e+00
 9.29382e-12
 2.32759e-10
 1.23071e-09
 3.63077e-09
 7.04392e-09
 1.17418e-08
 1.67813e-08
 1.99090e-08
 2.08982e-08
 1.99090e-08
 1.67813e-08
 1.17418e-08
 7.04392e-09
 0.00000e+00
 0.00000e+00
 4.14634e-11
 8.01334e-10
 3.75724e-09
 1.01227e-08
 1.86420e-08
 2.96149e-08
 4.09159e-08
 4.77824e-08
 4.99294e-08
 4.77824e-08
 4.09159e-08
 2.96149e-08
 1.86420e-08
 0.00000e+00
 0.00000e+00
 1.60475e-10
 2.45517e-09
 1.03152e-08
 2.55783e-08
 4.48395e-08
 6.81862e-08
 9.13264e-08
 1.05102e-07
 1.09360e-07
 1.05102e-07
 9.13264e-08
 6.81862e-08
 4.48395e-08
 0.00000e+00
 0.00000e+00
 5.51364e-10
 6.78393e-09
 2.57332e-08
 5.91046e-08
 9.88794e-08
 1.44462e-07
 1.88033e-07
 2.13465e-07
 2.21237e-07
 2.13465e-07
 1.88033e-07
 1.44462e-07
 9.88794e-08
 0.00000e+00
 0.00000e+00
 1.70523e-09
 1.70884e-08
 5.88404e-08
 1.25850e-07
 2.01399e-07
 2.83576e-07
 3.59471e-07
 4.02937e-07
 4.16072e-07
 4.02937e-07
 3.59471e-07
 2.83576e-07
 2.01399e-07
 0.00000e+00
 0.00000e+00
 4.78468e-09
 3.95861e-08
 1.24227e-07
 2.48559e-07
 3.81345e-07
 5.18881e-07
 6.41814e-07
 7.10943e-07
 7.31598e-07
 7.10943e-07
 6.41814e-07
 5.18881e-07
 3.81345e-07
 0.00000e+00
 0.00000e+00
 1.22384e-08
 8.49291e-08
 2.43708e-07
 4.58011e-07
 6.75084e-07
 8.89787e-07
 1.07579e-06
 1.17856e-06
 1.20892e-06
 1.17856e-06
 1.07579e-06
 8.89787e-07
 6.75084e-07
 0.00000e+00
 0.00000e+00
 2.86423e-08
 1.69704e-07
 4.46734e-07
 7.91476e-07
 1.12303e-06
 1.43694e-06
 1.70089e-06
 1.84424e-06
 1.88613e-06
 1.84424e-06
 1.70089e-06
 1.43694e-06
 1.12303e-06
 0.00000e+00
 0.00000e+00
 6.15546e-08
 3.17265e-07
 7.68930e-07
 1.28868e-06
 1.76373e-06
 2.19515e-06
 2.54765e-06
 2.73597e-06
 2.79038e-06
 2.73597e-06
 2.54765e-06
 2.19515e-06
 1.76373e-06
 0.00000e+00
 0.00000e+00
 1.21936e-07
 5.57012e-07
 1.24821e-06
 1.98544e-06
 2.62621e-06
 3.18539e-06
 3.62987e-06
 3.86354e-06
 3.93033e-06
 3.86354e-06
 3.62987e-06
 3.18539e-06
 2.62621e-06
 0.00000e+00
 0.00000e+00
 2.23535e-07
 9.21249e-07
 1.91849e-06
 2.90594e-06
 3.72231e-06
 4.40791e-06
 4.93856e-06
 5.21324e-06
 5.29089e-06
 5.21324e-06
 4.93856e-06
 4.40791e-06
 3.72231e-06
 0.00000e+00
 0.00000e+00
 3.80760e-07
 1.43926e-06
 2.80181e-06
 4.05531e-06
 5.04089e-06
 5.83831e-06
 6.43975e-06
 6.74642e-06
 6.83217e-06
 6.74642e-06
 6.43975e-06
 5.83831e-06
 5.04089e-06
 0.00000e+00
 0.00000e+00
 6.05011e-07
 2.12913e-06
 3.90036e-06
 5.41437e-06
 6.54559e-06
 7.42795e-06
 8.07682e-06
 8.40283e-06
 8.49300e-06
 8.40283e-06
 8.07682e-06
 7.42795e-06
 6.54559e-06
 0.00000e+00
 0.00000e+00
 9.00159e-07
 2.98902e-06
 5.19024e-06
 6.93788e-06
 8.17694e-06
 9.10874e-06
 9.77697e-06
 1.01078e-05
 1.01983e-05
 1.01078e-05
 9.77697e-06
 9.10874e-06
 8.17694e-06
 0.00000e+00
 0.00000e+00
 1.25852e-06
 3.99034e-06
 6.61874e-06
 8.55676e-06
 9.85803e-06
 1.08009e-05
 1.14602e-05
 1.17818e-05
 1.18688e-05
 1.17818e-05
 1.14602e-05
 1.08009e-05
 9.85803e-06
 0.00000e+00
 0.00000e+00
 1.65890e-06
 5.07554e-06
 8.10620e-06
 1.01839e-05
 1.15025e-05
 1.24220e-05
 1.30482e-05
 1.33491e-05
 1.34295e-05
 1.33491e-05
 1.30482e-05
 1.24220e-05
 1.15025e-05
 0.00000e+00
 0.00000e+00
 0.00000e+00
 0.00000e+00
 0.00000e+00
 0.00000e+00
 0.00000e+00
 0.00000e+00
 0.00000e+00
 0.00000e+00
 0.00000e+00
 0.00000e+00
 0.00000e+00
 0.00000e+00
 0.00000e+00
 0.00000e+00
 0.00000e+00
 0.00000e+00
 0.00000e+00
 0.00000e+00
 0.00000e+00
 0.00000e+00
 0.00000e+00
 0.00000e+00
 0.00000e+00
 0.00000e+00
 0.00000e+00
 0.00000e+00
 0.00000e+00
 0.00000e+00
 0.00000e+00
 0.00000e+00
 0.00000e+00
 0.00000e+00
 0.00000e+00
 0.00000e+00
 0.00000e+00
 8.22408e-17
 2.54781e-16
 3.95041e-16
 4.45003e-16
 3.95041e-16
 2.54781e-16
 8.22408e-17
 0.00000e+00
 0.00000e+00
 0.00000e+00
 0.00000e+00
 0.00000e+00
 0.00000e+00
 9.81611e-17
 3.74581e-16
 2.73679e-15
 7.19210e-15
 1.06967e-14
 1.19300e-14
 1.06967e-14
 7.19210e-15
 2.73679e-15
 3.74581e-16
 0.00000e+00
 0.00000e+00
 0.00000e+00
 0.00000e+00
 1.43373e-16
 2.93488e-15
 1.00874e-14
 4.33535e-14
 1.00570e-13
 1.44190e-13
 1.59355e-13
 1.44190e-13
 1.00570e-13
 4.33535e-14
 1.00874e-14
 0.00000e+00
 0.00000e+00
 0.00000e+00
 9.81611e-17
 4.00568e-15
 4.32710e-14
 1.35407e-13
 4.42705e-13
 9.30073e-13
 1.29069e-12
 1.41456e-12
 1.29069e-12
 9.30073e-13
 4.42705e-13
 1.35407e-13
 0.00000e+00
 0.00000e+00
 0.00000e+00
 2.69945e-15
 5.57860e-14
 4.20450e-13
 1.20833e-12
 3.30831e-12
 6.40656e-12
 8.63463e-12
 9.39085e-12
 8.63463e-12
 6.40656e-12
 3.30831e-12
 1.20833e-12
 0.00000e+00
 0.00000e+00
 8.22408e-17
 3.71308e-14
 5.16507e-13
 3.03445e-12
 8.06654e-12
 1.94113e-11
 3.50934e-11
 4.60679e-11
 4.97486e-11
 4.60679e-11
 3.50934e-11
 1.94113e-11
 8.06654e-12
 0.00000e+00
 0.00000e+00
 2.20259e-15
 3.40576e-13
 3.57769e-12
 1.73759e-11
 4.29831e-11
 9.35231e-11
 1.59368e-10
 2.04261e-10
 2.19140e-10
 2.04261e-10
 1.59368e-10
 9.35231e-11
 4.29831e-11
 0.00000e+00
 0.00000e+00
 2.94442e-14
 2.34332e-12
 1.97812e-11
 8.23293e-11
 1.90489e-10
 3.81674e-10
 6.17590e-10
 7.74471e-10
 8.25857e-10
 7.74471e-10
 6.17590e-10
 3.81674e-10
 1.90489e-10
 0.00000e+00
 0.00000e+00
 2.61990e-13
 1.29000e-11
 9.09644e-11
 3.32330e-10
 7.22389e-10
 1.34985e-09
 2.08627e-09
 2.56440e-09
 2.71918e-09
 2.56440e-09
 2.08627e-09
 1.34985e-09
 7.22389e-10
 0.00000e+00
 0.00000e+00
 1.74579e-12
 5.91840e-11
 3.57943e-10
 1.16769e-09
 2.39382e-09
 4.21010e-09
 6.24491e-09
 7.53600e-09
 7.94911e-09
 7.53600e-09
 6.24491e-09
 4.21010e-09
 2.39382e-09
 0.00000e+00
 0.00000e+00
 9.29382e-12
 2.32759e-10
 1.23071e-09
 3.63077e-09
 7.04392e-09
 1.17418e-08
 1.67813e-08
 1.99090e-08
 2.08982e-08
 1.99090e-08
 1.67813e-08
 1.17418e-08
 7.04392e-09
 0.00000e+00
 0.00000e+00
 4.14634e-11
 8.01334e-10
 3.75724e-09
 1.01227e-08
 1.86420e-08
 2.96149e-08
 4.09159e-08
 4.77824e-08
 4.99294e-08
 4.77824e-08
 4.09159e-08
 2.96149e-08
 1.86420e-08
 0.00000e+00
 0.00000e+00
 1.60475e-10
 2.45517e-09
 1.03152e-08
 2.55783e-08
 4.48395e-08
 6.81862e-08
 9.13264e-08
 1.05102e-07
 1.09360e-07
 1.05102e-07
 9.13264e-08
 6.81862e-08
 4.48395e-08
 0.00000e+00
 0.00000e+00
 5.51364e-10
 6.78393e-09
 2.57332e-08
 5.91046e-08
 9.88794e-08
 1.44462e-07
 1.88033e-07
 2.13465e-07
 2.21237e-07
 2.13465e-07
 1.88033e-07
 1.44462e-07
 9.88794e-08
 0.00000e+00
 0.00000e+00
 1.70523e-09
 1.70884e-08
 5.88404e-08
 1.25850e-07
 2.01399e-07
 2.83576e-07
 3.59471e-07
 4.02937e-07
 4.16072e-07
 4.02937e-07
 3.59471e-07
 2.83576e-07
 2.01399e-07
 0.00000e+00
 0.00000e+00
 4.78468e-09
 3.95861e-08
 1.24227e-07
 2.48559e-07
 3.81345e-07
 5.18881e-07
 6.41814e-07
 7.10943e-07
 7.31598e-07
 7.10943e-07
 6.41814e-07
 5.18881e-07
 3.81345e-07
 0.00000e+00
 0.00000e+00
 1.22384e-08
 8.49291e-08
 2.43708e-07
 4.58011e-07
 6.75084e-07
 8.89787e-07
 1.07579e-06
 1.17856e-06
 1.20892e-06
 1.17856e-06
 1.07579e-06
 8.89787e-07
 6.75084e-07
 0.00000e+00
 0.00000e+00
 2.86423e-08
 1.69704e-07
 4.46734e-07
 7.91476e-07
 1.12303e-06
 1.43694e-06
 1.70089e-06
 1.84424e-06
 1.88613e-06
 1.84424e-06
 1.70089e-06
 1.43694e-06
 1.12303e-06
 0.00000e+00
 0.00000e+00
 6.15546e-08
 3.17265e-07
 7.68930e-07
 1.28868e-06
 1.76373e-06
 2.19515e-06
 2.54765e-06
 2.73597e-06
 2.79038e-06
 2.73597e-06
 2.54765e-06
 2.19515e-06
 1.76373e-06
 0.00000e+00
 0.00000e+00
 1.21936e-07
 5.57012e-07
 1.24821e-06
 1.98544e-06
 2.62621e-06
 3.18539e-06
 3.62987e-06
 3.86354e-06
 3.93033e-06
 3.86354e-06
 3.62987e-06
 3.18539e-06
 2.62621e-06
 0.00000e+00
 0.00000e+00
 2.23535e-07
 9.21249e-07
 1.91849e-06
 2.90594e-06
 3.72231e-06
 4.40791e-06
 4.93856e-06
 5.21324e-06
 5.29089e-06
 5.21324e-06
 4.93856e-06
 4.40791e-06
 3.72231e-06
 0.00000e+00
 0.00000e+00
 3.80760e-07
 1.43926e-06
 2.80181e-06
 4.05531e-06
 5.04089e-06
 5.83831e-06
 6.43975e-06
 6.74642e-06
 6.83217e-06
 6.74642e-06
 6.43975e-06
 5.83831e-06
 5.04089e-06
 0.00000e+00
 0.00000e+00
 6.05011e-07
 2.12913e-06
 3.90036e-06
 5.41437e-06
 6.54559e-06
 7.42795e-06
 8.07682e-06
 8.40283e-06
 8.49300e-06
 8.40283e-06
 8.07682e-06
 7.42795e-06
 6.54559e-06
 0.00000e+00
 0.00000e+00
 9.00159e-07
 2.98902e-06
 5.19024e-06
 6.93788e-06
 8.17694e-06
 9.10874e-06
 9.77697e-06
 1.01078e-05
 1.01983e-05
 1.01078e-05
 9.77697e-06
 9.10874e-06
 8.17694e-06
 0.00000e+00
 0.00000e+00
 1.25852e-06
 3.99034e-06
 6.61874e-06
 8.55676e-06
 9.85803e-06
 1.08009e-05
 1.14602e-05
 1.17818e-05
 1.18688e-05
 1.17818e-05
 1.14602e-05
 1.08009e-05
 9.85803e-06
 0.00000e+00
 0.00000e+00
 1.65890e-06
 5.07554e-06
 8.10620e-06
 1.01839e-05
 1.15025e-05
 1.24220e-05
 1.30482e-05
 1.33491e-05
 1.34295e-05
 1.33491e-05
 1.30482e-05
 1.24220e-05
 1.15025e-05
part
         2
coordinates
 0.00000e+00
 0.00000e+00
 0.00000e+00
 0.00000e+00
 0.00000e+00
 0.00000e+00
 0.00000e+00
 0.00000e+00
 0.00000e+00
 0.00000e+00
 0.00000e+00
 0.00000e+00
 0.00000e+00
 0.00000e+00
 0.00000e+00
 0.00000e+00
 0.00000e+00
 0.00000e+00
 0.00000e+00
 0.00000e+00
 0.00000e+00
 0.00000e+00
 0.00000e+00
 0.00000e+00
 0.00000e+00
 0.00000e+00
 0.00000e+00
 0.00000e+00
 0.00000e+00
 0.00000e+00
 0.00000e+00
 0.00000e+00
 0.00000e+00
 0.00000e+00
 4.45003e-16
 3.95041e-16
 2.54781e-16
 8.22408e-17
 0.00000e+00
 0.00000e+00
 0.00000e+00
 0.00000e+00
 0.00000e+00
 0.00000e+00
 0.00000e+00
 0.00000e+00
 0.00000e+00
 0.00000e+00
 0.00000e+00
 0.00000e+00
 0.00000e+00
 1.19300e-14
 1.06967e-14
 7.19210e-15
 2.73679e-15
 3.74581e-16
 9.81611e-17
 0.00000e+00
 0.00000e+00
 0.00000e+00
 0.00000e+00
 0.00000e+00
 0.00000e+00
 0.00000e+00
 0.00000e+00
 0.00000e+00
 0.00000e+00
 0.00000e+00
 1.59355e-13
 1.44190e-13
 1.00570e-13
 4.33535e-14
 1.00874e-14
 2.93488e-15
 1.43373e-16
 0.00000e+00
 0.00000e+00
 0.00000e+00
 0.00000e+00
 0.00000e+00
 0.00000e+00
 0.00000e+00
 0.00000e+00
 0.00000e+00
 0.00000e+00
 1.41456e-12
 1.29069e-12
 9.30073e-13
 4.42705e-13
 1.35407e-13
 4.32710e-14
 4.00568e-15
 9.81611e-17
 0.00000e+00
 0.00000e+00
 0.00000e+00
 0.00000e+00
 0.00000e+00
 0.00000e+00
 0.00000e+00
 0.00000e+00
 0.00000e+00
 9.39085e-12
 8.63463e-12
 6.40656e-12
 3.30831e-12
 1.20833e-12
 4.20450e-13
 5.57860e-14
 2.69945e-15
 0.00000e+00
 0.00000e+00
 0.00000e+00
 0.00000e+00
 0.00000e+00
 0.00000e+00
 0.00000e+00
 0.00000e+00
 0.00000e+00
 4.97486e-11
 4.60679e-11
 3.50934e-11
 1.94113e-11
 8.06654e-12
 3.03445e-12
 5.16507e-13
 3.71308e-14
 8.22408e-17
 0.00000e+00
 0.00000e+00
 0.00000e+00
 0.00000e+00
 0.00000e+00
 0.00000e+00
 0.00000e+00
 0.00000e+00
 2.19140e-10
 2.04261e-10
 1.59368e-10
 9.35231e-11
 4.29831e-11
 1.73759e-11
 3.57769e-12
 3.40576e-13
 2.20259e-15
 0.00000e+00
 0.00000e+00
 0.00000e+00
 0.00000e+00
 0.00000e+00
 0.00000e+00
 0.00000e+00
 0.00000e+00
 8.25857e-10
 7.74471e-10
 6.17590e-10
 3.81674e-10
 1.90489e-10
 8.23293e-11
 1.97812e-11
 2.34332e-12
 2.94442e-14
 0.00000e+00
 0.00000e+00
 0.00000e+00
 0.00000e+00
 0.00000e+00
 0.00000e+00
 0.00000e+00
 0.00000e+00
 2.71918e-09
 2.56440e-09
 2.08627e-09
 1.34985e-09
 7.22389e-10
 3.32330e-10
 9.09644e-11
 1.29000e-11
 2.61990e-13
 0.00000e+00
 0.00000e+00
 0.00000e+00
 0.00000e+00
 0.00000e+00
 0.00000e+00
 0.00000e+00
 0.00000e+00
 7.94911e-09
 7.53600e-09
 6.24491e-09
 4.21010e-09
 2.39382e-09
 1.16769e-09
 3.57943e-10
 5.91840e-11
 1.74579e-12
 0.00000e+00
 0.00000e+00
 0.00000e+00
 0.00000e+00
 0.00000e+00
 0.00000e+00
 0.00000e+00
 0.00000e+00
 2.08982e-08
 1.99090e-08
 1.67813e-08
 1.17418e-08
 7.04392e-09
 3.63077e-09
 1.23071e-09
 2.32759e-10
 9.29382e-12
 0.00000e+00
 0.00000e+00
 0.00000e+00
 0.00000e+00
 0.00000e+00
 0.00000e+00
 0.00000e+00
 0.00000e+00
 4.99294e-08
 4.77824e-08
 4.09159e-08
 2.96149e-08
 1.86420e-08
 1.01227e-08
 3.75724e-09
 8.01334e-10
 4.14634e-11
 0.00000e+00
 0.00000e+00
 0.00000e+00
 0.00000e+00
 0.00000e+00
 0.00000e+00
 0.00000e+00
 0.00000e+00
 1.09360e-07
 1.05102e-07
 9.13264e-08
 6.81862e-08
 4.48395e-08
 2.55783e-08
 1.03152e-08
 2.45517e-09
 1.60475e-10
 0.00000e+00
 0.00000e+00
 0.00000e+00
 0.00000e+00
 0.00000e+00
 0.00000e+00
 0.00000e+00
 0.00000e+00
 2.21237e-07
 2.13465e-07
 1.88033e-07
 1.44462e-07
 9.88794e-08
 5.91046e-08
 2.57332e-08
 6.78393e-09
 5.51364e-10
 0.00000e+00
 0.00000e+00
 0.00000e+00
 0.00000e+00
 0.00000e+00
 0.00000e+00
 0.00000e+00
 0.00000e+00
 4.16072e-07
 4.02937e-07
 3.59471e-07
 2.83576e-07
 2.01399e-07
 1.25850e-07
 5.88404e-08
 1.70884e-08
 1.70523e-09
 0.00000e+00
 0.00000e+00
 0.00000e+00
 0.00000e+00
 0.00000e+00
 0.00000e+00
 0.00000e+00
 0.00000e+00
 7.31598e-07
 7.10943e-07
 6.41814e-07
 5.18881e-07
 3.81345e-07
 2.48559e-07
 1.24227e-07
 3.95861e-08
 4.78468e-09
 0.00000e+00
 0.00000e+00
 0.00000e+00
 0.00000e+00
 0.00000e+00
 0.00000e+00
 0.00000e+00
 0.00000e+00
 1.20892e-06
 1.17856e-06
 1.07579e-06
 8.89787e-07
 6.75084e-07
 4.58011e-07
 2.43708e-07
 8.49291e-08
 1.22384e-08
 0.00000e+00
 0.00000e+00
 0.00000e+00
 0.00000e+00
 0.00000e+00
 0.00000e+00
 0.00000e+00
 0.00000e+00
 1.88613e-06
 1.84424e-06
 1.70089e-06
 1.43694e-06
 1.12303e-06
 7.91476e-07
 4.46734e-07
 1.69704e-07
 2.86423e-08
 0.00000e+00
 0.00000e+00
 0.00000e+00
 0.00000e+00
 0.00000e+00
 0.00000e+00
 0.00000e+00
 0.00000e+00
 2.79038e-06
 2.73597e-06
 2.54765e-06
 2.19515e-06
 1.76373e-06
 1.28868e-06
 7.68930e-07
 3.17265e-07
 6.15546e-08
 0.00000e+00
 0.00000e+00
 0.00000e+00
 0.00000e+00
 0.00000e+00
 0.00000e+00
 0.00000e+00
 0.00000e+00
 3.93033e-06
 3.86354e-06
 3.62987e-06
 3.18539e-06
 2.62621e-06
 1.98544e-06
 1.24821e-06
 5.57012e-07
 1.21936e-07
 0.00000e+00
 0.00000e+00
 0.00000e+00
 0.00000e+00
 0.00000e+00
 0.00000e+00
 0.00000e+00
 0.00000e+00
 5.29089e-06
 5.21324e-06
 4.93856e-06
 4.40791e-06
 3.72231e-06
 2.90594e-06
 1.91849e-06
 9.21249e-07
 2.23535e-07
 0.00000e+00
 0.00000e+00
 0.00000e+00
 0.00000e+00
 0.00000e+00
 0.00000e+00
 0.00000e+00
 0.00000e+00
 6.83217e-06
 6.74642e-06
 6.43975e-06
 5.83831e-06
 5.04089e-06
 4.05531e-06
 2.80181e-06
 1.43926e-06
 3.80760e-07
 0.00000e+00
 0.00000e+00
 0.00000e+00
 0.00000e+00
 0.00000e+00
 0.00000e+00
 0.00000e+00
 0.00000e+00
 8.49300e-06
 8.40283e-06
 8.07682e-06
 7.42795e-06
 6.54559e-06
 5.41437e-06
 3.90036e-06
 2.12913e-06
 6.05011e-07
 0.00000e+00
 0.00000e+00
 0.00000e+00
 0.00000e+00
 0.00000e+00
 0.00000e+00
 0.00000e+00
 0.00000e+00
 1.01983e-05
 1.01078e-05
 9.77697e-06
 9.10874e-06
 8.17694e-06
 6.93788e-06
 5.19024e-06
 2.98902e-06
 9.00159e-07
 0.00000e+00
 0.00000e+00
 0.00000e+00
 0.00000e+00
 0.00000e+00
 0.00000e+00
 0.00000e+00
 0.00000e+00
 1.18688e-05
 1.17818e-05
 1.14602e-05
 1.08009e-05
 9.85803e-06
 8.55676e-06
 6.61874e-06
 3.99034e-06
 1.25852e-06
 0.00000e+00
 0.00000e+00
 0.00000e+00
 0.00000e+00
 0.00000e+00
 0.00000e+00
 0.00000e+00
 0.00000e+00
 1.34295e-05
 1.33491e-05
 1.30482e-05
 1.24220e-05
 1.15025e-05
 1.01839e-05
 8.10620e-06
 5.07554e-06
 1.65890e-06
 0.00000e+00
 0.00000e+00
 0.00000e+00
 0.00000e+00
 0.00000e+00
 0.00000e+00
 0.00000e+00
 0.00000e+00
 0.00000e+00
 0.00000e+00
 0.00000e+00
 0.00000e+00
 0.00000e+00
 0.00000e+00
 0.00000e+00
 0.00000e+00
 0.00000e+00
 0.00000e+00
 0.00000e+00
 0.00000e+00
 0.00000e+00
 0.00000e+00
 0.00000e+00
 0.00000e+00
 0.00000e+00
 0.00000e+00
 0.00000e+00
 0.00000e+00
 0.00000e+00
 0.00000e+00
 0.00000e+00
 0.00000e+00
 0.00000e+00
 0.00000e+00
 0.00000e+00
 0.00000e+00
 0.00000e+00
 0.00000e+00
 0.00000e+00
 0.00000e+00
 0.00000e+00
 0.00000e+00
 4.45003e-16
 3.95041e-16
 2.54781e-16
 8.22408e-17
 0.00000e+00
 0.00000e+00
 0.00000e+00
 0.00000e+00
 0.00000e+00
 0.00000e+00
 0.00000e+00
 0.00000e+00
 0.00000e+00
 0.00000e+00
 0.00000e+00
 0.00000e+00
 0.00000e+00
 1.19300e-14
 1.06967e-14
 7.19210e-15
 2.73679e-15
 3.74581e-16
 9.81611e-17
 0.00000e+00
 0.00000e+00
 0.00000e+00
 0.00000e+00
 0.00000e+00
 0.00000e+00
 0.00000e+00
 0.00000e+00
 0.00000e+00
 0.00000e+00
 0.00000e+00
 1.59355e-13
 1.44190e-13
 1.00570e-13
 4.33535e-14
 1.00874e-14
 2.93488e-15
 1.43373e-16
 0.00000e+00
 0.00000e+00
 0.00000e+00
 0.00000e+00
 0.00000e+00
 0.00000e+00
 0.00000e+00
 0.00000e+00
 0.00000e+00
 0.00000e+00
 1.41456e-12
 1.29069e-12
 9.30073e-13
 4.42705e-13
 1.35407e-13
 4.32710e-14
 4.00568e-15
 9.81611e-17
 0.00000e+00
 0.00000e+00
 0.00000e+00
 0.00000e+00
 0.00000e+00
 0.00000e+00
 0.00000e+00
 0.00000e+00
 0.00000e+00
 9.39085e-12
 8.63463e-12
 6.40656e-12
 3.30831e-12
 1.20833e-12
 4.20450e-13
 5.57860e-14
 2.69945e-15
 0.00000e+00
 0.00000e+00
 0.00000e+00
 0.00000e+00
 0.00000e+00
 0.00000e+00
 0.00000e+00
 0.00000e+00
 0.00000e+00
 4.97486e-11
 4.60679e-11
 3.50934e-11
 1.94113e-11
 8.06654e-12
 3.03445e-12
 5.16507e-13
 3.71308e-14
 8.22408e-17
 0.00000e+00
 0.00000e+00
 0.00000e+00
 0.00000e+00
 0.00000e+00
 0.00000e+00
 0.00000e+00
 0.00000e+00
 2.19140e-10
 2.04261e-10
 1.59368e-10
 9.35231e-11
 4.29831e-11
 1.73759e-11
 3.57769e-12
 3.40576e-13
 2.20259e-15
 0.00000e+00
 0.00000e+00
 0.00000e+00
 0.00000e+00
 0.00000e+00
 0.00000e+00
 0.00000e+00
 0.00000e+00
 8.25857e-10
 7.74471e-10
 6.17590e-10
 3.81674e-10
 1.90489e-10
 8.23293e-11
 1.97812e-11
 2.34332e-12
 2.94442e-14
 0.00000e+00
 0.00000e+00
 0.00000e+00
 0.00000e+00
 0.00000e+00
 0.00000e+00
 0.00000e+00
 0.00000e+00
 2.71918e-09
 2.56440e-09
 2.08627e-09
 1.34985e-09
 7.22389e-10
 3.32330e-10
 9.09644e-11
 1.29000e-11
 2.61990e-13
 0.00000e+00
 0.00000e+00
 0.00000e+00
 0.00000e+00
 0.00000e+00
 0.00000e+00
 0.00000e+00
 0.00000e+00
 7.94911e-09
 7.53600e-09
 6.24491e-09
 4.21010e-09
 2.39382e-09
 1.16769e-09
 3.57943e-10
 5.91840e-11
 1.74579e-12
 0.00000e+00
 0.00000e+00
 0.00000e+00
 0.00000e+00
 0.00000e+00
 0.00000e+00
 0.00000e+00
 0.00000e+00
 2.08982e-08
 1.99090e-08
 1.67813e-08
 1.17418e-08
 7.04392e-09
 3.63077e-09
 1.23071e-09
 2.32759e-10
 9.29382e-12
 0.00000e+00
 0.00000e+00
 0.00000e+00
 0.00000e+00
 0.00000e+00
 0.00000e+00
 0.00000e+00
 0.00000e+00
 4.99294e-08
 4.77824e-08
 4.09159e-08
 2.96149e-08
 1.86420e-08
 1.01227e-08
 3.75724e-09
 8.01334e-10
 4.14634e-11
 0.00000e+00
 0.00000e+00
 0.00000e+00
 0.00000e+00
 0.00000e+00
 0.00000e+00
 0.00000e+00
 0.00000e+00
 1.09360e-07
 1.05102e-07
 9.13264e-08
 6.81862e-08
 4.48395e-08
 2.55783e-08
 1.03152e-08
 2.45517e-09
 1.60475e-10
 0.00000e+00
 0.00000e+00
 0.00000e+00
 0.00000e+00
 0.00000e+00
 0.00000e+00
 0.00000e+00
 0.00000e+00
 2.21237e-07
 2.13465e-07
 1.88033e-07
 1.44462e-07
 9.88794e-08
 5.91046e-08
 2.57332e-08
 6.78393e-09
 5.51364e-10
 0.00000e+00
 0.00000e+00
 0.00000e+00
 0.00000e+00
 0.00000e+00
 0.00000e+00
 0.00000e+00
 0.00000e+00
 4.16072e-07
 4.02937e-07
 3.59471e-07
 2.83576e-07
 2.01399e-07
 1.25850e-07
 5.88404e-08
 1.70884e-08
 1.70523e-09
 0.00000e+00
 0.00000e+00
 0.00000e+00
 0.00000e+00
 0.00000e+00
 0.00000e+00
 0.00000e+00
 0.00000e+00
 7.31598e-07
 7.10943e-07
 6.41814e-07
 5.18881e-07
 3.81345e-07
 2.48559e-07
 1.24227e-07
 3.95861e-08
 4.78468e-09
 0.00000e+00
 0.00000e+00
 0.00000e+00
 0.00000e+00
 0.00000e+00
 0.00000e+00
 0.00000e+00
 0.00000e+00
 1.20892e-06
 1.17856e-06
 1.07579e-06
 8.89787e-07
 6.75084e-07
 4.58011e-07
 2.43708e-07
 8.49291e-08
 1.22384e-08
 0.00000e+00
 0.00000e+00
 0.00000e+00
 0.00000e+00
 0.00000e+00
 0.00000e+00
 0.00000e+00
 0.00000e+00
 1.88613e-06
 1.84424e-06
 1.70089e-06
 1.43694e-06
 1.12303e-06
 7.91476e-07
 4.46734e-07
 1.69704e-07
 2.86423e-08
 0.00000e+00
 0.00000e+00
 0.00000e+00
 0.00000e+00
 0.00000e+00
 0.00000e+00
 0.00000e+00
 0.00000e+00
 2.79038e-06
 2.73597e-06
 2.54765e-06
 2.19515e-06
 1.76373e-06
 1.28868e-06
 7.68930e-07
 3.17265e-07
 6.15546e-08
 0.00000e+00
 0.00000e+00
 0.00000e+00
 0.00000e+00
 0.00000e+00
 0.00000e+00
 0.00000e+00
 0.00000e+00
 3.93033e-06
 3.86354e-06
 3.62987e-06
 3.18539e-06
 2.62621e-06
 1.98544e-06
 1.24821e-06
 5.57012e-07
 1.21936e-07
 0.00000e+00
 0.00000e+00
 0.00000e+00
 0.00000e+00
 0.00000e+00
 0.00000e+00
 0.00000e+00
 0.00000e+00
 5.29089e-06
 5.21324e-06
 4.93856e-06
 4.40791e-06
 3.72231e-06
 2.90594e-06
 1.91849e-06
 9.21249e-07
 2.23535e-07
 0.00000e+00
 0.00000e+00
 0.00000e+00
 0.00000e+00
 0.00000e+00
 0.00000e+00
 0.00000e+00
 0.00000e+00
 6.83217e-06
 6.74642e-06
 6.43975e-06
 5.83831e-06
 5.04089e-06
 4.05531e-06
 2.80181e-06
 1.43926e-06
 3.80760e-07
 0.00000e+00
 0.00000e+00
 0.00000e+00
 0.00000e+00
 0.00000e+00
 0.00000e+00
 0.00000e+00
 0.00000e+00
 8.49300e-06
 8.40283e-06
 8.07682e-06
 7.42795e-06
 6.54559e-06
 5.41437e-06
 3.90036e-06
 2.12913e-06
 6.05011e-07
 0.00000e+00
 0.00000e+00
 0.00000e+00
 0.00000e+00
 0.00000e+00
 0.00000e+00
 0.00000e+00
 0.00000e+00
 1.01983e-05
 1.01078e-05
 9.77697e-06
 9.10874e-06
 8.17694e-06
 6.93788e-06
 5.19024e-06
 2.98902e-06
 9.00159e-07
 0.00000e+00
 0.00000e+00
 0.00000e+00
 0.00000e+00
 0.00000e+00
 0.00000e+00
 0.00000e+00
 0.00000e+00
 1.18688e-05
 1.17818e-05
 1.14602e-05
 1.08009e-05
 9.85803e-06
 8.55676e-06
 6.61874e-06
 3.99034e-06
 1.25852e-06
 0.00000e+00
 0.00000e+00
 0.00000e+00
 0.00000e+00
 0.00000e+00
 0.00000e+00
 0.00000e+00
 0.00000e+00
 1.34295e-05
 1.33491e-05
 1.30482e-05
 1.24220e-05
 1.15025e-05
 1.01839e-05
 8.10620e-06
 5.07554e-06
 1.65890e-06
 0.00000e+00
 0.00000e+00
 0.00000e+00
 0.00000e+00
 0.00000e+00
 0.00000e+00
 0.00000e+00
 0.00000e+00
part
         3
coordinates
 0.00000e+00
 0.00000e+00
 0.00000e+00
 0.00000e+00
 0.00000e+00
 0.00000e+00
 0.00000e+00
 0.00000e+00
 0.00000e+00
 0.00000e+00
 0.00000e+00
 0.00000e+00
 0.00000e+00
 0.00000e+00
 0.00000e+00
 0.00000e+00
 0.00000e+00
 0.00000e+00
 0.00000e+00
 0.00000e+00
 0.00000e+00
 0.00000e+00
 0.00000e+00
 0.00000e+00
 0.00000e+00
 0.00000e+00
 0.00000e+00
 0.00000e+00
 0.00000e+00
 0.00000e+00
 0.00000e+00
 0.00000e+00
 0.00000e+00
 0.00000e+00
 0.00000e+00
 0.00000e+00
 0.00000e+00
 0.00000e+00
 0.00000e+00
 0.00000e+00
 0.00000e+00
 0.00000e+00
 0.00000e+00
 0.00000e+00
 0.00000e+00
 0.00000e+00
 0.00000e+00
 0.00000e+00
 0.00000e+00
 0.00000e+00
 0.00000e+00
 0.00000e+00
 0.00000e+00
 0.00000e+00
 0.00000e+00
 0.00000e+00
 0.00000e+00
 0.00000e+00
 0.00000e+00
 0.00000e+00
 0.00000e+00
 0.00000e+00
 0.00000e+00
 0.00000e+00
 0.00000e+00
 0.00000e+00
 0.00000e+00
 0.00000e+00
 0.00000e+00
 0.00000e+00
 0.00000e+00
 0.00000e+00
 0.00000e+00
 0.00000e+00
 0.00000e+00
 0.00000e+00
 0.00000e+00
 0.00000e+00
 0.00000e+00
 0.00000e+00
 0.00000e+00
 0.00000e+00
 0.00000e+00
 0.00000e+00
 0.00000e+00
 0.00000e+00
 0.00000e+00
 0.00000e+00
 0.00000e+00
 0.00000e+00
 0.00000e+00
 0.00000e+00
 0.00000e+00
 0.00000e+00
 0.00000e+00
 0.00000e+00
 0.00000e+00
 0.00000e+00
 0.00000e+00
 0.00000e+00
 0.00000e+00
 0.00000e+00
 0.00000e+00
 0.00000e+00
 0.00000e+00
 0.00000e+00
 0.00000e+00
 0.00000e+00
 0.00000e+00
 0.00000e+00
 0.00000e+00
 0.00000e+00
 0.00000e+00
 0.00000e+00
 0.00000e+00
 0.00000e+00
 0.00000e+00
 0.00000e+00
 0.00000e+00
 0.00000e+00
 0.00000e+00
 0.00000e+00
 0.00000e+00
 0.00000e+00
 0.00000e+00
 0.00000e+00
 0.00000e+00
 0.00000e+00
 0.00000e+00
 0.00000e+00
 0.00000e+00
 0.00000e+00
 0.00000e+00
 0.00000e+00
 0.00000e+00
 0.00000e+00
 0.00000e+00
 0.00000e+00
 0.00000e+00
 0.00000e+00
 0.00000e+00
 0.00000e+00
 0.00000e+00
 0.00000e+00
 0.00000e+00
 0.00000e+00
 0.00000e+00
 0.00000e+00
 0.00000e+00
 0.00000e+00
 0.00000e+00
 0.00000e+00
 0.00000e+00
 0.00000e+00
 0.00000e+00
 0.00000e+00
 0.00000e+00
 0.00000e+00
 0.00000e+00
 0.00000e+00
 0.00000e+00
 0.00000e+00
 0.00000e+00
 0.00000e+00
 0.00000e+00
 0.00000e+00
 0.00000e+00
 0.00000e+00
 0.00000e+00
 0.00000e+00
 0.00000e+00
 0.00000e+00
 0.00000e+00
 0.00000e+00
 0.00000e+00
 0.00000e+00
 0.00000e+00
 0.00000e+00
 0.00000e+00
 0.00000e+00
 0.00000e+00
 0.00000e+00
 0.00000e+00
 0.00000e+00
 0.00000e+00
 0.00000e+00
 0.00000e+00
 0.00000e+00
 0.00000e+00
 0.00000e+00
 0.00000e+00
 0.00000e+00
 0.00000e+00
 0.00000e+00
 0.00000e+00
 0.00000e+00
 0.00000e+00
 0.00000e+00
 0.00000e+00
 0.00000e+00
 0.00000e+00
 0.00000e+00
 0.00000e+00
 0.00000e+00
 0.00000e+00
 0.00000e+00
 0.00000e+00
 0.00000e+00
 0.00000e+00
 0.00000e+00
 0.00000e+00
 0.00000e+00
 0.00000e+00
 0.00000e+00
 0.00000e+00
 0.00000e+00
 0.00000e+00
 0.00000e+00
 0.00000e+00
 0.00000e+00
 0.00000e+00
 0.00000e+00
 0.00000e+00
 0.00000e+00
 0.00000e+00
 0.00000e+00
 0.00000e+00
 0.00000e+00
 0.00000e+00
 0.00000e+00
 0.00000e+00
 0.00000e+00
 0.00000e+00
 0.00000e+00
 0.00000e+00
 0.00000e+00
 0.00000e+00
 0.00000e+00
 0.00000e+00
 0.00000e+00
 0.00000e+00
 0.00000e+00
 0.00000e+00
 0.00000e+00
 0.00000e+00
 0.00000e+00
 0.00000e+00
 0.00000e+00
 0.00000e+00
 0.00000e+00
 0.00000e+00
 0.00000e+00
 0.00000e+00
 0.00000e+00
 0.00000e+00
 0.00000e+00
 0.00000e+00
 0.00000e+00
 0.00000e+00
 0.00000e+00
 0.00000e+00
 0.00000e+00
 0.00000e+00
 0.00000e+00
 0.00000e+00
 0.00000e+00
 0.00000e+00
 0.00000e+00
 0.00000e+00
 0.00000e+00
 0.00000e+00
 0.00000e+00
 0.00000e+00
 0.00000e+00
 0.00000e+00
 0.00000e+00
 0.00000e+00
 0.00000e+00
 0.00000e+00
 0.00000e+00
 0.00000e+00
 0.00000e+00
 0.00000e+00
 0.00000e+00
 0.00000e+00
 0.00000e+00
 0.00000e+00
 0.00000e+00
 0.00000e+00
 0.00000e+00
 0.00000e+00
 0.00000e+00
 0.00000e+00
 0.00000e+00
 0.00000e+00
 0.00000e+00
 0.00000e+00
 0.00000e+00
 0.00000e+00
 0.00000e+00
 0.00000e+00
 0.00000e+00
 0.00000e+00
 0.00000e+00
 0.00000e+00
 0.00000e+00
 0.00000e+00
 0.00000e+00
 0.00000e+00
 0.00000e+00
 0.00000e+00
 0.00000e+00
 0.00000e+00
 0.00000e+00
 0.00000e+00
 0.00000e+00
 0.00000e+00
 0.00000e+00
 0.00000e+00
 0.00000e+00
 0.00000e+00
 0.00000e+00
 0.00000e+00
 0.00000e+00
 0.00000e+00
 0.00000e+00
 0.00000e+00
 0.00000e+00
 0.00000e+00
 0.00000e+00
 0.00000e+00
 0.00000e+00
 0.00000e+00
 0.00000e+00
 0.00000e+00
 0.00000e+00
 0.00000e+00
 0.00000e+00
 0.00000e+00
 0.00000e+00
 0.00000e+00
 0.00000e+00
 0.00000e+00
 0.00000e+00
 0.00000e+00
 0.00000e+00
 0.00000e+00
 0.00000e+00
 0.00000e+00
 0.00000e+00
 0.00000e+00
 0.00000e+00
 0.00000e+00
 0.00000e+00
 0.00000e+00
 0.00000e+00
 0.00000e+00
 0.00000e+00
 0.00000e+00
 0.00000e+00
 0.00000e+00
 0.00000e+00
 0.00000e+00
 0.00000e+00
 0.00000e+00
 0.00000e+00
 0.00000e+00
 0.00000e+00
 0.00000e+00
 0.00000e+00
 0.00000e+00
 0.00000e+00
 0.00000e+00
 0.00000e+00
 0.00000e+00
 0.00000e+00
 0.00000e+00
 0.00000e+00
 0.00000e+00
 0.00000e+00
 0.00000e+00
 0.00000e+00
 0.00000e+00
 0.00000e+00
 0.00000e+00
 0.00000e+00
 0.00000e+00
 0.00000e+00
 0.00000e+00
 0.00000e+00
 0.00000e+00
 0.00000e+00
 0.00000e+00
 0.00000e+00
 0.00000e+00
 0.00000e+00
 0.00000e+00
 0.00000e+00
 0.00000e+00
 0.00000e+00
 0.00000e+00
 0.00000e+00
 0.00000e+00
 0.00000e+00
 0.00000e+00
 0.00000e+00
 0.00000e+00
 0.00000e+00
 0.00000e+00
 0.00000e+00
 0.00000e+00
 0.00000e+00
 0.00000e+00
 0.00000e+00
 0.00000e+00
 0.00000e+00
 0.00000e+00
 0.00000e+00
 0.00000e+00
 0.00000e+00
 0.00000e+00
 0.00000e+00
 0.00000e+00
 0.00000e+00
 0.00000e+00
 0.00000e+00
 0.00000e+00
 0.00000e+00
 0.00000e+00
 0.00000e+00
 0.00000e+00
 0.00000e+00
 0.00000e+00
 0.00000e+00
 0.00000e+00
 0.00000e+00
 0.00000e+00
 0.00000e+00
 0.00000e+00
 0.00000e+00
 0.00000e+00
 0.00000e+00
 0.00000e+00
 0.00000e+00
 0.00000e+00
 0.00000e+00
 0.00000e+00
 0.00000e+00
 0.00000e+00
 0.00000e+00
 0.00000e+00
 0.00000e+00
 0.00000e+00
 0.00000e+00
 0.00000e+00
 0.00000e+00
 0.00000e+00
 0.00000e+00
 0.00000e+00
 0.00000e+00
 0.00000e+00
 0.00000e+00
 0.00000e+00
 0.00000e+00
 0.00000e+00
 0.00000e+00
 0.00000e+00
 0.00000e+00
 0.00000e+00
 0.00000e+00
 0.00000e+00
 0.00000e+00
 0.00000e+00
 0.00000e+00
 0.00000e+00
 0.00000e+00
 0.00000e+00
 0.00000e+00
 0.00000e+00
 0.00000e+00
 0.00000e+00
 0.00000e+00
 0.00000e+00
 0.00000e+00
 0.00000e+00
 0.00000e+00
 0.00000e+00
 0.00000e+00
 0.00000e+00
 0.00000e+00
 0.00000e+00
 0.00000e+00
 0.00000e+00
 0.00000e+00
 0.00000e+00
 0.00000e+00
 0.00000e+00
 0.00000e+00
 0.00000e+00
 0.00000e+00
 0.00000e+00
 0.00000e+00
 0.00000e+00
 0.00000e+00
 0.00000e+00
 0.00000e+00
 0.00000e+00
 0.00000e+00
 0.00000e+00
 0.00000e+00
 0.00000e+00
 0.00000e+00
 0.00000e+00
 0.00000e+00
 0.00000e+00
 0.00000e+00
 0.00000e+00
 0.00000e+00
 0.00000e+00
 0.00000e+00
 0.00000e+00
 0.00000e+00
 0.00000e+00
 0.00000e+00
 0.00000e+00
 0.00000e+00
 0.00000e+00
 0.00000e+00
 0.00000e+00
 0.00000e+00
 0.00000e+00
 0.00000e+00
 0.00000e+00
 0.00000e+00
 0.00000e+00
 0.00000e+00
 0.00000e+00
 0.00000e+00
 0.00000e+00
 0.00000e+00
 0.00000e+00
 0.00000e+00
 0.00000e+00
 0.00000e+00
 0.00000e+00
 0.00000e+00
 0.00000e+00
 0.00000e+00
 0.00000e+00
 0.00000e+00
 0.00000e+00
 0.00000e+00
 0.00000e+00
 0.00000e+00
 0.00000e+00
 0.00000e+00
 0.00000e+00
 0.00000e+00
 0.00000e+00
 0.00000e+00
 0.00000e+00
 0.00000e+00
 0.00000e+00
 0.00000e+00
 0.00000e+00
 0.00000e+00
 0.00000e+00
 0.00000e+00
 0.00000e+00
 0.00000e+00
 0.00000e+00
 0.00000e+00
 0.00000e+00
 0.00000e+00
 0.00000e+00
 0.00000e+00
 0.00000e+00
 0.00000e+00
 0.00000e+00
 0.00000e+00
 0.00000e+00
 0.00000e+00
 0.00000e+00
 0.00000e+00
 0.00000e+00
 0.00000e+00
 0.00000e+00
 0.00000e+00
 0.00000e+00
 0.00000e+00
 0.00000e+00
 0.00000e+00
 0.00000e+00
 0.00000e+00
 0.00000e+00
 0.00000e+00
 0.00000e+00
 0.00000e+00
 0.00000e+00
 0.00000e+00
 0.00000e+00
 0.00000e+00
 0.00000e+00
 0.00000e+00
 0.00000e+00
 0.00000e+00
 0.00000e+00
 0.00000e+00
 0.00000e+00
 0.00000e+00
 0.00000e+00
 0.00000e+00
 0.00000e+00
 0.00000e+00
 0.00000e+00
 0.00000e+00
 0.00000e+00
 0.00000e+00
 0.00000e+00
 0.00000e+00
 0.00000e+00
 0.00000e+00
 0.00000e+00
 0.00000e+00
 0.00000e+00
 0.00000e+00
 0.00000e+00
 0.00000e+00
 0.00000e+00
 0.00000e+00
 0.00000e+00
 0.00000e+00
 0.00000e+00
 0.00000e+00
 0.00000e+00
 0.00000e+00
 0.00000e+00
 0.00000e+00
 0.00000e+00
 0.00000e+00
 0.00000e+00
 0.00000e+00
 0.00000e+00
 0.00000e+00
 0.00000e+00
 0.00000e+00
 0.00000e+00
 0.00000e+00
 0.00000e+00
 0.00000e+00
 0.00000e+00
 0.00000e+00
 0.00000e+00
 0.00000e+00
 0.00000e+00
 0.00000e+00
 0.00000e+00
 0.00000e+00
 0.00000e+00
 0.00000e+00
 0.00000e+00
 0.00000e+00
 0.00000e+00
 0.00000e+00
 0.00000e+00
 0.00000e+00
 0.00000e+00
 0.00000e+00
 0.00000e+00
 0.00000e+00
 0.00000e+00
 0.00000e+00
 0.00000e+00
 0.00000e+00
 0.00000e+00
 0.00000e+00
 0.00000e+00
 0.00000e+00
 0.00000e+00
 0.00000e+00
 0.00000e+00
 0.00000e+00
 0.00000e+00
 0.00000e+00
 0.00000e+00
 0.00000e+00
 0.00000e+00
 0.00000e+00
 0.00000e+00
 0.00000e+00
 0.00000e+00
 0.00000e+00
 0.00000e+00
 0.00000e+00
 0.00000e+00
 0.00000e+00
 0.00000e+00
 0.00000e+00
 0.00000e+00
 0.00000e+00
 0.00000e+00
 0.00000e+00
 0.00000e+00
 0.00000e+00
 0.00000e+00
 0.00000e+00
 0.00000e+00
 0.00000e+00
 0.00000e+00
 0.00000e+00
 0.00000e+00
 0.00000e+00
 0.00000e+00
 0.00000e+00
 0.00000e+00
 0.00000e+00
 0.00000e+00
 0.00000e+00
 0.00000e+00
 0.00000e+00
 0.00000e+00
 0.00000e+00
 0.00000e+00
 0.00000e+00
 0.00000e+00
 0.00000e+00
 0.00000e+00
 0.00000e+00
 0.00000e+00
 0.00000e+00
 0.00000e+00
 0.00000e+00
 0.00000e+00
 0.00000e+00
 0.00000e+00
 0.00000e+00
 0.00000e+00
 0.00000e+00
 0.00000e+00
 0.00000e+00
 0.00000e+00
 0.00000e+00
 0.00000e+00
 0.00000e+00
 0.00000e+00
 0.00000e+00
 0.00000e+00
 0.00000e+00
 0.00000e+00
 0.00000e+00
 0.00000e+00
 0.00000e+00
 0.00000e+00
 0.00000e+00
 0.00000e+00
 0.00000e+00
 0.00000e+00
 0.00000e+00
 0.00000e+00
 0.00000e+00
 0.00000e+00
 0.00000e+00
 0.00000e+00
 0.00000e+00
 0.00000e+00
 0.00000e+00
 0.00000e+00
 0.00000e+00
 0.00000e+00
 0.00000e+00
 0.00000e+00
 0.00000e+00
 0.00000e+00
 0.00000e+00
 0.00000e+00
 0.00000e+00
 0.00000e+00
 0.00000e+00
 0.00000e+00
 0.00000e+00
 0.00000e+00
 0.00000e+00
 0.00000e+00
 0.00000e+00
 0.00000e+00
 0.00000e+00
 0.00000e+00
 0.00000e+00
 0.00000e+00
 0.00000e+00
 0.00000e+00
 0.00000e+00
 0.00000e+00
 0.00000e+00
 0.00000e+00
 0.00000e+00
 0.00000e+00
 0.00000e+00
 0.00000e+00
 0.00000e+00
 0.00000e+00
 0.00000e+00
 0.00000e+00
 0.00000e+00
 0.00000e+00
 0.00000e+00
 0.00000e+00
 0.00000e+00
 0.00000e+00
 0.00000e+00
 0.00000e+00
 0.00000e+00
 0.00000e+00
 0.00000e+00
 0.00000e+00
 0.00000e+00
 0.00000e+00
 0.00000e+00
 0.00000e+00
 0.00000e+00
 0.00000e+00
 0.00000e+00
 0.00000e+00
 0.00000e+00
 0.00000e+00
 0.00000e+00
 0.00000e+00
 0.00000e+00
 0.00000e+00
 0.00000e+00
 0.00000e+00
 0.00000e+00
 0.00000e+00
 0.00000e+00
 0.00000e+00
 0.00000e+00
 0.00000e+00
 0.00000e+00
 0.00000e+00
 0.00000e+00
 0.00000e+00
 0.00000e+00
 0.00000e+00
 0.00000e+00
 0.00000e+00
 0.00000e+00
 0.00000e+00
 0.00000e+00
 0.00000e+00
 0.00000e+00
 0.00000e+00
 0.00000e+00
 0.00000e+00
 0.00000e+00
 0.00000e+00
 0.00000e+00
 0.00000e+00
 0.00000e+00
 0.00000e+00
 0.00000e+00
 0.00000e+00
 0.00000e+00
 0.00000e+00
 0.00000e+00
 0.00000e+00
 0.00000e+00
 0.00000e+00
 0.00000e+00
 0.00000e+00
 0.00000e+00
 0.00000e+00
 0.00000e+00
 0.00000e+00
 0.00000e+00
 0.00000e+00
 0.00000e+00
 0.00000e+00
 0.00000e+00
 0.00000e+00
 0.00000e+00
 0.00000e+00
 0.00000e+00
 0.00000e+00
 0.00000e+00
 0.00000e+00
 0.00000e+00
 0.00000e+00
 0.00000e+00
 0.00000e+00
 0.00000e+00
 0.00000e+00
 0.00000e+00
 0.00000e+00
 0.00000e+00
 0.00000e+00
 0.00000e+00
 0.00000e+00
 0.00000e+00
 0.00000e+00
 0.00000e+00
 0.00000e+00
 0.00000e+00
 0.00000e+00
 0.00000e+00
 0.00000e+00
 0.00000e+00
 0.00000e+00
 0.00000e+00
 0.00000e+00
 0.00000e+00
 0.00000e+00
 0.00000e+00
 0.00000e+00
 0.00000e+00
 0.00000e+00
 0.00000e+00
 0.00000e+00
 0.00000e+00
 0.00000e+00
 0.00000e+00
 0.00000e+00
 0.00000e+00
 0.00000e+00
 0.00000e+00
 0.00000e+00
 0.00000e+00
 0.00000e+00
 0.00000e+00
 0.00000e+00
 0.00000e+00
 0.00000e+00
 0.00000e+00
 0.00000e+00
 0.00000e+00
 0.00000e+00
 0.00000e+00
 0.00000e+00
 0.00000e+00
 0.00000e+00
 0.00000e+00
 0.00000e+00
 0.00000e+00
 0.00000e+00
 0.00000e+00
 0.00000e+00
 0.00000e+00
 0.00000e+00
 0.00000e+00
 0.00000e+00
 0.00000e+00
 0.00000e+00
 0.00000e+00
 0.00000e+00
 0.00000e+00
 0.00000e+00
 0.00000e+00
 0.00000e+00
 0.00000e+00
 0.00000e+00
 0.00000e+00
 0.00000e+00
 0.00000e+00
 0.00000e+00
 0.00000e+00
 0.00000e+00
 0.00000e+00
 0.00000e+00
 0.00000e+00
 0.00000e+00
 0.00000e+00
 0.00000e+00
 0.00000e+00
 0.00000e+00
 0.00000e+00
 0.00000e+00
 0.00000e+00
 0.00000e+00
 0.00000e+00
 0.00000e+00
 0.00000e+00
 0.00000e+00
 0.00000e+00
 0.00000e+00
 0.00000e+00
 0.00000e+00
 0.00000e+00
 0.00000e+00
 0.00000e+00
 0.00000e+00
 0.00000e+00
 0.00000e+00
 0.00000e+00
 0.00000e+00
 0.00000e+00
 0.00000e+00
 0.00000e+00
 0.00000e+00
 0.00000e+00
 0.00000e+00
 0.00000e+00
 0.00000e+00
 0.00000e+00
 0.00000e+00
 0.00000e+00
 0.00000e+00
 0.00000e+00
 0.00000e+00
 0.00000e+00
part
         4
coordinates
 0.00000e+00
 0.00000e+00
 0.00000e+00
 0.00000e+00
 0.00000e+00
 0.00000e+00
 0.00000e+00
 0.00000e+00
 0.00000e+00
 0.00000e+00
 0.00000e+00
 0.00000e+00
 0.00000e+00
 0.00000e+00
 0.00000e+00
 0.00000e+00
 0.00000e+00
 0.00000e+00
 0.00000e+00
 0.00000e+00
 0.00000e+00
 0.00000e+00
 0.00000e+00
 0.00000e+00
 0.00000e+00
 0.00000e+00
 0.00000e+00
 0.00000e+00
 0.00000e+00
 0.00000e+00
 0.00000e+00
 0.00000e+00
 0.00000e+00
 0.00000e+00
 0.00000e+00
 0.00000e+00
 0.00000e+00
 0.00000e+00
 0.00000e+00
 0.00000e+00
 0.00000e+00
 0.00000e+00
 0.00000e+00
 0.00000e+00
 0.00000e+00
 0.00000e+00
 0.00000e+00
 0.00000e+00
 0.00000e+00
 0.00000e+00
 0.00000e+00
 0.00000e+00
 0.00000e+00
 0.00000e+00
 0.00000e+00
 0.00000e+00
 0.00000e+00
 0.00000e+00
 0.00000e+00
 0.00000e+00
 0.00000e+00
 0.00000e+00
 0.00000e+00
 0.00000e+00
 0.00000e+00
 0.00000e+00
 0.00000e+00
 0.00000e+00
 0.00000e+00
 0.00000e+00
 0.00000e+00
 0.00000e+00
 0.00000e+00
 0.00000e+00
 0.00000e+00
 0.00000e+00
 0.00000e+00
 0.00000e+00
 0.00000e+00
 0.00000e+00
 0.00000e+00
 0.00000e+00
 0.00000e+00
 0.00000e+00
 0.00000e+00
 0.00000e+00
 0.00000e+00
 0.00000e+00
 0.00000e+00
 0.00000e+00
 0.00000e+00
 0.00000e+00
 0.00000e+00
 0.00000e+00
 0.00000e+00
 0.00000e+00
 0.00000e+00
 0.00000e+00
 0.00000e+00
 0.00000e+00
 0.00000e+00
 0.00000e+00
 0.00000e+00
 0.00000e+00
 0.00000e+00
 0.00000e+00
 0.00000e+00
 0.00000e+00
 0.00000e+00
 0.00000e+00
 0.00000e+00
 0.00000e+00
 0.00000e+00
 0.00000e+00
 0.00000e+00
 0.00000e+00
 0.00000e+00
 0.00000e+00
 0.00000e+00
 0.00000e+00
 0.00000e+00
 0.00000e+00
 0.00000e+00
 0.00000e+00
 0.00000e+00
 0.00000e+00
 0.00000e+00
 0.00000e+00
 0.00000e+00
 0.00000e+00
 0.00000e+00
 0.00000e+00
 0.00000e+00
 0.00000e+00
 0.00000e+00
 0.00000e+00
 0.00000e+00
 0.00000e+00
 0.00000e+00
 0.00000e+00
 0.00000e+00
 0.00000e+00
 0.00000e+00
 0.00000e+00
 0.00000e+00
 0.00000e+00
 0.00000e+00
 0.00000e+00
 0.00000e+00
 0.00000e+00
 0.00000e+00
 0.00000e+00
 0.00000e+00
 0.00000e+00
 0.00000e+00
 0.00000e+00
 0.00000e+00
 0.00000e+00
 0.00000e+00
 0.00000e+00
 0.00000e+00
 0.00000e+00
 0.00000e+00
 0.00000e+00
 0.00000e+00
 0.00000e+00
 0.00000e+00
 0.00000e+00
 0.00000e+00
 0.00000e+00
 0.00000e+00
 0.00000e+00
 0.00000e+00
 0.00000e+00
 0.00000e+00
 0.00000e+00
 0.00000e+00
 0.00000e+00
 0.00000e+00
 0.00000e+00
 0.00000e+00
 0.00000e+00
 0.00000e+00
 0.00000e+00
 0.00000e+00
 0.00000e+00
 0.00000e+00
 0.00000e+00
 0.00000e+00
 0.00000e+00
 0.00000e+00
 0.00000e+00
 0.00000e+00
 0.00000e+00
 0.00000e+00
 0.00000e+00
 0.00000e+00
 0.00000e+00
 0.00000e+00
 0.00000e+00
 0.00000e+00
 0.00000e+00
 0.00000e+00
 0.00000e+00
 0.00000e+00
 0.00000e+00
 0.00000e+00
 0.00000e+00
 0.00000e+00
 0.00000e+00
 0.00000e+00
 0.00000e+00
 0.00000e+00
 0.00000e+00
 0.00000e+00
 0.00000e+00
 0.00000e+00
 0.00000e+00
 0.00000e+00
 0.00000e+00
 0.00000e+00
 0.00000e+00
 0.00000e+00
 0.00000e+00
 0.00000e+00
 0.00000e+00
 0.00000e+00
 0.00000e+00
 0.00000e+00
 0.00000e+00
 0.00000e+00
 0.00000e+00
 0.00000e+00
 0.00000e+00
 0.00000e+00
 0.00000e+00
 0.00000e+00
 0.00000e+00
 0.00000e+00
 0.00000e+00
 0.00000e+00
 0.00000e+00
 0.00000e+00
 0.00000e+00
 0.00000e+00
 0.00000e+00
 0.00000e+00
 0.00000e+00
 0.00000e+00
 0.00000e+00
 0.00000e+00
 0.00000e+00
 0.00000e+00
 0.00000e+00
 0.00000e+00
 0.00000e+00
 0.00000e+00
 0.00000e+00
 0.00000e+00
 0.00000e+00
 0.00000e+00
 0.00000e+00
 0.00000e+00
 0.00000e+00
 0.00000e+00
 0.00000e+00
 0.00000e+00
 0.00000e+00
 0.00000e+00
 0.00000e+00
 0.00000e+00
 0.00000e+00
 0.00000e+00
 0.00000e+00
 0.00000e+00
 0.00000e+00
 0.00000e+00
 0.00000e+00
 0.00000e+00
 0.00000e+00
 0.00000e+00
 0.00000e+00
 0.00000e+00
 0.00000e+00
 0.00000e+00
 0.00000e+00
 0.00000e+00
 0.00000e+00
 0.00000e+00
 0.00000e+00
 0.00000e+00
 0.00000e+00
 0.00000e+00
 0.00000e+00
 0.00000e+00
 0.00000e+00
 0.00000e+00
 0.00000e+00
 0.00000e+00
 0.00000e+00
 0.00000e+00
 0.00000e+00
 0.00000e+00
 0.00000e+00
 0.00000e+00
 0.00000e+00
 0.00000e+00
 0.00000e+00
 0.00000e+00
 0.00000e+00
 0.00000e+00
 0.00000e+00
 0.00000e+00
 0.00000e+00
 0.00000e+00
 0.00000e+00
 0.00000e+00
 0.00000e+00
 0.00000e+00
 0.00000e+00
 0.00000e+00
 0.00000e+00
 0.00000e+00
 0.00000e+00
 0.00000e+00
 0.00000e+00
 0.00000e+00
 0.00000e+00
 0.00000e+00
 0.00000e+00
 0.00000e+00
 0.00000e+00
 0.00000e+00
 0.00000e+00
 0.00000e+00
 0.00000e+00
 0.00000e+00
 0.00000e+00
 0.00000e+00
 0.00000e+00
 0.00000e+00
 0.00000e+00
 0.00000e+00
 0.00000e+00
 0.00000e+00
 0.00000e+00
 0.00000e+00
 0.00000e+00
 0.00000e+00
 0.00000e+00
 0.00000e+00
 0.00000e+00
 0.00000e+00
 0.00000e+00
 0.00000e+00
 0.00000e+00
 0.00000e+00
 0.00000e+00
 0.00000e+00
 0.00000e+00
 0.00000e+00
 0.00000e+00
 0.00000e+00
 0.00000e+00
 0.00000e+00
 0.00000e+00
 0.00000e+00
 0.00000e+00
 0.00000e+00
 0.00000e+00
 0.00000e+00
 0.00000e+00
 0.00000e+00
 0.00000e+00
 0.00000e+00
 0.00000e+00
 0.00000e+00
 0.00000e+00
 0.00000e+00
 0.00000e+00
 0.00000e+00
 0.00000e+00
 0.00000e+00
 0.00000e+00
 0.00000e+00
 0.00000e+00
 0.00000e+00
 0.00000e+00
 0.00000e+00
 0.00000e+00
 0.00000e+00
 0.00000e+00
 0.00000e+00
 0.00000e+00
 0.00000e+00
 0.00000e+00
 0.00000e+00
 0.00000e+00
 0.00000e+00
 0.00000e+00
 0.00000e+00
 0.00000e+00
 0.00000e+00
 0.00000e+00
 0.00000e+00
 0.00000e+00
 0.00000e+00
 0.00000e+00
 0.00000e+00
 0.00000e+00
 0.00000e+00
 0.00000e+00
 0.00000e+00
 0.00000e+00
 0.00000e+00
 0.00000e+00
 0.00000e+00
 0.00000e+00
 0.00000e+00
 0.00000e+00
 0.00000e+00
 0.00000e+00
 0.00000e+00
 0.00000e+00
 0.00000e+00
 0.00000e+00
 0.00000e+00
 0.00000e+00
 0.00000e+00
 0.00000e+00
 0.00000e+00
 0.00000e+00
 0.00000e+00
 0.00000e+00
 0.00000e+00
 0.00000e+00
 0.00000e+00
 0.00000e+00
 0.00000e+00
 0.00000e+00
 0.00000e+00
 0.00000e+00
 0.00000e+00
 0.00000e+00
 0.00000e+00
 0.00000e+00
 0.00000e+00
 0.00000e+00
 0.00000e+00
 0.00000e+00
 0.00000e+00
 0.00000e+00
 0.00000e+00
 0.00000e+00
 0.00000e+00
 0.00000e+00
 0.00000e+00
 0.00000e+00
 0.00000e+00
 0.00000e+00
 0.00000e+00
 0.00000e+00
 0.00000e+00
 0.00000e+00
 0.00000e+00
 0.00000e+00
 0.00000e+00
 0.00000e+00
 0.00000e+00
 0.00000e+00
 0.00000e+00
 0.00000e+00
 0.00000e+00
 0.00000e+00
 0.00000e+00
 0.00000e+00
 0.00000e+00
 0.00000e+00
 0.00000e+00
 0.00000e+00
 0.00000e+00
 0.00000e+00
 0.00000e+00
 0.00000e+00
 0.00000e+00
 0.00000e+00
 0.00000e+00
 0.00000e+00
 0.00000e+00
 0.00000e+00
 0.00000e+00
 0.00000e+00
 0.00000e+00
 0.00000e+00
 0.00000e+00
 0.00000e+00
 0.00000e+00
 0.00000e+00
 0.00000e+00
 0.00000e+00
 0.00000e+00
 0.00000e+00
 0.00000e+00
 0.00000e+00
 0.00000e+00
 0.00000e+00
 0.00000e+00
 0.00000e+00
 0.00000e+00
 0.00000e+00
 0.00000e+00
 0.00000e+00
 0.00000e+00
 0.00000e+00
 0.00000e+00
 0.00000e+00
 0.00000e+00
 0.00000e+00
 0.00000e+00
 0.00000e+00
 0.00000e+00
 0.00000e+00
 0.00000e+00
 0.00000e+00
 0.00000e+00
 0.00000e+00
 0.00000e+00
 0.00000e+00
 0.00000e+00
 0.00000e+00
 0.00000e+00
 0.00000e+00
 0.00000e+00
 0.00000e+00
 0.00000e+00
 0.00000e+00
 0.00000e+00
 0.00000e+00
 0.00000e+00
 0.00000e+00
 0.00000e+00
 0.00000e+00
 0.00000e+00
 0.00000e+00
 0.00000e+00
 0.00000e+00
 0.00000e+00
 0.00000e+00
 0.00000e+00
 0.00000e+00
 0.00000e+00
 0.00000e+00
 0.00000e+00
 0.00000e+00
 0.00000e+00
 0.00000e+00
 0.00000e+00
 0.00000e+00
 0.00000e+00
 0.00000e+00
 0.00000e+00
 0.00000e+00
 0.00000e+00
 0.00000e+00
 0.00000e+00
 0.00000e+00
 0.00000e+00
 0.00000e+00
 0.00000e+00
 0.00000e+00
 0.00000e+00
 0.00000e+00
 0.00000e+00
 0.00000e+00
 0.00000e+00
 0.00000e+00
 0.00000e+00
 0.00000e+00
 0.00000e+00
 0.00000e+00
 0.00000e+00
 0.00000e+00
 0.00000e+00
 0.00000e+00
 0.00000e+00
 0.00000e+00
 0.00000e+00
 0.00000e+00
 0.00000e+00
 0.00000e+00
 0.00000e+00
 0.00000e+00
 0.00000e+00
 0.00000e+00
 0.00000e+00
 0.00000e+00
 0.00000e+00
 0.00000e+00
 0.00000e+00
 0.00000e+00
 0.00000e+00
 0.00000e+00
 0.00000e+00
 0.00000e+00
 0.00000e+00
 0.00000e+00
 0.00000e+00
 0.00000e+00
 0.00000e+00
 0.00000e+00
 0.00000e+00
 0.00000e+00
 0.00000e+00
 0.00000e+00
 0.00000e+00
 0.00000e+00
 0.00000e+00
 0.00000e+00
 0.00000e+00
 0.00000e+00
 0.00000e+00
 0.00000e+00
 0.00000e+00
 0.00000e+00
 0.00000e+00
 0.00000e+00
 0.00000e+00
 0.00000e+00
 0.00000e+00
 0.00000e+00
 0.00000e+00
 0.00000e+00
 0.00000e+00
 0.00000e+00
 0.00000e+00
 0.00000e+00
 0.00000e+00
 0.00000e+00
 0.00000e+00
 0.00000e+00
 0.00000e+00
 0.00000e+00
 0.00000e+00
 0.00000e+00
 0.00000e+00
 0.00000e+00
 0.00000e+00
 0.00000e+00
 0.00000e+00
 0.00000e+00
 0.00000e+00
 0.00000e+00
 0.00000e+00
 0.00000e+00
 0.00000e+00
 0.00000e+00
 0.00000e+00
 0.00000e+00
 0.00000e+00
 0.00000e+00
 0.00000e+00
 0.00000e+00
 0.00000e+00
 0.00000e+00
 0.00000e+00
 0.00000e+00
 0.00000e+00
 0.00000e+00
 0.00000e+00
 0.00000e+00
 0.00000e+00
 0.00000e+00
 0.00000e+00
 0.00000e+00
 0.00000e+00
 0.00000e+00
 0.00000e+00
 0.00000e+00
 0.00000e+00
 0.00000e+00
 0.00000e+00
 0.00000e+00
 0.00000e+00
 0.00000e+00
 0.00000e+00
 0.00000e+00
 0.00000e+00
 0.00000e+00
 0.00000e+00
 0.00000e+00
 0.00000e+00
 0.00000e+00
 0.00000e+00
 0.00000e+00
 0.00000e+00
 0.00000e+00
 0.00000e+00
 0.00000e+00
 0.00000e+00
 0.00000e+00
 0.00000e+00
 0.00000e+00
 0.00000e+00
 0.00000e+00
 0.00000e+00
 0.00000e+00
 0.00000e+00
 0.00000e+00
 0.00000e+00
 0.00000e+00
 0.00000e+00
 0.00000e+00
 0.00000e+00
 0.00000e+00
 0.00000e+00
 0.00000e+00
 0.00000e+00
 0.00000e+00
 0.00000e+00
 0.00000e+00
 0.00000e+00
 0.00000e+00
 0.00000e+00
 0.00000e+00
 0.00000e+00
 0.00000e+00
 0.00000e+00
 0.00000e+00
 0.00000e+00
 0.00000e+00
 0.00000e+00
 0.00000e+00
 0.00000e+00
 0.00000e+00
 0.00000e+00
 0.00000e+00
 0.00000e+00
 0.00000e+00
 0.00000e+00
 0.00000e+00
 0.00000e+00
 0.00000e+00
 0.00000e+00
 0.00000e+00
 0.00000e+00
 0.00000e+00
 0.00000e+00
 0.00000e+00
 0.00000e+00
 0.00000e+00
 0.00000e+00
 0.00000e+00
 0.00000e+00
 0.00000e+00
 0.00000e+00
 0.00000e+00
 0.00000e+00
 0.00000e+00
 0.00000e+00
 0.00000e+00
 0.00000e+00
 0.00000e+00
 0.00000e+00
 0.00000e+00
 0.00000e+00
 0.00000e+00
 0.00000e+00
 0.00000e+00
 0.00000e+00
 0.00000e+00
 0.00000e+00
 0.00000e+00
 0.00000e+00
 0.00000e+00
 0.00000e+00
 0.00000e+00
 0.00000e+00
 0.00000e+00
 0.00000e+00
 0.00000e+00
 0.00000e+00
 0.00000e+00
 0.00000e+00
 0.00000e+00
 0.00000e+00
 0.00000e+00
 0.00000e+00
 0.00000e+00
 0.00000e+00
 0.00000e+00
 0.00000e+00
 0.00000e+00
 0.00000e+00
 0.00000e+00
 0.00000e+00
 0.00000e+00
 0.00000e+00
 0.00000e+00
 0.00000e+00
 0.00000e+00
 0.00000e+00
 0.00000e+00
 0.00000e+00
 0.00000e+00
 0.00000e+00
 0.00000e+00
 0.00000e+00
 0.00000e+00
 0.00000e+00
 0.00000e+00
 0.00000e+00
 0.00000e+00
 0.00000e+00
 0.00000e+00
 0.00000e+00
 0.00000e+00
 0.00000e+00
 0.00000e+00
 0.00000e+00
 0.00000e+00
 0.00000e+00
 0.00000e+00
 0.00000e+00
 0.00000e+00
 0.00000e+00
 0.00000e+00
 0.00000e+00
 0.00000e+00
 0.00000e+00
 0.00000e+00
 0.00000e+00
 0.00000e+00
 0.00000e+00
 0.00000e+00
 0.00000e+00
 0.00000e+00
 0.00000e+00
 0.00000e+00
 0.00000e+00
 0.00000e+00
 0.00000e+00
 0.00000e+00
 0.00000e+00
 0.00000e+00
 0.00000e+00
 0.00000e+00
 0.00000e+00
 0.00000e+00
 0.00000e+00
 0.00000e+00
 0.00000e+00
 0.00000e+00
 0.00000e+00
 0.00000e+00
 0.00000e+00
 0.00000e+00
 0.00000e+00
 0.00000e+00
 0.00000e+00
 0.00000e+00
 0.00000e+00
 0.00000e+00
 0.00000e+00
 0.00000e+00
 0.00000e+00
 0.00000e+00
 0.00000e+00
 0.00000e+00
 0.00000e+00
 0.00000e+00
 0.00000e+00
 0.00000e+00
 0.00000e+00
 0.00000e+00
 0.00000e+00
 0.00000e+00
 0.00000e+00
 0.00000e+00
 0.00000e+00
 0.00000e+00
 0.00000e+00
 0.00000e+00
 0.00000e+00
 0.00000e+00
 0.00000e+00
 0.00000e+00
 0.00000e+00
 0.00000e+00
 0.00000e+00
 0.00000e+00
 0.00000e+00
 0.00000e+00
 0.00000e+00
 0.00000e+00
 0.00000e+00
 0.00000e+00
part
         5
coordinates
 0.00000e+00
 0.00000e+00
 3.80760e-07
 1.43926e-06
 2.80181e-06
 4.05531e-06
 5.04089e-06
 5.83831e-06
 6.43975e-06
 6.74642e-06
 6.83217e-06
 6.74642e-06
 6.43975e-06
 5.83831e-06
 5.04089e-06
 0.00000e+00
 0.00000e+00
 6.05011e-07
 2.12913e-06
 3.90036e-06
 5.41437e-06
 6.54559e-06
 7.42795e-06
 8.07682e-06
 8.40283e-06
 8.49300e-06
 8.40283e-06
 8.07682e-06
 7.42795e-06
 6.54559e-06
 0.00000e+00
 0.00000e+00
 9.00159e-07
 2.98902e-06
 5.19024e-06
 6.93788e-06
 8.17694e-06
 9.10874e-06
 9.77697e-06
 1.01078e-05
 1.01983e-05
 1.01078e-05
 9.77697e-06
 9.10874e-06
 8.17694e-06
 0.00000e+00
 0.00000e+00
 1.25852e-06
 3.99034e-06
 6.61874e-06
 8.55676e-06
 9.85803e-06
 1.08009e-05
 1.14602e-05
 1.17818e-05
 1.18688e-05
 1.17818e-05
 1.14602e-05
 1.08009e-05
 9.85803e-06
 0.00000e+00
 0.00000e+00
 1.65890e-06
 5.07554e-06
 8.10620e-06
 1.01839e-05
 1.15025e-05
 1.24220e-05
 1.30482e-05
 1.33491e-05
 1.34295e-05
 1.33491e-05
 1.30482e-05
 1.24220e-05
 1.15025e-05
 0.00000e+00
 0.00000e+00
 2.06782e-06
 6.16208e-06
 9.55271e-06
 1.17222e-05
 1.30227e-05
 1.38942e-05
 1.44715e-05
 1.47446e-05
 1.48166e-05
 1.47446e-05
 1.44715e-05
 1.38942e-05
 1.30227e-05
 0.00000e+00
 0.00000e+00
 2.44426e-06
 7.15287e-06
 1.08489e-05
 1.30737e-05
 1.43367e-05
 1.51498e-05
 1.56732e-05
 1.59166e-05
 1.59798e-05
 1.59166e-05
 1.56732e-05
 1.51498e-05
 1.43367e-05
 0.00000e+00
 0.00000e+00
 2.74680e-06
 7.95112e-06
 1.18894e-05
 1.41485e-05
 1.53729e-05
 1.61329e-05
 1.66086e-05
 1.68261e-05
 1.68818e-05
 1.68261e-05
 1.66086e-05
 1.61329e-05
 1.53729e-05
 0.00000e+00
 0.00000e+00
 2.94143e-06
 8.47642e-06
 1.25864e-05
 1.48730e-05
 1.60743e-05
 1.67999e-05
 1.72441e-05
 1.74443e-05
 1.74949e-05
 1.74443e-05
 1.72441e-05
 1.67999e-05
 1.60743e-05
 0.00000e+00
 0.00000e+00
 3.00786e-06
 8.67820e-06
 1.28815e-05
 1.51966e-05
 1.64003e-05
 1.71191e-05
 1.75545e-05
 1.77494e-05
 1.77983e-05
 1.77494e-05
 1.75545e-05
 1.71191e-05
 1.64003e-05
 0.00000e+00
 0.00000e+00
 2.94282e-06
 8.54345e-06
 1.27538e-05
 1.50972e-05
 1.63300e-05
 1.70718e-05
 1.75232e-05
 1.77256e-05
 1.77766e-05
 1.77256e-05
 1.75232e-05
 1.70718e-05
 1.63300e-05
 0.00000e+00
 0.00000e+00
 2.75956e-06
 8.09724e-06
 1.22219e-05
 1.45839e-05
 1.58650e-05
 1.66544e-05
 1.71435e-05
 1.73652e-05
 1.74215e-05
 1.73652e-05
 1.71435e-05
 1.66544e-05
 1.58650e-05
 0.00000e+00
 0.00000e+00
 2.48420e-06
 7.39633e-06
 1.13407e-05
 1.36968e-05
 1.50309e-05
 1.58816e-05
 1.64226e-05
 1.66717e-05
 1.67360e-05
 1.66717e-05
 1.64226e-05
 1.58816e-05
 1.50309e-05
 0.00000e+00
 0.00000e+00
 2.15003e-06
 6.51798e-06
 1.01926e-05
 1.25033e-05
 1.38780e-05
 1.47890e-05
 1.53857e-05
 1.56653e-05
 1.57386e-05
 1.56653e-05
 1.53857e-05
 1.47890e-05
 1.38780e-05
 0.00000e+00
 0.00000e+00
 1.79145e-06
 5.54672e-06
 8.87579e-06
 1.10909e-05
 1.24778e-05
 1.34337e-05
 1.40784e-05
 1.43859e-05
 1.44677e-05
 1.43859e-05
 1.40784e-05
 1.34337e-05
 1.24778e-05
 0.00000e+00
 0.00000e+00
 1.43883e-06
 4.56213e-06
 7.49066e-06
 9.55692e-06
 1.09168e-05
 1.18905e-05
 1.25657e-05
 1.28931e-05
 1.29815e-05
 1.28931e-05
 1.25657e-05
 1.18905e-05
 1.09168e-05
 0.00000e+00
 0.00000e+00
 1.11523e-06
 3.62964e-06
 6.12834e-06
 7.99789e-06
 9.28805e-06
 1.02456e-05
 1.09270e-05
 1.12628e-05
 1.13544e-05
 1.12628e-05
 1.09270e-05
 1.02456e-05
 9.28805e-06
 0.00000e+00
 0.00000e+00
 8.35077e-07
 2.79549e-06
 4.86182e-06
 6.49927e-06
 7.68047e-06
 8.58722e-06
 9.24841e-06
 9.57888e-06
 9.67016e-06
 9.57888e-06
 9.24841e-06
 8.58722e-06
 7.68047e-06
 0.00000e+00
 0.00000e+00
 6.04691e-07
 2.08576e-06
 3.74124e-06
 5.12795e-06
 6.17041e-06
 6.99640e-06
 7.61257e-06
 7.92472e-06
 8.01182e-06
 7.92472e-06
 7.61257e-06
 6.99640e-06
 6.17041e-06
 0.00000e+00
 0.00000e+00
 4.23825e-07
 1.50861e-06
 2.79340e-06
 3.92834e-06
 4.81491e-06
 5.53867e-06
 6.09026e-06
 6.37325e-06
 6.45296e-06
 6.37325e-06
 6.09026e-06
 5.53867e-06
 4.81491e-06
 0.00000e+00
 0.00000e+00
 2.87780e-07
 1.05847e-06
 2.02440e-06
 2.92207e-06
 3.64882e-06
 4.25913e-06
 4.73376e-06
 4.98017e-06
 5.05020e-06
 4.98017e-06
 4.73376e-06
 4.25913e-06
 3.64882e-06
 0.00000e+00
 0.00000e+00
 1.89455e-07
 7.20839e-07
 1.42449e-06
 2.11080e-06
 2.68533e-06
 3.18097e-06
 3.57389e-06
 3.78019e-06
 3.83929e-06
 3.78019e-06
 3.57389e-06
 3.18097e-06
 2.68533e-06
 0.00000e+00
 0.00000e+00
 1.21020e-07
 4.76767e-07
 9.73615e-07
 1.48105e-06
 1.91937e-06
 2.30736e-06
 2.62061e-06
 2.78686e-06
 2.83485e-06
 2.78686e-06
 2.62061e-06
 2.30736e-06
 1.91937e-06
 0.00000e+00
 0.00000e+00
 7.50626e-08
 3.06427e-07
 6.46616e-07
 1.00964e-06
 1.33262e-06
 1.62566e-06
 1.86642e-06
 1.99550e-06
 2.03302e-06
 1.99550e-06
 1.86642e-06
 1.62566e-06
 1.33262e-06
 0.00000e+00
 0.00000e+00
 4.52375e-08
 1.91486e-07
 4.17457e-07
 6.68915e-07
 8.98960e-07
 1.11269e-06
 1.29127e-06
 1.38794e-06
 1.41623e-06
 1.38794e-06
 1.29127e-06
 1.11269e-06
 8.98960e-07
 0.00000e+00
 0.00000e+00
 2.65070e-08
 1.16401e-07
 2.62095e-07
 4.30847e-07
 5.89362e-07
 7.40051e-07
 8.67997e-07
 9.37908e-07
 9.58492e-07
 9.37908e-07
 8.67997e-07
 7.40051e-07
 5.89362e-07
 0.00000e+00
 0.00000e+00
 1.51103e-08
 6.88658e-08
 1.60092e-07
 2.69886e-07
 3.75641e-07
 4.78428e-07
 5.67065e-07
 6.15929e-07
 6.30402e-07
 6.15929e-07
 5.67065e-07
 4.78428e-07
 3.75641e-07
 0.00000e+00
 0.00000e+00
 5.42549e-09
 2.53260e-08
 6.00656e-08
 1.02854e-07
 1.44688e-07
 1.85886e-07
 2.21739e-07
 2.41606e-07
 2.47511e-07
 2.41606e-07
 2.21739e-07
 1.85886e-07
 1.44688e-07
 0.00000e+00
 0.00000e+00
 3.80760e-07
 1.43926e-06
 2.80181e-06
 4.05531e-06
 5.04089e-06
 5.83831e-06
 6.43975e-06
 6.74642e-06
 6.83217e-06
 6.74642e-06
 6.43975e-06
 5.83831e-06
 5.04089e-06
 0.00000e+00
 0.00000e+00
 6.05011e-07
 2.12913e-06
 3.90036e-06
 5.41437e-06
 6.54559e-06
 7.42795e-06
 8.07682e-06
 8.40283e-06
 8.49300e-06
 8.40283e-06
 8.07682e-06
 7.42795e-06
 6.54559e-06
 0.00000e+00
 0.00000e+00
 9.00159e-07
 2.98902e-06
 5.19024e-06
 6.93788e-06
 8.17694e-06
 9.10874e-06
 9.77697e-06
 1.01078e-05
 1.01983e-05
 1.01078e-05
 9.77697e-06
 9.10874e-06
 8.17694e-06
 0.00000e+00
 0.00000e+00
 1.25852e-06
 3.99034e-06
 6.61874e-06
 8.55676e-06
 9.85803e-06
 1.08009e-05
 1.14602e-05
 1.17818e-05
 1.18688e-05
 1.17818e-05
 1.14602e-05
 1.08009e-05
 9.85803e-06
 0.00000e+00
 0.00000e+00
 1.65890e-06
 5.07554e-06
 8.10620e-06
 1.01839e-05
 1.15025e-05
 1.24220e-05
 1.30482e-05
 1.33491e-05
 1.34295e-05
 1.33491e-05
 1.30482e-05
 1.24220e-05
 1.15025e-05
 0.00000e+00
 0.00000e+00
 2.06782e-06
 6.16208e-06
 9.55271e-06
 1.17222e-05
 1.30227e-05
 1.38942e-05
 1.44715e-05
 1.47446e-05
 1.48166e-05
 1.47446e-05
 1.44715e-05
 1.38942e-05
 1.30227e-05
 0.00000e+00
 0.00000e+00
 2.44426e-06
 7.15287e-06
 1.08489e-05
 1.30737e-05
 1.43367e-05
 1.51498e-05
 1.56732e-05
 1.59166e-05
 1.59798e-05
 1.59166e-05
 1.56732e-05
 1.51498e-05
 1.43367e-05
 0.00000e+00
 0.00000e+00
 2.74680e-06
 7.95112e-06
 1.18894e-05
 1.41485e-05
 1.53729e-05
 1.61329e-05
 1.66086e-05
 1.68261e-05
 1.68818e-05
 1.68261e-05
 1.66086e-05
 1.61329e-05
 1.53729e-05
 0.00000e+00
 0.00000e+00
 2.94143e-06
 8.47642e-06
 1.25864e-05
 1.48730e-05
 1.60743e-05
 1.67999e-05
 1.72441e-05
 1.74443e-05
 1.74949e-05
 1.74443e-05
 1.72441e-05
 1.67999e-05
 1.60743e-05
 0.00000e+00
 0.00000e+00
 3.00786e-06
 8.67820e-06
 1.28815e-05
 1.51966e-05
 1.64003e-05
 1.71191e-05
 1.75545e-05
 1.77494e-05
 1.77983e-05
 1.77494e-05
 1.75545e-05
 1.71191e-05
 1.64003e-05
 0.00000e+00
 0.00000e+00
 2.94282e-06
 8.54345e-06
 1.27538e-05
 1.50972e-05
 1.63300e-05
 1.70718e-05
 1.75232e-05
 1.77256e-05
 1.77766e-05
 1.77256e-05
 1.75232e-05
 1.70718e-05
 1.63300e-05
 0.00000e+00
 0.00000e+00
 2.75956e-06
 8.09724e-06
 1.22219e-05
 1.45839e-05
 1.58650e-05
 1.66544e-05
 1.71435e-05
 1.73652e-05
 1.74215e-05
 1.73652e-05
 1.71435e-05
 1.66544e-05
 1.58650e-05
 0.00000e+00
 0.00000e+00
 2.48420e-06
 7.39633e-06
 1.13407e-05
 1.36968e-05
 1.50309e-05
 1.58816e-05
 1.64226e-05
 1.66717e-05
 1.67360e-05
 1.66717e-05
 1.64226e-05
 1.58816e-05
 1.50309e-05
 0.00000e+00
 0.00000e+00
 2.15003e-06
 6.51798e-06
 1.01926e-05
 1.25033e-05
 1.38780e-05
 1.47890e-05
 1.53857e-05
 1.56653e-05
 1.57386e-05
 1.56653e-05
 1.53857e-05
 1.47890e-05
 1.38780e-05
 0.00000e+00
 0.00000e+00
 1.79145e-06
 5.54672e-06
 8.87579e-06
 1.10909e-05
 1.24778e-05
 1.34337e-05
 1.40784e-05
 1.43859e-05
 1.44677e-05
 1.43859e-05
 1.40784e-05
 1.34337e-05
 1.24778e-05
 0.00000e+00
 0.00000e+00
 1.43883e-06
 4.56213e-06
 7.49066e-06
 9.55692e-06
 1.09168e-05
 1.18905e-05
 1.25657e-05
 1.28931e-05
 1.29815e-05
 1.28931e-05
 1.25657e-05
 1.18905e-05
 1.09168e-05
 0.00000e+00
 0.00000e+00
 1.11523e-06
 3.62964e-06
 6.12834e-06
 7.99789e-06
 9.28805e-06
 1.02456e-05
 1.09270e-05
 1.12628e-05
 1.13544e-05
 1.12628e-05
 1.09270e-05
 1.02456e-05
 9.28805e-06
 0.00000e+00
 0.00000e+00
 8.35077e-07
 2.79549e-06
 4.86182e-06
 6.49927e-06
 7.68047e-06
 8.58722e-06
 9.24841e-06
 9.57888e-06
 9.67016e-06
 9.57888e-06
 9.24841e-06
 8.58722e-06
 7.68047e-06
 0.00000e+00
 0.00000e+00
 6.04691e-07
 2.08576e-06
 3.74124e-06
 5.12795e-06
 6.17041e-06
 6.99640e-06
 7.61257e-06
 7.92472e-06
 8.01182e-06
 7.92472e-06
 7.61257e-06
 6.99640e-06
 6.17041e-06
 0.00000e+00
 0.00000e+00
 4.23825e-07
 1.50861e-06
 2.79340e-06
 3.92834e-06
 4.81491e-06
 5.53867e-06
 6.09026e-06
 6.37325e-06
 6.45296e-06
 6.37325e-06
 6.09026e-06
 5.53867e-06
 4.81491e-06
 0.00000e+00
 0.00000e+00
 2.87780e-07
 1.05847e-06
 2.02440e-06
 2.92207e-06
 3.64882e-06
 4.25913e-06
 4.73376e-06
 4.98017e-06
 5.05020e-06
 4.98017e-06
 4.73376e-06
 4.25913e-06
 3.64882e-06
 0.00000e+00
 0.00000e+00
 1.89455e-07
 7.20839e-07
 1.42449e-06
 2.11080e-06
 2.68533e-06
 3.18097e-06
 3.57389e-06
 3.78019e-06
 3.83929e-06
 3.78019e-06
 3.57389e-06
 3.18097e-06
 2.68533e-06
 0.00000e+00
 0.00000e+00
 1.21020e-07
 4.76767e-07
 9.73615e-07
 1.48105e-06
 1.91937e-06
 2.30736e-06
 2.62061e-06
 2.78686e-06
 2.83485e-06
 2.78686e-06
 2.62061e-06
 2.30736e-06
 1.91937e-06
 0.00000e+00
 0.00000e+00
 7.50626e-08
 3.06427e-07
 6.46616e-07
 1.00964e-06
 1.33262e-06
 1.62566e-06
 1.86642e-06
 1.99550e-06
 2.03302e-06
 1.99550e-06
 1.86642e-06
 1.62566e-06
 1.33262e-06
 0.00000e+00
 0.00000e+00
 4.52375e-08
 1.91486e-07
 4.17457e-07
 6.68915e-07
 8.98960e-07
 1.11269e-06
 1.29127e-06
 1.38794e-06
 1.41623e-06
 1.38794e-06
 1.29127e-06
 1.11269e-06
 8.98960e-07
 0.00000e+00
 0.00000e+00
 2.65070e-08
 1.16401e-07
 2.62095e-07
 4.30847e-07
 5.89362e-07
 7.40051e-07
 8.67997e-07
 9.37908e-07
 9.58492e-07
 9.37908e-07
 8.67997e-07
 7.40051e-07
 5.89362e-07
 0.00000e+00
 0.00000e+00
 1.51103e-08
 6.88658e-08
 1.60092e-07
 2.69886e-07
 3.75641e-07
 4.78428e-07
 5.67065e-07
 6.15929e-07
 6.30402e-07
 6.15929e-07
 5.67065e-07
 4.78428e-07
 3.75641e-07
 0.00000e+00
 0.00000e+00
 5.42549e-09
 2.53260e-08
 6.00656e-08
 1.02854e-07
 1.44688e-07
 1.85886e-07
 2.21739e-07
 2.41606e-07
 2.47511e-07
 2.41606e-07
 2.21739e-07
 1.85886e-07
 1.44688e-07
part
         6
coordinates
 6.83217e-06
 6.74642e-06
 6.43975e-06
 5.83831e-06
 5.04089e-06
 4.05531e-06
 2.80181e-06
 1.43926e-06
 3.80760e-07
 0.00000e+00
 0.00000e+00
 0.00000e+00
 0.00000e+00
 0.00000e+00
 0.00000e+00
 0.00000e+00
 0.00000e+00
 8.49300e-06
 8.40283e-06
 8.07682e-06
 7.42795e-06
 6.54559e-06
 5.41437e-06
 3.90036e-06
 2.12913e-06
 6.05011e-07
 0.00000e+00
 0.00000e+00
 0.00000e+00
 0.00000e+00
 0.00000e+00
 0.00000e+00
 0.00000e+00
 0.00000e+00
 1.01983e-05
 1.01078e-05
 9.77697e-06
 9.10874e-06
 8.17694e-06
 6.93788e-06
 5.19024e-06
 2.98902e-06
 9.00159e-07
 0.00000e+00
 0.00000e+00
 0.00000e+00
 0.00000e+00
 0.00000e+00
 0.00000e+00
 0.00000e+00
 0.00000e+00
 1.18688e-05
 1.17818e-05
 1.14602e-05
 1.08009e-05
 9.85803e-06
 8.55676e-06
 6.61874e-06
 3.99034e-06
 1.25852e-06
 0.00000e+00
 0.00000e+00
 0.00000e+00
 0.00000e+00
 0.00000e+00
 0.00000e+00
 0.00000e+00
 0.00000e+00
 1.34295e-05
 1.33491e-05
 1.30482e-05
 1.24220e-05
 1.15025e-05
 1.01839e-05
 8.10620e-06
 5.07554e-06
 1.65890e-06
 0.00000e+00
 0.00000e+00
 0.00000e+00
 0.00000e+00
 0.00000e+00
 0.00000e+00
 0.00000e+00
 0.00000e+00
 1.48166e-05
 1.47446e-05
 1.44715e-05
 1.38942e-05
 1.30227e-05
 1.17222e-05
 9.55271e-06
 6.16208e-06
 2.06782e-06
 0.00000e+00
 0.00000e+00
 0.00000e+00
 0.00000e+00
 0.00000e+00
 0.00000e+00
 0.00000e+00
 0.00000e+00
 1.59798e-05
 1.59166e-05
 1.56732e-05
 1.51498e-05
 1.43367e-05
 1.30737e-05
 1.08489e-05
 7.15287e-06
 2.44426e-06
 0.00000e+00
 0.00000e+00
 0.00000e+00
 0.00000e+00
 0.00000e+00
 0.00000e+00
 0.00000e+00
 0.00000e+00
 1.68818e-05
 1.68261e-05
 1.66086e-05
 1.61329e-05
 1.53729e-05
 1.41485e-05
 1.18894e-05
 7.95112e-06
 2.74680e-06
 0.00000e+00
 0.00000e+00
 0.00000e+00
 0.00000e+00
 0.00000e+00
 0.00000e+00
 0.00000e+00
 0.00000e+00
 1.74949e-05
 1.74443e-05
 1.72441e-05
 1.67999e-05
 1.60743e-05
 1.48730e-05
 1.25864e-05
 8.47642e-06
 2.94143e-06
 0.00000e+00
 0.00000e+00
 0.00000e+00
 0.00000e+00
 0.00000e+00
 0.00000e+00
 0.00000e+00
 0.00000e+00
 1.77983e-05
 1.77494e-05
 1.75545e-05
 1.71191e-05
 1.64003e-05
 1.51966e-05
 1.28815e-05
 8.67820e-06
 3.00786e-06
 0.00000e+00
 0.00000e+00
 0.00000e+00
 0.00000e+00
 0.00000e+00
 0.00000e+00
 0.00000e+00
 0.00000e+00
 1.77766e-05
 1.77256e-05
 1.75232e-05
 1.70718e-05
 1.63300e-05
 1.50972e-05
 1.27538e-05
 8.54345e-06
 2.94282e-06
 0.00000e+00
 0.00000e+00
 0.00000e+00
 0.00000e+00
 0.00000e+00
 0.00000e+00
 0.00000e+00
 0.00000e+00
 1.74215e-05
 1.73652e-05
 1.71435e-05
 1.66544e-05
 1.58650e-05
 1.45839e-05
 1.22219e-05
 8.09724e-06
 2.75956e-06
 0.00000e+00
 0.00000e+00
 0.00000e+00
 0.00000e+00
 0.00000e+00
 0.00000e+00
 0.00000e+00
 0.00000e+00
 1.67360e-05
 1.66717e-05
 1.64226e-05
 1.58816e-05
 1.50309e-05
 1.36968e-05
 1.13407e-05
 7.39633e-06
 2.48420e-06
 0.00000e+00
 0.00000e+00
 0.00000e+00
 0.00000e+00
 0.00000e+00
 0.00000e+00
 0.00000e+00
 0.00000e+00
 1.57386e-05
 1.56653e-05
 1.53857e-05
 1.47890e-05
 1.38780e-05
 1.25033e-05
 1.01926e-05
 6.51798e-06
 2.15003e-06
 0.00000e+00
 0.00000e+00
 0.00000e+00
 0.00000e+00
 0.00000e+00
 0.00000e+00
 0.00000e+00
 0.00000e+00
 1.44677e-05
 1.43859e-05
 1.40784e-05
 1.34337e-05
 1.24778e-05
 1.10909e-05
 8.87579e-06
 5.54672e-06
 1.79145e-06
 0.00000e+00
 0.00000e+00
 0.00000e+00
 0.00000e+00
 0.00000e+00
 0.00000e+00
 0.00000e+00
 0.00000e+00
 1.29815e-05
 1.28931e-05
 1.25657e-05
 1.18905e-05
 1.09168e-05
 9.55692e-06
 7.49066e-06
 4.56213e-06
 1.43883e-06
 0.00000e+00
 0.00000e+00
 0.00000e+00
 0.00000e+00
 0.00000e+00
 0.00000e+00
 0.00000e+00
 0.00000e+00
 1.13544e-05
 1.12628e-05
 1.09270e-05
 1.02456e-05
 9.28805e-06
 7.99789e-06
 6.12834e-06
 3.62964e-06
 1.11523e-06
 0.00000e+00
 0.00000e+00
 0.00000e+00
 0.00000e+00
 0.00000e+00
 0.00000e+00
 0.00000e+00
 0.00000e+00
 9.67016e-06
 9.57888e-06
 9.24841e-06
 8.58722e-06
 7.68047e-06
 6.49927e-06
 4.86182e-06
 2.79549e-06
 8.35077e-07
 0.00000e+00
 0.00000e+00
 0.00000e+00
 0.00000e+00
 0.00000e+00
 0.00000e+00
 0.00000e+00
 0.00000e+00
 8.01182e-06
 7.92472e-06
 7.61257e-06
 6.99640e-06
 6.17041e-06
 5.12795e-06
 3.74124e-06
 2.08576e-06
 6.04691e-07
 0.00000e+00
 0.00000e+00
 0.00000e+00
 0.00000e+00
 0.00000e+00
 0.00000e+00
 0.00000e+00
 0.00000e+00
 6.45296e-06
 6.37325e-06
 6.09026e-06
 5.53867e-06
 4.81491e-06
 3.92834e-06
 2.79340e-06
 1.50861e-06
 4.23825e-07
 0.00000e+00
 0.00000e+00
 0.00000e+00
 0.00000e+00
 0.00000e+00
 0.00000e+00
 0.00000e+00
 0.00000e+00
 5.05020e-06
 4.98017e-06
 4.73376e-06
 4.25913e-06
 3.64882e-06
 2.92207e-06
 2.02440e-06
 1.05847e-06
 2.87780e-07
 0.00000e+00
 0.00000e+00
 0.00000e+00
 0.00000e+00
 0.00000e+00
 0.00000e+00
 0.00000e+00
 0.00000e+00
 3.83929e-06
 3.78019e-06
 3.57389e-06
 3.18097e-06
 2.68533e-06
 2.11080e-06
 1.42449e-06
 7.20839e-07
 1.89455e-07
 0.00000e+00
 0.00000e+00
 0.00000e+00
 0.00000e+00
 0.00000e+00
 0.00000e+00
 0.00000e+00
 0.00000e+00
 2.83485e-06
 2.78686e-06
 2.62061e-06
 2.30736e-06
 1.91937e-06
 1.48105e-06
 9.73615e-07
 4.76767e-07
 1.21020e-07
 0.00000e+00
 0.00000e+00
 0.00000e+00
 0.00000e+00
 0.00000e+00
 0.00000e+00
 0.00000e+00
 0.00000e+00
 2.03302e-06
 1.99550e-06
 1.86642e-06
 1.62566e-06
 1.33262e-06
 1.00964e-06
 6.46616e-07
 3.06427e-07
 7.50626e-08
 0.00000e+00
 0.00000e+00
 0.00000e+00
 0.00000e+00
 0.00000e+00
 0.00000e+00
 0.00000e+00
 0.00000e+00
 1.41623e-06
 1.38794e-06
 1.29127e-06
 1.11269e-06
 8.98960e-07
 6.68915e-07
 4.17457e-07
 1.91486e-07
 4.52375e-08
 0.00000e+00
 0.00000e+00
 0.00000e+00
 0.00000e+00
 0.00000e+00
 0.00000e+00
 0.00000e+00
 0.00000e+00
 9.58492e-07
 9.37908e-07
 8.67997e-07
 7.40051e-07
 5.89362e-07
 4.30847e-07
 2.62095e-07
 1.16401e-07
 2.65070e-08
 0.00000e+00
 0.00000e+00
 0.00000e+00
 0.00000e+00
 0.00000e+00
 0.00000e+00
 0.00000e+00
 0.00000e+00
 6.30402e-07
 6.15929e-07
 5.67065e-07
 4.78428e-07
 3.75641e-07
 2.69886e-07
 1.60092e-07
 6.88658e-08
 1.51103e-08
 0.00000e+00
 0.00000e+00
 0.00000e+00
 0.00000e+00
 0.00000e+00
 0.00000e+00
 0.00000e+00
 0.00000e+00
 2.47511e-07
 2.41606e-07
 2.21739e-07
 1.85886e-07
 1.44688e-07
 1.02854e-07
 6.00656e-08
 2.53260e-08
 5.42549e-09
 0.00000e+00
 0.00000e+00
 0.00000e+00
 0.00000e+00
 0.00000e+00
 0.00000e+00
 0.00000e+00
 0.00000e+00
 6.83217e-06
 6.74642e-06
 6.43975e-06
 5.83831e-06
 5.04089e-06
 4.05531e-06
 2.80181e-06
 1.43926e-06
 3.80760e-07
 0.00000e+00
 0.00000e+00
 0.00000e+00
 0.00000e+00
 0.00000e+00
 0.00000e+00
 0.00000e+00
 0.00000e+00
 8.49300e-06
 8.40283e-06
 8.07682e-06
 7.42795e-06
 6.54559e-06
 5.41437e-06
 3.90036e-06
 2.12913e-06
 6.05011e-07
 0.00000e+00
 0.00000e+00
 0.00000e+00
 0.00000e+00
 0.00000e+00
 0.00000e+00
 0.00000e+00
 0.00000e+00
 1.01983e-05
 1.01078e-05
 9.77697e-06
 9.10874e-06
 8.17694e-06
 6.93788e-06
 5.19024e-06
 2.98902e-06
 9.00159e-07
 0.00000e+00
 0.00000e+00
 0.00000e+00
 0.00000e+00
 0.00000e+00
 0.00000e+00
 0.00000e+00
 0.00000e+00
 1.18688e-05
 1.17818e-05
 1.14602e-05
 1.08009e-05
 9.85803e-06
 8.55676e-06
 6.61874e-06
 3.99034e-06
 1.25852e-06
 0.00000e+00
 0.00000e+00
 0.00000e+00
 0.00000e+00
 0.00000e+00
 0.00000e+00
 0.00000e+00
 0.00000e+00
 1.34295e-05
 1.33491e-05
 1.30482e-05
 1.24220e-05
 1.15025e-05
 1.01839e-05
 8.10620e-06
 5.07554e-06
 1.65890e-06
 0.00000e+00
 0.00000e+00
 0.00000e+00
 0.00000e+00
 0.00000e+00
 0.00000e+00
 0.00000e+00
 0.00000e+00
 1.48166e-05
 1.47446e-05
 1.44715e-05
 1.38942e-05
 1.30227e-05
 1.17222e-05
 9.55271e-06
 6.16208e-06
 2.06782e-06
 0.00000e+00
 0.00000e+00
 0.00000e+00
 0.00000e+00
 0.00000e+00
 0.00000e+00
 0.00000e+00
 0.00000e+00
 1.59798e-05
 1.59166e-05
 1.56732e-05
 1.51498e-05
 1.43367e-05
 1.30737e-05
 1.08489e-05
 7.15287e-06
 2.44426e-06
 0.00000e+00
 0.00000e+00
 0.00000e+00
 0.00000e+00
 0.00000e+00
 0.00000e+00
 0.00000e+00
 0.00000e+00
 1.68818e-05
 1.68261e-05
 1.66086e-05
 1.61329e-05
 1.53729e-05
 1.41485e-05
 1.18894e-05
 7.95112e-06
 2.74680e-06
 0.00000e+00
 0.00000e+00
 0.00000e+00
 0.00000e+00
 0.00000e+00
 0.00000e+00
 0.00000e+00
 0.00000e+00
 1.74949e-05
 1.74443e-05
 1.72441e-05
 1.67999e-05
 1.60743e-05
 1.48730e-05
 1.25864e-05
 8.47642e-06
 2.94143e-06
 0.00000e+00
 0.00000e+00
 0.00000e+00
 0.00000e+00
 0.00000e+00
 0.00000e+00
 0.00000e+00
 0.00000e+00
 1.77983e-05
 1.77494e-05
 1.75545e-05
 1.71191e-05
 1.64003e-05
 1.51966e-05
 1.28815e-05
 8.67820e-06
 3.00786e-06
 0.00000e+00
 0.00000e+00
 0.00000e+00
 0.00000e+00
 0.00000e+00
 0.00000e+00
 0.00000e+00
 0.00000e+00
 1.77766e-05
 1.77256e-05
 1.75232e-05
 1.70718e-05
 1.63300e-05
 1.50972e-05
 1.27538e-05
 8.54345e-06
 2.94282e-06
 0.00000e+00
 0.00000e+00
 0.00000e+00
 0.00000e+00
 0.00000e+00
 0.00000e+00
 0.00000e+00
 0.00000e+00
 1.74215e-05
 1.73652e-05
 1.71435e-05
 1.66544e-05
 1.58650e-05
 1.45839e-05
 1.22219e-05
 8.09724e-06
 2.75956e-06
 0.00000e+00
 0.00000e+00
 0.00000e+00
 0.00000e+00
 0.00000e+00
 0.00000e+00
 0.00000e+00
 0.00000e+00
 1.67360e-05
 1.66717e-05
 1.64226e-05
 1.58816e-05
 1.50309e-05
 1.36968e-05
 1.13407e-05
 7.39633e-06
 2.48420e-06
 0.00000e+00
 0.00000e+00
 0.00000e+00
 0.00000e+00
 0.00000e+00
 0.00000e+00
 0.00000e+00
 0.00000e+00
 1.57386e-05
 1.56653e-05
 1.53857e-05
 1.47890e-05
 1.38780e-05
 1.25033e-05
 1.01926e-05
 6.51798e-06
 2.15003e-06
 0.00000e+00
 0.00000e+00
 0.00000e+00
 0.00000e+00
 0.00000e+00
 0.00000e+00
 0.00000e+00
 0.00000e+00
 1.44677e-05
 1.43859e-05
 1.40784e-05
 1.34337e-05
 1.24778e-05
 1.10909e-05
 8.87579e-06
 5.54672e-06
 1.79145e-06
 0.00000e+00
 0.00000e+00
 0.00000e+00
 0.00000e+00
 0.00000e+00
 0.00000e+00
 0.00000e+00
 0.00000e+00
 1.29815e-05
 1.28931e-05
 1.25657e-05
 1.18905e-05
 1.09168e-05
 9.55692e-06
 7.49066e-06
 4.56213e-06
 1.43883e-06
 0.00000e+00
 0.00000e+00
 0.00000e+00
 0.00000e+00
 0.00000e+00
 0.00000e+00
 0.00000e+00
 0.00000e+00
 1.13544e-05
 1.12628e-05
 1.09270e-05
 1.02456e-05
 9.28805e-06
 7.99789e-06
 6.12834e-06
 3.62964e-06
 1.11523e-06
 0.00000e+00
 0.00000e+00
 0.00000e+00
 0.00000e+00
 0.00000e+00
 0.00000e+00
 0.00000e+00
 0.00000e+00
 9.67016e-06
 9.57888e-06
 9.24841e-06
 8.58722e-06
 7.68047e-06
 6.49927e-06
 4.86182e-06
 2.79549e-06
 8.35077e-07
 0.00000e+00
 0.00000e+00
 0.00000e+00
 0.00000e+00
 0.00000e+00
 0.00000e+00
 0.00000e+00
 0.00000e+00
 8.01182e-06
 7.92472e-06
 7.61257e-06
 6.99640e-06
 6.17041e-06
 5.12795e-06
 3.74124e-06
 2.08576e-06
 6.04691e-07
 0.00000e+00
 0.00000e+00
 0.00000e+00
 0.00000e+00
 0.00000e+00
 0.00000e+00
 0.00000e+00
 0.00000e+00
 6.45296e-06
 6.37325e-06
 6.09026e-06
 5.53867e-06
 4.81491e-06
 3.92834e-06
 2.79340e-06
 1.50861e-06
 4.23825e-07
 0.00000e+00
 0.00000e+00
 0.00000e+00
 0.00000e+00
 0.00000e+00
 0.00000e+00
 0.00000e+00
 0.00000e+00
 5.05020e-06
 4.98017e-06
 4.73376e-06
 4.25913e-06
 3.64882e-06
 2.92207e-06
 2.02440e-06
 1.05847e-06
 2.87780e-07
 0.00000e+00
 0.00000e+00
 0.00000e+00
 0.00000e+00
 0.00000e+00
 0.00000e+00
 0.00000e+00
 0.00000e+00
 3.83929e-06
 3.78019e-06
 3.57389e-06
 3.18097e-06
 2.68533e-06
 2.11080e-06
 1.42449e-06
 7.20839e-07
 1.89455e-07
 0.00000e+00
 0.00000e+00
 0.00000e+00
 0.00000e+00
 0.00000e+00
 0.00000e+00
 0.00000e+00
 0.00000e+00
 2.83485e-06
 2.78686e-06
 2.62061e-06
 2.30736e-06
 1.91937e-06
 1.48105e-06
 9.73615e-07
 4.76767e-07
 1.21020e-07
 0.00000e+00
 0.00000e+00
 0.00000e+00
 0.00000e+00
 0.00000e+00
 0.00000e+00
 0.00000e+00
 0.00000e+00
 2.03302e-06
 1.99550e-06
 1.86642e-06
 1.62566e-06
 1.33262e-06
 1.00964e-06
 6.46616e-07
 3.06427e-07
 7.50626e-08
 0.00000e+00
 0.00000e+00
 0.00000e+00
 0.00000e+00
 0.00000e+00
 0.00000e+00
 0.00000e+00
 0.00000e+00
 1.41623e-06
 1.38794e-06
 1.29127e-06
 1.11269e-06
 8.98960e-07
 6.68915e-07
 4.17457e-07
 1.91486e-07
 4.52375e-08
 0.00000e+00
 0.00000e+00
 0.00000e+00
 0.00000e+00
 0.00000e+00
 0.00000e+00
 0.00000e+00
 0.00000e+00
 9.58492e-07
 9.37908e-07
 8.67997e-07
 7.40051e-07
 5.89362e-07
 4.30847e-07
 2.62095e-07
 1.16401e-07
 2.65070e-08
 0.00000e+00
 0.00000e+00
 0.00000e+00
 0.00000e+00
 0.00000e+00
 0.00000e+00
 0.00000e+00
 0.00000e+00
 6.30402e-07
 6.15929e-07
 5.67065e-07
 4.78428e-07
 3.75641e-07
 2.69886e-07
 1.60092e-07
 6.88658e-08
 1.51103e-08
 0.00000e+00
 0.00000e+00
 0.00000e+00
 0.00000e+00
 0.00000e+00
 0.00000e+00
 0.00000e+00
 0.00000e+00
 2.47511e-07
 2.41606e-07
 2.21739e-07
 1.85886e-07
 1.44688e-07
 1.02854e-07
 6.00656e-08
 2.53260e-08
 5.42549e-09
 0.00000e+00
 0.00000e+00
 0.00000e+00
 0.00000e+00
 0.00000e+00
 0.00000e+00
 0.00000e+00
 0.00000e+00
part
         7
coordinates
 0.00000e+00
 0.00000e+00
 0.00000e+00
 0.00000e+00
 0.00000e+00
 0.00000e+00
 0.00000e+00
 0.00000e+00
 0.00000e+00
 0.00000e+00
 0.00000e+00
 0.00000e+00
 0.00000e+00
 0.00000e+00
 0.00000e+00
 0.00000e+00
 0.00000e+00
 0.00000e+00
 0.00000e+00
 0.00000e+00
 0.00000e+00
 0.00000e+00
 0.00000e+00
 0.00000e+00
 0.00000e+00
 0.00000e+00
 0.00000e+00
 0.00000e+00
 0.00000e+00
 0.00000e+00
 0.00000e+00
 0.00000e+00
 0.00000e+00
 0.00000e+00
 0.00000e+00
 0.00000e+00
 0.00000e+00
 0.00000e+00
 0.00000e+00
 0.00000e+00
 0.00000e+00
 0.00000e+00
 0.00000e+00
 0.00000e+00
 0.00000e+00
 0.00000e+00
 0.00000e+00
 0.00000e+00
 0.00000e+00
 0.00000e+00
 0.00000e+00
 0.00000e+00
 0.00000e+00
 0.00000e+00
 0.00000e+00
 0.00000e+00
 0.00000e+00
 0.00000e+00
 0.00000e+00
 0.00000e+00
 0.00000e+00
 0.00000e+00
 0.00000e+00
 0.00000e+00
 0.00000e+00
 0.00000e+00
 0.00000e+00
 0.00000e+00
 0.00000e+00
 0.00000e+00
 0.00000e+00
 0.00000e+00
 0.00000e+00
 0.00000e+00
 0.00000e+00
 0.00000e+00
 0.00000e+00
 0.00000e+00
 0.00000e+00
 0.00000e+00
 0.00000e+00
 0.00000e+00
 0.00000e+00
 0.00000e+00
 0.00000e+00
 0.00000e+00
 0.00000e+00
 0.00000e+00
 0.00000e+00
 0.00000e+00
 0.00000e+00
 0.00000e+00
 0.00000e+00
 0.00000e+00
 0.00000e+00
 0.00000e+00
 0.00000e+00
 0.00000e+00
 0.00000e+00
 0.00000e+00
 0.00000e+00
 0.00000e+00
 0.00000e+00
 0.00000e+00
 0.00000e+00
 0.00000e+00
 0.00000e+00
 0.00000e+00
 0.00000e+00
 0.00000e+00
 0.00000e+00
 0.00000e+00
 0.00000e+00
 0.00000e+00
 0.00000e+00
 0.00000e+00
 0.00000e+00
 0.00000e+00
 0.00000e+00
 0.00000e+00
 0.00000e+00
 0.00000e+00
 0.00000e+00
 0.00000e+00
 0.00000e+00
 0.00000e+00
 0.00000e+00
 0.00000e+00
 0.00000e+00
 0.00000e+00
 0.00000e+00
 0.00000e+00
 0.00000e+00
 0.00000e+00
 0.00000e+00
 0.00000e+00
 0.00000e+00
 0.00000e+00
 0.00000e+00
 0.00000e+00
 0.00000e+00
 0.00000e+00
 0.00000e+00
 0.00000e+00
 0.00000e+00
 0.00000e+00
 0.00000e+00
 0.00000e+00
 0.00000e+00
 0.00000e+00
 0.00000e+00
 0.00000e+00
 0.00000e+00
 0.00000e+00
 0.00000e+00
 0.00000e+00
 0.00000e+00
 0.00000e+00
 0.00000e+00
 0.00000e+00
 0.00000e+00
 0.00000e+00
 0.00000e+00
 0.00000e+00
 0.00000e+00
 0.00000e+00
 0.00000e+00
 0.00000e+00
 0.00000e+00
 0.00000e+00
 0.00000e+00
 0.00000e+00
 0.00000e+00
 0.00000e+00
 0.00000e+00
 0.00000e+00
 0.00000e+00
 0.00000e+00
 0.00000e+00
 0.00000e+00
 0.00000e+00
 0.00000e+00
 0.00000e+00
 0.00000e+00
 0.00000e+00
 0.00000e+00
 0.00000e+00
 0.00000e+00
 0.00000e+00
 0.00000e+00
 0.00000e+00
 0.00000e+00
 0.00000e+00
 0.00000e+00
 0.00000e+00
 0.00000e+00
 0.00000e+00
 0.00000e+00
 0.00000e+00
 0.00000e+00
 0.00000e+00
 0.00000e+00
 0.00000e+00
 0.00000e+00
 0.00000e+00
 0.00000e+00
 0.00000e+00
 0.00000e+00
 0.00000e+00
 0.00000e+00
 0.00000e+00
 0.00000e+00
 0.00000e+00
 0.00000e+00
 0.00000e+00
 0.00000e+00
 0.00000e+00
 0.00000e+00
 0.00000e+00
 0.00000e+00
 0.00000e+00
 0.00000e+00
 0.00000e+00
 0.00000e+00
 0.00000e+00
 0.00000e+00
 0.00000e+00
 0.00000e+00
 0.00000e+00
 0.00000e+00
 0.00000e+00
 0.00000e+00
 0.00000e+00
 0.00000e+00
 0.00000e+00
 0.00000e+00
 0.00000e+00
 0.00000e+00
 0.00000e+00
 0.00000e+00
 0.00000e+00
 0.00000e+00
 0.00000e+00
 0.00000e+00
 0.00000e+00
 0.00000e+00
 0.00000e+00
 0.00000e+00
 0.00000e+00
 0.00000e+00
 0.00000e+00
 0.00000e+00
 0.00000e+00
 0.00000e+00
 0.00000e+00
 0.00000e+00
 0.00000e+00
 0.00000e+00
 0.00000e+00
 0.00000e+00
 0.00000e+00
 0.00000e+00
 0.00000e+00
 0.00000e+00
 0.00000e+00
 0.00000e+00
 0.00000e+00
 0.00000e+00
 0.00000e+00
 0.00000e+00
 0.00000e+00
 0.00000e+00
 0.00000e+00
 0.00000e+00
 0.00000e+00
 0.00000e+00
 0.00000e+00
 0.00000e+00
 0.00000e+00
 0.00000e+00
 0.00000e+00
 0.00000e+00
 0.00000e+00
 0.00000e+00
 0.00000e+00
 0.00000e+00
 0.00000e+00
 0.00000e+00
 0.00000e+00
 0.00000e+00
 0.00000e+00
 0.00000e+00
 0.00000e+00
 0.00000e+00
 0.00000e+00
 0.00000e+00
 0.00000e+00
 0.00000e+00
 0.00000e+00
 0.00000e+00
 0.00000e+00
 0.00000e+00
 0.00000e+00
 0.00000e+00
 0.00000e+00
 0.00000e+00
 0.00000e+00
 0.00000e+00
 0.00000e+00
 0.00000e+00
 0.00000e+00
 0.00000e+00
 0.00000e+00
 0.00000e+00
 0.00000e+00
 0.00000e+00
 0.00000e+00
 0.00000e+00
 0.00000e+00
 0.00000e+00
 0.00000e+00
 0.00000e+00
 0.00000e+00
 0.00000e+00
 0.00000e+00
 0.00000e+00
 0.00000e+00
 0.00000e+00
 0.00000e+00
 0.00000e+00
 0.00000e+00
 0.00000e+00
 0.00000e+00
 0.00000e+00
 0.00000e+00
 0.00000e+00
 0.00000e+00
 0.00000e+00
 0.00000e+00
 0.00000e+00
 0.00000e+00
 0.00000e+00
 0.00000e+00
 0.00000e+00
 0.00000e+00
 0.00000e+00
 0.00000e+00
 0.00000e+00
 0.00000e+00
 0.00000e+00
 0.00000e+00
 0.00000e+00
 0.00000e+00
 0.00000e+00
 0.00000e+00
 0.00000e+00
 0.00000e+00
 0.00000e+00
 0.00000e+00
 0.00000e+00
 0.00000e+00
 0.00000e+00
 0.00000e+00
 0.00000e+00
 0.00000e+00
 0.00000e+00
 0.00000e+00
 0.00000e+00
 0.00000e+00
 0.00000e+00
 0.00000e+00
 0.00000e+00
 0.00000e+00
 0.00000e+00
 0.00000e+00
 0.00000e+00
 0.00000e+00
 0.00000e+00
 0.00000e+00
 0.00000e+00
 0.00000e+00
 0.00000e+00
 0.00000e+00
 0.00000e+00
 0.00000e+00
 0.00000e+00
 0.00000e+00
 0.00000e+00
 0.00000e+00
 0.00000e+00
 0.00000e+00
 0.00000e+00
 0.00000e+00
 0.00000e+00
 0.00000e+00
 0.00000e+00
 0.00000e+00
 0.00000e+00
 0.00000e+00
 0.00000e+00
 0.00000e+00
 0.00000e+00
 0.00000e+00
 0.00000e+00
 0.00000e+00
 0.00000e+00
 0.00000e+00
 0.00000e+00
 0.00000e+00
 0.00000e+00
 0.00000e+00
 0.00000e+00
 0.00000e+00
 0.00000e+00
 0.00000e+00
 0.00000e+00
 0.00000e+00
 0.00000e+00
 0.00000e+00
 0.00000e+00
 0.00000e+00
 0.00000e+00
 0.00000e+00
 0.00000e+00
 0.00000e+00
 0.00000e+00
 0.00000e+00
 0.00000e+00
 0.00000e+00
 0.00000e+00
 0.00000e+00
 0.00000e+00
 0.00000e+00
 0.00000e+00
 0.00000e+00
 0.00000e+00
 0.00000e+00
 0.00000e+00
 0.00000e+00
 0.00000e+00
 0.00000e+00
 0.00000e+00
 0.00000e+00
 0.00000e+00
 0.00000e+00
 0.00000e+00
 0.00000e+00
 0.00000e+00
 0.00000e+00
 0.00000e+00
 0.00000e+00
 0.00000e+00
 0.00000e+00
 0.00000e+00
 0.00000e+00
 0.00000e+00
 0.00000e+00
 0.00000e+00
 0.00000e+00
 0.00000e+00
 0.00000e+00
 0.00000e+00
 0.00000e+00
 0.00000e+00
 0.00000e+00
 0.00000e+00
 0.00000e+00
 0.00000e+00
 0.00000e+00
 0.00000e+00
 0.00000e+00
 0.00000e+00
 0.00000e+00
 0.00000e+00
 0.00000e+00
 0.00000e+00
 0.00000e+00
 0.00000e+00
 0.00000e+00
 0.00000e+00
 0.00000e+00
 0.00000e+00
 0.00000e+00
 0.00000e+00
 0.00000e+00
 0.00000e+00
 0.00000e+00
 0.00000e+00
 0.00000e+00
 0.00000e+00
 0.00000e+00
 0.00000e+00
 0.00000e+00
 0.00000e+00
 0.00000e+00
 0.00000e+00
 0.00000e+00
 0.00000e+00
 0.00000e+00
 0.00000e+00
 0.00000e+00
 0.00000e+00
 0.00000e+00
 0.00000e+00
 0.00000e+00
 0.00000e+00
 0.00000e+00
 0.00000e+00
 0.00000e+00
 0.00000e+00
 0.00000e+00
 0.00000e+00
 0.00000e+00
 0.00000e+00
 0.00000e+00
 0.00000e+00
 0.00000e+00
 0.00000e+00
 0.00000e+00
 0.00000e+00
 0.00000e+00
 0.00000e+00
 0.00000e+00
 0.00000e+00
 0.00000e+00
 0.00000e+00
 0.00000e+00
 0.00000e+00
 0.00000e+00
 0.00000e+00
 0.00000e+00
 0.00000e+00
 0.00000e+00
 0.00000e+00
 0.00000e+00
 0.00000e+00
 0.00000e+00
 0.00000e+00
 0.00000e+00
 0.00000e+00
 0.00000e+00
 0.00000e+00
 0.00000e+00
 0.00000e+00
 0.00000e+00
 0.00000e+00
 0.00000e+00
 0.00000e+00
 0.00000e+00
 0.00000e+00
 0.00000e+00
 0.00000e+00
 0.00000e+00
 0.00000e+00
 0.00000e+00
 0.00000e+00
 0.00000e+00
 0.00000e+00
 0.00000e+00
 0.00000e+00
 0.00000e+00
 0.00000e+00
 0.00000e+00
 0.00000e+00
 0.00000e+00
 0.00000e+00
 0.00000e+00
 0.00000e+00
 0.00000e+00
 0.00000e+00
 0.00000e+00
 0.00000e+00
 0.00000e+00
 0.00000e+00
 0.00000e+00
 0.00000e+00
 0.00000e+00
 0.00000e+00
 0.00000e+00
 0.00000e+00
 0.00000e+00
 0.00000e+00
 0.00000e+00
 0.00000e+00
 0.00000e+00
 0.00000e+00
 0.00000e+00
 0.00000e+00
 0.00000e+00
 0.00000e+00
 0.00000e+00
 0.00000e+00
 0.00000e+00
 0.00000e+00
 0.00000e+00
 0.00000e+00
 0.00000e+00
 0.00000e+00
 0.00000e+00
 0.00000e+00
 0.00000e+00
 0.00000e+00
 0.00000e+00
 0.00000e+00
 0.00000e+00
 0.00000e+00
 0.00000e+00
 0.00000e+00
 0.00000e+00
 0.00000e+00
 0.00000e+00
 0.00000e+00
 0.00000e+00
 0.00000e+00
 0.00000e+00
 0.00000e+00
 0.00000e+00
 0.00000e+00
 0.00000e+00
 0.00000e+00
 0.00000e+00
 0.00000e+00
 0.00000e+00
 0.00000e+00
 0.00000e+00
 0.00000e+00
 0.00000e+00
 0.00000e+00
 0.00000e+00
 0.00000e+00
 0.00000e+00
 0.00000e+00
 0.00000e+00
 0.00000e+00
 0.00000e+00
 0.00000e+00
 0.00000e+00
 0.00000e+00
 0.00000e+00
 0.00000e+00
 0.00000e+00
 0.00000e+00
 0.00000e+00
 0.00000e+00
 0.00000e+00
 0.00000e+00
 0.00000e+00
 0.00000e+00
 0.00000e+00
 0.00000e+00
 0.00000e+00
 0.00000e+00
 0.00000e+00
 0.00000e+00
 0.00000e+00
 0.00000e+00
 0.00000e+00
 0.00000e+00
 0.00000e+00
 0.00000e+00
 0.00000e+00
 0.00000e+00
 0.00000e+00
 0.00000e+00
 0.00000e+00
 0.00000e+00
 0.00000e+00
 0.00000e+00
 0.00000e+00
 0.00000e+00
 0.00000e+00
 0.00000e+00
 0.00000e+00
 0.00000e+00
 0.00000e+00
 0.00000e+00
 0.00000e+00
 0.00000e+00
 0.00000e+00
 0.00000e+00
 0.00000e+00
 0.00000e+00
 0.00000e+00
 0.00000e+00
 0.00000e+00
 0.00000e+00
 0.00000e+00
 0.00000e+00
 0.00000e+00
 0.00000e+00
 0.00000e+00
 0.00000e+00
 0.00000e+00
 0.00000e+00
 0.00000e+00
 0.00000e+00
 0.00000e+00
 0.00000e+00
 0.00000e+00
 0.00000e+00
 0.00000e+00
 0.00000e+00
 0.00000e+00
 0.00000e+00
 0.00000e+00
 0.00000e+00
 0.00000e+00
 0.00000e+00
 0.00000e+00
 0.00000e+00
 0.00000e+00
 0.00000e+00
 0.00000e+00
 0.00000e+00
 0.00000e+00
 0.00000e+00
 0.00000e+00
 0.00000e+00
 0.00000e+00
 0.00000e+00
 0.00000e+00
 0.00000e+00
 0.00000e+00
 0.00000e+00
 0.00000e+00
 0.00000e+00
 0.00000e+00
 0.00000e+00
 0.00000e+00
 0.00000e+00
 0.00000e+00
 0.00000e+00
 0.00000e+00
 0.00000e+00
 0.00000e+00
 0.00000e+00
 0.00000e+00
 0.00000e+00
 0.00000e+00
 0.00000e+00
 0.00000e+00
 0.00000e+00
 0.00000e+00
 0.00000e+00
 0.00000e+00
 0.00000e+00
 0.00000e+00
 0.00000e+00
 0.00000e+00
 0.00000e+00
 0.00000e+00
 0.00000e+00
 0.00000e+00
 0.00000e+00
 0.00000e+00
 0.00000e+00
 0.00000e+00
 0.00000e+00
 0.00000e+00
 0.00000e+00
 0.00000e+00
 0.00000e+00
 0.00000e+00
 0.00000e+00
 0.00000e+00
 0.00000e+00
 0.00000e+00
 0.00000e+00
 0.00000e+00
 0.00000e+00
 0.00000e+00
 0.00000e+00
 0.00000e+00
 0.00000e+00
 0.00000e+00
 0.00000e+00
 0.00000e+00
 0.00000e+00
 0.00000e+00
 0.00000e+00
 0.00000e+00
 0.00000e+00
 0.00000e+00
 0.00000e+00
 0.00000e+00
 0.00000e+00
 0.00000e+00
 0.00000e+00
 0.00000e+00
 0.00000e+00
 0.00000e+00
 0.00000e+00
 0.00000e+00
 0.00000e+00
 0.00000e+00
 0.00000e+00
 0.00000e+00
 0.00000e+00
 0.00000e+00
 0.00000e+00
 0.00000e+00
 0.00000e+00
 0.00000e+00
 0.00000e+00
 0.00000e+00
 0.00000e+00
 0.00000e+00
 0.00000e+00
 0.00000e+00
 0.00000e+00
 0.00000e+00
 0.00000e+00
 0.00000e+00
 0.00000e+00
 0.00000e+00
 0.00000e+00
 0.00000e+00
 0.00000e+00
 0.00000e+00
 0.00000e+00
 0.00000e+00
 0.00000e+00
 0.00000e+00
 0.00000e+00
 0.00000e+00
 0.00000e+00
 0.00000e+00
 0.00000e+00
 0.00000e+00
 0.00000e+00
 0.00000e+00
 0.00000e+00
 0.00000e+00
 0.00000e+00
 0.00000e+00
 0.00000e+00
 0.00000e+00
 0.00000e+00
 0.00000e+00
 0.00000e+00
 0.00000e+00
 0.00000e+00
 0.00000e+00
 0.00000e+00
 0.00000e+00
 0.00000e+00
 0.00000e+00
 0.00000e+00
 0.00000e+00
 0.00000e+00
 0.00000e+00
 0.00000e+00
 0.00000e+00
 0.00000e+00
 0.00000e+00
 0.00000e+00
 0.00000e+00
 0.00000e+00
 0.00000e+00
 0.00000e+00
 0.00000e+00
 0.00000e+00
 0.00000e+00
 0.00000e+00
 0.00000e+00
 0.00000e+00
 0.00000e+00
 0.00000e+00
 0.00000e+00
 0.00000e+00
 0.00000e+00
 0.00000e+00
 0.00000e+00
 0.00000e+00
 0.00000e+00
 0.00000e+00
 0.00000e+00
 0.00000e+00
 0.00000e+00
 0.00000e+00
 0.00000e+00
 0.00000e+00
 0.00000e+00
 0.00000e+00
 0.00000e+00
 0.00000e+00
 0.00000e+00
 0.00000e+00
 0.00000e+00
 0.00000e+00
 0.00000e+00
 0.00000e+00
 0.00000e+00
 0.00000e+00
 0.00000e+00
 0.00000e+00
 0.00000e+00
 0.00000e+00
 0.00000e+00
 0.00000e+00
 0.00000e+00
 0.00000e+00
 0.00000e+00
 0.00000e+00
 0.00000e+00
 0.00000e+00
 0.00000e+00
 0.00000e+00
 0.00000e+00
 0.00000e+00
 0.00000e+00
 0.00000e+00
 0.00000e+00
 0.00000e+00
 0.00000e+00
 0.00000e+00
 0.00000e+00
 0.00000e+00
 0.00000e+00
 0.00000e+00
 0.00000e+00
 0.00000e+00
 0.00000e+00
 0.00000e+00
 0.00000e+00
 0.00000e+00
 0.00000e+00
 0.00000e+00
 0.00000e+00
 0.00000e+00
 0.00000e+00
 0.00000e+00
 0.00000e+00
 0.00000e+00
 0.00000e+00
 0.00000e+00
 0.00000e+00
 0.00000e+00
 0.00000e+00
 0.00000e+00
 0.00000e+00
 0.00000e+00
 0.00000e+00
 0.00000e+00
 0.00000e+00
 0.00000e+00
 0.00000e+00
 0.00000e+00
 0.00000e+00
 0.00000e+00
 0.00000e+00
 0.00000e+00
 0.00000e+00
 0.00000e+00
 0.00000e+00
 0.00000e+00
 0.00000e+00
 0.00000e+00
 0.00000e+00
 0.00000e+00
 0.00000e+00
 0.00000e+00
 0.00000e+00
 0.00000e+00
 0.00000e+00
 0.00000e+00
 0.00000e+00
 0.00000e+00
 0.00000e+00
 0.00000e+00
 0.00000e+00
 0.00000e+00
 0.00000e+00
 0.00000e+00
 0.00000e+00
 0.00000e+00
 0.00000e+00
 0.00000e+00
 0.00000e+00
 0.00000e+00
 0.00000e+00
 0.00000e+00
 0.00000e+00
 0.00000e+00
 0.00000e+00
 0.00000e+00
 0.00000e+00
 0.00000e+00
 0.00000e+00
 0.00000e+00
 0.00000e+00
 0.00000e+00
 0.00000e+00
 0.00000e+00
 0.00000e+00
 0.00000e+00
 0.00000e+00
 0.00000e+00
 0.00000e+00
 0.00000e+00
 0.00000e+00
 0.00000e+00
 0.00000e+00
 0.00000e+00
 0.00000e+00
 0.00000e+00
 0.00000e+00
 0.00000e+00
part
         8
coordinates
 0.00000e+00
 0.00000e+00
 0.00000e+00
 0.00000e+00
 0.00000e+00
 0.00000e+00
 0.00000e+00
 0.00000e+00
 0.00000e+00
 0.00000e+00
 0.00000e+00
 0.00000e+00
 0.00000e+00
 0.00000e+00
 0.00000e+00
 0.00000e+00
 0.00000e+00
 0.00000e+00
 0.00000e+00
 0.00000e+00
 0.00000e+00
 0.00000e+00
 0.00000e+00
 0.00000e+00
 0.00000e+00
 0.00000e+00
 0.00000e+00
 0.00000e+00
 0.00000e+00
 0.00000e+00
 0.00000e+00
 0.00000e+00
 0.00000e+00
 0.00000e+00
 0.00000e+00
 0.00000e+00
 0.00000e+00
 0.00000e+00
 0.00000e+00
 0.00000e+00
 0.00000e+00
 0.00000e+00
 0.00000e+00
 0.00000e+00
 0.00000e+00
 0.00000e+00
 0.00000e+00
 0.00000e+00
 0.00000e+00
 0.00000e+00
 0.00000e+00
 0.00000e+00
 0.00000e+00
 0.00000e+00
 0.00000e+00
 0.00000e+00
 0.00000e+00
 0.00000e+00
 0.00000e+00
 0.00000e+00
 0.00000e+00
 0.00000e+00
 0.00000e+00
 0.00000e+00
 0.00000e+00
 0.00000e+00
 0.00000e+00
 0.00000e+00
 0.00000e+00
 0.00000e+00
 0.00000e+00
 0.00000e+00
 0.00000e+00
 0.00000e+00
 0.00000e+00
 0.00000e+00
 0.00000e+00
 0.00000e+00
 0.00000e+00
 0.00000e+00
 0.00000e+00
 0.00000e+00
 0.00000e+00
 0.00000e+00
 0.00000e+00
 0.00000e+00
 0.00000e+00
 0.00000e+00
 0.00000e+00
 0.00000e+00
 0.00000e+00
 0.00000e+00
 0.00000e+00
 0.00000e+00
 0.00000e+00
 0.00000e+00
 0.00000e+00
 0.00000e+00
 0.00000e+00
 0.00000e+00
 0.00000e+00
 0.00000e+00
 0.00000e+00
 0.00000e+00
 0.00000e+00
 0.00000e+00
 0.00000e+00
 0.00000e+00
 0.00000e+00
 0.00000e+00
 0.00000e+00
 0.00000e+00
 0.00000e+00
 0.00000e+00
 0.00000e+00
 0.00000e+00
 0.00000e+00
 0.00000e+00
 0.00000e+00
 0.00000e+00
 0.00000e+00
 0.00000e+00
 0.00000e+00
 0.00000e+00
 0.00000e+00
 0.00000e+00
 0.00000e+00
 0.00000e+00
 0.00000e+00
 0.00000e+00
 0.00000e+00
 0.00000e+00
 0.00000e+00
 0.00000e+00
 0.00000e+00
 0.00000e+00
 0.00000e+00
 0.00000e+00
 0.00000e+00
 0.00000e+00
 0.00000e+00
 0.00000e+00
 0.00000e+00
 0.00000e+00
 0.00000e+00
 0.00000e+00
 0.00000e+00
 0.00000e+00
 0.00000e+00
 0.00000e+00
 0.00000e+00
 0.00000e+00
 0.00000e+00
 0.00000e+00
 0.00000e+00
 0.00000e+00
 0.00000e+00
 0.00000e+00
 0.00000e+00
 0.00000e+00
 0.00000e+00
 0.00000e+00
 0.00000e+00
 0.00000e+00
 0.00000e+00
 0.00000e+00
 0.00000e+00
 0.00000e+00
 0.00000e+00
 0.00000e+00
 0.00000e+00
 0.00000e+00
 0.00000e+00
 0.00000e+00
 0.00000e+00
 0.00000e+00
 0.00000e+00
 0.00000e+00
 0.00000e+00
 0.00000e+00
 0.00000e+00
 0.00000e+00
 0.00000e+00
 0.00000e+00
 0.00000e+00
 0.00000e+00
 0.00000e+00
 0.00000e+00
 0.00000e+00
 0.00000e+00
 0.00000e+00
 0.00000e+00
 0.00000e+00
 0.00000e+00
 0.00000e+00
 0.00000e+00
 0.00000e+00
 0.00000e+00
 0.00000e+00
 0.00000e+00
 0.00000e+00
 0.00000e+00
 0.00000e+00
 0.00000e+00
 0.00000e+00
 0.00000e+00
 0.00000e+00
 0.00000e+00
 0.00000e+00
 0.00000e+00
 0.00000e+00
 0.00000e+00
 0.00000e+00
 0.00000e+00
 0.00000e+00
 0.00000e+00
 0.00000e+00
 0.00000e+00
 0.00000e+00
 0.00000e+00
 0.00000e+00
 0.00000e+00
 0.00000e+00
 0.00000e+00
 0.00000e+00
 0.00000e+00
 0.00000e+00
 0.00000e+00
 0.00000e+00
 0.00000e+00
 0.00000e+00
 0.00000e+00
 0.00000e+00
 0.00000e+00
 0.00000e+00
 0.00000e+00
 0.00000e+00
 0.00000e+00
 0.00000e+00
 0.00000e+00
 0.00000e+00
 0.00000e+00
 0.00000e+00
 0.00000e+00
 0.00000e+00
 0.00000e+00
 0.00000e+00
 0.00000e+00
 0.00000e+00
 0.00000e+00
 0.00000e+00
 0.00000e+00
 0.00000e+00
 0.00000e+00
 0.00000e+00
 0.00000e+00
 0.00000e+00
 0.00000e+00
 0.00000e+00
 0.00000e+00
 0.00000e+00
 0.00000e+00
 0.00000e+00
 0.00000e+00
 0.00000e+00
 0.00000e+00
 0.00000e+00
 0.00000e+00
 0.00000e+00
 0.00000e+00
 0.00000e+00
 0.00000e+00
 0.00000e+00
 0.00000e+00
 0.00000e+00
 0.00000e+00
 0.00000e+00
 0.00000e+00
 0.00000e+00
 0.00000e+00
 0.00000e+00
 0.00000e+00
 0.00000e+00
 0.00000e+00
 0.00000e+00
 0.00000e+00
 0.00000e+00
 0.00000e+00
 0.00000e+00
 0.00000e+00
 0.00000e+00
 0.00000e+00
 0.00000e+00
 0.00000e+00
 0.00000e+00
 0.00000e+00
 0.00000e+00
 0.00000e+00
 0.00000e+00
 0.00000e+00
 0.00000e+00
 0.00000e+00
 0.00000e+00
 0.00000e+00
 0.00000e+00
 0.00000e+00
 0.00000e+00
 0.00000e+00
 0.00000e+00
 0.00000e+00
 0.00000e+00
 0.00000e+00
 0.00000e+00
 0.00000e+00
 0.00000e+00
 0.00000e+00
 0.00000e+00
 0.00000e+00
 0.00000e+00
 0.00000e+00
 0.00000e+00
 0.00000e+00
 0.00000e+00
 0.00000e+00
 0.00000e+00
 0.00000e+00
 0.00000e+00
 0.00000e+00
 0.00000e+00
 0.00000e+00
 0.00000e+00
 0.00000e+00
 0.00000e+00
 0.00000e+00
 0.00000e+00
 0.00000e+00
 0.00000e+00
 0.00000e+00
 0.00000e+00
 0.00000e+00
 0.00000e+00
 0.00000e+00
 0.00000e+00
 0.00000e+00
 0.00000e+00
 0.00000e+00
 0.00000e+00
 0.00000e+00
 0.00000e+00
 0.00000e+00
 0.00000e+00
 0.00000e+00
 0.00000e+00
 0.00000e+00
 0.00000e+00
 0.00000e+00
 0.00000e+00
 0.00000e+00
 0.00000e+00
 0.00000e+00
 0.00000e+00
 0.00000e+00
 0.00000e+00
 0.00000e+00
 0.00000e+00
 0.00000e+00
 0.00000e+00
 0.00000e+00
 0.00000e+00
 0.00000e+00
 0.00000e+00
 0.00000e+00
 0.00000e+00
 0.00000e+00
 0.00000e+00
 0.00000e+00
 0.00000e+00
 0.00000e+00
 0.00000e+00
 0.00000e+00
 0.00000e+00
 0.00000e+00
 0.00000e+00
 0.00000e+00
 0.00000e+00
 0.00000e+00
 0.00000e+00
 0.00000e+00
 0.00000e+00
 0.00000e+00
 0.00000e+00
 0.00000e+00
 0.00000e+00
 0.00000e+00
 0.00000e+00
 0.00000e+00
 0.00000e+00
 0.00000e+00
 0.00000e+00
 0.00000e+00
 0.00000e+00
 0.00000e+00
 0.00000e+00
 0.00000e+00
 0.00000e+00
 0.00000e+00
 0.00000e+00
 0.00000e+00
 0.00000e+00
 0.00000e+00
 0.00000e+00
 0.00000e+00
 0.00000e+00
 0.00000e+00
 0.00000e+00
 0.00000e+00
 0.00000e+00
 0.00000e+00
 0.00000e+00
 0.00000e+00
 0.00000e+00
 0.00000e+00
 0.00000e+00
 0.00000e+00
 0.00000e+00
 0.00000e+00
 0.00000e+00
 0.00000e+00
 0.00000e+00
 0.00000e+00
 0.00000e+00
 0.00000e+00
 0.00000e+00
 0.00000e+00
 0.00000e+00
 0.00000e+00
 0.00000e+00
 0.00000e+00
 0.00000e+00
 0.00000e+00
 0.00000e+00
 0.00000e+00
 0.00000e+00
 0.00000e+00
 0.00000e+00
 0.00000e+00
 0.00000e+00
 0.00000e+00
 0.00000e+00
 0.00000e+00
 0.00000e+00
 0.00000e+00
 0.00000e+00
 0.00000e+00
 0.00000e+00
 0.00000e+00
 0.00000e+00
 0.00000e+00
 0.00000e+00
 0.00000e+00
 0.00000e+00
 0.00000e+00
 0.00000e+00
 0.00000e+00
 0.00000e+00
 0.00000e+00
 0.00000e+00
 0.00000e+00
 0.00000e+00
 0.00000e+00
 0.00000e+00
 0.00000e+00
 0.00000e+00
 0.00000e+00
 0.00000e+00
 0.00000e+00
 0.00000e+00
 0.00000e+00
 0.00000e+00
 0.00000e+00
 0.00000e+00
 0.00000e+00
 0.00000e+00
 0.00000e+00
 0.00000e+00
 0.00000e+00
 0.00000e+00
 0.00000e+00
 0.00000e+00
 0.00000e+00
 0.00000e+00
 0.00000e+00
 0.00000e+00
 0.00000e+00
 0.00000e+00
 0.00000e+00
 0.00000e+00
 0.00000e+00
 0.00000e+00
 0.00000e+00
 0.00000e+00
 0.00000e+00
 0.00000e+00
 0.00000e+00
 0.00000e+00
 0.00000e+00
 0.00000e+00
 0.00000e+00
 0.00000e+00
 0.00000e+00
 0.00000e+00
 0.00000e+00
 0.00000e+00
 0.00000e+00
 0.00000e+00
 0.00000e+00
 0.00000e+00
 0.00000e+00
 0.00000e+00
 0.00000e+00
 0.00000e+00
 0.00000e+00
 0.00000e+00
 0.00000e+00
 0.00000e+00
 0.00000e+00
 0.00000e+00
 0.00000e+00
 0.00000e+00
 0.00000e+00
 0.00000e+00
 0.00000e+00
 0.00000e+00
 0.00000e+00
 0.00000e+00
 0.00000e+00
 0.00000e+00
 0.00000e+00
 0.00000e+00
 0.00000e+00
 0.00000e+00
 0.00000e+00
 0.00000e+00
 0.00000e+00
 0.00000e+00
 0.00000e+00
 0.00000e+00
 0.00000e+00
 0.00000e+00
 0.00000e+00
 0.00000e+00
 0.00000e+00
 0.00000e+00
 0.00000e+00
 0.00000e+00
 0.00000e+00
 0.00000e+00
 0.00000e+00
 0.00000e+00
 0.00000e+00
 0.00000e+00
 0.00000e+00
 0.00000e+00
 0.00000e+00
 0.00000e+00
 0.00000e+00
 0.00000e+00
 0.00000e+00
 0.00000e+00
 0.00000e+00
 0.00000e+00
 0.00000e+00
 0.00000e+00
 0.00000e+00
 0.00000e+00
 0.00000e+00
 0.00000e+00
 0.00000e+00
 0.00000e+00
 0.00000e+00
 0.00000e+00
 0.00000e+00
 0.00000e+00
 0.00000e+00
 0.00000e+00
 0.00000e+00
 0.00000e+00
 0.00000e+00
 0.00000e+00
 0.00000e+00
 0.00000e+00
 0.00000e+00
 0.00000e+00
 0.00000e+00
 0.00000e+00
 0.00000e+00
 0.00000e+00
 0.00000e+00
 0.00000e+00
 0.00000e+00
 0.00000e+00
 0.00000e+00
 0.00000e+00
 0.00000e+00
 0.00000e+00
 0.00000e+00
 0.00000e+00
 0.00000e+00
 0.00000e+00
 0.00000e+00
 0.00000e+00
 0.00000e+00
 0.00000e+00
 0.00000e+00
 0.00000e+00
 0.00000e+00
 0.00000e+00
 0.00000e+00
 0.00000e+00
 0.00000e+00
 0.00000e+00
 0.00000e+00
 0.00000e+00
 0.00000e+00
 0.00000e+00
 0.00000e+00
 0.00000e+00
 0.00000e+00
 0.00000e+00
 0.00000e+00
 0.00000e+00
 0.00000e+00
 0.00000e+00
 0.00000e+00
 0.00000e+00
 0.00000e+00
 0.00000e+00
 0.00000e+00
 0.00000e+00
 0.00000e+00
 0.00000e+00
 0.00000e+00
 0.00000e+00
 0.00000e+00
 0.00000e+00
 0.00000e+00
 0.00000e+00
 0.00000e+00
 0.00000e+00
 0.00000e+00
 0.00000e+00
 0.00000e+00
 0.00000e+00
 0.00000e+00
 0.00000e+00
 0.00000e+00
 0.00000e+00
 0.00000e+00
 0.00000e+00
 0.00000e+00
 0.00000e+00
 0.00000e+00
 0.00000e+00
 0.00000e+00
 0.00000e+00
 0.00000e+00
 0.00000e+00
 0.00000e+00
 0.00000e+00
 0.00000e+00
 0.00000e+00
 0.00000e+00
 0.00000e+00
 0.00000e+00
 0.00000e+00
 0.00000e+00
 0.00000e+00
 0.00000e+00
 0.00000e+00
 0.00000e+00
 0.00000e+00
 0.00000e+00
 0.00000e+00
 0.00000e+00
 0.00000e+00
 0.00000e+00
 0.00000e+00
 0.00000e+00
 0.00000e+00
 0.00000e+00
 0.00000e+00
 0.00000e+00
 0.00000e+00
 0.00000e+00
 0.00000e+00
 0.00000e+00
 0.00000e+00
 0.00000e+00
 0.00000e+00
 0.00000e+00
 0.00000e+00
 0.00000e+00
 0.00000e+00
 0.00000e+00
 0.00000e+00
 0.00000e+00
 0.00000e+00
 0.00000e+00
 0.00000e+00
 0.00000e+00
 0.00000e+00
 0.00000e+00
 0.00000e+00
 0.00000e+00
 0.00000e+00
 0.00000e+00
 0.00000e+00
 0.00000e+00
 0.00000e+00
 0.00000e+00
 0.00000e+00
 0.00000e+00
 0.00000e+00
 0.00000e+00
 0.00000e+00
 0.00000e+00
 0.00000e+00
 0.00000e+00
 0.00000e+00
 0.00000e+00
 0.00000e+00
 0.00000e+00
 0.00000e+00
 0.00000e+00
 0.00000e+00
 0.00000e+00
 0.00000e+00
 0.00000e+00
 0.00000e+00
 0.00000e+00
 0.00000e+00
 0.00000e+00
 0.00000e+00
 0.00000e+00
 0.00000e+00
 0.00000e+00
 0.00000e+00
 0.00000e+00
 0.00000e+00
 0.00000e+00
 0.00000e+00
 0.00000e+00
 0.00000e+00
 0.00000e+00
 0.00000e+00
 0.00000e+00
 0.00000e+00
 0.00000e+00
 0.00000e+00
 0.00000e+00
 0.00000e+00
 0.00000e+00
 0.00000e+00
 0.00000e+00
 0.00000e+00
 0.00000e+00
 0.00000e+00
 0.00000e+00
 0.00000e+00
 0.00000e+00
 0.00000e+00
 0.00000e+00
 0.00000e+00
 0.00000e+00
 0.00000e+00
 0.00000e+00
 0.00000e+00
 0.00000e+00
 0.00000e+00
 0.00000e+00
 0.00000e+00
 0.00000e+00
 0.00000e+00
 0.00000e+00
 0.00000e+00
 0.00000e+00
 0.00000e+00
 0.00000e+00
 0.00000e+00
 0.00000e+00
 0.00000e+00
 0.00000e+00
 0.00000e+00
 0.00000e+00
 0.00000e+00
 0.00000e+00
 0.00000e+00
 0.00000e+00
 0.00000e+00
 0.00000e+00
 0.00000e+00
 0.00000e+00
 0.00000e+00
 0.00000e+00
 0.00000e+00
 0.00000e+00
 0.00000e+00
 0.00000e+00
 0.00000e+00
 0.00000e+00
 0.00000e+00
 0.00000e+00
 0.00000e+00
 0.00000e+00
 0.00000e+00
 0.00000e+00
 0.00000e+00
 0.00000e+00
 0.00000e+00
 0.00000e+00
 0.00000e+00
 0.00000e+00
 0.00000e+00
 0.00000e+00
 0.00000e+00
 0.00000e+00
 0.00000e+00
 0.00000e+00
 0.00000e+00
 0.00000e+00
 0.00000e+00
 0.00000e+00
 0.00000e+00
 0.00000e+00
 0.00000e+00
 0.00000e+00
 0.00000e+00
 0.00000e+00
 0.00000e+00
 0.00000e+00
 0.00000e+00
 0.00000e+00
 0.00000e+00
 0.00000e+00
 0.00000e+00
 0.00000e+00
 0.00000e+00
 0.00000e+00
 0.00000e+00
 0.00000e+00
 0.00000e+00
 0.00000e+00
 0.00000e+00
 0.00000e+00
 0.00000e+00
 0.00000e+00
 0.00000e+00
 0.00000e+00
 0.00000e+00
 0.00000e+00
 0.00000e+00
 0.00000e+00
 0.00000e+00
 0.00000e+00
 0.00000e+00
 0.00000e+00
 0.00000e+00
 0.00000e+00
 0.00000e+00
 0.00000e+00
 0.00000e+00
 0.00000e+00
 0.00000e+00
 0.00000e+00
 0.00000e+00
 0.00000e+00
 0.00000e+00
 0.00000e+00
 0.00000e+00
 0.00000e+00
 0.00000e+00
 0.00000e+00
 0.00000e+00
 0.00000e+00
 0.00000e+00
 0.00000e+00
 0.00000e+00
 0.00000e+00
 0.00000e+00
 0.00000e+00
 0.00000e+00
 0.00000e+00
 0.00000e+00
 0.00000e+00
 0.00000e+00
 0.00000e+00
