Density
part
         1
hexa8
 1.00000e+00
 1.00000e+00
 1.00000e+00
 1.00000e+00
 1.00000e+00
 1.00000e+00
 1.00000e+00
 1.00000e+00
 1.00000e+00
 1.00000e+00
 1.00000e+00
 1.00000e+00
 1.00000e+00
 1.00000e+00
 1.00000e+00
 1.00000e+00
 1.00000e+00
 1.00000e+00
 1.00000e+00
 1.00000e+00
 1.00000e+00
 1.00000e+00
 1.00000e+00
 1.00000e+00
 1.00000e+00
 1.00000e+00
 1.00000e+00
 1.00000e+00
 1.00000e+00
 1.00000e+00
 1.00000e+00
 1.00000e+00
 1.00000e+00
 1.00000e+00
 1.00000e+00
 1.00000e+00
 1.00000e+00
 1.00000e+00
 1.00000e+00
 1.00000e+00
 1.00000e+00
 1.00000e+00
 1.00000e+00
 1.00000e+00
 1.00000e+00
 1.00000e+00
 1.00000e+00
 1.00000e+00
 1.00000e+00
 1.00000e+00
 1.00000e+00
 1.00000e+00
 1.00000e+00
 1.00000e+00
 1.00000e+00
 1.00000e+00
 1.00000e+00
 1.00000e+00
 1.00000e+00
 1.00000e+00
 1.00000e+00
 1.00000e+00
 1.00000e+00
 1.00000e+00
 1.00000e+00
 1.00000e+00
 1.00000e+00
 1.00000e+00
 1.00000e+00
 1.00000e+00
 1.00000e+00
 1.00000e+00
 1.00000e+00
 1.00000e+00
 1.00000e+00
 1.00000e+00
 1.00000e+00
 1.00000e+00
 1.00000e+00
 1.00000e+00
 1.00000e+00
 1.00000e+00
 1.00000e+00
 1.00000e+00
 1.00000e+00
 1.00000e+00
 1.00000e+00
 1.00000e+00
 1.00000e+00
 1.00000e+00
 1.00000e+00
 1.00000e+00
 1.00000e+00
 1.00000e+00
 1.00000e+00
 1.00000e+00
 1.00000e+00
 1.00000e+00
 1.00000e+00
 1.00000e+00
 1.00000e+00
 1.00000e+00
 1.00000e+00
 1.00000e+00
 1.00000e+00
 1.00000e+00
 1.00000e+00
 1.00000e+00
 1.00000e+00
 1.00000e+00
 1.00000e+00
 1.00000e+00
 1.00000e+00
 1.00000e+00
 1.00000e+00
 1.00000e+00
 1.00000e+00
 1.00000e+00
 1.00000e+00
 1.00000e+00
 1.00000e+00
 1.00000e+00
 1.00000e+00
 1.00000e+00
 1.00000e+00
part
         2
hexa8
 1.00000e+00
 1.00000e+00
 9.99999e-01
 9.99993e-01
 9.99957e-01
 9.99780e-01
 9.99024e-01
 9.96371e-01
 9.88897e-01
 9.72394e-01
 9.43939e-01
 9.04388e-01
 8.57255e-01
 8.05807e-01
 7.51914e-01
 6.96458e-01
 6.39915e-01
 5.82720e-01
 5.25626e-01
 4.70570e-01
 4.23637e-01
 4.03656e-01
 4.11289e-01
 4.18539e-01
 4.22301e-01
 1.00000e+00
 1.00000e+00
 9.99999e-01
 9.99993e-01
 9.99957e-01
 9.99780e-01
 9.99024e-01
 9.96371e-01
 9.88897e-01
 9.72394e-01
 9.43939e-01
 9.04388e-01
 8.57255e-01
 8.05807e-01
 7.51914e-01
 6.96458e-01
 6.39915e-01
 5.82720e-01
 5.25626e-01
 4.70570e-01
 4.23637e-01
 4.03656e-01
 4.11289e-01
 4.18539e-01
 4.22301e-01
 1.00000e+00
 1.00000e+00
 9.99999e-01
 9.99993e-01
 9.99957e-01
 9.99780e-01
 9.99024e-01
 9.96371e-01
 9.88897e-01
 9.72394e-01
 9.43939e-01
 9.04388e-01
 8.57255e-01
 8.05807e-01
 7.51914e-01
 6.96458e-01
 6.39915e-01
 5.82720e-01
 5.25626e-01
 4.70570e-01
 4.23637e-01
 4.03656e-01
 4.11289e-01
 4.18539e-01
 4.22301e-01
 1.00000e+00
 1.00000e+00
 9.99999e-01
 9.99993e-01
 9.99957e-01
 9.99780e-01
 9.99024e-01
 9.96371e-01
 9.88897e-01
 9.72394e-01
 9.43939e-01
 9.04388e-01
 8.57255e-01
 8.05807e-01
 7.51914e-01
 6.96458e-01
 6.39915e-01
 5.82720e-01
 5.25626e-01
 4.70570e-01
 4.23637e-01
 4.03656e-01
 4.11289e-01
 4.18539e-01
 4.22301e-01
 1.00000e+00
 1.00000e+00
 9.99999e-01
 9.99993e-01
 9.99957e-01
 9.99780e-01
 9.99024e-01
 9.96371e-01
 9.88897e-01
 9.72394e-01
 9.43939e-01
 9.04388e-01
 8.57255e-01
 8.05807e-01
 7.51914e-01
 6.96458e-01
 6.39915e-01
 5.82720e-01
 5.25626e-01
 4.70570e-01
 4.23637e-01
 4.03656e-01
 4.11289e-01
 4.18539e-01
 4.22301e-01
part
         3
hexa8
 2.34444e-01
 2.41577e-01
 2.46609e-01
 2.50271e-01
 2.52984e-01
 2.55017e-01
 2.56546e-01
 2.57679e-01
 2.58474e-01
 2.58939e-01
 2.59036e-01
 2.58667e-01
 2.57676e-01
 2.55846e-01
 2.52908e-01
 2.48583e-01
 2.42630e-01
 2.34914e-01
 2.25465e-01
 2.14502e-01
 2.02429e-01
 1.89793e-01
 1.77209e-01
 1.65293e-01
 1.54586e-01
 2.34444e-01
 2.41577e-01
 2.46609e-01
 2.50271e-01
 2.52984e-01
 2.55017e-01
 2.56546e-01
 2.57679e-01
 2.58474e-01
 2.58939e-01
 2.59036e-01
 2.58667e-01
 2.57676e-01
 2.55846e-01
 2.52908e-01
 2.48583e-01
 2.42630e-01
 2.34914e-01
 2.25465e-01
 2.14502e-01
 2.02429e-01
 1.89793e-01
 1.77209e-01
 1.65293e-01
 1.54586e-01
 2.34444e-01
 2.41577e-01
 2.46609e-01
 2.50271e-01
 2.52984e-01
 2.55017e-01
 2.56546e-01
 2.57679e-01
 2.58474e-01
 2.58939e-01
 2.59036e-01
 2.58667e-01
 2.57676e-01
 2.55846e-01
 2.52908e-01
 2.48583e-01
 2.42630e-01
 2.34914e-01
 2.25465e-01
 2.14502e-01
 2.02429e-01
 1.89793e-01
 1.77209e-01
 1.65293e-01
 1.54586e-01
 2.34444e-01
 2.41577e-01
 2.46609e-01
 2.50271e-01
 2.52984e-01
 2.55017e-01
 2.56546e-01
 2.57679e-01
 2.58474e-01
 2.58939e-01
 2.59036e-01
 2.58667e-01
 2.57676e-01
 2.55846e-01
 2.52908e-01
 2.48583e-01
 2.42630e-01
 2.34914e-01
 2.25465e-01
 2.14502e-01
 2.02429e-01
 1.89793e-01
 1.77209e-01
 1.65293e-01
 1.54586e-01
 2.34444e-01
 2.41577e-01
 2.46609e-01
 2.50271e-01
 2.52984e-01
 2.55017e-01
 2.56546e-01
 2.57679e-01
 2.58474e-01
 2.58939e-01
 2.59036e-01
 2.58667e-01
 2.57676e-01
 2.55846e-01
 2.52908e-01
 2.48583e-01
 2.42630e-01
 2.34914e-01
 2.25465e-01
 2.14502e-01
 2.02429e-01
 1.89793e-01
 1.77209e-01
 1.65293e-01
 1.54586e-01
part
         4
hexa8
 1.45497e-01
 1.38270e-01
 1.32950e-01
 1.29382e-01
 1.27227e-01
 1.26057e-01
 1.25476e-01
 1.25207e-01
 1.25088e-01
 1.25036e-01
 1.25015e-01
 1.25006e-01
 1.25002e-01
 1.25001e-01
 1.25000e-01
 1.25000e-01
 1.25000e-01
 1.25000e-01
 1.25000e-01
 1.25000e-01
 1.25000e-01
 1.25000e-01
 1.25000e-01
 1.25000e-01
 1.25000e-01
 1.45497e-01
 1.38270e-01
 1.32950e-01
 1.29382e-01
 1.27227e-01
 1.26057e-01
 1.25476e-01
 1.25207e-01
 1.25088e-01
 1.25036e-01
 1.25015e-01
 1.25006e-01
 1.25002e-01
 1.25001e-01
 1.25000e-01
 1.25000e-01
 1.25000e-01
 1.25000e-01
 1.25000e-01
 1.25000e-01
 1.25000e-01
 1.25000e-01
 1.25000e-01
 1.25000e-01
 1.25000e-01
 1.45497e-01
 1.38270e-01
 1.32950e-01
 1.29382e-01
 1.27227e-01
 1.26057e-01
 1.25476e-01
 1.25207e-01
 1.25088e-01
 1.25036e-01
 1.25015e-01
 1.25006e-01
 1.25002e-01
 1.25001e-01
 1.25000e-01
 1.25000e-01
 1.25000e-01
 1.25000e-01
 1.25000e-01
 1.25000e-01
 1.25000e-01
 1.25000e-01
 1.25000e-01
 1.25000e-01
 1.25000e-01
 1.45497e-01
 1.38270e-01
 1.32950e-01
 1.29382e-01
 1.27227e-01
 1.26057e-01
 1.25476e-01
 1.25207e-01
 1.25088e-01
 1.25036e-01
 1.25015e-01
 1.25006e-01
 1.25002e-01
 1.25001e-01
 1.25000e-01
 1.25000e-01
 1.25000e-01
 1.25000e-01
 1.25000e-01
 1.25000e-01
 1.25000e-01
 1.25000e-01
 1.25000e-01
 1.25000e-01
 1.25000e-01
 1.45497e-01
 1.38270e-01
 1.32950e-01
 1.29382e-01
 1.27227e-01
 1.26057e-01
 1.25476e-01
 1.25207e-01
 1.25088e-01
 1.25036e-01
 1.25015e-01
 1.25006e-01
 1.25002e-01
 1.25001e-01
 1.25000e-01
 1.25000e-01
 1.25000e-01
 1.25000e-01
 1.25000e-01
 1.25000e-01
 1.25000e-01
 1.25000e-01
 1.25000e-01
 1.25000e-01
 1.25000e-01
